,Source,Location ID,City,State,Country,Latitude,Longitude,Time Zone,Elevation,Local Time Zone,Clearsky DHI Units,Clearsky DNI Units,Clearsky GHI Units,Dew Point Units,DHI Units,DNI Units,GHI Units,Solar Zenith Angle Units,Temperature Units,Pressure Units,Relative Humidity Units,Precipitable Water Units,Wind Direction Units,Wind Speed Units,Cloud Type -15,Cloud Type 0,Cloud Type 1,Cloud Type 2,Cloud Type 3,Cloud Type 4,Cloud Type 5,Cloud Type 6,Cloud Type 7,Cloud Type 8,Cloud Type 9,Cloud Type 10,Cloud Type 11,Cloud Type 12,Fill Flag 0,Fill Flag 1,Fill Flag 2,Fill Flag 3,Fill Flag 4,Fill Flag 5,Surface Albedo Units,Version
0,NSRDB,680197,-,-,-,51.77,11.5,1,144,1,w/m2,w/m2,w/m2,c,w/m2,w/m2,w/m2,Degree,c,mbar,%,cm,Degrees,m/s,,Clear,Probably Clear,Fog,Water,Super-Cooled Water,Mixed,Opaque Ice,Cirrus,Overlapping,Overshooting,Unknown,Dust,Smoke,,Missing Image,Low Irradiance,Exceeds Clearsky,Missing CLoud Properties,Rayleigh Violation,,unknown
1,Year,Month,Day,Hour,Minute,Temperature,DHI,DNI,GHI,Wind Speed,,,,,,,,,,,,,,,,,,,,,,,,,,,,,,,,,,,,
2,2019,1,1,0,0,1.4000000000000001,0,0,0,2.6,,,,,,,,,,,,,,,,,,,,,,,,,,,,,,,,,,,,
3,2019,1,1,0,15,1.4000000000000001,0,0,0,2.6,,,,,,,,,,,,,,,,,,,,,,,,,,,,,,,,,,,,
4,2019,1,1,0,30,1.4000000000000001,0,0,0,2.6,,,,,,,,,,,,,,,,,,,,,,,,,,,,,,,,,,,,
5,2019,1,1,0,45,1.4000000000000001,0,0,0,2.6,,,,,,,,,,,,,,,,,,,,,,,,,,,,,,,,,,,,
6,2019,1,1,1,0,6.1000000000000005,0,0,0,4.2,,,,,,,,,,,,,,,,,,,,,,,,,,,,,,,,,,,,
7,2019,1,1,1,15,6.1000000000000005,0,0,0,4.2,,,,,,,,,,,,,,,,,,,,,,,,,,,,,,,,,,,,
8,2019,1,1,1,30,6.1000000000000005,0,0,0,4.3,,,,,,,,,,,,,,,,,,,,,,,,,,,,,,,,,,,,
9,2019,1,1,1,45,6.1000000000000005,0,0,0,4.3,,,,,,,,,,,,,,,,,,,,,,,,,,,,,,,,,,,,
10,2019,1,1,2,0,6.1000000000000005,0,0,0,4.4,,,,,,,,,,,,,,,,,,,,,,,,,,,,,,,,,,,,
11,2019,1,1,2,15,6.2,0,0,0,4.5,,,,,,,,,,,,,,,,,,,,,,,,,,,,,,,,,,,,
12,2019,1,1,2,30,6.2,0,0,0,4.6000000000000005,,,,,,,,,,,,,,,,,,,,,,,,,,,,,,,,,,,,
13,2019,1,1,2,45,6.2,0,0,0,4.800000000000001,,,,,,,,,,,,,,,,,,,,,,,,,,,,,,,,,,,,
14,2019,1,1,3,0,6.300000000000001,0,0,0,4.9,,,,,,,,,,,,,,,,,,,,,,,,,,,,,,,,,,,,
15,2019,1,1,3,15,6.300000000000001,0,0,0,5,,,,,,,,,,,,,,,,,,,,,,,,,,,,,,,,,,,,
16,2019,1,1,3,30,6.300000000000001,0,0,0,5.1000000000000005,,,,,,,,,,,,,,,,,,,,,,,,,,,,,,,,,,,,
17,2019,1,1,3,45,6.300000000000001,0,0,0,5.2,,,,,,,,,,,,,,,,,,,,,,,,,,,,,,,,,,,,
18,2019,1,1,4,0,6.300000000000001,0,0,0,5.300000000000001,,,,,,,,,,,,,,,,,,,,,,,,,,,,,,,,,,,,
19,2019,1,1,4,15,6.300000000000001,0,0,0,5.5,,,,,,,,,,,,,,,,,,,,,,,,,,,,,,,,,,,,
20,2019,1,1,4,30,6.2,0,0,0,5.7,,,,,,,,,,,,,,,,,,,,,,,,,,,,,,,,,,,,
21,2019,1,1,4,45,6.2,0,0,0,5.800000000000001,,,,,,,,,,,,,,,,,,,,,,,,,,,,,,,,,,,,
22,2019,1,1,5,0,6.2,0,0,0,6,,,,,,,,,,,,,,,,,,,,,,,,,,,,,,,,,,,,
23,2019,1,1,5,15,6.2,0,0,0,6.1000000000000005,,,,,,,,,,,,,,,,,,,,,,,,,,,,,,,,,,,,
24,2019,1,1,5,30,6.2,0,0,0,6.300000000000001,,,,,,,,,,,,,,,,,,,,,,,,,,,,,,,,,,,,
25,2019,1,1,5,45,6.1000000000000005,0,0,0,6.4,,,,,,,,,,,,,,,,,,,,,,,,,,,,,,,,,,,,
26,2019,1,1,6,0,6.1000000000000005,0,0,0,6.5,,,,,,,,,,,,,,,,,,,,,,,,,,,,,,,,,,,,
27,2019,1,1,6,15,6.1000000000000005,0,0,0,6.6000000000000005,,,,,,,,,,,,,,,,,,,,,,,,,,,,,,,,,,,,
28,2019,1,1,6,30,6,0,0,0,6.7,,,,,,,,,,,,,,,,,,,,,,,,,,,,,,,,,,,,
29,2019,1,1,6,45,6,0,0,0,6.800000000000001,,,,,,,,,,,,,,,,,,,,,,,,,,,,,,,,,,,,
30,2019,1,1,7,0,6,0,0,0,6.9,,,,,,,,,,,,,,,,,,,,,,,,,,,,,,,,,,,,
31,2019,1,1,7,15,6,0,0,0,7.1000000000000005,,,,,,,,,,,,,,,,,,,,,,,,,,,,,,,,,,,,
32,2019,1,1,7,30,6,0,0,0,7.2,,,,,,,,,,,,,,,,,,,,,,,,,,,,,,,,,,,,
33,2019,1,1,7,45,6,0,0,0,7.300000000000001,,,,,,,,,,,,,,,,,,,,,,,,,,,,,,,,,,,,
34,2019,1,1,8,0,6,0,0,0,7.4,,,,,,,,,,,,,,,,,,,,,,,,,,,,,,,,,,,,
35,2019,1,1,8,15,6.1000000000000005,0,0,0,7.4,,,,,,,,,,,,,,,,,,,,,,,,,,,,,,,,,,,,
36,2019,1,1,8,30,6.1000000000000005,0,0,0,7.5,,,,,,,,,,,,,,,,,,,,,,,,,,,,,,,,,,,,
37,2019,1,1,8,45,6.2,17,166,24,7.5,,,,,,,,,,,,,,,,,,,,,,,,,,,,,,,,,,,,
38,2019,1,1,9,0,6.2,4,0,4,7.5,,,,,,,,,,,,,,,,,,,,,,,,,,,,,,,,,,,,
39,2019,1,1,9,15,6.300000000000001,5,0,5,7.5,,,,,,,,,,,,,,,,,,,,,,,,,,,,,,,,,,,,
40,2019,1,1,9,30,6.300000000000001,38,402,86,7.5,,,,,,,,,,,,,,,,,,,,,,,,,,,,,,,,,,,,
41,2019,1,1,9,45,6.4,45,426,106,7.5,,,,,,,,,,,,,,,,,,,,,,,,,,,,,,,,,,,,
42,2019,1,1,10,0,6.4,9,0,9,7.5,,,,,,,,,,,,,,,,,,,,,,,,,,,,,,,,,,,,
43,2019,1,1,10,15,6.4,10,0,10,7.4,,,,,,,,,,,,,,,,,,,,,,,,,,,,,,,,,,,,
44,2019,1,1,10,30,6.5,11,0,11,7.300000000000001,,,,,,,,,,,,,,,,,,,,,,,,,,,,,,,,,,,,
45,2019,1,1,10,45,6.5,13,0,13,7.2,,,,,,,,,,,,,,,,,,,,,,,,,,,,,,,,,,,,
46,2019,1,1,11,0,6.5,14,0,14,7.1000000000000005,,,,,,,,,,,,,,,,,,,,,,,,,,,,,,,,,,,,
47,2019,1,1,11,15,6.6000000000000005,15,0,15,7.1000000000000005,,,,,,,,,,,,,,,,,,,,,,,,,,,,,,,,,,,,
48,2019,1,1,11,30,6.7,15,0,15,7.1000000000000005,,,,,,,,,,,,,,,,,,,,,,,,,,,,,,,,,,,,
49,2019,1,1,11,45,6.7,16,0,16,7.1000000000000005,,,,,,,,,,,,,,,,,,,,,,,,,,,,,,,,,,,,
50,2019,1,1,12,0,6.800000000000001,16,0,16,7.1000000000000005,,,,,,,,,,,,,,,,,,,,,,,,,,,,,,,,,,,,
51,2019,1,1,12,15,6.800000000000001,17,0,17,7.1000000000000005,,,,,,,,,,,,,,,,,,,,,,,,,,,,,,,,,,,,
52,2019,1,1,12,30,6.800000000000001,16,0,16,7.1000000000000005,,,,,,,,,,,,,,,,,,,,,,,,,,,,,,,,,,,,
53,2019,1,1,12,45,6.7,16,0,16,7.2,,,,,,,,,,,,,,,,,,,,,,,,,,,,,,,,,,,,
54,2019,1,1,13,0,6.7,16,0,16,7.2,,,,,,,,,,,,,,,,,,,,,,,,,,,,,,,,,,,,
55,2019,1,1,13,15,6.7,15,0,15,7.2,,,,,,,,,,,,,,,,,,,,,,,,,,,,,,,,,,,,
56,2019,1,1,13,30,6.6000000000000005,14,0,14,7.2,,,,,,,,,,,,,,,,,,,,,,,,,,,,,,,,,,,,
57,2019,1,1,13,45,6.5,13,0,13,7.2,,,,,,,,,,,,,,,,,,,,,,,,,,,,,,,,,,,,
58,2019,1,1,14,0,6.4,12,0,12,7.300000000000001,,,,,,,,,,,,,,,,,,,,,,,,,,,,,,,,,,,,
59,2019,1,1,14,15,6.2,72,399,148,7.2,,,,,,,,,,,,,,,,,,,,,,,,,,,,,,,,,,,,
60,2019,1,1,14,30,6,9,0,9,7.2,,,,,,,,,,,,,,,,,,,,,,,,,,,,,,,,,,,,
61,2019,1,1,14,45,5.800000000000001,8,0,8,7.1000000000000005,,,,,,,,,,,,,,,,,,,,,,,,,,,,,,,,,,,,
62,2019,1,1,15,0,5.6000000000000005,7,0,7,7.1000000000000005,,,,,,,,,,,,,,,,,,,,,,,,,,,,,,,,,,,,
63,2019,1,1,15,15,5.4,5,0,5,7,,,,,,,,,,,,,,,,,,,,,,,,,,,,,,,,,,,,
64,2019,1,1,15,30,5.2,4,0,4,7,,,,,,,,,,,,,,,,,,,,,,,,,,,,,,,,,,,,
65,2019,1,1,15,45,5,3,0,3,7,,,,,,,,,,,,,,,,,,,,,,,,,,,,,,,,,,,,
66,2019,1,1,16,0,4.800000000000001,12,8,12,7,,,,,,,,,,,,,,,,,,,,,,,,,,,,,,,,,,,,
67,2019,1,1,16,15,4.7,0,0,0,7.1000000000000005,,,,,,,,,,,,,,,,,,,,,,,,,,,,,,,,,,,,
68,2019,1,1,16,30,4.6000000000000005,0,0,0,7.1000000000000005,,,,,,,,,,,,,,,,,,,,,,,,,,,,,,,,,,,,
69,2019,1,1,16,45,4.5,0,0,0,7.2,,,,,,,,,,,,,,,,,,,,,,,,,,,,,,,,,,,,
70,2019,1,1,17,0,4.4,0,0,0,7.300000000000001,,,,,,,,,,,,,,,,,,,,,,,,,,,,,,,,,,,,
71,2019,1,1,17,15,4.3,0,0,0,7.4,,,,,,,,,,,,,,,,,,,,,,,,,,,,,,,,,,,,
72,2019,1,1,17,30,4.3,0,0,0,7.5,,,,,,,,,,,,,,,,,,,,,,,,,,,,,,,,,,,,
73,2019,1,1,17,45,4.2,0,0,0,7.6000000000000005,,,,,,,,,,,,,,,,,,,,,,,,,,,,,,,,,,,,
74,2019,1,1,18,0,4.1000000000000005,0,0,0,7.7,,,,,,,,,,,,,,,,,,,,,,,,,,,,,,,,,,,,
75,2019,1,1,18,15,4,0,0,0,7.800000000000001,,,,,,,,,,,,,,,,,,,,,,,,,,,,,,,,,,,,
76,2019,1,1,18,30,3.9000000000000004,0,0,0,7.9,,,,,,,,,,,,,,,,,,,,,,,,,,,,,,,,,,,,
77,2019,1,1,18,45,3.8000000000000003,0,0,0,8,,,,,,,,,,,,,,,,,,,,,,,,,,,,,,,,,,,,
78,2019,1,1,19,0,3.7,0,0,0,8.1,,,,,,,,,,,,,,,,,,,,,,,,,,,,,,,,,,,,
79,2019,1,1,19,15,3.5,0,0,0,8.1,,,,,,,,,,,,,,,,,,,,,,,,,,,,,,,,,,,,
80,2019,1,1,19,30,3.4000000000000004,0,0,0,8.200000000000001,,,,,,,,,,,,,,,,,,,,,,,,,,,,,,,,,,,,
81,2019,1,1,19,45,3.2,0,0,0,8.3,,,,,,,,,,,,,,,,,,,,,,,,,,,,,,,,,,,,
82,2019,1,1,20,0,3.1,0,0,0,8.3,,,,,,,,,,,,,,,,,,,,,,,,,,,,,,,,,,,,
83,2019,1,1,20,15,2.9000000000000004,0,0,0,8.3,,,,,,,,,,,,,,,,,,,,,,,,,,,,,,,,,,,,
84,2019,1,1,20,30,2.8000000000000003,0,0,0,8.3,,,,,,,,,,,,,,,,,,,,,,,,,,,,,,,,,,,,
85,2019,1,1,20,45,2.6,0,0,0,8.3,,,,,,,,,,,,,,,,,,,,,,,,,,,,,,,,,,,,
86,2019,1,1,21,0,2.5,0,0,0,8.3,,,,,,,,,,,,,,,,,,,,,,,,,,,,,,,,,,,,
87,2019,1,1,21,15,2.4000000000000004,0,0,0,8.4,,,,,,,,,,,,,,,,,,,,,,,,,,,,,,,,,,,,
88,2019,1,1,21,30,2.3000000000000003,0,0,0,8.5,,,,,,,,,,,,,,,,,,,,,,,,,,,,,,,,,,,,
89,2019,1,1,21,45,2.2,0,0,0,8.6,,,,,,,,,,,,,,,,,,,,,,,,,,,,,,,,,,,,
90,2019,1,1,22,0,2.2,0,0,0,8.6,,,,,,,,,,,,,,,,,,,,,,,,,,,,,,,,,,,,
91,2019,1,1,22,15,2.2,0,0,0,8.700000000000001,,,,,,,,,,,,,,,,,,,,,,,,,,,,,,,,,,,,
92,2019,1,1,22,30,2.2,0,0,0,8.700000000000001,,,,,,,,,,,,,,,,,,,,,,,,,,,,,,,,,,,,
93,2019,1,1,22,45,2.2,0,0,0,8.8,,,,,,,,,,,,,,,,,,,,,,,,,,,,,,,,,,,,
94,2019,1,1,23,0,2.2,0,0,0,8.8,,,,,,,,,,,,,,,,,,,,,,,,,,,,,,,,,,,,
95,2019,1,1,23,15,2.2,0,0,0,8.8,,,,,,,,,,,,,,,,,,,,,,,,,,,,,,,,,,,,
96,2019,1,1,23,30,2.3000000000000003,0,0,0,8.700000000000001,,,,,,,,,,,,,,,,,,,,,,,,,,,,,,,,,,,,
97,2019,1,1,23,45,2.4000000000000004,0,0,0,8.6,,,,,,,,,,,,,,,,,,,,,,,,,,,,,,,,,,,,
98,2019,1,2,0,0,2.5,0,0,0,8.6,,,,,,,,,,,,,,,,,,,,,,,,,,,,,,,,,,,,
99,2019,1,2,0,15,2.5,0,0,0,8.6,,,,,,,,,,,,,,,,,,,,,,,,,,,,,,,,,,,,
100,2019,1,2,0,30,2.5,0,0,0,8.6,,,,,,,,,,,,,,,,,,,,,,,,,,,,,,,,,,,,
101,2019,1,2,0,45,2.5,0,0,0,8.6,,,,,,,,,,,,,,,,,,,,,,,,,,,,,,,,,,,,
102,2019,1,2,1,0,2.9000000000000004,0,0,0,7.9,,,,,,,,,,,,,,,,,,,,,,,,,,,,,,,,,,,,
103,2019,1,2,1,15,3,0,0,0,7.800000000000001,,,,,,,,,,,,,,,,,,,,,,,,,,,,,,,,,,,,
104,2019,1,2,1,30,3,0,0,0,7.6000000000000005,,,,,,,,,,,,,,,,,,,,,,,,,,,,,,,,,,,,
105,2019,1,2,1,45,3,0,0,0,7.4,,,,,,,,,,,,,,,,,,,,,,,,,,,,,,,,,,,,
106,2019,1,2,2,0,3.1,0,0,0,7.300000000000001,,,,,,,,,,,,,,,,,,,,,,,,,,,,,,,,,,,,
107,2019,1,2,2,15,3,0,0,0,7.2,,,,,,,,,,,,,,,,,,,,,,,,,,,,,,,,,,,,
108,2019,1,2,2,30,2.9000000000000004,0,0,0,7,,,,,,,,,,,,,,,,,,,,,,,,,,,,,,,,,,,,
109,2019,1,2,2,45,2.8000000000000003,0,0,0,6.9,,,,,,,,,,,,,,,,,,,,,,,,,,,,,,,,,,,,
110,2019,1,2,3,0,2.8000000000000003,0,0,0,6.800000000000001,,,,,,,,,,,,,,,,,,,,,,,,,,,,,,,,,,,,
111,2019,1,2,3,15,2.6,0,0,0,6.800000000000001,,,,,,,,,,,,,,,,,,,,,,,,,,,,,,,,,,,,
112,2019,1,2,3,30,2.5,0,0,0,6.7,,,,,,,,,,,,,,,,,,,,,,,,,,,,,,,,,,,,
113,2019,1,2,3,45,2.3000000000000003,0,0,0,6.7,,,,,,,,,,,,,,,,,,,,,,,,,,,,,,,,,,,,
114,2019,1,2,4,0,2.2,0,0,0,6.6000000000000005,,,,,,,,,,,,,,,,,,,,,,,,,,,,,,,,,,,,
115,2019,1,2,4,15,2,0,0,0,6.6000000000000005,,,,,,,,,,,,,,,,,,,,,,,,,,,,,,,,,,,,
116,2019,1,2,4,30,1.8,0,0,0,6.6000000000000005,,,,,,,,,,,,,,,,,,,,,,,,,,,,,,,,,,,,
117,2019,1,2,4,45,1.6,0,0,0,6.6000000000000005,,,,,,,,,,,,,,,,,,,,,,,,,,,,,,,,,,,,
118,2019,1,2,5,0,1.5,0,0,0,6.6000000000000005,,,,,,,,,,,,,,,,,,,,,,,,,,,,,,,,,,,,
119,2019,1,2,5,15,1.4000000000000001,0,0,0,6.5,,,,,,,,,,,,,,,,,,,,,,,,,,,,,,,,,,,,
120,2019,1,2,5,30,1.2000000000000002,0,0,0,6.5,,,,,,,,,,,,,,,,,,,,,,,,,,,,,,,,,,,,
121,2019,1,2,5,45,1.1,0,0,0,6.5,,,,,,,,,,,,,,,,,,,,,,,,,,,,,,,,,,,,
122,2019,1,2,6,0,1,0,0,0,6.5,,,,,,,,,,,,,,,,,,,,,,,,,,,,,,,,,,,,
123,2019,1,2,6,15,0.9,0,0,0,6.5,,,,,,,,,,,,,,,,,,,,,,,,,,,,,,,,,,,,
124,2019,1,2,6,30,0.8,0,0,0,6.5,,,,,,,,,,,,,,,,,,,,,,,,,,,,,,,,,,,,
125,2019,1,2,6,45,0.8,0,0,0,6.4,,,,,,,,,,,,,,,,,,,,,,,,,,,,,,,,,,,,
126,2019,1,2,7,0,0.7000000000000001,0,0,0,6.4,,,,,,,,,,,,,,,,,,,,,,,,,,,,,,,,,,,,
127,2019,1,2,7,15,0.6000000000000001,0,0,0,6.4,,,,,,,,,,,,,,,,,,,,,,,,,,,,,,,,,,,,
128,2019,1,2,7,30,0.6000000000000001,0,0,0,6.4,,,,,,,,,,,,,,,,,,,,,,,,,,,,,,,,,,,,
129,2019,1,2,7,45,0.5,0,0,0,6.4,,,,,,,,,,,,,,,,,,,,,,,,,,,,,,,,,,,,
130,2019,1,2,8,0,0.5,0,0,0,6.4,,,,,,,,,,,,,,,,,,,,,,,,,,,,,,,,,,,,
131,2019,1,2,8,15,0.6000000000000001,0,0,0,6.4,,,,,,,,,,,,,,,,,,,,,,,,,,,,,,,,,,,,
132,2019,1,2,8,30,0.7000000000000001,0,0,0,6.4,,,,,,,,,,,,,,,,,,,,,,,,,,,,,,,,,,,,
133,2019,1,2,8,45,0.8,21,70,23,6.4,,,,,,,,,,,,,,,,,,,,,,,,,,,,,,,,,,,,
134,2019,1,2,9,0,0.9,31,152,42,6.4,,,,,,,,,,,,,,,,,,,,,,,,,,,,,,,,,,,,
135,2019,1,2,9,15,1.2000000000000002,41,232,62,6.4,,,,,,,,,,,,,,,,,,,,,,,,,,,,,,,,,,,,
136,2019,1,2,9,30,1.4000000000000001,48,301,85,6.4,,,,,,,,,,,,,,,,,,,,,,,,,,,,,,,,,,,,
137,2019,1,2,9,45,1.6,55,359,107,6.4,,,,,,,,,,,,,,,,,,,,,,,,,,,,,,,,,,,,
138,2019,1,2,10,0,1.8,9,0,9,6.4,,,,,,,,,,,,,,,,,,,,,,,,,,,,,,,,,,,,
139,2019,1,2,10,15,2,10,0,10,6.5,,,,,,,,,,,,,,,,,,,,,,,,,,,,,,,,,,,,
140,2019,1,2,10,30,2.2,12,0,12,6.5,,,,,,,,,,,,,,,,,,,,,,,,,,,,,,,,,,,,
141,2019,1,2,10,45,2.5,65,574,191,6.6000000000000005,,,,,,,,,,,,,,,,,,,,,,,,,,,,,,,,,,,,
142,2019,1,2,11,0,2.7,14,0,14,6.6000000000000005,,,,,,,,,,,,,,,,,,,,,,,,,,,,,,,,,,,,
143,2019,1,2,11,15,2.8000000000000003,15,0,15,6.6000000000000005,,,,,,,,,,,,,,,,,,,,,,,,,,,,,,,,,,,,
144,2019,1,2,11,30,2.9000000000000004,15,0,15,6.7,,,,,,,,,,,,,,,,,,,,,,,,,,,,,,,,,,,,
145,2019,1,2,11,45,3,16,0,16,6.7,,,,,,,,,,,,,,,,,,,,,,,,,,,,,,,,,,,,
146,2019,1,2,12,0,3.1,16,0,16,6.7,,,,,,,,,,,,,,,,,,,,,,,,,,,,,,,,,,,,
147,2019,1,2,12,15,3.1,17,0,17,6.7,,,,,,,,,,,,,,,,,,,,,,,,,,,,,,,,,,,,
148,2019,1,2,12,30,3.1,17,0,17,6.7,,,,,,,,,,,,,,,,,,,,,,,,,,,,,,,,,,,,
149,2019,1,2,12,45,3.1,63,0,63,6.7,,,,,,,,,,,,,,,,,,,,,,,,,,,,,,,,,,,,
150,2019,1,2,13,0,3.1,61,0,61,6.7,,,,,,,,,,,,,,,,,,,,,,,,,,,,,,,,,,,,
151,2019,1,2,13,15,3,67,640,225,6.6000000000000005,,,,,,,,,,,,,,,,,,,,,,,,,,,,,,,,,,,,
152,2019,1,2,13,30,2.9000000000000004,65,625,213,6.5,,,,,,,,,,,,,,,,,,,,,,,,,,,,,,,,,,,,
153,2019,1,2,13,45,2.8000000000000003,69,568,196,6.5,,,,,,,,,,,,,,,,,,,,,,,,,,,,,,,,,,,,
154,2019,1,2,14,0,2.7,46,0,46,6.4,,,,,,,,,,,,,,,,,,,,,,,,,,,,,,,,,,,,
155,2019,1,2,14,15,2.5,63,513,161,6.300000000000001,,,,,,,,,,,,,,,,,,,,,,,,,,,,,,,,,,,,
156,2019,1,2,14,30,2.3000000000000003,35,0,35,6.2,,,,,,,,,,,,,,,,,,,,,,,,,,,,,,,,,,,,
157,2019,1,2,14,45,2.1,29,0,29,6.1000000000000005,,,,,,,,,,,,,,,,,,,,,,,,,,,,,,,,,,,,
158,2019,1,2,15,0,1.9000000000000001,24,0,24,6,,,,,,,,,,,,,,,,,,,,,,,,,,,,,,,,,,,,
159,2019,1,2,15,15,1.7000000000000002,18,0,18,5.9,,,,,,,,,,,,,,,,,,,,,,,,,,,,,,,,,,,,
160,2019,1,2,15,30,1.4000000000000001,13,0,13,5.800000000000001,,,,,,,,,,,,,,,,,,,,,,,,,,,,,,,,,,,,
161,2019,1,2,15,45,1.2000000000000002,8,0,8,5.7,,,,,,,,,,,,,,,,,,,,,,,,,,,,,,,,,,,,
162,2019,1,2,16,0,0.9,15,52,16,5.6000000000000005,,,,,,,,,,,,,,,,,,,,,,,,,,,,,,,,,,,,
163,2019,1,2,16,15,0.7000000000000001,0,0,0,5.5,,,,,,,,,,,,,,,,,,,,,,,,,,,,,,,,,,,,
164,2019,1,2,16,30,0.4,0,0,0,5.4,,,,,,,,,,,,,,,,,,,,,,,,,,,,,,,,,,,,
165,2019,1,2,16,45,0.2,0,0,0,5.300000000000001,,,,,,,,,,,,,,,,,,,,,,,,,,,,,,,,,,,,
166,2019,1,2,17,0,0,0,0,0,5.2,,,,,,,,,,,,,,,,,,,,,,,,,,,,,,,,,,,,
167,2019,1,2,17,15,-0.30000000000000004,0,0,0,5,,,,,,,,,,,,,,,,,,,,,,,,,,,,,,,,,,,,
168,2019,1,2,17,30,-0.5,0,0,0,4.800000000000001,,,,,,,,,,,,,,,,,,,,,,,,,,,,,,,,,,,,
169,2019,1,2,17,45,-0.8,0,0,0,4.7,,,,,,,,,,,,,,,,,,,,,,,,,,,,,,,,,,,,
170,2019,1,2,18,0,-1,0,0,0,4.5,,,,,,,,,,,,,,,,,,,,,,,,,,,,,,,,,,,,
171,2019,1,2,18,15,-1.3,0,0,0,4.3,,,,,,,,,,,,,,,,,,,,,,,,,,,,,,,,,,,,
172,2019,1,2,18,30,-1.5,0,0,0,4.2,,,,,,,,,,,,,,,,,,,,,,,,,,,,,,,,,,,,
173,2019,1,2,18,45,-1.7000000000000002,0,0,0,4,,,,,,,,,,,,,,,,,,,,,,,,,,,,,,,,,,,,
174,2019,1,2,19,0,-1.9000000000000001,0,0,0,3.8000000000000003,,,,,,,,,,,,,,,,,,,,,,,,,,,,,,,,,,,,
175,2019,1,2,19,15,-2,0,0,0,3.8000000000000003,,,,,,,,,,,,,,,,,,,,,,,,,,,,,,,,,,,,
176,2019,1,2,19,30,-2.2,0,0,0,3.7,,,,,,,,,,,,,,,,,,,,,,,,,,,,,,,,,,,,
177,2019,1,2,19,45,-2.3000000000000003,0,0,0,3.7,,,,,,,,,,,,,,,,,,,,,,,,,,,,,,,,,,,,
178,2019,1,2,20,0,-2.4000000000000004,0,0,0,3.6,,,,,,,,,,,,,,,,,,,,,,,,,,,,,,,,,,,,
179,2019,1,2,20,15,-2.4000000000000004,0,0,0,3.7,,,,,,,,,,,,,,,,,,,,,,,,,,,,,,,,,,,,
180,2019,1,2,20,30,-2.5,0,0,0,3.7,,,,,,,,,,,,,,,,,,,,,,,,,,,,,,,,,,,,
181,2019,1,2,20,45,-2.5,0,0,0,3.8000000000000003,,,,,,,,,,,,,,,,,,,,,,,,,,,,,,,,,,,,
182,2019,1,2,21,0,-2.5,0,0,0,3.8000000000000003,,,,,,,,,,,,,,,,,,,,,,,,,,,,,,,,,,,,
183,2019,1,2,21,15,-2.6,0,0,0,3.9000000000000004,,,,,,,,,,,,,,,,,,,,,,,,,,,,,,,,,,,,
184,2019,1,2,21,30,-2.6,0,0,0,3.9000000000000004,,,,,,,,,,,,,,,,,,,,,,,,,,,,,,,,,,,,
185,2019,1,2,21,45,-2.6,0,0,0,3.9000000000000004,,,,,,,,,,,,,,,,,,,,,,,,,,,,,,,,,,,,
186,2019,1,2,22,0,-2.7,0,0,0,3.9000000000000004,,,,,,,,,,,,,,,,,,,,,,,,,,,,,,,,,,,,
187,2019,1,2,22,15,-2.7,0,0,0,3.9000000000000004,,,,,,,,,,,,,,,,,,,,,,,,,,,,,,,,,,,,
188,2019,1,2,22,30,-2.8000000000000003,0,0,0,3.9000000000000004,,,,,,,,,,,,,,,,,,,,,,,,,,,,,,,,,,,,
189,2019,1,2,22,45,-2.9000000000000004,0,0,0,3.9000000000000004,,,,,,,,,,,,,,,,,,,,,,,,,,,,,,,,,,,,
190,2019,1,2,23,0,-3,0,0,0,3.8000000000000003,,,,,,,,,,,,,,,,,,,,,,,,,,,,,,,,,,,,
191,2019,1,2,23,15,-3.1,0,0,0,3.8000000000000003,,,,,,,,,,,,,,,,,,,,,,,,,,,,,,,,,,,,
192,2019,1,2,23,30,-3.2,0,0,0,3.7,,,,,,,,,,,,,,,,,,,,,,,,,,,,,,,,,,,,
193,2019,1,2,23,45,-3.3000000000000003,0,0,0,3.7,,,,,,,,,,,,,,,,,,,,,,,,,,,,,,,,,,,,
194,2019,1,3,0,0,-3.5,0,0,0,3.7,,,,,,,,,,,,,,,,,,,,,,,,,,,,,,,,,,,,
195,2019,1,3,0,15,-3.5,0,0,0,3.7,,,,,,,,,,,,,,,,,,,,,,,,,,,,,,,,,,,,
196,2019,1,3,0,30,-3.5,0,0,0,3.7,,,,,,,,,,,,,,,,,,,,,,,,,,,,,,,,,,,,
197,2019,1,3,0,45,-3.5,0,0,0,3.7,,,,,,,,,,,,,,,,,,,,,,,,,,,,,,,,,,,,
198,2019,1,3,1,0,-3.7,0,0,0,3.6,,,,,,,,,,,,,,,,,,,,,,,,,,,,,,,,,,,,
199,2019,1,3,1,15,-3.7,0,0,0,3.6,,,,,,,,,,,,,,,,,,,,,,,,,,,,,,,,,,,,
200,2019,1,3,1,30,-3.8000000000000003,0,0,0,3.5,,,,,,,,,,,,,,,,,,,,,,,,,,,,,,,,,,,,
201,2019,1,3,1,45,-3.8000000000000003,0,0,0,3.5,,,,,,,,,,,,,,,,,,,,,,,,,,,,,,,,,,,,
202,2019,1,3,2,0,-3.8000000000000003,0,0,0,3.5,,,,,,,,,,,,,,,,,,,,,,,,,,,,,,,,,,,,
203,2019,1,3,2,15,-3.8000000000000003,0,0,0,3.5,,,,,,,,,,,,,,,,,,,,,,,,,,,,,,,,,,,,
204,2019,1,3,2,30,-3.8000000000000003,0,0,0,3.5,,,,,,,,,,,,,,,,,,,,,,,,,,,,,,,,,,,,
205,2019,1,3,2,45,-3.8000000000000003,0,0,0,3.5,,,,,,,,,,,,,,,,,,,,,,,,,,,,,,,,,,,,
206,2019,1,3,3,0,-3.7,0,0,0,3.6,,,,,,,,,,,,,,,,,,,,,,,,,,,,,,,,,,,,
207,2019,1,3,3,15,-3.7,0,0,0,3.5,,,,,,,,,,,,,,,,,,,,,,,,,,,,,,,,,,,,
208,2019,1,3,3,30,-3.8000000000000003,0,0,0,3.4000000000000004,,,,,,,,,,,,,,,,,,,,,,,,,,,,,,,,,,,,
209,2019,1,3,3,45,-3.8000000000000003,0,0,0,3.4000000000000004,,,,,,,,,,,,,,,,,,,,,,,,,,,,,,,,,,,,
210,2019,1,3,4,0,-3.8000000000000003,0,0,0,3.3000000000000003,,,,,,,,,,,,,,,,,,,,,,,,,,,,,,,,,,,,
211,2019,1,3,4,15,-3.9000000000000004,0,0,0,3.2,,,,,,,,,,,,,,,,,,,,,,,,,,,,,,,,,,,,
212,2019,1,3,4,30,-3.9000000000000004,0,0,0,3.2,,,,,,,,,,,,,,,,,,,,,,,,,,,,,,,,,,,,
213,2019,1,3,4,45,-4,0,0,0,3.1,,,,,,,,,,,,,,,,,,,,,,,,,,,,,,,,,,,,
214,2019,1,3,5,0,-4.1000000000000005,0,0,0,3,,,,,,,,,,,,,,,,,,,,,,,,,,,,,,,,,,,,
215,2019,1,3,5,15,-4.1000000000000005,0,0,0,3.1,,,,,,,,,,,,,,,,,,,,,,,,,,,,,,,,,,,,
216,2019,1,3,5,30,-4,0,0,0,3.1,,,,,,,,,,,,,,,,,,,,,,,,,,,,,,,,,,,,
217,2019,1,3,5,45,-4,0,0,0,3.1,,,,,,,,,,,,,,,,,,,,,,,,,,,,,,,,,,,,
218,2019,1,3,6,0,-4,0,0,0,3.2,,,,,,,,,,,,,,,,,,,,,,,,,,,,,,,,,,,,
219,2019,1,3,6,15,-4,0,0,0,3.2,,,,,,,,,,,,,,,,,,,,,,,,,,,,,,,,,,,,
220,2019,1,3,6,30,-3.9000000000000004,0,0,0,3.2,,,,,,,,,,,,,,,,,,,,,,,,,,,,,,,,,,,,
221,2019,1,3,6,45,-3.9000000000000004,0,0,0,3.2,,,,,,,,,,,,,,,,,,,,,,,,,,,,,,,,,,,,
222,2019,1,3,7,0,-3.9000000000000004,0,0,0,3.2,,,,,,,,,,,,,,,,,,,,,,,,,,,,,,,,,,,,
223,2019,1,3,7,15,-3.8000000000000003,0,0,0,3.2,,,,,,,,,,,,,,,,,,,,,,,,,,,,,,,,,,,,
224,2019,1,3,7,30,-3.7,0,0,0,3.2,,,,,,,,,,,,,,,,,,,,,,,,,,,,,,,,,,,,
225,2019,1,3,7,45,-3.7,0,0,0,3.2,,,,,,,,,,,,,,,,,,,,,,,,,,,,,,,,,,,,
226,2019,1,3,8,0,-3.6,0,0,0,3.3000000000000003,,,,,,,,,,,,,,,,,,,,,,,,,,,,,,,,,,,,
227,2019,1,3,8,15,-3.2,0,0,0,3.3000000000000003,,,,,,,,,,,,,,,,,,,,,,,,,,,,,,,,,,,,
228,2019,1,3,8,30,-2.9000000000000004,0,0,0,3.4000000000000004,,,,,,,,,,,,,,,,,,,,,,,,,,,,,,,,,,,,
229,2019,1,3,8,45,-2.6,17,243,27,3.5,,,,,,,,,,,,,,,,,,,,,,,,,,,,,,,,,,,,
230,2019,1,3,9,0,-2.3000000000000003,24,347,48,3.6,,,,,,,,,,,,,,,,,,,,,,,,,,,,,,,,,,,,
231,2019,1,3,9,15,-1.9000000000000001,30,429,71,3.6,,,,,,,,,,,,,,,,,,,,,,,,,,,,,,,,,,,,
232,2019,1,3,9,30,-1.5,35,496,95,3.7,,,,,,,,,,,,,,,,,,,,,,,,,,,,,,,,,,,,
233,2019,1,3,9,45,-1.1,39,553,119,3.7,,,,,,,,,,,,,,,,,,,,,,,,,,,,,,,,,,,,
234,2019,1,3,10,0,-0.7000000000000001,43,596,142,3.7,,,,,,,,,,,,,,,,,,,,,,,,,,,,,,,,,,,,
235,2019,1,3,10,15,-0.30000000000000004,46,631,163,3.9000000000000004,,,,,,,,,,,,,,,,,,,,,,,,,,,,,,,,,,,,
236,2019,1,3,10,30,0.2,48,659,183,4,,,,,,,,,,,,,,,,,,,,,,,,,,,,,,,,,,,,
237,2019,1,3,10,45,0.6000000000000001,50,687,201,4.1000000000000005,,,,,,,,,,,,,,,,,,,,,,,,,,,,,,,,,,,,
238,2019,1,3,11,0,1,13,0,13,4.2,,,,,,,,,,,,,,,,,,,,,,,,,,,,,,,,,,,,
239,2019,1,3,11,15,1.2000000000000002,14,0,14,4.3,,,,,,,,,,,,,,,,,,,,,,,,,,,,,,,,,,,,
240,2019,1,3,11,30,1.5,15,0,15,4.4,,,,,,,,,,,,,,,,,,,,,,,,,,,,,,,,,,,,
241,2019,1,3,11,45,1.7000000000000002,16,0,16,4.4,,,,,,,,,,,,,,,,,,,,,,,,,,,,,,,,,,,,
242,2019,1,3,12,0,1.9000000000000001,16,0,16,4.5,,,,,,,,,,,,,,,,,,,,,,,,,,,,,,,,,,,,
243,2019,1,3,12,15,2,16,0,16,4.5,,,,,,,,,,,,,,,,,,,,,,,,,,,,,,,,,,,,
244,2019,1,3,12,30,2,17,0,17,4.5,,,,,,,,,,,,,,,,,,,,,,,,,,,,,,,,,,,,
245,2019,1,3,12,45,2,16,0,16,4.4,,,,,,,,,,,,,,,,,,,,,,,,,,,,,,,,,,,,
246,2019,1,3,13,0,2.1,16,0,16,4.4,,,,,,,,,,,,,,,,,,,,,,,,,,,,,,,,,,,,
247,2019,1,3,13,15,2,15,0,15,4.3,,,,,,,,,,,,,,,,,,,,,,,,,,,,,,,,,,,,
248,2019,1,3,13,30,1.8,14,0,14,4.1000000000000005,,,,,,,,,,,,,,,,,,,,,,,,,,,,,,,,,,,,
249,2019,1,3,13,45,1.7000000000000002,13,0,13,3.9000000000000004,,,,,,,,,,,,,,,,,,,,,,,,,,,,,,,,,,,,
250,2019,1,3,14,0,1.6,12,0,12,3.7,,,,,,,,,,,,,,,,,,,,,,,,,,,,,,,,,,,,
251,2019,1,3,14,15,1.2000000000000002,11,0,11,3.6,,,,,,,,,,,,,,,,,,,,,,,,,,,,,,,,,,,,
252,2019,1,3,14,30,0.9,10,0,10,3.4000000000000004,,,,,,,,,,,,,,,,,,,,,,,,,,,,,,,,,,,,
253,2019,1,3,14,45,0.5,8,0,8,3.2,,,,,,,,,,,,,,,,,,,,,,,,,,,,,,,,,,,,
254,2019,1,3,15,0,0.2,7,0,7,3,,,,,,,,,,,,,,,,,,,,,,,,,,,,,,,,,,,,
255,2019,1,3,15,15,0,6,0,6,3.1,,,,,,,,,,,,,,,,,,,,,,,,,,,,,,,,,,,,
256,2019,1,3,15,30,-0.2,4,0,4,3.2,,,,,,,,,,,,,,,,,,,,,,,,,,,,,,,,,,,,
257,2019,1,3,15,45,-0.4,3,0,3,3.3000000000000003,,,,,,,,,,,,,,,,,,,,,,,,,,,,,,,,,,,,
258,2019,1,3,16,0,-0.6000000000000001,2,0,2,3.4000000000000004,,,,,,,,,,,,,,,,,,,,,,,,,,,,,,,,,,,,
259,2019,1,3,16,15,-0.5,0,0,0,3.5,,,,,,,,,,,,,,,,,,,,,,,,,,,,,,,,,,,,
260,2019,1,3,16,30,-0.5,0,0,0,3.5,,,,,,,,,,,,,,,,,,,,,,,,,,,,,,,,,,,,
261,2019,1,3,16,45,-0.5,0,0,0,3.6,,,,,,,,,,,,,,,,,,,,,,,,,,,,,,,,,,,,
262,2019,1,3,17,0,-0.5,0,0,0,3.7,,,,,,,,,,,,,,,,,,,,,,,,,,,,,,,,,,,,
263,2019,1,3,17,15,-0.5,0,0,0,3.7,,,,,,,,,,,,,,,,,,,,,,,,,,,,,,,,,,,,
264,2019,1,3,17,30,-0.5,0,0,0,3.6,,,,,,,,,,,,,,,,,,,,,,,,,,,,,,,,,,,,
265,2019,1,3,17,45,-0.5,0,0,0,3.6,,,,,,,,,,,,,,,,,,,,,,,,,,,,,,,,,,,,
266,2019,1,3,18,0,-0.5,0,0,0,3.6,,,,,,,,,,,,,,,,,,,,,,,,,,,,,,,,,,,,
267,2019,1,3,18,15,-0.6000000000000001,0,0,0,3.5,,,,,,,,,,,,,,,,,,,,,,,,,,,,,,,,,,,,
268,2019,1,3,18,30,-0.6000000000000001,0,0,0,3.5,,,,,,,,,,,,,,,,,,,,,,,,,,,,,,,,,,,,
269,2019,1,3,18,45,-0.6000000000000001,0,0,0,3.4000000000000004,,,,,,,,,,,,,,,,,,,,,,,,,,,,,,,,,,,,
270,2019,1,3,19,0,-0.7000000000000001,0,0,0,3.4000000000000004,,,,,,,,,,,,,,,,,,,,,,,,,,,,,,,,,,,,
271,2019,1,3,19,15,-0.8,0,0,0,3.3000000000000003,,,,,,,,,,,,,,,,,,,,,,,,,,,,,,,,,,,,
272,2019,1,3,19,30,-0.9,0,0,0,3.2,,,,,,,,,,,,,,,,,,,,,,,,,,,,,,,,,,,,
273,2019,1,3,19,45,-1,0,0,0,3.1,,,,,,,,,,,,,,,,,,,,,,,,,,,,,,,,,,,,
274,2019,1,3,20,0,-1.1,0,0,0,3,,,,,,,,,,,,,,,,,,,,,,,,,,,,,,,,,,,,
275,2019,1,3,20,15,-1.2000000000000002,0,0,0,2.9000000000000004,,,,,,,,,,,,,,,,,,,,,,,,,,,,,,,,,,,,
276,2019,1,3,20,30,-1.2000000000000002,0,0,0,2.9000000000000004,,,,,,,,,,,,,,,,,,,,,,,,,,,,,,,,,,,,
277,2019,1,3,20,45,-1.3,0,0,0,2.9000000000000004,,,,,,,,,,,,,,,,,,,,,,,,,,,,,,,,,,,,
278,2019,1,3,21,0,-1.4000000000000001,0,0,0,2.8000000000000003,,,,,,,,,,,,,,,,,,,,,,,,,,,,,,,,,,,,
279,2019,1,3,21,15,-1.4000000000000001,0,0,0,2.8000000000000003,,,,,,,,,,,,,,,,,,,,,,,,,,,,,,,,,,,,
280,2019,1,3,21,30,-1.4000000000000001,0,0,0,2.8000000000000003,,,,,,,,,,,,,,,,,,,,,,,,,,,,,,,,,,,,
281,2019,1,3,21,45,-1.5,0,0,0,2.8000000000000003,,,,,,,,,,,,,,,,,,,,,,,,,,,,,,,,,,,,
282,2019,1,3,22,0,-1.5,0,0,0,2.9000000000000004,,,,,,,,,,,,,,,,,,,,,,,,,,,,,,,,,,,,
283,2019,1,3,22,15,-1.5,0,0,0,2.8000000000000003,,,,,,,,,,,,,,,,,,,,,,,,,,,,,,,,,,,,
284,2019,1,3,22,30,-1.6,0,0,0,2.8000000000000003,,,,,,,,,,,,,,,,,,,,,,,,,,,,,,,,,,,,
285,2019,1,3,22,45,-1.6,0,0,0,2.7,,,,,,,,,,,,,,,,,,,,,,,,,,,,,,,,,,,,
286,2019,1,3,23,0,-1.6,0,0,0,2.7,,,,,,,,,,,,,,,,,,,,,,,,,,,,,,,,,,,,
287,2019,1,3,23,15,-1.7000000000000002,0,0,0,2.6,,,,,,,,,,,,,,,,,,,,,,,,,,,,,,,,,,,,
288,2019,1,3,23,30,-1.7000000000000002,0,0,0,2.5,,,,,,,,,,,,,,,,,,,,,,,,,,,,,,,,,,,,
289,2019,1,3,23,45,-1.8,0,0,0,2.5,,,,,,,,,,,,,,,,,,,,,,,,,,,,,,,,,,,,
290,2019,1,4,0,0,-1.8,0,0,0,2.4000000000000004,,,,,,,,,,,,,,,,,,,,,,,,,,,,,,,,,,,,
291,2019,1,4,0,15,-1.8,0,0,0,2.4000000000000004,,,,,,,,,,,,,,,,,,,,,,,,,,,,,,,,,,,,
292,2019,1,4,0,30,-1.8,0,0,0,2.4000000000000004,,,,,,,,,,,,,,,,,,,,,,,,,,,,,,,,,,,,
293,2019,1,4,0,45,-1.8,0,0,0,2.4000000000000004,,,,,,,,,,,,,,,,,,,,,,,,,,,,,,,,,,,,
294,2019,1,4,1,0,-2,0,0,0,2.3000000000000003,,,,,,,,,,,,,,,,,,,,,,,,,,,,,,,,,,,,
295,2019,1,4,1,15,-2.1,0,0,0,2.3000000000000003,,,,,,,,,,,,,,,,,,,,,,,,,,,,,,,,,,,,
296,2019,1,4,1,30,-2.1,0,0,0,2.3000000000000003,,,,,,,,,,,,,,,,,,,,,,,,,,,,,,,,,,,,
297,2019,1,4,1,45,-2.2,0,0,0,2.3000000000000003,,,,,,,,,,,,,,,,,,,,,,,,,,,,,,,,,,,,
298,2019,1,4,2,0,-2.2,0,0,0,2.3000000000000003,,,,,,,,,,,,,,,,,,,,,,,,,,,,,,,,,,,,
299,2019,1,4,2,15,-2.2,0,0,0,2.4000000000000004,,,,,,,,,,,,,,,,,,,,,,,,,,,,,,,,,,,,
300,2019,1,4,2,30,-2.2,0,0,0,2.5,,,,,,,,,,,,,,,,,,,,,,,,,,,,,,,,,,,,
301,2019,1,4,2,45,-2.1,0,0,0,2.5,,,,,,,,,,,,,,,,,,,,,,,,,,,,,,,,,,,,
302,2019,1,4,3,0,-2.1,0,0,0,2.6,,,,,,,,,,,,,,,,,,,,,,,,,,,,,,,,,,,,
303,2019,1,4,3,15,-2.1,0,0,0,2.6,,,,,,,,,,,,,,,,,,,,,,,,,,,,,,,,,,,,
304,2019,1,4,3,30,-2,0,0,0,2.7,,,,,,,,,,,,,,,,,,,,,,,,,,,,,,,,,,,,
305,2019,1,4,3,45,-1.9000000000000001,0,0,0,2.7,,,,,,,,,,,,,,,,,,,,,,,,,,,,,,,,,,,,
306,2019,1,4,4,0,-1.9000000000000001,0,0,0,2.8000000000000003,,,,,,,,,,,,,,,,,,,,,,,,,,,,,,,,,,,,
307,2019,1,4,4,15,-1.9000000000000001,0,0,0,2.8000000000000003,,,,,,,,,,,,,,,,,,,,,,,,,,,,,,,,,,,,
308,2019,1,4,4,30,-1.9000000000000001,0,0,0,2.9000000000000004,,,,,,,,,,,,,,,,,,,,,,,,,,,,,,,,,,,,
309,2019,1,4,4,45,-1.9000000000000001,0,0,0,2.9000000000000004,,,,,,,,,,,,,,,,,,,,,,,,,,,,,,,,,,,,
310,2019,1,4,5,0,-1.9000000000000001,0,0,0,2.9000000000000004,,,,,,,,,,,,,,,,,,,,,,,,,,,,,,,,,,,,
311,2019,1,4,5,15,-1.9000000000000001,0,0,0,3,,,,,,,,,,,,,,,,,,,,,,,,,,,,,,,,,,,,
312,2019,1,4,5,30,-1.9000000000000001,0,0,0,3,,,,,,,,,,,,,,,,,,,,,,,,,,,,,,,,,,,,
313,2019,1,4,5,45,-1.9000000000000001,0,0,0,3.1,,,,,,,,,,,,,,,,,,,,,,,,,,,,,,,,,,,,
314,2019,1,4,6,0,-1.9000000000000001,0,0,0,3.1,,,,,,,,,,,,,,,,,,,,,,,,,,,,,,,,,,,,
315,2019,1,4,6,15,-1.8,0,0,0,3.3000000000000003,,,,,,,,,,,,,,,,,,,,,,,,,,,,,,,,,,,,
316,2019,1,4,6,30,-1.6,0,0,0,3.4000000000000004,,,,,,,,,,,,,,,,,,,,,,,,,,,,,,,,,,,,
317,2019,1,4,6,45,-1.4000000000000001,0,0,0,3.5,,,,,,,,,,,,,,,,,,,,,,,,,,,,,,,,,,,,
318,2019,1,4,7,0,-1.2000000000000002,0,0,0,3.7,,,,,,,,,,,,,,,,,,,,,,,,,,,,,,,,,,,,
319,2019,1,4,7,15,-1.1,0,0,0,3.8000000000000003,,,,,,,,,,,,,,,,,,,,,,,,,,,,,,,,,,,,
320,2019,1,4,7,30,-0.9,0,0,0,3.8000000000000003,,,,,,,,,,,,,,,,,,,,,,,,,,,,,,,,,,,,
321,2019,1,4,7,45,-0.7000000000000001,0,0,0,3.9000000000000004,,,,,,,,,,,,,,,,,,,,,,,,,,,,,,,,,,,,
322,2019,1,4,8,0,-0.5,0,0,0,4,,,,,,,,,,,,,,,,,,,,,,,,,,,,,,,,,,,,
323,2019,1,4,8,15,-0.30000000000000004,0,0,0,4,,,,,,,,,,,,,,,,,,,,,,,,,,,,,,,,,,,,
324,2019,1,4,8,30,-0.1,0,0,0,4.1000000000000005,,,,,,,,,,,,,,,,,,,,,,,,,,,,,,,,,,,,
325,2019,1,4,8,45,0.1,3,0,3,4.1000000000000005,,,,,,,,,,,,,,,,,,,,,,,,,,,,,,,,,,,,
326,2019,1,4,9,0,0.30000000000000004,5,0,5,4.2,,,,,,,,,,,,,,,,,,,,,,,,,,,,,,,,,,,,
327,2019,1,4,9,15,0.4,6,0,6,4.3,,,,,,,,,,,,,,,,,,,,,,,,,,,,,,,,,,,,
328,2019,1,4,9,30,0.6000000000000001,6,0,6,4.3,,,,,,,,,,,,,,,,,,,,,,,,,,,,,,,,,,,,
329,2019,1,4,9,45,0.7000000000000001,7,0,7,4.4,,,,,,,,,,,,,,,,,,,,,,,,,,,,,,,,,,,,
330,2019,1,4,10,0,0.9,8,0,8,4.4,,,,,,,,,,,,,,,,,,,,,,,,,,,,,,,,,,,,
331,2019,1,4,10,15,0.9,8,0,8,4.5,,,,,,,,,,,,,,,,,,,,,,,,,,,,,,,,,,,,
332,2019,1,4,10,30,1,9,0,9,4.5,,,,,,,,,,,,,,,,,,,,,,,,,,,,,,,,,,,,
333,2019,1,4,10,45,1.1,9,0,9,4.5,,,,,,,,,,,,,,,,,,,,,,,,,,,,,,,,,,,,
334,2019,1,4,11,0,1.2000000000000002,10,0,10,4.6000000000000005,,,,,,,,,,,,,,,,,,,,,,,,,,,,,,,,,,,,
335,2019,1,4,11,15,1.3,11,0,11,4.7,,,,,,,,,,,,,,,,,,,,,,,,,,,,,,,,,,,,
336,2019,1,4,11,30,1.3,11,0,11,4.7,,,,,,,,,,,,,,,,,,,,,,,,,,,,,,,,,,,,
337,2019,1,4,11,45,1.4000000000000001,11,0,11,4.800000000000001,,,,,,,,,,,,,,,,,,,,,,,,,,,,,,,,,,,,
338,2019,1,4,12,0,1.5,11,0,11,4.9,,,,,,,,,,,,,,,,,,,,,,,,,,,,,,,,,,,,
339,2019,1,4,12,15,1.5,11,0,11,4.9,,,,,,,,,,,,,,,,,,,,,,,,,,,,,,,,,,,,
340,2019,1,4,12,30,1.5,11,0,11,5,,,,,,,,,,,,,,,,,,,,,,,,,,,,,,,,,,,,
341,2019,1,4,12,45,1.6,11,0,11,5,,,,,,,,,,,,,,,,,,,,,,,,,,,,,,,,,,,,
342,2019,1,4,13,0,1.6,11,0,11,5.1000000000000005,,,,,,,,,,,,,,,,,,,,,,,,,,,,,,,,,,,,
343,2019,1,4,13,15,1.6,11,0,11,5.2,,,,,,,,,,,,,,,,,,,,,,,,,,,,,,,,,,,,
344,2019,1,4,13,30,1.7000000000000002,10,0,10,5.300000000000001,,,,,,,,,,,,,,,,,,,,,,,,,,,,,,,,,,,,
345,2019,1,4,13,45,1.7000000000000002,10,0,10,5.5,,,,,,,,,,,,,,,,,,,,,,,,,,,,,,,,,,,,
346,2019,1,4,14,0,1.7000000000000002,9,0,9,5.6000000000000005,,,,,,,,,,,,,,,,,,,,,,,,,,,,,,,,,,,,
347,2019,1,4,14,15,1.7000000000000002,9,0,9,5.7,,,,,,,,,,,,,,,,,,,,,,,,,,,,,,,,,,,,
348,2019,1,4,14,30,1.7000000000000002,8,0,8,5.800000000000001,,,,,,,,,,,,,,,,,,,,,,,,,,,,,,,,,,,,
349,2019,1,4,14,45,1.8,7,0,7,5.9,,,,,,,,,,,,,,,,,,,,,,,,,,,,,,,,,,,,
350,2019,1,4,15,0,1.8,7,0,7,6,,,,,,,,,,,,,,,,,,,,,,,,,,,,,,,,,,,,
351,2019,1,4,15,15,1.8,6,0,6,5.9,,,,,,,,,,,,,,,,,,,,,,,,,,,,,,,,,,,,
352,2019,1,4,15,30,1.8,4,0,4,5.9,,,,,,,,,,,,,,,,,,,,,,,,,,,,,,,,,,,,
353,2019,1,4,15,45,1.8,3,0,3,5.800000000000001,,,,,,,,,,,,,,,,,,,,,,,,,,,,,,,,,,,,
354,2019,1,4,16,0,1.8,2,0,2,5.800000000000001,,,,,,,,,,,,,,,,,,,,,,,,,,,,,,,,,,,,
355,2019,1,4,16,15,1.9000000000000001,0,0,0,5.7,,,,,,,,,,,,,,,,,,,,,,,,,,,,,,,,,,,,
356,2019,1,4,16,30,1.9000000000000001,0,0,0,5.7,,,,,,,,,,,,,,,,,,,,,,,,,,,,,,,,,,,,
357,2019,1,4,16,45,2,0,0,0,5.6000000000000005,,,,,,,,,,,,,,,,,,,,,,,,,,,,,,,,,,,,
358,2019,1,4,17,0,2,0,0,0,5.6000000000000005,,,,,,,,,,,,,,,,,,,,,,,,,,,,,,,,,,,,
359,2019,1,4,17,15,2.1,0,0,0,5.5,,,,,,,,,,,,,,,,,,,,,,,,,,,,,,,,,,,,
360,2019,1,4,17,30,2.1,0,0,0,5.5,,,,,,,,,,,,,,,,,,,,,,,,,,,,,,,,,,,,
361,2019,1,4,17,45,2.2,0,0,0,5.4,,,,,,,,,,,,,,,,,,,,,,,,,,,,,,,,,,,,
362,2019,1,4,18,0,2.3000000000000003,0,0,0,5.300000000000001,,,,,,,,,,,,,,,,,,,,,,,,,,,,,,,,,,,,
363,2019,1,4,18,15,2.3000000000000003,0,0,0,5.300000000000001,,,,,,,,,,,,,,,,,,,,,,,,,,,,,,,,,,,,
364,2019,1,4,18,30,2.4000000000000004,0,0,0,5.2,,,,,,,,,,,,,,,,,,,,,,,,,,,,,,,,,,,,
365,2019,1,4,18,45,2.5,0,0,0,5.2,,,,,,,,,,,,,,,,,,,,,,,,,,,,,,,,,,,,
366,2019,1,4,19,0,2.6,0,0,0,5.1000000000000005,,,,,,,,,,,,,,,,,,,,,,,,,,,,,,,,,,,,
367,2019,1,4,19,15,2.6,0,0,0,5,,,,,,,,,,,,,,,,,,,,,,,,,,,,,,,,,,,,
368,2019,1,4,19,30,2.7,0,0,0,5,,,,,,,,,,,,,,,,,,,,,,,,,,,,,,,,,,,,
369,2019,1,4,19,45,2.7,0,0,0,4.9,,,,,,,,,,,,,,,,,,,,,,,,,,,,,,,,,,,,
370,2019,1,4,20,0,2.8000000000000003,0,0,0,4.800000000000001,,,,,,,,,,,,,,,,,,,,,,,,,,,,,,,,,,,,
371,2019,1,4,20,15,2.8000000000000003,0,0,0,4.800000000000001,,,,,,,,,,,,,,,,,,,,,,,,,,,,,,,,,,,,
372,2019,1,4,20,30,2.8000000000000003,0,0,0,4.800000000000001,,,,,,,,,,,,,,,,,,,,,,,,,,,,,,,,,,,,
373,2019,1,4,20,45,2.8000000000000003,0,0,0,4.800000000000001,,,,,,,,,,,,,,,,,,,,,,,,,,,,,,,,,,,,
374,2019,1,4,21,0,2.8000000000000003,0,0,0,4.7,,,,,,,,,,,,,,,,,,,,,,,,,,,,,,,,,,,,
375,2019,1,4,21,15,2.9000000000000004,0,0,0,4.800000000000001,,,,,,,,,,,,,,,,,,,,,,,,,,,,,,,,,,,,
376,2019,1,4,21,30,2.9000000000000004,0,0,0,4.800000000000001,,,,,,,,,,,,,,,,,,,,,,,,,,,,,,,,,,,,
377,2019,1,4,21,45,2.9000000000000004,0,0,0,4.800000000000001,,,,,,,,,,,,,,,,,,,,,,,,,,,,,,,,,,,,
378,2019,1,4,22,0,2.9000000000000004,0,0,0,4.9,,,,,,,,,,,,,,,,,,,,,,,,,,,,,,,,,,,,
379,2019,1,4,22,15,3,0,0,0,4.9,,,,,,,,,,,,,,,,,,,,,,,,,,,,,,,,,,,,
380,2019,1,4,22,30,3,0,0,0,5,,,,,,,,,,,,,,,,,,,,,,,,,,,,,,,,,,,,
381,2019,1,4,22,45,3.1,0,0,0,5,,,,,,,,,,,,,,,,,,,,,,,,,,,,,,,,,,,,
382,2019,1,4,23,0,3.1,0,0,0,5.1000000000000005,,,,,,,,,,,,,,,,,,,,,,,,,,,,,,,,,,,,
383,2019,1,4,23,15,3.2,0,0,0,5.1000000000000005,,,,,,,,,,,,,,,,,,,,,,,,,,,,,,,,,,,,
384,2019,1,4,23,30,3.2,0,0,0,5.2,,,,,,,,,,,,,,,,,,,,,,,,,,,,,,,,,,,,
385,2019,1,4,23,45,3.3000000000000003,0,0,0,5.300000000000001,,,,,,,,,,,,,,,,,,,,,,,,,,,,,,,,,,,,
386,2019,1,5,0,0,3.4000000000000004,0,0,0,5.4,,,,,,,,,,,,,,,,,,,,,,,,,,,,,,,,,,,,
387,2019,1,5,0,15,3.4000000000000004,0,0,0,5.4,,,,,,,,,,,,,,,,,,,,,,,,,,,,,,,,,,,,
388,2019,1,5,0,30,3.4000000000000004,0,0,0,5.4,,,,,,,,,,,,,,,,,,,,,,,,,,,,,,,,,,,,
389,2019,1,5,0,45,3.4000000000000004,0,0,0,5.4,,,,,,,,,,,,,,,,,,,,,,,,,,,,,,,,,,,,
390,2019,1,5,1,0,3.7,0,0,0,5.7,,,,,,,,,,,,,,,,,,,,,,,,,,,,,,,,,,,,
391,2019,1,5,1,15,3.8000000000000003,0,0,0,5.7,,,,,,,,,,,,,,,,,,,,,,,,,,,,,,,,,,,,
392,2019,1,5,1,30,3.8000000000000003,0,0,0,5.800000000000001,,,,,,,,,,,,,,,,,,,,,,,,,,,,,,,,,,,,
393,2019,1,5,1,45,3.9000000000000004,0,0,0,5.800000000000001,,,,,,,,,,,,,,,,,,,,,,,,,,,,,,,,,,,,
394,2019,1,5,2,0,4,0,0,0,5.800000000000001,,,,,,,,,,,,,,,,,,,,,,,,,,,,,,,,,,,,
395,2019,1,5,2,15,4,0,0,0,5.800000000000001,,,,,,,,,,,,,,,,,,,,,,,,,,,,,,,,,,,,
396,2019,1,5,2,30,4.1000000000000005,0,0,0,5.9,,,,,,,,,,,,,,,,,,,,,,,,,,,,,,,,,,,,
397,2019,1,5,2,45,4.1000000000000005,0,0,0,5.9,,,,,,,,,,,,,,,,,,,,,,,,,,,,,,,,,,,,
398,2019,1,5,3,0,4.2,0,0,0,6,,,,,,,,,,,,,,,,,,,,,,,,,,,,,,,,,,,,
399,2019,1,5,3,15,4.2,0,0,0,6,,,,,,,,,,,,,,,,,,,,,,,,,,,,,,,,,,,,
400,2019,1,5,3,30,4.2,0,0,0,6,,,,,,,,,,,,,,,,,,,,,,,,,,,,,,,,,,,,
401,2019,1,5,3,45,4.2,0,0,0,6,,,,,,,,,,,,,,,,,,,,,,,,,,,,,,,,,,,,
402,2019,1,5,4,0,4.2,0,0,0,6,,,,,,,,,,,,,,,,,,,,,,,,,,,,,,,,,,,,
403,2019,1,5,4,15,4.1000000000000005,0,0,0,6,,,,,,,,,,,,,,,,,,,,,,,,,,,,,,,,,,,,
404,2019,1,5,4,30,4,0,0,0,6,,,,,,,,,,,,,,,,,,,,,,,,,,,,,,,,,,,,
405,2019,1,5,4,45,3.9000000000000004,0,0,0,6,,,,,,,,,,,,,,,,,,,,,,,,,,,,,,,,,,,,
406,2019,1,5,5,0,3.7,0,0,0,6,,,,,,,,,,,,,,,,,,,,,,,,,,,,,,,,,,,,
407,2019,1,5,5,15,3.7,0,0,0,5.9,,,,,,,,,,,,,,,,,,,,,,,,,,,,,,,,,,,,
408,2019,1,5,5,30,3.6,0,0,0,5.9,,,,,,,,,,,,,,,,,,,,,,,,,,,,,,,,,,,,
409,2019,1,5,5,45,3.5,0,0,0,5.9,,,,,,,,,,,,,,,,,,,,,,,,,,,,,,,,,,,,
410,2019,1,5,6,0,3.4000000000000004,0,0,0,5.9,,,,,,,,,,,,,,,,,,,,,,,,,,,,,,,,,,,,
411,2019,1,5,6,15,3.6,0,0,0,5.9,,,,,,,,,,,,,,,,,,,,,,,,,,,,,,,,,,,,
412,2019,1,5,6,30,3.7,0,0,0,5.800000000000001,,,,,,,,,,,,,,,,,,,,,,,,,,,,,,,,,,,,
413,2019,1,5,6,45,3.8000000000000003,0,0,0,5.800000000000001,,,,,,,,,,,,,,,,,,,,,,,,,,,,,,,,,,,,
414,2019,1,5,7,0,3.9000000000000004,0,0,0,5.7,,,,,,,,,,,,,,,,,,,,,,,,,,,,,,,,,,,,
415,2019,1,5,7,15,4.1000000000000005,0,0,0,5.6000000000000005,,,,,,,,,,,,,,,,,,,,,,,,,,,,,,,,,,,,
416,2019,1,5,7,30,4.3,0,0,0,5.6000000000000005,,,,,,,,,,,,,,,,,,,,,,,,,,,,,,,,,,,,
417,2019,1,5,7,45,4.5,0,0,0,5.5,,,,,,,,,,,,,,,,,,,,,,,,,,,,,,,,,,,,
418,2019,1,5,8,0,4.7,0,0,0,5.5,,,,,,,,,,,,,,,,,,,,,,,,,,,,,,,,,,,,
419,2019,1,5,8,15,4.9,0,0,0,5.4,,,,,,,,,,,,,,,,,,,,,,,,,,,,,,,,,,,,
420,2019,1,5,8,30,5,0,0,0,5.300000000000001,,,,,,,,,,,,,,,,,,,,,,,,,,,,,,,,,,,,
421,2019,1,5,8,45,5.2,3,0,3,5.300000000000001,,,,,,,,,,,,,,,,,,,,,,,,,,,,,,,,,,,,
422,2019,1,5,9,0,5.300000000000001,5,0,5,5.2,,,,,,,,,,,,,,,,,,,,,,,,,,,,,,,,,,,,
423,2019,1,5,9,15,5.4,5,0,5,5.2,,,,,,,,,,,,,,,,,,,,,,,,,,,,,,,,,,,,
424,2019,1,5,9,30,5.5,6,0,6,5.1000000000000005,,,,,,,,,,,,,,,,,,,,,,,,,,,,,,,,,,,,
425,2019,1,5,9,45,5.6000000000000005,7,0,7,5.1000000000000005,,,,,,,,,,,,,,,,,,,,,,,,,,,,,,,,,,,,
426,2019,1,5,10,0,5.7,9,0,9,5,,,,,,,,,,,,,,,,,,,,,,,,,,,,,,,,,,,,
427,2019,1,5,10,15,5.800000000000001,10,0,10,5,,,,,,,,,,,,,,,,,,,,,,,,,,,,,,,,,,,,
428,2019,1,5,10,30,5.9,11,0,11,5,,,,,,,,,,,,,,,,,,,,,,,,,,,,,,,,,,,,
429,2019,1,5,10,45,6,12,0,12,5,,,,,,,,,,,,,,,,,,,,,,,,,,,,,,,,,,,,
430,2019,1,5,11,0,6.1000000000000005,13,0,13,5,,,,,,,,,,,,,,,,,,,,,,,,,,,,,,,,,,,,
431,2019,1,5,11,15,6.2,14,0,14,4.9,,,,,,,,,,,,,,,,,,,,,,,,,,,,,,,,,,,,
432,2019,1,5,11,30,6.2,15,0,15,4.800000000000001,,,,,,,,,,,,,,,,,,,,,,,,,,,,,,,,,,,,
433,2019,1,5,11,45,6.300000000000001,15,0,15,4.7,,,,,,,,,,,,,,,,,,,,,,,,,,,,,,,,,,,,
434,2019,1,5,12,0,6.300000000000001,16,0,16,4.7,,,,,,,,,,,,,,,,,,,,,,,,,,,,,,,,,,,,
435,2019,1,5,12,15,6.4,16,0,16,4.6000000000000005,,,,,,,,,,,,,,,,,,,,,,,,,,,,,,,,,,,,
436,2019,1,5,12,30,6.4,16,0,16,4.6000000000000005,,,,,,,,,,,,,,,,,,,,,,,,,,,,,,,,,,,,
437,2019,1,5,12,45,6.4,16,0,16,4.6000000000000005,,,,,,,,,,,,,,,,,,,,,,,,,,,,,,,,,,,,
438,2019,1,5,13,0,6.5,15,0,15,4.6000000000000005,,,,,,,,,,,,,,,,,,,,,,,,,,,,,,,,,,,,
439,2019,1,5,13,15,6.5,14,0,14,4.4,,,,,,,,,,,,,,,,,,,,,,,,,,,,,,,,,,,,
440,2019,1,5,13,30,6.5,14,0,14,4.3,,,,,,,,,,,,,,,,,,,,,,,,,,,,,,,,,,,,
441,2019,1,5,13,45,6.4,13,0,13,4.2,,,,,,,,,,,,,,,,,,,,,,,,,,,,,,,,,,,,
442,2019,1,5,14,0,6.4,12,0,12,4.1000000000000005,,,,,,,,,,,,,,,,,,,,,,,,,,,,,,,,,,,,
443,2019,1,5,14,15,6.4,11,0,11,4,,,,,,,,,,,,,,,,,,,,,,,,,,,,,,,,,,,,
444,2019,1,5,14,30,6.300000000000001,9,0,9,3.9000000000000004,,,,,,,,,,,,,,,,,,,,,,,,,,,,,,,,,,,,
445,2019,1,5,14,45,6.2,8,0,8,3.8000000000000003,,,,,,,,,,,,,,,,,,,,,,,,,,,,,,,,,,,,
446,2019,1,5,15,0,6.1000000000000005,7,0,7,3.7,,,,,,,,,,,,,,,,,,,,,,,,,,,,,,,,,,,,
447,2019,1,5,15,15,6.1000000000000005,6,0,6,3.6,,,,,,,,,,,,,,,,,,,,,,,,,,,,,,,,,,,,
448,2019,1,5,15,30,6,4,0,4,3.6,,,,,,,,,,,,,,,,,,,,,,,,,,,,,,,,,,,,
449,2019,1,5,15,45,5.9,3,0,3,3.6,,,,,,,,,,,,,,,,,,,,,,,,,,,,,,,,,,,,
450,2019,1,5,16,0,5.9,2,0,2,3.6,,,,,,,,,,,,,,,,,,,,,,,,,,,,,,,,,,,,
451,2019,1,5,16,15,5.9,0,0,0,3.6,,,,,,,,,,,,,,,,,,,,,,,,,,,,,,,,,,,,
452,2019,1,5,16,30,5.9,0,0,0,3.7,,,,,,,,,,,,,,,,,,,,,,,,,,,,,,,,,,,,
453,2019,1,5,16,45,5.9,0,0,0,3.7,,,,,,,,,,,,,,,,,,,,,,,,,,,,,,,,,,,,
454,2019,1,5,17,0,5.9,0,0,0,3.7,,,,,,,,,,,,,,,,,,,,,,,,,,,,,,,,,,,,
455,2019,1,5,17,15,5.9,0,0,0,3.7,,,,,,,,,,,,,,,,,,,,,,,,,,,,,,,,,,,,
456,2019,1,5,17,30,5.9,0,0,0,3.7,,,,,,,,,,,,,,,,,,,,,,,,,,,,,,,,,,,,
457,2019,1,5,17,45,5.9,0,0,0,3.7,,,,,,,,,,,,,,,,,,,,,,,,,,,,,,,,,,,,
458,2019,1,5,18,0,5.9,0,0,0,3.7,,,,,,,,,,,,,,,,,,,,,,,,,,,,,,,,,,,,
459,2019,1,5,18,15,5.9,0,0,0,3.7,,,,,,,,,,,,,,,,,,,,,,,,,,,,,,,,,,,,
460,2019,1,5,18,30,5.9,0,0,0,3.7,,,,,,,,,,,,,,,,,,,,,,,,,,,,,,,,,,,,
461,2019,1,5,18,45,5.800000000000001,0,0,0,3.6,,,,,,,,,,,,,,,,,,,,,,,,,,,,,,,,,,,,
462,2019,1,5,19,0,5.800000000000001,0,0,0,3.6,,,,,,,,,,,,,,,,,,,,,,,,,,,,,,,,,,,,
463,2019,1,5,19,15,5.800000000000001,0,0,0,3.6,,,,,,,,,,,,,,,,,,,,,,,,,,,,,,,,,,,,
464,2019,1,5,19,30,5.7,0,0,0,3.6,,,,,,,,,,,,,,,,,,,,,,,,,,,,,,,,,,,,
465,2019,1,5,19,45,5.7,0,0,0,3.5,,,,,,,,,,,,,,,,,,,,,,,,,,,,,,,,,,,,
466,2019,1,5,20,0,5.6000000000000005,0,0,0,3.5,,,,,,,,,,,,,,,,,,,,,,,,,,,,,,,,,,,,
467,2019,1,5,20,15,5.5,0,0,0,3.5,,,,,,,,,,,,,,,,,,,,,,,,,,,,,,,,,,,,
468,2019,1,5,20,30,5.5,0,0,0,3.5,,,,,,,,,,,,,,,,,,,,,,,,,,,,,,,,,,,,
469,2019,1,5,20,45,5.4,0,0,0,3.5,,,,,,,,,,,,,,,,,,,,,,,,,,,,,,,,,,,,
470,2019,1,5,21,0,5.300000000000001,0,0,0,3.4000000000000004,,,,,,,,,,,,,,,,,,,,,,,,,,,,,,,,,,,,
471,2019,1,5,21,15,5.2,0,0,0,3.4000000000000004,,,,,,,,,,,,,,,,,,,,,,,,,,,,,,,,,,,,
472,2019,1,5,21,30,5.2,0,0,0,3.4000000000000004,,,,,,,,,,,,,,,,,,,,,,,,,,,,,,,,,,,,
473,2019,1,5,21,45,5.1000000000000005,0,0,0,3.4000000000000004,,,,,,,,,,,,,,,,,,,,,,,,,,,,,,,,,,,,
474,2019,1,5,22,0,5,0,0,0,3.4000000000000004,,,,,,,,,,,,,,,,,,,,,,,,,,,,,,,,,,,,
475,2019,1,5,22,15,5,0,0,0,3.3000000000000003,,,,,,,,,,,,,,,,,,,,,,,,,,,,,,,,,,,,
476,2019,1,5,22,30,4.9,0,0,0,3.3000000000000003,,,,,,,,,,,,,,,,,,,,,,,,,,,,,,,,,,,,
477,2019,1,5,22,45,4.800000000000001,0,0,0,3.3000000000000003,,,,,,,,,,,,,,,,,,,,,,,,,,,,,,,,,,,,
478,2019,1,5,23,0,4.7,0,0,0,3.2,,,,,,,,,,,,,,,,,,,,,,,,,,,,,,,,,,,,
479,2019,1,5,23,15,4.6000000000000005,0,0,0,3.2,,,,,,,,,,,,,,,,,,,,,,,,,,,,,,,,,,,,
480,2019,1,5,23,30,4.5,0,0,0,3.1,,,,,,,,,,,,,,,,,,,,,,,,,,,,,,,,,,,,
481,2019,1,5,23,45,4.4,0,0,0,3.1,,,,,,,,,,,,,,,,,,,,,,,,,,,,,,,,,,,,
482,2019,1,6,0,0,4.3,0,0,0,3.1,,,,,,,,,,,,,,,,,,,,,,,,,,,,,,,,,,,,
483,2019,1,6,0,15,4.3,0,0,0,3.1,,,,,,,,,,,,,,,,,,,,,,,,,,,,,,,,,,,,
484,2019,1,6,0,30,4.3,0,0,0,3.1,,,,,,,,,,,,,,,,,,,,,,,,,,,,,,,,,,,,
485,2019,1,6,0,45,4.3,0,0,0,3.1,,,,,,,,,,,,,,,,,,,,,,,,,,,,,,,,,,,,
486,2019,1,6,1,0,3.9000000000000004,0,0,0,2.9000000000000004,,,,,,,,,,,,,,,,,,,,,,,,,,,,,,,,,,,,
487,2019,1,6,1,15,3.8000000000000003,0,0,0,2.9000000000000004,,,,,,,,,,,,,,,,,,,,,,,,,,,,,,,,,,,,
488,2019,1,6,1,30,3.7,0,0,0,2.8000000000000003,,,,,,,,,,,,,,,,,,,,,,,,,,,,,,,,,,,,
489,2019,1,6,1,45,3.6,0,0,0,2.7,,,,,,,,,,,,,,,,,,,,,,,,,,,,,,,,,,,,
490,2019,1,6,2,0,3.5,0,0,0,2.7,,,,,,,,,,,,,,,,,,,,,,,,,,,,,,,,,,,,
491,2019,1,6,2,15,3.4000000000000004,0,0,0,2.6,,,,,,,,,,,,,,,,,,,,,,,,,,,,,,,,,,,,
492,2019,1,6,2,30,3.3000000000000003,0,0,0,2.5,,,,,,,,,,,,,,,,,,,,,,,,,,,,,,,,,,,,
493,2019,1,6,2,45,3.2,0,0,0,2.5,,,,,,,,,,,,,,,,,,,,,,,,,,,,,,,,,,,,
494,2019,1,6,3,0,3.1,0,0,0,2.4000000000000004,,,,,,,,,,,,,,,,,,,,,,,,,,,,,,,,,,,,
495,2019,1,6,3,15,3,0,0,0,2.3000000000000003,,,,,,,,,,,,,,,,,,,,,,,,,,,,,,,,,,,,
496,2019,1,6,3,30,2.9000000000000004,0,0,0,2.2,,,,,,,,,,,,,,,,,,,,,,,,,,,,,,,,,,,,
497,2019,1,6,3,45,2.8000000000000003,0,0,0,2.2,,,,,,,,,,,,,,,,,,,,,,,,,,,,,,,,,,,,
498,2019,1,6,4,0,2.8000000000000003,0,0,0,2.1,,,,,,,,,,,,,,,,,,,,,,,,,,,,,,,,,,,,
499,2019,1,6,4,15,2.7,0,0,0,2,,,,,,,,,,,,,,,,,,,,,,,,,,,,,,,,,,,,
500,2019,1,6,4,30,2.6,0,0,0,1.9000000000000001,,,,,,,,,,,,,,,,,,,,,,,,,,,,,,,,,,,,
501,2019,1,6,4,45,2.5,0,0,0,1.8,,,,,,,,,,,,,,,,,,,,,,,,,,,,,,,,,,,,
502,2019,1,6,5,0,2.4000000000000004,0,0,0,1.7000000000000002,,,,,,,,,,,,,,,,,,,,,,,,,,,,,,,,,,,,
503,2019,1,6,5,15,2.3000000000000003,0,0,0,1.6,,,,,,,,,,,,,,,,,,,,,,,,,,,,,,,,,,,,
504,2019,1,6,5,30,2.2,0,0,0,1.5,,,,,,,,,,,,,,,,,,,,,,,,,,,,,,,,,,,,
505,2019,1,6,5,45,2.1,0,0,0,1.4000000000000001,,,,,,,,,,,,,,,,,,,,,,,,,,,,,,,,,,,,
506,2019,1,6,6,0,2,0,0,0,1.3,,,,,,,,,,,,,,,,,,,,,,,,,,,,,,,,,,,,
507,2019,1,6,6,15,1.9000000000000001,0,0,0,1.2000000000000002,,,,,,,,,,,,,,,,,,,,,,,,,,,,,,,,,,,,
508,2019,1,6,6,30,1.7000000000000002,0,0,0,1.1,,,,,,,,,,,,,,,,,,,,,,,,,,,,,,,,,,,,
509,2019,1,6,6,45,1.5,0,0,0,1,,,,,,,,,,,,,,,,,,,,,,,,,,,,,,,,,,,,
510,2019,1,6,7,0,1.4000000000000001,0,0,0,1,,,,,,,,,,,,,,,,,,,,,,,,,,,,,,,,,,,,
511,2019,1,6,7,15,1.3,0,0,0,0.9,,,,,,,,,,,,,,,,,,,,,,,,,,,,,,,,,,,,
512,2019,1,6,7,30,1.2000000000000002,0,0,0,0.9,,,,,,,,,,,,,,,,,,,,,,,,,,,,,,,,,,,,
513,2019,1,6,7,45,1.2000000000000002,0,0,0,0.9,,,,,,,,,,,,,,,,,,,,,,,,,,,,,,,,,,,,
514,2019,1,6,8,0,1.1,0,0,0,0.9,,,,,,,,,,,,,,,,,,,,,,,,,,,,,,,,,,,,
515,2019,1,6,8,15,1.4000000000000001,0,0,0,1.1,,,,,,,,,,,,,,,,,,,,,,,,,,,,,,,,,,,,
516,2019,1,6,8,30,1.7000000000000002,0,0,0,1.2000000000000002,,,,,,,,,,,,,,,,,,,,,,,,,,,,,,,,,,,,
517,2019,1,6,8,45,2,3,0,3,1.4000000000000001,,,,,,,,,,,,,,,,,,,,,,,,,,,,,,,,,,,,
518,2019,1,6,9,0,2.3000000000000003,4,0,4,1.6,,,,,,,,,,,,,,,,,,,,,,,,,,,,,,,,,,,,
519,2019,1,6,9,15,2.5,5,0,5,1.7000000000000002,,,,,,,,,,,,,,,,,,,,,,,,,,,,,,,,,,,,
520,2019,1,6,9,30,2.7,6,0,6,1.8,,,,,,,,,,,,,,,,,,,,,,,,,,,,,,,,,,,,
521,2019,1,6,9,45,2.8000000000000003,8,0,8,1.9000000000000001,,,,,,,,,,,,,,,,,,,,,,,,,,,,,,,,,,,,
522,2019,1,6,10,0,3,9,0,9,2,,,,,,,,,,,,,,,,,,,,,,,,,,,,,,,,,,,,
523,2019,1,6,10,15,3.2,10,0,10,2,,,,,,,,,,,,,,,,,,,,,,,,,,,,,,,,,,,,
524,2019,1,6,10,30,3.3000000000000003,11,0,11,2.1,,,,,,,,,,,,,,,,,,,,,,,,,,,,,,,,,,,,
525,2019,1,6,10,45,3.4000000000000004,13,0,13,2.1,,,,,,,,,,,,,,,,,,,,,,,,,,,,,,,,,,,,
526,2019,1,6,11,0,3.6,9,0,9,2.1,,,,,,,,,,,,,,,,,,,,,,,,,,,,,,,,,,,,
527,2019,1,6,11,15,3.7,9,0,9,2.1,,,,,,,,,,,,,,,,,,,,,,,,,,,,,,,,,,,,
528,2019,1,6,11,30,3.9000000000000004,9,0,9,2.1,,,,,,,,,,,,,,,,,,,,,,,,,,,,,,,,,,,,
529,2019,1,6,11,45,4,10,0,10,2.1,,,,,,,,,,,,,,,,,,,,,,,,,,,,,,,,,,,,
530,2019,1,6,12,0,4.2,10,0,10,2.1,,,,,,,,,,,,,,,,,,,,,,,,,,,,,,,,,,,,
531,2019,1,6,12,15,4.2,10,0,10,2.1,,,,,,,,,,,,,,,,,,,,,,,,,,,,,,,,,,,,
532,2019,1,6,12,30,4.3,10,0,10,2.1,,,,,,,,,,,,,,,,,,,,,,,,,,,,,,,,,,,,
533,2019,1,6,12,45,4.4,16,0,16,2.1,,,,,,,,,,,,,,,,,,,,,,,,,,,,,,,,,,,,
534,2019,1,6,13,0,4.5,11,0,11,2.1,,,,,,,,,,,,,,,,,,,,,,,,,,,,,,,,,,,,
535,2019,1,6,13,15,4.4,15,0,15,2.1,,,,,,,,,,,,,,,,,,,,,,,,,,,,,,,,,,,,
536,2019,1,6,13,30,4.4,14,0,14,2,,,,,,,,,,,,,,,,,,,,,,,,,,,,,,,,,,,,
537,2019,1,6,13,45,4.4,10,0,10,1.9000000000000001,,,,,,,,,,,,,,,,,,,,,,,,,,,,,,,,,,,,
538,2019,1,6,14,0,4.4,12,0,12,1.9000000000000001,,,,,,,,,,,,,,,,,,,,,,,,,,,,,,,,,,,,
539,2019,1,6,14,15,4.2,11,0,11,1.7000000000000002,,,,,,,,,,,,,,,,,,,,,,,,,,,,,,,,,,,,
540,2019,1,6,14,30,4,10,0,10,1.4000000000000001,,,,,,,,,,,,,,,,,,,,,,,,,,,,,,,,,,,,
541,2019,1,6,14,45,3.8000000000000003,8,0,8,1.2000000000000002,,,,,,,,,,,,,,,,,,,,,,,,,,,,,,,,,,,,
542,2019,1,6,15,0,3.5,7,0,7,1,,,,,,,,,,,,,,,,,,,,,,,,,,,,,,,,,,,,
543,2019,1,6,15,15,3.4000000000000004,6,0,6,1,,,,,,,,,,,,,,,,,,,,,,,,,,,,,,,,,,,,
544,2019,1,6,15,30,3.2,30,361,62,1,,,,,,,,,,,,,,,,,,,,,,,,,,,,,,,,,,,,
545,2019,1,6,15,45,3,3,0,3,1,,,,,,,,,,,,,,,,,,,,,,,,,,,,,,,,,,,,
546,2019,1,6,16,0,2.9000000000000004,2,0,2,1,,,,,,,,,,,,,,,,,,,,,,,,,,,,,,,,,,,,
547,2019,1,6,16,15,2.9000000000000004,0,0,0,1,,,,,,,,,,,,,,,,,,,,,,,,,,,,,,,,,,,,
548,2019,1,6,16,30,3,0,0,0,1.1,,,,,,,,,,,,,,,,,,,,,,,,,,,,,,,,,,,,
549,2019,1,6,16,45,3,0,0,0,1.1,,,,,,,,,,,,,,,,,,,,,,,,,,,,,,,,,,,,
550,2019,1,6,17,0,3.1,0,0,0,1.2000000000000002,,,,,,,,,,,,,,,,,,,,,,,,,,,,,,,,,,,,
551,2019,1,6,17,15,3.1,0,0,0,1.3,,,,,,,,,,,,,,,,,,,,,,,,,,,,,,,,,,,,
552,2019,1,6,17,30,3.2,0,0,0,1.4000000000000001,,,,,,,,,,,,,,,,,,,,,,,,,,,,,,,,,,,,
553,2019,1,6,17,45,3.3000000000000003,0,0,0,1.5,,,,,,,,,,,,,,,,,,,,,,,,,,,,,,,,,,,,
554,2019,1,6,18,0,3.3000000000000003,0,0,0,1.5,,,,,,,,,,,,,,,,,,,,,,,,,,,,,,,,,,,,
555,2019,1,6,18,15,3.4000000000000004,0,0,0,1.6,,,,,,,,,,,,,,,,,,,,,,,,,,,,,,,,,,,,
556,2019,1,6,18,30,3.5,0,0,0,1.7000000000000002,,,,,,,,,,,,,,,,,,,,,,,,,,,,,,,,,,,,
557,2019,1,6,18,45,3.5,0,0,0,1.8,,,,,,,,,,,,,,,,,,,,,,,,,,,,,,,,,,,,
558,2019,1,6,19,0,3.6,0,0,0,1.9000000000000001,,,,,,,,,,,,,,,,,,,,,,,,,,,,,,,,,,,,
559,2019,1,6,19,15,3.6,0,0,0,1.9000000000000001,,,,,,,,,,,,,,,,,,,,,,,,,,,,,,,,,,,,
560,2019,1,6,19,30,3.7,0,0,0,2,,,,,,,,,,,,,,,,,,,,,,,,,,,,,,,,,,,,
561,2019,1,6,19,45,3.7,0,0,0,2,,,,,,,,,,,,,,,,,,,,,,,,,,,,,,,,,,,,
562,2019,1,6,20,0,3.7,0,0,0,2.1,,,,,,,,,,,,,,,,,,,,,,,,,,,,,,,,,,,,
563,2019,1,6,20,15,3.7,0,0,0,2.1,,,,,,,,,,,,,,,,,,,,,,,,,,,,,,,,,,,,
564,2019,1,6,20,30,3.7,0,0,0,2.1,,,,,,,,,,,,,,,,,,,,,,,,,,,,,,,,,,,,
565,2019,1,6,20,45,3.7,0,0,0,2.1,,,,,,,,,,,,,,,,,,,,,,,,,,,,,,,,,,,,
566,2019,1,6,21,0,3.7,0,0,0,2.1,,,,,,,,,,,,,,,,,,,,,,,,,,,,,,,,,,,,
567,2019,1,6,21,15,3.7,0,0,0,2.1,,,,,,,,,,,,,,,,,,,,,,,,,,,,,,,,,,,,
568,2019,1,6,21,30,3.8000000000000003,0,0,0,2.2,,,,,,,,,,,,,,,,,,,,,,,,,,,,,,,,,,,,
569,2019,1,6,21,45,3.8000000000000003,0,0,0,2.2,,,,,,,,,,,,,,,,,,,,,,,,,,,,,,,,,,,,
570,2019,1,6,22,0,3.8000000000000003,0,0,0,2.3000000000000003,,,,,,,,,,,,,,,,,,,,,,,,,,,,,,,,,,,,
571,2019,1,6,22,15,3.8000000000000003,0,0,0,2.3000000000000003,,,,,,,,,,,,,,,,,,,,,,,,,,,,,,,,,,,,
572,2019,1,6,22,30,3.8000000000000003,0,0,0,2.4000000000000004,,,,,,,,,,,,,,,,,,,,,,,,,,,,,,,,,,,,
573,2019,1,6,22,45,3.9000000000000004,0,0,0,2.5,,,,,,,,,,,,,,,,,,,,,,,,,,,,,,,,,,,,
574,2019,1,6,23,0,3.9000000000000004,0,0,0,2.5,,,,,,,,,,,,,,,,,,,,,,,,,,,,,,,,,,,,
575,2019,1,6,23,15,3.9000000000000004,0,0,0,2.6,,,,,,,,,,,,,,,,,,,,,,,,,,,,,,,,,,,,
576,2019,1,6,23,30,4,0,0,0,2.7,,,,,,,,,,,,,,,,,,,,,,,,,,,,,,,,,,,,
577,2019,1,6,23,45,4,0,0,0,2.8000000000000003,,,,,,,,,,,,,,,,,,,,,,,,,,,,,,,,,,,,
578,2019,1,7,0,0,4,0,0,0,2.9000000000000004,,,,,,,,,,,,,,,,,,,,,,,,,,,,,,,,,,,,
579,2019,1,7,0,15,4,0,0,0,2.9000000000000004,,,,,,,,,,,,,,,,,,,,,,,,,,,,,,,,,,,,
580,2019,1,7,0,30,4,0,0,0,2.9000000000000004,,,,,,,,,,,,,,,,,,,,,,,,,,,,,,,,,,,,
581,2019,1,7,0,45,4,0,0,0,2.9000000000000004,,,,,,,,,,,,,,,,,,,,,,,,,,,,,,,,,,,,
582,2019,1,7,1,0,4.1000000000000005,0,0,0,3.2,,,,,,,,,,,,,,,,,,,,,,,,,,,,,,,,,,,,
583,2019,1,7,1,15,4.1000000000000005,0,0,0,3.2,,,,,,,,,,,,,,,,,,,,,,,,,,,,,,,,,,,,
584,2019,1,7,1,30,4.1000000000000005,0,0,0,3.3000000000000003,,,,,,,,,,,,,,,,,,,,,,,,,,,,,,,,,,,,
585,2019,1,7,1,45,4.1000000000000005,0,0,0,3.3000000000000003,,,,,,,,,,,,,,,,,,,,,,,,,,,,,,,,,,,,
586,2019,1,7,2,0,4.2,0,0,0,3.3000000000000003,,,,,,,,,,,,,,,,,,,,,,,,,,,,,,,,,,,,
587,2019,1,7,2,15,4.2,0,0,0,3.3000000000000003,,,,,,,,,,,,,,,,,,,,,,,,,,,,,,,,,,,,
588,2019,1,7,2,30,4.2,0,0,0,3.4000000000000004,,,,,,,,,,,,,,,,,,,,,,,,,,,,,,,,,,,,
589,2019,1,7,2,45,4.2,0,0,0,3.4000000000000004,,,,,,,,,,,,,,,,,,,,,,,,,,,,,,,,,,,,
590,2019,1,7,3,0,4.2,0,0,0,3.5,,,,,,,,,,,,,,,,,,,,,,,,,,,,,,,,,,,,
591,2019,1,7,3,15,4.2,0,0,0,3.5,,,,,,,,,,,,,,,,,,,,,,,,,,,,,,,,,,,,
592,2019,1,7,3,30,4.3,0,0,0,3.6,,,,,,,,,,,,,,,,,,,,,,,,,,,,,,,,,,,,
593,2019,1,7,3,45,4.3,0,0,0,3.6,,,,,,,,,,,,,,,,,,,,,,,,,,,,,,,,,,,,
594,2019,1,7,4,0,4.3,0,0,0,3.7,,,,,,,,,,,,,,,,,,,,,,,,,,,,,,,,,,,,
595,2019,1,7,4,15,4.3,0,0,0,3.7,,,,,,,,,,,,,,,,,,,,,,,,,,,,,,,,,,,,
596,2019,1,7,4,30,4.3,0,0,0,3.7,,,,,,,,,,,,,,,,,,,,,,,,,,,,,,,,,,,,
597,2019,1,7,4,45,4.3,0,0,0,3.7,,,,,,,,,,,,,,,,,,,,,,,,,,,,,,,,,,,,
598,2019,1,7,5,0,4.3,0,0,0,3.7,,,,,,,,,,,,,,,,,,,,,,,,,,,,,,,,,,,,
599,2019,1,7,5,15,4.3,0,0,0,3.6,,,,,,,,,,,,,,,,,,,,,,,,,,,,,,,,,,,,
600,2019,1,7,5,30,4.3,0,0,0,3.6,,,,,,,,,,,,,,,,,,,,,,,,,,,,,,,,,,,,
601,2019,1,7,5,45,4.2,0,0,0,3.6,,,,,,,,,,,,,,,,,,,,,,,,,,,,,,,,,,,,
602,2019,1,7,6,0,4.2,0,0,0,3.5,,,,,,,,,,,,,,,,,,,,,,,,,,,,,,,,,,,,
603,2019,1,7,6,15,4.2,0,0,0,3.5,,,,,,,,,,,,,,,,,,,,,,,,,,,,,,,,,,,,
604,2019,1,7,6,30,4.2,0,0,0,3.5,,,,,,,,,,,,,,,,,,,,,,,,,,,,,,,,,,,,
605,2019,1,7,6,45,4.1000000000000005,0,0,0,3.5,,,,,,,,,,,,,,,,,,,,,,,,,,,,,,,,,,,,
606,2019,1,7,7,0,4.1000000000000005,0,0,0,3.5,,,,,,,,,,,,,,,,,,,,,,,,,,,,,,,,,,,,
607,2019,1,7,7,15,4.1000000000000005,0,0,0,3.6,,,,,,,,,,,,,,,,,,,,,,,,,,,,,,,,,,,,
608,2019,1,7,7,30,4.1000000000000005,0,0,0,3.6,,,,,,,,,,,,,,,,,,,,,,,,,,,,,,,,,,,,
609,2019,1,7,7,45,4.1000000000000005,0,0,0,3.7,,,,,,,,,,,,,,,,,,,,,,,,,,,,,,,,,,,,
610,2019,1,7,8,0,4.1000000000000005,0,0,0,3.8000000000000003,,,,,,,,,,,,,,,,,,,,,,,,,,,,,,,,,,,,
611,2019,1,7,8,15,4.1000000000000005,0,0,0,3.9000000000000004,,,,,,,,,,,,,,,,,,,,,,,,,,,,,,,,,,,,
612,2019,1,7,8,30,4.1000000000000005,0,0,0,4,,,,,,,,,,,,,,,,,,,,,,,,,,,,,,,,,,,,
613,2019,1,7,8,45,4.1000000000000005,8,0,8,4.1000000000000005,,,,,,,,,,,,,,,,,,,,,,,,,,,,,,,,,,,,
614,2019,1,7,9,0,4.1000000000000005,13,0,13,4.2,,,,,,,,,,,,,,,,,,,,,,,,,,,,,,,,,,,,
615,2019,1,7,9,15,4.2,20,0,20,4.3,,,,,,,,,,,,,,,,,,,,,,,,,,,,,,,,,,,,
616,2019,1,7,9,30,4.2,26,0,26,4.3,,,,,,,,,,,,,,,,,,,,,,,,,,,,,,,,,,,,
617,2019,1,7,9,45,4.2,33,0,33,4.4,,,,,,,,,,,,,,,,,,,,,,,,,,,,,,,,,,,,
618,2019,1,7,10,0,4.3,40,0,40,4.4,,,,,,,,,,,,,,,,,,,,,,,,,,,,,,,,,,,,
619,2019,1,7,10,15,4.3,47,0,47,4.4,,,,,,,,,,,,,,,,,,,,,,,,,,,,,,,,,,,,
620,2019,1,7,10,30,4.4,53,598,179,4.4,,,,,,,,,,,,,,,,,,,,,,,,,,,,,,,,,,,,
621,2019,1,7,10,45,4.5,56,628,197,4.4,,,,,,,,,,,,,,,,,,,,,,,,,,,,,,,,,,,,
622,2019,1,7,11,0,4.5,66,0,66,4.4,,,,,,,,,,,,,,,,,,,,,,,,,,,,,,,,,,,,
623,2019,1,7,11,15,4.6000000000000005,71,0,71,4.3,,,,,,,,,,,,,,,,,,,,,,,,,,,,,,,,,,,,
624,2019,1,7,11,30,4.7,74,0,74,4.3,,,,,,,,,,,,,,,,,,,,,,,,,,,,,,,,,,,,
625,2019,1,7,11,45,4.800000000000001,77,0,77,4.3,,,,,,,,,,,,,,,,,,,,,,,,,,,,,,,,,,,,
626,2019,1,7,12,0,4.9,17,0,17,4.2,,,,,,,,,,,,,,,,,,,,,,,,,,,,,,,,,,,,
627,2019,1,7,12,15,4.9,17,0,17,4.2,,,,,,,,,,,,,,,,,,,,,,,,,,,,,,,,,,,,
628,2019,1,7,12,30,4.9,17,0,17,4.1000000000000005,,,,,,,,,,,,,,,,,,,,,,,,,,,,,,,,,,,,
629,2019,1,7,12,45,5,17,0,17,4.1000000000000005,,,,,,,,,,,,,,,,,,,,,,,,,,,,,,,,,,,,
630,2019,1,7,13,0,5,16,0,16,4,,,,,,,,,,,,,,,,,,,,,,,,,,,,,,,,,,,,
631,2019,1,7,13,15,5,15,0,15,3.9000000000000004,,,,,,,,,,,,,,,,,,,,,,,,,,,,,,,,,,,,
632,2019,1,7,13,30,5,15,0,15,3.9000000000000004,,,,,,,,,,,,,,,,,,,,,,,,,,,,,,,,,,,,
633,2019,1,7,13,45,4.9,14,0,14,3.8000000000000003,,,,,,,,,,,,,,,,,,,,,,,,,,,,,,,,,,,,
634,2019,1,7,14,0,4.9,13,0,13,3.7,,,,,,,,,,,,,,,,,,,,,,,,,,,,,,,,,,,,
635,2019,1,7,14,15,4.800000000000001,11,0,11,3.7,,,,,,,,,,,,,,,,,,,,,,,,,,,,,,,,,,,,
636,2019,1,7,14,30,4.6000000000000005,10,0,10,3.6,,,,,,,,,,,,,,,,,,,,,,,,,,,,,,,,,,,,
637,2019,1,7,14,45,4.5,9,0,9,3.6,,,,,,,,,,,,,,,,,,,,,,,,,,,,,,,,,,,,
638,2019,1,7,15,0,4.3,7,0,7,3.6,,,,,,,,,,,,,,,,,,,,,,,,,,,,,,,,,,,,
639,2019,1,7,15,15,4.2,6,0,6,3.6,,,,,,,,,,,,,,,,,,,,,,,,,,,,,,,,,,,,
640,2019,1,7,15,30,4.2,5,0,5,3.7,,,,,,,,,,,,,,,,,,,,,,,,,,,,,,,,,,,,
641,2019,1,7,15,45,4.1000000000000005,3,0,3,3.8000000000000003,,,,,,,,,,,,,,,,,,,,,,,,,,,,,,,,,,,,
642,2019,1,7,16,0,4,3,0,3,3.9000000000000004,,,,,,,,,,,,,,,,,,,,,,,,,,,,,,,,,,,,
643,2019,1,7,16,15,4,0,0,0,3.9000000000000004,,,,,,,,,,,,,,,,,,,,,,,,,,,,,,,,,,,,
644,2019,1,7,16,30,3.9000000000000004,0,0,0,4,,,,,,,,,,,,,,,,,,,,,,,,,,,,,,,,,,,,
645,2019,1,7,16,45,3.9000000000000004,0,0,0,4.1000000000000005,,,,,,,,,,,,,,,,,,,,,,,,,,,,,,,,,,,,
646,2019,1,7,17,0,3.9000000000000004,0,0,0,4.2,,,,,,,,,,,,,,,,,,,,,,,,,,,,,,,,,,,,
647,2019,1,7,17,15,3.9000000000000004,0,0,0,4.2,,,,,,,,,,,,,,,,,,,,,,,,,,,,,,,,,,,,
648,2019,1,7,17,30,3.9000000000000004,0,0,0,4.3,,,,,,,,,,,,,,,,,,,,,,,,,,,,,,,,,,,,
649,2019,1,7,17,45,4,0,0,0,4.3,,,,,,,,,,,,,,,,,,,,,,,,,,,,,,,,,,,,
650,2019,1,7,18,0,4,0,0,0,4.4,,,,,,,,,,,,,,,,,,,,,,,,,,,,,,,,,,,,
651,2019,1,7,18,15,4,0,0,0,4.5,,,,,,,,,,,,,,,,,,,,,,,,,,,,,,,,,,,,
652,2019,1,7,18,30,4,0,0,0,4.6000000000000005,,,,,,,,,,,,,,,,,,,,,,,,,,,,,,,,,,,,
653,2019,1,7,18,45,4,0,0,0,4.7,,,,,,,,,,,,,,,,,,,,,,,,,,,,,,,,,,,,
654,2019,1,7,19,0,4,0,0,0,4.7,,,,,,,,,,,,,,,,,,,,,,,,,,,,,,,,,,,,
655,2019,1,7,19,15,3.9000000000000004,0,0,0,4.800000000000001,,,,,,,,,,,,,,,,,,,,,,,,,,,,,,,,,,,,
656,2019,1,7,19,30,3.9000000000000004,0,0,0,4.9,,,,,,,,,,,,,,,,,,,,,,,,,,,,,,,,,,,,
657,2019,1,7,19,45,3.9000000000000004,0,0,0,4.9,,,,,,,,,,,,,,,,,,,,,,,,,,,,,,,,,,,,
658,2019,1,7,20,0,3.9000000000000004,0,0,0,5,,,,,,,,,,,,,,,,,,,,,,,,,,,,,,,,,,,,
659,2019,1,7,20,15,3.8000000000000003,0,0,0,5.1000000000000005,,,,,,,,,,,,,,,,,,,,,,,,,,,,,,,,,,,,
660,2019,1,7,20,30,3.8000000000000003,0,0,0,5.300000000000001,,,,,,,,,,,,,,,,,,,,,,,,,,,,,,,,,,,,
661,2019,1,7,20,45,3.8000000000000003,0,0,0,5.4,,,,,,,,,,,,,,,,,,,,,,,,,,,,,,,,,,,,
662,2019,1,7,21,0,3.8000000000000003,0,0,0,5.5,,,,,,,,,,,,,,,,,,,,,,,,,,,,,,,,,,,,
663,2019,1,7,21,15,3.8000000000000003,0,0,0,5.6000000000000005,,,,,,,,,,,,,,,,,,,,,,,,,,,,,,,,,,,,
664,2019,1,7,21,30,3.8000000000000003,0,0,0,5.800000000000001,,,,,,,,,,,,,,,,,,,,,,,,,,,,,,,,,,,,
665,2019,1,7,21,45,3.8000000000000003,0,0,0,5.9,,,,,,,,,,,,,,,,,,,,,,,,,,,,,,,,,,,,
666,2019,1,7,22,0,3.8000000000000003,0,0,0,6,,,,,,,,,,,,,,,,,,,,,,,,,,,,,,,,,,,,
667,2019,1,7,22,15,3.8000000000000003,0,0,0,6.2,,,,,,,,,,,,,,,,,,,,,,,,,,,,,,,,,,,,
668,2019,1,7,22,30,3.8000000000000003,0,0,0,6.300000000000001,,,,,,,,,,,,,,,,,,,,,,,,,,,,,,,,,,,,
669,2019,1,7,22,45,3.8000000000000003,0,0,0,6.5,,,,,,,,,,,,,,,,,,,,,,,,,,,,,,,,,,,,
670,2019,1,7,23,0,3.9000000000000004,0,0,0,6.6000000000000005,,,,,,,,,,,,,,,,,,,,,,,,,,,,,,,,,,,,
671,2019,1,7,23,15,3.9000000000000004,0,0,0,6.7,,,,,,,,,,,,,,,,,,,,,,,,,,,,,,,,,,,,
672,2019,1,7,23,30,3.9000000000000004,0,0,0,6.800000000000001,,,,,,,,,,,,,,,,,,,,,,,,,,,,,,,,,,,,
673,2019,1,7,23,45,4,0,0,0,6.800000000000001,,,,,,,,,,,,,,,,,,,,,,,,,,,,,,,,,,,,
674,2019,1,8,0,0,4,0,0,0,6.9,,,,,,,,,,,,,,,,,,,,,,,,,,,,,,,,,,,,
675,2019,1,8,0,15,4,0,0,0,6.9,,,,,,,,,,,,,,,,,,,,,,,,,,,,,,,,,,,,
676,2019,1,8,0,30,4,0,0,0,6.9,,,,,,,,,,,,,,,,,,,,,,,,,,,,,,,,,,,,
677,2019,1,8,0,45,4,0,0,0,6.9,,,,,,,,,,,,,,,,,,,,,,,,,,,,,,,,,,,,
678,2019,1,8,1,0,4,0,0,0,6.6000000000000005,,,,,,,,,,,,,,,,,,,,,,,,,,,,,,,,,,,,
679,2019,1,8,1,15,4.1000000000000005,0,0,0,6.5,,,,,,,,,,,,,,,,,,,,,,,,,,,,,,,,,,,,
680,2019,1,8,1,30,4.1000000000000005,0,0,0,6.4,,,,,,,,,,,,,,,,,,,,,,,,,,,,,,,,,,,,
681,2019,1,8,1,45,4.1000000000000005,0,0,0,6.300000000000001,,,,,,,,,,,,,,,,,,,,,,,,,,,,,,,,,,,,
682,2019,1,8,2,0,4.2,0,0,0,6.2,,,,,,,,,,,,,,,,,,,,,,,,,,,,,,,,,,,,
683,2019,1,8,2,15,4.2,0,0,0,6.1000000000000005,,,,,,,,,,,,,,,,,,,,,,,,,,,,,,,,,,,,
684,2019,1,8,2,30,4.2,0,0,0,6,,,,,,,,,,,,,,,,,,,,,,,,,,,,,,,,,,,,
685,2019,1,8,2,45,4.3,0,0,0,5.9,,,,,,,,,,,,,,,,,,,,,,,,,,,,,,,,,,,,
686,2019,1,8,3,0,4.3,0,0,0,5.800000000000001,,,,,,,,,,,,,,,,,,,,,,,,,,,,,,,,,,,,
687,2019,1,8,3,15,4.3,0,0,0,5.800000000000001,,,,,,,,,,,,,,,,,,,,,,,,,,,,,,,,,,,,
688,2019,1,8,3,30,4.3,0,0,0,5.7,,,,,,,,,,,,,,,,,,,,,,,,,,,,,,,,,,,,
689,2019,1,8,3,45,4.2,0,0,0,5.7,,,,,,,,,,,,,,,,,,,,,,,,,,,,,,,,,,,,
690,2019,1,8,4,0,4.2,0,0,0,5.6000000000000005,,,,,,,,,,,,,,,,,,,,,,,,,,,,,,,,,,,,
691,2019,1,8,4,15,4.1000000000000005,0,0,0,5.7,,,,,,,,,,,,,,,,,,,,,,,,,,,,,,,,,,,,
692,2019,1,8,4,30,4.1000000000000005,0,0,0,5.800000000000001,,,,,,,,,,,,,,,,,,,,,,,,,,,,,,,,,,,,
693,2019,1,8,4,45,4,0,0,0,5.800000000000001,,,,,,,,,,,,,,,,,,,,,,,,,,,,,,,,,,,,
694,2019,1,8,5,0,3.9000000000000004,0,0,0,5.9,,,,,,,,,,,,,,,,,,,,,,,,,,,,,,,,,,,,
695,2019,1,8,5,15,3.9000000000000004,0,0,0,6.1000000000000005,,,,,,,,,,,,,,,,,,,,,,,,,,,,,,,,,,,,
696,2019,1,8,5,30,3.9000000000000004,0,0,0,6.300000000000001,,,,,,,,,,,,,,,,,,,,,,,,,,,,,,,,,,,,
697,2019,1,8,5,45,3.9000000000000004,0,0,0,6.4,,,,,,,,,,,,,,,,,,,,,,,,,,,,,,,,,,,,
698,2019,1,8,6,0,3.9000000000000004,0,0,0,6.6000000000000005,,,,,,,,,,,,,,,,,,,,,,,,,,,,,,,,,,,,
699,2019,1,8,6,15,4,0,0,0,6.800000000000001,,,,,,,,,,,,,,,,,,,,,,,,,,,,,,,,,,,,
700,2019,1,8,6,30,4,0,0,0,6.9,,,,,,,,,,,,,,,,,,,,,,,,,,,,,,,,,,,,
701,2019,1,8,6,45,4.1000000000000005,0,0,0,7.1000000000000005,,,,,,,,,,,,,,,,,,,,,,,,,,,,,,,,,,,,
702,2019,1,8,7,0,4.1000000000000005,0,0,0,7.300000000000001,,,,,,,,,,,,,,,,,,,,,,,,,,,,,,,,,,,,
703,2019,1,8,7,15,4.1000000000000005,0,0,0,7.4,,,,,,,,,,,,,,,,,,,,,,,,,,,,,,,,,,,,
704,2019,1,8,7,30,4.2,0,0,0,7.5,,,,,,,,,,,,,,,,,,,,,,,,,,,,,,,,,,,,
705,2019,1,8,7,45,4.2,0,0,0,7.7,,,,,,,,,,,,,,,,,,,,,,,,,,,,,,,,,,,,
706,2019,1,8,8,0,4.3,0,0,0,7.800000000000001,,,,,,,,,,,,,,,,,,,,,,,,,,,,,,,,,,,,
707,2019,1,8,8,15,4.3,0,0,0,8,,,,,,,,,,,,,,,,,,,,,,,,,,,,,,,,,,,,
708,2019,1,8,8,30,4.4,0,0,0,8.1,,,,,,,,,,,,,,,,,,,,,,,,,,,,,,,,,,,,
709,2019,1,8,8,45,4.5,3,0,3,8.3,,,,,,,,,,,,,,,,,,,,,,,,,,,,,,,,,,,,
710,2019,1,8,9,0,4.6000000000000005,4,0,4,8.5,,,,,,,,,,,,,,,,,,,,,,,,,,,,,,,,,,,,
711,2019,1,8,9,15,4.7,5,0,5,8.700000000000001,,,,,,,,,,,,,,,,,,,,,,,,,,,,,,,,,,,,
712,2019,1,8,9,30,4.800000000000001,6,0,6,8.9,,,,,,,,,,,,,,,,,,,,,,,,,,,,,,,,,,,,
713,2019,1,8,9,45,4.800000000000001,8,0,8,9.1,,,,,,,,,,,,,,,,,,,,,,,,,,,,,,,,,,,,
714,2019,1,8,10,0,4.9,9,0,9,9.3,,,,,,,,,,,,,,,,,,,,,,,,,,,,,,,,,,,,
715,2019,1,8,10,15,5,10,0,10,9.3,,,,,,,,,,,,,,,,,,,,,,,,,,,,,,,,,,,,
716,2019,1,8,10,30,5,8,0,8,9.3,,,,,,,,,,,,,,,,,,,,,,,,,,,,,,,,,,,,
717,2019,1,8,10,45,5.1000000000000005,8,0,8,9.4,,,,,,,,,,,,,,,,,,,,,,,,,,,,,,,,,,,,
718,2019,1,8,11,0,5.2,9,0,9,9.4,,,,,,,,,,,,,,,,,,,,,,,,,,,,,,,,,,,,
719,2019,1,8,11,15,5.300000000000001,9,0,9,9.3,,,,,,,,,,,,,,,,,,,,,,,,,,,,,,,,,,,,
720,2019,1,8,11,30,5.4,9,0,9,9.200000000000001,,,,,,,,,,,,,,,,,,,,,,,,,,,,,,,,,,,,
721,2019,1,8,11,45,5.6000000000000005,10,0,10,9.1,,,,,,,,,,,,,,,,,,,,,,,,,,,,,,,,,,,,
722,2019,1,8,12,0,5.7,10,0,10,9,,,,,,,,,,,,,,,,,,,,,,,,,,,,,,,,,,,,
723,2019,1,8,12,15,5.800000000000001,17,0,17,8.9,,,,,,,,,,,,,,,,,,,,,,,,,,,,,,,,,,,,
724,2019,1,8,12,30,5.800000000000001,10,0,10,8.8,,,,,,,,,,,,,,,,,,,,,,,,,,,,,,,,,,,,
725,2019,1,8,12,45,5.9,10,0,10,8.700000000000001,,,,,,,,,,,,,,,,,,,,,,,,,,,,,,,,,,,,
726,2019,1,8,13,0,6,17,0,17,8.6,,,,,,,,,,,,,,,,,,,,,,,,,,,,,,,,,,,,
727,2019,1,8,13,15,5.9,16,0,16,8.5,,,,,,,,,,,,,,,,,,,,,,,,,,,,,,,,,,,,
728,2019,1,8,13,30,5.9,9,0,9,8.4,,,,,,,,,,,,,,,,,,,,,,,,,,,,,,,,,,,,
729,2019,1,8,13,45,5.9,9,0,9,8.3,,,,,,,,,,,,,,,,,,,,,,,,,,,,,,,,,,,,
730,2019,1,8,14,0,5.800000000000001,8,0,8,8.1,,,,,,,,,,,,,,,,,,,,,,,,,,,,,,,,,,,,
731,2019,1,8,14,15,5.7,8,0,8,8.1,,,,,,,,,,,,,,,,,,,,,,,,,,,,,,,,,,,,
732,2019,1,8,14,30,5.6000000000000005,7,0,7,8,,,,,,,,,,,,,,,,,,,,,,,,,,,,,,,,,,,,
733,2019,1,8,14,45,5.4,9,0,9,7.9,,,,,,,,,,,,,,,,,,,,,,,,,,,,,,,,,,,,
734,2019,1,8,15,0,5.300000000000001,7,0,7,7.9,,,,,,,,,,,,,,,,,,,,,,,,,,,,,,,,,,,,
735,2019,1,8,15,15,5.1000000000000005,6,0,6,7.800000000000001,,,,,,,,,,,,,,,,,,,,,,,,,,,,,,,,,,,,
736,2019,1,8,15,30,4.9,5,0,5,7.800000000000001,,,,,,,,,,,,,,,,,,,,,,,,,,,,,,,,,,,,
737,2019,1,8,15,45,4.800000000000001,4,0,4,7.7,,,,,,,,,,,,,,,,,,,,,,,,,,,,,,,,,,,,
738,2019,1,8,16,0,4.6000000000000005,2,0,2,7.7,,,,,,,,,,,,,,,,,,,,,,,,,,,,,,,,,,,,
739,2019,1,8,16,15,4.5,0,0,0,7.6000000000000005,,,,,,,,,,,,,,,,,,,,,,,,,,,,,,,,,,,,
740,2019,1,8,16,30,4.4,0,0,0,7.6000000000000005,,,,,,,,,,,,,,,,,,,,,,,,,,,,,,,,,,,,
741,2019,1,8,16,45,4.2,0,0,0,7.6000000000000005,,,,,,,,,,,,,,,,,,,,,,,,,,,,,,,,,,,,
742,2019,1,8,17,0,4.1000000000000005,0,0,0,7.6000000000000005,,,,,,,,,,,,,,,,,,,,,,,,,,,,,,,,,,,,
743,2019,1,8,17,15,4,0,0,0,7.6000000000000005,,,,,,,,,,,,,,,,,,,,,,,,,,,,,,,,,,,,
744,2019,1,8,17,30,3.9000000000000004,0,0,0,7.6000000000000005,,,,,,,,,,,,,,,,,,,,,,,,,,,,,,,,,,,,
745,2019,1,8,17,45,3.8000000000000003,0,0,0,7.6000000000000005,,,,,,,,,,,,,,,,,,,,,,,,,,,,,,,,,,,,
746,2019,1,8,18,0,3.7,0,0,0,7.6000000000000005,,,,,,,,,,,,,,,,,,,,,,,,,,,,,,,,,,,,
747,2019,1,8,18,15,3.6,0,0,0,7.6000000000000005,,,,,,,,,,,,,,,,,,,,,,,,,,,,,,,,,,,,
748,2019,1,8,18,30,3.5,0,0,0,7.5,,,,,,,,,,,,,,,,,,,,,,,,,,,,,,,,,,,,
749,2019,1,8,18,45,3.4000000000000004,0,0,0,7.5,,,,,,,,,,,,,,,,,,,,,,,,,,,,,,,,,,,,
750,2019,1,8,19,0,3.3000000000000003,0,0,0,7.5,,,,,,,,,,,,,,,,,,,,,,,,,,,,,,,,,,,,
751,2019,1,8,19,15,3.1,0,0,0,7.4,,,,,,,,,,,,,,,,,,,,,,,,,,,,,,,,,,,,
752,2019,1,8,19,30,3,0,0,0,7.4,,,,,,,,,,,,,,,,,,,,,,,,,,,,,,,,,,,,
753,2019,1,8,19,45,2.8000000000000003,0,0,0,7.300000000000001,,,,,,,,,,,,,,,,,,,,,,,,,,,,,,,,,,,,
754,2019,1,8,20,0,2.7,0,0,0,7.300000000000001,,,,,,,,,,,,,,,,,,,,,,,,,,,,,,,,,,,,
755,2019,1,8,20,15,2.6,0,0,0,7.300000000000001,,,,,,,,,,,,,,,,,,,,,,,,,,,,,,,,,,,,
756,2019,1,8,20,30,2.4000000000000004,0,0,0,7.300000000000001,,,,,,,,,,,,,,,,,,,,,,,,,,,,,,,,,,,,
757,2019,1,8,20,45,2.3000000000000003,0,0,0,7.4,,,,,,,,,,,,,,,,,,,,,,,,,,,,,,,,,,,,
758,2019,1,8,21,0,2.2,0,0,0,7.4,,,,,,,,,,,,,,,,,,,,,,,,,,,,,,,,,,,,
759,2019,1,8,21,15,2.1,0,0,0,7.4,,,,,,,,,,,,,,,,,,,,,,,,,,,,,,,,,,,,
760,2019,1,8,21,30,2,0,0,0,7.5,,,,,,,,,,,,,,,,,,,,,,,,,,,,,,,,,,,,
761,2019,1,8,21,45,1.9000000000000001,0,0,0,7.6000000000000005,,,,,,,,,,,,,,,,,,,,,,,,,,,,,,,,,,,,
762,2019,1,8,22,0,1.8,0,0,0,7.6000000000000005,,,,,,,,,,,,,,,,,,,,,,,,,,,,,,,,,,,,
763,2019,1,8,22,15,1.7000000000000002,0,0,0,7.6000000000000005,,,,,,,,,,,,,,,,,,,,,,,,,,,,,,,,,,,,
764,2019,1,8,22,30,1.6,0,0,0,7.7,,,,,,,,,,,,,,,,,,,,,,,,,,,,,,,,,,,,
765,2019,1,8,22,45,1.5,0,0,0,7.7,,,,,,,,,,,,,,,,,,,,,,,,,,,,,,,,,,,,
766,2019,1,8,23,0,1.5,0,0,0,7.7,,,,,,,,,,,,,,,,,,,,,,,,,,,,,,,,,,,,
767,2019,1,8,23,15,1.4000000000000001,0,0,0,7.7,,,,,,,,,,,,,,,,,,,,,,,,,,,,,,,,,,,,
768,2019,1,8,23,30,1.4000000000000001,0,0,0,7.7,,,,,,,,,,,,,,,,,,,,,,,,,,,,,,,,,,,,
769,2019,1,8,23,45,1.3,0,0,0,7.7,,,,,,,,,,,,,,,,,,,,,,,,,,,,,,,,,,,,
770,2019,1,9,0,0,1.2000000000000002,0,0,0,7.7,,,,,,,,,,,,,,,,,,,,,,,,,,,,,,,,,,,,
771,2019,1,9,0,15,1.2000000000000002,0,0,0,7.7,,,,,,,,,,,,,,,,,,,,,,,,,,,,,,,,,,,,
772,2019,1,9,0,30,1.2000000000000002,0,0,0,7.7,,,,,,,,,,,,,,,,,,,,,,,,,,,,,,,,,,,,
773,2019,1,9,0,45,1.2000000000000002,0,0,0,7.7,,,,,,,,,,,,,,,,,,,,,,,,,,,,,,,,,,,,
774,2019,1,9,1,0,1.2000000000000002,0,0,0,7.7,,,,,,,,,,,,,,,,,,,,,,,,,,,,,,,,,,,,
775,2019,1,9,1,15,1.2000000000000002,0,0,0,7.7,,,,,,,,,,,,,,,,,,,,,,,,,,,,,,,,,,,,
776,2019,1,9,1,30,1.1,0,0,0,7.7,,,,,,,,,,,,,,,,,,,,,,,,,,,,,,,,,,,,
777,2019,1,9,1,45,1.1,0,0,0,7.6000000000000005,,,,,,,,,,,,,,,,,,,,,,,,,,,,,,,,,,,,
778,2019,1,9,2,0,1.1,0,0,0,7.6000000000000005,,,,,,,,,,,,,,,,,,,,,,,,,,,,,,,,,,,,
779,2019,1,9,2,15,1.1,0,0,0,7.6000000000000005,,,,,,,,,,,,,,,,,,,,,,,,,,,,,,,,,,,,
780,2019,1,9,2,30,1,0,0,0,7.6000000000000005,,,,,,,,,,,,,,,,,,,,,,,,,,,,,,,,,,,,
781,2019,1,9,2,45,1,0,0,0,7.6000000000000005,,,,,,,,,,,,,,,,,,,,,,,,,,,,,,,,,,,,
782,2019,1,9,3,0,0.9,0,0,0,7.6000000000000005,,,,,,,,,,,,,,,,,,,,,,,,,,,,,,,,,,,,
783,2019,1,9,3,15,0.9,0,0,0,7.5,,,,,,,,,,,,,,,,,,,,,,,,,,,,,,,,,,,,
784,2019,1,9,3,30,0.8,0,0,0,7.5,,,,,,,,,,,,,,,,,,,,,,,,,,,,,,,,,,,,
785,2019,1,9,3,45,0.8,0,0,0,7.5,,,,,,,,,,,,,,,,,,,,,,,,,,,,,,,,,,,,
786,2019,1,9,4,0,0.7000000000000001,0,0,0,7.4,,,,,,,,,,,,,,,,,,,,,,,,,,,,,,,,,,,,
787,2019,1,9,4,15,0.7000000000000001,0,0,0,7.4,,,,,,,,,,,,,,,,,,,,,,,,,,,,,,,,,,,,
788,2019,1,9,4,30,0.6000000000000001,0,0,0,7.4,,,,,,,,,,,,,,,,,,,,,,,,,,,,,,,,,,,,
789,2019,1,9,4,45,0.6000000000000001,0,0,0,7.300000000000001,,,,,,,,,,,,,,,,,,,,,,,,,,,,,,,,,,,,
790,2019,1,9,5,0,0.6000000000000001,0,0,0,7.300000000000001,,,,,,,,,,,,,,,,,,,,,,,,,,,,,,,,,,,,
791,2019,1,9,5,15,0.5,0,0,0,7.2,,,,,,,,,,,,,,,,,,,,,,,,,,,,,,,,,,,,
792,2019,1,9,5,30,0.5,0,0,0,7.2,,,,,,,,,,,,,,,,,,,,,,,,,,,,,,,,,,,,
793,2019,1,9,5,45,0.5,0,0,0,7.1000000000000005,,,,,,,,,,,,,,,,,,,,,,,,,,,,,,,,,,,,
794,2019,1,9,6,0,0.5,0,0,0,7,,,,,,,,,,,,,,,,,,,,,,,,,,,,,,,,,,,,
795,2019,1,9,6,15,0.5,0,0,0,6.9,,,,,,,,,,,,,,,,,,,,,,,,,,,,,,,,,,,,
796,2019,1,9,6,30,0.5,0,0,0,6.9,,,,,,,,,,,,,,,,,,,,,,,,,,,,,,,,,,,,
797,2019,1,9,6,45,0.5,0,0,0,6.800000000000001,,,,,,,,,,,,,,,,,,,,,,,,,,,,,,,,,,,,
798,2019,1,9,7,0,0.5,0,0,0,6.7,,,,,,,,,,,,,,,,,,,,,,,,,,,,,,,,,,,,
799,2019,1,9,7,15,0.5,0,0,0,6.7,,,,,,,,,,,,,,,,,,,,,,,,,,,,,,,,,,,,
800,2019,1,9,7,30,0.5,0,0,0,6.6000000000000005,,,,,,,,,,,,,,,,,,,,,,,,,,,,,,,,,,,,
801,2019,1,9,7,45,0.5,0,0,0,6.5,,,,,,,,,,,,,,,,,,,,,,,,,,,,,,,,,,,,
802,2019,1,9,8,0,0.5,0,0,0,6.5,,,,,,,,,,,,,,,,,,,,,,,,,,,,,,,,,,,,
803,2019,1,9,8,15,0.5,0,0,0,6.5,,,,,,,,,,,,,,,,,,,,,,,,,,,,,,,,,,,,
804,2019,1,9,8,30,0.6000000000000001,0,0,0,6.4,,,,,,,,,,,,,,,,,,,,,,,,,,,,,,,,,,,,
805,2019,1,9,8,45,0.6000000000000001,4,0,4,6.4,,,,,,,,,,,,,,,,,,,,,,,,,,,,,,,,,,,,
806,2019,1,9,9,0,0.6000000000000001,5,0,5,6.4,,,,,,,,,,,,,,,,,,,,,,,,,,,,,,,,,,,,
807,2019,1,9,9,15,0.7000000000000001,6,0,6,6.4,,,,,,,,,,,,,,,,,,,,,,,,,,,,,,,,,,,,
808,2019,1,9,9,30,0.8,6,0,6,6.4,,,,,,,,,,,,,,,,,,,,,,,,,,,,,,,,,,,,
809,2019,1,9,9,45,0.9,7,0,7,6.4,,,,,,,,,,,,,,,,,,,,,,,,,,,,,,,,,,,,
810,2019,1,9,10,0,0.9,7,0,7,6.4,,,,,,,,,,,,,,,,,,,,,,,,,,,,,,,,,,,,
811,2019,1,9,10,15,1,8,0,8,6.4,,,,,,,,,,,,,,,,,,,,,,,,,,,,,,,,,,,,
812,2019,1,9,10,30,1.1,9,0,9,6.5,,,,,,,,,,,,,,,,,,,,,,,,,,,,,,,,,,,,
813,2019,1,9,10,45,1.1,9,0,9,6.5,,,,,,,,,,,,,,,,,,,,,,,,,,,,,,,,,,,,
814,2019,1,9,11,0,1.2000000000000002,10,0,10,6.6000000000000005,,,,,,,,,,,,,,,,,,,,,,,,,,,,,,,,,,,,
815,2019,1,9,11,15,1.2000000000000002,10,0,10,6.6000000000000005,,,,,,,,,,,,,,,,,,,,,,,,,,,,,,,,,,,,
816,2019,1,9,11,30,1.2000000000000002,11,0,11,6.6000000000000005,,,,,,,,,,,,,,,,,,,,,,,,,,,,,,,,,,,,
817,2019,1,9,11,45,1.3,12,0,12,6.6000000000000005,,,,,,,,,,,,,,,,,,,,,,,,,,,,,,,,,,,,
818,2019,1,9,12,0,1.3,12,0,12,6.6000000000000005,,,,,,,,,,,,,,,,,,,,,,,,,,,,,,,,,,,,
819,2019,1,9,12,15,1.2000000000000002,10,0,10,6.5,,,,,,,,,,,,,,,,,,,,,,,,,,,,,,,,,,,,
820,2019,1,9,12,30,1.2000000000000002,10,0,10,6.5,,,,,,,,,,,,,,,,,,,,,,,,,,,,,,,,,,,,
821,2019,1,9,12,45,1.2000000000000002,12,0,12,6.4,,,,,,,,,,,,,,,,,,,,,,,,,,,,,,,,,,,,
822,2019,1,9,13,0,1.1,11,0,11,6.300000000000001,,,,,,,,,,,,,,,,,,,,,,,,,,,,,,,,,,,,
823,2019,1,9,13,15,1,11,0,11,6.300000000000001,,,,,,,,,,,,,,,,,,,,,,,,,,,,,,,,,,,,
824,2019,1,9,13,30,1,11,0,11,6.2,,,,,,,,,,,,,,,,,,,,,,,,,,,,,,,,,,,,
825,2019,1,9,13,45,0.9,10,0,10,6.2,,,,,,,,,,,,,,,,,,,,,,,,,,,,,,,,,,,,
826,2019,1,9,14,0,0.8,9,0,9,6.1000000000000005,,,,,,,,,,,,,,,,,,,,,,,,,,,,,,,,,,,,
827,2019,1,9,14,15,0.7000000000000001,12,0,12,6.1000000000000005,,,,,,,,,,,,,,,,,,,,,,,,,,,,,,,,,,,,
828,2019,1,9,14,30,0.6000000000000001,8,0,8,6.1000000000000005,,,,,,,,,,,,,,,,,,,,,,,,,,,,,,,,,,,,
829,2019,1,9,14,45,0.5,9,0,9,6.1000000000000005,,,,,,,,,,,,,,,,,,,,,,,,,,,,,,,,,,,,
830,2019,1,9,15,0,0.5,8,0,8,6.1000000000000005,,,,,,,,,,,,,,,,,,,,,,,,,,,,,,,,,,,,
831,2019,1,9,15,15,0.4,6,0,6,6.1000000000000005,,,,,,,,,,,,,,,,,,,,,,,,,,,,,,,,,,,,
832,2019,1,9,15,30,0.30000000000000004,5,0,5,6.1000000000000005,,,,,,,,,,,,,,,,,,,,,,,,,,,,,,,,,,,,
833,2019,1,9,15,45,0.30000000000000004,5,0,5,6.1000000000000005,,,,,,,,,,,,,,,,,,,,,,,,,,,,,,,,,,,,
834,2019,1,9,16,0,0.2,3,0,3,6.1000000000000005,,,,,,,,,,,,,,,,,,,,,,,,,,,,,,,,,,,,
835,2019,1,9,16,15,0.2,0,0,0,6.1000000000000005,,,,,,,,,,,,,,,,,,,,,,,,,,,,,,,,,,,,
836,2019,1,9,16,30,0.2,0,0,0,6.1000000000000005,,,,,,,,,,,,,,,,,,,,,,,,,,,,,,,,,,,,
837,2019,1,9,16,45,0.1,0,0,0,6.1000000000000005,,,,,,,,,,,,,,,,,,,,,,,,,,,,,,,,,,,,
838,2019,1,9,17,0,0.1,0,0,0,6.2,,,,,,,,,,,,,,,,,,,,,,,,,,,,,,,,,,,,
839,2019,1,9,17,15,0.1,0,0,0,6.1000000000000005,,,,,,,,,,,,,,,,,,,,,,,,,,,,,,,,,,,,
840,2019,1,9,17,30,0.1,0,0,0,6.1000000000000005,,,,,,,,,,,,,,,,,,,,,,,,,,,,,,,,,,,,
841,2019,1,9,17,45,0,0,0,0,6.1000000000000005,,,,,,,,,,,,,,,,,,,,,,,,,,,,,,,,,,,,
842,2019,1,9,18,0,0,0,0,0,6.1000000000000005,,,,,,,,,,,,,,,,,,,,,,,,,,,,,,,,,,,,
843,2019,1,9,18,15,0,0,0,0,6.1000000000000005,,,,,,,,,,,,,,,,,,,,,,,,,,,,,,,,,,,,
844,2019,1,9,18,30,0,0,0,0,6.1000000000000005,,,,,,,,,,,,,,,,,,,,,,,,,,,,,,,,,,,,
845,2019,1,9,18,45,0,0,0,0,6,,,,,,,,,,,,,,,,,,,,,,,,,,,,,,,,,,,,
846,2019,1,9,19,0,0,0,0,0,6,,,,,,,,,,,,,,,,,,,,,,,,,,,,,,,,,,,,
847,2019,1,9,19,15,0,0,0,0,6,,,,,,,,,,,,,,,,,,,,,,,,,,,,,,,,,,,,
848,2019,1,9,19,30,0,0,0,0,5.9,,,,,,,,,,,,,,,,,,,,,,,,,,,,,,,,,,,,
849,2019,1,9,19,45,0,0,0,0,5.9,,,,,,,,,,,,,,,,,,,,,,,,,,,,,,,,,,,,
850,2019,1,9,20,0,0,0,0,0,5.9,,,,,,,,,,,,,,,,,,,,,,,,,,,,,,,,,,,,
851,2019,1,9,20,15,0,0,0,0,5.800000000000001,,,,,,,,,,,,,,,,,,,,,,,,,,,,,,,,,,,,
852,2019,1,9,20,30,0,0,0,0,5.7,,,,,,,,,,,,,,,,,,,,,,,,,,,,,,,,,,,,
853,2019,1,9,20,45,0,0,0,0,5.7,,,,,,,,,,,,,,,,,,,,,,,,,,,,,,,,,,,,
854,2019,1,9,21,0,-0.1,0,0,0,5.6000000000000005,,,,,,,,,,,,,,,,,,,,,,,,,,,,,,,,,,,,
855,2019,1,9,21,15,-0.1,0,0,0,5.5,,,,,,,,,,,,,,,,,,,,,,,,,,,,,,,,,,,,
856,2019,1,9,21,30,-0.2,0,0,0,5.5,,,,,,,,,,,,,,,,,,,,,,,,,,,,,,,,,,,,
857,2019,1,9,21,45,-0.2,0,0,0,5.4,,,,,,,,,,,,,,,,,,,,,,,,,,,,,,,,,,,,
858,2019,1,9,22,0,-0.30000000000000004,0,0,0,5.300000000000001,,,,,,,,,,,,,,,,,,,,,,,,,,,,,,,,,,,,
859,2019,1,9,22,15,-0.30000000000000004,0,0,0,5.300000000000001,,,,,,,,,,,,,,,,,,,,,,,,,,,,,,,,,,,,
860,2019,1,9,22,30,-0.30000000000000004,0,0,0,5.300000000000001,,,,,,,,,,,,,,,,,,,,,,,,,,,,,,,,,,,,
861,2019,1,9,22,45,-0.4,0,0,0,5.2,,,,,,,,,,,,,,,,,,,,,,,,,,,,,,,,,,,,
862,2019,1,9,23,0,-0.4,0,0,0,5.2,,,,,,,,,,,,,,,,,,,,,,,,,,,,,,,,,,,,
863,2019,1,9,23,15,-0.4,0,0,0,5.1000000000000005,,,,,,,,,,,,,,,,,,,,,,,,,,,,,,,,,,,,
864,2019,1,9,23,30,-0.5,0,0,0,5,,,,,,,,,,,,,,,,,,,,,,,,,,,,,,,,,,,,
865,2019,1,9,23,45,-0.5,0,0,0,4.9,,,,,,,,,,,,,,,,,,,,,,,,,,,,,,,,,,,,
866,2019,1,10,0,0,-0.6000000000000001,0,0,0,4.9,,,,,,,,,,,,,,,,,,,,,,,,,,,,,,,,,,,,
867,2019,1,10,0,15,-0.6000000000000001,0,0,0,4.9,,,,,,,,,,,,,,,,,,,,,,,,,,,,,,,,,,,,
868,2019,1,10,0,30,-0.6000000000000001,0,0,0,4.9,,,,,,,,,,,,,,,,,,,,,,,,,,,,,,,,,,,,
869,2019,1,10,0,45,-0.6000000000000001,0,0,0,4.9,,,,,,,,,,,,,,,,,,,,,,,,,,,,,,,,,,,,
870,2019,1,10,1,0,-0.8,0,0,0,4.6000000000000005,,,,,,,,,,,,,,,,,,,,,,,,,,,,,,,,,,,,
871,2019,1,10,1,15,-0.8,0,0,0,4.6000000000000005,,,,,,,,,,,,,,,,,,,,,,,,,,,,,,,,,,,,
872,2019,1,10,1,30,-0.9,0,0,0,4.6000000000000005,,,,,,,,,,,,,,,,,,,,,,,,,,,,,,,,,,,,
873,2019,1,10,1,45,-0.9,0,0,0,4.6000000000000005,,,,,,,,,,,,,,,,,,,,,,,,,,,,,,,,,,,,
874,2019,1,10,2,0,-0.9,0,0,0,4.6000000000000005,,,,,,,,,,,,,,,,,,,,,,,,,,,,,,,,,,,,
875,2019,1,10,2,15,-1,0,0,0,4.5,,,,,,,,,,,,,,,,,,,,,,,,,,,,,,,,,,,,
876,2019,1,10,2,30,-1.1,0,0,0,4.4,,,,,,,,,,,,,,,,,,,,,,,,,,,,,,,,,,,,
877,2019,1,10,2,45,-1.1,0,0,0,4.4,,,,,,,,,,,,,,,,,,,,,,,,,,,,,,,,,,,,
878,2019,1,10,3,0,-1.2000000000000002,0,0,0,4.3,,,,,,,,,,,,,,,,,,,,,,,,,,,,,,,,,,,,
879,2019,1,10,3,15,-1.3,0,0,0,4.2,,,,,,,,,,,,,,,,,,,,,,,,,,,,,,,,,,,,
880,2019,1,10,3,30,-1.4000000000000001,0,0,0,4.1000000000000005,,,,,,,,,,,,,,,,,,,,,,,,,,,,,,,,,,,,
881,2019,1,10,3,45,-1.4000000000000001,0,0,0,4,,,,,,,,,,,,,,,,,,,,,,,,,,,,,,,,,,,,
882,2019,1,10,4,0,-1.5,0,0,0,3.9000000000000004,,,,,,,,,,,,,,,,,,,,,,,,,,,,,,,,,,,,
883,2019,1,10,4,15,-1.6,0,0,0,3.9000000000000004,,,,,,,,,,,,,,,,,,,,,,,,,,,,,,,,,,,,
884,2019,1,10,4,30,-1.7000000000000002,0,0,0,3.8000000000000003,,,,,,,,,,,,,,,,,,,,,,,,,,,,,,,,,,,,
885,2019,1,10,4,45,-1.8,0,0,0,3.7,,,,,,,,,,,,,,,,,,,,,,,,,,,,,,,,,,,,
886,2019,1,10,5,0,-1.9000000000000001,0,0,0,3.7,,,,,,,,,,,,,,,,,,,,,,,,,,,,,,,,,,,,
887,2019,1,10,5,15,-1.9000000000000001,0,0,0,3.6,,,,,,,,,,,,,,,,,,,,,,,,,,,,,,,,,,,,
888,2019,1,10,5,30,-2,0,0,0,3.6,,,,,,,,,,,,,,,,,,,,,,,,,,,,,,,,,,,,
889,2019,1,10,5,45,-2.1,0,0,0,3.5,,,,,,,,,,,,,,,,,,,,,,,,,,,,,,,,,,,,
890,2019,1,10,6,0,-2.1,0,0,0,3.5,,,,,,,,,,,,,,,,,,,,,,,,,,,,,,,,,,,,
891,2019,1,10,6,15,-2.2,0,0,0,3.4000000000000004,,,,,,,,,,,,,,,,,,,,,,,,,,,,,,,,,,,,
892,2019,1,10,6,30,-2.3000000000000003,0,0,0,3.3000000000000003,,,,,,,,,,,,,,,,,,,,,,,,,,,,,,,,,,,,
893,2019,1,10,6,45,-2.4000000000000004,0,0,0,3.2,,,,,,,,,,,,,,,,,,,,,,,,,,,,,,,,,,,,
894,2019,1,10,7,0,-2.5,0,0,0,3.2,,,,,,,,,,,,,,,,,,,,,,,,,,,,,,,,,,,,
895,2019,1,10,7,15,-2.6,0,0,0,3.1,,,,,,,,,,,,,,,,,,,,,,,,,,,,,,,,,,,,
896,2019,1,10,7,30,-2.6,0,0,0,3.1,,,,,,,,,,,,,,,,,,,,,,,,,,,,,,,,,,,,
897,2019,1,10,7,45,-2.7,0,0,0,3.1,,,,,,,,,,,,,,,,,,,,,,,,,,,,,,,,,,,,
898,2019,1,10,8,0,-2.8000000000000003,0,0,0,3.1,,,,,,,,,,,,,,,,,,,,,,,,,,,,,,,,,,,,
899,2019,1,10,8,15,-2.6,0,0,0,3.1,,,,,,,,,,,,,,,,,,,,,,,,,,,,,,,,,,,,
900,2019,1,10,8,30,-2.4000000000000004,1,0,1,3.2,,,,,,,,,,,,,,,,,,,,,,,,,,,,,,,,,,,,
901,2019,1,10,8,45,-2.2,3,0,3,3.2,,,,,,,,,,,,,,,,,,,,,,,,,,,,,,,,,,,,
902,2019,1,10,9,0,-2,4,0,4,3.3000000000000003,,,,,,,,,,,,,,,,,,,,,,,,,,,,,,,,,,,,
903,2019,1,10,9,15,-1.7000000000000002,5,0,5,3.3000000000000003,,,,,,,,,,,,,,,,,,,,,,,,,,,,,,,,,,,,
904,2019,1,10,9,30,-1.4000000000000001,7,0,7,3.3000000000000003,,,,,,,,,,,,,,,,,,,,,,,,,,,,,,,,,,,,
905,2019,1,10,9,45,-1.1,8,0,8,3.4000000000000004,,,,,,,,,,,,,,,,,,,,,,,,,,,,,,,,,,,,
906,2019,1,10,10,0,-0.8,9,0,9,3.4000000000000004,,,,,,,,,,,,,,,,,,,,,,,,,,,,,,,,,,,,
907,2019,1,10,10,15,-0.6000000000000001,11,0,11,3.4000000000000004,,,,,,,,,,,,,,,,,,,,,,,,,,,,,,,,,,,,
908,2019,1,10,10,30,-0.4,12,0,12,3.4000000000000004,,,,,,,,,,,,,,,,,,,,,,,,,,,,,,,,,,,,
909,2019,1,10,10,45,-0.2,13,0,13,3.4000000000000004,,,,,,,,,,,,,,,,,,,,,,,,,,,,,,,,,,,,
910,2019,1,10,11,0,0,15,0,15,3.4000000000000004,,,,,,,,,,,,,,,,,,,,,,,,,,,,,,,,,,,,
911,2019,1,10,11,15,0.1,16,0,16,3.4000000000000004,,,,,,,,,,,,,,,,,,,,,,,,,,,,,,,,,,,,
912,2019,1,10,11,30,0.2,16,0,16,3.3000000000000003,,,,,,,,,,,,,,,,,,,,,,,,,,,,,,,,,,,,
913,2019,1,10,11,45,0.30000000000000004,17,0,17,3.3000000000000003,,,,,,,,,,,,,,,,,,,,,,,,,,,,,,,,,,,,
914,2019,1,10,12,0,0.30000000000000004,18,0,18,3.2,,,,,,,,,,,,,,,,,,,,,,,,,,,,,,,,,,,,
915,2019,1,10,12,15,0.4,18,0,18,3.2,,,,,,,,,,,,,,,,,,,,,,,,,,,,,,,,,,,,
916,2019,1,10,12,30,0.4,18,0,18,3.1,,,,,,,,,,,,,,,,,,,,,,,,,,,,,,,,,,,,
917,2019,1,10,12,45,0.4,18,0,18,3.1,,,,,,,,,,,,,,,,,,,,,,,,,,,,,,,,,,,,
918,2019,1,10,13,0,0.4,17,0,17,3,,,,,,,,,,,,,,,,,,,,,,,,,,,,,,,,,,,,
919,2019,1,10,13,15,0.30000000000000004,16,0,16,2.9000000000000004,,,,,,,,,,,,,,,,,,,,,,,,,,,,,,,,,,,,
920,2019,1,10,13,30,0.2,15,0,15,2.8000000000000003,,,,,,,,,,,,,,,,,,,,,,,,,,,,,,,,,,,,
921,2019,1,10,13,45,0.1,14,0,14,2.7,,,,,,,,,,,,,,,,,,,,,,,,,,,,,,,,,,,,
922,2019,1,10,14,0,0.1,13,0,13,2.6,,,,,,,,,,,,,,,,,,,,,,,,,,,,,,,,,,,,
923,2019,1,10,14,15,-0.2,49,674,192,2.4000000000000004,,,,,,,,,,,,,,,,,,,,,,,,,,,,,,,,,,,,
924,2019,1,10,14,30,-0.4,46,646,172,2.2,,,,,,,,,,,,,,,,,,,,,,,,,,,,,,,,,,,,
925,2019,1,10,14,45,-0.6000000000000001,9,0,9,2,,,,,,,,,,,,,,,,,,,,,,,,,,,,,,,,,,,,
926,2019,1,10,15,0,-0.9,8,0,8,1.8,,,,,,,,,,,,,,,,,,,,,,,,,,,,,,,,,,,,
927,2019,1,10,15,15,-1.1,7,0,7,1.7000000000000002,,,,,,,,,,,,,,,,,,,,,,,,,,,,,,,,,,,,
928,2019,1,10,15,30,-1.3,5,0,5,1.6,,,,,,,,,,,,,,,,,,,,,,,,,,,,,,,,,,,,
929,2019,1,10,15,45,-1.6,4,0,4,1.5,,,,,,,,,,,,,,,,,,,,,,,,,,,,,,,,,,,,
930,2019,1,10,16,0,-1.8,3,0,3,1.4000000000000001,,,,,,,,,,,,,,,,,,,,,,,,,,,,,,,,,,,,
931,2019,1,10,16,15,-1.8,0,0,0,1.4000000000000001,,,,,,,,,,,,,,,,,,,,,,,,,,,,,,,,,,,,
932,2019,1,10,16,30,-1.8,0,0,0,1.4000000000000001,,,,,,,,,,,,,,,,,,,,,,,,,,,,,,,,,,,,
933,2019,1,10,16,45,-1.8,0,0,0,1.4000000000000001,,,,,,,,,,,,,,,,,,,,,,,,,,,,,,,,,,,,
934,2019,1,10,17,0,-1.8,0,0,0,1.4000000000000001,,,,,,,,,,,,,,,,,,,,,,,,,,,,,,,,,,,,
935,2019,1,10,17,15,-1.8,0,0,0,1.4000000000000001,,,,,,,,,,,,,,,,,,,,,,,,,,,,,,,,,,,,
936,2019,1,10,17,30,-1.8,0,0,0,1.3,,,,,,,,,,,,,,,,,,,,,,,,,,,,,,,,,,,,
937,2019,1,10,17,45,-1.8,0,0,0,1.3,,,,,,,,,,,,,,,,,,,,,,,,,,,,,,,,,,,,
938,2019,1,10,18,0,-1.9000000000000001,0,0,0,1.3,,,,,,,,,,,,,,,,,,,,,,,,,,,,,,,,,,,,
939,2019,1,10,18,15,-1.9000000000000001,0,0,0,1.2000000000000002,,,,,,,,,,,,,,,,,,,,,,,,,,,,,,,,,,,,
940,2019,1,10,18,30,-2,0,0,0,1.2000000000000002,,,,,,,,,,,,,,,,,,,,,,,,,,,,,,,,,,,,
941,2019,1,10,18,45,-2,0,0,0,1.1,,,,,,,,,,,,,,,,,,,,,,,,,,,,,,,,,,,,
942,2019,1,10,19,0,-2,0,0,0,1.1,,,,,,,,,,,,,,,,,,,,,,,,,,,,,,,,,,,,
943,2019,1,10,19,15,-2.1,0,0,0,1.1,,,,,,,,,,,,,,,,,,,,,,,,,,,,,,,,,,,,
944,2019,1,10,19,30,-2.1,0,0,0,1.1,,,,,,,,,,,,,,,,,,,,,,,,,,,,,,,,,,,,
945,2019,1,10,19,45,-2.1,0,0,0,1.1,,,,,,,,,,,,,,,,,,,,,,,,,,,,,,,,,,,,
946,2019,1,10,20,0,-2.1,0,0,0,1.1,,,,,,,,,,,,,,,,,,,,,,,,,,,,,,,,,,,,
947,2019,1,10,20,15,-2,0,0,0,1.1,,,,,,,,,,,,,,,,,,,,,,,,,,,,,,,,,,,,
948,2019,1,10,20,30,-2,0,0,0,1.1,,,,,,,,,,,,,,,,,,,,,,,,,,,,,,,,,,,,
949,2019,1,10,20,45,-2,0,0,0,1.2000000000000002,,,,,,,,,,,,,,,,,,,,,,,,,,,,,,,,,,,,
950,2019,1,10,21,0,-2,0,0,0,1.2000000000000002,,,,,,,,,,,,,,,,,,,,,,,,,,,,,,,,,,,,
951,2019,1,10,21,15,-2,0,0,0,1.3,,,,,,,,,,,,,,,,,,,,,,,,,,,,,,,,,,,,
952,2019,1,10,21,30,-2,0,0,0,1.3,,,,,,,,,,,,,,,,,,,,,,,,,,,,,,,,,,,,
953,2019,1,10,21,45,-2,0,0,0,1.4000000000000001,,,,,,,,,,,,,,,,,,,,,,,,,,,,,,,,,,,,
954,2019,1,10,22,0,-2,0,0,0,1.5,,,,,,,,,,,,,,,,,,,,,,,,,,,,,,,,,,,,
955,2019,1,10,22,15,-2,0,0,0,1.6,,,,,,,,,,,,,,,,,,,,,,,,,,,,,,,,,,,,
956,2019,1,10,22,30,-2,0,0,0,1.7000000000000002,,,,,,,,,,,,,,,,,,,,,,,,,,,,,,,,,,,,
957,2019,1,10,22,45,-1.9000000000000001,0,0,0,1.8,,,,,,,,,,,,,,,,,,,,,,,,,,,,,,,,,,,,
958,2019,1,10,23,0,-1.9000000000000001,0,0,0,1.9000000000000001,,,,,,,,,,,,,,,,,,,,,,,,,,,,,,,,,,,,
959,2019,1,10,23,15,-1.9000000000000001,0,0,0,2,,,,,,,,,,,,,,,,,,,,,,,,,,,,,,,,,,,,
960,2019,1,10,23,30,-1.9000000000000001,0,0,0,2,,,,,,,,,,,,,,,,,,,,,,,,,,,,,,,,,,,,
961,2019,1,10,23,45,-1.9000000000000001,0,0,0,2,,,,,,,,,,,,,,,,,,,,,,,,,,,,,,,,,,,,
962,2019,1,11,0,0,-2,0,0,0,2.1,,,,,,,,,,,,,,,,,,,,,,,,,,,,,,,,,,,,
963,2019,1,11,0,15,-2,0,0,0,2.1,,,,,,,,,,,,,,,,,,,,,,,,,,,,,,,,,,,,
964,2019,1,11,0,30,-2,0,0,0,2.1,,,,,,,,,,,,,,,,,,,,,,,,,,,,,,,,,,,,
965,2019,1,11,0,45,-2,0,0,0,2.1,,,,,,,,,,,,,,,,,,,,,,,,,,,,,,,,,,,,
966,2019,1,11,1,0,-2.1,0,0,0,2.1,,,,,,,,,,,,,,,,,,,,,,,,,,,,,,,,,,,,
967,2019,1,11,1,15,-2,0,0,0,2.2,,,,,,,,,,,,,,,,,,,,,,,,,,,,,,,,,,,,
968,2019,1,11,1,30,-2,0,0,0,2.2,,,,,,,,,,,,,,,,,,,,,,,,,,,,,,,,,,,,
969,2019,1,11,1,45,-2,0,0,0,2.2,,,,,,,,,,,,,,,,,,,,,,,,,,,,,,,,,,,,
970,2019,1,11,2,0,-2,0,0,0,2.2,,,,,,,,,,,,,,,,,,,,,,,,,,,,,,,,,,,,
971,2019,1,11,2,15,-1.9000000000000001,0,0,0,2.3000000000000003,,,,,,,,,,,,,,,,,,,,,,,,,,,,,,,,,,,,
972,2019,1,11,2,30,-1.9000000000000001,0,0,0,2.3000000000000003,,,,,,,,,,,,,,,,,,,,,,,,,,,,,,,,,,,,
973,2019,1,11,2,45,-1.8,0,0,0,2.4000000000000004,,,,,,,,,,,,,,,,,,,,,,,,,,,,,,,,,,,,
974,2019,1,11,3,0,-1.8,0,0,0,2.4000000000000004,,,,,,,,,,,,,,,,,,,,,,,,,,,,,,,,,,,,
975,2019,1,11,3,15,-1.7000000000000002,0,0,0,2.5,,,,,,,,,,,,,,,,,,,,,,,,,,,,,,,,,,,,
976,2019,1,11,3,30,-1.7000000000000002,0,0,0,2.6,,,,,,,,,,,,,,,,,,,,,,,,,,,,,,,,,,,,
977,2019,1,11,3,45,-1.6,0,0,0,2.7,,,,,,,,,,,,,,,,,,,,,,,,,,,,,,,,,,,,
978,2019,1,11,4,0,-1.6,0,0,0,2.8000000000000003,,,,,,,,,,,,,,,,,,,,,,,,,,,,,,,,,,,,
979,2019,1,11,4,15,-1.5,0,0,0,2.9000000000000004,,,,,,,,,,,,,,,,,,,,,,,,,,,,,,,,,,,,
980,2019,1,11,4,30,-1.4000000000000001,0,0,0,3,,,,,,,,,,,,,,,,,,,,,,,,,,,,,,,,,,,,
981,2019,1,11,4,45,-1.4000000000000001,0,0,0,3.1,,,,,,,,,,,,,,,,,,,,,,,,,,,,,,,,,,,,
982,2019,1,11,5,0,-1.3,0,0,0,3.2,,,,,,,,,,,,,,,,,,,,,,,,,,,,,,,,,,,,
983,2019,1,11,5,15,-1.3,0,0,0,3.3000000000000003,,,,,,,,,,,,,,,,,,,,,,,,,,,,,,,,,,,,
984,2019,1,11,5,30,-1.2000000000000002,0,0,0,3.5,,,,,,,,,,,,,,,,,,,,,,,,,,,,,,,,,,,,
985,2019,1,11,5,45,-1.2000000000000002,0,0,0,3.6,,,,,,,,,,,,,,,,,,,,,,,,,,,,,,,,,,,,
986,2019,1,11,6,0,-1.2000000000000002,0,0,0,3.7,,,,,,,,,,,,,,,,,,,,,,,,,,,,,,,,,,,,
987,2019,1,11,6,15,-1.1,0,0,0,3.8000000000000003,,,,,,,,,,,,,,,,,,,,,,,,,,,,,,,,,,,,
988,2019,1,11,6,30,-1.1,0,0,0,3.8000000000000003,,,,,,,,,,,,,,,,,,,,,,,,,,,,,,,,,,,,
989,2019,1,11,6,45,-1.1,0,0,0,3.9000000000000004,,,,,,,,,,,,,,,,,,,,,,,,,,,,,,,,,,,,
990,2019,1,11,7,0,-1,0,0,0,4,,,,,,,,,,,,,,,,,,,,,,,,,,,,,,,,,,,,
991,2019,1,11,7,15,-1,0,0,0,4,,,,,,,,,,,,,,,,,,,,,,,,,,,,,,,,,,,,
992,2019,1,11,7,30,-0.9,0,0,0,4,,,,,,,,,,,,,,,,,,,,,,,,,,,,,,,,,,,,
993,2019,1,11,7,45,-0.9,0,0,0,4,,,,,,,,,,,,,,,,,,,,,,,,,,,,,,,,,,,,
994,2019,1,11,8,0,-0.8,0,0,0,4,,,,,,,,,,,,,,,,,,,,,,,,,,,,,,,,,,,,
995,2019,1,11,8,15,-0.7000000000000001,0,0,0,4,,,,,,,,,,,,,,,,,,,,,,,,,,,,,,,,,,,,
996,2019,1,11,8,30,-0.6000000000000001,11,86,13,4.1000000000000005,,,,,,,,,,,,,,,,,,,,,,,,,,,,,,,,,,,,
997,2019,1,11,8,45,-0.5,3,0,3,4.1000000000000005,,,,,,,,,,,,,,,,,,,,,,,,,,,,,,,,,,,,
998,2019,1,11,9,0,-0.4,4,0,4,4.1000000000000005,,,,,,,,,,,,,,,,,,,,,,,,,,,,,,,,,,,,
999,2019,1,11,9,15,-0.2,5,0,5,4.1000000000000005,,,,,,,,,,,,,,,,,,,,,,,,,,,,,,,,,,,,
1000,2019,1,11,9,30,-0.1,6,0,6,4.1000000000000005,,,,,,,,,,,,,,,,,,,,,,,,,,,,,,,,,,,,
1001,2019,1,11,9,45,0.1,8,0,8,4.1000000000000005,,,,,,,,,,,,,,,,,,,,,,,,,,,,,,,,,,,,
1002,2019,1,11,10,0,0.2,9,0,9,4.1000000000000005,,,,,,,,,,,,,,,,,,,,,,,,,,,,,,,,,,,,
1003,2019,1,11,10,15,0.30000000000000004,11,0,11,4.1000000000000005,,,,,,,,,,,,,,,,,,,,,,,,,,,,,,,,,,,,
1004,2019,1,11,10,30,0.5,12,0,12,4.1000000000000005,,,,,,,,,,,,,,,,,,,,,,,,,,,,,,,,,,,,
1005,2019,1,11,10,45,0.6000000000000001,13,0,13,4.1000000000000005,,,,,,,,,,,,,,,,,,,,,,,,,,,,,,,,,,,,
1006,2019,1,11,11,0,0.7000000000000001,14,0,14,4.1000000000000005,,,,,,,,,,,,,,,,,,,,,,,,,,,,,,,,,,,,
1007,2019,1,11,11,15,0.8,9,0,9,4.1000000000000005,,,,,,,,,,,,,,,,,,,,,,,,,,,,,,,,,,,,
1008,2019,1,11,11,30,0.9,16,0,16,4.1000000000000005,,,,,,,,,,,,,,,,,,,,,,,,,,,,,,,,,,,,
1009,2019,1,11,11,45,1,17,0,17,4.1000000000000005,,,,,,,,,,,,,,,,,,,,,,,,,,,,,,,,,,,,
1010,2019,1,11,12,0,1.1,10,0,10,4.2,,,,,,,,,,,,,,,,,,,,,,,,,,,,,,,,,,,,
1011,2019,1,11,12,15,1.2000000000000002,17,0,17,4.2,,,,,,,,,,,,,,,,,,,,,,,,,,,,,,,,,,,,
1012,2019,1,11,12,30,1.3,10,0,10,4.3,,,,,,,,,,,,,,,,,,,,,,,,,,,,,,,,,,,,
1013,2019,1,11,12,45,1.4000000000000001,10,0,10,4.4,,,,,,,,,,,,,,,,,,,,,,,,,,,,,,,,,,,,
1014,2019,1,11,13,0,1.5,12,0,12,4.4,,,,,,,,,,,,,,,,,,,,,,,,,,,,,,,,,,,,
1015,2019,1,11,13,15,1.6,11,0,11,4.5,,,,,,,,,,,,,,,,,,,,,,,,,,,,,,,,,,,,
1016,2019,1,11,13,30,1.7000000000000002,10,0,10,4.5,,,,,,,,,,,,,,,,,,,,,,,,,,,,,,,,,,,,
1017,2019,1,11,13,45,1.7000000000000002,14,0,14,4.6000000000000005,,,,,,,,,,,,,,,,,,,,,,,,,,,,,,,,,,,,
1018,2019,1,11,14,0,1.8,13,0,13,4.7,,,,,,,,,,,,,,,,,,,,,,,,,,,,,,,,,,,,
1019,2019,1,11,14,15,1.8,12,0,12,4.6000000000000005,,,,,,,,,,,,,,,,,,,,,,,,,,,,,,,,,,,,
1020,2019,1,11,14,30,1.8,10,0,10,4.6000000000000005,,,,,,,,,,,,,,,,,,,,,,,,,,,,,,,,,,,,
1021,2019,1,11,14,45,1.8,9,0,9,4.6000000000000005,,,,,,,,,,,,,,,,,,,,,,,,,,,,,,,,,,,,
1022,2019,1,11,15,0,1.9000000000000001,7,0,7,4.6000000000000005,,,,,,,,,,,,,,,,,,,,,,,,,,,,,,,,,,,,
1023,2019,1,11,15,15,1.9000000000000001,6,0,6,4.6000000000000005,,,,,,,,,,,,,,,,,,,,,,,,,,,,,,,,,,,,
1024,2019,1,11,15,30,1.9000000000000001,5,0,5,4.7,,,,,,,,,,,,,,,,,,,,,,,,,,,,,,,,,,,,
1025,2019,1,11,15,45,1.9000000000000001,5,0,5,4.7,,,,,,,,,,,,,,,,,,,,,,,,,,,,,,,,,,,,
1026,2019,1,11,16,0,1.9000000000000001,4,0,4,4.7,,,,,,,,,,,,,,,,,,,,,,,,,,,,,,,,,,,,
1027,2019,1,11,16,15,2,1,0,1,4.800000000000001,,,,,,,,,,,,,,,,,,,,,,,,,,,,,,,,,,,,
1028,2019,1,11,16,30,2.1,0,0,0,4.9,,,,,,,,,,,,,,,,,,,,,,,,,,,,,,,,,,,,
1029,2019,1,11,16,45,2.2,0,0,0,5,,,,,,,,,,,,,,,,,,,,,,,,,,,,,,,,,,,,
1030,2019,1,11,17,0,2.4000000000000004,0,0,0,5.1000000000000005,,,,,,,,,,,,,,,,,,,,,,,,,,,,,,,,,,,,
1031,2019,1,11,17,15,2.5,0,0,0,5.1000000000000005,,,,,,,,,,,,,,,,,,,,,,,,,,,,,,,,,,,,
1032,2019,1,11,17,30,2.6,0,0,0,5.2,,,,,,,,,,,,,,,,,,,,,,,,,,,,,,,,,,,,
1033,2019,1,11,17,45,2.8000000000000003,0,0,0,5.2,,,,,,,,,,,,,,,,,,,,,,,,,,,,,,,,,,,,
1034,2019,1,11,18,0,2.9000000000000004,0,0,0,5.2,,,,,,,,,,,,,,,,,,,,,,,,,,,,,,,,,,,,
1035,2019,1,11,18,15,3,0,0,0,5.2,,,,,,,,,,,,,,,,,,,,,,,,,,,,,,,,,,,,
1036,2019,1,11,18,30,3.1,0,0,0,5.2,,,,,,,,,,,,,,,,,,,,,,,,,,,,,,,,,,,,
1037,2019,1,11,18,45,3.2,0,0,0,5.300000000000001,,,,,,,,,,,,,,,,,,,,,,,,,,,,,,,,,,,,
1038,2019,1,11,19,0,3.3000000000000003,0,0,0,5.300000000000001,,,,,,,,,,,,,,,,,,,,,,,,,,,,,,,,,,,,
1039,2019,1,11,19,15,3.4000000000000004,0,0,0,5.2,,,,,,,,,,,,,,,,,,,,,,,,,,,,,,,,,,,,
1040,2019,1,11,19,30,3.4000000000000004,0,0,0,5.2,,,,,,,,,,,,,,,,,,,,,,,,,,,,,,,,,,,,
1041,2019,1,11,19,45,3.4000000000000004,0,0,0,5.2,,,,,,,,,,,,,,,,,,,,,,,,,,,,,,,,,,,,
1042,2019,1,11,20,0,3.5,0,0,0,5.2,,,,,,,,,,,,,,,,,,,,,,,,,,,,,,,,,,,,
1043,2019,1,11,20,15,3.4000000000000004,0,0,0,5.2,,,,,,,,,,,,,,,,,,,,,,,,,,,,,,,,,,,,
1044,2019,1,11,20,30,3.4000000000000004,0,0,0,5.2,,,,,,,,,,,,,,,,,,,,,,,,,,,,,,,,,,,,
1045,2019,1,11,20,45,3.4000000000000004,0,0,0,5.2,,,,,,,,,,,,,,,,,,,,,,,,,,,,,,,,,,,,
1046,2019,1,11,21,0,3.4000000000000004,0,0,0,5.2,,,,,,,,,,,,,,,,,,,,,,,,,,,,,,,,,,,,
1047,2019,1,11,21,15,3.3000000000000003,0,0,0,5.2,,,,,,,,,,,,,,,,,,,,,,,,,,,,,,,,,,,,
1048,2019,1,11,21,30,3.3000000000000003,0,0,0,5.2,,,,,,,,,,,,,,,,,,,,,,,,,,,,,,,,,,,,
1049,2019,1,11,21,45,3.2,0,0,0,5.2,,,,,,,,,,,,,,,,,,,,,,,,,,,,,,,,,,,,
1050,2019,1,11,22,0,3.2,0,0,0,5.2,,,,,,,,,,,,,,,,,,,,,,,,,,,,,,,,,,,,
1051,2019,1,11,22,15,3.1,0,0,0,5.1000000000000005,,,,,,,,,,,,,,,,,,,,,,,,,,,,,,,,,,,,
1052,2019,1,11,22,30,3.1,0,0,0,5.1000000000000005,,,,,,,,,,,,,,,,,,,,,,,,,,,,,,,,,,,,
1053,2019,1,11,22,45,3,0,0,0,5.1000000000000005,,,,,,,,,,,,,,,,,,,,,,,,,,,,,,,,,,,,
1054,2019,1,11,23,0,3,0,0,0,5.1000000000000005,,,,,,,,,,,,,,,,,,,,,,,,,,,,,,,,,,,,
1055,2019,1,11,23,15,3,0,0,0,5,,,,,,,,,,,,,,,,,,,,,,,,,,,,,,,,,,,,
1056,2019,1,11,23,30,3,0,0,0,5,,,,,,,,,,,,,,,,,,,,,,,,,,,,,,,,,,,,
1057,2019,1,11,23,45,3,0,0,0,5,,,,,,,,,,,,,,,,,,,,,,,,,,,,,,,,,,,,
1058,2019,1,12,0,0,3,0,0,0,5,,,,,,,,,,,,,,,,,,,,,,,,,,,,,,,,,,,,
1059,2019,1,12,0,15,3,0,0,0,5,,,,,,,,,,,,,,,,,,,,,,,,,,,,,,,,,,,,
1060,2019,1,12,0,30,3,0,0,0,5,,,,,,,,,,,,,,,,,,,,,,,,,,,,,,,,,,,,
1061,2019,1,12,0,45,3,0,0,0,5,,,,,,,,,,,,,,,,,,,,,,,,,,,,,,,,,,,,
1062,2019,1,12,1,0,3,0,0,0,4.800000000000001,,,,,,,,,,,,,,,,,,,,,,,,,,,,,,,,,,,,
1063,2019,1,12,1,15,2.9000000000000004,0,0,0,4.7,,,,,,,,,,,,,,,,,,,,,,,,,,,,,,,,,,,,
1064,2019,1,12,1,30,2.9000000000000004,0,0,0,4.6000000000000005,,,,,,,,,,,,,,,,,,,,,,,,,,,,,,,,,,,,
1065,2019,1,12,1,45,2.9000000000000004,0,0,0,4.6000000000000005,,,,,,,,,,,,,,,,,,,,,,,,,,,,,,,,,,,,
1066,2019,1,12,2,0,2.9000000000000004,0,0,0,4.5,,,,,,,,,,,,,,,,,,,,,,,,,,,,,,,,,,,,
1067,2019,1,12,2,15,2.8000000000000003,0,0,0,4.5,,,,,,,,,,,,,,,,,,,,,,,,,,,,,,,,,,,,
1068,2019,1,12,2,30,2.8000000000000003,0,0,0,4.4,,,,,,,,,,,,,,,,,,,,,,,,,,,,,,,,,,,,
1069,2019,1,12,2,45,2.8000000000000003,0,0,0,4.4,,,,,,,,,,,,,,,,,,,,,,,,,,,,,,,,,,,,
1070,2019,1,12,3,0,2.7,0,0,0,4.4,,,,,,,,,,,,,,,,,,,,,,,,,,,,,,,,,,,,
1071,2019,1,12,3,15,2.7,0,0,0,4.3,,,,,,,,,,,,,,,,,,,,,,,,,,,,,,,,,,,,
1072,2019,1,12,3,30,2.7,0,0,0,4.3,,,,,,,,,,,,,,,,,,,,,,,,,,,,,,,,,,,,
1073,2019,1,12,3,45,2.7,0,0,0,4.2,,,,,,,,,,,,,,,,,,,,,,,,,,,,,,,,,,,,
1074,2019,1,12,4,0,2.7,0,0,0,4.2,,,,,,,,,,,,,,,,,,,,,,,,,,,,,,,,,,,,
1075,2019,1,12,4,15,2.8000000000000003,0,0,0,4.1000000000000005,,,,,,,,,,,,,,,,,,,,,,,,,,,,,,,,,,,,
1076,2019,1,12,4,30,2.8000000000000003,0,0,0,4.1000000000000005,,,,,,,,,,,,,,,,,,,,,,,,,,,,,,,,,,,,
1077,2019,1,12,4,45,2.8000000000000003,0,0,0,4,,,,,,,,,,,,,,,,,,,,,,,,,,,,,,,,,,,,
1078,2019,1,12,5,0,2.9000000000000004,0,0,0,4,,,,,,,,,,,,,,,,,,,,,,,,,,,,,,,,,,,,
1079,2019,1,12,5,15,2.9000000000000004,0,0,0,4,,,,,,,,,,,,,,,,,,,,,,,,,,,,,,,,,,,,
1080,2019,1,12,5,30,3,0,0,0,4,,,,,,,,,,,,,,,,,,,,,,,,,,,,,,,,,,,,
1081,2019,1,12,5,45,3,0,0,0,4,,,,,,,,,,,,,,,,,,,,,,,,,,,,,,,,,,,,
1082,2019,1,12,6,0,3.1,0,0,0,4,,,,,,,,,,,,,,,,,,,,,,,,,,,,,,,,,,,,
1083,2019,1,12,6,15,3.2,0,0,0,4.1000000000000005,,,,,,,,,,,,,,,,,,,,,,,,,,,,,,,,,,,,
1084,2019,1,12,6,30,3.2,0,0,0,4.1000000000000005,,,,,,,,,,,,,,,,,,,,,,,,,,,,,,,,,,,,
1085,2019,1,12,6,45,3.3000000000000003,0,0,0,4.2,,,,,,,,,,,,,,,,,,,,,,,,,,,,,,,,,,,,
1086,2019,1,12,7,0,3.3000000000000003,0,0,0,4.2,,,,,,,,,,,,,,,,,,,,,,,,,,,,,,,,,,,,
1087,2019,1,12,7,15,3.4000000000000004,0,0,0,4.3,,,,,,,,,,,,,,,,,,,,,,,,,,,,,,,,,,,,
1088,2019,1,12,7,30,3.4000000000000004,0,0,0,4.4,,,,,,,,,,,,,,,,,,,,,,,,,,,,,,,,,,,,
1089,2019,1,12,7,45,3.5,0,0,0,4.4,,,,,,,,,,,,,,,,,,,,,,,,,,,,,,,,,,,,
1090,2019,1,12,8,0,3.5,0,0,0,4.5,,,,,,,,,,,,,,,,,,,,,,,,,,,,,,,,,,,,
1091,2019,1,12,8,15,3.6,0,0,0,4.6000000000000005,,,,,,,,,,,,,,,,,,,,,,,,,,,,,,,,,,,,
1092,2019,1,12,8,30,3.7,12,88,14,4.7,,,,,,,,,,,,,,,,,,,,,,,,,,,,,,,,,,,,
1093,2019,1,12,8,45,3.7,4,0,4,4.800000000000001,,,,,,,,,,,,,,,,,,,,,,,,,,,,,,,,,,,,
1094,2019,1,12,9,0,3.8000000000000003,4,0,4,4.9,,,,,,,,,,,,,,,,,,,,,,,,,,,,,,,,,,,,
1095,2019,1,12,9,15,3.9000000000000004,5,0,5,4.9,,,,,,,,,,,,,,,,,,,,,,,,,,,,,,,,,,,,
1096,2019,1,12,9,30,3.9000000000000004,7,0,7,5,,,,,,,,,,,,,,,,,,,,,,,,,,,,,,,,,,,,
1097,2019,1,12,9,45,4,6,0,6,5.1000000000000005,,,,,,,,,,,,,,,,,,,,,,,,,,,,,,,,,,,,
1098,2019,1,12,10,0,4.1000000000000005,7,0,7,5.1000000000000005,,,,,,,,,,,,,,,,,,,,,,,,,,,,,,,,,,,,
1099,2019,1,12,10,15,4.2,7,0,7,5.1000000000000005,,,,,,,,,,,,,,,,,,,,,,,,,,,,,,,,,,,,
1100,2019,1,12,10,30,4.2,8,0,8,5.2,,,,,,,,,,,,,,,,,,,,,,,,,,,,,,,,,,,,
1101,2019,1,12,10,45,4.3,13,0,13,5.2,,,,,,,,,,,,,,,,,,,,,,,,,,,,,,,,,,,,
1102,2019,1,12,11,0,4.4,15,0,15,5.300000000000001,,,,,,,,,,,,,,,,,,,,,,,,,,,,,,,,,,,,
1103,2019,1,12,11,15,4.4,9,0,9,5.4,,,,,,,,,,,,,,,,,,,,,,,,,,,,,,,,,,,,
1104,2019,1,12,11,30,4.5,12,0,12,5.4,,,,,,,,,,,,,,,,,,,,,,,,,,,,,,,,,,,,
1105,2019,1,12,11,45,4.5,12,0,12,5.5,,,,,,,,,,,,,,,,,,,,,,,,,,,,,,,,,,,,
1106,2019,1,12,12,0,4.5,10,0,10,5.6000000000000005,,,,,,,,,,,,,,,,,,,,,,,,,,,,,,,,,,,,
1107,2019,1,12,12,15,4.5,10,0,10,5.7,,,,,,,,,,,,,,,,,,,,,,,,,,,,,,,,,,,,
1108,2019,1,12,12,30,4.5,12,0,12,5.800000000000001,,,,,,,,,,,,,,,,,,,,,,,,,,,,,,,,,,,,
1109,2019,1,12,12,45,4.4,11,0,11,5.800000000000001,,,,,,,,,,,,,,,,,,,,,,,,,,,,,,,,,,,,
1110,2019,1,12,13,0,4.4,12,0,12,5.9,,,,,,,,,,,,,,,,,,,,,,,,,,,,,,,,,,,,
1111,2019,1,12,13,15,4.3,11,0,11,6,,,,,,,,,,,,,,,,,,,,,,,,,,,,,,,,,,,,
1112,2019,1,12,13,30,4.2,10,0,10,6,,,,,,,,,,,,,,,,,,,,,,,,,,,,,,,,,,,,
1113,2019,1,12,13,45,4.1000000000000005,10,0,10,6,,,,,,,,,,,,,,,,,,,,,,,,,,,,,,,,,,,,
1114,2019,1,12,14,0,4,9,0,9,6.1000000000000005,,,,,,,,,,,,,,,,,,,,,,,,,,,,,,,,,,,,
1115,2019,1,12,14,15,3.9000000000000004,9,0,9,6.1000000000000005,,,,,,,,,,,,,,,,,,,,,,,,,,,,,,,,,,,,
1116,2019,1,12,14,30,3.8000000000000003,8,0,8,6.2,,,,,,,,,,,,,,,,,,,,,,,,,,,,,,,,,,,,
1117,2019,1,12,14,45,3.7,7,0,7,6.2,,,,,,,,,,,,,,,,,,,,,,,,,,,,,,,,,,,,
1118,2019,1,12,15,0,3.6,7,0,7,6.300000000000001,,,,,,,,,,,,,,,,,,,,,,,,,,,,,,,,,,,,
1119,2019,1,12,15,15,3.5,6,0,6,6.300000000000001,,,,,,,,,,,,,,,,,,,,,,,,,,,,,,,,,,,,
1120,2019,1,12,15,30,3.5,5,0,5,6.300000000000001,,,,,,,,,,,,,,,,,,,,,,,,,,,,,,,,,,,,
1121,2019,1,12,15,45,3.4000000000000004,5,0,5,6.300000000000001,,,,,,,,,,,,,,,,,,,,,,,,,,,,,,,,,,,,
1122,2019,1,12,16,0,3.3000000000000003,4,0,4,6.4,,,,,,,,,,,,,,,,,,,,,,,,,,,,,,,,,,,,
1123,2019,1,12,16,15,3.4000000000000004,11,81,13,6.300000000000001,,,,,,,,,,,,,,,,,,,,,,,,,,,,,,,,,,,,
1124,2019,1,12,16,30,3.4000000000000004,0,0,0,6.2,,,,,,,,,,,,,,,,,,,,,,,,,,,,,,,,,,,,
1125,2019,1,12,16,45,3.4000000000000004,0,0,0,6.1000000000000005,,,,,,,,,,,,,,,,,,,,,,,,,,,,,,,,,,,,
1126,2019,1,12,17,0,3.4000000000000004,0,0,0,6.1000000000000005,,,,,,,,,,,,,,,,,,,,,,,,,,,,,,,,,,,,
1127,2019,1,12,17,15,3.4000000000000004,0,0,0,6,,,,,,,,,,,,,,,,,,,,,,,,,,,,,,,,,,,,
1128,2019,1,12,17,30,3.5,0,0,0,5.9,,,,,,,,,,,,,,,,,,,,,,,,,,,,,,,,,,,,
1129,2019,1,12,17,45,3.5,0,0,0,5.800000000000001,,,,,,,,,,,,,,,,,,,,,,,,,,,,,,,,,,,,
1130,2019,1,12,18,0,3.6,0,0,0,5.800000000000001,,,,,,,,,,,,,,,,,,,,,,,,,,,,,,,,,,,,
1131,2019,1,12,18,15,3.6,0,0,0,5.7,,,,,,,,,,,,,,,,,,,,,,,,,,,,,,,,,,,,
1132,2019,1,12,18,30,3.6,0,0,0,5.6000000000000005,,,,,,,,,,,,,,,,,,,,,,,,,,,,,,,,,,,,
1133,2019,1,12,18,45,3.7,0,0,0,5.6000000000000005,,,,,,,,,,,,,,,,,,,,,,,,,,,,,,,,,,,,
1134,2019,1,12,19,0,3.7,0,0,0,5.5,,,,,,,,,,,,,,,,,,,,,,,,,,,,,,,,,,,,
1135,2019,1,12,19,15,3.8000000000000003,0,0,0,5.5,,,,,,,,,,,,,,,,,,,,,,,,,,,,,,,,,,,,
1136,2019,1,12,19,30,3.9000000000000004,0,0,0,5.4,,,,,,,,,,,,,,,,,,,,,,,,,,,,,,,,,,,,
1137,2019,1,12,19,45,3.9000000000000004,0,0,0,5.4,,,,,,,,,,,,,,,,,,,,,,,,,,,,,,,,,,,,
1138,2019,1,12,20,0,4,0,0,0,5.4,,,,,,,,,,,,,,,,,,,,,,,,,,,,,,,,,,,,
1139,2019,1,12,20,15,4,0,0,0,5.4,,,,,,,,,,,,,,,,,,,,,,,,,,,,,,,,,,,,
1140,2019,1,12,20,30,4.1000000000000005,0,0,0,5.300000000000001,,,,,,,,,,,,,,,,,,,,,,,,,,,,,,,,,,,,
1141,2019,1,12,20,45,4.1000000000000005,0,0,0,5.300000000000001,,,,,,,,,,,,,,,,,,,,,,,,,,,,,,,,,,,,
1142,2019,1,12,21,0,4.1000000000000005,0,0,0,5.300000000000001,,,,,,,,,,,,,,,,,,,,,,,,,,,,,,,,,,,,
1143,2019,1,12,21,15,4.1000000000000005,0,0,0,5.300000000000001,,,,,,,,,,,,,,,,,,,,,,,,,,,,,,,,,,,,
1144,2019,1,12,21,30,4.1000000000000005,0,0,0,5.300000000000001,,,,,,,,,,,,,,,,,,,,,,,,,,,,,,,,,,,,
1145,2019,1,12,21,45,4.1000000000000005,0,0,0,5.4,,,,,,,,,,,,,,,,,,,,,,,,,,,,,,,,,,,,
1146,2019,1,12,22,0,4.1000000000000005,0,0,0,5.4,,,,,,,,,,,,,,,,,,,,,,,,,,,,,,,,,,,,
1147,2019,1,12,22,15,4.1000000000000005,0,0,0,5.4,,,,,,,,,,,,,,,,,,,,,,,,,,,,,,,,,,,,
1148,2019,1,12,22,30,4.1000000000000005,0,0,0,5.5,,,,,,,,,,,,,,,,,,,,,,,,,,,,,,,,,,,,
1149,2019,1,12,22,45,4.1000000000000005,0,0,0,5.5,,,,,,,,,,,,,,,,,,,,,,,,,,,,,,,,,,,,
1150,2019,1,12,23,0,4.1000000000000005,0,0,0,5.5,,,,,,,,,,,,,,,,,,,,,,,,,,,,,,,,,,,,
1151,2019,1,12,23,15,4.1000000000000005,0,0,0,5.6000000000000005,,,,,,,,,,,,,,,,,,,,,,,,,,,,,,,,,,,,
1152,2019,1,12,23,30,4.1000000000000005,0,0,0,5.6000000000000005,,,,,,,,,,,,,,,,,,,,,,,,,,,,,,,,,,,,
1153,2019,1,12,23,45,4.1000000000000005,0,0,0,5.6000000000000005,,,,,,,,,,,,,,,,,,,,,,,,,,,,,,,,,,,,
1154,2019,1,13,0,0,4.2,0,0,0,5.7,,,,,,,,,,,,,,,,,,,,,,,,,,,,,,,,,,,,
1155,2019,1,13,0,15,4.2,0,0,0,5.7,,,,,,,,,,,,,,,,,,,,,,,,,,,,,,,,,,,,
1156,2019,1,13,0,30,4.2,0,0,0,5.7,,,,,,,,,,,,,,,,,,,,,,,,,,,,,,,,,,,,
1157,2019,1,13,0,45,4.2,0,0,0,5.7,,,,,,,,,,,,,,,,,,,,,,,,,,,,,,,,,,,,
1158,2019,1,13,1,0,4.4,0,0,0,5.800000000000001,,,,,,,,,,,,,,,,,,,,,,,,,,,,,,,,,,,,
1159,2019,1,13,1,15,4.4,0,0,0,5.800000000000001,,,,,,,,,,,,,,,,,,,,,,,,,,,,,,,,,,,,
1160,2019,1,13,1,30,4.5,0,0,0,5.9,,,,,,,,,,,,,,,,,,,,,,,,,,,,,,,,,,,,
1161,2019,1,13,1,45,4.5,0,0,0,5.9,,,,,,,,,,,,,,,,,,,,,,,,,,,,,,,,,,,,
1162,2019,1,13,2,0,4.5,0,0,0,5.9,,,,,,,,,,,,,,,,,,,,,,,,,,,,,,,,,,,,
1163,2019,1,13,2,15,4.6000000000000005,0,0,0,5.800000000000001,,,,,,,,,,,,,,,,,,,,,,,,,,,,,,,,,,,,
1164,2019,1,13,2,30,4.6000000000000005,0,0,0,5.800000000000001,,,,,,,,,,,,,,,,,,,,,,,,,,,,,,,,,,,,
1165,2019,1,13,2,45,4.6000000000000005,0,0,0,5.800000000000001,,,,,,,,,,,,,,,,,,,,,,,,,,,,,,,,,,,,
1166,2019,1,13,3,0,4.6000000000000005,0,0,0,5.7,,,,,,,,,,,,,,,,,,,,,,,,,,,,,,,,,,,,
1167,2019,1,13,3,15,4.6000000000000005,0,0,0,5.7,,,,,,,,,,,,,,,,,,,,,,,,,,,,,,,,,,,,
1168,2019,1,13,3,30,4.6000000000000005,0,0,0,5.6000000000000005,,,,,,,,,,,,,,,,,,,,,,,,,,,,,,,,,,,,
1169,2019,1,13,3,45,4.6000000000000005,0,0,0,5.6000000000000005,,,,,,,,,,,,,,,,,,,,,,,,,,,,,,,,,,,,
1170,2019,1,13,4,0,4.6000000000000005,0,0,0,5.5,,,,,,,,,,,,,,,,,,,,,,,,,,,,,,,,,,,,
1171,2019,1,13,4,15,4.5,0,0,0,5.5,,,,,,,,,,,,,,,,,,,,,,,,,,,,,,,,,,,,
1172,2019,1,13,4,30,4.5,0,0,0,5.4,,,,,,,,,,,,,,,,,,,,,,,,,,,,,,,,,,,,
1173,2019,1,13,4,45,4.5,0,0,0,5.300000000000001,,,,,,,,,,,,,,,,,,,,,,,,,,,,,,,,,,,,
1174,2019,1,13,5,0,4.5,0,0,0,5.2,,,,,,,,,,,,,,,,,,,,,,,,,,,,,,,,,,,,
1175,2019,1,13,5,15,4.5,0,0,0,5.2,,,,,,,,,,,,,,,,,,,,,,,,,,,,,,,,,,,,
1176,2019,1,13,5,30,4.5,0,0,0,5.2,,,,,,,,,,,,,,,,,,,,,,,,,,,,,,,,,,,,
1177,2019,1,13,5,45,4.5,0,0,0,5.1000000000000005,,,,,,,,,,,,,,,,,,,,,,,,,,,,,,,,,,,,
1178,2019,1,13,6,0,4.5,0,0,0,5.1000000000000005,,,,,,,,,,,,,,,,,,,,,,,,,,,,,,,,,,,,
1179,2019,1,13,6,15,4.4,0,0,0,5.1000000000000005,,,,,,,,,,,,,,,,,,,,,,,,,,,,,,,,,,,,
1180,2019,1,13,6,30,4.4,0,0,0,5.1000000000000005,,,,,,,,,,,,,,,,,,,,,,,,,,,,,,,,,,,,
1181,2019,1,13,6,45,4.4,0,0,0,5.1000000000000005,,,,,,,,,,,,,,,,,,,,,,,,,,,,,,,,,,,,
1182,2019,1,13,7,0,4.4,0,0,0,5,,,,,,,,,,,,,,,,,,,,,,,,,,,,,,,,,,,,
1183,2019,1,13,7,15,4.4,0,0,0,5,,,,,,,,,,,,,,,,,,,,,,,,,,,,,,,,,,,,
1184,2019,1,13,7,30,4.4,0,0,0,5,,,,,,,,,,,,,,,,,,,,,,,,,,,,,,,,,,,,
1185,2019,1,13,7,45,4.4,0,0,0,5,,,,,,,,,,,,,,,,,,,,,,,,,,,,,,,,,,,,
1186,2019,1,13,8,0,4.4,0,0,0,5,,,,,,,,,,,,,,,,,,,,,,,,,,,,,,,,,,,,
1187,2019,1,13,8,15,4.4,0,0,0,5,,,,,,,,,,,,,,,,,,,,,,,,,,,,,,,,,,,,
1188,2019,1,13,8,30,4.4,1,38,2,5.1000000000000005,,,,,,,,,,,,,,,,,,,,,,,,,,,,,,,,,,,,
1189,2019,1,13,8,45,4.5,4,0,4,5.1000000000000005,,,,,,,,,,,,,,,,,,,,,,,,,,,,,,,,,,,,
1190,2019,1,13,9,0,4.5,5,0,5,5.1000000000000005,,,,,,,,,,,,,,,,,,,,,,,,,,,,,,,,,,,,
1191,2019,1,13,9,15,4.5,6,0,6,5.2,,,,,,,,,,,,,,,,,,,,,,,,,,,,,,,,,,,,
1192,2019,1,13,9,30,4.5,6,0,6,5.4,,,,,,,,,,,,,,,,,,,,,,,,,,,,,,,,,,,,
1193,2019,1,13,9,45,4.5,7,0,7,5.5,,,,,,,,,,,,,,,,,,,,,,,,,,,,,,,,,,,,
1194,2019,1,13,10,0,4.5,8,0,8,5.7,,,,,,,,,,,,,,,,,,,,,,,,,,,,,,,,,,,,
1195,2019,1,13,10,15,4.5,8,0,8,5.9,,,,,,,,,,,,,,,,,,,,,,,,,,,,,,,,,,,,
1196,2019,1,13,10,30,4.4,9,0,9,6.1000000000000005,,,,,,,,,,,,,,,,,,,,,,,,,,,,,,,,,,,,
1197,2019,1,13,10,45,4.4,10,0,10,6.300000000000001,,,,,,,,,,,,,,,,,,,,,,,,,,,,,,,,,,,,
1198,2019,1,13,11,0,4.3,10,0,10,6.4,,,,,,,,,,,,,,,,,,,,,,,,,,,,,,,,,,,,
1199,2019,1,13,11,15,4.4,11,0,11,6.5,,,,,,,,,,,,,,,,,,,,,,,,,,,,,,,,,,,,
1200,2019,1,13,11,30,4.4,11,0,11,6.5,,,,,,,,,,,,,,,,,,,,,,,,,,,,,,,,,,,,
1201,2019,1,13,11,45,4.4,11,0,11,6.6000000000000005,,,,,,,,,,,,,,,,,,,,,,,,,,,,,,,,,,,,
1202,2019,1,13,12,0,4.4,12,0,12,6.6000000000000005,,,,,,,,,,,,,,,,,,,,,,,,,,,,,,,,,,,,
1203,2019,1,13,12,15,4.7,18,0,18,6.6000000000000005,,,,,,,,,,,,,,,,,,,,,,,,,,,,,,,,,,,,
1204,2019,1,13,12,30,4.9,12,0,12,6.6000000000000005,,,,,,,,,,,,,,,,,,,,,,,,,,,,,,,,,,,,
1205,2019,1,13,12,45,5.1000000000000005,12,0,12,6.6000000000000005,,,,,,,,,,,,,,,,,,,,,,,,,,,,,,,,,,,,
1206,2019,1,13,13,0,5.300000000000001,12,0,12,6.6000000000000005,,,,,,,,,,,,,,,,,,,,,,,,,,,,,,,,,,,,
1207,2019,1,13,13,15,5.5,11,0,11,6.7,,,,,,,,,,,,,,,,,,,,,,,,,,,,,,,,,,,,
1208,2019,1,13,13,30,5.800000000000001,11,0,11,6.800000000000001,,,,,,,,,,,,,,,,,,,,,,,,,,,,,,,,,,,,
1209,2019,1,13,13,45,6,10,0,10,6.800000000000001,,,,,,,,,,,,,,,,,,,,,,,,,,,,,,,,,,,,
1210,2019,1,13,14,0,6.2,10,0,10,6.9,,,,,,,,,,,,,,,,,,,,,,,,,,,,,,,,,,,,
1211,2019,1,13,14,15,6.300000000000001,9,0,9,6.9,,,,,,,,,,,,,,,,,,,,,,,,,,,,,,,,,,,,
1212,2019,1,13,14,30,6.4,8,0,8,7,,,,,,,,,,,,,,,,,,,,,,,,,,,,,,,,,,,,
1213,2019,1,13,14,45,6.5,8,0,8,7,,,,,,,,,,,,,,,,,,,,,,,,,,,,,,,,,,,,
1214,2019,1,13,15,0,6.6000000000000005,7,0,7,7,,,,,,,,,,,,,,,,,,,,,,,,,,,,,,,,,,,,
1215,2019,1,13,15,15,6.6000000000000005,6,0,6,7,,,,,,,,,,,,,,,,,,,,,,,,,,,,,,,,,,,,
1216,2019,1,13,15,30,6.6000000000000005,6,0,6,6.9,,,,,,,,,,,,,,,,,,,,,,,,,,,,,,,,,,,,
1217,2019,1,13,15,45,6.6000000000000005,4,0,4,6.9,,,,,,,,,,,,,,,,,,,,,,,,,,,,,,,,,,,,
1218,2019,1,13,16,0,6.5,3,0,3,6.800000000000001,,,,,,,,,,,,,,,,,,,,,,,,,,,,,,,,,,,,
1219,2019,1,13,16,15,6.5,1,0,1,6.9,,,,,,,,,,,,,,,,,,,,,,,,,,,,,,,,,,,,
1220,2019,1,13,16,30,6.5,0,0,0,6.9,,,,,,,,,,,,,,,,,,,,,,,,,,,,,,,,,,,,
1221,2019,1,13,16,45,6.5,0,0,0,6.9,,,,,,,,,,,,,,,,,,,,,,,,,,,,,,,,,,,,
1222,2019,1,13,17,0,6.5,0,0,0,6.9,,,,,,,,,,,,,,,,,,,,,,,,,,,,,,,,,,,,
1223,2019,1,13,17,15,6.5,0,0,0,7,,,,,,,,,,,,,,,,,,,,,,,,,,,,,,,,,,,,
1224,2019,1,13,17,30,6.6000000000000005,0,0,0,7.1000000000000005,,,,,,,,,,,,,,,,,,,,,,,,,,,,,,,,,,,,
1225,2019,1,13,17,45,6.6000000000000005,0,0,0,7.2,,,,,,,,,,,,,,,,,,,,,,,,,,,,,,,,,,,,
1226,2019,1,13,18,0,6.7,0,0,0,7.300000000000001,,,,,,,,,,,,,,,,,,,,,,,,,,,,,,,,,,,,
1227,2019,1,13,18,15,6.7,0,0,0,7.4,,,,,,,,,,,,,,,,,,,,,,,,,,,,,,,,,,,,
1228,2019,1,13,18,30,6.7,0,0,0,7.5,,,,,,,,,,,,,,,,,,,,,,,,,,,,,,,,,,,,
1229,2019,1,13,18,45,6.7,0,0,0,7.6000000000000005,,,,,,,,,,,,,,,,,,,,,,,,,,,,,,,,,,,,
1230,2019,1,13,19,0,6.800000000000001,0,0,0,7.6000000000000005,,,,,,,,,,,,,,,,,,,,,,,,,,,,,,,,,,,,
1231,2019,1,13,19,15,6.7,0,0,0,7.800000000000001,,,,,,,,,,,,,,,,,,,,,,,,,,,,,,,,,,,,
1232,2019,1,13,19,30,6.7,0,0,0,7.9,,,,,,,,,,,,,,,,,,,,,,,,,,,,,,,,,,,,
1233,2019,1,13,19,45,6.6000000000000005,0,0,0,8.1,,,,,,,,,,,,,,,,,,,,,,,,,,,,,,,,,,,,
1234,2019,1,13,20,0,6.6000000000000005,0,0,0,8.200000000000001,,,,,,,,,,,,,,,,,,,,,,,,,,,,,,,,,,,,
1235,2019,1,13,20,15,6.5,0,0,0,8.3,,,,,,,,,,,,,,,,,,,,,,,,,,,,,,,,,,,,
1236,2019,1,13,20,30,6.300000000000001,0,0,0,8.3,,,,,,,,,,,,,,,,,,,,,,,,,,,,,,,,,,,,
1237,2019,1,13,20,45,6.2,0,0,0,8.3,,,,,,,,,,,,,,,,,,,,,,,,,,,,,,,,,,,,
1238,2019,1,13,21,0,6,0,0,0,8.4,,,,,,,,,,,,,,,,,,,,,,,,,,,,,,,,,,,,
1239,2019,1,13,21,15,5.9,0,0,0,8.4,,,,,,,,,,,,,,,,,,,,,,,,,,,,,,,,,,,,
1240,2019,1,13,21,30,5.800000000000001,0,0,0,8.4,,,,,,,,,,,,,,,,,,,,,,,,,,,,,,,,,,,,
1241,2019,1,13,21,45,5.7,0,0,0,8.4,,,,,,,,,,,,,,,,,,,,,,,,,,,,,,,,,,,,
1242,2019,1,13,22,0,5.6000000000000005,0,0,0,8.4,,,,,,,,,,,,,,,,,,,,,,,,,,,,,,,,,,,,
1243,2019,1,13,22,15,5.5,0,0,0,8.4,,,,,,,,,,,,,,,,,,,,,,,,,,,,,,,,,,,,
1244,2019,1,13,22,30,5.4,0,0,0,8.5,,,,,,,,,,,,,,,,,,,,,,,,,,,,,,,,,,,,
1245,2019,1,13,22,45,5.4,0,0,0,8.5,,,,,,,,,,,,,,,,,,,,,,,,,,,,,,,,,,,,
1246,2019,1,13,23,0,5.300000000000001,0,0,0,8.5,,,,,,,,,,,,,,,,,,,,,,,,,,,,,,,,,,,,
1247,2019,1,13,23,15,5.300000000000001,0,0,0,8.5,,,,,,,,,,,,,,,,,,,,,,,,,,,,,,,,,,,,
1248,2019,1,13,23,30,5.2,0,0,0,8.6,,,,,,,,,,,,,,,,,,,,,,,,,,,,,,,,,,,,
1249,2019,1,13,23,45,5.2,0,0,0,8.6,,,,,,,,,,,,,,,,,,,,,,,,,,,,,,,,,,,,
1250,2019,1,14,0,0,5.2,0,0,0,8.6,,,,,,,,,,,,,,,,,,,,,,,,,,,,,,,,,,,,
1251,2019,1,14,0,15,5.2,0,0,0,8.6,,,,,,,,,,,,,,,,,,,,,,,,,,,,,,,,,,,,
1252,2019,1,14,0,30,5.2,0,0,0,8.6,,,,,,,,,,,,,,,,,,,,,,,,,,,,,,,,,,,,
1253,2019,1,14,0,45,5.2,0,0,0,8.6,,,,,,,,,,,,,,,,,,,,,,,,,,,,,,,,,,,,
1254,2019,1,14,1,0,4.7,0,0,0,8.4,,,,,,,,,,,,,,,,,,,,,,,,,,,,,,,,,,,,
1255,2019,1,14,1,15,4.5,0,0,0,8.3,,,,,,,,,,,,,,,,,,,,,,,,,,,,,,,,,,,,
1256,2019,1,14,1,30,4.3,0,0,0,8.200000000000001,,,,,,,,,,,,,,,,,,,,,,,,,,,,,,,,,,,,
1257,2019,1,14,1,45,4,0,0,0,8,,,,,,,,,,,,,,,,,,,,,,,,,,,,,,,,,,,,
1258,2019,1,14,2,0,3.8000000000000003,0,0,0,7.9,,,,,,,,,,,,,,,,,,,,,,,,,,,,,,,,,,,,
1259,2019,1,14,2,15,3.5,0,0,0,7.7,,,,,,,,,,,,,,,,,,,,,,,,,,,,,,,,,,,,
1260,2019,1,14,2,30,3.2,0,0,0,7.6000000000000005,,,,,,,,,,,,,,,,,,,,,,,,,,,,,,,,,,,,
1261,2019,1,14,2,45,3,0,0,0,7.5,,,,,,,,,,,,,,,,,,,,,,,,,,,,,,,,,,,,
1262,2019,1,14,3,0,2.7,0,0,0,7.4,,,,,,,,,,,,,,,,,,,,,,,,,,,,,,,,,,,,
1263,2019,1,14,3,15,2.5,0,0,0,7.4,,,,,,,,,,,,,,,,,,,,,,,,,,,,,,,,,,,,
1264,2019,1,14,3,30,2.3000000000000003,0,0,0,7.4,,,,,,,,,,,,,,,,,,,,,,,,,,,,,,,,,,,,
1265,2019,1,14,3,45,2.1,0,0,0,7.4,,,,,,,,,,,,,,,,,,,,,,,,,,,,,,,,,,,,
1266,2019,1,14,4,0,1.9000000000000001,0,0,0,7.4,,,,,,,,,,,,,,,,,,,,,,,,,,,,,,,,,,,,
1267,2019,1,14,4,15,1.8,0,0,0,7.300000000000001,,,,,,,,,,,,,,,,,,,,,,,,,,,,,,,,,,,,
1268,2019,1,14,4,30,1.6,0,0,0,7.300000000000001,,,,,,,,,,,,,,,,,,,,,,,,,,,,,,,,,,,,
1269,2019,1,14,4,45,1.5,0,0,0,7.300000000000001,,,,,,,,,,,,,,,,,,,,,,,,,,,,,,,,,,,,
1270,2019,1,14,5,0,1.4000000000000001,0,0,0,7.2,,,,,,,,,,,,,,,,,,,,,,,,,,,,,,,,,,,,
1271,2019,1,14,5,15,1.3,0,0,0,7.1000000000000005,,,,,,,,,,,,,,,,,,,,,,,,,,,,,,,,,,,,
1272,2019,1,14,5,30,1.2000000000000002,0,0,0,7,,,,,,,,,,,,,,,,,,,,,,,,,,,,,,,,,,,,
1273,2019,1,14,5,45,1,0,0,0,6.9,,,,,,,,,,,,,,,,,,,,,,,,,,,,,,,,,,,,
1274,2019,1,14,6,0,0.9,0,0,0,6.800000000000001,,,,,,,,,,,,,,,,,,,,,,,,,,,,,,,,,,,,
1275,2019,1,14,6,15,0.9,0,0,0,6.7,,,,,,,,,,,,,,,,,,,,,,,,,,,,,,,,,,,,
1276,2019,1,14,6,30,0.8,0,0,0,6.6000000000000005,,,,,,,,,,,,,,,,,,,,,,,,,,,,,,,,,,,,
1277,2019,1,14,6,45,0.8,0,0,0,6.5,,,,,,,,,,,,,,,,,,,,,,,,,,,,,,,,,,,,
1278,2019,1,14,7,0,0.7000000000000001,0,0,0,6.4,,,,,,,,,,,,,,,,,,,,,,,,,,,,,,,,,,,,
1279,2019,1,14,7,15,0.8,0,0,0,6.5,,,,,,,,,,,,,,,,,,,,,,,,,,,,,,,,,,,,
1280,2019,1,14,7,30,0.9,0,0,0,6.5,,,,,,,,,,,,,,,,,,,,,,,,,,,,,,,,,,,,
1281,2019,1,14,7,45,0.9,0,0,0,6.6000000000000005,,,,,,,,,,,,,,,,,,,,,,,,,,,,,,,,,,,,
1282,2019,1,14,8,0,1,0,0,0,6.6000000000000005,,,,,,,,,,,,,,,,,,,,,,,,,,,,,,,,,,,,
1283,2019,1,14,8,15,1.2000000000000002,0,0,0,6.7,,,,,,,,,,,,,,,,,,,,,,,,,,,,,,,,,,,,
1284,2019,1,14,8,30,1.4000000000000001,14,24,14,6.7,,,,,,,,,,,,,,,,,,,,,,,,,,,,,,,,,,,,
1285,2019,1,14,8,45,1.6,14,0,14,6.800000000000001,,,,,,,,,,,,,,,,,,,,,,,,,,,,,,,,,,,,
1286,2019,1,14,9,0,1.7000000000000002,22,0,22,6.9,,,,,,,,,,,,,,,,,,,,,,,,,,,,,,,,,,,,
1287,2019,1,14,9,15,1.9000000000000001,29,0,29,6.9,,,,,,,,,,,,,,,,,,,,,,,,,,,,,,,,,,,,
1288,2019,1,14,9,30,2.1,37,0,37,7,,,,,,,,,,,,,,,,,,,,,,,,,,,,,,,,,,,,
1289,2019,1,14,9,45,2.2,46,0,46,7,,,,,,,,,,,,,,,,,,,,,,,,,,,,,,,,,,,,
1290,2019,1,14,10,0,2.4000000000000004,54,0,54,7.1000000000000005,,,,,,,,,,,,,,,,,,,,,,,,,,,,,,,,,,,,
1291,2019,1,14,10,15,2.5,11,0,11,7.2,,,,,,,,,,,,,,,,,,,,,,,,,,,,,,,,,,,,
1292,2019,1,14,10,30,2.6,13,0,13,7.300000000000001,,,,,,,,,,,,,,,,,,,,,,,,,,,,,,,,,,,,
1293,2019,1,14,10,45,2.7,14,0,14,7.4,,,,,,,,,,,,,,,,,,,,,,,,,,,,,,,,,,,,
1294,2019,1,14,11,0,2.8000000000000003,15,0,15,7.5,,,,,,,,,,,,,,,,,,,,,,,,,,,,,,,,,,,,
1295,2019,1,14,11,15,2.9000000000000004,16,0,16,7.6000000000000005,,,,,,,,,,,,,,,,,,,,,,,,,,,,,,,,,,,,
1296,2019,1,14,11,30,2.9000000000000004,17,0,17,7.7,,,,,,,,,,,,,,,,,,,,,,,,,,,,,,,,,,,,
1297,2019,1,14,11,45,3,18,0,18,7.800000000000001,,,,,,,,,,,,,,,,,,,,,,,,,,,,,,,,,,,,
1298,2019,1,14,12,0,3,98,0,98,7.9,,,,,,,,,,,,,,,,,,,,,,,,,,,,,,,,,,,,
1299,2019,1,14,12,15,3,118,83,142,7.800000000000001,,,,,,,,,,,,,,,,,,,,,,,,,,,,,,,,,,,,
1300,2019,1,14,12,30,3,112,31,121,7.7,,,,,,,,,,,,,,,,,,,,,,,,,,,,,,,,,,,,
1301,2019,1,14,12,45,2.9000000000000004,109,24,116,7.7,,,,,,,,,,,,,,,,,,,,,,,,,,,,,,,,,,,,
1302,2019,1,14,13,0,2.9000000000000004,105,16,110,7.6000000000000005,,,,,,,,,,,,,,,,,,,,,,,,,,,,,,,,,,,,
1303,2019,1,14,13,15,2.8000000000000003,67,0,67,7.5,,,,,,,,,,,,,,,,,,,,,,,,,,,,,,,,,,,,
1304,2019,1,14,13,30,2.7,17,0,17,7.300000000000001,,,,,,,,,,,,,,,,,,,,,,,,,,,,,,,,,,,,
1305,2019,1,14,13,45,2.6,16,0,16,7.2,,,,,,,,,,,,,,,,,,,,,,,,,,,,,,,,,,,,
1306,2019,1,14,14,0,2.5,14,0,14,7,,,,,,,,,,,,,,,,,,,,,,,,,,,,,,,,,,,,
1307,2019,1,14,14,15,2.3000000000000003,13,0,13,6.9,,,,,,,,,,,,,,,,,,,,,,,,,,,,,,,,,,,,
1308,2019,1,14,14,30,2.1,12,0,12,6.800000000000001,,,,,,,,,,,,,,,,,,,,,,,,,,,,,,,,,,,,
1309,2019,1,14,14,45,1.9000000000000001,10,0,10,6.7,,,,,,,,,,,,,,,,,,,,,,,,,,,,,,,,,,,,
1310,2019,1,14,15,0,1.8,9,0,9,6.6000000000000005,,,,,,,,,,,,,,,,,,,,,,,,,,,,,,,,,,,,
1311,2019,1,14,15,15,1.6,7,0,7,6.6000000000000005,,,,,,,,,,,,,,,,,,,,,,,,,,,,,,,,,,,,
1312,2019,1,14,15,30,1.4000000000000001,6,0,6,6.6000000000000005,,,,,,,,,,,,,,,,,,,,,,,,,,,,,,,,,,,,
1313,2019,1,14,15,45,1.2000000000000002,5,0,5,6.5,,,,,,,,,,,,,,,,,,,,,,,,,,,,,,,,,,,,
1314,2019,1,14,16,0,1,3,0,3,6.5,,,,,,,,,,,,,,,,,,,,,,,,,,,,,,,,,,,,
1315,2019,1,14,16,15,0.9,14,18,15,6.5,,,,,,,,,,,,,,,,,,,,,,,,,,,,,,,,,,,,
1316,2019,1,14,16,30,0.8,0,0,0,6.5,,,,,,,,,,,,,,,,,,,,,,,,,,,,,,,,,,,,
1317,2019,1,14,16,45,0.7000000000000001,0,0,0,6.5,,,,,,,,,,,,,,,,,,,,,,,,,,,,,,,,,,,,
1318,2019,1,14,17,0,0.5,0,0,0,6.5,,,,,,,,,,,,,,,,,,,,,,,,,,,,,,,,,,,,
1319,2019,1,14,17,15,0.4,0,0,0,6.4,,,,,,,,,,,,,,,,,,,,,,,,,,,,,,,,,,,,
1320,2019,1,14,17,30,0.30000000000000004,0,0,0,6.300000000000001,,,,,,,,,,,,,,,,,,,,,,,,,,,,,,,,,,,,
1321,2019,1,14,17,45,0.2,0,0,0,6.2,,,,,,,,,,,,,,,,,,,,,,,,,,,,,,,,,,,,
1322,2019,1,14,18,0,0.1,0,0,0,6.1000000000000005,,,,,,,,,,,,,,,,,,,,,,,,,,,,,,,,,,,,
1323,2019,1,14,18,15,-0.1,0,0,0,6.1000000000000005,,,,,,,,,,,,,,,,,,,,,,,,,,,,,,,,,,,,
1324,2019,1,14,18,30,-0.2,0,0,0,6,,,,,,,,,,,,,,,,,,,,,,,,,,,,,,,,,,,,
1325,2019,1,14,18,45,-0.30000000000000004,0,0,0,6,,,,,,,,,,,,,,,,,,,,,,,,,,,,,,,,,,,,
1326,2019,1,14,19,0,-0.4,0,0,0,5.9,,,,,,,,,,,,,,,,,,,,,,,,,,,,,,,,,,,,
1327,2019,1,14,19,15,-0.5,0,0,0,5.9,,,,,,,,,,,,,,,,,,,,,,,,,,,,,,,,,,,,
1328,2019,1,14,19,30,-0.5,0,0,0,5.9,,,,,,,,,,,,,,,,,,,,,,,,,,,,,,,,,,,,
1329,2019,1,14,19,45,-0.6000000000000001,0,0,0,5.9,,,,,,,,,,,,,,,,,,,,,,,,,,,,,,,,,,,,
1330,2019,1,14,20,0,-0.7000000000000001,0,0,0,5.9,,,,,,,,,,,,,,,,,,,,,,,,,,,,,,,,,,,,
1331,2019,1,14,20,15,-0.8,0,0,0,5.800000000000001,,,,,,,,,,,,,,,,,,,,,,,,,,,,,,,,,,,,
1332,2019,1,14,20,30,-0.8,0,0,0,5.7,,,,,,,,,,,,,,,,,,,,,,,,,,,,,,,,,,,,
1333,2019,1,14,20,45,-0.9,0,0,0,5.7,,,,,,,,,,,,,,,,,,,,,,,,,,,,,,,,,,,,
1334,2019,1,14,21,0,-1,0,0,0,5.6000000000000005,,,,,,,,,,,,,,,,,,,,,,,,,,,,,,,,,,,,
1335,2019,1,14,21,15,-0.9,0,0,0,5.6000000000000005,,,,,,,,,,,,,,,,,,,,,,,,,,,,,,,,,,,,
1336,2019,1,14,21,30,-0.9,0,0,0,5.6000000000000005,,,,,,,,,,,,,,,,,,,,,,,,,,,,,,,,,,,,
1337,2019,1,14,21,45,-0.9,0,0,0,5.7,,,,,,,,,,,,,,,,,,,,,,,,,,,,,,,,,,,,
1338,2019,1,14,22,0,-0.9,0,0,0,5.7,,,,,,,,,,,,,,,,,,,,,,,,,,,,,,,,,,,,
1339,2019,1,14,22,15,-0.8,0,0,0,5.800000000000001,,,,,,,,,,,,,,,,,,,,,,,,,,,,,,,,,,,,
1340,2019,1,14,22,30,-0.6000000000000001,0,0,0,5.9,,,,,,,,,,,,,,,,,,,,,,,,,,,,,,,,,,,,
1341,2019,1,14,22,45,-0.5,0,0,0,5.9,,,,,,,,,,,,,,,,,,,,,,,,,,,,,,,,,,,,
1342,2019,1,14,23,0,-0.4,0,0,0,6,,,,,,,,,,,,,,,,,,,,,,,,,,,,,,,,,,,,
1343,2019,1,14,23,15,-0.30000000000000004,0,0,0,6.1000000000000005,,,,,,,,,,,,,,,,,,,,,,,,,,,,,,,,,,,,
1344,2019,1,14,23,30,-0.2,0,0,0,6.1000000000000005,,,,,,,,,,,,,,,,,,,,,,,,,,,,,,,,,,,,
1345,2019,1,14,23,45,-0.1,0,0,0,6.1000000000000005,,,,,,,,,,,,,,,,,,,,,,,,,,,,,,,,,,,,
1346,2019,1,15,0,0,0,0,0,0,6.1000000000000005,,,,,,,,,,,,,,,,,,,,,,,,,,,,,,,,,,,,
1347,2019,1,15,0,15,0,0,0,0,6.1000000000000005,,,,,,,,,,,,,,,,,,,,,,,,,,,,,,,,,,,,
1348,2019,1,15,0,30,0,0,0,0,6.1000000000000005,,,,,,,,,,,,,,,,,,,,,,,,,,,,,,,,,,,,
1349,2019,1,15,0,45,0,0,0,0,6.1000000000000005,,,,,,,,,,,,,,,,,,,,,,,,,,,,,,,,,,,,
1350,2019,1,15,1,0,0.1,0,0,0,6.1000000000000005,,,,,,,,,,,,,,,,,,,,,,,,,,,,,,,,,,,,
1351,2019,1,15,1,15,0.2,0,0,0,6.1000000000000005,,,,,,,,,,,,,,,,,,,,,,,,,,,,,,,,,,,,
1352,2019,1,15,1,30,0.2,0,0,0,6,,,,,,,,,,,,,,,,,,,,,,,,,,,,,,,,,,,,
1353,2019,1,15,1,45,0.2,0,0,0,6,,,,,,,,,,,,,,,,,,,,,,,,,,,,,,,,,,,,
1354,2019,1,15,2,0,0.2,0,0,0,6,,,,,,,,,,,,,,,,,,,,,,,,,,,,,,,,,,,,
1355,2019,1,15,2,15,0.2,0,0,0,5.9,,,,,,,,,,,,,,,,,,,,,,,,,,,,,,,,,,,,
1356,2019,1,15,2,30,0.1,0,0,0,5.800000000000001,,,,,,,,,,,,,,,,,,,,,,,,,,,,,,,,,,,,
1357,2019,1,15,2,45,0.1,0,0,0,5.7,,,,,,,,,,,,,,,,,,,,,,,,,,,,,,,,,,,,
1358,2019,1,15,3,0,0.1,0,0,0,5.6000000000000005,,,,,,,,,,,,,,,,,,,,,,,,,,,,,,,,,,,,
1359,2019,1,15,3,15,0,0,0,0,5.6000000000000005,,,,,,,,,,,,,,,,,,,,,,,,,,,,,,,,,,,,
1360,2019,1,15,3,30,0,0,0,0,5.5,,,,,,,,,,,,,,,,,,,,,,,,,,,,,,,,,,,,
1361,2019,1,15,3,45,0,0,0,0,5.5,,,,,,,,,,,,,,,,,,,,,,,,,,,,,,,,,,,,
1362,2019,1,15,4,0,0,0,0,0,5.5,,,,,,,,,,,,,,,,,,,,,,,,,,,,,,,,,,,,
1363,2019,1,15,4,15,0,0,0,0,5.5,,,,,,,,,,,,,,,,,,,,,,,,,,,,,,,,,,,,
1364,2019,1,15,4,30,-0.1,0,0,0,5.6000000000000005,,,,,,,,,,,,,,,,,,,,,,,,,,,,,,,,,,,,
1365,2019,1,15,4,45,-0.1,0,0,0,5.6000000000000005,,,,,,,,,,,,,,,,,,,,,,,,,,,,,,,,,,,,
1366,2019,1,15,5,0,-0.1,0,0,0,5.6000000000000005,,,,,,,,,,,,,,,,,,,,,,,,,,,,,,,,,,,,
1367,2019,1,15,5,15,-0.1,0,0,0,5.7,,,,,,,,,,,,,,,,,,,,,,,,,,,,,,,,,,,,
1368,2019,1,15,5,30,-0.2,0,0,0,5.800000000000001,,,,,,,,,,,,,,,,,,,,,,,,,,,,,,,,,,,,
1369,2019,1,15,5,45,-0.2,0,0,0,5.9,,,,,,,,,,,,,,,,,,,,,,,,,,,,,,,,,,,,
1370,2019,1,15,6,0,-0.2,0,0,0,6,,,,,,,,,,,,,,,,,,,,,,,,,,,,,,,,,,,,
1371,2019,1,15,6,15,-0.2,0,0,0,6.1000000000000005,,,,,,,,,,,,,,,,,,,,,,,,,,,,,,,,,,,,
1372,2019,1,15,6,30,-0.2,0,0,0,6.1000000000000005,,,,,,,,,,,,,,,,,,,,,,,,,,,,,,,,,,,,
1373,2019,1,15,6,45,-0.2,0,0,0,6.2,,,,,,,,,,,,,,,,,,,,,,,,,,,,,,,,,,,,
1374,2019,1,15,7,0,-0.2,0,0,0,6.300000000000001,,,,,,,,,,,,,,,,,,,,,,,,,,,,,,,,,,,,
1375,2019,1,15,7,15,-0.1,0,0,0,6.300000000000001,,,,,,,,,,,,,,,,,,,,,,,,,,,,,,,,,,,,
1376,2019,1,15,7,30,0,0,0,0,6.4,,,,,,,,,,,,,,,,,,,,,,,,,,,,,,,,,,,,
1377,2019,1,15,7,45,0.2,0,0,0,6.5,,,,,,,,,,,,,,,,,,,,,,,,,,,,,,,,,,,,
1378,2019,1,15,8,0,0.30000000000000004,0,0,0,6.5,,,,,,,,,,,,,,,,,,,,,,,,,,,,,,,,,,,,
1379,2019,1,15,8,15,0.5,0,0,0,6.5,,,,,,,,,,,,,,,,,,,,,,,,,,,,,,,,,,,,
1380,2019,1,15,8,30,0.7000000000000001,2,0,2,6.5,,,,,,,,,,,,,,,,,,,,,,,,,,,,,,,,,,,,
1381,2019,1,15,8,45,1,3,0,3,6.6000000000000005,,,,,,,,,,,,,,,,,,,,,,,,,,,,,,,,,,,,
1382,2019,1,15,9,0,1.2000000000000002,4,0,4,6.6000000000000005,,,,,,,,,,,,,,,,,,,,,,,,,,,,,,,,,,,,
1383,2019,1,15,9,15,1.5,6,0,6,6.6000000000000005,,,,,,,,,,,,,,,,,,,,,,,,,,,,,,,,,,,,
1384,2019,1,15,9,30,1.8,7,0,7,6.7,,,,,,,,,,,,,,,,,,,,,,,,,,,,,,,,,,,,
1385,2019,1,15,9,45,2,8,0,8,6.7,,,,,,,,,,,,,,,,,,,,,,,,,,,,,,,,,,,,
1386,2019,1,15,10,0,2.3000000000000003,10,0,10,6.7,,,,,,,,,,,,,,,,,,,,,,,,,,,,,,,,,,,,
1387,2019,1,15,10,15,2.5,11,0,11,6.7,,,,,,,,,,,,,,,,,,,,,,,,,,,,,,,,,,,,
1388,2019,1,15,10,30,2.7,13,0,13,6.7,,,,,,,,,,,,,,,,,,,,,,,,,,,,,,,,,,,,
1389,2019,1,15,10,45,2.9000000000000004,14,0,14,6.7,,,,,,,,,,,,,,,,,,,,,,,,,,,,,,,,,,,,
1390,2019,1,15,11,0,3.1,15,0,15,6.7,,,,,,,,,,,,,,,,,,,,,,,,,,,,,,,,,,,,
1391,2019,1,15,11,15,3.3000000000000003,16,0,16,6.7,,,,,,,,,,,,,,,,,,,,,,,,,,,,,,,,,,,,
1392,2019,1,15,11,30,3.4000000000000004,17,0,17,6.7,,,,,,,,,,,,,,,,,,,,,,,,,,,,,,,,,,,,
1393,2019,1,15,11,45,3.6,17,0,17,6.7,,,,,,,,,,,,,,,,,,,,,,,,,,,,,,,,,,,,
1394,2019,1,15,12,0,3.8000000000000003,18,0,18,6.7,,,,,,,,,,,,,,,,,,,,,,,,,,,,,,,,,,,,
1395,2019,1,15,12,15,3.9000000000000004,18,0,18,6.800000000000001,,,,,,,,,,,,,,,,,,,,,,,,,,,,,,,,,,,,
1396,2019,1,15,12,30,4,10,0,10,6.800000000000001,,,,,,,,,,,,,,,,,,,,,,,,,,,,,,,,,,,,
1397,2019,1,15,12,45,4.2,10,0,10,6.800000000000001,,,,,,,,,,,,,,,,,,,,,,,,,,,,,,,,,,,,
1398,2019,1,15,13,0,4.3,10,0,10,6.9,,,,,,,,,,,,,,,,,,,,,,,,,,,,,,,,,,,,
1399,2019,1,15,13,15,4.4,10,0,10,6.9,,,,,,,,,,,,,,,,,,,,,,,,,,,,,,,,,,,,
1400,2019,1,15,13,30,4.4,10,0,10,7,,,,,,,,,,,,,,,,,,,,,,,,,,,,,,,,,,,,
1401,2019,1,15,13,45,4.5,9,0,9,7,,,,,,,,,,,,,,,,,,,,,,,,,,,,,,,,,,,,
1402,2019,1,15,14,0,4.5,14,0,14,7.1000000000000005,,,,,,,,,,,,,,,,,,,,,,,,,,,,,,,,,,,,
1403,2019,1,15,14,15,4.5,13,0,13,7.1000000000000005,,,,,,,,,,,,,,,,,,,,,,,,,,,,,,,,,,,,
1404,2019,1,15,14,30,4.5,11,0,11,7.1000000000000005,,,,,,,,,,,,,,,,,,,,,,,,,,,,,,,,,,,,
1405,2019,1,15,14,45,4.5,7,0,7,7.2,,,,,,,,,,,,,,,,,,,,,,,,,,,,,,,,,,,,
1406,2019,1,15,15,0,4.5,9,0,9,7.2,,,,,,,,,,,,,,,,,,,,,,,,,,,,,,,,,,,,
1407,2019,1,15,15,15,4.4,6,0,6,7.2,,,,,,,,,,,,,,,,,,,,,,,,,,,,,,,,,,,,
1408,2019,1,15,15,30,4.4,6,0,6,7.300000000000001,,,,,,,,,,,,,,,,,,,,,,,,,,,,,,,,,,,,
1409,2019,1,15,15,45,4.4,4,0,4,7.300000000000001,,,,,,,,,,,,,,,,,,,,,,,,,,,,,,,,,,,,
1410,2019,1,15,16,0,4.3,3,0,3,7.4,,,,,,,,,,,,,,,,,,,,,,,,,,,,,,,,,,,,
1411,2019,1,15,16,15,4.3,2,0,2,7.5,,,,,,,,,,,,,,,,,,,,,,,,,,,,,,,,,,,,
1412,2019,1,15,16,30,4.3,0,0,0,7.5,,,,,,,,,,,,,,,,,,,,,,,,,,,,,,,,,,,,
1413,2019,1,15,16,45,4.3,0,0,0,7.6000000000000005,,,,,,,,,,,,,,,,,,,,,,,,,,,,,,,,,,,,
1414,2019,1,15,17,0,4.3,0,0,0,7.7,,,,,,,,,,,,,,,,,,,,,,,,,,,,,,,,,,,,
1415,2019,1,15,17,15,4.3,0,0,0,7.7,,,,,,,,,,,,,,,,,,,,,,,,,,,,,,,,,,,,
1416,2019,1,15,17,30,4.3,0,0,0,7.7,,,,,,,,,,,,,,,,,,,,,,,,,,,,,,,,,,,,
1417,2019,1,15,17,45,4.4,0,0,0,7.7,,,,,,,,,,,,,,,,,,,,,,,,,,,,,,,,,,,,
1418,2019,1,15,18,0,4.4,0,0,0,7.7,,,,,,,,,,,,,,,,,,,,,,,,,,,,,,,,,,,,
1419,2019,1,15,18,15,4.4,0,0,0,7.7,,,,,,,,,,,,,,,,,,,,,,,,,,,,,,,,,,,,
1420,2019,1,15,18,30,4.5,0,0,0,7.7,,,,,,,,,,,,,,,,,,,,,,,,,,,,,,,,,,,,
1421,2019,1,15,18,45,4.5,0,0,0,7.7,,,,,,,,,,,,,,,,,,,,,,,,,,,,,,,,,,,,
1422,2019,1,15,19,0,4.6000000000000005,0,0,0,7.6000000000000005,,,,,,,,,,,,,,,,,,,,,,,,,,,,,,,,,,,,
1423,2019,1,15,19,15,4.6000000000000005,0,0,0,7.6000000000000005,,,,,,,,,,,,,,,,,,,,,,,,,,,,,,,,,,,,
1424,2019,1,15,19,30,4.7,0,0,0,7.6000000000000005,,,,,,,,,,,,,,,,,,,,,,,,,,,,,,,,,,,,
1425,2019,1,15,19,45,4.7,0,0,0,7.5,,,,,,,,,,,,,,,,,,,,,,,,,,,,,,,,,,,,
1426,2019,1,15,20,0,4.800000000000001,0,0,0,7.5,,,,,,,,,,,,,,,,,,,,,,,,,,,,,,,,,,,,
1427,2019,1,15,20,15,4.800000000000001,0,0,0,7.4,,,,,,,,,,,,,,,,,,,,,,,,,,,,,,,,,,,,
1428,2019,1,15,20,30,4.9,0,0,0,7.4,,,,,,,,,,,,,,,,,,,,,,,,,,,,,,,,,,,,
1429,2019,1,15,20,45,4.9,0,0,0,7.4,,,,,,,,,,,,,,,,,,,,,,,,,,,,,,,,,,,,
1430,2019,1,15,21,0,5,0,0,0,7.300000000000001,,,,,,,,,,,,,,,,,,,,,,,,,,,,,,,,,,,,
1431,2019,1,15,21,15,5,0,0,0,7.300000000000001,,,,,,,,,,,,,,,,,,,,,,,,,,,,,,,,,,,,
1432,2019,1,15,21,30,5,0,0,0,7.2,,,,,,,,,,,,,,,,,,,,,,,,,,,,,,,,,,,,
1433,2019,1,15,21,45,5,0,0,0,7.1000000000000005,,,,,,,,,,,,,,,,,,,,,,,,,,,,,,,,,,,,
1434,2019,1,15,22,0,5,0,0,0,7.1000000000000005,,,,,,,,,,,,,,,,,,,,,,,,,,,,,,,,,,,,
1435,2019,1,15,22,15,5,0,0,0,7,,,,,,,,,,,,,,,,,,,,,,,,,,,,,,,,,,,,
1436,2019,1,15,22,30,5,0,0,0,7,,,,,,,,,,,,,,,,,,,,,,,,,,,,,,,,,,,,
1437,2019,1,15,22,45,5,0,0,0,6.9,,,,,,,,,,,,,,,,,,,,,,,,,,,,,,,,,,,,
1438,2019,1,15,23,0,4.9,0,0,0,6.9,,,,,,,,,,,,,,,,,,,,,,,,,,,,,,,,,,,,
1439,2019,1,15,23,15,4.9,0,0,0,6.800000000000001,,,,,,,,,,,,,,,,,,,,,,,,,,,,,,,,,,,,
1440,2019,1,15,23,30,4.800000000000001,0,0,0,6.7,,,,,,,,,,,,,,,,,,,,,,,,,,,,,,,,,,,,
1441,2019,1,15,23,45,4.7,0,0,0,6.6000000000000005,,,,,,,,,,,,,,,,,,,,,,,,,,,,,,,,,,,,
1442,2019,1,16,0,0,4.7,0,0,0,6.5,,,,,,,,,,,,,,,,,,,,,,,,,,,,,,,,,,,,
1443,2019,1,16,0,15,4.7,0,0,0,6.5,,,,,,,,,,,,,,,,,,,,,,,,,,,,,,,,,,,,
1444,2019,1,16,0,30,4.7,0,0,0,6.5,,,,,,,,,,,,,,,,,,,,,,,,,,,,,,,,,,,,
1445,2019,1,16,0,45,4.7,0,0,0,6.5,,,,,,,,,,,,,,,,,,,,,,,,,,,,,,,,,,,,
1446,2019,1,16,1,0,4.4,0,0,0,6.1000000000000005,,,,,,,,,,,,,,,,,,,,,,,,,,,,,,,,,,,,
1447,2019,1,16,1,15,4.4,0,0,0,6,,,,,,,,,,,,,,,,,,,,,,,,,,,,,,,,,,,,
1448,2019,1,16,1,30,4.3,0,0,0,5.9,,,,,,,,,,,,,,,,,,,,,,,,,,,,,,,,,,,,
1449,2019,1,16,1,45,4.3,0,0,0,5.9,,,,,,,,,,,,,,,,,,,,,,,,,,,,,,,,,,,,
1450,2019,1,16,2,0,4.2,0,0,0,5.800000000000001,,,,,,,,,,,,,,,,,,,,,,,,,,,,,,,,,,,,
1451,2019,1,16,2,15,4.2,0,0,0,5.7,,,,,,,,,,,,,,,,,,,,,,,,,,,,,,,,,,,,
1452,2019,1,16,2,30,4.2,0,0,0,5.6000000000000005,,,,,,,,,,,,,,,,,,,,,,,,,,,,,,,,,,,,
1453,2019,1,16,2,45,4.2,0,0,0,5.5,,,,,,,,,,,,,,,,,,,,,,,,,,,,,,,,,,,,
1454,2019,1,16,3,0,4.2,0,0,0,5.5,,,,,,,,,,,,,,,,,,,,,,,,,,,,,,,,,,,,
1455,2019,1,16,3,15,4.2,0,0,0,5.4,,,,,,,,,,,,,,,,,,,,,,,,,,,,,,,,,,,,
1456,2019,1,16,3,30,4.2,0,0,0,5.300000000000001,,,,,,,,,,,,,,,,,,,,,,,,,,,,,,,,,,,,
1457,2019,1,16,3,45,4.2,0,0,0,5.2,,,,,,,,,,,,,,,,,,,,,,,,,,,,,,,,,,,,
1458,2019,1,16,4,0,4.2,0,0,0,5.1000000000000005,,,,,,,,,,,,,,,,,,,,,,,,,,,,,,,,,,,,
1459,2019,1,16,4,15,4.3,0,0,0,5,,,,,,,,,,,,,,,,,,,,,,,,,,,,,,,,,,,,
1460,2019,1,16,4,30,4.3,0,0,0,5,,,,,,,,,,,,,,,,,,,,,,,,,,,,,,,,,,,,
1461,2019,1,16,4,45,4.3,0,0,0,4.9,,,,,,,,,,,,,,,,,,,,,,,,,,,,,,,,,,,,
1462,2019,1,16,5,0,4.3,0,0,0,4.800000000000001,,,,,,,,,,,,,,,,,,,,,,,,,,,,,,,,,,,,
1463,2019,1,16,5,15,4.4,0,0,0,4.800000000000001,,,,,,,,,,,,,,,,,,,,,,,,,,,,,,,,,,,,
1464,2019,1,16,5,30,4.4,0,0,0,4.800000000000001,,,,,,,,,,,,,,,,,,,,,,,,,,,,,,,,,,,,
1465,2019,1,16,5,45,4.5,0,0,0,4.800000000000001,,,,,,,,,,,,,,,,,,,,,,,,,,,,,,,,,,,,
1466,2019,1,16,6,0,4.6000000000000005,0,0,0,4.7,,,,,,,,,,,,,,,,,,,,,,,,,,,,,,,,,,,,
1467,2019,1,16,6,15,4.6000000000000005,0,0,0,4.7,,,,,,,,,,,,,,,,,,,,,,,,,,,,,,,,,,,,
1468,2019,1,16,6,30,4.6000000000000005,0,0,0,4.7,,,,,,,,,,,,,,,,,,,,,,,,,,,,,,,,,,,,
1469,2019,1,16,6,45,4.7,0,0,0,4.7,,,,,,,,,,,,,,,,,,,,,,,,,,,,,,,,,,,,
1470,2019,1,16,7,0,4.7,0,0,0,4.7,,,,,,,,,,,,,,,,,,,,,,,,,,,,,,,,,,,,
1471,2019,1,16,7,15,4.7,0,0,0,4.7,,,,,,,,,,,,,,,,,,,,,,,,,,,,,,,,,,,,
1472,2019,1,16,7,30,4.800000000000001,0,0,0,4.7,,,,,,,,,,,,,,,,,,,,,,,,,,,,,,,,,,,,
1473,2019,1,16,7,45,4.800000000000001,0,0,0,4.7,,,,,,,,,,,,,,,,,,,,,,,,,,,,,,,,,,,,
1474,2019,1,16,8,0,4.800000000000001,0,0,0,4.7,,,,,,,,,,,,,,,,,,,,,,,,,,,,,,,,,,,,
1475,2019,1,16,8,15,4.9,0,0,0,4.800000000000001,,,,,,,,,,,,,,,,,,,,,,,,,,,,,,,,,,,,
1476,2019,1,16,8,30,5,2,0,2,4.9,,,,,,,,,,,,,,,,,,,,,,,,,,,,,,,,,,,,
1477,2019,1,16,8,45,5.1000000000000005,4,0,4,5,,,,,,,,,,,,,,,,,,,,,,,,,,,,,,,,,,,,
1478,2019,1,16,9,0,5.1000000000000005,5,0,5,5.1000000000000005,,,,,,,,,,,,,,,,,,,,,,,,,,,,,,,,,,,,
1479,2019,1,16,9,15,5.2,6,0,6,5.1000000000000005,,,,,,,,,,,,,,,,,,,,,,,,,,,,,,,,,,,,
1480,2019,1,16,9,30,5.300000000000001,7,0,7,5.2,,,,,,,,,,,,,,,,,,,,,,,,,,,,,,,,,,,,
1481,2019,1,16,9,45,5.4,7,0,7,5.2,,,,,,,,,,,,,,,,,,,,,,,,,,,,,,,,,,,,
1482,2019,1,16,10,0,5.5,8,0,8,5.300000000000001,,,,,,,,,,,,,,,,,,,,,,,,,,,,,,,,,,,,
1483,2019,1,16,10,15,5.5,9,0,9,5.300000000000001,,,,,,,,,,,,,,,,,,,,,,,,,,,,,,,,,,,,
1484,2019,1,16,10,30,5.5,9,0,9,5.2,,,,,,,,,,,,,,,,,,,,,,,,,,,,,,,,,,,,
1485,2019,1,16,10,45,5.5,10,0,10,5.2,,,,,,,,,,,,,,,,,,,,,,,,,,,,,,,,,,,,
1486,2019,1,16,11,0,5.6000000000000005,11,0,11,5.2,,,,,,,,,,,,,,,,,,,,,,,,,,,,,,,,,,,,
1487,2019,1,16,11,15,5.5,11,0,11,5.2,,,,,,,,,,,,,,,,,,,,,,,,,,,,,,,,,,,,
1488,2019,1,16,11,30,5.5,12,0,12,5.2,,,,,,,,,,,,,,,,,,,,,,,,,,,,,,,,,,,,
1489,2019,1,16,11,45,5.5,12,0,12,5.2,,,,,,,,,,,,,,,,,,,,,,,,,,,,,,,,,,,,
1490,2019,1,16,12,0,5.4,13,0,13,5.2,,,,,,,,,,,,,,,,,,,,,,,,,,,,,,,,,,,,
1491,2019,1,16,12,15,5.4,12,0,12,5.2,,,,,,,,,,,,,,,,,,,,,,,,,,,,,,,,,,,,
1492,2019,1,16,12,30,5.4,13,0,13,5.2,,,,,,,,,,,,,,,,,,,,,,,,,,,,,,,,,,,,
1493,2019,1,16,12,45,5.4,12,0,12,5.300000000000001,,,,,,,,,,,,,,,,,,,,,,,,,,,,,,,,,,,,
1494,2019,1,16,13,0,5.4,12,0,12,5.300000000000001,,,,,,,,,,,,,,,,,,,,,,,,,,,,,,,,,,,,
1495,2019,1,16,13,15,5.4,10,0,10,5.300000000000001,,,,,,,,,,,,,,,,,,,,,,,,,,,,,,,,,,,,
1496,2019,1,16,13,30,5.4,41,0,41,5.4,,,,,,,,,,,,,,,,,,,,,,,,,,,,,,,,,,,,
1497,2019,1,16,13,45,5.5,9,0,9,5.4,,,,,,,,,,,,,,,,,,,,,,,,,,,,,,,,,,,,
1498,2019,1,16,14,0,5.5,14,0,14,5.4,,,,,,,,,,,,,,,,,,,,,,,,,,,,,,,,,,,,
1499,2019,1,16,14,15,5.300000000000001,8,0,8,5.2,,,,,,,,,,,,,,,,,,,,,,,,,,,,,,,,,,,,
1500,2019,1,16,14,30,5.1000000000000005,8,0,8,5,,,,,,,,,,,,,,,,,,,,,,,,,,,,,,,,,,,,
1501,2019,1,16,14,45,5,7,0,7,4.9,,,,,,,,,,,,,,,,,,,,,,,,,,,,,,,,,,,,
1502,2019,1,16,15,0,4.800000000000001,7,0,7,4.7,,,,,,,,,,,,,,,,,,,,,,,,,,,,,,,,,,,,
1503,2019,1,16,15,15,4.5,7,0,7,4.6000000000000005,,,,,,,,,,,,,,,,,,,,,,,,,,,,,,,,,,,,
1504,2019,1,16,15,30,4.3,5,0,5,4.4,,,,,,,,,,,,,,,,,,,,,,,,,,,,,,,,,,,,
1505,2019,1,16,15,45,4,5,0,5,4.3,,,,,,,,,,,,,,,,,,,,,,,,,,,,,,,,,,,,
1506,2019,1,16,16,0,3.8000000000000003,3,0,3,4.2,,,,,,,,,,,,,,,,,,,,,,,,,,,,,,,,,,,,
1507,2019,1,16,16,15,3.7,3,0,3,4.2,,,,,,,,,,,,,,,,,,,,,,,,,,,,,,,,,,,,
1508,2019,1,16,16,30,3.6,0,0,0,4.2,,,,,,,,,,,,,,,,,,,,,,,,,,,,,,,,,,,,
1509,2019,1,16,16,45,3.6,0,0,0,4.2,,,,,,,,,,,,,,,,,,,,,,,,,,,,,,,,,,,,
1510,2019,1,16,17,0,3.5,0,0,0,4.1000000000000005,,,,,,,,,,,,,,,,,,,,,,,,,,,,,,,,,,,,
1511,2019,1,16,17,15,3.5,0,0,0,4.1000000000000005,,,,,,,,,,,,,,,,,,,,,,,,,,,,,,,,,,,,
1512,2019,1,16,17,30,3.4000000000000004,0,0,0,4.1000000000000005,,,,,,,,,,,,,,,,,,,,,,,,,,,,,,,,,,,,
1513,2019,1,16,17,45,3.4000000000000004,0,0,0,4.1000000000000005,,,,,,,,,,,,,,,,,,,,,,,,,,,,,,,,,,,,
1514,2019,1,16,18,0,3.4000000000000004,0,0,0,4.1000000000000005,,,,,,,,,,,,,,,,,,,,,,,,,,,,,,,,,,,,
1515,2019,1,16,18,15,3.3000000000000003,0,0,0,4.1000000000000005,,,,,,,,,,,,,,,,,,,,,,,,,,,,,,,,,,,,
1516,2019,1,16,18,30,3.3000000000000003,0,0,0,4.1000000000000005,,,,,,,,,,,,,,,,,,,,,,,,,,,,,,,,,,,,
1517,2019,1,16,18,45,3.2,0,0,0,4.1000000000000005,,,,,,,,,,,,,,,,,,,,,,,,,,,,,,,,,,,,
1518,2019,1,16,19,0,3.1,0,0,0,4,,,,,,,,,,,,,,,,,,,,,,,,,,,,,,,,,,,,
1519,2019,1,16,19,15,3.1,0,0,0,4.1000000000000005,,,,,,,,,,,,,,,,,,,,,,,,,,,,,,,,,,,,
1520,2019,1,16,19,30,3,0,0,0,4.1000000000000005,,,,,,,,,,,,,,,,,,,,,,,,,,,,,,,,,,,,
1521,2019,1,16,19,45,2.9000000000000004,0,0,0,4.1000000000000005,,,,,,,,,,,,,,,,,,,,,,,,,,,,,,,,,,,,
1522,2019,1,16,20,0,2.8000000000000003,0,0,0,4.1000000000000005,,,,,,,,,,,,,,,,,,,,,,,,,,,,,,,,,,,,
1523,2019,1,16,20,15,2.8000000000000003,0,0,0,4.2,,,,,,,,,,,,,,,,,,,,,,,,,,,,,,,,,,,,
1524,2019,1,16,20,30,2.7,0,0,0,4.2,,,,,,,,,,,,,,,,,,,,,,,,,,,,,,,,,,,,
1525,2019,1,16,20,45,2.7,0,0,0,4.3,,,,,,,,,,,,,,,,,,,,,,,,,,,,,,,,,,,,
1526,2019,1,16,21,0,2.6,0,0,0,4.3,,,,,,,,,,,,,,,,,,,,,,,,,,,,,,,,,,,,
1527,2019,1,16,21,15,2.6,0,0,0,4.3,,,,,,,,,,,,,,,,,,,,,,,,,,,,,,,,,,,,
1528,2019,1,16,21,30,2.5,0,0,0,4.3,,,,,,,,,,,,,,,,,,,,,,,,,,,,,,,,,,,,
1529,2019,1,16,21,45,2.5,0,0,0,4.4,,,,,,,,,,,,,,,,,,,,,,,,,,,,,,,,,,,,
1530,2019,1,16,22,0,2.4000000000000004,0,0,0,4.4,,,,,,,,,,,,,,,,,,,,,,,,,,,,,,,,,,,,
1531,2019,1,16,22,15,2.3000000000000003,0,0,0,4.4,,,,,,,,,,,,,,,,,,,,,,,,,,,,,,,,,,,,
1532,2019,1,16,22,30,2.3000000000000003,0,0,0,4.5,,,,,,,,,,,,,,,,,,,,,,,,,,,,,,,,,,,,
1533,2019,1,16,22,45,2.2,0,0,0,4.5,,,,,,,,,,,,,,,,,,,,,,,,,,,,,,,,,,,,
1534,2019,1,16,23,0,2.1,0,0,0,4.6000000000000005,,,,,,,,,,,,,,,,,,,,,,,,,,,,,,,,,,,,
1535,2019,1,16,23,15,2.1,0,0,0,4.7,,,,,,,,,,,,,,,,,,,,,,,,,,,,,,,,,,,,
1536,2019,1,16,23,30,2.1,0,0,0,4.800000000000001,,,,,,,,,,,,,,,,,,,,,,,,,,,,,,,,,,,,
1537,2019,1,16,23,45,2,0,0,0,4.9,,,,,,,,,,,,,,,,,,,,,,,,,,,,,,,,,,,,
1538,2019,1,17,0,0,2,0,0,0,5,,,,,,,,,,,,,,,,,,,,,,,,,,,,,,,,,,,,
1539,2019,1,17,0,15,2,0,0,0,5,,,,,,,,,,,,,,,,,,,,,,,,,,,,,,,,,,,,
1540,2019,1,17,0,30,2,0,0,0,5,,,,,,,,,,,,,,,,,,,,,,,,,,,,,,,,,,,,
1541,2019,1,17,0,45,2,0,0,0,5,,,,,,,,,,,,,,,,,,,,,,,,,,,,,,,,,,,,
1542,2019,1,17,1,0,1.9000000000000001,0,0,0,5.300000000000001,,,,,,,,,,,,,,,,,,,,,,,,,,,,,,,,,,,,
1543,2019,1,17,1,15,1.8,0,0,0,5.300000000000001,,,,,,,,,,,,,,,,,,,,,,,,,,,,,,,,,,,,
1544,2019,1,17,1,30,1.8,0,0,0,5.4,,,,,,,,,,,,,,,,,,,,,,,,,,,,,,,,,,,,
1545,2019,1,17,1,45,1.7000000000000002,0,0,0,5.4,,,,,,,,,,,,,,,,,,,,,,,,,,,,,,,,,,,,
1546,2019,1,17,2,0,1.6,0,0,0,5.4,,,,,,,,,,,,,,,,,,,,,,,,,,,,,,,,,,,,
1547,2019,1,17,2,15,1.6,0,0,0,5.5,,,,,,,,,,,,,,,,,,,,,,,,,,,,,,,,,,,,
1548,2019,1,17,2,30,1.6,0,0,0,5.6000000000000005,,,,,,,,,,,,,,,,,,,,,,,,,,,,,,,,,,,,
1549,2019,1,17,2,45,1.6,0,0,0,5.7,,,,,,,,,,,,,,,,,,,,,,,,,,,,,,,,,,,,
1550,2019,1,17,3,0,1.7000000000000002,0,0,0,5.7,,,,,,,,,,,,,,,,,,,,,,,,,,,,,,,,,,,,
1551,2019,1,17,3,15,1.8,0,0,0,5.800000000000001,,,,,,,,,,,,,,,,,,,,,,,,,,,,,,,,,,,,
1552,2019,1,17,3,30,1.9000000000000001,0,0,0,5.9,,,,,,,,,,,,,,,,,,,,,,,,,,,,,,,,,,,,
1553,2019,1,17,3,45,2,0,0,0,6,,,,,,,,,,,,,,,,,,,,,,,,,,,,,,,,,,,,
1554,2019,1,17,4,0,2.2,0,0,0,6,,,,,,,,,,,,,,,,,,,,,,,,,,,,,,,,,,,,
1555,2019,1,17,4,15,2.3000000000000003,0,0,0,6,,,,,,,,,,,,,,,,,,,,,,,,,,,,,,,,,,,,
1556,2019,1,17,4,30,2.4000000000000004,0,0,0,5.9,,,,,,,,,,,,,,,,,,,,,,,,,,,,,,,,,,,,
1557,2019,1,17,4,45,2.5,0,0,0,5.9,,,,,,,,,,,,,,,,,,,,,,,,,,,,,,,,,,,,
1558,2019,1,17,5,0,2.6,0,0,0,5.9,,,,,,,,,,,,,,,,,,,,,,,,,,,,,,,,,,,,
1559,2019,1,17,5,15,2.6,0,0,0,5.7,,,,,,,,,,,,,,,,,,,,,,,,,,,,,,,,,,,,
1560,2019,1,17,5,30,2.6,0,0,0,5.6000000000000005,,,,,,,,,,,,,,,,,,,,,,,,,,,,,,,,,,,,
1561,2019,1,17,5,45,2.6,0,0,0,5.5,,,,,,,,,,,,,,,,,,,,,,,,,,,,,,,,,,,,
1562,2019,1,17,6,0,2.7,0,0,0,5.4,,,,,,,,,,,,,,,,,,,,,,,,,,,,,,,,,,,,
1563,2019,1,17,6,15,2.7,0,0,0,5.2,,,,,,,,,,,,,,,,,,,,,,,,,,,,,,,,,,,,
1564,2019,1,17,6,30,2.7,0,0,0,5.1000000000000005,,,,,,,,,,,,,,,,,,,,,,,,,,,,,,,,,,,,
1565,2019,1,17,6,45,2.6,0,0,0,5,,,,,,,,,,,,,,,,,,,,,,,,,,,,,,,,,,,,
1566,2019,1,17,7,0,2.6,0,0,0,4.9,,,,,,,,,,,,,,,,,,,,,,,,,,,,,,,,,,,,
1567,2019,1,17,7,15,2.7,0,0,0,4.800000000000001,,,,,,,,,,,,,,,,,,,,,,,,,,,,,,,,,,,,
1568,2019,1,17,7,30,2.7,0,0,0,4.7,,,,,,,,,,,,,,,,,,,,,,,,,,,,,,,,,,,,
1569,2019,1,17,7,45,2.7,0,0,0,4.6000000000000005,,,,,,,,,,,,,,,,,,,,,,,,,,,,,,,,,,,,
1570,2019,1,17,8,0,2.7,0,0,0,4.5,,,,,,,,,,,,,,,,,,,,,,,,,,,,,,,,,,,,
1571,2019,1,17,8,15,2.9000000000000004,0,0,0,4.5,,,,,,,,,,,,,,,,,,,,,,,,,,,,,,,,,,,,
1572,2019,1,17,8,30,3.1,2,0,2,4.4,,,,,,,,,,,,,,,,,,,,,,,,,,,,,,,,,,,,
1573,2019,1,17,8,45,3.4000000000000004,4,0,4,4.4,,,,,,,,,,,,,,,,,,,,,,,,,,,,,,,,,,,,
1574,2019,1,17,9,0,3.6,5,0,5,4.4,,,,,,,,,,,,,,,,,,,,,,,,,,,,,,,,,,,,
1575,2019,1,17,9,15,3.8000000000000003,6,0,6,4.4,,,,,,,,,,,,,,,,,,,,,,,,,,,,,,,,,,,,
1576,2019,1,17,9,30,4,7,0,7,4.5,,,,,,,,,,,,,,,,,,,,,,,,,,,,,,,,,,,,
1577,2019,1,17,9,45,4.3,9,0,9,4.6000000000000005,,,,,,,,,,,,,,,,,,,,,,,,,,,,,,,,,,,,
1578,2019,1,17,10,0,4.5,10,0,10,4.6000000000000005,,,,,,,,,,,,,,,,,,,,,,,,,,,,,,,,,,,,
1579,2019,1,17,10,15,4.7,12,0,12,4.800000000000001,,,,,,,,,,,,,,,,,,,,,,,,,,,,,,,,,,,,
1580,2019,1,17,10,30,4.9,13,0,13,4.9,,,,,,,,,,,,,,,,,,,,,,,,,,,,,,,,,,,,
1581,2019,1,17,10,45,5.1000000000000005,15,0,15,5.1000000000000005,,,,,,,,,,,,,,,,,,,,,,,,,,,,,,,,,,,,
1582,2019,1,17,11,0,5.300000000000001,16,0,16,5.2,,,,,,,,,,,,,,,,,,,,,,,,,,,,,,,,,,,,
1583,2019,1,17,11,15,5.4,17,0,17,5.300000000000001,,,,,,,,,,,,,,,,,,,,,,,,,,,,,,,,,,,,
1584,2019,1,17,11,30,5.6000000000000005,18,0,18,5.300000000000001,,,,,,,,,,,,,,,,,,,,,,,,,,,,,,,,,,,,
1585,2019,1,17,11,45,5.800000000000001,19,0,19,5.4,,,,,,,,,,,,,,,,,,,,,,,,,,,,,,,,,,,,
1586,2019,1,17,12,0,6,19,0,19,5.4,,,,,,,,,,,,,,,,,,,,,,,,,,,,,,,,,,,,
1587,2019,1,17,12,15,6,107,4,108,5.4,,,,,,,,,,,,,,,,,,,,,,,,,,,,,,,,,,,,
1588,2019,1,17,12,30,6.1000000000000005,107,4,108,5.4,,,,,,,,,,,,,,,,,,,,,,,,,,,,,,,,,,,,
1589,2019,1,17,12,45,6.2,100,0,100,5.4,,,,,,,,,,,,,,,,,,,,,,,,,,,,,,,,,,,,
1590,2019,1,17,13,0,6.2,97,0,97,5.4,,,,,,,,,,,,,,,,,,,,,,,,,,,,,,,,,,,,
1591,2019,1,17,13,15,6.2,94,0,94,5.300000000000001,,,,,,,,,,,,,,,,,,,,,,,,,,,,,,,,,,,,
1592,2019,1,17,13,30,6.1000000000000005,22,0,22,5.1000000000000005,,,,,,,,,,,,,,,,,,,,,,,,,,,,,,,,,,,,
1593,2019,1,17,13,45,6.1000000000000005,20,0,20,5,,,,,,,,,,,,,,,,,,,,,,,,,,,,,,,,,,,,
1594,2019,1,17,14,0,6,19,0,19,4.800000000000001,,,,,,,,,,,,,,,,,,,,,,,,,,,,,,,,,,,,
1595,2019,1,17,14,15,5.7,17,0,17,4.5,,,,,,,,,,,,,,,,,,,,,,,,,,,,,,,,,,,,
1596,2019,1,17,14,30,5.4,15,0,15,4.3,,,,,,,,,,,,,,,,,,,,,,,,,,,,,,,,,,,,
1597,2019,1,17,14,45,5.1000000000000005,13,0,13,4,,,,,,,,,,,,,,,,,,,,,,,,,,,,,,,,,,,,
1598,2019,1,17,15,0,4.800000000000001,11,0,11,3.7,,,,,,,,,,,,,,,,,,,,,,,,,,,,,,,,,,,,
1599,2019,1,17,15,15,4.5,10,0,10,3.8000000000000003,,,,,,,,,,,,,,,,,,,,,,,,,,,,,,,,,,,,
1600,2019,1,17,15,30,4.2,6,0,6,3.9000000000000004,,,,,,,,,,,,,,,,,,,,,,,,,,,,,,,,,,,,
1601,2019,1,17,15,45,4,5,0,5,4,,,,,,,,,,,,,,,,,,,,,,,,,,,,,,,,,,,,
1602,2019,1,17,16,0,3.7,4,0,4,4.1000000000000005,,,,,,,,,,,,,,,,,,,,,,,,,,,,,,,,,,,,
1603,2019,1,17,16,15,3.7,3,0,3,4.4,,,,,,,,,,,,,,,,,,,,,,,,,,,,,,,,,,,,
1604,2019,1,17,16,30,3.7,0,0,0,4.800000000000001,,,,,,,,,,,,,,,,,,,,,,,,,,,,,,,,,,,,
1605,2019,1,17,16,45,3.7,0,0,0,5.1000000000000005,,,,,,,,,,,,,,,,,,,,,,,,,,,,,,,,,,,,
1606,2019,1,17,17,0,3.7,0,0,0,5.4,,,,,,,,,,,,,,,,,,,,,,,,,,,,,,,,,,,,
1607,2019,1,17,17,15,3.6,0,0,0,5.6000000000000005,,,,,,,,,,,,,,,,,,,,,,,,,,,,,,,,,,,,
1608,2019,1,17,17,30,3.4000000000000004,0,0,0,5.7,,,,,,,,,,,,,,,,,,,,,,,,,,,,,,,,,,,,
1609,2019,1,17,17,45,3.2,0,0,0,5.800000000000001,,,,,,,,,,,,,,,,,,,,,,,,,,,,,,,,,,,,
1610,2019,1,17,18,0,3.1,0,0,0,6,,,,,,,,,,,,,,,,,,,,,,,,,,,,,,,,,,,,
1611,2019,1,17,18,15,2.8000000000000003,0,0,0,6,,,,,,,,,,,,,,,,,,,,,,,,,,,,,,,,,,,,
1612,2019,1,17,18,30,2.6,0,0,0,6,,,,,,,,,,,,,,,,,,,,,,,,,,,,,,,,,,,,
1613,2019,1,17,18,45,2.3000000000000003,0,0,0,6,,,,,,,,,,,,,,,,,,,,,,,,,,,,,,,,,,,,
1614,2019,1,17,19,0,2.1,0,0,0,6,,,,,,,,,,,,,,,,,,,,,,,,,,,,,,,,,,,,
1615,2019,1,17,19,15,1.9000000000000001,0,0,0,5.800000000000001,,,,,,,,,,,,,,,,,,,,,,,,,,,,,,,,,,,,
1616,2019,1,17,19,30,1.7000000000000002,0,0,0,5.7,,,,,,,,,,,,,,,,,,,,,,,,,,,,,,,,,,,,
1617,2019,1,17,19,45,1.5,0,0,0,5.5,,,,,,,,,,,,,,,,,,,,,,,,,,,,,,,,,,,,
1618,2019,1,17,20,0,1.3,0,0,0,5.300000000000001,,,,,,,,,,,,,,,,,,,,,,,,,,,,,,,,,,,,
1619,2019,1,17,20,15,1.2000000000000002,0,0,0,5.300000000000001,,,,,,,,,,,,,,,,,,,,,,,,,,,,,,,,,,,,
1620,2019,1,17,20,30,1.1,0,0,0,5.2,,,,,,,,,,,,,,,,,,,,,,,,,,,,,,,,,,,,
1621,2019,1,17,20,45,1.1,0,0,0,5.2,,,,,,,,,,,,,,,,,,,,,,,,,,,,,,,,,,,,
1622,2019,1,17,21,0,1,0,0,0,5.2,,,,,,,,,,,,,,,,,,,,,,,,,,,,,,,,,,,,
1623,2019,1,17,21,15,0.9,0,0,0,5.1000000000000005,,,,,,,,,,,,,,,,,,,,,,,,,,,,,,,,,,,,
1624,2019,1,17,21,30,0.9,0,0,0,5.1000000000000005,,,,,,,,,,,,,,,,,,,,,,,,,,,,,,,,,,,,
1625,2019,1,17,21,45,0.8,0,0,0,5.1000000000000005,,,,,,,,,,,,,,,,,,,,,,,,,,,,,,,,,,,,
1626,2019,1,17,22,0,0.8,0,0,0,5.1000000000000005,,,,,,,,,,,,,,,,,,,,,,,,,,,,,,,,,,,,
1627,2019,1,17,22,15,0.7000000000000001,0,0,0,5.1000000000000005,,,,,,,,,,,,,,,,,,,,,,,,,,,,,,,,,,,,
1628,2019,1,17,22,30,0.7000000000000001,0,0,0,5.2,,,,,,,,,,,,,,,,,,,,,,,,,,,,,,,,,,,,
1629,2019,1,17,22,45,0.6000000000000001,0,0,0,5.2,,,,,,,,,,,,,,,,,,,,,,,,,,,,,,,,,,,,
1630,2019,1,17,23,0,0.6000000000000001,0,0,0,5.2,,,,,,,,,,,,,,,,,,,,,,,,,,,,,,,,,,,,
1631,2019,1,17,23,15,0.6000000000000001,0,0,0,5.2,,,,,,,,,,,,,,,,,,,,,,,,,,,,,,,,,,,,
1632,2019,1,17,23,30,0.6000000000000001,0,0,0,5.2,,,,,,,,,,,,,,,,,,,,,,,,,,,,,,,,,,,,
1633,2019,1,17,23,45,0.5,0,0,0,5.2,,,,,,,,,,,,,,,,,,,,,,,,,,,,,,,,,,,,
1634,2019,1,18,0,0,0.5,0,0,0,5.2,,,,,,,,,,,,,,,,,,,,,,,,,,,,,,,,,,,,
1635,2019,1,18,0,15,0.5,0,0,0,5.2,,,,,,,,,,,,,,,,,,,,,,,,,,,,,,,,,,,,
1636,2019,1,18,0,30,0.5,0,0,0,5.2,,,,,,,,,,,,,,,,,,,,,,,,,,,,,,,,,,,,
1637,2019,1,18,0,45,0.5,0,0,0,5.2,,,,,,,,,,,,,,,,,,,,,,,,,,,,,,,,,,,,
1638,2019,1,18,1,0,0.30000000000000004,0,0,0,5.4,,,,,,,,,,,,,,,,,,,,,,,,,,,,,,,,,,,,
1639,2019,1,18,1,15,0.2,0,0,0,5.4,,,,,,,,,,,,,,,,,,,,,,,,,,,,,,,,,,,,
1640,2019,1,18,1,30,0.1,0,0,0,5.4,,,,,,,,,,,,,,,,,,,,,,,,,,,,,,,,,,,,
1641,2019,1,18,1,45,0,0,0,0,5.5,,,,,,,,,,,,,,,,,,,,,,,,,,,,,,,,,,,,
1642,2019,1,18,2,0,-0.2,0,0,0,5.5,,,,,,,,,,,,,,,,,,,,,,,,,,,,,,,,,,,,
1643,2019,1,18,2,15,-0.4,0,0,0,5.300000000000001,,,,,,,,,,,,,,,,,,,,,,,,,,,,,,,,,,,,
1644,2019,1,18,2,30,-0.6000000000000001,0,0,0,5.2,,,,,,,,,,,,,,,,,,,,,,,,,,,,,,,,,,,,
1645,2019,1,18,2,45,-0.9,0,0,0,5,,,,,,,,,,,,,,,,,,,,,,,,,,,,,,,,,,,,
1646,2019,1,18,3,0,-1.1,0,0,0,4.9,,,,,,,,,,,,,,,,,,,,,,,,,,,,,,,,,,,,
1647,2019,1,18,3,15,-1.3,0,0,0,4.800000000000001,,,,,,,,,,,,,,,,,,,,,,,,,,,,,,,,,,,,
1648,2019,1,18,3,30,-1.5,0,0,0,4.7,,,,,,,,,,,,,,,,,,,,,,,,,,,,,,,,,,,,
1649,2019,1,18,3,45,-1.7000000000000002,0,0,0,4.6000000000000005,,,,,,,,,,,,,,,,,,,,,,,,,,,,,,,,,,,,
1650,2019,1,18,4,0,-1.9000000000000001,0,0,0,4.5,,,,,,,,,,,,,,,,,,,,,,,,,,,,,,,,,,,,
1651,2019,1,18,4,15,-2.1,0,0,0,4.4,,,,,,,,,,,,,,,,,,,,,,,,,,,,,,,,,,,,
1652,2019,1,18,4,30,-2.2,0,0,0,4.3,,,,,,,,,,,,,,,,,,,,,,,,,,,,,,,,,,,,
1653,2019,1,18,4,45,-2.4000000000000004,0,0,0,4.2,,,,,,,,,,,,,,,,,,,,,,,,,,,,,,,,,,,,
1654,2019,1,18,5,0,-2.5,0,0,0,4.1000000000000005,,,,,,,,,,,,,,,,,,,,,,,,,,,,,,,,,,,,
1655,2019,1,18,5,15,-2.7,0,0,0,4,,,,,,,,,,,,,,,,,,,,,,,,,,,,,,,,,,,,
1656,2019,1,18,5,30,-2.9000000000000004,0,0,0,3.9000000000000004,,,,,,,,,,,,,,,,,,,,,,,,,,,,,,,,,,,,
1657,2019,1,18,5,45,-3.1,0,0,0,3.8000000000000003,,,,,,,,,,,,,,,,,,,,,,,,,,,,,,,,,,,,
1658,2019,1,18,6,0,-3.2,0,0,0,3.7,,,,,,,,,,,,,,,,,,,,,,,,,,,,,,,,,,,,
1659,2019,1,18,6,15,-3.4000000000000004,0,0,0,3.6,,,,,,,,,,,,,,,,,,,,,,,,,,,,,,,,,,,,
1660,2019,1,18,6,30,-3.5,0,0,0,3.6,,,,,,,,,,,,,,,,,,,,,,,,,,,,,,,,,,,,
1661,2019,1,18,6,45,-3.7,0,0,0,3.5,,,,,,,,,,,,,,,,,,,,,,,,,,,,,,,,,,,,
1662,2019,1,18,7,0,-3.8000000000000003,0,0,0,3.4000000000000004,,,,,,,,,,,,,,,,,,,,,,,,,,,,,,,,,,,,
1663,2019,1,18,7,15,-3.8000000000000003,0,0,0,3.4000000000000004,,,,,,,,,,,,,,,,,,,,,,,,,,,,,,,,,,,,
1664,2019,1,18,7,30,-3.9000000000000004,0,0,0,3.4000000000000004,,,,,,,,,,,,,,,,,,,,,,,,,,,,,,,,,,,,
1665,2019,1,18,7,45,-3.9000000000000004,0,0,0,3.3000000000000003,,,,,,,,,,,,,,,,,,,,,,,,,,,,,,,,,,,,
1666,2019,1,18,8,0,-3.9000000000000004,0,0,0,3.3000000000000003,,,,,,,,,,,,,,,,,,,,,,,,,,,,,,,,,,,,
1667,2019,1,18,8,15,-3.6,0,0,0,3.4000000000000004,,,,,,,,,,,,,,,,,,,,,,,,,,,,,,,,,,,,
1668,2019,1,18,8,30,-3.3000000000000003,15,262,24,3.4000000000000004,,,,,,,,,,,,,,,,,,,,,,,,,,,,,,,,,,,,
1669,2019,1,18,8,45,-3,23,398,47,3.5,,,,,,,,,,,,,,,,,,,,,,,,,,,,,,,,,,,,
1670,2019,1,18,9,0,-2.7,29,491,74,3.5,,,,,,,,,,,,,,,,,,,,,,,,,,,,,,,,,,,,
1671,2019,1,18,9,15,-2.3000000000000003,35,564,102,3.5,,,,,,,,,,,,,,,,,,,,,,,,,,,,,,,,,,,,
1672,2019,1,18,9,30,-2,40,621,130,3.5,,,,,,,,,,,,,,,,,,,,,,,,,,,,,,,,,,,,
1673,2019,1,18,9,45,-1.6,43,666,156,3.5,,,,,,,,,,,,,,,,,,,,,,,,,,,,,,,,,,,,
1674,2019,1,18,10,0,-1.2000000000000002,46,703,183,3.5,,,,,,,,,,,,,,,,,,,,,,,,,,,,,,,,,,,,
1675,2019,1,18,10,15,-0.8,50,733,207,3.5,,,,,,,,,,,,,,,,,,,,,,,,,,,,,,,,,,,,
1676,2019,1,18,10,30,-0.4,52,757,230,3.4000000000000004,,,,,,,,,,,,,,,,,,,,,,,,,,,,,,,,,,,,
1677,2019,1,18,10,45,-0.1,54,782,250,3.4000000000000004,,,,,,,,,,,,,,,,,,,,,,,,,,,,,,,,,,,,
1678,2019,1,18,11,0,0.30000000000000004,56,798,268,3.4000000000000004,,,,,,,,,,,,,,,,,,,,,,,,,,,,,,,,,,,,
1679,2019,1,18,11,15,0.5,57,811,283,3.4000000000000004,,,,,,,,,,,,,,,,,,,,,,,,,,,,,,,,,,,,
1680,2019,1,18,11,30,0.8,58,821,295,3.3000000000000003,,,,,,,,,,,,,,,,,,,,,,,,,,,,,,,,,,,,
1681,2019,1,18,11,45,1,59,830,305,3.3000000000000003,,,,,,,,,,,,,,,,,,,,,,,,,,,,,,,,,,,,
1682,2019,1,18,12,0,1.2000000000000002,60,834,311,3.2,,,,,,,,,,,,,,,,,,,,,,,,,,,,,,,,,,,,
1683,2019,1,18,12,15,1.3,60,837,315,3.2,,,,,,,,,,,,,,,,,,,,,,,,,,,,,,,,,,,,
1684,2019,1,18,12,30,1.4000000000000001,60,837,315,3.2,,,,,,,,,,,,,,,,,,,,,,,,,,,,,,,,,,,,
1685,2019,1,18,12,45,1.5,60,835,312,3.1,,,,,,,,,,,,,,,,,,,,,,,,,,,,,,,,,,,,
1686,2019,1,18,13,0,1.7000000000000002,59,831,307,3.1,,,,,,,,,,,,,,,,,,,,,,,,,,,,,,,,,,,,
1687,2019,1,18,13,15,1.6,58,824,298,3,,,,,,,,,,,,,,,,,,,,,,,,,,,,,,,,,,,,
1688,2019,1,18,13,30,1.6,57,805,284,2.9000000000000004,,,,,,,,,,,,,,,,,,,,,,,,,,,,,,,,,,,,
1689,2019,1,18,13,45,1.6,57,789,269,2.8000000000000003,,,,,,,,,,,,,,,,,,,,,,,,,,,,,,,,,,,,
1690,2019,1,18,14,0,1.6,55,774,252,2.7,,,,,,,,,,,,,,,,,,,,,,,,,,,,,,,,,,,,
1691,2019,1,18,14,15,1.2000000000000002,53,755,233,2.4000000000000004,,,,,,,,,,,,,,,,,,,,,,,,,,,,,,,,,,,,
1692,2019,1,18,14,30,0.8,50,731,211,2.1,,,,,,,,,,,,,,,,,,,,,,,,,,,,,,,,,,,,
1693,2019,1,18,14,45,0.4,48,695,187,1.9000000000000001,,,,,,,,,,,,,,,,,,,,,,,,,,,,,,,,,,,,
1694,2019,1,18,15,0,0,45,660,161,1.6,,,,,,,,,,,,,,,,,,,,,,,,,,,,,,,,,,,,
1695,2019,1,18,15,15,-0.5,40,608,133,1.6,,,,,,,,,,,,,,,,,,,,,,,,,,,,,,,,,,,,
1696,2019,1,18,15,30,-1.1,36,554,106,1.6,,,,,,,,,,,,,,,,,,,,,,,,,,,,,,,,,,,,
1697,2019,1,18,15,45,-1.6,31,470,77,1.6,,,,,,,,,,,,,,,,,,,,,,,,,,,,,,,,,,,,
1698,2019,1,18,16,0,-2.1,25,384,51,1.7000000000000002,,,,,,,,,,,,,,,,,,,,,,,,,,,,,,,,,,,,
1699,2019,1,18,16,15,-2.2,17,274,28,1.8,,,,,,,,,,,,,,,,,,,,,,,,,,,,,,,,,,,,
1700,2019,1,18,16,30,-2.2,0,0,0,1.9000000000000001,,,,,,,,,,,,,,,,,,,,,,,,,,,,,,,,,,,,
1701,2019,1,18,16,45,-2.3000000000000003,0,0,0,2,,,,,,,,,,,,,,,,,,,,,,,,,,,,,,,,,,,,
1702,2019,1,18,17,0,-2.4000000000000004,0,0,0,2.1,,,,,,,,,,,,,,,,,,,,,,,,,,,,,,,,,,,,
1703,2019,1,18,17,15,-2.3000000000000003,0,0,0,2.2,,,,,,,,,,,,,,,,,,,,,,,,,,,,,,,,,,,,
1704,2019,1,18,17,30,-2.2,0,0,0,2.3000000000000003,,,,,,,,,,,,,,,,,,,,,,,,,,,,,,,,,,,,
1705,2019,1,18,17,45,-2.1,0,0,0,2.4000000000000004,,,,,,,,,,,,,,,,,,,,,,,,,,,,,,,,,,,,
1706,2019,1,18,18,0,-2,0,0,0,2.5,,,,,,,,,,,,,,,,,,,,,,,,,,,,,,,,,,,,
1707,2019,1,18,18,15,-2,0,0,0,2.5,,,,,,,,,,,,,,,,,,,,,,,,,,,,,,,,,,,,
1708,2019,1,18,18,30,-2,0,0,0,2.5,,,,,,,,,,,,,,,,,,,,,,,,,,,,,,,,,,,,
1709,2019,1,18,18,45,-2,0,0,0,2.5,,,,,,,,,,,,,,,,,,,,,,,,,,,,,,,,,,,,
1710,2019,1,18,19,0,-2,0,0,0,2.6,,,,,,,,,,,,,,,,,,,,,,,,,,,,,,,,,,,,
1711,2019,1,18,19,15,-2.1,0,0,0,2.5,,,,,,,,,,,,,,,,,,,,,,,,,,,,,,,,,,,,
1712,2019,1,18,19,30,-2.1,0,0,0,2.4000000000000004,,,,,,,,,,,,,,,,,,,,,,,,,,,,,,,,,,,,
1713,2019,1,18,19,45,-2.2,0,0,0,2.3000000000000003,,,,,,,,,,,,,,,,,,,,,,,,,,,,,,,,,,,,
1714,2019,1,18,20,0,-2.3000000000000003,0,0,0,2.3000000000000003,,,,,,,,,,,,,,,,,,,,,,,,,,,,,,,,,,,,
1715,2019,1,18,20,15,-2.3000000000000003,0,0,0,2.2,,,,,,,,,,,,,,,,,,,,,,,,,,,,,,,,,,,,
1716,2019,1,18,20,30,-2.4000000000000004,0,0,0,2.1,,,,,,,,,,,,,,,,,,,,,,,,,,,,,,,,,,,,
1717,2019,1,18,20,45,-2.4000000000000004,0,0,0,2,,,,,,,,,,,,,,,,,,,,,,,,,,,,,,,,,,,,
1718,2019,1,18,21,0,-2.5,0,0,0,1.9000000000000001,,,,,,,,,,,,,,,,,,,,,,,,,,,,,,,,,,,,
1719,2019,1,18,21,15,-2.5,0,0,0,1.9000000000000001,,,,,,,,,,,,,,,,,,,,,,,,,,,,,,,,,,,,
1720,2019,1,18,21,30,-2.5,0,0,0,1.8,,,,,,,,,,,,,,,,,,,,,,,,,,,,,,,,,,,,
1721,2019,1,18,21,45,-2.5,0,0,0,1.7000000000000002,,,,,,,,,,,,,,,,,,,,,,,,,,,,,,,,,,,,
1722,2019,1,18,22,0,-2.5,0,0,0,1.7000000000000002,,,,,,,,,,,,,,,,,,,,,,,,,,,,,,,,,,,,
1723,2019,1,18,22,15,-2.6,0,0,0,1.6,,,,,,,,,,,,,,,,,,,,,,,,,,,,,,,,,,,,
1724,2019,1,18,22,30,-2.7,0,0,0,1.6,,,,,,,,,,,,,,,,,,,,,,,,,,,,,,,,,,,,
1725,2019,1,18,22,45,-2.8000000000000003,0,0,0,1.5,,,,,,,,,,,,,,,,,,,,,,,,,,,,,,,,,,,,
1726,2019,1,18,23,0,-2.8000000000000003,0,0,0,1.4000000000000001,,,,,,,,,,,,,,,,,,,,,,,,,,,,,,,,,,,,
1727,2019,1,18,23,15,-2.9000000000000004,0,0,0,1.4000000000000001,,,,,,,,,,,,,,,,,,,,,,,,,,,,,,,,,,,,
1728,2019,1,18,23,30,-3,0,0,0,1.4000000000000001,,,,,,,,,,,,,,,,,,,,,,,,,,,,,,,,,,,,
1729,2019,1,18,23,45,-3.1,0,0,0,1.3,,,,,,,,,,,,,,,,,,,,,,,,,,,,,,,,,,,,
1730,2019,1,19,0,0,-3.1,0,0,0,1.3,,,,,,,,,,,,,,,,,,,,,,,,,,,,,,,,,,,,
1731,2019,1,19,0,15,-3.1,0,0,0,1.3,,,,,,,,,,,,,,,,,,,,,,,,,,,,,,,,,,,,
1732,2019,1,19,0,30,-3.1,0,0,0,1.3,,,,,,,,,,,,,,,,,,,,,,,,,,,,,,,,,,,,
1733,2019,1,19,0,45,-3.1,0,0,0,1.3,,,,,,,,,,,,,,,,,,,,,,,,,,,,,,,,,,,,
1734,2019,1,19,1,0,-3.4000000000000004,0,0,0,1.1,,,,,,,,,,,,,,,,,,,,,,,,,,,,,,,,,,,,
1735,2019,1,19,1,15,-3.4000000000000004,0,0,0,1.1,,,,,,,,,,,,,,,,,,,,,,,,,,,,,,,,,,,,
1736,2019,1,19,1,30,-3.4000000000000004,0,0,0,1.1,,,,,,,,,,,,,,,,,,,,,,,,,,,,,,,,,,,,
1737,2019,1,19,1,45,-3.5,0,0,0,1,,,,,,,,,,,,,,,,,,,,,,,,,,,,,,,,,,,,
1738,2019,1,19,2,0,-3.5,0,0,0,1,,,,,,,,,,,,,,,,,,,,,,,,,,,,,,,,,,,,
1739,2019,1,19,2,15,-3.5,0,0,0,1,,,,,,,,,,,,,,,,,,,,,,,,,,,,,,,,,,,,
1740,2019,1,19,2,30,-3.5,0,0,0,0.9,,,,,,,,,,,,,,,,,,,,,,,,,,,,,,,,,,,,
1741,2019,1,19,2,45,-3.5,0,0,0,0.9,,,,,,,,,,,,,,,,,,,,,,,,,,,,,,,,,,,,
1742,2019,1,19,3,0,-3.5,0,0,0,0.9,,,,,,,,,,,,,,,,,,,,,,,,,,,,,,,,,,,,
1743,2019,1,19,3,15,-3.5,0,0,0,0.9,,,,,,,,,,,,,,,,,,,,,,,,,,,,,,,,,,,,
1744,2019,1,19,3,30,-3.4000000000000004,0,0,0,0.8,,,,,,,,,,,,,,,,,,,,,,,,,,,,,,,,,,,,
1745,2019,1,19,3,45,-3.4000000000000004,0,0,0,0.8,,,,,,,,,,,,,,,,,,,,,,,,,,,,,,,,,,,,
1746,2019,1,19,4,0,-3.4000000000000004,0,0,0,0.8,,,,,,,,,,,,,,,,,,,,,,,,,,,,,,,,,,,,
1747,2019,1,19,4,15,-3.3000000000000003,0,0,0,0.8,,,,,,,,,,,,,,,,,,,,,,,,,,,,,,,,,,,,
1748,2019,1,19,4,30,-3.3000000000000003,0,0,0,0.8,,,,,,,,,,,,,,,,,,,,,,,,,,,,,,,,,,,,
1749,2019,1,19,4,45,-3.3000000000000003,0,0,0,0.8,,,,,,,,,,,,,,,,,,,,,,,,,,,,,,,,,,,,
1750,2019,1,19,5,0,-3.2,0,0,0,0.7000000000000001,,,,,,,,,,,,,,,,,,,,,,,,,,,,,,,,,,,,
1751,2019,1,19,5,15,-3.2,0,0,0,0.7000000000000001,,,,,,,,,,,,,,,,,,,,,,,,,,,,,,,,,,,,
1752,2019,1,19,5,30,-3.2,0,0,0,0.7000000000000001,,,,,,,,,,,,,,,,,,,,,,,,,,,,,,,,,,,,
1753,2019,1,19,5,45,-3.2,0,0,0,0.7000000000000001,,,,,,,,,,,,,,,,,,,,,,,,,,,,,,,,,,,,
1754,2019,1,19,6,0,-3.2,0,0,0,0.7000000000000001,,,,,,,,,,,,,,,,,,,,,,,,,,,,,,,,,,,,
1755,2019,1,19,6,15,-3.3000000000000003,0,0,0,0.7000000000000001,,,,,,,,,,,,,,,,,,,,,,,,,,,,,,,,,,,,
1756,2019,1,19,6,30,-3.3000000000000003,0,0,0,0.7000000000000001,,,,,,,,,,,,,,,,,,,,,,,,,,,,,,,,,,,,
1757,2019,1,19,6,45,-3.4000000000000004,0,0,0,0.8,,,,,,,,,,,,,,,,,,,,,,,,,,,,,,,,,,,,
1758,2019,1,19,7,0,-3.5,0,0,0,0.8,,,,,,,,,,,,,,,,,,,,,,,,,,,,,,,,,,,,
1759,2019,1,19,7,15,-3.4000000000000004,0,0,0,0.8,,,,,,,,,,,,,,,,,,,,,,,,,,,,,,,,,,,,
1760,2019,1,19,7,30,-3.4000000000000004,0,0,0,0.8,,,,,,,,,,,,,,,,,,,,,,,,,,,,,,,,,,,,
1761,2019,1,19,7,45,-3.4000000000000004,0,0,0,0.8,,,,,,,,,,,,,,,,,,,,,,,,,,,,,,,,,,,,
1762,2019,1,19,8,0,-3.3000000000000003,0,0,0,0.8,,,,,,,,,,,,,,,,,,,,,,,,,,,,,,,,,,,,
1763,2019,1,19,8,15,-3,0,0,0,0.9,,,,,,,,,,,,,,,,,,,,,,,,,,,,,,,,,,,,
1764,2019,1,19,8,30,-2.6,10,0,10,1.1,,,,,,,,,,,,,,,,,,,,,,,,,,,,,,,,,,,,
1765,2019,1,19,8,45,-2.2,21,0,21,1.2000000000000002,,,,,,,,,,,,,,,,,,,,,,,,,,,,,,,,,,,,
1766,2019,1,19,9,0,-1.9000000000000001,32,13,33,1.4000000000000001,,,,,,,,,,,,,,,,,,,,,,,,,,,,,,,,,,,,
1767,2019,1,19,9,15,-1.5,43,34,47,1.4000000000000001,,,,,,,,,,,,,,,,,,,,,,,,,,,,,,,,,,,,
1768,2019,1,19,9,30,-1.2000000000000002,54,52,62,1.5,,,,,,,,,,,,,,,,,,,,,,,,,,,,,,,,,,,,
1769,2019,1,19,9,45,-0.8,65,69,77,1.5,,,,,,,,,,,,,,,,,,,,,,,,,,,,,,,,,,,,
1770,2019,1,19,10,0,-0.5,72,185,109,1.6,,,,,,,,,,,,,,,,,,,,,,,,,,,,,,,,,,,,
1771,2019,1,19,10,15,-0.1,84,103,106,1.7000000000000002,,,,,,,,,,,,,,,,,,,,,,,,,,,,,,,,,,,,
1772,2019,1,19,10,30,0.30000000000000004,93,118,121,1.8,,,,,,,,,,,,,,,,,,,,,,,,,,,,,,,,,,,,
1773,2019,1,19,10,45,0.7000000000000001,95,234,154,1.9000000000000001,,,,,,,,,,,,,,,,,,,,,,,,,,,,,,,,,,,,
1774,2019,1,19,11,0,1.2000000000000002,107,143,145,2,,,,,,,,,,,,,,,,,,,,,,,,,,,,,,,,,,,,
1775,2019,1,19,11,15,1.3,103,288,184,2,,,,,,,,,,,,,,,,,,,,,,,,,,,,,,,,,,,,
1776,2019,1,19,11,30,1.5,108,282,190,2,,,,,,,,,,,,,,,,,,,,,,,,,,,,,,,,,,,,
1777,2019,1,19,11,45,1.7000000000000002,116,237,187,2,,,,,,,,,,,,,,,,,,,,,,,,,,,,,,,,,,,,
1778,2019,1,19,12,0,1.8,114,280,199,2.1,,,,,,,,,,,,,,,,,,,,,,,,,,,,,,,,,,,,
1779,2019,1,19,12,15,1.9000000000000001,124,177,178,2.1,,,,,,,,,,,,,,,,,,,,,,,,,,,,,,,,,,,,
1780,2019,1,19,12,30,1.9000000000000001,125,146,170,2.1,,,,,,,,,,,,,,,,,,,,,,,,,,,,,,,,,,,,
1781,2019,1,19,12,45,1.9000000000000001,118,248,194,2.1,,,,,,,,,,,,,,,,,,,,,,,,,,,,,,,,,,,,
1782,2019,1,19,13,0,2,116,241,189,2.1,,,,,,,,,,,,,,,,,,,,,,,,,,,,,,,,,,,,
1783,2019,1,19,13,15,1.9000000000000001,115,216,178,2,,,,,,,,,,,,,,,,,,,,,,,,,,,,,,,,,,,,
1784,2019,1,19,13,30,1.7000000000000002,110,228,175,1.8,,,,,,,,,,,,,,,,,,,,,,,,,,,,,,,,,,,,
1785,2019,1,19,13,45,1.6,80,0,80,1.7000000000000002,,,,,,,,,,,,,,,,,,,,,,,,,,,,,,,,,,,,
1786,2019,1,19,14,0,1.5,74,0,74,1.6,,,,,,,,,,,,,,,,,,,,,,,,,,,,,,,,,,,,
1787,2019,1,19,14,15,0.9,93,185,138,1.5,,,,,,,,,,,,,,,,,,,,,,,,,,,,,,,,,,,,
1788,2019,1,19,14,30,0.4,85,166,123,1.3,,,,,,,,,,,,,,,,,,,,,,,,,,,,,,,,,,,,
1789,2019,1,19,14,45,-0.2,55,0,55,1.2000000000000002,,,,,,,,,,,,,,,,,,,,,,,,,,,,,,,,,,,,
1790,2019,1,19,15,0,-0.7000000000000001,49,0,49,1,,,,,,,,,,,,,,,,,,,,,,,,,,,,,,,,,,,,
1791,2019,1,19,15,15,-1.3,41,0,41,1.1,,,,,,,,,,,,,,,,,,,,,,,,,,,,,,,,,,,,
1792,2019,1,19,15,30,-1.8,34,0,34,1.1,,,,,,,,,,,,,,,,,,,,,,,,,,,,,,,,,,,,
1793,2019,1,19,15,45,-2.4000000000000004,27,0,27,1.2000000000000002,,,,,,,,,,,,,,,,,,,,,,,,,,,,,,,,,,,,
1794,2019,1,19,16,0,-2.9000000000000004,20,0,20,1.3,,,,,,,,,,,,,,,,,,,,,,,,,,,,,,,,,,,,
1795,2019,1,19,16,15,-3,13,0,13,1.3,,,,,,,,,,,,,,,,,,,,,,,,,,,,,,,,,,,,
1796,2019,1,19,16,30,-3.1,0,0,0,1.3,,,,,,,,,,,,,,,,,,,,,,,,,,,,,,,,,,,,
1797,2019,1,19,16,45,-3.3000000000000003,0,0,0,1.4000000000000001,,,,,,,,,,,,,,,,,,,,,,,,,,,,,,,,,,,,
1798,2019,1,19,17,0,-3.4000000000000004,0,0,0,1.4000000000000001,,,,,,,,,,,,,,,,,,,,,,,,,,,,,,,,,,,,
1799,2019,1,19,17,15,-3.4000000000000004,0,0,0,1.4000000000000001,,,,,,,,,,,,,,,,,,,,,,,,,,,,,,,,,,,,
1800,2019,1,19,17,30,-3.4000000000000004,0,0,0,1.5,,,,,,,,,,,,,,,,,,,,,,,,,,,,,,,,,,,,
1801,2019,1,19,17,45,-3.5,0,0,0,1.5,,,,,,,,,,,,,,,,,,,,,,,,,,,,,,,,,,,,
1802,2019,1,19,18,0,-3.5,0,0,0,1.5,,,,,,,,,,,,,,,,,,,,,,,,,,,,,,,,,,,,
1803,2019,1,19,18,15,-3.6,0,0,0,1.5,,,,,,,,,,,,,,,,,,,,,,,,,,,,,,,,,,,,
1804,2019,1,19,18,30,-3.6,0,0,0,1.6,,,,,,,,,,,,,,,,,,,,,,,,,,,,,,,,,,,,
1805,2019,1,19,18,45,-3.7,0,0,0,1.6,,,,,,,,,,,,,,,,,,,,,,,,,,,,,,,,,,,,
1806,2019,1,19,19,0,-3.7,0,0,0,1.6,,,,,,,,,,,,,,,,,,,,,,,,,,,,,,,,,,,,
1807,2019,1,19,19,15,-3.8000000000000003,0,0,0,1.6,,,,,,,,,,,,,,,,,,,,,,,,,,,,,,,,,,,,
1808,2019,1,19,19,30,-3.9000000000000004,0,0,0,1.6,,,,,,,,,,,,,,,,,,,,,,,,,,,,,,,,,,,,
1809,2019,1,19,19,45,-3.9000000000000004,0,0,0,1.6,,,,,,,,,,,,,,,,,,,,,,,,,,,,,,,,,,,,
1810,2019,1,19,20,0,-4,0,0,0,1.6,,,,,,,,,,,,,,,,,,,,,,,,,,,,,,,,,,,,
1811,2019,1,19,20,15,-4,0,0,0,1.6,,,,,,,,,,,,,,,,,,,,,,,,,,,,,,,,,,,,
1812,2019,1,19,20,30,-4.1000000000000005,0,0,0,1.6,,,,,,,,,,,,,,,,,,,,,,,,,,,,,,,,,,,,
1813,2019,1,19,20,45,-4.2,0,0,0,1.6,,,,,,,,,,,,,,,,,,,,,,,,,,,,,,,,,,,,
1814,2019,1,19,21,0,-4.2,0,0,0,1.6,,,,,,,,,,,,,,,,,,,,,,,,,,,,,,,,,,,,
1815,2019,1,19,21,15,-4.3,0,0,0,1.6,,,,,,,,,,,,,,,,,,,,,,,,,,,,,,,,,,,,
1816,2019,1,19,21,30,-4.4,0,0,0,1.5,,,,,,,,,,,,,,,,,,,,,,,,,,,,,,,,,,,,
1817,2019,1,19,21,45,-4.4,0,0,0,1.5,,,,,,,,,,,,,,,,,,,,,,,,,,,,,,,,,,,,
1818,2019,1,19,22,0,-4.5,0,0,0,1.5,,,,,,,,,,,,,,,,,,,,,,,,,,,,,,,,,,,,
1819,2019,1,19,22,15,-4.5,0,0,0,1.5,,,,,,,,,,,,,,,,,,,,,,,,,,,,,,,,,,,,
1820,2019,1,19,22,30,-4.6000000000000005,0,0,0,1.5,,,,,,,,,,,,,,,,,,,,,,,,,,,,,,,,,,,,
1821,2019,1,19,22,45,-4.6000000000000005,0,0,0,1.4000000000000001,,,,,,,,,,,,,,,,,,,,,,,,,,,,,,,,,,,,
1822,2019,1,19,23,0,-4.7,0,0,0,1.4000000000000001,,,,,,,,,,,,,,,,,,,,,,,,,,,,,,,,,,,,
1823,2019,1,19,23,15,-4.7,0,0,0,1.4000000000000001,,,,,,,,,,,,,,,,,,,,,,,,,,,,,,,,,,,,
1824,2019,1,19,23,30,-4.7,0,0,0,1.3,,,,,,,,,,,,,,,,,,,,,,,,,,,,,,,,,,,,
1825,2019,1,19,23,45,-4.800000000000001,0,0,0,1.3,,,,,,,,,,,,,,,,,,,,,,,,,,,,,,,,,,,,
1826,2019,1,20,0,0,-4.800000000000001,0,0,0,1.3,,,,,,,,,,,,,,,,,,,,,,,,,,,,,,,,,,,,
1827,2019,1,20,0,15,-4.800000000000001,0,0,0,1.3,,,,,,,,,,,,,,,,,,,,,,,,,,,,,,,,,,,,
1828,2019,1,20,0,30,-4.800000000000001,0,0,0,1.3,,,,,,,,,,,,,,,,,,,,,,,,,,,,,,,,,,,,
1829,2019,1,20,0,45,-4.800000000000001,0,0,0,1.3,,,,,,,,,,,,,,,,,,,,,,,,,,,,,,,,,,,,
1830,2019,1,20,1,0,-4.9,0,0,0,1.1,,,,,,,,,,,,,,,,,,,,,,,,,,,,,,,,,,,,
1831,2019,1,20,1,15,-4.9,0,0,0,1,,,,,,,,,,,,,,,,,,,,,,,,,,,,,,,,,,,,
1832,2019,1,20,1,30,-5,0,0,0,1,,,,,,,,,,,,,,,,,,,,,,,,,,,,,,,,,,,,
1833,2019,1,20,1,45,-5,0,0,0,1,,,,,,,,,,,,,,,,,,,,,,,,,,,,,,,,,,,,
1834,2019,1,20,2,0,-5,0,0,0,0.9,,,,,,,,,,,,,,,,,,,,,,,,,,,,,,,,,,,,
1835,2019,1,20,2,15,-5,0,0,0,0.9,,,,,,,,,,,,,,,,,,,,,,,,,,,,,,,,,,,,
1836,2019,1,20,2,30,-5.1000000000000005,0,0,0,0.9,,,,,,,,,,,,,,,,,,,,,,,,,,,,,,,,,,,,
1837,2019,1,20,2,45,-5.1000000000000005,0,0,0,0.9,,,,,,,,,,,,,,,,,,,,,,,,,,,,,,,,,,,,
1838,2019,1,20,3,0,-5.1000000000000005,0,0,0,0.8,,,,,,,,,,,,,,,,,,,,,,,,,,,,,,,,,,,,
1839,2019,1,20,3,15,-5.1000000000000005,0,0,0,0.8,,,,,,,,,,,,,,,,,,,,,,,,,,,,,,,,,,,,
1840,2019,1,20,3,30,-5.1000000000000005,0,0,0,0.8,,,,,,,,,,,,,,,,,,,,,,,,,,,,,,,,,,,,
1841,2019,1,20,3,45,-5.2,0,0,0,0.8,,,,,,,,,,,,,,,,,,,,,,,,,,,,,,,,,,,,
1842,2019,1,20,4,0,-5.2,0,0,0,0.8,,,,,,,,,,,,,,,,,,,,,,,,,,,,,,,,,,,,
1843,2019,1,20,4,15,-5.2,0,0,0,0.8,,,,,,,,,,,,,,,,,,,,,,,,,,,,,,,,,,,,
1844,2019,1,20,4,30,-5.2,0,0,0,0.8,,,,,,,,,,,,,,,,,,,,,,,,,,,,,,,,,,,,
1845,2019,1,20,4,45,-5.300000000000001,0,0,0,0.8,,,,,,,,,,,,,,,,,,,,,,,,,,,,,,,,,,,,
1846,2019,1,20,5,0,-5.300000000000001,0,0,0,0.8,,,,,,,,,,,,,,,,,,,,,,,,,,,,,,,,,,,,
1847,2019,1,20,5,15,-5.300000000000001,0,0,0,0.8,,,,,,,,,,,,,,,,,,,,,,,,,,,,,,,,,,,,
1848,2019,1,20,5,30,-5.300000000000001,0,0,0,0.8,,,,,,,,,,,,,,,,,,,,,,,,,,,,,,,,,,,,
1849,2019,1,20,5,45,-5.4,0,0,0,0.8,,,,,,,,,,,,,,,,,,,,,,,,,,,,,,,,,,,,
1850,2019,1,20,6,0,-5.4,0,0,0,0.8,,,,,,,,,,,,,,,,,,,,,,,,,,,,,,,,,,,,
1851,2019,1,20,6,15,-5.4,0,0,0,0.8,,,,,,,,,,,,,,,,,,,,,,,,,,,,,,,,,,,,
1852,2019,1,20,6,30,-5.4,0,0,0,0.8,,,,,,,,,,,,,,,,,,,,,,,,,,,,,,,,,,,,
1853,2019,1,20,6,45,-5.4,0,0,0,0.8,,,,,,,,,,,,,,,,,,,,,,,,,,,,,,,,,,,,
1854,2019,1,20,7,0,-5.4,0,0,0,0.8,,,,,,,,,,,,,,,,,,,,,,,,,,,,,,,,,,,,
1855,2019,1,20,7,15,-5.300000000000001,0,0,0,0.9,,,,,,,,,,,,,,,,,,,,,,,,,,,,,,,,,,,,
1856,2019,1,20,7,30,-5.2,0,0,0,1,,,,,,,,,,,,,,,,,,,,,,,,,,,,,,,,,,,,
1857,2019,1,20,7,45,-5.1000000000000005,0,0,0,1.1,,,,,,,,,,,,,,,,,,,,,,,,,,,,,,,,,,,,
1858,2019,1,20,8,0,-5,0,0,0,1.2000000000000002,,,,,,,,,,,,,,,,,,,,,,,,,,,,,,,,,,,,
1859,2019,1,20,8,15,-4.7,0,0,0,1.3,,,,,,,,,,,,,,,,,,,,,,,,,,,,,,,,,,,,
1860,2019,1,20,8,30,-4.4,15,257,25,1.4000000000000001,,,,,,,,,,,,,,,,,,,,,,,,,,,,,,,,,,,,
1861,2019,1,20,8,45,-4.1000000000000005,23,364,47,1.4000000000000001,,,,,,,,,,,,,,,,,,,,,,,,,,,,,,,,,,,,
1862,2019,1,20,9,0,-3.8000000000000003,30,452,73,1.5,,,,,,,,,,,,,,,,,,,,,,,,,,,,,,,,,,,,
1863,2019,1,20,9,15,-3.3000000000000003,36,521,101,1.6,,,,,,,,,,,,,,,,,,,,,,,,,,,,,,,,,,,,
1864,2019,1,20,9,30,-2.9000000000000004,42,577,129,1.7000000000000002,,,,,,,,,,,,,,,,,,,,,,,,,,,,,,,,,,,,
1865,2019,1,20,9,45,-2.5,47,618,156,1.8,,,,,,,,,,,,,,,,,,,,,,,,,,,,,,,,,,,,
1866,2019,1,20,10,0,-2,51,655,182,1.9000000000000001,,,,,,,,,,,,,,,,,,,,,,,,,,,,,,,,,,,,
1867,2019,1,20,10,15,-1.7000000000000002,55,686,206,1.9000000000000001,,,,,,,,,,,,,,,,,,,,,,,,,,,,,,,,,,,,
1868,2019,1,20,10,30,-1.4000000000000001,58,711,229,2,,,,,,,,,,,,,,,,,,,,,,,,,,,,,,,,,,,,
1869,2019,1,20,10,45,-1.1,61,728,248,2.1,,,,,,,,,,,,,,,,,,,,,,,,,,,,,,,,,,,,
1870,2019,1,20,11,0,-0.7000000000000001,64,745,266,2.2,,,,,,,,,,,,,,,,,,,,,,,,,,,,,,,,,,,,
1871,2019,1,20,11,15,-0.6000000000000001,65,759,281,2.2,,,,,,,,,,,,,,,,,,,,,,,,,,,,,,,,,,,,
1872,2019,1,20,11,30,-0.4,67,769,294,2.2,,,,,,,,,,,,,,,,,,,,,,,,,,,,,,,,,,,,
1873,2019,1,20,11,45,-0.2,69,773,303,2.1,,,,,,,,,,,,,,,,,,,,,,,,,,,,,,,,,,,,
1874,2019,1,20,12,0,0,70,779,309,2.1,,,,,,,,,,,,,,,,,,,,,,,,,,,,,,,,,,,,
1875,2019,1,20,12,15,0,70,781,313,2.1,,,,,,,,,,,,,,,,,,,,,,,,,,,,,,,,,,,,
1876,2019,1,20,12,30,0.1,70,782,314,2.1,,,,,,,,,,,,,,,,,,,,,,,,,,,,,,,,,,,,
1877,2019,1,20,12,45,0.1,70,779,311,2,,,,,,,,,,,,,,,,,,,,,,,,,,,,,,,,,,,,
1878,2019,1,20,13,0,0.2,69,775,305,2,,,,,,,,,,,,,,,,,,,,,,,,,,,,,,,,,,,,
1879,2019,1,20,13,15,0.1,68,768,297,2,,,,,,,,,,,,,,,,,,,,,,,,,,,,,,,,,,,,
1880,2019,1,20,13,30,0.1,67,758,286,1.9000000000000001,,,,,,,,,,,,,,,,,,,,,,,,,,,,,,,,,,,,
1881,2019,1,20,13,45,0,66,752,274,1.9000000000000001,,,,,,,,,,,,,,,,,,,,,,,,,,,,,,,,,,,,
1882,2019,1,20,14,0,-0.1,64,736,257,1.8,,,,,,,,,,,,,,,,,,,,,,,,,,,,,,,,,,,,
1883,2019,1,20,14,15,-0.4,61,717,238,1.6,,,,,,,,,,,,,,,,,,,,,,,,,,,,,,,,,,,,
1884,2019,1,20,14,30,-0.7000000000000001,58,693,216,1.4000000000000001,,,,,,,,,,,,,,,,,,,,,,,,,,,,,,,,,,,,
1885,2019,1,20,14,45,-1.1,55,660,192,1.2000000000000002,,,,,,,,,,,,,,,,,,,,,,,,,,,,,,,,,,,,
1886,2019,1,20,15,0,-1.4000000000000001,51,625,166,0.9,,,,,,,,,,,,,,,,,,,,,,,,,,,,,,,,,,,,
1887,2019,1,20,15,15,-1.9000000000000001,46,582,139,0.9,,,,,,,,,,,,,,,,,,,,,,,,,,,,,,,,,,,,
1888,2019,1,20,15,30,-2.3000000000000003,40,529,111,0.9,,,,,,,,,,,,,,,,,,,,,,,,,,,,,,,,,,,,
1889,2019,1,20,15,45,-2.8000000000000003,34,460,83,0.9,,,,,,,,,,,,,,,,,,,,,,,,,,,,,,,,,,,,
1890,2019,1,20,16,0,-3.2,27,378,56,0.9,,,,,,,,,,,,,,,,,,,,,,,,,,,,,,,,,,,,
1891,2019,1,20,16,15,-3.4000000000000004,19,275,32,0.9,,,,,,,,,,,,,,,,,,,,,,,,,,,,,,,,,,,,
1892,2019,1,20,16,30,-3.5,0,0,0,0.9,,,,,,,,,,,,,,,,,,,,,,,,,,,,,,,,,,,,
1893,2019,1,20,16,45,-3.7,0,0,0,0.9,,,,,,,,,,,,,,,,,,,,,,,,,,,,,,,,,,,,
1894,2019,1,20,17,0,-3.9000000000000004,0,0,0,0.9,,,,,,,,,,,,,,,,,,,,,,,,,,,,,,,,,,,,
1895,2019,1,20,17,15,-4,0,0,0,0.9,,,,,,,,,,,,,,,,,,,,,,,,,,,,,,,,,,,,
1896,2019,1,20,17,30,-4.1000000000000005,0,0,0,0.9,,,,,,,,,,,,,,,,,,,,,,,,,,,,,,,,,,,,
1897,2019,1,20,17,45,-4.2,0,0,0,0.9,,,,,,,,,,,,,,,,,,,,,,,,,,,,,,,,,,,,
1898,2019,1,20,18,0,-4.3,0,0,0,0.9,,,,,,,,,,,,,,,,,,,,,,,,,,,,,,,,,,,,
1899,2019,1,20,18,15,-4.4,0,0,0,0.9,,,,,,,,,,,,,,,,,,,,,,,,,,,,,,,,,,,,
1900,2019,1,20,18,30,-4.5,0,0,0,0.9,,,,,,,,,,,,,,,,,,,,,,,,,,,,,,,,,,,,
1901,2019,1,20,18,45,-4.6000000000000005,0,0,0,0.9,,,,,,,,,,,,,,,,,,,,,,,,,,,,,,,,,,,,
1902,2019,1,20,19,0,-4.7,0,0,0,0.8,,,,,,,,,,,,,,,,,,,,,,,,,,,,,,,,,,,,
1903,2019,1,20,19,15,-4.800000000000001,0,0,0,0.8,,,,,,,,,,,,,,,,,,,,,,,,,,,,,,,,,,,,
1904,2019,1,20,19,30,-4.800000000000001,0,0,0,0.8,,,,,,,,,,,,,,,,,,,,,,,,,,,,,,,,,,,,
1905,2019,1,20,19,45,-4.9,0,0,0,0.8,,,,,,,,,,,,,,,,,,,,,,,,,,,,,,,,,,,,
1906,2019,1,20,20,0,-5,0,0,0,0.8,,,,,,,,,,,,,,,,,,,,,,,,,,,,,,,,,,,,
1907,2019,1,20,20,15,-5,0,0,0,0.8,,,,,,,,,,,,,,,,,,,,,,,,,,,,,,,,,,,,
1908,2019,1,20,20,30,-5.1000000000000005,0,0,0,0.8,,,,,,,,,,,,,,,,,,,,,,,,,,,,,,,,,,,,
1909,2019,1,20,20,45,-5.1000000000000005,0,0,0,0.8,,,,,,,,,,,,,,,,,,,,,,,,,,,,,,,,,,,,
1910,2019,1,20,21,0,-5.2,0,0,0,0.8,,,,,,,,,,,,,,,,,,,,,,,,,,,,,,,,,,,,
1911,2019,1,20,21,15,-5.2,0,0,0,0.8,,,,,,,,,,,,,,,,,,,,,,,,,,,,,,,,,,,,
1912,2019,1,20,21,30,-5.2,0,0,0,0.8,,,,,,,,,,,,,,,,,,,,,,,,,,,,,,,,,,,,
1913,2019,1,20,21,45,-5.2,0,0,0,0.8,,,,,,,,,,,,,,,,,,,,,,,,,,,,,,,,,,,,
1914,2019,1,20,22,0,-5.2,0,0,0,0.8,,,,,,,,,,,,,,,,,,,,,,,,,,,,,,,,,,,,
1915,2019,1,20,22,15,-5.2,0,0,0,0.8,,,,,,,,,,,,,,,,,,,,,,,,,,,,,,,,,,,,
1916,2019,1,20,22,30,-5.2,0,0,0,0.8,,,,,,,,,,,,,,,,,,,,,,,,,,,,,,,,,,,,
1917,2019,1,20,22,45,-5.1000000000000005,0,0,0,0.8,,,,,,,,,,,,,,,,,,,,,,,,,,,,,,,,,,,,
1918,2019,1,20,23,0,-5.1000000000000005,0,0,0,0.8,,,,,,,,,,,,,,,,,,,,,,,,,,,,,,,,,,,,
1919,2019,1,20,23,15,-5.1000000000000005,0,0,0,0.8,,,,,,,,,,,,,,,,,,,,,,,,,,,,,,,,,,,,
1920,2019,1,20,23,30,-5.1000000000000005,0,0,0,0.7000000000000001,,,,,,,,,,,,,,,,,,,,,,,,,,,,,,,,,,,,
1921,2019,1,20,23,45,-5.1000000000000005,0,0,0,0.7000000000000001,,,,,,,,,,,,,,,,,,,,,,,,,,,,,,,,,,,,
1922,2019,1,21,0,0,-5.1000000000000005,0,0,0,0.7000000000000001,,,,,,,,,,,,,,,,,,,,,,,,,,,,,,,,,,,,
1923,2019,1,21,0,15,-5.1000000000000005,0,0,0,0.7000000000000001,,,,,,,,,,,,,,,,,,,,,,,,,,,,,,,,,,,,
1924,2019,1,21,0,30,-5.1000000000000005,0,0,0,0.7000000000000001,,,,,,,,,,,,,,,,,,,,,,,,,,,,,,,,,,,,
1925,2019,1,21,0,45,-5.1000000000000005,0,0,0,0.7000000000000001,,,,,,,,,,,,,,,,,,,,,,,,,,,,,,,,,,,,
1926,2019,1,21,1,0,-5.1000000000000005,0,0,0,0.7000000000000001,,,,,,,,,,,,,,,,,,,,,,,,,,,,,,,,,,,,
1927,2019,1,21,1,15,-5.1000000000000005,0,0,0,0.7000000000000001,,,,,,,,,,,,,,,,,,,,,,,,,,,,,,,,,,,,
1928,2019,1,21,1,30,-5.1000000000000005,0,0,0,0.7000000000000001,,,,,,,,,,,,,,,,,,,,,,,,,,,,,,,,,,,,
1929,2019,1,21,1,45,-5.2,0,0,0,0.8,,,,,,,,,,,,,,,,,,,,,,,,,,,,,,,,,,,,
1930,2019,1,21,2,0,-5.2,0,0,0,0.8,,,,,,,,,,,,,,,,,,,,,,,,,,,,,,,,,,,,
1931,2019,1,21,2,15,-5.300000000000001,0,0,0,0.9,,,,,,,,,,,,,,,,,,,,,,,,,,,,,,,,,,,,
1932,2019,1,21,2,30,-5.300000000000001,0,0,0,0.9,,,,,,,,,,,,,,,,,,,,,,,,,,,,,,,,,,,,
1933,2019,1,21,2,45,-5.4,0,0,0,1,,,,,,,,,,,,,,,,,,,,,,,,,,,,,,,,,,,,
1934,2019,1,21,3,0,-5.5,0,0,0,1,,,,,,,,,,,,,,,,,,,,,,,,,,,,,,,,,,,,
1935,2019,1,21,3,15,-5.6000000000000005,0,0,0,1.1,,,,,,,,,,,,,,,,,,,,,,,,,,,,,,,,,,,,
1936,2019,1,21,3,30,-5.7,0,0,0,1.1,,,,,,,,,,,,,,,,,,,,,,,,,,,,,,,,,,,,
1937,2019,1,21,3,45,-5.800000000000001,0,0,0,1.2000000000000002,,,,,,,,,,,,,,,,,,,,,,,,,,,,,,,,,,,,
1938,2019,1,21,4,0,-5.9,0,0,0,1.2000000000000002,,,,,,,,,,,,,,,,,,,,,,,,,,,,,,,,,,,,
1939,2019,1,21,4,15,-6,0,0,0,1.2000000000000002,,,,,,,,,,,,,,,,,,,,,,,,,,,,,,,,,,,,
1940,2019,1,21,4,30,-6.1000000000000005,0,0,0,1.3,,,,,,,,,,,,,,,,,,,,,,,,,,,,,,,,,,,,
1941,2019,1,21,4,45,-6.2,0,0,0,1.3,,,,,,,,,,,,,,,,,,,,,,,,,,,,,,,,,,,,
1942,2019,1,21,5,0,-6.2,0,0,0,1.3,,,,,,,,,,,,,,,,,,,,,,,,,,,,,,,,,,,,
1943,2019,1,21,5,15,-6.300000000000001,0,0,0,1.4000000000000001,,,,,,,,,,,,,,,,,,,,,,,,,,,,,,,,,,,,
1944,2019,1,21,5,30,-6.4,0,0,0,1.4000000000000001,,,,,,,,,,,,,,,,,,,,,,,,,,,,,,,,,,,,
1945,2019,1,21,5,45,-6.5,0,0,0,1.5,,,,,,,,,,,,,,,,,,,,,,,,,,,,,,,,,,,,
1946,2019,1,21,6,0,-6.6000000000000005,0,0,0,1.6,,,,,,,,,,,,,,,,,,,,,,,,,,,,,,,,,,,,
1947,2019,1,21,6,15,-6.6000000000000005,0,0,0,1.6,,,,,,,,,,,,,,,,,,,,,,,,,,,,,,,,,,,,
1948,2019,1,21,6,30,-6.7,0,0,0,1.6,,,,,,,,,,,,,,,,,,,,,,,,,,,,,,,,,,,,
1949,2019,1,21,6,45,-6.800000000000001,0,0,0,1.6,,,,,,,,,,,,,,,,,,,,,,,,,,,,,,,,,,,,
1950,2019,1,21,7,0,-6.9,0,0,0,1.7000000000000002,,,,,,,,,,,,,,,,,,,,,,,,,,,,,,,,,,,,
1951,2019,1,21,7,15,-6.9,0,0,0,1.7000000000000002,,,,,,,,,,,,,,,,,,,,,,,,,,,,,,,,,,,,
1952,2019,1,21,7,30,-6.9,0,0,0,1.8,,,,,,,,,,,,,,,,,,,,,,,,,,,,,,,,,,,,
1953,2019,1,21,7,45,-6.9,0,0,0,1.8,,,,,,,,,,,,,,,,,,,,,,,,,,,,,,,,,,,,
1954,2019,1,21,8,0,-6.9,0,0,0,1.9000000000000001,,,,,,,,,,,,,,,,,,,,,,,,,,,,,,,,,,,,
1955,2019,1,21,8,15,-6.6000000000000005,0,0,0,2,,,,,,,,,,,,,,,,,,,,,,,,,,,,,,,,,,,,
1956,2019,1,21,8,30,-6.300000000000001,17,220,26,2.1,,,,,,,,,,,,,,,,,,,,,,,,,,,,,,,,,,,,
1957,2019,1,21,8,45,-6,26,347,50,2.2,,,,,,,,,,,,,,,,,,,,,,,,,,,,,,,,,,,,
1958,2019,1,21,9,0,-5.7,34,434,76,2.3000000000000003,,,,,,,,,,,,,,,,,,,,,,,,,,,,,,,,,,,,
1959,2019,1,21,9,15,-5.300000000000001,40,504,104,2.4000000000000004,,,,,,,,,,,,,,,,,,,,,,,,,,,,,,,,,,,,
1960,2019,1,21,9,30,-4.9,46,560,133,2.5,,,,,,,,,,,,,,,,,,,,,,,,,,,,,,,,,,,,
1961,2019,1,21,9,45,-4.5,50,622,161,2.5,,,,,,,,,,,,,,,,,,,,,,,,,,,,,,,,,,,,
1962,2019,1,21,10,0,-4.1000000000000005,54,659,188,2.6,,,,,,,,,,,,,,,,,,,,,,,,,,,,,,,,,,,,
1963,2019,1,21,10,15,-3.7,58,690,213,2.7,,,,,,,,,,,,,,,,,,,,,,,,,,,,,,,,,,,,
1964,2019,1,21,10,30,-3.2,62,715,235,2.8000000000000003,,,,,,,,,,,,,,,,,,,,,,,,,,,,,,,,,,,,
1965,2019,1,21,10,45,-2.8000000000000003,63,742,257,2.8000000000000003,,,,,,,,,,,,,,,,,,,,,,,,,,,,,,,,,,,,
1966,2019,1,21,11,0,-2.3000000000000003,66,759,275,2.9000000000000004,,,,,,,,,,,,,,,,,,,,,,,,,,,,,,,,,,,,
1967,2019,1,21,11,15,-2,68,772,290,2.9000000000000004,,,,,,,,,,,,,,,,,,,,,,,,,,,,,,,,,,,,
1968,2019,1,21,11,30,-1.6,69,783,303,3,,,,,,,,,,,,,,,,,,,,,,,,,,,,,,,,,,,,
1969,2019,1,21,11,45,-1.2000000000000002,69,795,313,3,,,,,,,,,,,,,,,,,,,,,,,,,,,,,,,,,,,,
1970,2019,1,21,12,0,-0.8,70,800,319,3.1,,,,,,,,,,,,,,,,,,,,,,,,,,,,,,,,,,,,
1971,2019,1,21,12,15,-0.6000000000000001,70,803,323,3.1,,,,,,,,,,,,,,,,,,,,,,,,,,,,,,,,,,,,
1972,2019,1,21,12,30,-0.5,71,803,324,3,,,,,,,,,,,,,,,,,,,,,,,,,,,,,,,,,,,,
1973,2019,1,21,12,45,-0.30000000000000004,70,803,321,3,,,,,,,,,,,,,,,,,,,,,,,,,,,,,,,,,,,,
1974,2019,1,21,13,0,-0.1,89,488,240,3,,,,,,,,,,,,,,,,,,,,,,,,,,,,,,,,,,,,
1975,2019,1,21,13,15,-0.1,95,424,223,2.9000000000000004,,,,,,,,,,,,,,,,,,,,,,,,,,,,,,,,,,,,
1976,2019,1,21,13,30,-0.1,101,347,203,2.8000000000000003,,,,,,,,,,,,,,,,,,,,,,,,,,,,,,,,,,,,
1977,2019,1,21,13,45,-0.1,107,234,173,2.8000000000000003,,,,,,,,,,,,,,,,,,,,,,,,,,,,,,,,,,,,
1978,2019,1,21,14,0,-0.2,105,66,122,2.7,,,,,,,,,,,,,,,,,,,,,,,,,,,,,,,,,,,,
1979,2019,1,21,14,15,-0.5,59,730,242,2.4000000000000004,,,,,,,,,,,,,,,,,,,,,,,,,,,,,,,,,,,,
1980,2019,1,21,14,30,-0.8,56,708,220,2.1,,,,,,,,,,,,,,,,,,,,,,,,,,,,,,,,,,,,
1981,2019,1,21,14,45,-1.1,53,680,197,1.8,,,,,,,,,,,,,,,,,,,,,,,,,,,,,,,,,,,,
1982,2019,1,21,15,0,-1.4000000000000001,49,646,171,1.5,,,,,,,,,,,,,,,,,,,,,,,,,,,,,,,,,,,,
1983,2019,1,21,15,15,-2,45,605,144,1.4000000000000001,,,,,,,,,,,,,,,,,,,,,,,,,,,,,,,,,,,,
1984,2019,1,21,15,30,-2.6,40,554,116,1.3,,,,,,,,,,,,,,,,,,,,,,,,,,,,,,,,,,,,
1985,2019,1,21,15,45,-3.2,34,492,88,1.3,,,,,,,,,,,,,,,,,,,,,,,,,,,,,,,,,,,,
1986,2019,1,21,16,0,-3.7,27,414,60,1.2000000000000002,,,,,,,,,,,,,,,,,,,,,,,,,,,,,,,,,,,,
1987,2019,1,21,16,15,-4,20,314,35,1.2000000000000002,,,,,,,,,,,,,,,,,,,,,,,,,,,,,,,,,,,,
1988,2019,1,21,16,30,-4.2,12,189,16,1.3,,,,,,,,,,,,,,,,,,,,,,,,,,,,,,,,,,,,
1989,2019,1,21,16,45,-4.4,0,0,0,1.3,,,,,,,,,,,,,,,,,,,,,,,,,,,,,,,,,,,,
1990,2019,1,21,17,0,-4.6000000000000005,0,0,0,1.3,,,,,,,,,,,,,,,,,,,,,,,,,,,,,,,,,,,,
1991,2019,1,21,17,15,-4.7,0,0,0,1.4000000000000001,,,,,,,,,,,,,,,,,,,,,,,,,,,,,,,,,,,,
1992,2019,1,21,17,30,-4.9,0,0,0,1.4000000000000001,,,,,,,,,,,,,,,,,,,,,,,,,,,,,,,,,,,,
1993,2019,1,21,17,45,-5,0,0,0,1.4000000000000001,,,,,,,,,,,,,,,,,,,,,,,,,,,,,,,,,,,,
1994,2019,1,21,18,0,-5.1000000000000005,0,0,0,1.5,,,,,,,,,,,,,,,,,,,,,,,,,,,,,,,,,,,,
1995,2019,1,21,18,15,-5.2,0,0,0,1.5,,,,,,,,,,,,,,,,,,,,,,,,,,,,,,,,,,,,
1996,2019,1,21,18,30,-5.2,0,0,0,1.5,,,,,,,,,,,,,,,,,,,,,,,,,,,,,,,,,,,,
1997,2019,1,21,18,45,-5.300000000000001,0,0,0,1.5,,,,,,,,,,,,,,,,,,,,,,,,,,,,,,,,,,,,
1998,2019,1,21,19,0,-5.4,0,0,0,1.5,,,,,,,,,,,,,,,,,,,,,,,,,,,,,,,,,,,,
1999,2019,1,21,19,15,-5.5,0,0,0,1.6,,,,,,,,,,,,,,,,,,,,,,,,,,,,,,,,,,,,
2000,2019,1,21,19,30,-5.5,0,0,0,1.6,,,,,,,,,,,,,,,,,,,,,,,,,,,,,,,,,,,,
2001,2019,1,21,19,45,-5.6000000000000005,0,0,0,1.6,,,,,,,,,,,,,,,,,,,,,,,,,,,,,,,,,,,,
2002,2019,1,21,20,0,-5.6000000000000005,0,0,0,1.6,,,,,,,,,,,,,,,,,,,,,,,,,,,,,,,,,,,,
2003,2019,1,21,20,15,-5.7,0,0,0,1.6,,,,,,,,,,,,,,,,,,,,,,,,,,,,,,,,,,,,
2004,2019,1,21,20,30,-5.800000000000001,0,0,0,1.6,,,,,,,,,,,,,,,,,,,,,,,,,,,,,,,,,,,,
2005,2019,1,21,20,45,-5.800000000000001,0,0,0,1.6,,,,,,,,,,,,,,,,,,,,,,,,,,,,,,,,,,,,
2006,2019,1,21,21,0,-5.9,0,0,0,1.6,,,,,,,,,,,,,,,,,,,,,,,,,,,,,,,,,,,,
2007,2019,1,21,21,15,-6,0,0,0,1.6,,,,,,,,,,,,,,,,,,,,,,,,,,,,,,,,,,,,
2008,2019,1,21,21,30,-6.1000000000000005,0,0,0,1.6,,,,,,,,,,,,,,,,,,,,,,,,,,,,,,,,,,,,
2009,2019,1,21,21,45,-6.2,0,0,0,1.6,,,,,,,,,,,,,,,,,,,,,,,,,,,,,,,,,,,,
2010,2019,1,21,22,0,-6.300000000000001,0,0,0,1.6,,,,,,,,,,,,,,,,,,,,,,,,,,,,,,,,,,,,
2011,2019,1,21,22,15,-6.4,0,0,0,1.6,,,,,,,,,,,,,,,,,,,,,,,,,,,,,,,,,,,,
2012,2019,1,21,22,30,-6.5,0,0,0,1.6,,,,,,,,,,,,,,,,,,,,,,,,,,,,,,,,,,,,
2013,2019,1,21,22,45,-6.6000000000000005,0,0,0,1.6,,,,,,,,,,,,,,,,,,,,,,,,,,,,,,,,,,,,
2014,2019,1,21,23,0,-6.7,0,0,0,1.6,,,,,,,,,,,,,,,,,,,,,,,,,,,,,,,,,,,,
2015,2019,1,21,23,15,-6.800000000000001,0,0,0,1.6,,,,,,,,,,,,,,,,,,,,,,,,,,,,,,,,,,,,
2016,2019,1,21,23,30,-6.9,0,0,0,1.6,,,,,,,,,,,,,,,,,,,,,,,,,,,,,,,,,,,,
2017,2019,1,21,23,45,-6.9,0,0,0,1.6,,,,,,,,,,,,,,,,,,,,,,,,,,,,,,,,,,,,
2018,2019,1,22,0,0,-7,0,0,0,1.6,,,,,,,,,,,,,,,,,,,,,,,,,,,,,,,,,,,,
2019,2019,1,22,0,15,-7,0,0,0,1.6,,,,,,,,,,,,,,,,,,,,,,,,,,,,,,,,,,,,
2020,2019,1,22,0,30,-7,0,0,0,1.6,,,,,,,,,,,,,,,,,,,,,,,,,,,,,,,,,,,,
2021,2019,1,22,0,45,-7,0,0,0,1.6,,,,,,,,,,,,,,,,,,,,,,,,,,,,,,,,,,,,
2022,2019,1,22,1,0,-7.2,0,0,0,1.5,,,,,,,,,,,,,,,,,,,,,,,,,,,,,,,,,,,,
2023,2019,1,22,1,15,-7.300000000000001,0,0,0,1.5,,,,,,,,,,,,,,,,,,,,,,,,,,,,,,,,,,,,
2024,2019,1,22,1,30,-7.4,0,0,0,1.5,,,,,,,,,,,,,,,,,,,,,,,,,,,,,,,,,,,,
2025,2019,1,22,1,45,-7.5,0,0,0,1.5,,,,,,,,,,,,,,,,,,,,,,,,,,,,,,,,,,,,
2026,2019,1,22,2,0,-7.5,0,0,0,1.5,,,,,,,,,,,,,,,,,,,,,,,,,,,,,,,,,,,,
2027,2019,1,22,2,15,-7.6000000000000005,0,0,0,1.5,,,,,,,,,,,,,,,,,,,,,,,,,,,,,,,,,,,,
2028,2019,1,22,2,30,-7.6000000000000005,0,0,0,1.4000000000000001,,,,,,,,,,,,,,,,,,,,,,,,,,,,,,,,,,,,
2029,2019,1,22,2,45,-7.7,0,0,0,1.4000000000000001,,,,,,,,,,,,,,,,,,,,,,,,,,,,,,,,,,,,
2030,2019,1,22,3,0,-7.7,0,0,0,1.4000000000000001,,,,,,,,,,,,,,,,,,,,,,,,,,,,,,,,,,,,
2031,2019,1,22,3,15,-7.800000000000001,0,0,0,1.4000000000000001,,,,,,,,,,,,,,,,,,,,,,,,,,,,,,,,,,,,
2032,2019,1,22,3,30,-7.800000000000001,0,0,0,1.4000000000000001,,,,,,,,,,,,,,,,,,,,,,,,,,,,,,,,,,,,
2033,2019,1,22,3,45,-7.9,0,0,0,1.4000000000000001,,,,,,,,,,,,,,,,,,,,,,,,,,,,,,,,,,,,
2034,2019,1,22,4,0,-7.9,0,0,0,1.4000000000000001,,,,,,,,,,,,,,,,,,,,,,,,,,,,,,,,,,,,
2035,2019,1,22,4,15,-8,0,0,0,1.4000000000000001,,,,,,,,,,,,,,,,,,,,,,,,,,,,,,,,,,,,
2036,2019,1,22,4,30,-8.1,0,0,0,1.4000000000000001,,,,,,,,,,,,,,,,,,,,,,,,,,,,,,,,,,,,
2037,2019,1,22,4,45,-8.1,0,0,0,1.4000000000000001,,,,,,,,,,,,,,,,,,,,,,,,,,,,,,,,,,,,
2038,2019,1,22,5,0,-8.200000000000001,0,0,0,1.4000000000000001,,,,,,,,,,,,,,,,,,,,,,,,,,,,,,,,,,,,
2039,2019,1,22,5,15,-8.200000000000001,0,0,0,1.4000000000000001,,,,,,,,,,,,,,,,,,,,,,,,,,,,,,,,,,,,
2040,2019,1,22,5,30,-8.3,0,0,0,1.4000000000000001,,,,,,,,,,,,,,,,,,,,,,,,,,,,,,,,,,,,
2041,2019,1,22,5,45,-8.3,0,0,0,1.4000000000000001,,,,,,,,,,,,,,,,,,,,,,,,,,,,,,,,,,,,
2042,2019,1,22,6,0,-8.4,0,0,0,1.4000000000000001,,,,,,,,,,,,,,,,,,,,,,,,,,,,,,,,,,,,
2043,2019,1,22,6,15,-8.4,0,0,0,1.4000000000000001,,,,,,,,,,,,,,,,,,,,,,,,,,,,,,,,,,,,
2044,2019,1,22,6,30,-8.4,0,0,0,1.5,,,,,,,,,,,,,,,,,,,,,,,,,,,,,,,,,,,,
2045,2019,1,22,6,45,-8.5,0,0,0,1.5,,,,,,,,,,,,,,,,,,,,,,,,,,,,,,,,,,,,
2046,2019,1,22,7,0,-8.5,0,0,0,1.5,,,,,,,,,,,,,,,,,,,,,,,,,,,,,,,,,,,,
2047,2019,1,22,7,15,-8.4,0,0,0,1.5,,,,,,,,,,,,,,,,,,,,,,,,,,,,,,,,,,,,
2048,2019,1,22,7,30,-8.200000000000001,0,0,0,1.5,,,,,,,,,,,,,,,,,,,,,,,,,,,,,,,,,,,,
2049,2019,1,22,7,45,-8.1,0,0,0,1.6,,,,,,,,,,,,,,,,,,,,,,,,,,,,,,,,,,,,
2050,2019,1,22,8,0,-7.9,0,0,0,1.6,,,,,,,,,,,,,,,,,,,,,,,,,,,,,,,,,,,,
2051,2019,1,22,8,15,-7.4,0,0,0,1.9000000000000001,,,,,,,,,,,,,,,,,,,,,,,,,,,,,,,,,,,,
2052,2019,1,22,8,30,-6.800000000000001,17,258,28,2.1,,,,,,,,,,,,,,,,,,,,,,,,,,,,,,,,,,,,
2053,2019,1,22,8,45,-6.2,25,373,52,2.4000000000000004,,,,,,,,,,,,,,,,,,,,,,,,,,,,,,,,,,,,
2054,2019,1,22,9,0,-5.7,33,459,79,2.6,,,,,,,,,,,,,,,,,,,,,,,,,,,,,,,,,,,,
2055,2019,1,22,9,15,-5.2,44,0,44,2.7,,,,,,,,,,,,,,,,,,,,,,,,,,,,,,,,,,,,
2056,2019,1,22,9,30,-4.800000000000001,44,582,136,2.7,,,,,,,,,,,,,,,,,,,,,,,,,,,,,,,,,,,,
2057,2019,1,22,9,45,-4.4,49,632,164,2.7,,,,,,,,,,,,,,,,,,,,,,,,,,,,,,,,,,,,
2058,2019,1,22,10,0,-4,53,669,190,2.8000000000000003,,,,,,,,,,,,,,,,,,,,,,,,,,,,,,,,,,,,
2059,2019,1,22,10,15,-3.5,56,699,215,2.8000000000000003,,,,,,,,,,,,,,,,,,,,,,,,,,,,,,,,,,,,
2060,2019,1,22,10,30,-3.1,60,724,238,2.9000000000000004,,,,,,,,,,,,,,,,,,,,,,,,,,,,,,,,,,,,
2061,2019,1,22,10,45,-2.6,61,749,259,3,,,,,,,,,,,,,,,,,,,,,,,,,,,,,,,,,,,,
2062,2019,1,22,11,0,-2.1,63,765,277,3.1,,,,,,,,,,,,,,,,,,,,,,,,,,,,,,,,,,,,
2063,2019,1,22,11,15,-1.7000000000000002,65,778,292,3.1,,,,,,,,,,,,,,,,,,,,,,,,,,,,,,,,,,,,
2064,2019,1,22,11,30,-1.4000000000000001,67,789,305,3.2,,,,,,,,,,,,,,,,,,,,,,,,,,,,,,,,,,,,
2065,2019,1,22,11,45,-1.1,67,799,315,3.3000000000000003,,,,,,,,,,,,,,,,,,,,,,,,,,,,,,,,,,,,
2066,2019,1,22,12,0,-0.7000000000000001,68,804,321,3.4000000000000004,,,,,,,,,,,,,,,,,,,,,,,,,,,,,,,,,,,,
2067,2019,1,22,12,15,-0.6000000000000001,68,807,325,3.4000000000000004,,,,,,,,,,,,,,,,,,,,,,,,,,,,,,,,,,,,
2068,2019,1,22,12,30,-0.5,68,808,326,3.4000000000000004,,,,,,,,,,,,,,,,,,,,,,,,,,,,,,,,,,,,
2069,2019,1,22,12,45,-0.4,68,806,323,3.5,,,,,,,,,,,,,,,,,,,,,,,,,,,,,,,,,,,,
2070,2019,1,22,13,0,-0.30000000000000004,67,793,315,3.5,,,,,,,,,,,,,,,,,,,,,,,,,,,,,,,,,,,,
2071,2019,1,22,13,15,-0.30000000000000004,66,787,307,3.5,,,,,,,,,,,,,,,,,,,,,,,,,,,,,,,,,,,,
2072,2019,1,22,13,30,-0.30000000000000004,65,778,295,3.5,,,,,,,,,,,,,,,,,,,,,,,,,,,,,,,,,,,,
2073,2019,1,22,13,45,-0.30000000000000004,64,765,281,3.5,,,,,,,,,,,,,,,,,,,,,,,,,,,,,,,,,,,,
2074,2019,1,22,14,0,-0.4,62,750,265,3.5,,,,,,,,,,,,,,,,,,,,,,,,,,,,,,,,,,,,
2075,2019,1,22,14,15,-0.6000000000000001,59,732,245,3.3000000000000003,,,,,,,,,,,,,,,,,,,,,,,,,,,,,,,,,,,,
2076,2019,1,22,14,30,-0.9,56,709,223,3.1,,,,,,,,,,,,,,,,,,,,,,,,,,,,,,,,,,,,
2077,2019,1,22,14,45,-1.1,53,679,199,2.8000000000000003,,,,,,,,,,,,,,,,,,,,,,,,,,,,,,,,,,,,
2078,2019,1,22,15,0,-1.4000000000000001,39,0,39,2.6,,,,,,,,,,,,,,,,,,,,,,,,,,,,,,,,,,,,
2079,2019,1,22,15,15,-2,32,0,32,2.4000000000000004,,,,,,,,,,,,,,,,,,,,,,,,,,,,,,,,,,,,
2080,2019,1,22,15,30,-2.5,26,0,26,2.2,,,,,,,,,,,,,,,,,,,,,,,,,,,,,,,,,,,,
2081,2019,1,22,15,45,-3.1,20,0,20,2,,,,,,,,,,,,,,,,,,,,,,,,,,,,,,,,,,,,
2082,2019,1,22,16,0,-3.7,15,0,15,1.8,,,,,,,,,,,,,,,,,,,,,,,,,,,,,,,,,,,,
2083,2019,1,22,16,15,-3.9000000000000004,9,0,9,1.9000000000000001,,,,,,,,,,,,,,,,,,,,,,,,,,,,,,,,,,,,
2084,2019,1,22,16,30,-4.2,12,194,17,1.9000000000000001,,,,,,,,,,,,,,,,,,,,,,,,,,,,,,,,,,,,
2085,2019,1,22,16,45,-4.4,0,0,0,2,,,,,,,,,,,,,,,,,,,,,,,,,,,,,,,,,,,,
2086,2019,1,22,17,0,-4.6000000000000005,0,0,0,2,,,,,,,,,,,,,,,,,,,,,,,,,,,,,,,,,,,,
2087,2019,1,22,17,15,-4.800000000000001,0,0,0,2.1,,,,,,,,,,,,,,,,,,,,,,,,,,,,,,,,,,,,
2088,2019,1,22,17,30,-4.9,0,0,0,2.1,,,,,,,,,,,,,,,,,,,,,,,,,,,,,,,,,,,,
2089,2019,1,22,17,45,-5,0,0,0,2.1,,,,,,,,,,,,,,,,,,,,,,,,,,,,,,,,,,,,
2090,2019,1,22,18,0,-5.1000000000000005,0,0,0,2.2,,,,,,,,,,,,,,,,,,,,,,,,,,,,,,,,,,,,
2091,2019,1,22,18,15,-5.300000000000001,0,0,0,2.2,,,,,,,,,,,,,,,,,,,,,,,,,,,,,,,,,,,,
2092,2019,1,22,18,30,-5.4,0,0,0,2.2,,,,,,,,,,,,,,,,,,,,,,,,,,,,,,,,,,,,
2093,2019,1,22,18,45,-5.5,0,0,0,2.2,,,,,,,,,,,,,,,,,,,,,,,,,,,,,,,,,,,,
2094,2019,1,22,19,0,-5.6000000000000005,0,0,0,2.2,,,,,,,,,,,,,,,,,,,,,,,,,,,,,,,,,,,,
2095,2019,1,22,19,15,-5.7,0,0,0,2.2,,,,,,,,,,,,,,,,,,,,,,,,,,,,,,,,,,,,
2096,2019,1,22,19,30,-5.800000000000001,0,0,0,2.2,,,,,,,,,,,,,,,,,,,,,,,,,,,,,,,,,,,,
2097,2019,1,22,19,45,-5.9,0,0,0,2.1,,,,,,,,,,,,,,,,,,,,,,,,,,,,,,,,,,,,
2098,2019,1,22,20,0,-6.1000000000000005,0,0,0,2.1,,,,,,,,,,,,,,,,,,,,,,,,,,,,,,,,,,,,
2099,2019,1,22,20,15,-6.2,0,0,0,2.1,,,,,,,,,,,,,,,,,,,,,,,,,,,,,,,,,,,,
2100,2019,1,22,20,30,-6.300000000000001,0,0,0,2.1,,,,,,,,,,,,,,,,,,,,,,,,,,,,,,,,,,,,
2101,2019,1,22,20,45,-6.4,0,0,0,2.1,,,,,,,,,,,,,,,,,,,,,,,,,,,,,,,,,,,,
2102,2019,1,22,21,0,-6.5,0,0,0,2.1,,,,,,,,,,,,,,,,,,,,,,,,,,,,,,,,,,,,
2103,2019,1,22,21,15,-6.6000000000000005,0,0,0,2,,,,,,,,,,,,,,,,,,,,,,,,,,,,,,,,,,,,
2104,2019,1,22,21,30,-6.7,0,0,0,2,,,,,,,,,,,,,,,,,,,,,,,,,,,,,,,,,,,,
2105,2019,1,22,21,45,-6.800000000000001,0,0,0,2,,,,,,,,,,,,,,,,,,,,,,,,,,,,,,,,,,,,
2106,2019,1,22,22,0,-6.9,0,0,0,2,,,,,,,,,,,,,,,,,,,,,,,,,,,,,,,,,,,,
2107,2019,1,22,22,15,-7,0,0,0,2,,,,,,,,,,,,,,,,,,,,,,,,,,,,,,,,,,,,
2108,2019,1,22,22,30,-7.1000000000000005,0,0,0,2,,,,,,,,,,,,,,,,,,,,,,,,,,,,,,,,,,,,
2109,2019,1,22,22,45,-7.2,0,0,0,1.9000000000000001,,,,,,,,,,,,,,,,,,,,,,,,,,,,,,,,,,,,
2110,2019,1,22,23,0,-7.2,0,0,0,1.9000000000000001,,,,,,,,,,,,,,,,,,,,,,,,,,,,,,,,,,,,
2111,2019,1,22,23,15,-7.300000000000001,0,0,0,1.9000000000000001,,,,,,,,,,,,,,,,,,,,,,,,,,,,,,,,,,,,
2112,2019,1,22,23,30,-7.4,0,0,0,1.9000000000000001,,,,,,,,,,,,,,,,,,,,,,,,,,,,,,,,,,,,
2113,2019,1,22,23,45,-7.5,0,0,0,1.9000000000000001,,,,,,,,,,,,,,,,,,,,,,,,,,,,,,,,,,,,
2114,2019,1,23,0,0,-7.5,0,0,0,1.9000000000000001,,,,,,,,,,,,,,,,,,,,,,,,,,,,,,,,,,,,
2115,2019,1,23,0,15,-7.5,0,0,0,1.9000000000000001,,,,,,,,,,,,,,,,,,,,,,,,,,,,,,,,,,,,
2116,2019,1,23,0,30,-7.5,0,0,0,1.9000000000000001,,,,,,,,,,,,,,,,,,,,,,,,,,,,,,,,,,,,
2117,2019,1,23,0,45,-7.5,0,0,0,1.9000000000000001,,,,,,,,,,,,,,,,,,,,,,,,,,,,,,,,,,,,
2118,2019,1,23,1,0,-7.9,0,0,0,1.8,,,,,,,,,,,,,,,,,,,,,,,,,,,,,,,,,,,,
2119,2019,1,23,1,15,-7.9,0,0,0,1.8,,,,,,,,,,,,,,,,,,,,,,,,,,,,,,,,,,,,
2120,2019,1,23,1,30,-8,0,0,0,1.8,,,,,,,,,,,,,,,,,,,,,,,,,,,,,,,,,,,,
2121,2019,1,23,1,45,-8.1,0,0,0,1.8,,,,,,,,,,,,,,,,,,,,,,,,,,,,,,,,,,,,
2122,2019,1,23,2,0,-8.200000000000001,0,0,0,1.7000000000000002,,,,,,,,,,,,,,,,,,,,,,,,,,,,,,,,,,,,
2123,2019,1,23,2,15,-8.3,0,0,0,1.7000000000000002,,,,,,,,,,,,,,,,,,,,,,,,,,,,,,,,,,,,
2124,2019,1,23,2,30,-8.4,0,0,0,1.7000000000000002,,,,,,,,,,,,,,,,,,,,,,,,,,,,,,,,,,,,
2125,2019,1,23,2,45,-8.5,0,0,0,1.7000000000000002,,,,,,,,,,,,,,,,,,,,,,,,,,,,,,,,,,,,
2126,2019,1,23,3,0,-8.6,0,0,0,1.7000000000000002,,,,,,,,,,,,,,,,,,,,,,,,,,,,,,,,,,,,
2127,2019,1,23,3,15,-8.700000000000001,0,0,0,1.7000000000000002,,,,,,,,,,,,,,,,,,,,,,,,,,,,,,,,,,,,
2128,2019,1,23,3,30,-8.8,0,0,0,1.7000000000000002,,,,,,,,,,,,,,,,,,,,,,,,,,,,,,,,,,,,
2129,2019,1,23,3,45,-8.8,0,0,0,1.7000000000000002,,,,,,,,,,,,,,,,,,,,,,,,,,,,,,,,,,,,
2130,2019,1,23,4,0,-8.9,0,0,0,1.6,,,,,,,,,,,,,,,,,,,,,,,,,,,,,,,,,,,,
2131,2019,1,23,4,15,-8.9,0,0,0,1.6,,,,,,,,,,,,,,,,,,,,,,,,,,,,,,,,,,,,
2132,2019,1,23,4,30,-8.9,0,0,0,1.7000000000000002,,,,,,,,,,,,,,,,,,,,,,,,,,,,,,,,,,,,
2133,2019,1,23,4,45,-8.9,0,0,0,1.7000000000000002,,,,,,,,,,,,,,,,,,,,,,,,,,,,,,,,,,,,
2134,2019,1,23,5,0,-9,0,0,0,1.7000000000000002,,,,,,,,,,,,,,,,,,,,,,,,,,,,,,,,,,,,
2135,2019,1,23,5,15,-8.9,0,0,0,1.7000000000000002,,,,,,,,,,,,,,,,,,,,,,,,,,,,,,,,,,,,
2136,2019,1,23,5,30,-8.9,0,0,0,1.8,,,,,,,,,,,,,,,,,,,,,,,,,,,,,,,,,,,,
2137,2019,1,23,5,45,-8.9,0,0,0,1.9000000000000001,,,,,,,,,,,,,,,,,,,,,,,,,,,,,,,,,,,,
2138,2019,1,23,6,0,-8.8,0,0,0,1.9000000000000001,,,,,,,,,,,,,,,,,,,,,,,,,,,,,,,,,,,,
2139,2019,1,23,6,15,-8.8,0,0,0,2,,,,,,,,,,,,,,,,,,,,,,,,,,,,,,,,,,,,
2140,2019,1,23,6,30,-8.700000000000001,0,0,0,2,,,,,,,,,,,,,,,,,,,,,,,,,,,,,,,,,,,,
2141,2019,1,23,6,45,-8.700000000000001,0,0,0,2.1,,,,,,,,,,,,,,,,,,,,,,,,,,,,,,,,,,,,
2142,2019,1,23,7,0,-8.6,0,0,0,2.1,,,,,,,,,,,,,,,,,,,,,,,,,,,,,,,,,,,,
2143,2019,1,23,7,15,-8.5,0,0,0,2.2,,,,,,,,,,,,,,,,,,,,,,,,,,,,,,,,,,,,
2144,2019,1,23,7,30,-8.4,0,0,0,2.3000000000000003,,,,,,,,,,,,,,,,,,,,,,,,,,,,,,,,,,,,
2145,2019,1,23,7,45,-8.4,0,0,0,2.3000000000000003,,,,,,,,,,,,,,,,,,,,,,,,,,,,,,,,,,,,
2146,2019,1,23,8,0,-8.3,0,0,0,2.4000000000000004,,,,,,,,,,,,,,,,,,,,,,,,,,,,,,,,,,,,
2147,2019,1,23,8,15,-8,0,0,0,2.5,,,,,,,,,,,,,,,,,,,,,,,,,,,,,,,,,,,,
2148,2019,1,23,8,30,-7.6000000000000005,7,0,7,2.6,,,,,,,,,,,,,,,,,,,,,,,,,,,,,,,,,,,,
2149,2019,1,23,8,45,-7.300000000000001,9,0,9,2.7,,,,,,,,,,,,,,,,,,,,,,,,,,,,,,,,,,,,
2150,2019,1,23,9,0,-7,10,0,10,2.8000000000000003,,,,,,,,,,,,,,,,,,,,,,,,,,,,,,,,,,,,
2151,2019,1,23,9,15,-6.6000000000000005,25,0,25,2.9000000000000004,,,,,,,,,,,,,,,,,,,,,,,,,,,,,,,,,,,,
2152,2019,1,23,9,30,-6.2,32,0,32,2.9000000000000004,,,,,,,,,,,,,,,,,,,,,,,,,,,,,,,,,,,,
2153,2019,1,23,9,45,-5.800000000000001,39,0,39,3,,,,,,,,,,,,,,,,,,,,,,,,,,,,,,,,,,,,
2154,2019,1,23,10,0,-5.5,46,0,46,3,,,,,,,,,,,,,,,,,,,,,,,,,,,,,,,,,,,,
2155,2019,1,23,10,15,-5.1000000000000005,52,0,52,3,,,,,,,,,,,,,,,,,,,,,,,,,,,,,,,,,,,,
2156,2019,1,23,10,30,-4.800000000000001,59,0,59,3.1,,,,,,,,,,,,,,,,,,,,,,,,,,,,,,,,,,,,
2157,2019,1,23,10,45,-4.5,20,0,20,3.1,,,,,,,,,,,,,,,,,,,,,,,,,,,,,,,,,,,,
2158,2019,1,23,11,0,-4.2,21,0,21,3.1,,,,,,,,,,,,,,,,,,,,,,,,,,,,,,,,,,,,
2159,2019,1,23,11,15,-3.9000000000000004,43,0,43,3.2,,,,,,,,,,,,,,,,,,,,,,,,,,,,,,,,,,,,
2160,2019,1,23,11,30,-3.7,53,0,53,3.2,,,,,,,,,,,,,,,,,,,,,,,,,,,,,,,,,,,,
2161,2019,1,23,11,45,-3.5,39,0,39,3.2,,,,,,,,,,,,,,,,,,,,,,,,,,,,,,,,,,,,
2162,2019,1,23,12,0,-3.3000000000000003,84,0,84,3.3000000000000003,,,,,,,,,,,,,,,,,,,,,,,,,,,,,,,,,,,,
2163,2019,1,23,12,15,-3.2,44,0,44,3.3000000000000003,,,,,,,,,,,,,,,,,,,,,,,,,,,,,,,,,,,,
2164,2019,1,23,12,30,-3,66,0,66,3.3000000000000003,,,,,,,,,,,,,,,,,,,,,,,,,,,,,,,,,,,,
2165,2019,1,23,12,45,-2.9000000000000004,61,0,61,3.4000000000000004,,,,,,,,,,,,,,,,,,,,,,,,,,,,,,,,,,,,
2166,2019,1,23,13,0,-2.8000000000000003,24,0,24,3.4000000000000004,,,,,,,,,,,,,,,,,,,,,,,,,,,,,,,,,,,,
2167,2019,1,23,13,15,-2.7,28,0,28,3.5,,,,,,,,,,,,,,,,,,,,,,,,,,,,,,,,,,,,
2168,2019,1,23,13,30,-2.7,27,0,27,3.5,,,,,,,,,,,,,,,,,,,,,,,,,,,,,,,,,,,,
2169,2019,1,23,13,45,-2.7,26,0,26,3.5,,,,,,,,,,,,,,,,,,,,,,,,,,,,,,,,,,,,
2170,2019,1,23,14,0,-2.7,24,0,24,3.5,,,,,,,,,,,,,,,,,,,,,,,,,,,,,,,,,,,,
2171,2019,1,23,14,15,-2.8000000000000003,22,0,22,3.4000000000000004,,,,,,,,,,,,,,,,,,,,,,,,,,,,,,,,,,,,
2172,2019,1,23,14,30,-3,20,0,20,3.3000000000000003,,,,,,,,,,,,,,,,,,,,,,,,,,,,,,,,,,,,
2173,2019,1,23,14,45,-3.2,19,0,19,3.2,,,,,,,,,,,,,,,,,,,,,,,,,,,,,,,,,,,,
2174,2019,1,23,15,0,-3.3000000000000003,17,0,17,3.1,,,,,,,,,,,,,,,,,,,,,,,,,,,,,,,,,,,,
2175,2019,1,23,15,15,-3.8000000000000003,15,0,15,2.8000000000000003,,,,,,,,,,,,,,,,,,,,,,,,,,,,,,,,,,,,
2176,2019,1,23,15,30,-4.2,14,0,14,2.5,,,,,,,,,,,,,,,,,,,,,,,,,,,,,,,,,,,,
2177,2019,1,23,15,45,-4.6000000000000005,22,0,22,2.3000000000000003,,,,,,,,,,,,,,,,,,,,,,,,,,,,,,,,,,,,
2178,2019,1,23,16,0,-5.1000000000000005,16,0,16,2,,,,,,,,,,,,,,,,,,,,,,,,,,,,,,,,,,,,
2179,2019,1,23,16,15,-5.300000000000001,11,0,11,2.1,,,,,,,,,,,,,,,,,,,,,,,,,,,,,,,,,,,,
2180,2019,1,23,16,30,-5.4,5,0,5,2.2,,,,,,,,,,,,,,,,,,,,,,,,,,,,,,,,,,,,
2181,2019,1,23,16,45,-5.6000000000000005,0,0,0,2.3000000000000003,,,,,,,,,,,,,,,,,,,,,,,,,,,,,,,,,,,,
2182,2019,1,23,17,0,-5.800000000000001,0,0,0,2.4000000000000004,,,,,,,,,,,,,,,,,,,,,,,,,,,,,,,,,,,,
2183,2019,1,23,17,15,-6,0,0,0,2.4000000000000004,,,,,,,,,,,,,,,,,,,,,,,,,,,,,,,,,,,,
2184,2019,1,23,17,30,-6.1000000000000005,0,0,0,2.5,,,,,,,,,,,,,,,,,,,,,,,,,,,,,,,,,,,,
2185,2019,1,23,17,45,-6.300000000000001,0,0,0,2.5,,,,,,,,,,,,,,,,,,,,,,,,,,,,,,,,,,,,
2186,2019,1,23,18,0,-6.4,0,0,0,2.6,,,,,,,,,,,,,,,,,,,,,,,,,,,,,,,,,,,,
2187,2019,1,23,18,15,-6.6000000000000005,0,0,0,2.6,,,,,,,,,,,,,,,,,,,,,,,,,,,,,,,,,,,,
2188,2019,1,23,18,30,-6.800000000000001,0,0,0,2.6,,,,,,,,,,,,,,,,,,,,,,,,,,,,,,,,,,,,
2189,2019,1,23,18,45,-7,0,0,0,2.6,,,,,,,,,,,,,,,,,,,,,,,,,,,,,,,,,,,,
2190,2019,1,23,19,0,-7.1000000000000005,0,0,0,2.6,,,,,,,,,,,,,,,,,,,,,,,,,,,,,,,,,,,,
2191,2019,1,23,19,15,-7.300000000000001,0,0,0,2.6,,,,,,,,,,,,,,,,,,,,,,,,,,,,,,,,,,,,
2192,2019,1,23,19,30,-7.4,0,0,0,2.6,,,,,,,,,,,,,,,,,,,,,,,,,,,,,,,,,,,,
2193,2019,1,23,19,45,-7.6000000000000005,0,0,0,2.6,,,,,,,,,,,,,,,,,,,,,,,,,,,,,,,,,,,,
2194,2019,1,23,20,0,-7.7,0,0,0,2.6,,,,,,,,,,,,,,,,,,,,,,,,,,,,,,,,,,,,
2195,2019,1,23,20,15,-7.800000000000001,0,0,0,2.7,,,,,,,,,,,,,,,,,,,,,,,,,,,,,,,,,,,,
2196,2019,1,23,20,30,-7.800000000000001,0,0,0,2.7,,,,,,,,,,,,,,,,,,,,,,,,,,,,,,,,,,,,
2197,2019,1,23,20,45,-7.9,0,0,0,2.8000000000000003,,,,,,,,,,,,,,,,,,,,,,,,,,,,,,,,,,,,
2198,2019,1,23,21,0,-7.9,0,0,0,2.9000000000000004,,,,,,,,,,,,,,,,,,,,,,,,,,,,,,,,,,,,
2199,2019,1,23,21,15,-8,0,0,0,2.9000000000000004,,,,,,,,,,,,,,,,,,,,,,,,,,,,,,,,,,,,
2200,2019,1,23,21,30,-8,0,0,0,2.9000000000000004,,,,,,,,,,,,,,,,,,,,,,,,,,,,,,,,,,,,
2201,2019,1,23,21,45,-8.1,0,0,0,2.8000000000000003,,,,,,,,,,,,,,,,,,,,,,,,,,,,,,,,,,,,
2202,2019,1,23,22,0,-8.1,0,0,0,2.8000000000000003,,,,,,,,,,,,,,,,,,,,,,,,,,,,,,,,,,,,
2203,2019,1,23,22,15,-8.1,0,0,0,2.8000000000000003,,,,,,,,,,,,,,,,,,,,,,,,,,,,,,,,,,,,
2204,2019,1,23,22,30,-8.200000000000001,0,0,0,2.7,,,,,,,,,,,,,,,,,,,,,,,,,,,,,,,,,,,,
2205,2019,1,23,22,45,-8.200000000000001,0,0,0,2.7,,,,,,,,,,,,,,,,,,,,,,,,,,,,,,,,,,,,
2206,2019,1,23,23,0,-8.200000000000001,0,0,0,2.6,,,,,,,,,,,,,,,,,,,,,,,,,,,,,,,,,,,,
2207,2019,1,23,23,15,-8.3,0,0,0,2.6,,,,,,,,,,,,,,,,,,,,,,,,,,,,,,,,,,,,
2208,2019,1,23,23,30,-8.3,0,0,0,2.6,,,,,,,,,,,,,,,,,,,,,,,,,,,,,,,,,,,,
2209,2019,1,23,23,45,-8.3,0,0,0,2.6,,,,,,,,,,,,,,,,,,,,,,,,,,,,,,,,,,,,
2210,2019,1,24,0,0,-8.4,0,0,0,2.5,,,,,,,,,,,,,,,,,,,,,,,,,,,,,,,,,,,,
2211,2019,1,24,0,15,-8.4,0,0,0,2.5,,,,,,,,,,,,,,,,,,,,,,,,,,,,,,,,,,,,
2212,2019,1,24,0,30,-8.4,0,0,0,2.5,,,,,,,,,,,,,,,,,,,,,,,,,,,,,,,,,,,,
2213,2019,1,24,0,45,-8.4,0,0,0,2.5,,,,,,,,,,,,,,,,,,,,,,,,,,,,,,,,,,,,
2214,2019,1,24,1,0,-8.4,0,0,0,2.5,,,,,,,,,,,,,,,,,,,,,,,,,,,,,,,,,,,,
2215,2019,1,24,1,15,-8.4,0,0,0,2.5,,,,,,,,,,,,,,,,,,,,,,,,,,,,,,,,,,,,
2216,2019,1,24,1,30,-8.4,0,0,0,2.4000000000000004,,,,,,,,,,,,,,,,,,,,,,,,,,,,,,,,,,,,
2217,2019,1,24,1,45,-8.4,0,0,0,2.4000000000000004,,,,,,,,,,,,,,,,,,,,,,,,,,,,,,,,,,,,
2218,2019,1,24,2,0,-8.4,0,0,0,2.3000000000000003,,,,,,,,,,,,,,,,,,,,,,,,,,,,,,,,,,,,
2219,2019,1,24,2,15,-8.4,0,0,0,2.3000000000000003,,,,,,,,,,,,,,,,,,,,,,,,,,,,,,,,,,,,
2220,2019,1,24,2,30,-8.4,0,0,0,2.2,,,,,,,,,,,,,,,,,,,,,,,,,,,,,,,,,,,,
2221,2019,1,24,2,45,-8.3,0,0,0,2.2,,,,,,,,,,,,,,,,,,,,,,,,,,,,,,,,,,,,
2222,2019,1,24,3,0,-8.3,0,0,0,2.1,,,,,,,,,,,,,,,,,,,,,,,,,,,,,,,,,,,,
2223,2019,1,24,3,15,-8.3,0,0,0,2.1,,,,,,,,,,,,,,,,,,,,,,,,,,,,,,,,,,,,
2224,2019,1,24,3,30,-8.200000000000001,0,0,0,2,,,,,,,,,,,,,,,,,,,,,,,,,,,,,,,,,,,,
2225,2019,1,24,3,45,-8.1,0,0,0,2,,,,,,,,,,,,,,,,,,,,,,,,,,,,,,,,,,,,
2226,2019,1,24,4,0,-8.1,0,0,0,1.9000000000000001,,,,,,,,,,,,,,,,,,,,,,,,,,,,,,,,,,,,
2227,2019,1,24,4,15,-8,0,0,0,1.9000000000000001,,,,,,,,,,,,,,,,,,,,,,,,,,,,,,,,,,,,
2228,2019,1,24,4,30,-7.9,0,0,0,1.8,,,,,,,,,,,,,,,,,,,,,,,,,,,,,,,,,,,,
2229,2019,1,24,4,45,-7.800000000000001,0,0,0,1.8,,,,,,,,,,,,,,,,,,,,,,,,,,,,,,,,,,,,
2230,2019,1,24,5,0,-7.7,0,0,0,1.7000000000000002,,,,,,,,,,,,,,,,,,,,,,,,,,,,,,,,,,,,
2231,2019,1,24,5,15,-7.7,0,0,0,1.7000000000000002,,,,,,,,,,,,,,,,,,,,,,,,,,,,,,,,,,,,
2232,2019,1,24,5,30,-7.7,0,0,0,1.7000000000000002,,,,,,,,,,,,,,,,,,,,,,,,,,,,,,,,,,,,
2233,2019,1,24,5,45,-7.6000000000000005,0,0,0,1.6,,,,,,,,,,,,,,,,,,,,,,,,,,,,,,,,,,,,
2234,2019,1,24,6,0,-7.6000000000000005,0,0,0,1.6,,,,,,,,,,,,,,,,,,,,,,,,,,,,,,,,,,,,
2235,2019,1,24,6,15,-7.5,0,0,0,1.6,,,,,,,,,,,,,,,,,,,,,,,,,,,,,,,,,,,,
2236,2019,1,24,6,30,-7.4,0,0,0,1.6,,,,,,,,,,,,,,,,,,,,,,,,,,,,,,,,,,,,
2237,2019,1,24,6,45,-7.4,0,0,0,1.7000000000000002,,,,,,,,,,,,,,,,,,,,,,,,,,,,,,,,,,,,
2238,2019,1,24,7,0,-7.300000000000001,0,0,0,1.7000000000000002,,,,,,,,,,,,,,,,,,,,,,,,,,,,,,,,,,,,
2239,2019,1,24,7,15,-7.2,0,0,0,1.8,,,,,,,,,,,,,,,,,,,,,,,,,,,,,,,,,,,,
2240,2019,1,24,7,30,-7,0,0,0,1.9000000000000001,,,,,,,,,,,,,,,,,,,,,,,,,,,,,,,,,,,,
2241,2019,1,24,7,45,-6.800000000000001,0,0,0,2,,,,,,,,,,,,,,,,,,,,,,,,,,,,,,,,,,,,
2242,2019,1,24,8,0,-6.6000000000000005,0,0,0,2.1,,,,,,,,,,,,,,,,,,,,,,,,,,,,,,,,,,,,
2243,2019,1,24,8,15,-6.300000000000001,0,0,0,2.3000000000000003,,,,,,,,,,,,,,,,,,,,,,,,,,,,,,,,,,,,
2244,2019,1,24,8,30,-5.9,6,0,6,2.4000000000000004,,,,,,,,,,,,,,,,,,,,,,,,,,,,,,,,,,,,
2245,2019,1,24,8,45,-5.5,9,0,9,2.6,,,,,,,,,,,,,,,,,,,,,,,,,,,,,,,,,,,,
2246,2019,1,24,9,0,-5.1000000000000005,12,0,12,2.7,,,,,,,,,,,,,,,,,,,,,,,,,,,,,,,,,,,,
2247,2019,1,24,9,15,-4.7,15,0,15,2.8000000000000003,,,,,,,,,,,,,,,,,,,,,,,,,,,,,,,,,,,,
2248,2019,1,24,9,30,-4.4,18,0,18,2.8000000000000003,,,,,,,,,,,,,,,,,,,,,,,,,,,,,,,,,,,,
2249,2019,1,24,9,45,-4,22,0,22,2.9000000000000004,,,,,,,,,,,,,,,,,,,,,,,,,,,,,,,,,,,,
2250,2019,1,24,10,0,-3.6,25,0,25,2.9000000000000004,,,,,,,,,,,,,,,,,,,,,,,,,,,,,,,,,,,,
2251,2019,1,24,10,15,-3.4000000000000004,29,0,29,2.9000000000000004,,,,,,,,,,,,,,,,,,,,,,,,,,,,,,,,,,,,
2252,2019,1,24,10,30,-3.3000000000000003,31,0,31,2.8000000000000003,,,,,,,,,,,,,,,,,,,,,,,,,,,,,,,,,,,,
2253,2019,1,24,10,45,-3.1,34,0,34,2.8000000000000003,,,,,,,,,,,,,,,,,,,,,,,,,,,,,,,,,,,,
2254,2019,1,24,11,0,-2.9000000000000004,37,0,37,2.7,,,,,,,,,,,,,,,,,,,,,,,,,,,,,,,,,,,,
2255,2019,1,24,11,15,-2.8000000000000003,40,0,40,2.6,,,,,,,,,,,,,,,,,,,,,,,,,,,,,,,,,,,,
2256,2019,1,24,11,30,-2.7,42,0,42,2.5,,,,,,,,,,,,,,,,,,,,,,,,,,,,,,,,,,,,
2257,2019,1,24,11,45,-2.6,43,0,43,2.4000000000000004,,,,,,,,,,,,,,,,,,,,,,,,,,,,,,,,,,,,
2258,2019,1,24,12,0,-2.5,44,0,44,2.3000000000000003,,,,,,,,,,,,,,,,,,,,,,,,,,,,,,,,,,,,
2259,2019,1,24,12,15,-2.4000000000000004,45,0,45,2.2,,,,,,,,,,,,,,,,,,,,,,,,,,,,,,,,,,,,
2260,2019,1,24,12,30,-2.4000000000000004,45,0,45,2.1,,,,,,,,,,,,,,,,,,,,,,,,,,,,,,,,,,,,
2261,2019,1,24,12,45,-2.3000000000000003,45,0,45,2.1,,,,,,,,,,,,,,,,,,,,,,,,,,,,,,,,,,,,
2262,2019,1,24,13,0,-2.3000000000000003,44,0,44,2,,,,,,,,,,,,,,,,,,,,,,,,,,,,,,,,,,,,
2263,2019,1,24,13,15,-2.3000000000000003,42,0,42,1.9000000000000001,,,,,,,,,,,,,,,,,,,,,,,,,,,,,,,,,,,,
2264,2019,1,24,13,30,-2.4000000000000004,41,0,41,1.9000000000000001,,,,,,,,,,,,,,,,,,,,,,,,,,,,,,,,,,,,
2265,2019,1,24,13,45,-2.4000000000000004,38,0,38,1.8,,,,,,,,,,,,,,,,,,,,,,,,,,,,,,,,,,,,
2266,2019,1,24,14,0,-2.5,35,0,35,1.8,,,,,,,,,,,,,,,,,,,,,,,,,,,,,,,,,,,,
2267,2019,1,24,14,15,-2.6,32,0,32,1.8,,,,,,,,,,,,,,,,,,,,,,,,,,,,,,,,,,,,
2268,2019,1,24,14,30,-2.7,29,0,29,1.7000000000000002,,,,,,,,,,,,,,,,,,,,,,,,,,,,,,,,,,,,
2269,2019,1,24,14,45,-2.8000000000000003,26,0,26,1.7000000000000002,,,,,,,,,,,,,,,,,,,,,,,,,,,,,,,,,,,,
2270,2019,1,24,15,0,-3,23,0,23,1.7000000000000002,,,,,,,,,,,,,,,,,,,,,,,,,,,,,,,,,,,,
2271,2019,1,24,15,15,-3.2,19,0,19,1.5,,,,,,,,,,,,,,,,,,,,,,,,,,,,,,,,,,,,
2272,2019,1,24,15,30,-3.4000000000000004,16,0,16,1.4000000000000001,,,,,,,,,,,,,,,,,,,,,,,,,,,,,,,,,,,,
2273,2019,1,24,15,45,-3.6,13,0,13,1.2000000000000002,,,,,,,,,,,,,,,,,,,,,,,,,,,,,,,,,,,,
2274,2019,1,24,16,0,-3.9000000000000004,10,0,10,1.1,,,,,,,,,,,,,,,,,,,,,,,,,,,,,,,,,,,,
2275,2019,1,24,16,15,-4,7,0,7,1.1,,,,,,,,,,,,,,,,,,,,,,,,,,,,,,,,,,,,
2276,2019,1,24,16,30,-4.1000000000000005,4,0,4,1.1,,,,,,,,,,,,,,,,,,,,,,,,,,,,,,,,,,,,
2277,2019,1,24,16,45,-4.3,0,0,0,1.1,,,,,,,,,,,,,,,,,,,,,,,,,,,,,,,,,,,,
2278,2019,1,24,17,0,-4.4,0,0,0,1.1,,,,,,,,,,,,,,,,,,,,,,,,,,,,,,,,,,,,
2279,2019,1,24,17,15,-4.5,0,0,0,1.1,,,,,,,,,,,,,,,,,,,,,,,,,,,,,,,,,,,,
2280,2019,1,24,17,30,-4.6000000000000005,0,0,0,1.1,,,,,,,,,,,,,,,,,,,,,,,,,,,,,,,,,,,,
2281,2019,1,24,17,45,-4.7,0,0,0,1.1,,,,,,,,,,,,,,,,,,,,,,,,,,,,,,,,,,,,
2282,2019,1,24,18,0,-4.800000000000001,0,0,0,1.2000000000000002,,,,,,,,,,,,,,,,,,,,,,,,,,,,,,,,,,,,
2283,2019,1,24,18,15,-4.9,0,0,0,1.1,,,,,,,,,,,,,,,,,,,,,,,,,,,,,,,,,,,,
2284,2019,1,24,18,30,-5,0,0,0,1.1,,,,,,,,,,,,,,,,,,,,,,,,,,,,,,,,,,,,
2285,2019,1,24,18,45,-5.1000000000000005,0,0,0,1.1,,,,,,,,,,,,,,,,,,,,,,,,,,,,,,,,,,,,
2286,2019,1,24,19,0,-5.2,0,0,0,1.1,,,,,,,,,,,,,,,,,,,,,,,,,,,,,,,,,,,,
2287,2019,1,24,19,15,-5.300000000000001,0,0,0,1.1,,,,,,,,,,,,,,,,,,,,,,,,,,,,,,,,,,,,
2288,2019,1,24,19,30,-5.4,0,0,0,1.1,,,,,,,,,,,,,,,,,,,,,,,,,,,,,,,,,,,,
2289,2019,1,24,19,45,-5.5,0,0,0,1,,,,,,,,,,,,,,,,,,,,,,,,,,,,,,,,,,,,
2290,2019,1,24,20,0,-5.6000000000000005,0,0,0,1,,,,,,,,,,,,,,,,,,,,,,,,,,,,,,,,,,,,
2291,2019,1,24,20,15,-5.6000000000000005,0,0,0,1,,,,,,,,,,,,,,,,,,,,,,,,,,,,,,,,,,,,
2292,2019,1,24,20,30,-5.7,0,0,0,0.9,,,,,,,,,,,,,,,,,,,,,,,,,,,,,,,,,,,,
2293,2019,1,24,20,45,-5.800000000000001,0,0,0,0.9,,,,,,,,,,,,,,,,,,,,,,,,,,,,,,,,,,,,
2294,2019,1,24,21,0,-5.9,0,0,0,0.9,,,,,,,,,,,,,,,,,,,,,,,,,,,,,,,,,,,,
2295,2019,1,24,21,15,-6,0,0,0,0.9,,,,,,,,,,,,,,,,,,,,,,,,,,,,,,,,,,,,
2296,2019,1,24,21,30,-6,0,0,0,0.8,,,,,,,,,,,,,,,,,,,,,,,,,,,,,,,,,,,,
2297,2019,1,24,21,45,-6.1000000000000005,0,0,0,0.8,,,,,,,,,,,,,,,,,,,,,,,,,,,,,,,,,,,,
2298,2019,1,24,22,0,-6.2,0,0,0,0.8,,,,,,,,,,,,,,,,,,,,,,,,,,,,,,,,,,,,
2299,2019,1,24,22,15,-6.2,0,0,0,0.8,,,,,,,,,,,,,,,,,,,,,,,,,,,,,,,,,,,,
2300,2019,1,24,22,30,-6.2,0,0,0,0.8,,,,,,,,,,,,,,,,,,,,,,,,,,,,,,,,,,,,
2301,2019,1,24,22,45,-6.300000000000001,0,0,0,0.7000000000000001,,,,,,,,,,,,,,,,,,,,,,,,,,,,,,,,,,,,
2302,2019,1,24,23,0,-6.300000000000001,0,0,0,0.7000000000000001,,,,,,,,,,,,,,,,,,,,,,,,,,,,,,,,,,,,
2303,2019,1,24,23,15,-6.300000000000001,0,0,0,0.7000000000000001,,,,,,,,,,,,,,,,,,,,,,,,,,,,,,,,,,,,
2304,2019,1,24,23,30,-6.300000000000001,0,0,0,0.7000000000000001,,,,,,,,,,,,,,,,,,,,,,,,,,,,,,,,,,,,
2305,2019,1,24,23,45,-6.300000000000001,0,0,0,0.6000000000000001,,,,,,,,,,,,,,,,,,,,,,,,,,,,,,,,,,,,
2306,2019,1,25,0,0,-6.300000000000001,0,0,0,0.6000000000000001,,,,,,,,,,,,,,,,,,,,,,,,,,,,,,,,,,,,
2307,2019,1,25,0,15,-6.300000000000001,0,0,0,0.6000000000000001,,,,,,,,,,,,,,,,,,,,,,,,,,,,,,,,,,,,
2308,2019,1,25,0,30,-6.300000000000001,0,0,0,0.6000000000000001,,,,,,,,,,,,,,,,,,,,,,,,,,,,,,,,,,,,
2309,2019,1,25,0,45,-6.300000000000001,0,0,0,0.6000000000000001,,,,,,,,,,,,,,,,,,,,,,,,,,,,,,,,,,,,
2310,2019,1,25,1,0,-6.1000000000000005,0,0,0,0.5,,,,,,,,,,,,,,,,,,,,,,,,,,,,,,,,,,,,
2311,2019,1,25,1,15,-6.1000000000000005,0,0,0,0.4,,,,,,,,,,,,,,,,,,,,,,,,,,,,,,,,,,,,
2312,2019,1,25,1,30,-6,0,0,0,0.4,,,,,,,,,,,,,,,,,,,,,,,,,,,,,,,,,,,,
2313,2019,1,25,1,45,-6,0,0,0,0.4,,,,,,,,,,,,,,,,,,,,,,,,,,,,,,,,,,,,
2314,2019,1,25,2,0,-6,0,0,0,0.30000000000000004,,,,,,,,,,,,,,,,,,,,,,,,,,,,,,,,,,,,
2315,2019,1,25,2,15,-6,0,0,0,0.30000000000000004,,,,,,,,,,,,,,,,,,,,,,,,,,,,,,,,,,,,
2316,2019,1,25,2,30,-5.9,0,0,0,0.30000000000000004,,,,,,,,,,,,,,,,,,,,,,,,,,,,,,,,,,,,
2317,2019,1,25,2,45,-5.9,0,0,0,0.30000000000000004,,,,,,,,,,,,,,,,,,,,,,,,,,,,,,,,,,,,
2318,2019,1,25,3,0,-5.9,0,0,0,0.30000000000000004,,,,,,,,,,,,,,,,,,,,,,,,,,,,,,,,,,,,
2319,2019,1,25,3,15,-5.9,0,0,0,0.30000000000000004,,,,,,,,,,,,,,,,,,,,,,,,,,,,,,,,,,,,
2320,2019,1,25,3,30,-5.9,0,0,0,0.30000000000000004,,,,,,,,,,,,,,,,,,,,,,,,,,,,,,,,,,,,
2321,2019,1,25,3,45,-5.9,0,0,0,0.30000000000000004,,,,,,,,,,,,,,,,,,,,,,,,,,,,,,,,,,,,
2322,2019,1,25,4,0,-5.9,0,0,0,0.30000000000000004,,,,,,,,,,,,,,,,,,,,,,,,,,,,,,,,,,,,
2323,2019,1,25,4,15,-5.9,0,0,0,0.30000000000000004,,,,,,,,,,,,,,,,,,,,,,,,,,,,,,,,,,,,
2324,2019,1,25,4,30,-5.9,0,0,0,0.30000000000000004,,,,,,,,,,,,,,,,,,,,,,,,,,,,,,,,,,,,
2325,2019,1,25,4,45,-5.9,0,0,0,0.30000000000000004,,,,,,,,,,,,,,,,,,,,,,,,,,,,,,,,,,,,
2326,2019,1,25,5,0,-5.9,0,0,0,0.30000000000000004,,,,,,,,,,,,,,,,,,,,,,,,,,,,,,,,,,,,
2327,2019,1,25,5,15,-5.9,0,0,0,0.30000000000000004,,,,,,,,,,,,,,,,,,,,,,,,,,,,,,,,,,,,
2328,2019,1,25,5,30,-5.9,0,0,0,0.30000000000000004,,,,,,,,,,,,,,,,,,,,,,,,,,,,,,,,,,,,
2329,2019,1,25,5,45,-5.9,0,0,0,0.4,,,,,,,,,,,,,,,,,,,,,,,,,,,,,,,,,,,,
2330,2019,1,25,6,0,-6,0,0,0,0.4,,,,,,,,,,,,,,,,,,,,,,,,,,,,,,,,,,,,
2331,2019,1,25,6,15,-6,0,0,0,0.4,,,,,,,,,,,,,,,,,,,,,,,,,,,,,,,,,,,,
2332,2019,1,25,6,30,-6.1000000000000005,0,0,0,0.4,,,,,,,,,,,,,,,,,,,,,,,,,,,,,,,,,,,,
2333,2019,1,25,6,45,-6.1000000000000005,0,0,0,0.5,,,,,,,,,,,,,,,,,,,,,,,,,,,,,,,,,,,,
2334,2019,1,25,7,0,-6.2,0,0,0,0.5,,,,,,,,,,,,,,,,,,,,,,,,,,,,,,,,,,,,
2335,2019,1,25,7,15,-6.1000000000000005,0,0,0,0.5,,,,,,,,,,,,,,,,,,,,,,,,,,,,,,,,,,,,
2336,2019,1,25,7,30,-6,0,0,0,0.5,,,,,,,,,,,,,,,,,,,,,,,,,,,,,,,,,,,,
2337,2019,1,25,7,45,-6,0,0,0,0.6000000000000001,,,,,,,,,,,,,,,,,,,,,,,,,,,,,,,,,,,,
2338,2019,1,25,8,0,-5.9,0,0,0,0.6000000000000001,,,,,,,,,,,,,,,,,,,,,,,,,,,,,,,,,,,,
2339,2019,1,25,8,15,-5.6000000000000005,10,25,10,0.8,,,,,,,,,,,,,,,,,,,,,,,,,,,,,,,,,,,,
2340,2019,1,25,8,30,-5.2,6,0,6,1,,,,,,,,,,,,,,,,,,,,,,,,,,,,,,,,,,,,
2341,2019,1,25,8,45,-4.9,9,0,9,1.1,,,,,,,,,,,,,,,,,,,,,,,,,,,,,,,,,,,,
2342,2019,1,25,9,0,-4.6000000000000005,12,0,12,1.3,,,,,,,,,,,,,,,,,,,,,,,,,,,,,,,,,,,,
2343,2019,1,25,9,15,-4.3,15,0,15,1.4000000000000001,,,,,,,,,,,,,,,,,,,,,,,,,,,,,,,,,,,,
2344,2019,1,25,9,30,-4,18,0,18,1.5,,,,,,,,,,,,,,,,,,,,,,,,,,,,,,,,,,,,
2345,2019,1,25,9,45,-3.7,22,0,22,1.5,,,,,,,,,,,,,,,,,,,,,,,,,,,,,,,,,,,,
2346,2019,1,25,10,0,-3.4000000000000004,26,0,26,1.6,,,,,,,,,,,,,,,,,,,,,,,,,,,,,,,,,,,,
2347,2019,1,25,10,15,-3.2,29,0,29,1.7000000000000002,,,,,,,,,,,,,,,,,,,,,,,,,,,,,,,,,,,,
2348,2019,1,25,10,30,-3,32,0,32,1.8,,,,,,,,,,,,,,,,,,,,,,,,,,,,,,,,,,,,
2349,2019,1,25,10,45,-2.8000000000000003,36,0,36,1.9000000000000001,,,,,,,,,,,,,,,,,,,,,,,,,,,,,,,,,,,,
2350,2019,1,25,11,0,-2.6,38,0,38,2,,,,,,,,,,,,,,,,,,,,,,,,,,,,,,,,,,,,
2351,2019,1,25,11,15,-2.5,41,0,41,2.1,,,,,,,,,,,,,,,,,,,,,,,,,,,,,,,,,,,,
2352,2019,1,25,11,30,-2.4000000000000004,43,0,43,2.3000000000000003,,,,,,,,,,,,,,,,,,,,,,,,,,,,,,,,,,,,
2353,2019,1,25,11,45,-2.3000000000000003,44,0,44,2.4000000000000004,,,,,,,,,,,,,,,,,,,,,,,,,,,,,,,,,,,,
2354,2019,1,25,12,0,-2.1,46,0,46,2.5,,,,,,,,,,,,,,,,,,,,,,,,,,,,,,,,,,,,
2355,2019,1,25,12,15,-2.1,46,0,46,2.6,,,,,,,,,,,,,,,,,,,,,,,,,,,,,,,,,,,,
2356,2019,1,25,12,30,-2,81,0,81,2.7,,,,,,,,,,,,,,,,,,,,,,,,,,,,,,,,,,,,
2357,2019,1,25,12,45,-2,80,0,80,2.8000000000000003,,,,,,,,,,,,,,,,,,,,,,,,,,,,,,,,,,,,
2358,2019,1,25,13,0,-1.9000000000000001,78,0,78,2.8000000000000003,,,,,,,,,,,,,,,,,,,,,,,,,,,,,,,,,,,,
2359,2019,1,25,13,15,-1.9000000000000001,76,0,76,2.9000000000000004,,,,,,,,,,,,,,,,,,,,,,,,,,,,,,,,,,,,
2360,2019,1,25,13,30,-1.9000000000000001,23,0,23,2.9000000000000004,,,,,,,,,,,,,,,,,,,,,,,,,,,,,,,,,,,,
2361,2019,1,25,13,45,-1.9000000000000001,79,0,79,2.9000000000000004,,,,,,,,,,,,,,,,,,,,,,,,,,,,,,,,,,,,
2362,2019,1,25,14,0,-1.9000000000000001,74,0,74,3,,,,,,,,,,,,,,,,,,,,,,,,,,,,,,,,,,,,
2363,2019,1,25,14,15,-2,33,0,33,2.9000000000000004,,,,,,,,,,,,,,,,,,,,,,,,,,,,,,,,,,,,
2364,2019,1,25,14,30,-2.1,18,0,18,2.8000000000000003,,,,,,,,,,,,,,,,,,,,,,,,,,,,,,,,,,,,
2365,2019,1,25,14,45,-2.2,27,0,27,2.7,,,,,,,,,,,,,,,,,,,,,,,,,,,,,,,,,,,,
2366,2019,1,25,15,0,-2.3000000000000003,15,0,15,2.7,,,,,,,,,,,,,,,,,,,,,,,,,,,,,,,,,,,,
2367,2019,1,25,15,15,-2.5,14,0,14,2.4000000000000004,,,,,,,,,,,,,,,,,,,,,,,,,,,,,,,,,,,,
2368,2019,1,25,15,30,-2.7,13,0,13,2.1,,,,,,,,,,,,,,,,,,,,,,,,,,,,,,,,,,,,
2369,2019,1,25,15,45,-2.9000000000000004,11,0,11,1.8,,,,,,,,,,,,,,,,,,,,,,,,,,,,,,,,,,,,
2370,2019,1,25,16,0,-3.1,10,0,10,1.5,,,,,,,,,,,,,,,,,,,,,,,,,,,,,,,,,,,,
2371,2019,1,25,16,15,-3.2,8,0,8,1.5,,,,,,,,,,,,,,,,,,,,,,,,,,,,,,,,,,,,
2372,2019,1,25,16,30,-3.3000000000000003,5,0,5,1.4000000000000001,,,,,,,,,,,,,,,,,,,,,,,,,,,,,,,,,,,,
2373,2019,1,25,16,45,-3.4000000000000004,0,0,0,1.4000000000000001,,,,,,,,,,,,,,,,,,,,,,,,,,,,,,,,,,,,
2374,2019,1,25,17,0,-3.5,0,0,0,1.4000000000000001,,,,,,,,,,,,,,,,,,,,,,,,,,,,,,,,,,,,
2375,2019,1,25,17,15,-3.6,0,0,0,1.5,,,,,,,,,,,,,,,,,,,,,,,,,,,,,,,,,,,,
2376,2019,1,25,17,30,-3.6,0,0,0,1.6,,,,,,,,,,,,,,,,,,,,,,,,,,,,,,,,,,,,
2377,2019,1,25,17,45,-3.7,0,0,0,1.7000000000000002,,,,,,,,,,,,,,,,,,,,,,,,,,,,,,,,,,,,
2378,2019,1,25,18,0,-3.7,0,0,0,1.8,,,,,,,,,,,,,,,,,,,,,,,,,,,,,,,,,,,,
2379,2019,1,25,18,15,-3.7,0,0,0,2,,,,,,,,,,,,,,,,,,,,,,,,,,,,,,,,,,,,
2380,2019,1,25,18,30,-3.7,0,0,0,2.2,,,,,,,,,,,,,,,,,,,,,,,,,,,,,,,,,,,,
2381,2019,1,25,18,45,-3.7,0,0,0,2.4000000000000004,,,,,,,,,,,,,,,,,,,,,,,,,,,,,,,,,,,,
2382,2019,1,25,19,0,-3.7,0,0,0,2.6,,,,,,,,,,,,,,,,,,,,,,,,,,,,,,,,,,,,
2383,2019,1,25,19,15,-3.7,0,0,0,2.7,,,,,,,,,,,,,,,,,,,,,,,,,,,,,,,,,,,,
2384,2019,1,25,19,30,-3.6,0,0,0,2.9000000000000004,,,,,,,,,,,,,,,,,,,,,,,,,,,,,,,,,,,,
2385,2019,1,25,19,45,-3.5,0,0,0,3,,,,,,,,,,,,,,,,,,,,,,,,,,,,,,,,,,,,
2386,2019,1,25,20,0,-3.5,0,0,0,3.2,,,,,,,,,,,,,,,,,,,,,,,,,,,,,,,,,,,,
2387,2019,1,25,20,15,-3.4000000000000004,0,0,0,3.3000000000000003,,,,,,,,,,,,,,,,,,,,,,,,,,,,,,,,,,,,
2388,2019,1,25,20,30,-3.3000000000000003,0,0,0,3.4000000000000004,,,,,,,,,,,,,,,,,,,,,,,,,,,,,,,,,,,,
2389,2019,1,25,20,45,-3.2,0,0,0,3.4000000000000004,,,,,,,,,,,,,,,,,,,,,,,,,,,,,,,,,,,,
2390,2019,1,25,21,0,-3.1,0,0,0,3.5,,,,,,,,,,,,,,,,,,,,,,,,,,,,,,,,,,,,
2391,2019,1,25,21,15,-2.9000000000000004,0,0,0,3.6,,,,,,,,,,,,,,,,,,,,,,,,,,,,,,,,,,,,
2392,2019,1,25,21,30,-2.8000000000000003,0,0,0,3.6,,,,,,,,,,,,,,,,,,,,,,,,,,,,,,,,,,,,
2393,2019,1,25,21,45,-2.7,0,0,0,3.7,,,,,,,,,,,,,,,,,,,,,,,,,,,,,,,,,,,,
2394,2019,1,25,22,0,-2.5,0,0,0,3.7,,,,,,,,,,,,,,,,,,,,,,,,,,,,,,,,,,,,
2395,2019,1,25,22,15,-2.4000000000000004,0,0,0,3.8000000000000003,,,,,,,,,,,,,,,,,,,,,,,,,,,,,,,,,,,,
2396,2019,1,25,22,30,-2.3000000000000003,0,0,0,3.9000000000000004,,,,,,,,,,,,,,,,,,,,,,,,,,,,,,,,,,,,
2397,2019,1,25,22,45,-2.1,0,0,0,4,,,,,,,,,,,,,,,,,,,,,,,,,,,,,,,,,,,,
2398,2019,1,25,23,0,-2,0,0,0,4.1000000000000005,,,,,,,,,,,,,,,,,,,,,,,,,,,,,,,,,,,,
2399,2019,1,25,23,15,-1.9000000000000001,0,0,0,4.2,,,,,,,,,,,,,,,,,,,,,,,,,,,,,,,,,,,,
2400,2019,1,25,23,30,-1.8,0,0,0,4.3,,,,,,,,,,,,,,,,,,,,,,,,,,,,,,,,,,,,
2401,2019,1,25,23,45,-1.7000000000000002,0,0,0,4.4,,,,,,,,,,,,,,,,,,,,,,,,,,,,,,,,,,,,
2402,2019,1,26,0,0,-1.6,0,0,0,4.6000000000000005,,,,,,,,,,,,,,,,,,,,,,,,,,,,,,,,,,,,
2403,2019,1,26,0,15,-1.6,0,0,0,4.6000000000000005,,,,,,,,,,,,,,,,,,,,,,,,,,,,,,,,,,,,
2404,2019,1,26,0,30,-1.6,0,0,0,4.6000000000000005,,,,,,,,,,,,,,,,,,,,,,,,,,,,,,,,,,,,
2405,2019,1,26,0,45,-1.6,0,0,0,4.6000000000000005,,,,,,,,,,,,,,,,,,,,,,,,,,,,,,,,,,,,
2406,2019,1,26,1,0,-1.2000000000000002,0,0,0,4.5,,,,,,,,,,,,,,,,,,,,,,,,,,,,,,,,,,,,
2407,2019,1,26,1,15,-1.1,0,0,0,4.5,,,,,,,,,,,,,,,,,,,,,,,,,,,,,,,,,,,,
2408,2019,1,26,1,30,-1,0,0,0,4.5,,,,,,,,,,,,,,,,,,,,,,,,,,,,,,,,,,,,
2409,2019,1,26,1,45,-0.9,0,0,0,4.5,,,,,,,,,,,,,,,,,,,,,,,,,,,,,,,,,,,,
2410,2019,1,26,2,0,-0.8,0,0,0,4.5,,,,,,,,,,,,,,,,,,,,,,,,,,,,,,,,,,,,
2411,2019,1,26,2,15,-0.7000000000000001,0,0,0,4.5,,,,,,,,,,,,,,,,,,,,,,,,,,,,,,,,,,,,
2412,2019,1,26,2,30,-0.5,0,0,0,4.6000000000000005,,,,,,,,,,,,,,,,,,,,,,,,,,,,,,,,,,,,
2413,2019,1,26,2,45,-0.4,0,0,0,4.6000000000000005,,,,,,,,,,,,,,,,,,,,,,,,,,,,,,,,,,,,
2414,2019,1,26,3,0,-0.2,0,0,0,4.6000000000000005,,,,,,,,,,,,,,,,,,,,,,,,,,,,,,,,,,,,
2415,2019,1,26,3,15,-0.1,0,0,0,4.6000000000000005,,,,,,,,,,,,,,,,,,,,,,,,,,,,,,,,,,,,
2416,2019,1,26,3,30,0.1,0,0,0,4.6000000000000005,,,,,,,,,,,,,,,,,,,,,,,,,,,,,,,,,,,,
2417,2019,1,26,3,45,0.2,0,0,0,4.6000000000000005,,,,,,,,,,,,,,,,,,,,,,,,,,,,,,,,,,,,
2418,2019,1,26,4,0,0.30000000000000004,0,0,0,4.5,,,,,,,,,,,,,,,,,,,,,,,,,,,,,,,,,,,,
2419,2019,1,26,4,15,0.4,0,0,0,4.5,,,,,,,,,,,,,,,,,,,,,,,,,,,,,,,,,,,,
2420,2019,1,26,4,30,0.5,0,0,0,4.5,,,,,,,,,,,,,,,,,,,,,,,,,,,,,,,,,,,,
2421,2019,1,26,4,45,0.5,0,0,0,4.5,,,,,,,,,,,,,,,,,,,,,,,,,,,,,,,,,,,,
2422,2019,1,26,5,0,0.6000000000000001,0,0,0,4.5,,,,,,,,,,,,,,,,,,,,,,,,,,,,,,,,,,,,
2423,2019,1,26,5,15,0.6000000000000001,0,0,0,4.4,,,,,,,,,,,,,,,,,,,,,,,,,,,,,,,,,,,,
2424,2019,1,26,5,30,0.7000000000000001,0,0,0,4.4,,,,,,,,,,,,,,,,,,,,,,,,,,,,,,,,,,,,
2425,2019,1,26,5,45,0.7000000000000001,0,0,0,4.3,,,,,,,,,,,,,,,,,,,,,,,,,,,,,,,,,,,,
2426,2019,1,26,6,0,0.7000000000000001,0,0,0,4.3,,,,,,,,,,,,,,,,,,,,,,,,,,,,,,,,,,,,
2427,2019,1,26,6,15,0.7000000000000001,0,0,0,4.1000000000000005,,,,,,,,,,,,,,,,,,,,,,,,,,,,,,,,,,,,
2428,2019,1,26,6,30,0.7000000000000001,0,0,0,4,,,,,,,,,,,,,,,,,,,,,,,,,,,,,,,,,,,,
2429,2019,1,26,6,45,0.7000000000000001,0,0,0,3.9000000000000004,,,,,,,,,,,,,,,,,,,,,,,,,,,,,,,,,,,,
2430,2019,1,26,7,0,0.7000000000000001,0,0,0,3.7,,,,,,,,,,,,,,,,,,,,,,,,,,,,,,,,,,,,
2431,2019,1,26,7,15,0.6000000000000001,0,0,0,3.7,,,,,,,,,,,,,,,,,,,,,,,,,,,,,,,,,,,,
2432,2019,1,26,7,30,0.6000000000000001,0,0,0,3.6,,,,,,,,,,,,,,,,,,,,,,,,,,,,,,,,,,,,
2433,2019,1,26,7,45,0.6000000000000001,0,0,0,3.6,,,,,,,,,,,,,,,,,,,,,,,,,,,,,,,,,,,,
2434,2019,1,26,8,0,0.6000000000000001,0,0,0,3.5,,,,,,,,,,,,,,,,,,,,,,,,,,,,,,,,,,,,
2435,2019,1,26,8,15,0.6000000000000001,11,83,13,3.5,,,,,,,,,,,,,,,,,,,,,,,,,,,,,,,,,,,,
2436,2019,1,26,8,30,0.7000000000000001,6,0,6,3.5,,,,,,,,,,,,,,,,,,,,,,,,,,,,,,,,,,,,
2437,2019,1,26,8,45,0.7000000000000001,8,0,8,3.5,,,,,,,,,,,,,,,,,,,,,,,,,,,,,,,,,,,,
2438,2019,1,26,9,0,0.7000000000000001,9,0,9,3.5,,,,,,,,,,,,,,,,,,,,,,,,,,,,,,,,,,,,
2439,2019,1,26,9,15,0.8,10,0,10,3.5,,,,,,,,,,,,,,,,,,,,,,,,,,,,,,,,,,,,
2440,2019,1,26,9,30,0.9,11,0,11,3.5,,,,,,,,,,,,,,,,,,,,,,,,,,,,,,,,,,,,
2441,2019,1,26,9,45,1,13,0,13,3.5,,,,,,,,,,,,,,,,,,,,,,,,,,,,,,,,,,,,
2442,2019,1,26,10,0,1.1,14,0,14,3.5,,,,,,,,,,,,,,,,,,,,,,,,,,,,,,,,,,,,
2443,2019,1,26,10,15,1.3,15,0,15,3.5,,,,,,,,,,,,,,,,,,,,,,,,,,,,,,,,,,,,
2444,2019,1,26,10,30,1.5,16,0,16,3.5,,,,,,,,,,,,,,,,,,,,,,,,,,,,,,,,,,,,
2445,2019,1,26,10,45,1.6,17,0,17,3.5,,,,,,,,,,,,,,,,,,,,,,,,,,,,,,,,,,,,
2446,2019,1,26,11,0,1.8,22,0,22,3.6,,,,,,,,,,,,,,,,,,,,,,,,,,,,,,,,,,,,
2447,2019,1,26,11,15,1.9000000000000001,19,0,19,3.6,,,,,,,,,,,,,,,,,,,,,,,,,,,,,,,,,,,,
2448,2019,1,26,11,30,2.1,20,0,20,3.6,,,,,,,,,,,,,,,,,,,,,,,,,,,,,,,,,,,,
2449,2019,1,26,11,45,2.2,21,0,21,3.6,,,,,,,,,,,,,,,,,,,,,,,,,,,,,,,,,,,,
2450,2019,1,26,12,0,2.3000000000000003,21,0,21,3.7,,,,,,,,,,,,,,,,,,,,,,,,,,,,,,,,,,,,
2451,2019,1,26,12,15,2.4000000000000004,21,0,21,3.7,,,,,,,,,,,,,,,,,,,,,,,,,,,,,,,,,,,,
2452,2019,1,26,12,30,2.4000000000000004,21,0,21,3.7,,,,,,,,,,,,,,,,,,,,,,,,,,,,,,,,,,,,
2453,2019,1,26,12,45,2.5,21,0,21,3.7,,,,,,,,,,,,,,,,,,,,,,,,,,,,,,,,,,,,
2454,2019,1,26,13,0,2.5,21,0,21,3.7,,,,,,,,,,,,,,,,,,,,,,,,,,,,,,,,,,,,
2455,2019,1,26,13,15,2.5,20,0,20,3.7,,,,,,,,,,,,,,,,,,,,,,,,,,,,,,,,,,,,
2456,2019,1,26,13,30,2.5,36,0,36,3.7,,,,,,,,,,,,,,,,,,,,,,,,,,,,,,,,,,,,
2457,2019,1,26,13,45,2.5,20,0,20,3.8000000000000003,,,,,,,,,,,,,,,,,,,,,,,,,,,,,,,,,,,,
2458,2019,1,26,14,0,2.5,32,0,32,3.8000000000000003,,,,,,,,,,,,,,,,,,,,,,,,,,,,,,,,,,,,
2459,2019,1,26,14,15,2.4000000000000004,29,0,29,3.7,,,,,,,,,,,,,,,,,,,,,,,,,,,,,,,,,,,,
2460,2019,1,26,14,30,2.4000000000000004,26,0,26,3.7,,,,,,,,,,,,,,,,,,,,,,,,,,,,,,,,,,,,
2461,2019,1,26,14,45,2.4000000000000004,15,0,15,3.7,,,,,,,,,,,,,,,,,,,,,,,,,,,,,,,,,,,,
2462,2019,1,26,15,0,2.4000000000000004,14,0,14,3.7,,,,,,,,,,,,,,,,,,,,,,,,,,,,,,,,,,,,
2463,2019,1,26,15,15,2.3000000000000003,13,0,13,3.7,,,,,,,,,,,,,,,,,,,,,,,,,,,,,,,,,,,,
2464,2019,1,26,15,30,2.3000000000000003,11,0,11,3.8000000000000003,,,,,,,,,,,,,,,,,,,,,,,,,,,,,,,,,,,,
2465,2019,1,26,15,45,2.3000000000000003,10,0,10,3.8000000000000003,,,,,,,,,,,,,,,,,,,,,,,,,,,,,,,,,,,,
2466,2019,1,26,16,0,2.3000000000000003,9,0,9,3.8000000000000003,,,,,,,,,,,,,,,,,,,,,,,,,,,,,,,,,,,,
2467,2019,1,26,16,15,2.3000000000000003,8,0,8,3.8000000000000003,,,,,,,,,,,,,,,,,,,,,,,,,,,,,,,,,,,,
2468,2019,1,26,16,30,2.3000000000000003,5,0,5,3.8000000000000003,,,,,,,,,,,,,,,,,,,,,,,,,,,,,,,,,,,,
2469,2019,1,26,16,45,2.4000000000000004,0,0,0,3.8000000000000003,,,,,,,,,,,,,,,,,,,,,,,,,,,,,,,,,,,,
2470,2019,1,26,17,0,2.4000000000000004,0,0,0,3.8000000000000003,,,,,,,,,,,,,,,,,,,,,,,,,,,,,,,,,,,,
2471,2019,1,26,17,15,2.4000000000000004,0,0,0,3.9000000000000004,,,,,,,,,,,,,,,,,,,,,,,,,,,,,,,,,,,,
2472,2019,1,26,17,30,2.5,0,0,0,4,,,,,,,,,,,,,,,,,,,,,,,,,,,,,,,,,,,,
2473,2019,1,26,17,45,2.5,0,0,0,4.1000000000000005,,,,,,,,,,,,,,,,,,,,,,,,,,,,,,,,,,,,
2474,2019,1,26,18,0,2.5,0,0,0,4.2,,,,,,,,,,,,,,,,,,,,,,,,,,,,,,,,,,,,
2475,2019,1,26,18,15,2.5,0,0,0,4.2,,,,,,,,,,,,,,,,,,,,,,,,,,,,,,,,,,,,
2476,2019,1,26,18,30,2.5,0,0,0,4.2,,,,,,,,,,,,,,,,,,,,,,,,,,,,,,,,,,,,
2477,2019,1,26,18,45,2.5,0,0,0,4.2,,,,,,,,,,,,,,,,,,,,,,,,,,,,,,,,,,,,
2478,2019,1,26,19,0,2.5,0,0,0,4.1000000000000005,,,,,,,,,,,,,,,,,,,,,,,,,,,,,,,,,,,,
2479,2019,1,26,19,15,2.4000000000000004,0,0,0,4.1000000000000005,,,,,,,,,,,,,,,,,,,,,,,,,,,,,,,,,,,,
2480,2019,1,26,19,30,2.3000000000000003,0,0,0,4.1000000000000005,,,,,,,,,,,,,,,,,,,,,,,,,,,,,,,,,,,,
2481,2019,1,26,19,45,2.3000000000000003,0,0,0,4.1000000000000005,,,,,,,,,,,,,,,,,,,,,,,,,,,,,,,,,,,,
2482,2019,1,26,20,0,2.2,0,0,0,4.1000000000000005,,,,,,,,,,,,,,,,,,,,,,,,,,,,,,,,,,,,
2483,2019,1,26,20,15,2.1,0,0,0,4.1000000000000005,,,,,,,,,,,,,,,,,,,,,,,,,,,,,,,,,,,,
2484,2019,1,26,20,30,2,0,0,0,4.2,,,,,,,,,,,,,,,,,,,,,,,,,,,,,,,,,,,,
2485,2019,1,26,20,45,2,0,0,0,4.3,,,,,,,,,,,,,,,,,,,,,,,,,,,,,,,,,,,,
2486,2019,1,26,21,0,1.9000000000000001,0,0,0,4.3,,,,,,,,,,,,,,,,,,,,,,,,,,,,,,,,,,,,
2487,2019,1,26,21,15,1.8,0,0,0,4.3,,,,,,,,,,,,,,,,,,,,,,,,,,,,,,,,,,,,
2488,2019,1,26,21,30,1.8,0,0,0,4.3,,,,,,,,,,,,,,,,,,,,,,,,,,,,,,,,,,,,
2489,2019,1,26,21,45,1.7000000000000002,0,0,0,4.2,,,,,,,,,,,,,,,,,,,,,,,,,,,,,,,,,,,,
2490,2019,1,26,22,0,1.6,0,0,0,4.2,,,,,,,,,,,,,,,,,,,,,,,,,,,,,,,,,,,,
2491,2019,1,26,22,15,1.6,0,0,0,4.2,,,,,,,,,,,,,,,,,,,,,,,,,,,,,,,,,,,,
2492,2019,1,26,22,30,1.6,0,0,0,4.2,,,,,,,,,,,,,,,,,,,,,,,,,,,,,,,,,,,,
2493,2019,1,26,22,45,1.6,0,0,0,4.2,,,,,,,,,,,,,,,,,,,,,,,,,,,,,,,,,,,,
2494,2019,1,26,23,0,1.5,0,0,0,4.2,,,,,,,,,,,,,,,,,,,,,,,,,,,,,,,,,,,,
2495,2019,1,26,23,15,1.6,0,0,0,4.2,,,,,,,,,,,,,,,,,,,,,,,,,,,,,,,,,,,,
2496,2019,1,26,23,30,1.6,0,0,0,4.3,,,,,,,,,,,,,,,,,,,,,,,,,,,,,,,,,,,,
2497,2019,1,26,23,45,1.6,0,0,0,4.3,,,,,,,,,,,,,,,,,,,,,,,,,,,,,,,,,,,,
2498,2019,1,27,0,0,1.7000000000000002,0,0,0,4.4,,,,,,,,,,,,,,,,,,,,,,,,,,,,,,,,,,,,
2499,2019,1,27,0,15,1.7000000000000002,0,0,0,4.4,,,,,,,,,,,,,,,,,,,,,,,,,,,,,,,,,,,,
2500,2019,1,27,0,30,1.7000000000000002,0,0,0,4.4,,,,,,,,,,,,,,,,,,,,,,,,,,,,,,,,,,,,
2501,2019,1,27,0,45,1.7000000000000002,0,0,0,4.4,,,,,,,,,,,,,,,,,,,,,,,,,,,,,,,,,,,,
2502,2019,1,27,1,0,1.8,0,0,0,4.6000000000000005,,,,,,,,,,,,,,,,,,,,,,,,,,,,,,,,,,,,
2503,2019,1,27,1,15,1.8,0,0,0,4.5,,,,,,,,,,,,,,,,,,,,,,,,,,,,,,,,,,,,
2504,2019,1,27,1,30,1.7000000000000002,0,0,0,4.4,,,,,,,,,,,,,,,,,,,,,,,,,,,,,,,,,,,,
2505,2019,1,27,1,45,1.6,0,0,0,4.3,,,,,,,,,,,,,,,,,,,,,,,,,,,,,,,,,,,,
2506,2019,1,27,2,0,1.6,0,0,0,4.2,,,,,,,,,,,,,,,,,,,,,,,,,,,,,,,,,,,,
2507,2019,1,27,2,15,1.6,0,0,0,4.3,,,,,,,,,,,,,,,,,,,,,,,,,,,,,,,,,,,,
2508,2019,1,27,2,30,1.6,0,0,0,4.4,,,,,,,,,,,,,,,,,,,,,,,,,,,,,,,,,,,,
2509,2019,1,27,2,45,1.6,0,0,0,4.4,,,,,,,,,,,,,,,,,,,,,,,,,,,,,,,,,,,,
2510,2019,1,27,3,0,1.6,0,0,0,4.5,,,,,,,,,,,,,,,,,,,,,,,,,,,,,,,,,,,,
2511,2019,1,27,3,15,1.6,0,0,0,4.5,,,,,,,,,,,,,,,,,,,,,,,,,,,,,,,,,,,,
2512,2019,1,27,3,30,1.5,0,0,0,4.5,,,,,,,,,,,,,,,,,,,,,,,,,,,,,,,,,,,,
2513,2019,1,27,3,45,1.5,0,0,0,4.5,,,,,,,,,,,,,,,,,,,,,,,,,,,,,,,,,,,,
2514,2019,1,27,4,0,1.5,0,0,0,4.5,,,,,,,,,,,,,,,,,,,,,,,,,,,,,,,,,,,,
2515,2019,1,27,4,15,1.5,0,0,0,4.5,,,,,,,,,,,,,,,,,,,,,,,,,,,,,,,,,,,,
2516,2019,1,27,4,30,1.5,0,0,0,4.4,,,,,,,,,,,,,,,,,,,,,,,,,,,,,,,,,,,,
2517,2019,1,27,4,45,1.4000000000000001,0,0,0,4.3,,,,,,,,,,,,,,,,,,,,,,,,,,,,,,,,,,,,
2518,2019,1,27,5,0,1.4000000000000001,0,0,0,4.2,,,,,,,,,,,,,,,,,,,,,,,,,,,,,,,,,,,,
2519,2019,1,27,5,15,1.3,0,0,0,4.2,,,,,,,,,,,,,,,,,,,,,,,,,,,,,,,,,,,,
2520,2019,1,27,5,30,1.3,0,0,0,4.2,,,,,,,,,,,,,,,,,,,,,,,,,,,,,,,,,,,,
2521,2019,1,27,5,45,1.2000000000000002,0,0,0,4.2,,,,,,,,,,,,,,,,,,,,,,,,,,,,,,,,,,,,
2522,2019,1,27,6,0,1.2000000000000002,0,0,0,4.2,,,,,,,,,,,,,,,,,,,,,,,,,,,,,,,,,,,,
2523,2019,1,27,6,15,1.2000000000000002,0,0,0,4.3,,,,,,,,,,,,,,,,,,,,,,,,,,,,,,,,,,,,
2524,2019,1,27,6,30,1.2000000000000002,0,0,0,4.4,,,,,,,,,,,,,,,,,,,,,,,,,,,,,,,,,,,,
2525,2019,1,27,6,45,1.2000000000000002,0,0,0,4.4,,,,,,,,,,,,,,,,,,,,,,,,,,,,,,,,,,,,
2526,2019,1,27,7,0,1.3,0,0,0,4.5,,,,,,,,,,,,,,,,,,,,,,,,,,,,,,,,,,,,
2527,2019,1,27,7,15,1.4000000000000001,0,0,0,4.6000000000000005,,,,,,,,,,,,,,,,,,,,,,,,,,,,,,,,,,,,
2528,2019,1,27,7,30,1.4000000000000001,0,0,0,4.7,,,,,,,,,,,,,,,,,,,,,,,,,,,,,,,,,,,,
2529,2019,1,27,7,45,1.5,0,0,0,4.7,,,,,,,,,,,,,,,,,,,,,,,,,,,,,,,,,,,,
2530,2019,1,27,8,0,1.6,0,0,0,4.800000000000001,,,,,,,,,,,,,,,,,,,,,,,,,,,,,,,,,,,,
2531,2019,1,27,8,15,1.8,2,0,2,4.800000000000001,,,,,,,,,,,,,,,,,,,,,,,,,,,,,,,,,,,,
2532,2019,1,27,8,30,2,4,0,4,4.800000000000001,,,,,,,,,,,,,,,,,,,,,,,,,,,,,,,,,,,,
2533,2019,1,27,8,45,2.1,5,0,5,4.7,,,,,,,,,,,,,,,,,,,,,,,,,,,,,,,,,,,,
2534,2019,1,27,9,0,2.3000000000000003,5,0,5,4.7,,,,,,,,,,,,,,,,,,,,,,,,,,,,,,,,,,,,
2535,2019,1,27,9,15,2.5,6,0,6,4.7,,,,,,,,,,,,,,,,,,,,,,,,,,,,,,,,,,,,
2536,2019,1,27,9,30,2.6,7,0,7,4.6000000000000005,,,,,,,,,,,,,,,,,,,,,,,,,,,,,,,,,,,,
2537,2019,1,27,9,45,2.8000000000000003,7,0,7,4.6000000000000005,,,,,,,,,,,,,,,,,,,,,,,,,,,,,,,,,,,,
2538,2019,1,27,10,0,3,8,0,8,4.5,,,,,,,,,,,,,,,,,,,,,,,,,,,,,,,,,,,,
2539,2019,1,27,10,15,3.2,21,0,21,4.5,,,,,,,,,,,,,,,,,,,,,,,,,,,,,,,,,,,,
2540,2019,1,27,10,30,3.4000000000000004,23,0,23,4.6000000000000005,,,,,,,,,,,,,,,,,,,,,,,,,,,,,,,,,,,,
2541,2019,1,27,10,45,3.6,55,726,260,4.6000000000000005,,,,,,,,,,,,,,,,,,,,,,,,,,,,,,,,,,,,
2542,2019,1,27,11,0,3.8000000000000003,102,0,102,4.6000000000000005,,,,,,,,,,,,,,,,,,,,,,,,,,,,,,,,,,,,
2543,2019,1,27,11,15,4,109,2,109,4.7,,,,,,,,,,,,,,,,,,,,,,,,,,,,,,,,,,,,
2544,2019,1,27,11,30,4.2,122,24,130,4.7,,,,,,,,,,,,,,,,,,,,,,,,,,,,,,,,,,,,
2545,2019,1,27,11,45,4.4,132,56,151,4.800000000000001,,,,,,,,,,,,,,,,,,,,,,,,,,,,,,,,,,,,
2546,2019,1,27,12,0,4.6000000000000005,61,777,321,4.800000000000001,,,,,,,,,,,,,,,,,,,,,,,,,,,,,,,,,,,,
2547,2019,1,27,12,15,4.800000000000001,61,779,325,4.800000000000001,,,,,,,,,,,,,,,,,,,,,,,,,,,,,,,,,,,,
2548,2019,1,27,12,30,4.9,62,785,328,4.9,,,,,,,,,,,,,,,,,,,,,,,,,,,,,,,,,,,,
2549,2019,1,27,12,45,5,70,0,70,4.9,,,,,,,,,,,,,,,,,,,,,,,,,,,,,,,,,,,,
2550,2019,1,27,13,0,5.2,116,1,116,4.9,,,,,,,,,,,,,,,,,,,,,,,,,,,,,,,,,,,,
2551,2019,1,27,13,15,5.1000000000000005,74,0,74,4.9,,,,,,,,,,,,,,,,,,,,,,,,,,,,,,,,,,,,
2552,2019,1,27,13,30,5.1000000000000005,46,0,46,4.800000000000001,,,,,,,,,,,,,,,,,,,,,,,,,,,,,,,,,,,,
2553,2019,1,27,13,45,5,52,0,52,4.7,,,,,,,,,,,,,,,,,,,,,,,,,,,,,,,,,,,,
2554,2019,1,27,14,0,5,18,0,18,4.6000000000000005,,,,,,,,,,,,,,,,,,,,,,,,,,,,,,,,,,,,
2555,2019,1,27,14,15,4.7,10,0,10,4.4,,,,,,,,,,,,,,,,,,,,,,,,,,,,,,,,,,,,
2556,2019,1,27,14,30,4.4,9,0,9,4.2,,,,,,,,,,,,,,,,,,,,,,,,,,,,,,,,,,,,
2557,2019,1,27,14,45,4.2,13,0,13,4,,,,,,,,,,,,,,,,,,,,,,,,,,,,,,,,,,,,
2558,2019,1,27,15,0,3.9000000000000004,12,0,12,3.8000000000000003,,,,,,,,,,,,,,,,,,,,,,,,,,,,,,,,,,,,
2559,2019,1,27,15,15,3.4000000000000004,10,0,10,3.7,,,,,,,,,,,,,,,,,,,,,,,,,,,,,,,,,,,,
2560,2019,1,27,15,30,2.8000000000000003,8,0,8,3.5,,,,,,,,,,,,,,,,,,,,,,,,,,,,,,,,,,,,
2561,2019,1,27,15,45,2.3000000000000003,7,0,7,3.3000000000000003,,,,,,,,,,,,,,,,,,,,,,,,,,,,,,,,,,,,
2562,2019,1,27,16,0,1.8,5,0,5,3.1,,,,,,,,,,,,,,,,,,,,,,,,,,,,,,,,,,,,
2563,2019,1,27,16,15,1.8,4,0,4,3.1,,,,,,,,,,,,,,,,,,,,,,,,,,,,,,,,,,,,
2564,2019,1,27,16,30,1.7000000000000002,3,0,3,3.2,,,,,,,,,,,,,,,,,,,,,,,,,,,,,,,,,,,,
2565,2019,1,27,16,45,1.7000000000000002,0,0,0,3.2,,,,,,,,,,,,,,,,,,,,,,,,,,,,,,,,,,,,
2566,2019,1,27,17,0,1.7000000000000002,0,0,0,3.3000000000000003,,,,,,,,,,,,,,,,,,,,,,,,,,,,,,,,,,,,
2567,2019,1,27,17,15,1.7000000000000002,0,0,0,3.3000000000000003,,,,,,,,,,,,,,,,,,,,,,,,,,,,,,,,,,,,
2568,2019,1,27,17,30,1.7000000000000002,0,0,0,3.3000000000000003,,,,,,,,,,,,,,,,,,,,,,,,,,,,,,,,,,,,
2569,2019,1,27,17,45,1.8,0,0,0,3.3000000000000003,,,,,,,,,,,,,,,,,,,,,,,,,,,,,,,,,,,,
2570,2019,1,27,18,0,1.8,0,0,0,3.3000000000000003,,,,,,,,,,,,,,,,,,,,,,,,,,,,,,,,,,,,
2571,2019,1,27,18,15,1.8,0,0,0,3.3000000000000003,,,,,,,,,,,,,,,,,,,,,,,,,,,,,,,,,,,,
2572,2019,1,27,18,30,1.8,0,0,0,3.3000000000000003,,,,,,,,,,,,,,,,,,,,,,,,,,,,,,,,,,,,
2573,2019,1,27,18,45,1.8,0,0,0,3.3000000000000003,,,,,,,,,,,,,,,,,,,,,,,,,,,,,,,,,,,,
2574,2019,1,27,19,0,1.8,0,0,0,3.4000000000000004,,,,,,,,,,,,,,,,,,,,,,,,,,,,,,,,,,,,
2575,2019,1,27,19,15,1.8,0,0,0,3.3000000000000003,,,,,,,,,,,,,,,,,,,,,,,,,,,,,,,,,,,,
2576,2019,1,27,19,30,1.7000000000000002,0,0,0,3.2,,,,,,,,,,,,,,,,,,,,,,,,,,,,,,,,,,,,
2577,2019,1,27,19,45,1.7000000000000002,0,0,0,3.2,,,,,,,,,,,,,,,,,,,,,,,,,,,,,,,,,,,,
2578,2019,1,27,20,0,1.6,0,0,0,3.1,,,,,,,,,,,,,,,,,,,,,,,,,,,,,,,,,,,,
2579,2019,1,27,20,15,1.6,0,0,0,3.1,,,,,,,,,,,,,,,,,,,,,,,,,,,,,,,,,,,,
2580,2019,1,27,20,30,1.6,0,0,0,3.1,,,,,,,,,,,,,,,,,,,,,,,,,,,,,,,,,,,,
2581,2019,1,27,20,45,1.6,0,0,0,3.1,,,,,,,,,,,,,,,,,,,,,,,,,,,,,,,,,,,,
2582,2019,1,27,21,0,1.5,0,0,0,3,,,,,,,,,,,,,,,,,,,,,,,,,,,,,,,,,,,,
2583,2019,1,27,21,15,1.5,0,0,0,3,,,,,,,,,,,,,,,,,,,,,,,,,,,,,,,,,,,,
2584,2019,1,27,21,30,1.4000000000000001,0,0,0,2.9000000000000004,,,,,,,,,,,,,,,,,,,,,,,,,,,,,,,,,,,,
2585,2019,1,27,21,45,1.4000000000000001,0,0,0,2.9000000000000004,,,,,,,,,,,,,,,,,,,,,,,,,,,,,,,,,,,,
2586,2019,1,27,22,0,1.4000000000000001,0,0,0,2.8000000000000003,,,,,,,,,,,,,,,,,,,,,,,,,,,,,,,,,,,,
2587,2019,1,27,22,15,1.3,0,0,0,2.8000000000000003,,,,,,,,,,,,,,,,,,,,,,,,,,,,,,,,,,,,
2588,2019,1,27,22,30,1.2000000000000002,0,0,0,2.7,,,,,,,,,,,,,,,,,,,,,,,,,,,,,,,,,,,,
2589,2019,1,27,22,45,1.1,0,0,0,2.7,,,,,,,,,,,,,,,,,,,,,,,,,,,,,,,,,,,,
2590,2019,1,27,23,0,1,0,0,0,2.6,,,,,,,,,,,,,,,,,,,,,,,,,,,,,,,,,,,,
2591,2019,1,27,23,15,0.9,0,0,0,2.6,,,,,,,,,,,,,,,,,,,,,,,,,,,,,,,,,,,,
2592,2019,1,27,23,30,0.9,0,0,0,2.6,,,,,,,,,,,,,,,,,,,,,,,,,,,,,,,,,,,,
2593,2019,1,27,23,45,0.8,0,0,0,2.6,,,,,,,,,,,,,,,,,,,,,,,,,,,,,,,,,,,,
2594,2019,1,28,0,0,0.8,0,0,0,2.6,,,,,,,,,,,,,,,,,,,,,,,,,,,,,,,,,,,,
2595,2019,1,28,0,15,0.8,0,0,0,2.6,,,,,,,,,,,,,,,,,,,,,,,,,,,,,,,,,,,,
2596,2019,1,28,0,30,0.8,0,0,0,2.6,,,,,,,,,,,,,,,,,,,,,,,,,,,,,,,,,,,,
2597,2019,1,28,0,45,0.8,0,0,0,2.6,,,,,,,,,,,,,,,,,,,,,,,,,,,,,,,,,,,,
2598,2019,1,28,1,0,0.6000000000000001,0,0,0,2.6,,,,,,,,,,,,,,,,,,,,,,,,,,,,,,,,,,,,
2599,2019,1,28,1,15,0.6000000000000001,0,0,0,2.7,,,,,,,,,,,,,,,,,,,,,,,,,,,,,,,,,,,,
2600,2019,1,28,1,30,0.6000000000000001,0,0,0,2.8000000000000003,,,,,,,,,,,,,,,,,,,,,,,,,,,,,,,,,,,,
2601,2019,1,28,1,45,0.6000000000000001,0,0,0,2.8000000000000003,,,,,,,,,,,,,,,,,,,,,,,,,,,,,,,,,,,,
2602,2019,1,28,2,0,0.6000000000000001,0,0,0,2.9000000000000004,,,,,,,,,,,,,,,,,,,,,,,,,,,,,,,,,,,,
2603,2019,1,28,2,15,0.5,0,0,0,2.9000000000000004,,,,,,,,,,,,,,,,,,,,,,,,,,,,,,,,,,,,
2604,2019,1,28,2,30,0.4,0,0,0,2.9000000000000004,,,,,,,,,,,,,,,,,,,,,,,,,,,,,,,,,,,,
2605,2019,1,28,2,45,0.4,0,0,0,2.9000000000000004,,,,,,,,,,,,,,,,,,,,,,,,,,,,,,,,,,,,
2606,2019,1,28,3,0,0.30000000000000004,0,0,0,2.8000000000000003,,,,,,,,,,,,,,,,,,,,,,,,,,,,,,,,,,,,
2607,2019,1,28,3,15,0.1,0,0,0,2.8000000000000003,,,,,,,,,,,,,,,,,,,,,,,,,,,,,,,,,,,,
2608,2019,1,28,3,30,0,0,0,0,2.7,,,,,,,,,,,,,,,,,,,,,,,,,,,,,,,,,,,,
2609,2019,1,28,3,45,-0.1,0,0,0,2.7,,,,,,,,,,,,,,,,,,,,,,,,,,,,,,,,,,,,
2610,2019,1,28,4,0,-0.30000000000000004,0,0,0,2.6,,,,,,,,,,,,,,,,,,,,,,,,,,,,,,,,,,,,
2611,2019,1,28,4,15,-0.4,0,0,0,2.6,,,,,,,,,,,,,,,,,,,,,,,,,,,,,,,,,,,,
2612,2019,1,28,4,30,-0.5,0,0,0,2.6,,,,,,,,,,,,,,,,,,,,,,,,,,,,,,,,,,,,
2613,2019,1,28,4,45,-0.7000000000000001,0,0,0,2.6,,,,,,,,,,,,,,,,,,,,,,,,,,,,,,,,,,,,
2614,2019,1,28,5,0,-0.8,0,0,0,2.5,,,,,,,,,,,,,,,,,,,,,,,,,,,,,,,,,,,,
2615,2019,1,28,5,15,-0.9,0,0,0,2.6,,,,,,,,,,,,,,,,,,,,,,,,,,,,,,,,,,,,
2616,2019,1,28,5,30,-0.9,0,0,0,2.7,,,,,,,,,,,,,,,,,,,,,,,,,,,,,,,,,,,,
2617,2019,1,28,5,45,-1,0,0,0,2.8000000000000003,,,,,,,,,,,,,,,,,,,,,,,,,,,,,,,,,,,,
2618,2019,1,28,6,0,-1.1,0,0,0,3,,,,,,,,,,,,,,,,,,,,,,,,,,,,,,,,,,,,
2619,2019,1,28,6,15,-1,0,0,0,3.1,,,,,,,,,,,,,,,,,,,,,,,,,,,,,,,,,,,,
2620,2019,1,28,6,30,-1,0,0,0,3.3000000000000003,,,,,,,,,,,,,,,,,,,,,,,,,,,,,,,,,,,,
2621,2019,1,28,6,45,-1,0,0,0,3.5,,,,,,,,,,,,,,,,,,,,,,,,,,,,,,,,,,,,
2622,2019,1,28,7,0,-1,0,0,0,3.7,,,,,,,,,,,,,,,,,,,,,,,,,,,,,,,,,,,,
2623,2019,1,28,7,15,-0.8,0,0,0,3.8000000000000003,,,,,,,,,,,,,,,,,,,,,,,,,,,,,,,,,,,,
2624,2019,1,28,7,30,-0.7000000000000001,0,0,0,4,,,,,,,,,,,,,,,,,,,,,,,,,,,,,,,,,,,,
2625,2019,1,28,7,45,-0.5,0,0,0,4.1000000000000005,,,,,,,,,,,,,,,,,,,,,,,,,,,,,,,,,,,,
2626,2019,1,28,8,0,-0.4,0,0,0,4.3,,,,,,,,,,,,,,,,,,,,,,,,,,,,,,,,,,,,
2627,2019,1,28,8,15,-0.1,2,0,2,4.4,,,,,,,,,,,,,,,,,,,,,,,,,,,,,,,,,,,,
2628,2019,1,28,8,30,0.2,4,0,4,4.4,,,,,,,,,,,,,,,,,,,,,,,,,,,,,,,,,,,,
2629,2019,1,28,8,45,0.5,7,0,7,4.5,,,,,,,,,,,,,,,,,,,,,,,,,,,,,,,,,,,,
2630,2019,1,28,9,0,0.8,9,0,9,4.6000000000000005,,,,,,,,,,,,,,,,,,,,,,,,,,,,,,,,,,,,
2631,2019,1,28,9,15,1.2000000000000002,42,496,116,4.7,,,,,,,,,,,,,,,,,,,,,,,,,,,,,,,,,,,,
2632,2019,1,28,9,30,1.5,41,0,41,4.800000000000001,,,,,,,,,,,,,,,,,,,,,,,,,,,,,,,,,,,,
2633,2019,1,28,9,45,1.9000000000000001,52,591,171,4.9,,,,,,,,,,,,,,,,,,,,,,,,,,,,,,,,,,,,
2634,2019,1,28,10,0,2.2,55,627,197,5,,,,,,,,,,,,,,,,,,,,,,,,,,,,,,,,,,,,
2635,2019,1,28,10,15,2.5,58,657,222,5.1000000000000005,,,,,,,,,,,,,,,,,,,,,,,,,,,,,,,,,,,,
2636,2019,1,28,10,30,2.7,25,0,25,5.300000000000001,,,,,,,,,,,,,,,,,,,,,,,,,,,,,,,,,,,,
2637,2019,1,28,10,45,3,27,0,27,5.4,,,,,,,,,,,,,,,,,,,,,,,,,,,,,,,,,,,,
2638,2019,1,28,11,0,3.3000000000000003,29,0,29,5.5,,,,,,,,,,,,,,,,,,,,,,,,,,,,,,,,,,,,
2639,2019,1,28,11,15,3.4000000000000004,20,0,20,5.5,,,,,,,,,,,,,,,,,,,,,,,,,,,,,,,,,,,,
2640,2019,1,28,11,30,3.5,21,0,21,5.4,,,,,,,,,,,,,,,,,,,,,,,,,,,,,,,,,,,,
2641,2019,1,28,11,45,3.6,22,0,22,5.4,,,,,,,,,,,,,,,,,,,,,,,,,,,,,,,,,,,,
2642,2019,1,28,12,0,3.8000000000000003,23,0,23,5.300000000000001,,,,,,,,,,,,,,,,,,,,,,,,,,,,,,,,,,,,
2643,2019,1,28,12,15,3.8000000000000003,100,0,100,5.1000000000000005,,,,,,,,,,,,,,,,,,,,,,,,,,,,,,,,,,,,
2644,2019,1,28,12,30,3.7,38,0,38,5,,,,,,,,,,,,,,,,,,,,,,,,,,,,,,,,,,,,
2645,2019,1,28,12,45,3.7,51,0,51,4.800000000000001,,,,,,,,,,,,,,,,,,,,,,,,,,,,,,,,,,,,
2646,2019,1,28,13,0,3.7,43,0,43,4.6000000000000005,,,,,,,,,,,,,,,,,,,,,,,,,,,,,,,,,,,,
2647,2019,1,28,13,15,3.5,22,0,22,4.3,,,,,,,,,,,,,,,,,,,,,,,,,,,,,,,,,,,,
2648,2019,1,28,13,30,3.4000000000000004,21,0,21,4,,,,,,,,,,,,,,,,,,,,,,,,,,,,,,,,,,,,
2649,2019,1,28,13,45,3.2,20,0,20,3.7,,,,,,,,,,,,,,,,,,,,,,,,,,,,,,,,,,,,
2650,2019,1,28,14,0,3,19,0,19,3.3000000000000003,,,,,,,,,,,,,,,,,,,,,,,,,,,,,,,,,,,,
2651,2019,1,28,14,15,2.7,17,0,17,3,,,,,,,,,,,,,,,,,,,,,,,,,,,,,,,,,,,,
2652,2019,1,28,14,30,2.3000000000000003,15,0,15,2.7,,,,,,,,,,,,,,,,,,,,,,,,,,,,,,,,,,,,
2653,2019,1,28,14,45,2,14,0,14,2.4000000000000004,,,,,,,,,,,,,,,,,,,,,,,,,,,,,,,,,,,,
2654,2019,1,28,15,0,1.6,53,0,53,2.1,,,,,,,,,,,,,,,,,,,,,,,,,,,,,,,,,,,,
2655,2019,1,28,15,15,1.3,10,0,10,2,,,,,,,,,,,,,,,,,,,,,,,,,,,,,,,,,,,,
2656,2019,1,28,15,30,0.9,9,0,9,1.9000000000000001,,,,,,,,,,,,,,,,,,,,,,,,,,,,,,,,,,,,
2657,2019,1,28,15,45,0.6000000000000001,7,0,7,1.8,,,,,,,,,,,,,,,,,,,,,,,,,,,,,,,,,,,,
2658,2019,1,28,16,0,0.2,6,0,6,1.8,,,,,,,,,,,,,,,,,,,,,,,,,,,,,,,,,,,,
2659,2019,1,28,16,15,0.1,4,0,4,1.9000000000000001,,,,,,,,,,,,,,,,,,,,,,,,,,,,,,,,,,,,
2660,2019,1,28,16,30,0.1,3,0,3,2,,,,,,,,,,,,,,,,,,,,,,,,,,,,,,,,,,,,
2661,2019,1,28,16,45,0,0,0,0,2.1,,,,,,,,,,,,,,,,,,,,,,,,,,,,,,,,,,,,
2662,2019,1,28,17,0,-0.1,0,0,0,2.2,,,,,,,,,,,,,,,,,,,,,,,,,,,,,,,,,,,,
2663,2019,1,28,17,15,0,0,0,0,2.4000000000000004,,,,,,,,,,,,,,,,,,,,,,,,,,,,,,,,,,,,
2664,2019,1,28,17,30,0,0,0,0,2.7,,,,,,,,,,,,,,,,,,,,,,,,,,,,,,,,,,,,
2665,2019,1,28,17,45,0,0,0,0,2.9000000000000004,,,,,,,,,,,,,,,,,,,,,,,,,,,,,,,,,,,,
2666,2019,1,28,18,0,0.1,0,0,0,3.2,,,,,,,,,,,,,,,,,,,,,,,,,,,,,,,,,,,,
2667,2019,1,28,18,15,0.1,0,0,0,3.4000000000000004,,,,,,,,,,,,,,,,,,,,,,,,,,,,,,,,,,,,
2668,2019,1,28,18,30,0.1,0,0,0,3.6,,,,,,,,,,,,,,,,,,,,,,,,,,,,,,,,,,,,
2669,2019,1,28,18,45,0.2,0,0,0,3.8000000000000003,,,,,,,,,,,,,,,,,,,,,,,,,,,,,,,,,,,,
2670,2019,1,28,19,0,0.2,0,0,0,4,,,,,,,,,,,,,,,,,,,,,,,,,,,,,,,,,,,,
2671,2019,1,28,19,15,0.2,0,0,0,4.1000000000000005,,,,,,,,,,,,,,,,,,,,,,,,,,,,,,,,,,,,
2672,2019,1,28,19,30,0.2,0,0,0,4.2,,,,,,,,,,,,,,,,,,,,,,,,,,,,,,,,,,,,
2673,2019,1,28,19,45,0.2,0,0,0,4.3,,,,,,,,,,,,,,,,,,,,,,,,,,,,,,,,,,,,
2674,2019,1,28,20,0,0.2,0,0,0,4.4,,,,,,,,,,,,,,,,,,,,,,,,,,,,,,,,,,,,
2675,2019,1,28,20,15,0.2,0,0,0,4.6000000000000005,,,,,,,,,,,,,,,,,,,,,,,,,,,,,,,,,,,,
2676,2019,1,28,20,30,0.2,0,0,0,4.800000000000001,,,,,,,,,,,,,,,,,,,,,,,,,,,,,,,,,,,,
2677,2019,1,28,20,45,0.2,0,0,0,4.9,,,,,,,,,,,,,,,,,,,,,,,,,,,,,,,,,,,,
2678,2019,1,28,21,0,0.2,0,0,0,5.1000000000000005,,,,,,,,,,,,,,,,,,,,,,,,,,,,,,,,,,,,
2679,2019,1,28,21,15,0.1,0,0,0,5.1000000000000005,,,,,,,,,,,,,,,,,,,,,,,,,,,,,,,,,,,,
2680,2019,1,28,21,30,0.1,0,0,0,5.2,,,,,,,,,,,,,,,,,,,,,,,,,,,,,,,,,,,,
2681,2019,1,28,21,45,0,0,0,0,5.300000000000001,,,,,,,,,,,,,,,,,,,,,,,,,,,,,,,,,,,,
2682,2019,1,28,22,0,-0.1,0,0,0,5.4,,,,,,,,,,,,,,,,,,,,,,,,,,,,,,,,,,,,
2683,2019,1,28,22,15,-0.1,0,0,0,5.5,,,,,,,,,,,,,,,,,,,,,,,,,,,,,,,,,,,,
2684,2019,1,28,22,30,-0.2,0,0,0,5.5,,,,,,,,,,,,,,,,,,,,,,,,,,,,,,,,,,,,
2685,2019,1,28,22,45,-0.30000000000000004,0,0,0,5.6000000000000005,,,,,,,,,,,,,,,,,,,,,,,,,,,,,,,,,,,,
2686,2019,1,28,23,0,-0.4,0,0,0,5.7,,,,,,,,,,,,,,,,,,,,,,,,,,,,,,,,,,,,
2687,2019,1,28,23,15,-0.4,0,0,0,5.6000000000000005,,,,,,,,,,,,,,,,,,,,,,,,,,,,,,,,,,,,
2688,2019,1,28,23,30,-0.5,0,0,0,5.6000000000000005,,,,,,,,,,,,,,,,,,,,,,,,,,,,,,,,,,,,
2689,2019,1,28,23,45,-0.6000000000000001,0,0,0,5.6000000000000005,,,,,,,,,,,,,,,,,,,,,,,,,,,,,,,,,,,,
2690,2019,1,29,0,0,-0.6000000000000001,0,0,0,5.6000000000000005,,,,,,,,,,,,,,,,,,,,,,,,,,,,,,,,,,,,
2691,2019,1,29,0,15,-0.6000000000000001,0,0,0,5.6000000000000005,,,,,,,,,,,,,,,,,,,,,,,,,,,,,,,,,,,,
2692,2019,1,29,0,30,-0.6000000000000001,0,0,0,5.6000000000000005,,,,,,,,,,,,,,,,,,,,,,,,,,,,,,,,,,,,
2693,2019,1,29,0,45,-0.6000000000000001,0,0,0,5.6000000000000005,,,,,,,,,,,,,,,,,,,,,,,,,,,,,,,,,,,,
2694,2019,1,29,1,0,-0.9,0,0,0,5.300000000000001,,,,,,,,,,,,,,,,,,,,,,,,,,,,,,,,,,,,
2695,2019,1,29,1,15,-0.9,0,0,0,5.2,,,,,,,,,,,,,,,,,,,,,,,,,,,,,,,,,,,,
2696,2019,1,29,1,30,-1,0,0,0,5.1000000000000005,,,,,,,,,,,,,,,,,,,,,,,,,,,,,,,,,,,,
2697,2019,1,29,1,45,-1,0,0,0,5,,,,,,,,,,,,,,,,,,,,,,,,,,,,,,,,,,,,
2698,2019,1,29,2,0,-1.1,0,0,0,4.9,,,,,,,,,,,,,,,,,,,,,,,,,,,,,,,,,,,,
2699,2019,1,29,2,15,-1.1,0,0,0,4.800000000000001,,,,,,,,,,,,,,,,,,,,,,,,,,,,,,,,,,,,
2700,2019,1,29,2,30,-1.2000000000000002,0,0,0,4.7,,,,,,,,,,,,,,,,,,,,,,,,,,,,,,,,,,,,
2701,2019,1,29,2,45,-1.3,0,0,0,4.5,,,,,,,,,,,,,,,,,,,,,,,,,,,,,,,,,,,,
2702,2019,1,29,3,0,-1.4000000000000001,0,0,0,4.4,,,,,,,,,,,,,,,,,,,,,,,,,,,,,,,,,,,,
2703,2019,1,29,3,15,-1.5,0,0,0,4.2,,,,,,,,,,,,,,,,,,,,,,,,,,,,,,,,,,,,
2704,2019,1,29,3,30,-1.6,0,0,0,4.1000000000000005,,,,,,,,,,,,,,,,,,,,,,,,,,,,,,,,,,,,
2705,2019,1,29,3,45,-1.8,0,0,0,3.9000000000000004,,,,,,,,,,,,,,,,,,,,,,,,,,,,,,,,,,,,
2706,2019,1,29,4,0,-1.9000000000000001,0,0,0,3.7,,,,,,,,,,,,,,,,,,,,,,,,,,,,,,,,,,,,
2707,2019,1,29,4,15,-2,0,0,0,3.6,,,,,,,,,,,,,,,,,,,,,,,,,,,,,,,,,,,,
2708,2019,1,29,4,30,-2.1,0,0,0,3.6,,,,,,,,,,,,,,,,,,,,,,,,,,,,,,,,,,,,
2709,2019,1,29,4,45,-2.2,0,0,0,3.5,,,,,,,,,,,,,,,,,,,,,,,,,,,,,,,,,,,,
2710,2019,1,29,5,0,-2.3000000000000003,0,0,0,3.4000000000000004,,,,,,,,,,,,,,,,,,,,,,,,,,,,,,,,,,,,
2711,2019,1,29,5,15,-2.2,0,0,0,3.4000000000000004,,,,,,,,,,,,,,,,,,,,,,,,,,,,,,,,,,,,
2712,2019,1,29,5,30,-2.2,0,0,0,3.4000000000000004,,,,,,,,,,,,,,,,,,,,,,,,,,,,,,,,,,,,
2713,2019,1,29,5,45,-2.2,0,0,0,3.4000000000000004,,,,,,,,,,,,,,,,,,,,,,,,,,,,,,,,,,,,
2714,2019,1,29,6,0,-2.1,0,0,0,3.4000000000000004,,,,,,,,,,,,,,,,,,,,,,,,,,,,,,,,,,,,
2715,2019,1,29,6,15,-2,0,0,0,3.4000000000000004,,,,,,,,,,,,,,,,,,,,,,,,,,,,,,,,,,,,
2716,2019,1,29,6,30,-2,0,0,0,3.4000000000000004,,,,,,,,,,,,,,,,,,,,,,,,,,,,,,,,,,,,
2717,2019,1,29,6,45,-1.9000000000000001,0,0,0,3.4000000000000004,,,,,,,,,,,,,,,,,,,,,,,,,,,,,,,,,,,,
2718,2019,1,29,7,0,-1.8,0,0,0,3.5,,,,,,,,,,,,,,,,,,,,,,,,,,,,,,,,,,,,
2719,2019,1,29,7,15,-1.6,0,0,0,3.5,,,,,,,,,,,,,,,,,,,,,,,,,,,,,,,,,,,,
2720,2019,1,29,7,30,-1.4000000000000001,0,0,0,3.6,,,,,,,,,,,,,,,,,,,,,,,,,,,,,,,,,,,,
2721,2019,1,29,7,45,-1.2000000000000002,0,0,0,3.6,,,,,,,,,,,,,,,,,,,,,,,,,,,,,,,,,,,,
2722,2019,1,29,8,0,-1,0,0,0,3.7,,,,,,,,,,,,,,,,,,,,,,,,,,,,,,,,,,,,
2723,2019,1,29,8,15,-0.7000000000000001,2,0,2,3.7,,,,,,,,,,,,,,,,,,,,,,,,,,,,,,,,,,,,
2724,2019,1,29,8,30,-0.30000000000000004,3,0,3,3.8000000000000003,,,,,,,,,,,,,,,,,,,,,,,,,,,,,,,,,,,,
2725,2019,1,29,8,45,0,5,0,5,3.9000000000000004,,,,,,,,,,,,,,,,,,,,,,,,,,,,,,,,,,,,
2726,2019,1,29,9,0,0.30000000000000004,6,0,6,4,,,,,,,,,,,,,,,,,,,,,,,,,,,,,,,,,,,,
2727,2019,1,29,9,15,0.6000000000000001,8,0,8,4,,,,,,,,,,,,,,,,,,,,,,,,,,,,,,,,,,,,
2728,2019,1,29,9,30,0.9,10,0,10,4.1000000000000005,,,,,,,,,,,,,,,,,,,,,,,,,,,,,,,,,,,,
2729,2019,1,29,9,45,1.2000000000000002,12,0,12,4.2,,,,,,,,,,,,,,,,,,,,,,,,,,,,,,,,,,,,
2730,2019,1,29,10,0,1.5,13,0,13,4.2,,,,,,,,,,,,,,,,,,,,,,,,,,,,,,,,,,,,
2731,2019,1,29,10,15,1.7000000000000002,15,0,15,4.2,,,,,,,,,,,,,,,,,,,,,,,,,,,,,,,,,,,,
2732,2019,1,29,10,30,1.9000000000000001,17,0,17,4.2,,,,,,,,,,,,,,,,,,,,,,,,,,,,,,,,,,,,
2733,2019,1,29,10,45,2.2,19,0,19,4.2,,,,,,,,,,,,,,,,,,,,,,,,,,,,,,,,,,,,
2734,2019,1,29,11,0,2.4000000000000004,20,0,20,4.2,,,,,,,,,,,,,,,,,,,,,,,,,,,,,,,,,,,,
2735,2019,1,29,11,15,2.5,21,0,21,4.1000000000000005,,,,,,,,,,,,,,,,,,,,,,,,,,,,,,,,,,,,
2736,2019,1,29,11,30,2.6,113,0,113,4.1000000000000005,,,,,,,,,,,,,,,,,,,,,,,,,,,,,,,,,,,,
2737,2019,1,29,11,45,2.7,132,37,145,4,,,,,,,,,,,,,,,,,,,,,,,,,,,,,,,,,,,,
2738,2019,1,29,12,0,2.8000000000000003,139,62,161,3.9000000000000004,,,,,,,,,,,,,,,,,,,,,,,,,,,,,,,,,,,,
2739,2019,1,29,12,15,2.9000000000000004,145,144,194,3.8000000000000003,,,,,,,,,,,,,,,,,,,,,,,,,,,,,,,,,,,,
2740,2019,1,29,12,30,2.9000000000000004,144,83,173,3.7,,,,,,,,,,,,,,,,,,,,,,,,,,,,,,,,,,,,
2741,2019,1,29,12,45,2.9000000000000004,102,0,102,3.6,,,,,,,,,,,,,,,,,,,,,,,,,,,,,,,,,,,,
2742,2019,1,29,13,0,3,23,0,23,3.5,,,,,,,,,,,,,,,,,,,,,,,,,,,,,,,,,,,,
2743,2019,1,29,13,15,2.9000000000000004,23,0,23,3.3000000000000003,,,,,,,,,,,,,,,,,,,,,,,,,,,,,,,,,,,,
2744,2019,1,29,13,30,2.8000000000000003,22,0,22,3.1,,,,,,,,,,,,,,,,,,,,,,,,,,,,,,,,,,,,
2745,2019,1,29,13,45,2.8000000000000003,21,0,21,2.9000000000000004,,,,,,,,,,,,,,,,,,,,,,,,,,,,,,,,,,,,
2746,2019,1,29,14,0,2.7,28,0,28,2.7,,,,,,,,,,,,,,,,,,,,,,,,,,,,,,,,,,,,
2747,2019,1,29,14,15,2.3000000000000003,37,0,37,2.3000000000000003,,,,,,,,,,,,,,,,,,,,,,,,,,,,,,,,,,,,
2748,2019,1,29,14,30,1.9000000000000001,22,0,22,2,,,,,,,,,,,,,,,,,,,,,,,,,,,,,,,,,,,,
2749,2019,1,29,14,45,1.5,20,0,20,1.6,,,,,,,,,,,,,,,,,,,,,,,,,,,,,,,,,,,,
2750,2019,1,29,15,0,1.1,17,0,17,1.2000000000000002,,,,,,,,,,,,,,,,,,,,,,,,,,,,,,,,,,,,
2751,2019,1,29,15,15,0.5,15,0,15,1.2000000000000002,,,,,,,,,,,,,,,,,,,,,,,,,,,,,,,,,,,,
2752,2019,1,29,15,30,-0.1,12,0,12,1.2000000000000002,,,,,,,,,,,,,,,,,,,,,,,,,,,,,,,,,,,,
2753,2019,1,29,15,45,-0.7000000000000001,10,0,10,1.2000000000000002,,,,,,,,,,,,,,,,,,,,,,,,,,,,,,,,,,,,
2754,2019,1,29,16,0,-1.3,8,0,8,1.2000000000000002,,,,,,,,,,,,,,,,,,,,,,,,,,,,,,,,,,,,
2755,2019,1,29,16,15,-1.5,6,0,6,1.2000000000000002,,,,,,,,,,,,,,,,,,,,,,,,,,,,,,,,,,,,
2756,2019,1,29,16,30,-1.7000000000000002,4,0,4,1.3,,,,,,,,,,,,,,,,,,,,,,,,,,,,,,,,,,,,
2757,2019,1,29,16,45,-1.8,12,102,14,1.3,,,,,,,,,,,,,,,,,,,,,,,,,,,,,,,,,,,,
2758,2019,1,29,17,0,-2,0,0,0,1.3,,,,,,,,,,,,,,,,,,,,,,,,,,,,,,,,,,,,
2759,2019,1,29,17,15,-2.1,0,0,0,1.3,,,,,,,,,,,,,,,,,,,,,,,,,,,,,,,,,,,,
2760,2019,1,29,17,30,-2.1,0,0,0,1.4000000000000001,,,,,,,,,,,,,,,,,,,,,,,,,,,,,,,,,,,,
2761,2019,1,29,17,45,-2.1,0,0,0,1.4000000000000001,,,,,,,,,,,,,,,,,,,,,,,,,,,,,,,,,,,,
2762,2019,1,29,18,0,-2.2,0,0,0,1.4000000000000001,,,,,,,,,,,,,,,,,,,,,,,,,,,,,,,,,,,,
2763,2019,1,29,18,15,-2.2,0,0,0,1.5,,,,,,,,,,,,,,,,,,,,,,,,,,,,,,,,,,,,
2764,2019,1,29,18,30,-2.2,0,0,0,1.5,,,,,,,,,,,,,,,,,,,,,,,,,,,,,,,,,,,,
2765,2019,1,29,18,45,-2.3000000000000003,0,0,0,1.5,,,,,,,,,,,,,,,,,,,,,,,,,,,,,,,,,,,,
2766,2019,1,29,19,0,-2.3000000000000003,0,0,0,1.6,,,,,,,,,,,,,,,,,,,,,,,,,,,,,,,,,,,,
2767,2019,1,29,19,15,-2.4000000000000004,0,0,0,1.6,,,,,,,,,,,,,,,,,,,,,,,,,,,,,,,,,,,,
2768,2019,1,29,19,30,-2.4000000000000004,0,0,0,1.6,,,,,,,,,,,,,,,,,,,,,,,,,,,,,,,,,,,,
2769,2019,1,29,19,45,-2.5,0,0,0,1.7000000000000002,,,,,,,,,,,,,,,,,,,,,,,,,,,,,,,,,,,,
2770,2019,1,29,20,0,-2.6,0,0,0,1.7000000000000002,,,,,,,,,,,,,,,,,,,,,,,,,,,,,,,,,,,,
2771,2019,1,29,20,15,-2.6,0,0,0,1.7000000000000002,,,,,,,,,,,,,,,,,,,,,,,,,,,,,,,,,,,,
2772,2019,1,29,20,30,-2.7,0,0,0,1.7000000000000002,,,,,,,,,,,,,,,,,,,,,,,,,,,,,,,,,,,,
2773,2019,1,29,20,45,-2.8000000000000003,0,0,0,1.7000000000000002,,,,,,,,,,,,,,,,,,,,,,,,,,,,,,,,,,,,
2774,2019,1,29,21,0,-2.8000000000000003,0,0,0,1.7000000000000002,,,,,,,,,,,,,,,,,,,,,,,,,,,,,,,,,,,,
2775,2019,1,29,21,15,-2.9000000000000004,0,0,0,1.7000000000000002,,,,,,,,,,,,,,,,,,,,,,,,,,,,,,,,,,,,
2776,2019,1,29,21,30,-2.9000000000000004,0,0,0,1.7000000000000002,,,,,,,,,,,,,,,,,,,,,,,,,,,,,,,,,,,,
2777,2019,1,29,21,45,-3,0,0,0,1.7000000000000002,,,,,,,,,,,,,,,,,,,,,,,,,,,,,,,,,,,,
2778,2019,1,29,22,0,-3.1,0,0,0,1.7000000000000002,,,,,,,,,,,,,,,,,,,,,,,,,,,,,,,,,,,,
2779,2019,1,29,22,15,-3.1,0,0,0,1.7000000000000002,,,,,,,,,,,,,,,,,,,,,,,,,,,,,,,,,,,,
2780,2019,1,29,22,30,-3.2,0,0,0,1.7000000000000002,,,,,,,,,,,,,,,,,,,,,,,,,,,,,,,,,,,,
2781,2019,1,29,22,45,-3.2,0,0,0,1.7000000000000002,,,,,,,,,,,,,,,,,,,,,,,,,,,,,,,,,,,,
2782,2019,1,29,23,0,-3.2,0,0,0,1.7000000000000002,,,,,,,,,,,,,,,,,,,,,,,,,,,,,,,,,,,,
2783,2019,1,29,23,15,-3.3000000000000003,0,0,0,1.7000000000000002,,,,,,,,,,,,,,,,,,,,,,,,,,,,,,,,,,,,
2784,2019,1,29,23,30,-3.3000000000000003,0,0,0,1.7000000000000002,,,,,,,,,,,,,,,,,,,,,,,,,,,,,,,,,,,,
2785,2019,1,29,23,45,-3.4000000000000004,0,0,0,1.7000000000000002,,,,,,,,,,,,,,,,,,,,,,,,,,,,,,,,,,,,
2786,2019,1,30,0,0,-3.4000000000000004,0,0,0,1.7000000000000002,,,,,,,,,,,,,,,,,,,,,,,,,,,,,,,,,,,,
2787,2019,1,30,0,15,-3.4000000000000004,0,0,0,1.7000000000000002,,,,,,,,,,,,,,,,,,,,,,,,,,,,,,,,,,,,
2788,2019,1,30,0,30,-3.4000000000000004,0,0,0,1.7000000000000002,,,,,,,,,,,,,,,,,,,,,,,,,,,,,,,,,,,,
2789,2019,1,30,0,45,-3.4000000000000004,0,0,0,1.7000000000000002,,,,,,,,,,,,,,,,,,,,,,,,,,,,,,,,,,,,
2790,2019,1,30,1,0,-3.6,0,0,0,1.8,,,,,,,,,,,,,,,,,,,,,,,,,,,,,,,,,,,,
2791,2019,1,30,1,15,-3.6,0,0,0,1.9000000000000001,,,,,,,,,,,,,,,,,,,,,,,,,,,,,,,,,,,,
2792,2019,1,30,1,30,-3.7,0,0,0,1.9000000000000001,,,,,,,,,,,,,,,,,,,,,,,,,,,,,,,,,,,,
2793,2019,1,30,1,45,-3.7,0,0,0,2,,,,,,,,,,,,,,,,,,,,,,,,,,,,,,,,,,,,
2794,2019,1,30,2,0,-3.7,0,0,0,2.1,,,,,,,,,,,,,,,,,,,,,,,,,,,,,,,,,,,,
2795,2019,1,30,2,15,-3.7,0,0,0,2.2,,,,,,,,,,,,,,,,,,,,,,,,,,,,,,,,,,,,
2796,2019,1,30,2,30,-3.7,0,0,0,2.3000000000000003,,,,,,,,,,,,,,,,,,,,,,,,,,,,,,,,,,,,
2797,2019,1,30,2,45,-3.7,0,0,0,2.4000000000000004,,,,,,,,,,,,,,,,,,,,,,,,,,,,,,,,,,,,
2798,2019,1,30,3,0,-3.7,0,0,0,2.5,,,,,,,,,,,,,,,,,,,,,,,,,,,,,,,,,,,,
2799,2019,1,30,3,15,-3.7,0,0,0,2.6,,,,,,,,,,,,,,,,,,,,,,,,,,,,,,,,,,,,
2800,2019,1,30,3,30,-3.7,0,0,0,2.7,,,,,,,,,,,,,,,,,,,,,,,,,,,,,,,,,,,,
2801,2019,1,30,3,45,-3.7,0,0,0,2.8000000000000003,,,,,,,,,,,,,,,,,,,,,,,,,,,,,,,,,,,,
2802,2019,1,30,4,0,-3.7,0,0,0,2.8000000000000003,,,,,,,,,,,,,,,,,,,,,,,,,,,,,,,,,,,,
2803,2019,1,30,4,15,-3.8000000000000003,0,0,0,2.9000000000000004,,,,,,,,,,,,,,,,,,,,,,,,,,,,,,,,,,,,
2804,2019,1,30,4,30,-3.8000000000000003,0,0,0,2.9000000000000004,,,,,,,,,,,,,,,,,,,,,,,,,,,,,,,,,,,,
2805,2019,1,30,4,45,-3.8000000000000003,0,0,0,3,,,,,,,,,,,,,,,,,,,,,,,,,,,,,,,,,,,,
2806,2019,1,30,5,0,-3.9000000000000004,0,0,0,3,,,,,,,,,,,,,,,,,,,,,,,,,,,,,,,,,,,,
2807,2019,1,30,5,15,-3.9000000000000004,0,0,0,3.1,,,,,,,,,,,,,,,,,,,,,,,,,,,,,,,,,,,,
2808,2019,1,30,5,30,-3.9000000000000004,0,0,0,3.1,,,,,,,,,,,,,,,,,,,,,,,,,,,,,,,,,,,,
2809,2019,1,30,5,45,-3.9000000000000004,0,0,0,3.2,,,,,,,,,,,,,,,,,,,,,,,,,,,,,,,,,,,,
2810,2019,1,30,6,0,-3.9000000000000004,0,0,0,3.3000000000000003,,,,,,,,,,,,,,,,,,,,,,,,,,,,,,,,,,,,
2811,2019,1,30,6,15,-3.8000000000000003,0,0,0,3.3000000000000003,,,,,,,,,,,,,,,,,,,,,,,,,,,,,,,,,,,,
2812,2019,1,30,6,30,-3.8000000000000003,0,0,0,3.4000000000000004,,,,,,,,,,,,,,,,,,,,,,,,,,,,,,,,,,,,
2813,2019,1,30,6,45,-3.8000000000000003,0,0,0,3.5,,,,,,,,,,,,,,,,,,,,,,,,,,,,,,,,,,,,
2814,2019,1,30,7,0,-3.7,0,0,0,3.5,,,,,,,,,,,,,,,,,,,,,,,,,,,,,,,,,,,,
2815,2019,1,30,7,15,-3.6,0,0,0,3.6,,,,,,,,,,,,,,,,,,,,,,,,,,,,,,,,,,,,
2816,2019,1,30,7,30,-3.4000000000000004,0,0,0,3.7,,,,,,,,,,,,,,,,,,,,,,,,,,,,,,,,,,,,
2817,2019,1,30,7,45,-3.3000000000000003,0,0,0,3.8000000000000003,,,,,,,,,,,,,,,,,,,,,,,,,,,,,,,,,,,,
2818,2019,1,30,8,0,-3.2,0,0,0,3.9000000000000004,,,,,,,,,,,,,,,,,,,,,,,,,,,,,,,,,,,,
2819,2019,1,30,8,15,-2.9000000000000004,5,0,5,3.9000000000000004,,,,,,,,,,,,,,,,,,,,,,,,,,,,,,,,,,,,
2820,2019,1,30,8,30,-2.6,9,0,9,4,,,,,,,,,,,,,,,,,,,,,,,,,,,,,,,,,,,,
2821,2019,1,30,8,45,-2.4000000000000004,7,0,7,4.1000000000000005,,,,,,,,,,,,,,,,,,,,,,,,,,,,,,,,,,,,
2822,2019,1,30,9,0,-2.1,9,0,9,4.2,,,,,,,,,,,,,,,,,,,,,,,,,,,,,,,,,,,,
2823,2019,1,30,9,15,-1.8,11,0,11,4.3,,,,,,,,,,,,,,,,,,,,,,,,,,,,,,,,,,,,
2824,2019,1,30,9,30,-1.5,14,0,14,4.5,,,,,,,,,,,,,,,,,,,,,,,,,,,,,,,,,,,,
2825,2019,1,30,9,45,-1.2000000000000002,16,0,16,4.6000000000000005,,,,,,,,,,,,,,,,,,,,,,,,,,,,,,,,,,,,
2826,2019,1,30,10,0,-0.9,19,0,19,4.800000000000001,,,,,,,,,,,,,,,,,,,,,,,,,,,,,,,,,,,,
2827,2019,1,30,10,15,-0.6000000000000001,32,0,32,4.9,,,,,,,,,,,,,,,,,,,,,,,,,,,,,,,,,,,,
2828,2019,1,30,10,30,-0.4,35,0,35,5,,,,,,,,,,,,,,,,,,,,,,,,,,,,,,,,,,,,
2829,2019,1,30,10,45,-0.1,54,0,54,5.1000000000000005,,,,,,,,,,,,,,,,,,,,,,,,,,,,,,,,,,,,
2830,2019,1,30,11,0,0.1,66,0,66,5.2,,,,,,,,,,,,,,,,,,,,,,,,,,,,,,,,,,,,
2831,2019,1,30,11,15,0.30000000000000004,64,0,64,5.2,,,,,,,,,,,,,,,,,,,,,,,,,,,,,,,,,,,,
2832,2019,1,30,11,30,0.5,112,0,112,5.2,,,,,,,,,,,,,,,,,,,,,,,,,,,,,,,,,,,,
2833,2019,1,30,11,45,0.7000000000000001,138,59,159,5.2,,,,,,,,,,,,,,,,,,,,,,,,,,,,,,,,,,,,
2834,2019,1,30,12,0,0.9,145,113,185,5.2,,,,,,,,,,,,,,,,,,,,,,,,,,,,,,,,,,,,
2835,2019,1,30,12,15,1,146,95,180,5.2,,,,,,,,,,,,,,,,,,,,,,,,,,,,,,,,,,,,
2836,2019,1,30,12,30,1.2000000000000002,146,85,176,5.1000000000000005,,,,,,,,,,,,,,,,,,,,,,,,,,,,,,,,,,,,
2837,2019,1,30,12,45,1.3,143,66,166,5.1000000000000005,,,,,,,,,,,,,,,,,,,,,,,,,,,,,,,,,,,,
2838,2019,1,30,13,0,1.4000000000000001,140,58,160,5,,,,,,,,,,,,,,,,,,,,,,,,,,,,,,,,,,,,
2839,2019,1,30,13,15,1.4000000000000001,126,17,132,4.9,,,,,,,,,,,,,,,,,,,,,,,,,,,,,,,,,,,,
2840,2019,1,30,13,30,1.4000000000000001,50,0,50,4.800000000000001,,,,,,,,,,,,,,,,,,,,,,,,,,,,,,,,,,,,
2841,2019,1,30,13,45,1.5,47,0,47,4.7,,,,,,,,,,,,,,,,,,,,,,,,,,,,,,,,,,,,
2842,2019,1,30,14,0,1.5,17,0,17,4.5,,,,,,,,,,,,,,,,,,,,,,,,,,,,,,,,,,,,
2843,2019,1,30,14,15,1.3,41,0,41,4.3,,,,,,,,,,,,,,,,,,,,,,,,,,,,,,,,,,,,
2844,2019,1,30,14,30,1.2000000000000002,12,0,12,4.1000000000000005,,,,,,,,,,,,,,,,,,,,,,,,,,,,,,,,,,,,
2845,2019,1,30,14,45,1,11,0,11,3.9000000000000004,,,,,,,,,,,,,,,,,,,,,,,,,,,,,,,,,,,,
2846,2019,1,30,15,0,0.9,10,0,10,3.7,,,,,,,,,,,,,,,,,,,,,,,,,,,,,,,,,,,,
2847,2019,1,30,15,15,0.6000000000000001,9,0,9,3.6,,,,,,,,,,,,,,,,,,,,,,,,,,,,,,,,,,,,
2848,2019,1,30,15,30,0.4,8,0,8,3.5,,,,,,,,,,,,,,,,,,,,,,,,,,,,,,,,,,,,
2849,2019,1,30,15,45,0.2,7,0,7,3.4000000000000004,,,,,,,,,,,,,,,,,,,,,,,,,,,,,,,,,,,,
2850,2019,1,30,16,0,0,6,0,6,3.3000000000000003,,,,,,,,,,,,,,,,,,,,,,,,,,,,,,,,,,,,
2851,2019,1,30,16,15,-0.1,5,0,5,3.3000000000000003,,,,,,,,,,,,,,,,,,,,,,,,,,,,,,,,,,,,
2852,2019,1,30,16,30,-0.2,4,0,4,3.4000000000000004,,,,,,,,,,,,,,,,,,,,,,,,,,,,,,,,,,,,
2853,2019,1,30,16,45,-0.30000000000000004,2,0,2,3.4000000000000004,,,,,,,,,,,,,,,,,,,,,,,,,,,,,,,,,,,,
2854,2019,1,30,17,0,-0.30000000000000004,0,0,0,3.4000000000000004,,,,,,,,,,,,,,,,,,,,,,,,,,,,,,,,,,,,
2855,2019,1,30,17,15,-0.4,0,0,0,3.4000000000000004,,,,,,,,,,,,,,,,,,,,,,,,,,,,,,,,,,,,
2856,2019,1,30,17,30,-0.4,0,0,0,3.4000000000000004,,,,,,,,,,,,,,,,,,,,,,,,,,,,,,,,,,,,
2857,2019,1,30,17,45,-0.5,0,0,0,3.4000000000000004,,,,,,,,,,,,,,,,,,,,,,,,,,,,,,,,,,,,
2858,2019,1,30,18,0,-0.5,0,0,0,3.3000000000000003,,,,,,,,,,,,,,,,,,,,,,,,,,,,,,,,,,,,
2859,2019,1,30,18,15,-0.6000000000000001,0,0,0,3.3000000000000003,,,,,,,,,,,,,,,,,,,,,,,,,,,,,,,,,,,,
2860,2019,1,30,18,30,-0.7000000000000001,0,0,0,3.3000000000000003,,,,,,,,,,,,,,,,,,,,,,,,,,,,,,,,,,,,
2861,2019,1,30,18,45,-0.8,0,0,0,3.3000000000000003,,,,,,,,,,,,,,,,,,,,,,,,,,,,,,,,,,,,
2862,2019,1,30,19,0,-0.8,0,0,0,3.3000000000000003,,,,,,,,,,,,,,,,,,,,,,,,,,,,,,,,,,,,
2863,2019,1,30,19,15,-0.9,0,0,0,3.3000000000000003,,,,,,,,,,,,,,,,,,,,,,,,,,,,,,,,,,,,
2864,2019,1,30,19,30,-1,0,0,0,3.2,,,,,,,,,,,,,,,,,,,,,,,,,,,,,,,,,,,,
2865,2019,1,30,19,45,-1.1,0,0,0,3.1,,,,,,,,,,,,,,,,,,,,,,,,,,,,,,,,,,,,
2866,2019,1,30,20,0,-1.2000000000000002,0,0,0,3.1,,,,,,,,,,,,,,,,,,,,,,,,,,,,,,,,,,,,
2867,2019,1,30,20,15,-1.3,0,0,0,3,,,,,,,,,,,,,,,,,,,,,,,,,,,,,,,,,,,,
2868,2019,1,30,20,30,-1.4000000000000001,0,0,0,2.9000000000000004,,,,,,,,,,,,,,,,,,,,,,,,,,,,,,,,,,,,
2869,2019,1,30,20,45,-1.6,0,0,0,2.8000000000000003,,,,,,,,,,,,,,,,,,,,,,,,,,,,,,,,,,,,
2870,2019,1,30,21,0,-1.7000000000000002,0,0,0,2.7,,,,,,,,,,,,,,,,,,,,,,,,,,,,,,,,,,,,
2871,2019,1,30,21,15,-1.7000000000000002,0,0,0,2.8000000000000003,,,,,,,,,,,,,,,,,,,,,,,,,,,,,,,,,,,,
2872,2019,1,30,21,30,-1.8,0,0,0,2.8000000000000003,,,,,,,,,,,,,,,,,,,,,,,,,,,,,,,,,,,,
2873,2019,1,30,21,45,-1.8,0,0,0,2.8000000000000003,,,,,,,,,,,,,,,,,,,,,,,,,,,,,,,,,,,,
2874,2019,1,30,22,0,-1.9000000000000001,0,0,0,2.8000000000000003,,,,,,,,,,,,,,,,,,,,,,,,,,,,,,,,,,,,
2875,2019,1,30,22,15,-1.8,0,0,0,2.9000000000000004,,,,,,,,,,,,,,,,,,,,,,,,,,,,,,,,,,,,
2876,2019,1,30,22,30,-1.8,0,0,0,2.9000000000000004,,,,,,,,,,,,,,,,,,,,,,,,,,,,,,,,,,,,
2877,2019,1,30,22,45,-1.8,0,0,0,3,,,,,,,,,,,,,,,,,,,,,,,,,,,,,,,,,,,,
2878,2019,1,30,23,0,-1.8,0,0,0,3,,,,,,,,,,,,,,,,,,,,,,,,,,,,,,,,,,,,
2879,2019,1,30,23,15,-1.8,0,0,0,3,,,,,,,,,,,,,,,,,,,,,,,,,,,,,,,,,,,,
2880,2019,1,30,23,30,-1.8,0,0,0,3,,,,,,,,,,,,,,,,,,,,,,,,,,,,,,,,,,,,
2881,2019,1,30,23,45,-1.9000000000000001,0,0,0,3,,,,,,,,,,,,,,,,,,,,,,,,,,,,,,,,,,,,
2882,2019,1,31,0,0,-1.9000000000000001,0,0,0,3,,,,,,,,,,,,,,,,,,,,,,,,,,,,,,,,,,,,
2883,2019,1,31,0,15,-1.9000000000000001,0,0,0,3,,,,,,,,,,,,,,,,,,,,,,,,,,,,,,,,,,,,
2884,2019,1,31,0,30,-1.9000000000000001,0,0,0,3,,,,,,,,,,,,,,,,,,,,,,,,,,,,,,,,,,,,
2885,2019,1,31,0,45,-1.9000000000000001,0,0,0,3,,,,,,,,,,,,,,,,,,,,,,,,,,,,,,,,,,,,
2886,2019,1,31,1,0,-2.2,0,0,0,2.7,,,,,,,,,,,,,,,,,,,,,,,,,,,,,,,,,,,,
2887,2019,1,31,1,15,-2.2,0,0,0,2.6,,,,,,,,,,,,,,,,,,,,,,,,,,,,,,,,,,,,
2888,2019,1,31,1,30,-2.3000000000000003,0,0,0,2.5,,,,,,,,,,,,,,,,,,,,,,,,,,,,,,,,,,,,
2889,2019,1,31,1,45,-2.4000000000000004,0,0,0,2.5,,,,,,,,,,,,,,,,,,,,,,,,,,,,,,,,,,,,
2890,2019,1,31,2,0,-2.5,0,0,0,2.4000000000000004,,,,,,,,,,,,,,,,,,,,,,,,,,,,,,,,,,,,
2891,2019,1,31,2,15,-2.5,0,0,0,2.3000000000000003,,,,,,,,,,,,,,,,,,,,,,,,,,,,,,,,,,,,
2892,2019,1,31,2,30,-2.6,0,0,0,2.2,,,,,,,,,,,,,,,,,,,,,,,,,,,,,,,,,,,,
2893,2019,1,31,2,45,-2.7,0,0,0,2.2,,,,,,,,,,,,,,,,,,,,,,,,,,,,,,,,,,,,
2894,2019,1,31,3,0,-2.7,0,0,0,2.1,,,,,,,,,,,,,,,,,,,,,,,,,,,,,,,,,,,,
2895,2019,1,31,3,15,-2.8000000000000003,0,0,0,2.1,,,,,,,,,,,,,,,,,,,,,,,,,,,,,,,,,,,,
2896,2019,1,31,3,30,-2.8000000000000003,0,0,0,2,,,,,,,,,,,,,,,,,,,,,,,,,,,,,,,,,,,,
2897,2019,1,31,3,45,-2.8000000000000003,0,0,0,2,,,,,,,,,,,,,,,,,,,,,,,,,,,,,,,,,,,,
2898,2019,1,31,4,0,-2.9000000000000004,0,0,0,2,,,,,,,,,,,,,,,,,,,,,,,,,,,,,,,,,,,,
2899,2019,1,31,4,15,-2.9000000000000004,0,0,0,2,,,,,,,,,,,,,,,,,,,,,,,,,,,,,,,,,,,,
2900,2019,1,31,4,30,-2.9000000000000004,0,0,0,2,,,,,,,,,,,,,,,,,,,,,,,,,,,,,,,,,,,,
2901,2019,1,31,4,45,-2.9000000000000004,0,0,0,2,,,,,,,,,,,,,,,,,,,,,,,,,,,,,,,,,,,,
2902,2019,1,31,5,0,-2.9000000000000004,0,0,0,2,,,,,,,,,,,,,,,,,,,,,,,,,,,,,,,,,,,,
2903,2019,1,31,5,15,-3,0,0,0,2,,,,,,,,,,,,,,,,,,,,,,,,,,,,,,,,,,,,
2904,2019,1,31,5,30,-3.1,0,0,0,2,,,,,,,,,,,,,,,,,,,,,,,,,,,,,,,,,,,,
2905,2019,1,31,5,45,-3.1,0,0,0,2,,,,,,,,,,,,,,,,,,,,,,,,,,,,,,,,,,,,
2906,2019,1,31,6,0,-3.2,0,0,0,2,,,,,,,,,,,,,,,,,,,,,,,,,,,,,,,,,,,,
2907,2019,1,31,6,15,-3.2,0,0,0,2,,,,,,,,,,,,,,,,,,,,,,,,,,,,,,,,,,,,
2908,2019,1,31,6,30,-3.3000000000000003,0,0,0,2,,,,,,,,,,,,,,,,,,,,,,,,,,,,,,,,,,,,
2909,2019,1,31,6,45,-3.4000000000000004,0,0,0,2,,,,,,,,,,,,,,,,,,,,,,,,,,,,,,,,,,,,
2910,2019,1,31,7,0,-3.4000000000000004,0,0,0,2,,,,,,,,,,,,,,,,,,,,,,,,,,,,,,,,,,,,
2911,2019,1,31,7,15,-3.3000000000000003,0,0,0,2.1,,,,,,,,,,,,,,,,,,,,,,,,,,,,,,,,,,,,
2912,2019,1,31,7,30,-3.1,0,0,0,2.2,,,,,,,,,,,,,,,,,,,,,,,,,,,,,,,,,,,,
2913,2019,1,31,7,45,-3,0,0,0,2.3000000000000003,,,,,,,,,,,,,,,,,,,,,,,,,,,,,,,,,,,,
2914,2019,1,31,8,0,-2.9000000000000004,0,0,0,2.4000000000000004,,,,,,,,,,,,,,,,,,,,,,,,,,,,,,,,,,,,
2915,2019,1,31,8,15,-2.5,16,173,22,2.6,,,,,,,,,,,,,,,,,,,,,,,,,,,,,,,,,,,,
2916,2019,1,31,8,30,-2.1,25,285,45,2.7,,,,,,,,,,,,,,,,,,,,,,,,,,,,,,,,,,,,
2917,2019,1,31,8,45,-1.7000000000000002,32,403,73,2.9000000000000004,,,,,,,,,,,,,,,,,,,,,,,,,,,,,,,,,,,,
2918,2019,1,31,9,0,-1.4000000000000001,38,478,101,3.1,,,,,,,,,,,,,,,,,,,,,,,,,,,,,,,,,,,,
2919,2019,1,31,9,15,-0.9,44,546,132,3,,,,,,,,,,,,,,,,,,,,,,,,,,,,,,,,,,,,
2920,2019,1,31,9,30,-0.5,49,595,161,3,,,,,,,,,,,,,,,,,,,,,,,,,,,,,,,,,,,,
2921,2019,1,31,9,45,-0.1,50,657,191,2.9000000000000004,,,,,,,,,,,,,,,,,,,,,,,,,,,,,,,,,,,,
2922,2019,1,31,10,0,0.30000000000000004,54,690,218,2.9000000000000004,,,,,,,,,,,,,,,,,,,,,,,,,,,,,,,,,,,,
2923,2019,1,31,10,15,0.8,56,717,243,2.9000000000000004,,,,,,,,,,,,,,,,,,,,,,,,,,,,,,,,,,,,
2924,2019,1,31,10,30,1.2000000000000002,59,740,266,2.9000000000000004,,,,,,,,,,,,,,,,,,,,,,,,,,,,,,,,,,,,
2925,2019,1,31,10,45,1.7000000000000002,58,773,289,3,,,,,,,,,,,,,,,,,,,,,,,,,,,,,,,,,,,,
2926,2019,1,31,11,0,2.1,60,788,307,3,,,,,,,,,,,,,,,,,,,,,,,,,,,,,,,,,,,,
2927,2019,1,31,11,15,2.3000000000000003,61,800,323,3,,,,,,,,,,,,,,,,,,,,,,,,,,,,,,,,,,,,
2928,2019,1,31,11,30,2.5,62,809,336,3,,,,,,,,,,,,,,,,,,,,,,,,,,,,,,,,,,,,
2929,2019,1,31,11,45,2.7,61,825,347,3,,,,,,,,,,,,,,,,,,,,,,,,,,,,,,,,,,,,
2930,2019,1,31,12,0,2.8000000000000003,61,830,354,3,,,,,,,,,,,,,,,,,,,,,,,,,,,,,,,,,,,,
2931,2019,1,31,12,15,2.9000000000000004,62,833,358,2.9000000000000004,,,,,,,,,,,,,,,,,,,,,,,,,,,,,,,,,,,,
2932,2019,1,31,12,30,2.9000000000000004,62,834,359,2.9000000000000004,,,,,,,,,,,,,,,,,,,,,,,,,,,,,,,,,,,,
2933,2019,1,31,12,45,3,60,849,361,2.8000000000000003,,,,,,,,,,,,,,,,,,,,,,,,,,,,,,,,,,,,
2934,2019,1,31,13,0,3,60,846,356,2.8000000000000003,,,,,,,,,,,,,,,,,,,,,,,,,,,,,,,,,,,,
2935,2019,1,31,13,15,2.9000000000000004,59,840,348,2.7,,,,,,,,,,,,,,,,,,,,,,,,,,,,,,,,,,,,
2936,2019,1,31,13,30,2.9000000000000004,58,833,337,2.5,,,,,,,,,,,,,,,,,,,,,,,,,,,,,,,,,,,,
2937,2019,1,31,13,45,2.8000000000000003,56,828,324,2.4000000000000004,,,,,,,,,,,,,,,,,,,,,,,,,,,,,,,,,,,,
2938,2019,1,31,14,0,2.7,55,816,307,2.3000000000000003,,,,,,,,,,,,,,,,,,,,,,,,,,,,,,,,,,,,
2939,2019,1,31,14,15,2.3000000000000003,99,0,99,2,,,,,,,,,,,,,,,,,,,,,,,,,,,,,,,,,,,,
2940,2019,1,31,14,30,1.8,98,307,182,1.7000000000000002,,,,,,,,,,,,,,,,,,,,,,,,,,,,,,,,,,,,
2941,2019,1,31,14,45,1.4000000000000001,49,763,243,1.5,,,,,,,,,,,,,,,,,,,,,,,,,,,,,,,,,,,,
2942,2019,1,31,15,0,1,70,0,70,1.2000000000000002,,,,,,,,,,,,,,,,,,,,,,,,,,,,,,,,,,,,
2943,2019,1,31,15,15,0.30000000000000004,44,703,189,1.2000000000000002,,,,,,,,,,,,,,,,,,,,,,,,,,,,,,,,,,,,
2944,2019,1,31,15,30,-0.4,48,0,48,1.3,,,,,,,,,,,,,,,,,,,,,,,,,,,,,,,,,,,,
2945,2019,1,31,15,45,-1.1,38,0,38,1.3,,,,,,,,,,,,,,,,,,,,,,,,,,,,,,,,,,,,
2946,2019,1,31,16,0,-1.8,29,0,29,1.4000000000000001,,,,,,,,,,,,,,,,,,,,,,,,,,,,,,,,,,,,
2947,2019,1,31,16,15,-2,20,0,20,1.4000000000000001,,,,,,,,,,,,,,,,,,,,,,,,,,,,,,,,,,,,
2948,2019,1,31,16,30,-2.2,12,0,12,1.5,,,,,,,,,,,,,,,,,,,,,,,,,,,,,,,,,,,,
2949,2019,1,31,16,45,-2.4000000000000004,6,150,10,1.6,,,,,,,,,,,,,,,,,,,,,,,,,,,,,,,,,,,,
2950,2019,1,31,17,0,-2.7,0,0,0,1.6,,,,,,,,,,,,,,,,,,,,,,,,,,,,,,,,,,,,
2951,2019,1,31,17,15,-2.7,0,0,0,1.7000000000000002,,,,,,,,,,,,,,,,,,,,,,,,,,,,,,,,,,,,
2952,2019,1,31,17,30,-2.7,0,0,0,1.7000000000000002,,,,,,,,,,,,,,,,,,,,,,,,,,,,,,,,,,,,
2953,2019,1,31,17,45,-2.7,0,0,0,1.8,,,,,,,,,,,,,,,,,,,,,,,,,,,,,,,,,,,,
2954,2019,1,31,18,0,-2.7,0,0,0,1.9000000000000001,,,,,,,,,,,,,,,,,,,,,,,,,,,,,,,,,,,,
2955,2019,1,31,18,15,-2.8000000000000003,0,0,0,1.9000000000000001,,,,,,,,,,,,,,,,,,,,,,,,,,,,,,,,,,,,
2956,2019,1,31,18,30,-2.8000000000000003,0,0,0,1.9000000000000001,,,,,,,,,,,,,,,,,,,,,,,,,,,,,,,,,,,,
2957,2019,1,31,18,45,-2.9000000000000004,0,0,0,2,,,,,,,,,,,,,,,,,,,,,,,,,,,,,,,,,,,,
2958,2019,1,31,19,0,-2.9000000000000004,0,0,0,2,,,,,,,,,,,,,,,,,,,,,,,,,,,,,,,,,,,,
2959,2019,1,31,19,15,-3,0,0,0,2,,,,,,,,,,,,,,,,,,,,,,,,,,,,,,,,,,,,
2960,2019,1,31,19,30,-3.1,0,0,0,2,,,,,,,,,,,,,,,,,,,,,,,,,,,,,,,,,,,,
2961,2019,1,31,19,45,-3.2,0,0,0,2,,,,,,,,,,,,,,,,,,,,,,,,,,,,,,,,,,,,
2962,2019,1,31,20,0,-3.3000000000000003,0,0,0,2,,,,,,,,,,,,,,,,,,,,,,,,,,,,,,,,,,,,
2963,2019,1,31,20,15,-3.4000000000000004,0,0,0,2,,,,,,,,,,,,,,,,,,,,,,,,,,,,,,,,,,,,
2964,2019,1,31,20,30,-3.5,0,0,0,2,,,,,,,,,,,,,,,,,,,,,,,,,,,,,,,,,,,,
2965,2019,1,31,20,45,-3.7,0,0,0,2,,,,,,,,,,,,,,,,,,,,,,,,,,,,,,,,,,,,
2966,2019,1,31,21,0,-3.8000000000000003,0,0,0,2,,,,,,,,,,,,,,,,,,,,,,,,,,,,,,,,,,,,
2967,2019,1,31,21,15,-4,0,0,0,1.9000000000000001,,,,,,,,,,,,,,,,,,,,,,,,,,,,,,,,,,,,
2968,2019,1,31,21,30,-4.1000000000000005,0,0,0,1.9000000000000001,,,,,,,,,,,,,,,,,,,,,,,,,,,,,,,,,,,,
2969,2019,1,31,21,45,-4.3,0,0,0,1.9000000000000001,,,,,,,,,,,,,,,,,,,,,,,,,,,,,,,,,,,,
2970,2019,1,31,22,0,-4.5,0,0,0,1.9000000000000001,,,,,,,,,,,,,,,,,,,,,,,,,,,,,,,,,,,,
2971,2019,1,31,22,15,-4.6000000000000005,0,0,0,1.9000000000000001,,,,,,,,,,,,,,,,,,,,,,,,,,,,,,,,,,,,
2972,2019,1,31,22,30,-4.800000000000001,0,0,0,1.9000000000000001,,,,,,,,,,,,,,,,,,,,,,,,,,,,,,,,,,,,
2973,2019,1,31,22,45,-4.9,0,0,0,1.9000000000000001,,,,,,,,,,,,,,,,,,,,,,,,,,,,,,,,,,,,
2974,2019,1,31,23,0,-5.1000000000000005,0,0,0,1.9000000000000001,,,,,,,,,,,,,,,,,,,,,,,,,,,,,,,,,,,,
2975,2019,1,31,23,15,-5.2,0,0,0,1.9000000000000001,,,,,,,,,,,,,,,,,,,,,,,,,,,,,,,,,,,,
2976,2019,1,31,23,30,-5.300000000000001,0,0,0,1.9000000000000001,,,,,,,,,,,,,,,,,,,,,,,,,,,,,,,,,,,,
2977,2019,1,31,23,45,-5.4,0,0,0,1.9000000000000001,,,,,,,,,,,,,,,,,,,,,,,,,,,,,,,,,,,,
2978,2019,2,1,0,0,-5.6000000000000005,0,0,0,1.9000000000000001,,,,,,,,,,,,,,,,,,,,,,,,,,,,,,,,,,,,
2979,2019,2,1,0,15,-5.6000000000000005,0,0,0,1.9000000000000001,,,,,,,,,,,,,,,,,,,,,,,,,,,,,,,,,,,,
2980,2019,2,1,0,30,-5.6000000000000005,0,0,0,1.9000000000000001,,,,,,,,,,,,,,,,,,,,,,,,,,,,,,,,,,,,
2981,2019,2,1,0,45,-5.6000000000000005,0,0,0,1.9000000000000001,,,,,,,,,,,,,,,,,,,,,,,,,,,,,,,,,,,,
2982,2019,2,1,1,0,-6,0,0,0,2,,,,,,,,,,,,,,,,,,,,,,,,,,,,,,,,,,,,
2983,2019,2,1,1,15,-6,0,0,0,2.1,,,,,,,,,,,,,,,,,,,,,,,,,,,,,,,,,,,,
2984,2019,2,1,1,30,-6,0,0,0,2.1,,,,,,,,,,,,,,,,,,,,,,,,,,,,,,,,,,,,
2985,2019,2,1,1,45,-6,0,0,0,2.2,,,,,,,,,,,,,,,,,,,,,,,,,,,,,,,,,,,,
2986,2019,2,1,2,0,-6,0,0,0,2.2,,,,,,,,,,,,,,,,,,,,,,,,,,,,,,,,,,,,
2987,2019,2,1,2,15,-5.9,0,0,0,2.4000000000000004,,,,,,,,,,,,,,,,,,,,,,,,,,,,,,,,,,,,
2988,2019,2,1,2,30,-5.800000000000001,0,0,0,2.5,,,,,,,,,,,,,,,,,,,,,,,,,,,,,,,,,,,,
2989,2019,2,1,2,45,-5.7,0,0,0,2.7,,,,,,,,,,,,,,,,,,,,,,,,,,,,,,,,,,,,
2990,2019,2,1,3,0,-5.6000000000000005,0,0,0,2.8000000000000003,,,,,,,,,,,,,,,,,,,,,,,,,,,,,,,,,,,,
2991,2019,2,1,3,15,-5.5,0,0,0,2.8000000000000003,,,,,,,,,,,,,,,,,,,,,,,,,,,,,,,,,,,,
2992,2019,2,1,3,30,-5.4,0,0,0,2.9000000000000004,,,,,,,,,,,,,,,,,,,,,,,,,,,,,,,,,,,,
2993,2019,2,1,3,45,-5.300000000000001,0,0,0,2.9000000000000004,,,,,,,,,,,,,,,,,,,,,,,,,,,,,,,,,,,,
2994,2019,2,1,4,0,-5.2,0,0,0,3,,,,,,,,,,,,,,,,,,,,,,,,,,,,,,,,,,,,
2995,2019,2,1,4,15,-5.2,0,0,0,3,,,,,,,,,,,,,,,,,,,,,,,,,,,,,,,,,,,,
2996,2019,2,1,4,30,-5.1000000000000005,0,0,0,3,,,,,,,,,,,,,,,,,,,,,,,,,,,,,,,,,,,,
2997,2019,2,1,4,45,-5,0,0,0,3,,,,,,,,,,,,,,,,,,,,,,,,,,,,,,,,,,,,
2998,2019,2,1,5,0,-5,0,0,0,3,,,,,,,,,,,,,,,,,,,,,,,,,,,,,,,,,,,,
2999,2019,2,1,5,15,-4.9,0,0,0,3,,,,,,,,,,,,,,,,,,,,,,,,,,,,,,,,,,,,
3000,2019,2,1,5,30,-4.9,0,0,0,3,,,,,,,,,,,,,,,,,,,,,,,,,,,,,,,,,,,,
3001,2019,2,1,5,45,-4.9,0,0,0,3,,,,,,,,,,,,,,,,,,,,,,,,,,,,,,,,,,,,
3002,2019,2,1,6,0,-4.9,0,0,0,3,,,,,,,,,,,,,,,,,,,,,,,,,,,,,,,,,,,,
3003,2019,2,1,6,15,-4.9,0,0,0,3.1,,,,,,,,,,,,,,,,,,,,,,,,,,,,,,,,,,,,
3004,2019,2,1,6,30,-4.9,0,0,0,3.1,,,,,,,,,,,,,,,,,,,,,,,,,,,,,,,,,,,,
3005,2019,2,1,6,45,-4.9,0,0,0,3.1,,,,,,,,,,,,,,,,,,,,,,,,,,,,,,,,,,,,
3006,2019,2,1,7,0,-4.9,0,0,0,3.1,,,,,,,,,,,,,,,,,,,,,,,,,,,,,,,,,,,,
3007,2019,2,1,7,15,-4.7,0,0,0,3.2,,,,,,,,,,,,,,,,,,,,,,,,,,,,,,,,,,,,
3008,2019,2,1,7,30,-4.5,0,0,0,3.2,,,,,,,,,,,,,,,,,,,,,,,,,,,,,,,,,,,,
3009,2019,2,1,7,45,-4.3,0,0,0,3.3000000000000003,,,,,,,,,,,,,,,,,,,,,,,,,,,,,,,,,,,,
3010,2019,2,1,8,0,-4.1000000000000005,0,0,0,3.4000000000000004,,,,,,,,,,,,,,,,,,,,,,,,,,,,,,,,,,,,
3011,2019,2,1,8,15,-3.7,3,0,3,3.4000000000000004,,,,,,,,,,,,,,,,,,,,,,,,,,,,,,,,,,,,
3012,2019,2,1,8,30,-3.2,5,0,5,3.5,,,,,,,,,,,,,,,,,,,,,,,,,,,,,,,,,,,,
3013,2019,2,1,8,45,-2.8000000000000003,6,0,6,3.6,,,,,,,,,,,,,,,,,,,,,,,,,,,,,,,,,,,,
3014,2019,2,1,9,0,-2.4000000000000004,7,0,7,3.6,,,,,,,,,,,,,,,,,,,,,,,,,,,,,,,,,,,,
3015,2019,2,1,9,15,-2,8,0,8,3.6,,,,,,,,,,,,,,,,,,,,,,,,,,,,,,,,,,,,
3016,2019,2,1,9,30,-1.6,9,0,9,3.6,,,,,,,,,,,,,,,,,,,,,,,,,,,,,,,,,,,,
3017,2019,2,1,9,45,-1.2000000000000002,9,0,9,3.7,,,,,,,,,,,,,,,,,,,,,,,,,,,,,,,,,,,,
3018,2019,2,1,10,0,-0.8,10,0,10,3.7,,,,,,,,,,,,,,,,,,,,,,,,,,,,,,,,,,,,
3019,2019,2,1,10,15,-0.5,11,0,11,3.6,,,,,,,,,,,,,,,,,,,,,,,,,,,,,,,,,,,,
3020,2019,2,1,10,30,-0.2,12,0,12,3.5,,,,,,,,,,,,,,,,,,,,,,,,,,,,,,,,,,,,
3021,2019,2,1,10,45,0.1,13,0,13,3.5,,,,,,,,,,,,,,,,,,,,,,,,,,,,,,,,,,,,
3022,2019,2,1,11,0,0.30000000000000004,12,0,12,3.4000000000000004,,,,,,,,,,,,,,,,,,,,,,,,,,,,,,,,,,,,
3023,2019,2,1,11,15,0.5,12,0,12,3.3000000000000003,,,,,,,,,,,,,,,,,,,,,,,,,,,,,,,,,,,,
3024,2019,2,1,11,30,0.7000000000000001,30,0,30,3.2,,,,,,,,,,,,,,,,,,,,,,,,,,,,,,,,,,,,
3025,2019,2,1,11,45,0.9,28,0,28,3.1,,,,,,,,,,,,,,,,,,,,,,,,,,,,,,,,,,,,
3026,2019,2,1,12,0,1.1,38,0,38,3,,,,,,,,,,,,,,,,,,,,,,,,,,,,,,,,,,,,
3027,2019,2,1,12,15,1.2000000000000002,16,0,16,2.9000000000000004,,,,,,,,,,,,,,,,,,,,,,,,,,,,,,,,,,,,
3028,2019,2,1,12,30,1.2000000000000002,16,0,16,2.8000000000000003,,,,,,,,,,,,,,,,,,,,,,,,,,,,,,,,,,,,
3029,2019,2,1,12,45,1.3,16,0,16,2.6,,,,,,,,,,,,,,,,,,,,,,,,,,,,,,,,,,,,
3030,2019,2,1,13,0,1.4000000000000001,16,0,16,2.5,,,,,,,,,,,,,,,,,,,,,,,,,,,,,,,,,,,,
3031,2019,2,1,13,15,1.5,15,0,15,2.4000000000000004,,,,,,,,,,,,,,,,,,,,,,,,,,,,,,,,,,,,
3032,2019,2,1,13,30,1.5,15,0,15,2.3000000000000003,,,,,,,,,,,,,,,,,,,,,,,,,,,,,,,,,,,,
3033,2019,2,1,13,45,1.5,14,0,14,2.2,,,,,,,,,,,,,,,,,,,,,,,,,,,,,,,,,,,,
3034,2019,2,1,14,0,1.6,13,0,13,2.2,,,,,,,,,,,,,,,,,,,,,,,,,,,,,,,,,,,,
3035,2019,2,1,14,15,1.4000000000000001,13,0,13,2,,,,,,,,,,,,,,,,,,,,,,,,,,,,,,,,,,,,
3036,2019,2,1,14,30,1.3,11,0,11,1.8,,,,,,,,,,,,,,,,,,,,,,,,,,,,,,,,,,,,
3037,2019,2,1,14,45,1.2000000000000002,10,0,10,1.6,,,,,,,,,,,,,,,,,,,,,,,,,,,,,,,,,,,,
3038,2019,2,1,15,0,1.1,9,0,9,1.4000000000000001,,,,,,,,,,,,,,,,,,,,,,,,,,,,,,,,,,,,
3039,2019,2,1,15,15,0.8,9,0,9,1.3,,,,,,,,,,,,,,,,,,,,,,,,,,,,,,,,,,,,
3040,2019,2,1,15,30,0.5,49,0,49,1.3,,,,,,,,,,,,,,,,,,,,,,,,,,,,,,,,,,,,
3041,2019,2,1,15,45,0.1,38,0,38,1.2000000000000002,,,,,,,,,,,,,,,,,,,,,,,,,,,,,,,,,,,,
3042,2019,2,1,16,0,-0.2,29,0,29,1.1,,,,,,,,,,,,,,,,,,,,,,,,,,,,,,,,,,,,
3043,2019,2,1,16,15,-0.2,5,0,5,1.1,,,,,,,,,,,,,,,,,,,,,,,,,,,,,,,,,,,,
3044,2019,2,1,16,30,-0.30000000000000004,4,0,4,1.2000000000000002,,,,,,,,,,,,,,,,,,,,,,,,,,,,,,,,,,,,
3045,2019,2,1,16,45,-0.30000000000000004,3,0,3,1.3,,,,,,,,,,,,,,,,,,,,,,,,,,,,,,,,,,,,
3046,2019,2,1,17,0,-0.30000000000000004,0,0,0,1.3,,,,,,,,,,,,,,,,,,,,,,,,,,,,,,,,,,,,
3047,2019,2,1,17,15,-0.30000000000000004,0,0,0,1.4000000000000001,,,,,,,,,,,,,,,,,,,,,,,,,,,,,,,,,,,,
3048,2019,2,1,17,30,-0.30000000000000004,0,0,0,1.5,,,,,,,,,,,,,,,,,,,,,,,,,,,,,,,,,,,,
3049,2019,2,1,17,45,-0.2,0,0,0,1.6,,,,,,,,,,,,,,,,,,,,,,,,,,,,,,,,,,,,
3050,2019,2,1,18,0,-0.2,0,0,0,1.7000000000000002,,,,,,,,,,,,,,,,,,,,,,,,,,,,,,,,,,,,
3051,2019,2,1,18,15,-0.2,0,0,0,1.8,,,,,,,,,,,,,,,,,,,,,,,,,,,,,,,,,,,,
3052,2019,2,1,18,30,-0.30000000000000004,0,0,0,1.9000000000000001,,,,,,,,,,,,,,,,,,,,,,,,,,,,,,,,,,,,
3053,2019,2,1,18,45,-0.30000000000000004,0,0,0,2,,,,,,,,,,,,,,,,,,,,,,,,,,,,,,,,,,,,
3054,2019,2,1,19,0,-0.30000000000000004,0,0,0,2,,,,,,,,,,,,,,,,,,,,,,,,,,,,,,,,,,,,
3055,2019,2,1,19,15,-0.4,0,0,0,2,,,,,,,,,,,,,,,,,,,,,,,,,,,,,,,,,,,,
3056,2019,2,1,19,30,-0.4,0,0,0,1.9000000000000001,,,,,,,,,,,,,,,,,,,,,,,,,,,,,,,,,,,,
3057,2019,2,1,19,45,-0.4,0,0,0,1.9000000000000001,,,,,,,,,,,,,,,,,,,,,,,,,,,,,,,,,,,,
3058,2019,2,1,20,0,-0.5,0,0,0,1.8,,,,,,,,,,,,,,,,,,,,,,,,,,,,,,,,,,,,
3059,2019,2,1,20,15,-0.5,0,0,0,1.7000000000000002,,,,,,,,,,,,,,,,,,,,,,,,,,,,,,,,,,,,
3060,2019,2,1,20,30,-0.5,0,0,0,1.6,,,,,,,,,,,,,,,,,,,,,,,,,,,,,,,,,,,,
3061,2019,2,1,20,45,-0.6000000000000001,0,0,0,1.5,,,,,,,,,,,,,,,,,,,,,,,,,,,,,,,,,,,,
3062,2019,2,1,21,0,-0.6000000000000001,0,0,0,1.4000000000000001,,,,,,,,,,,,,,,,,,,,,,,,,,,,,,,,,,,,
3063,2019,2,1,21,15,-0.6000000000000001,0,0,0,1.4000000000000001,,,,,,,,,,,,,,,,,,,,,,,,,,,,,,,,,,,,
3064,2019,2,1,21,30,-0.6000000000000001,0,0,0,1.4000000000000001,,,,,,,,,,,,,,,,,,,,,,,,,,,,,,,,,,,,
3065,2019,2,1,21,45,-0.7000000000000001,0,0,0,1.4000000000000001,,,,,,,,,,,,,,,,,,,,,,,,,,,,,,,,,,,,
3066,2019,2,1,22,0,-0.7000000000000001,0,0,0,1.5,,,,,,,,,,,,,,,,,,,,,,,,,,,,,,,,,,,,
3067,2019,2,1,22,15,-0.7000000000000001,0,0,0,1.5,,,,,,,,,,,,,,,,,,,,,,,,,,,,,,,,,,,,
3068,2019,2,1,22,30,-0.7000000000000001,0,0,0,1.5,,,,,,,,,,,,,,,,,,,,,,,,,,,,,,,,,,,,
3069,2019,2,1,22,45,-0.7000000000000001,0,0,0,1.6,,,,,,,,,,,,,,,,,,,,,,,,,,,,,,,,,,,,
3070,2019,2,1,23,0,-0.7000000000000001,0,0,0,1.6,,,,,,,,,,,,,,,,,,,,,,,,,,,,,,,,,,,,
3071,2019,2,1,23,15,-0.6000000000000001,0,0,0,1.7000000000000002,,,,,,,,,,,,,,,,,,,,,,,,,,,,,,,,,,,,
3072,2019,2,1,23,30,-0.6000000000000001,0,0,0,1.7000000000000002,,,,,,,,,,,,,,,,,,,,,,,,,,,,,,,,,,,,
3073,2019,2,1,23,45,-0.6000000000000001,0,0,0,1.8,,,,,,,,,,,,,,,,,,,,,,,,,,,,,,,,,,,,
3074,2019,2,2,0,0,-0.6000000000000001,0,0,0,1.8,,,,,,,,,,,,,,,,,,,,,,,,,,,,,,,,,,,,
3075,2019,2,2,0,15,-0.6000000000000001,0,0,0,1.8,,,,,,,,,,,,,,,,,,,,,,,,,,,,,,,,,,,,
3076,2019,2,2,0,30,-0.6000000000000001,0,0,0,1.8,,,,,,,,,,,,,,,,,,,,,,,,,,,,,,,,,,,,
3077,2019,2,2,0,45,-0.6000000000000001,0,0,0,1.8,,,,,,,,,,,,,,,,,,,,,,,,,,,,,,,,,,,,
3078,2019,2,2,1,0,-0.6000000000000001,0,0,0,2.1,,,,,,,,,,,,,,,,,,,,,,,,,,,,,,,,,,,,
3079,2019,2,2,1,15,-0.6000000000000001,0,0,0,2.1,,,,,,,,,,,,,,,,,,,,,,,,,,,,,,,,,,,,
3080,2019,2,2,1,30,-0.6000000000000001,0,0,0,2.1,,,,,,,,,,,,,,,,,,,,,,,,,,,,,,,,,,,,
3081,2019,2,2,1,45,-0.6000000000000001,0,0,0,2.2,,,,,,,,,,,,,,,,,,,,,,,,,,,,,,,,,,,,
3082,2019,2,2,2,0,-0.6000000000000001,0,0,0,2.2,,,,,,,,,,,,,,,,,,,,,,,,,,,,,,,,,,,,
3083,2019,2,2,2,15,-0.6000000000000001,0,0,0,2.2,,,,,,,,,,,,,,,,,,,,,,,,,,,,,,,,,,,,
3084,2019,2,2,2,30,-0.6000000000000001,0,0,0,2.2,,,,,,,,,,,,,,,,,,,,,,,,,,,,,,,,,,,,
3085,2019,2,2,2,45,-0.6000000000000001,0,0,0,2.2,,,,,,,,,,,,,,,,,,,,,,,,,,,,,,,,,,,,
3086,2019,2,2,3,0,-0.7000000000000001,0,0,0,2.2,,,,,,,,,,,,,,,,,,,,,,,,,,,,,,,,,,,,
3087,2019,2,2,3,15,-0.7000000000000001,0,0,0,2.2,,,,,,,,,,,,,,,,,,,,,,,,,,,,,,,,,,,,
3088,2019,2,2,3,30,-0.8,0,0,0,2.1,,,,,,,,,,,,,,,,,,,,,,,,,,,,,,,,,,,,
3089,2019,2,2,3,45,-0.8,0,0,0,2,,,,,,,,,,,,,,,,,,,,,,,,,,,,,,,,,,,,
3090,2019,2,2,4,0,-0.9,0,0,0,2,,,,,,,,,,,,,,,,,,,,,,,,,,,,,,,,,,,,
3091,2019,2,2,4,15,-0.9,0,0,0,1.9000000000000001,,,,,,,,,,,,,,,,,,,,,,,,,,,,,,,,,,,,
3092,2019,2,2,4,30,-1,0,0,0,1.9000000000000001,,,,,,,,,,,,,,,,,,,,,,,,,,,,,,,,,,,,
3093,2019,2,2,4,45,-1,0,0,0,1.8,,,,,,,,,,,,,,,,,,,,,,,,,,,,,,,,,,,,
3094,2019,2,2,5,0,-1.1,0,0,0,1.8,,,,,,,,,,,,,,,,,,,,,,,,,,,,,,,,,,,,
3095,2019,2,2,5,15,-1.1,0,0,0,1.8,,,,,,,,,,,,,,,,,,,,,,,,,,,,,,,,,,,,
3096,2019,2,2,5,30,-1.2000000000000002,0,0,0,1.8,,,,,,,,,,,,,,,,,,,,,,,,,,,,,,,,,,,,
3097,2019,2,2,5,45,-1.2000000000000002,0,0,0,1.8,,,,,,,,,,,,,,,,,,,,,,,,,,,,,,,,,,,,
3098,2019,2,2,6,0,-1.3,0,0,0,1.8,,,,,,,,,,,,,,,,,,,,,,,,,,,,,,,,,,,,
3099,2019,2,2,6,15,-1.3,0,0,0,1.7000000000000002,,,,,,,,,,,,,,,,,,,,,,,,,,,,,,,,,,,,
3100,2019,2,2,6,30,-1.4000000000000001,0,0,0,1.7000000000000002,,,,,,,,,,,,,,,,,,,,,,,,,,,,,,,,,,,,
3101,2019,2,2,6,45,-1.4000000000000001,0,0,0,1.7000000000000002,,,,,,,,,,,,,,,,,,,,,,,,,,,,,,,,,,,,
3102,2019,2,2,7,0,-1.5,0,0,0,1.7000000000000002,,,,,,,,,,,,,,,,,,,,,,,,,,,,,,,,,,,,
3103,2019,2,2,7,15,-1.5,0,0,0,1.7000000000000002,,,,,,,,,,,,,,,,,,,,,,,,,,,,,,,,,,,,
3104,2019,2,2,7,30,-1.4000000000000001,0,0,0,1.7000000000000002,,,,,,,,,,,,,,,,,,,,,,,,,,,,,,,,,,,,
3105,2019,2,2,7,45,-1.4000000000000001,0,0,0,1.7000000000000002,,,,,,,,,,,,,,,,,,,,,,,,,,,,,,,,,,,,
3106,2019,2,2,8,0,-1.4000000000000001,0,0,0,1.7000000000000002,,,,,,,,,,,,,,,,,,,,,,,,,,,,,,,,,,,,
3107,2019,2,2,8,15,-1.3,3,0,3,1.7000000000000002,,,,,,,,,,,,,,,,,,,,,,,,,,,,,,,,,,,,
3108,2019,2,2,8,30,-1.2000000000000002,5,0,5,1.7000000000000002,,,,,,,,,,,,,,,,,,,,,,,,,,,,,,,,,,,,
3109,2019,2,2,8,45,-1.1,5,0,5,1.7000000000000002,,,,,,,,,,,,,,,,,,,,,,,,,,,,,,,,,,,,
3110,2019,2,2,9,0,-1,6,0,6,1.6,,,,,,,,,,,,,,,,,,,,,,,,,,,,,,,,,,,,
3111,2019,2,2,9,15,-0.8,7,0,7,1.6,,,,,,,,,,,,,,,,,,,,,,,,,,,,,,,,,,,,
3112,2019,2,2,9,30,-0.7000000000000001,8,0,8,1.5,,,,,,,,,,,,,,,,,,,,,,,,,,,,,,,,,,,,
3113,2019,2,2,9,45,-0.5,9,0,9,1.5,,,,,,,,,,,,,,,,,,,,,,,,,,,,,,,,,,,,
3114,2019,2,2,10,0,-0.30000000000000004,10,0,10,1.4000000000000001,,,,,,,,,,,,,,,,,,,,,,,,,,,,,,,,,,,,
3115,2019,2,2,10,15,-0.2,11,0,11,1.4000000000000001,,,,,,,,,,,,,,,,,,,,,,,,,,,,,,,,,,,,
3116,2019,2,2,10,30,-0.1,12,0,12,1.5,,,,,,,,,,,,,,,,,,,,,,,,,,,,,,,,,,,,
3117,2019,2,2,10,45,0.1,13,0,13,1.5,,,,,,,,,,,,,,,,,,,,,,,,,,,,,,,,,,,,
3118,2019,2,2,11,0,0.2,13,0,13,1.5,,,,,,,,,,,,,,,,,,,,,,,,,,,,,,,,,,,,
3119,2019,2,2,11,15,0.30000000000000004,14,0,14,1.5,,,,,,,,,,,,,,,,,,,,,,,,,,,,,,,,,,,,
3120,2019,2,2,11,30,0.5,14,0,14,1.6,,,,,,,,,,,,,,,,,,,,,,,,,,,,,,,,,,,,
3121,2019,2,2,11,45,0.6000000000000001,16,0,16,1.7000000000000002,,,,,,,,,,,,,,,,,,,,,,,,,,,,,,,,,,,,
3122,2019,2,2,12,0,0.7000000000000001,15,0,15,1.7000000000000002,,,,,,,,,,,,,,,,,,,,,,,,,,,,,,,,,,,,
3123,2019,2,2,12,15,0.7000000000000001,16,0,16,1.8,,,,,,,,,,,,,,,,,,,,,,,,,,,,,,,,,,,,
3124,2019,2,2,12,30,0.8,16,0,16,1.8,,,,,,,,,,,,,,,,,,,,,,,,,,,,,,,,,,,,
3125,2019,2,2,12,45,0.9,15,0,15,1.9000000000000001,,,,,,,,,,,,,,,,,,,,,,,,,,,,,,,,,,,,
3126,2019,2,2,13,0,0.9,15,0,15,1.9000000000000001,,,,,,,,,,,,,,,,,,,,,,,,,,,,,,,,,,,,
3127,2019,2,2,13,15,0.9,15,0,15,2,,,,,,,,,,,,,,,,,,,,,,,,,,,,,,,,,,,,
3128,2019,2,2,13,30,0.9,15,0,15,2,,,,,,,,,,,,,,,,,,,,,,,,,,,,,,,,,,,,
3129,2019,2,2,13,45,0.9,14,0,14,2,,,,,,,,,,,,,,,,,,,,,,,,,,,,,,,,,,,,
3130,2019,2,2,14,0,0.9,13,0,13,2,,,,,,,,,,,,,,,,,,,,,,,,,,,,,,,,,,,,
3131,2019,2,2,14,15,0.8,12,0,12,1.9000000000000001,,,,,,,,,,,,,,,,,,,,,,,,,,,,,,,,,,,,
3132,2019,2,2,14,30,0.7000000000000001,11,0,11,1.8,,,,,,,,,,,,,,,,,,,,,,,,,,,,,,,,,,,,
3133,2019,2,2,14,45,0.6000000000000001,10,0,10,1.7000000000000002,,,,,,,,,,,,,,,,,,,,,,,,,,,,,,,,,,,,
3134,2019,2,2,15,0,0.5,9,0,9,1.6,,,,,,,,,,,,,,,,,,,,,,,,,,,,,,,,,,,,
3135,2019,2,2,15,15,0.30000000000000004,8,0,8,1.5,,,,,,,,,,,,,,,,,,,,,,,,,,,,,,,,,,,,
3136,2019,2,2,15,30,0.1,8,0,8,1.4000000000000001,,,,,,,,,,,,,,,,,,,,,,,,,,,,,,,,,,,,
3137,2019,2,2,15,45,-0.1,7,0,7,1.4000000000000001,,,,,,,,,,,,,,,,,,,,,,,,,,,,,,,,,,,,
3138,2019,2,2,16,0,-0.30000000000000004,6,0,6,1.3,,,,,,,,,,,,,,,,,,,,,,,,,,,,,,,,,,,,
3139,2019,2,2,16,15,-0.5,5,0,5,1.3,,,,,,,,,,,,,,,,,,,,,,,,,,,,,,,,,,,,
3140,2019,2,2,16,30,-0.7000000000000001,4,0,4,1.3,,,,,,,,,,,,,,,,,,,,,,,,,,,,,,,,,,,,
3141,2019,2,2,16,45,-0.8,3,0,3,1.3,,,,,,,,,,,,,,,,,,,,,,,,,,,,,,,,,,,,
3142,2019,2,2,17,0,-1,0,0,0,1.3,,,,,,,,,,,,,,,,,,,,,,,,,,,,,,,,,,,,
3143,2019,2,2,17,15,-1.1,0,0,0,1.3,,,,,,,,,,,,,,,,,,,,,,,,,,,,,,,,,,,,
3144,2019,2,2,17,30,-1.2000000000000002,0,0,0,1.4000000000000001,,,,,,,,,,,,,,,,,,,,,,,,,,,,,,,,,,,,
3145,2019,2,2,17,45,-1.3,0,0,0,1.4000000000000001,,,,,,,,,,,,,,,,,,,,,,,,,,,,,,,,,,,,
3146,2019,2,2,18,0,-1.4000000000000001,0,0,0,1.4000000000000001,,,,,,,,,,,,,,,,,,,,,,,,,,,,,,,,,,,,
3147,2019,2,2,18,15,-1.5,0,0,0,1.4000000000000001,,,,,,,,,,,,,,,,,,,,,,,,,,,,,,,,,,,,
3148,2019,2,2,18,30,-1.5,0,0,0,1.4000000000000001,,,,,,,,,,,,,,,,,,,,,,,,,,,,,,,,,,,,
3149,2019,2,2,18,45,-1.5,0,0,0,1.5,,,,,,,,,,,,,,,,,,,,,,,,,,,,,,,,,,,,
3150,2019,2,2,19,0,-1.6,0,0,0,1.5,,,,,,,,,,,,,,,,,,,,,,,,,,,,,,,,,,,,
3151,2019,2,2,19,15,-1.6,0,0,0,1.6,,,,,,,,,,,,,,,,,,,,,,,,,,,,,,,,,,,,
3152,2019,2,2,19,30,-1.6,0,0,0,1.7000000000000002,,,,,,,,,,,,,,,,,,,,,,,,,,,,,,,,,,,,
3153,2019,2,2,19,45,-1.6,0,0,0,1.7000000000000002,,,,,,,,,,,,,,,,,,,,,,,,,,,,,,,,,,,,
3154,2019,2,2,20,0,-1.6,0,0,0,1.8,,,,,,,,,,,,,,,,,,,,,,,,,,,,,,,,,,,,
3155,2019,2,2,20,15,-1.6,0,0,0,1.8,,,,,,,,,,,,,,,,,,,,,,,,,,,,,,,,,,,,
3156,2019,2,2,20,30,-1.6,0,0,0,1.9000000000000001,,,,,,,,,,,,,,,,,,,,,,,,,,,,,,,,,,,,
3157,2019,2,2,20,45,-1.6,0,0,0,1.9000000000000001,,,,,,,,,,,,,,,,,,,,,,,,,,,,,,,,,,,,
3158,2019,2,2,21,0,-1.6,0,0,0,2,,,,,,,,,,,,,,,,,,,,,,,,,,,,,,,,,,,,
3159,2019,2,2,21,15,-1.6,0,0,0,2,,,,,,,,,,,,,,,,,,,,,,,,,,,,,,,,,,,,
3160,2019,2,2,21,30,-1.6,0,0,0,2.1,,,,,,,,,,,,,,,,,,,,,,,,,,,,,,,,,,,,
3161,2019,2,2,21,45,-1.6,0,0,0,2.1,,,,,,,,,,,,,,,,,,,,,,,,,,,,,,,,,,,,
3162,2019,2,2,22,0,-1.6,0,0,0,2.2,,,,,,,,,,,,,,,,,,,,,,,,,,,,,,,,,,,,
3163,2019,2,2,22,15,-1.6,0,0,0,2.3000000000000003,,,,,,,,,,,,,,,,,,,,,,,,,,,,,,,,,,,,
3164,2019,2,2,22,30,-1.6,0,0,0,2.3000000000000003,,,,,,,,,,,,,,,,,,,,,,,,,,,,,,,,,,,,
3165,2019,2,2,22,45,-1.6,0,0,0,2.4000000000000004,,,,,,,,,,,,,,,,,,,,,,,,,,,,,,,,,,,,
3166,2019,2,2,23,0,-1.6,0,0,0,2.5,,,,,,,,,,,,,,,,,,,,,,,,,,,,,,,,,,,,
3167,2019,2,2,23,15,-1.6,0,0,0,2.5,,,,,,,,,,,,,,,,,,,,,,,,,,,,,,,,,,,,
3168,2019,2,2,23,30,-1.6,0,0,0,2.6,,,,,,,,,,,,,,,,,,,,,,,,,,,,,,,,,,,,
3169,2019,2,2,23,45,-1.6,0,0,0,2.6,,,,,,,,,,,,,,,,,,,,,,,,,,,,,,,,,,,,
3170,2019,2,3,0,0,-1.6,0,0,0,2.6,,,,,,,,,,,,,,,,,,,,,,,,,,,,,,,,,,,,
3171,2019,2,3,0,15,-1.6,0,0,0,2.6,,,,,,,,,,,,,,,,,,,,,,,,,,,,,,,,,,,,
3172,2019,2,3,0,30,-1.6,0,0,0,2.6,,,,,,,,,,,,,,,,,,,,,,,,,,,,,,,,,,,,
3173,2019,2,3,0,45,-1.6,0,0,0,2.6,,,,,,,,,,,,,,,,,,,,,,,,,,,,,,,,,,,,
3174,2019,2,3,1,0,-1.6,0,0,0,2.8000000000000003,,,,,,,,,,,,,,,,,,,,,,,,,,,,,,,,,,,,
3175,2019,2,3,1,15,-1.6,0,0,0,2.7,,,,,,,,,,,,,,,,,,,,,,,,,,,,,,,,,,,,
3176,2019,2,3,1,30,-1.6,0,0,0,2.7,,,,,,,,,,,,,,,,,,,,,,,,,,,,,,,,,,,,
3177,2019,2,3,1,45,-1.7000000000000002,0,0,0,2.7,,,,,,,,,,,,,,,,,,,,,,,,,,,,,,,,,,,,
3178,2019,2,3,2,0,-1.7000000000000002,0,0,0,2.7,,,,,,,,,,,,,,,,,,,,,,,,,,,,,,,,,,,,
3179,2019,2,3,2,15,-1.6,0,0,0,2.7,,,,,,,,,,,,,,,,,,,,,,,,,,,,,,,,,,,,
3180,2019,2,3,2,30,-1.6,0,0,0,2.7,,,,,,,,,,,,,,,,,,,,,,,,,,,,,,,,,,,,
3181,2019,2,3,2,45,-1.6,0,0,0,2.7,,,,,,,,,,,,,,,,,,,,,,,,,,,,,,,,,,,,
3182,2019,2,3,3,0,-1.5,0,0,0,2.8000000000000003,,,,,,,,,,,,,,,,,,,,,,,,,,,,,,,,,,,,
3183,2019,2,3,3,15,-1.5,0,0,0,2.8000000000000003,,,,,,,,,,,,,,,,,,,,,,,,,,,,,,,,,,,,
3184,2019,2,3,3,30,-1.4000000000000001,0,0,0,2.9000000000000004,,,,,,,,,,,,,,,,,,,,,,,,,,,,,,,,,,,,
3185,2019,2,3,3,45,-1.4000000000000001,0,0,0,3,,,,,,,,,,,,,,,,,,,,,,,,,,,,,,,,,,,,
3186,2019,2,3,4,0,-1.3,0,0,0,3,,,,,,,,,,,,,,,,,,,,,,,,,,,,,,,,,,,,
3187,2019,2,3,4,15,-1.3,0,0,0,3.1,,,,,,,,,,,,,,,,,,,,,,,,,,,,,,,,,,,,
3188,2019,2,3,4,30,-1.3,0,0,0,3.1,,,,,,,,,,,,,,,,,,,,,,,,,,,,,,,,,,,,
3189,2019,2,3,4,45,-1.2000000000000002,0,0,0,3.1,,,,,,,,,,,,,,,,,,,,,,,,,,,,,,,,,,,,
3190,2019,2,3,5,0,-1.2000000000000002,0,0,0,3.2,,,,,,,,,,,,,,,,,,,,,,,,,,,,,,,,,,,,
3191,2019,2,3,5,15,-1.2000000000000002,0,0,0,3.2,,,,,,,,,,,,,,,,,,,,,,,,,,,,,,,,,,,,
3192,2019,2,3,5,30,-1.1,0,0,0,3.2,,,,,,,,,,,,,,,,,,,,,,,,,,,,,,,,,,,,
3193,2019,2,3,5,45,-1.1,0,0,0,3.2,,,,,,,,,,,,,,,,,,,,,,,,,,,,,,,,,,,,
3194,2019,2,3,6,0,-1.1,0,0,0,3.3000000000000003,,,,,,,,,,,,,,,,,,,,,,,,,,,,,,,,,,,,
3195,2019,2,3,6,15,-1.1,0,0,0,3.3000000000000003,,,,,,,,,,,,,,,,,,,,,,,,,,,,,,,,,,,,
3196,2019,2,3,6,30,-1.1,0,0,0,3.4000000000000004,,,,,,,,,,,,,,,,,,,,,,,,,,,,,,,,,,,,
3197,2019,2,3,6,45,-1.1,0,0,0,3.4000000000000004,,,,,,,,,,,,,,,,,,,,,,,,,,,,,,,,,,,,
3198,2019,2,3,7,0,-1.1,0,0,0,3.5,,,,,,,,,,,,,,,,,,,,,,,,,,,,,,,,,,,,
3199,2019,2,3,7,15,-1,0,0,0,3.5,,,,,,,,,,,,,,,,,,,,,,,,,,,,,,,,,,,,
3200,2019,2,3,7,30,-1,0,0,0,3.5,,,,,,,,,,,,,,,,,,,,,,,,,,,,,,,,,,,,
3201,2019,2,3,7,45,-1,0,0,0,3.5,,,,,,,,,,,,,,,,,,,,,,,,,,,,,,,,,,,,
3202,2019,2,3,8,0,-0.9,0,0,0,3.5,,,,,,,,,,,,,,,,,,,,,,,,,,,,,,,,,,,,
3203,2019,2,3,8,15,-0.9,4,0,4,3.6,,,,,,,,,,,,,,,,,,,,,,,,,,,,,,,,,,,,
3204,2019,2,3,8,30,-0.8,5,0,5,3.7,,,,,,,,,,,,,,,,,,,,,,,,,,,,,,,,,,,,
3205,2019,2,3,8,45,-0.7000000000000001,6,0,6,3.8000000000000003,,,,,,,,,,,,,,,,,,,,,,,,,,,,,,,,,,,,
3206,2019,2,3,9,0,-0.6000000000000001,7,0,7,3.9000000000000004,,,,,,,,,,,,,,,,,,,,,,,,,,,,,,,,,,,,
3207,2019,2,3,9,15,-0.5,8,0,8,4,,,,,,,,,,,,,,,,,,,,,,,,,,,,,,,,,,,,
3208,2019,2,3,9,30,-0.4,8,0,8,4.2,,,,,,,,,,,,,,,,,,,,,,,,,,,,,,,,,,,,
3209,2019,2,3,9,45,-0.4,9,0,9,4.4,,,,,,,,,,,,,,,,,,,,,,,,,,,,,,,,,,,,
3210,2019,2,3,10,0,-0.30000000000000004,10,0,10,4.6000000000000005,,,,,,,,,,,,,,,,,,,,,,,,,,,,,,,,,,,,
3211,2019,2,3,10,15,-0.2,11,0,11,4.7,,,,,,,,,,,,,,,,,,,,,,,,,,,,,,,,,,,,
3212,2019,2,3,10,30,-0.1,12,0,12,4.800000000000001,,,,,,,,,,,,,,,,,,,,,,,,,,,,,,,,,,,,
3213,2019,2,3,10,45,0,13,0,13,4.9,,,,,,,,,,,,,,,,,,,,,,,,,,,,,,,,,,,,
3214,2019,2,3,11,0,0.1,14,0,14,5,,,,,,,,,,,,,,,,,,,,,,,,,,,,,,,,,,,,
3215,2019,2,3,11,15,0.1,14,0,14,4.9,,,,,,,,,,,,,,,,,,,,,,,,,,,,,,,,,,,,
3216,2019,2,3,11,30,0.2,15,0,15,4.800000000000001,,,,,,,,,,,,,,,,,,,,,,,,,,,,,,,,,,,,
3217,2019,2,3,11,45,0.30000000000000004,16,0,16,4.7,,,,,,,,,,,,,,,,,,,,,,,,,,,,,,,,,,,,
3218,2019,2,3,12,0,0.30000000000000004,15,0,15,4.7,,,,,,,,,,,,,,,,,,,,,,,,,,,,,,,,,,,,
3219,2019,2,3,12,15,0.30000000000000004,16,0,16,4.6000000000000005,,,,,,,,,,,,,,,,,,,,,,,,,,,,,,,,,,,,
3220,2019,2,3,12,30,0.4,16,0,16,4.6000000000000005,,,,,,,,,,,,,,,,,,,,,,,,,,,,,,,,,,,,
3221,2019,2,3,12,45,0.4,16,0,16,4.6000000000000005,,,,,,,,,,,,,,,,,,,,,,,,,,,,,,,,,,,,
3222,2019,2,3,13,0,0.4,16,0,16,4.5,,,,,,,,,,,,,,,,,,,,,,,,,,,,,,,,,,,,
3223,2019,2,3,13,15,0.4,15,0,15,4.5,,,,,,,,,,,,,,,,,,,,,,,,,,,,,,,,,,,,
3224,2019,2,3,13,30,0.4,15,0,15,4.4,,,,,,,,,,,,,,,,,,,,,,,,,,,,,,,,,,,,
3225,2019,2,3,13,45,0.4,14,0,14,4.4,,,,,,,,,,,,,,,,,,,,,,,,,,,,,,,,,,,,
3226,2019,2,3,14,0,0.4,14,0,14,4.3,,,,,,,,,,,,,,,,,,,,,,,,,,,,,,,,,,,,
3227,2019,2,3,14,15,0.4,14,0,14,4.2,,,,,,,,,,,,,,,,,,,,,,,,,,,,,,,,,,,,
3228,2019,2,3,14,30,0.4,12,0,12,4.2,,,,,,,,,,,,,,,,,,,,,,,,,,,,,,,,,,,,
3229,2019,2,3,14,45,0.30000000000000004,11,0,11,4.1000000000000005,,,,,,,,,,,,,,,,,,,,,,,,,,,,,,,,,,,,
3230,2019,2,3,15,0,0.30000000000000004,10,0,10,4,,,,,,,,,,,,,,,,,,,,,,,,,,,,,,,,,,,,
3231,2019,2,3,15,15,0.2,9,0,9,3.9000000000000004,,,,,,,,,,,,,,,,,,,,,,,,,,,,,,,,,,,,
3232,2019,2,3,15,30,0.1,8,0,8,3.8000000000000003,,,,,,,,,,,,,,,,,,,,,,,,,,,,,,,,,,,,
3233,2019,2,3,15,45,0,7,0,7,3.6,,,,,,,,,,,,,,,,,,,,,,,,,,,,,,,,,,,,
3234,2019,2,3,16,0,0,7,0,7,3.5,,,,,,,,,,,,,,,,,,,,,,,,,,,,,,,,,,,,
3235,2019,2,3,16,15,-0.1,6,0,6,3.5,,,,,,,,,,,,,,,,,,,,,,,,,,,,,,,,,,,,
3236,2019,2,3,16,30,-0.2,5,0,5,3.4000000000000004,,,,,,,,,,,,,,,,,,,,,,,,,,,,,,,,,,,,
3237,2019,2,3,16,45,-0.2,3,0,3,3.4000000000000004,,,,,,,,,,,,,,,,,,,,,,,,,,,,,,,,,,,,
3238,2019,2,3,17,0,-0.30000000000000004,0,0,0,3.4000000000000004,,,,,,,,,,,,,,,,,,,,,,,,,,,,,,,,,,,,
3239,2019,2,3,17,15,-0.30000000000000004,0,0,0,3.4000000000000004,,,,,,,,,,,,,,,,,,,,,,,,,,,,,,,,,,,,
3240,2019,2,3,17,30,-0.4,0,0,0,3.4000000000000004,,,,,,,,,,,,,,,,,,,,,,,,,,,,,,,,,,,,
3241,2019,2,3,17,45,-0.4,0,0,0,3.4000000000000004,,,,,,,,,,,,,,,,,,,,,,,,,,,,,,,,,,,,
3242,2019,2,3,18,0,-0.5,0,0,0,3.4000000000000004,,,,,,,,,,,,,,,,,,,,,,,,,,,,,,,,,,,,
3243,2019,2,3,18,15,-0.5,0,0,0,3.4000000000000004,,,,,,,,,,,,,,,,,,,,,,,,,,,,,,,,,,,,
3244,2019,2,3,18,30,-0.6000000000000001,0,0,0,3.4000000000000004,,,,,,,,,,,,,,,,,,,,,,,,,,,,,,,,,,,,
3245,2019,2,3,18,45,-0.7000000000000001,0,0,0,3.4000000000000004,,,,,,,,,,,,,,,,,,,,,,,,,,,,,,,,,,,,
3246,2019,2,3,19,0,-0.8,0,0,0,3.3000000000000003,,,,,,,,,,,,,,,,,,,,,,,,,,,,,,,,,,,,
3247,2019,2,3,19,15,-1,0,0,0,3.3000000000000003,,,,,,,,,,,,,,,,,,,,,,,,,,,,,,,,,,,,
3248,2019,2,3,19,30,-1.2000000000000002,0,0,0,3.2,,,,,,,,,,,,,,,,,,,,,,,,,,,,,,,,,,,,
3249,2019,2,3,19,45,-1.3,0,0,0,3.1,,,,,,,,,,,,,,,,,,,,,,,,,,,,,,,,,,,,
3250,2019,2,3,20,0,-1.5,0,0,0,3.1,,,,,,,,,,,,,,,,,,,,,,,,,,,,,,,,,,,,
3251,2019,2,3,20,15,-1.7000000000000002,0,0,0,3,,,,,,,,,,,,,,,,,,,,,,,,,,,,,,,,,,,,
3252,2019,2,3,20,30,-1.8,0,0,0,3,,,,,,,,,,,,,,,,,,,,,,,,,,,,,,,,,,,,
3253,2019,2,3,20,45,-2,0,0,0,3,,,,,,,,,,,,,,,,,,,,,,,,,,,,,,,,,,,,
3254,2019,2,3,21,0,-2.1,0,0,0,3,,,,,,,,,,,,,,,,,,,,,,,,,,,,,,,,,,,,
3255,2019,2,3,21,15,-2.2,0,0,0,2.9000000000000004,,,,,,,,,,,,,,,,,,,,,,,,,,,,,,,,,,,,
3256,2019,2,3,21,30,-2.3000000000000003,0,0,0,2.9000000000000004,,,,,,,,,,,,,,,,,,,,,,,,,,,,,,,,,,,,
3257,2019,2,3,21,45,-2.3000000000000003,0,0,0,2.9000000000000004,,,,,,,,,,,,,,,,,,,,,,,,,,,,,,,,,,,,
3258,2019,2,3,22,0,-2.4000000000000004,0,0,0,2.8000000000000003,,,,,,,,,,,,,,,,,,,,,,,,,,,,,,,,,,,,
3259,2019,2,3,22,15,-2.5,0,0,0,2.8000000000000003,,,,,,,,,,,,,,,,,,,,,,,,,,,,,,,,,,,,
3260,2019,2,3,22,30,-2.5,0,0,0,2.8000000000000003,,,,,,,,,,,,,,,,,,,,,,,,,,,,,,,,,,,,
3261,2019,2,3,22,45,-2.6,0,0,0,2.8000000000000003,,,,,,,,,,,,,,,,,,,,,,,,,,,,,,,,,,,,
3262,2019,2,3,23,0,-2.6,0,0,0,2.8000000000000003,,,,,,,,,,,,,,,,,,,,,,,,,,,,,,,,,,,,
3263,2019,2,3,23,15,-2.6,0,0,0,2.8000000000000003,,,,,,,,,,,,,,,,,,,,,,,,,,,,,,,,,,,,
3264,2019,2,3,23,30,-2.6,0,0,0,2.8000000000000003,,,,,,,,,,,,,,,,,,,,,,,,,,,,,,,,,,,,
3265,2019,2,3,23,45,-2.6,0,0,0,2.8000000000000003,,,,,,,,,,,,,,,,,,,,,,,,,,,,,,,,,,,,
3266,2019,2,4,0,0,-2.6,0,0,0,2.8000000000000003,,,,,,,,,,,,,,,,,,,,,,,,,,,,,,,,,,,,
3267,2019,2,4,0,15,-2.6,0,0,0,2.8000000000000003,,,,,,,,,,,,,,,,,,,,,,,,,,,,,,,,,,,,
3268,2019,2,4,0,30,-2.6,0,0,0,2.8000000000000003,,,,,,,,,,,,,,,,,,,,,,,,,,,,,,,,,,,,
3269,2019,2,4,0,45,-2.6,0,0,0,2.8000000000000003,,,,,,,,,,,,,,,,,,,,,,,,,,,,,,,,,,,,
3270,2019,2,4,1,0,-2.5,0,0,0,2.9000000000000004,,,,,,,,,,,,,,,,,,,,,,,,,,,,,,,,,,,,
3271,2019,2,4,1,15,-2.4000000000000004,0,0,0,2.9000000000000004,,,,,,,,,,,,,,,,,,,,,,,,,,,,,,,,,,,,
3272,2019,2,4,1,30,-2.4000000000000004,0,0,0,2.9000000000000004,,,,,,,,,,,,,,,,,,,,,,,,,,,,,,,,,,,,
3273,2019,2,4,1,45,-2.4000000000000004,0,0,0,2.9000000000000004,,,,,,,,,,,,,,,,,,,,,,,,,,,,,,,,,,,,
3274,2019,2,4,2,0,-2.3000000000000003,0,0,0,2.9000000000000004,,,,,,,,,,,,,,,,,,,,,,,,,,,,,,,,,,,,
3275,2019,2,4,2,15,-2.4000000000000004,0,0,0,2.9000000000000004,,,,,,,,,,,,,,,,,,,,,,,,,,,,,,,,,,,,
3276,2019,2,4,2,30,-2.4000000000000004,0,0,0,2.8000000000000003,,,,,,,,,,,,,,,,,,,,,,,,,,,,,,,,,,,,
3277,2019,2,4,2,45,-2.4000000000000004,0,0,0,2.8000000000000003,,,,,,,,,,,,,,,,,,,,,,,,,,,,,,,,,,,,
3278,2019,2,4,3,0,-2.5,0,0,0,2.8000000000000003,,,,,,,,,,,,,,,,,,,,,,,,,,,,,,,,,,,,
3279,2019,2,4,3,15,-2.6,0,0,0,2.7,,,,,,,,,,,,,,,,,,,,,,,,,,,,,,,,,,,,
3280,2019,2,4,3,30,-2.8000000000000003,0,0,0,2.7,,,,,,,,,,,,,,,,,,,,,,,,,,,,,,,,,,,,
3281,2019,2,4,3,45,-2.9000000000000004,0,0,0,2.6,,,,,,,,,,,,,,,,,,,,,,,,,,,,,,,,,,,,
3282,2019,2,4,4,0,-3.1,0,0,0,2.6,,,,,,,,,,,,,,,,,,,,,,,,,,,,,,,,,,,,
3283,2019,2,4,4,15,-3.1,0,0,0,2.6,,,,,,,,,,,,,,,,,,,,,,,,,,,,,,,,,,,,
3284,2019,2,4,4,30,-3.2,0,0,0,2.6,,,,,,,,,,,,,,,,,,,,,,,,,,,,,,,,,,,,
3285,2019,2,4,4,45,-3.3000000000000003,0,0,0,2.5,,,,,,,,,,,,,,,,,,,,,,,,,,,,,,,,,,,,
3286,2019,2,4,5,0,-3.4000000000000004,0,0,0,2.5,,,,,,,,,,,,,,,,,,,,,,,,,,,,,,,,,,,,
3287,2019,2,4,5,15,-3.5,0,0,0,2.5,,,,,,,,,,,,,,,,,,,,,,,,,,,,,,,,,,,,
3288,2019,2,4,5,30,-3.5,0,0,0,2.5,,,,,,,,,,,,,,,,,,,,,,,,,,,,,,,,,,,,
3289,2019,2,4,5,45,-3.6,0,0,0,2.5,,,,,,,,,,,,,,,,,,,,,,,,,,,,,,,,,,,,
3290,2019,2,4,6,0,-3.6,0,0,0,2.6,,,,,,,,,,,,,,,,,,,,,,,,,,,,,,,,,,,,
3291,2019,2,4,6,15,-3.6,0,0,0,2.6,,,,,,,,,,,,,,,,,,,,,,,,,,,,,,,,,,,,
3292,2019,2,4,6,30,-3.7,0,0,0,2.7,,,,,,,,,,,,,,,,,,,,,,,,,,,,,,,,,,,,
3293,2019,2,4,6,45,-3.7,0,0,0,2.8000000000000003,,,,,,,,,,,,,,,,,,,,,,,,,,,,,,,,,,,,
3294,2019,2,4,7,0,-3.7,0,0,0,2.8000000000000003,,,,,,,,,,,,,,,,,,,,,,,,,,,,,,,,,,,,
3295,2019,2,4,7,15,-3.5,0,0,0,3,,,,,,,,,,,,,,,,,,,,,,,,,,,,,,,,,,,,
3296,2019,2,4,7,30,-3.3000000000000003,0,0,0,3.1,,,,,,,,,,,,,,,,,,,,,,,,,,,,,,,,,,,,
3297,2019,2,4,7,45,-3.1,0,0,0,3.3000000000000003,,,,,,,,,,,,,,,,,,,,,,,,,,,,,,,,,,,,
3298,2019,2,4,8,0,-2.9000000000000004,11,154,14,3.4000000000000004,,,,,,,,,,,,,,,,,,,,,,,,,,,,,,,,,,,,
3299,2019,2,4,8,15,-2.4000000000000004,20,291,35,3.5,,,,,,,,,,,,,,,,,,,,,,,,,,,,,,,,,,,,
3300,2019,2,4,8,30,-2,27,400,61,3.5,,,,,,,,,,,,,,,,,,,,,,,,,,,,,,,,,,,,
3301,2019,2,4,8,45,-1.6,33,496,91,3.6,,,,,,,,,,,,,,,,,,,,,,,,,,,,,,,,,,,,
3302,2019,2,4,9,0,-1.2000000000000002,38,563,121,3.6,,,,,,,,,,,,,,,,,,,,,,,,,,,,,,,,,,,,
3303,2019,2,4,9,15,-0.7000000000000001,43,617,152,3.6,,,,,,,,,,,,,,,,,,,,,,,,,,,,,,,,,,,,
3304,2019,2,4,9,30,-0.2,47,661,182,3.7,,,,,,,,,,,,,,,,,,,,,,,,,,,,,,,,,,,,
3305,2019,2,4,9,45,0.2,49,702,212,3.7,,,,,,,,,,,,,,,,,,,,,,,,,,,,,,,,,,,,
3306,2019,2,4,10,0,0.7000000000000001,52,732,239,3.7,,,,,,,,,,,,,,,,,,,,,,,,,,,,,,,,,,,,
3307,2019,2,4,10,15,1.1,25,0,25,3.8000000000000003,,,,,,,,,,,,,,,,,,,,,,,,,,,,,,,,,,,,
3308,2019,2,4,10,30,1.5,56,777,288,3.8000000000000003,,,,,,,,,,,,,,,,,,,,,,,,,,,,,,,,,,,,
3309,2019,2,4,10,45,1.9000000000000001,58,792,309,3.9000000000000004,,,,,,,,,,,,,,,,,,,,,,,,,,,,,,,,,,,,
3310,2019,2,4,11,0,2.3000000000000003,60,806,327,3.9000000000000004,,,,,,,,,,,,,,,,,,,,,,,,,,,,,,,,,,,,
3311,2019,2,4,11,15,2.5,61,817,343,3.9000000000000004,,,,,,,,,,,,,,,,,,,,,,,,,,,,,,,,,,,,
3312,2019,2,4,11,30,2.7,62,826,356,4,,,,,,,,,,,,,,,,,,,,,,,,,,,,,,,,,,,,
3313,2019,2,4,11,45,3,63,830,366,4,,,,,,,,,,,,,,,,,,,,,,,,,,,,,,,,,,,,
3314,2019,2,4,12,0,3.2,155,154,213,4,,,,,,,,,,,,,,,,,,,,,,,,,,,,,,,,,,,,
3315,2019,2,4,12,15,3.3000000000000003,151,244,242,4,,,,,,,,,,,,,,,,,,,,,,,,,,,,,,,,,,,,
3316,2019,2,4,12,30,3.4000000000000004,143,309,259,4,,,,,,,,,,,,,,,,,,,,,,,,,,,,,,,,,,,,
3317,2019,2,4,12,45,3.5,148,263,247,4,,,,,,,,,,,,,,,,,,,,,,,,,,,,,,,,,,,,
3318,2019,2,4,13,0,3.6,144,283,249,4,,,,,,,,,,,,,,,,,,,,,,,,,,,,,,,,,,,,
3319,2019,2,4,13,15,3.6,133,343,257,3.9000000000000004,,,,,,,,,,,,,,,,,,,,,,,,,,,,,,,,,,,,
3320,2019,2,4,13,30,3.6,147,137,196,3.8000000000000003,,,,,,,,,,,,,,,,,,,,,,,,,,,,,,,,,,,,
3321,2019,2,4,13,45,3.5,134,254,221,3.7,,,,,,,,,,,,,,,,,,,,,,,,,,,,,,,,,,,,
3322,2019,2,4,14,0,3.5,132,200,198,3.6,,,,,,,,,,,,,,,,,,,,,,,,,,,,,,,,,,,,
3323,2019,2,4,14,15,3.2,115,298,208,3.3000000000000003,,,,,,,,,,,,,,,,,,,,,,,,,,,,,,,,,,,,
3324,2019,2,4,14,30,2.8000000000000003,112,239,182,3.1,,,,,,,,,,,,,,,,,,,,,,,,,,,,,,,,,,,,
3325,2019,2,4,14,45,2.5,108,124,142,2.8000000000000003,,,,,,,,,,,,,,,,,,,,,,,,,,,,,,,,,,,,
3326,2019,2,4,15,0,2.2,98,112,126,2.5,,,,,,,,,,,,,,,,,,,,,,,,,,,,,,,,,,,,
3327,2019,2,4,15,15,1.7000000000000002,87,99,109,2.5,,,,,,,,,,,,,,,,,,,,,,,,,,,,,,,,,,,,
3328,2019,2,4,15,30,1.1,75,85,92,2.4000000000000004,,,,,,,,,,,,,,,,,,,,,,,,,,,,,,,,,,,,
3329,2019,2,4,15,45,0.6000000000000001,63,72,75,2.3000000000000003,,,,,,,,,,,,,,,,,,,,,,,,,,,,,,,,,,,,
3330,2019,2,4,16,0,0.1,51,59,59,2.2,,,,,,,,,,,,,,,,,,,,,,,,,,,,,,,,,,,,
3331,2019,2,4,16,15,0,38,46,43,2.3000000000000003,,,,,,,,,,,,,,,,,,,,,,,,,,,,,,,,,,,,
3332,2019,2,4,16,30,-0.1,27,23,29,2.4000000000000004,,,,,,,,,,,,,,,,,,,,,,,,,,,,,,,,,,,,
3333,2019,2,4,16,45,-0.2,15,0,15,2.5,,,,,,,,,,,,,,,,,,,,,,,,,,,,,,,,,,,,
3334,2019,2,4,17,0,-0.30000000000000004,0,0,0,2.6,,,,,,,,,,,,,,,,,,,,,,,,,,,,,,,,,,,,
3335,2019,2,4,17,15,-0.2,0,0,0,2.8000000000000003,,,,,,,,,,,,,,,,,,,,,,,,,,,,,,,,,,,,
3336,2019,2,4,17,30,-0.2,0,0,0,2.9000000000000004,,,,,,,,,,,,,,,,,,,,,,,,,,,,,,,,,,,,
3337,2019,2,4,17,45,-0.1,0,0,0,3.1,,,,,,,,,,,,,,,,,,,,,,,,,,,,,,,,,,,,
3338,2019,2,4,18,0,0,0,0,0,3.3000000000000003,,,,,,,,,,,,,,,,,,,,,,,,,,,,,,,,,,,,
3339,2019,2,4,18,15,0,0,0,0,3.4000000000000004,,,,,,,,,,,,,,,,,,,,,,,,,,,,,,,,,,,,
3340,2019,2,4,18,30,0,0,0,0,3.5,,,,,,,,,,,,,,,,,,,,,,,,,,,,,,,,,,,,
3341,2019,2,4,18,45,0,0,0,0,3.6,,,,,,,,,,,,,,,,,,,,,,,,,,,,,,,,,,,,
3342,2019,2,4,19,0,-0.1,0,0,0,3.8000000000000003,,,,,,,,,,,,,,,,,,,,,,,,,,,,,,,,,,,,
3343,2019,2,4,19,15,-0.1,0,0,0,3.8000000000000003,,,,,,,,,,,,,,,,,,,,,,,,,,,,,,,,,,,,
3344,2019,2,4,19,30,-0.2,0,0,0,3.9000000000000004,,,,,,,,,,,,,,,,,,,,,,,,,,,,,,,,,,,,
3345,2019,2,4,19,45,-0.2,0,0,0,3.9000000000000004,,,,,,,,,,,,,,,,,,,,,,,,,,,,,,,,,,,,
3346,2019,2,4,20,0,-0.30000000000000004,0,0,0,4,,,,,,,,,,,,,,,,,,,,,,,,,,,,,,,,,,,,
3347,2019,2,4,20,15,-0.30000000000000004,0,0,0,4,,,,,,,,,,,,,,,,,,,,,,,,,,,,,,,,,,,,
3348,2019,2,4,20,30,-0.4,0,0,0,4,,,,,,,,,,,,,,,,,,,,,,,,,,,,,,,,,,,,
3349,2019,2,4,20,45,-0.4,0,0,0,4,,,,,,,,,,,,,,,,,,,,,,,,,,,,,,,,,,,,
3350,2019,2,4,21,0,-0.5,0,0,0,4,,,,,,,,,,,,,,,,,,,,,,,,,,,,,,,,,,,,
3351,2019,2,4,21,15,-0.5,0,0,0,4,,,,,,,,,,,,,,,,,,,,,,,,,,,,,,,,,,,,
3352,2019,2,4,21,30,-0.5,0,0,0,4,,,,,,,,,,,,,,,,,,,,,,,,,,,,,,,,,,,,
3353,2019,2,4,21,45,-0.6000000000000001,0,0,0,4,,,,,,,,,,,,,,,,,,,,,,,,,,,,,,,,,,,,
3354,2019,2,4,22,0,-0.6000000000000001,0,0,0,3.9000000000000004,,,,,,,,,,,,,,,,,,,,,,,,,,,,,,,,,,,,
3355,2019,2,4,22,15,-0.7000000000000001,0,0,0,3.9000000000000004,,,,,,,,,,,,,,,,,,,,,,,,,,,,,,,,,,,,
3356,2019,2,4,22,30,-0.7000000000000001,0,0,0,3.9000000000000004,,,,,,,,,,,,,,,,,,,,,,,,,,,,,,,,,,,,
3357,2019,2,4,22,45,-0.8,0,0,0,3.8000000000000003,,,,,,,,,,,,,,,,,,,,,,,,,,,,,,,,,,,,
3358,2019,2,4,23,0,-0.8,0,0,0,3.8000000000000003,,,,,,,,,,,,,,,,,,,,,,,,,,,,,,,,,,,,
3359,2019,2,4,23,15,-0.9,0,0,0,3.8000000000000003,,,,,,,,,,,,,,,,,,,,,,,,,,,,,,,,,,,,
3360,2019,2,4,23,30,-1,0,0,0,3.8000000000000003,,,,,,,,,,,,,,,,,,,,,,,,,,,,,,,,,,,,
3361,2019,2,4,23,45,-1.1,0,0,0,3.8000000000000003,,,,,,,,,,,,,,,,,,,,,,,,,,,,,,,,,,,,
3362,2019,2,5,0,0,-1.2000000000000002,0,0,0,3.7,,,,,,,,,,,,,,,,,,,,,,,,,,,,,,,,,,,,
3363,2019,2,5,0,15,-1.2000000000000002,0,0,0,3.7,,,,,,,,,,,,,,,,,,,,,,,,,,,,,,,,,,,,
3364,2019,2,5,0,30,-1.2000000000000002,0,0,0,3.7,,,,,,,,,,,,,,,,,,,,,,,,,,,,,,,,,,,,
3365,2019,2,5,0,45,-1.2000000000000002,0,0,0,3.7,,,,,,,,,,,,,,,,,,,,,,,,,,,,,,,,,,,,
3366,2019,2,5,1,0,-1.3,0,0,0,3.8000000000000003,,,,,,,,,,,,,,,,,,,,,,,,,,,,,,,,,,,,
3367,2019,2,5,1,15,-1.4000000000000001,0,0,0,3.8000000000000003,,,,,,,,,,,,,,,,,,,,,,,,,,,,,,,,,,,,
3368,2019,2,5,1,30,-1.4000000000000001,0,0,0,3.9000000000000004,,,,,,,,,,,,,,,,,,,,,,,,,,,,,,,,,,,,
3369,2019,2,5,1,45,-1.4000000000000001,0,0,0,3.9000000000000004,,,,,,,,,,,,,,,,,,,,,,,,,,,,,,,,,,,,
3370,2019,2,5,2,0,-1.4000000000000001,0,0,0,4,,,,,,,,,,,,,,,,,,,,,,,,,,,,,,,,,,,,
3371,2019,2,5,2,15,-1.4000000000000001,0,0,0,3.9000000000000004,,,,,,,,,,,,,,,,,,,,,,,,,,,,,,,,,,,,
3372,2019,2,5,2,30,-1.4000000000000001,0,0,0,3.9000000000000004,,,,,,,,,,,,,,,,,,,,,,,,,,,,,,,,,,,,
3373,2019,2,5,2,45,-1.5,0,0,0,3.8000000000000003,,,,,,,,,,,,,,,,,,,,,,,,,,,,,,,,,,,,
3374,2019,2,5,3,0,-1.5,0,0,0,3.8000000000000003,,,,,,,,,,,,,,,,,,,,,,,,,,,,,,,,,,,,
3375,2019,2,5,3,15,-1.5,0,0,0,3.8000000000000003,,,,,,,,,,,,,,,,,,,,,,,,,,,,,,,,,,,,
3376,2019,2,5,3,30,-1.6,0,0,0,3.9000000000000004,,,,,,,,,,,,,,,,,,,,,,,,,,,,,,,,,,,,
3377,2019,2,5,3,45,-1.6,0,0,0,3.9000000000000004,,,,,,,,,,,,,,,,,,,,,,,,,,,,,,,,,,,,
3378,2019,2,5,4,0,-1.6,0,0,0,3.9000000000000004,,,,,,,,,,,,,,,,,,,,,,,,,,,,,,,,,,,,
3379,2019,2,5,4,15,-1.6,0,0,0,3.9000000000000004,,,,,,,,,,,,,,,,,,,,,,,,,,,,,,,,,,,,
3380,2019,2,5,4,30,-1.6,0,0,0,3.9000000000000004,,,,,,,,,,,,,,,,,,,,,,,,,,,,,,,,,,,,
3381,2019,2,5,4,45,-1.6,0,0,0,3.9000000000000004,,,,,,,,,,,,,,,,,,,,,,,,,,,,,,,,,,,,
3382,2019,2,5,5,0,-1.6,0,0,0,3.9000000000000004,,,,,,,,,,,,,,,,,,,,,,,,,,,,,,,,,,,,
3383,2019,2,5,5,15,-1.6,0,0,0,3.9000000000000004,,,,,,,,,,,,,,,,,,,,,,,,,,,,,,,,,,,,
3384,2019,2,5,5,30,-1.6,0,0,0,3.9000000000000004,,,,,,,,,,,,,,,,,,,,,,,,,,,,,,,,,,,,
3385,2019,2,5,5,45,-1.6,0,0,0,3.8000000000000003,,,,,,,,,,,,,,,,,,,,,,,,,,,,,,,,,,,,
3386,2019,2,5,6,0,-1.6,0,0,0,3.8000000000000003,,,,,,,,,,,,,,,,,,,,,,,,,,,,,,,,,,,,
3387,2019,2,5,6,15,-1.5,0,0,0,3.8000000000000003,,,,,,,,,,,,,,,,,,,,,,,,,,,,,,,,,,,,
3388,2019,2,5,6,30,-1.4000000000000001,0,0,0,3.8000000000000003,,,,,,,,,,,,,,,,,,,,,,,,,,,,,,,,,,,,
3389,2019,2,5,6,45,-1.3,0,0,0,3.7,,,,,,,,,,,,,,,,,,,,,,,,,,,,,,,,,,,,
3390,2019,2,5,7,0,-1.2000000000000002,0,0,0,3.7,,,,,,,,,,,,,,,,,,,,,,,,,,,,,,,,,,,,
3391,2019,2,5,7,15,-1,0,0,0,3.7,,,,,,,,,,,,,,,,,,,,,,,,,,,,,,,,,,,,
3392,2019,2,5,7,30,-0.9,0,0,0,3.7,,,,,,,,,,,,,,,,,,,,,,,,,,,,,,,,,,,,
3393,2019,2,5,7,45,-0.7000000000000001,0,0,0,3.7,,,,,,,,,,,,,,,,,,,,,,,,,,,,,,,,,,,,
3394,2019,2,5,8,0,-0.5,12,134,15,3.6,,,,,,,,,,,,,,,,,,,,,,,,,,,,,,,,,,,,
3395,2019,2,5,8,15,-0.30000000000000004,3,0,3,3.7,,,,,,,,,,,,,,,,,,,,,,,,,,,,,,,,,,,,
3396,2019,2,5,8,30,0,29,361,61,3.7,,,,,,,,,,,,,,,,,,,,,,,,,,,,,,,,,,,,
3397,2019,2,5,8,45,0.30000000000000004,6,0,6,3.8000000000000003,,,,,,,,,,,,,,,,,,,,,,,,,,,,,,,,,,,,
3398,2019,2,5,9,0,0.6000000000000001,8,0,8,3.8000000000000003,,,,,,,,,,,,,,,,,,,,,,,,,,,,,,,,,,,,
3399,2019,2,5,9,15,0.9,50,549,149,3.8000000000000003,,,,,,,,,,,,,,,,,,,,,,,,,,,,,,,,,,,,
3400,2019,2,5,9,30,1.2000000000000002,54,594,179,3.8000000000000003,,,,,,,,,,,,,,,,,,,,,,,,,,,,,,,,,,,,
3401,2019,2,5,9,45,1.4000000000000001,13,0,13,3.8000000000000003,,,,,,,,,,,,,,,,,,,,,,,,,,,,,,,,,,,,
3402,2019,2,5,10,0,1.7000000000000002,15,0,15,3.7,,,,,,,,,,,,,,,,,,,,,,,,,,,,,,,,,,,,
3403,2019,2,5,10,15,1.9000000000000001,17,0,17,3.8000000000000003,,,,,,,,,,,,,,,,,,,,,,,,,,,,,,,,,,,,
3404,2019,2,5,10,30,2.1,19,0,19,3.8000000000000003,,,,,,,,,,,,,,,,,,,,,,,,,,,,,,,,,,,,
3405,2019,2,5,10,45,2.4000000000000004,21,0,21,3.8000000000000003,,,,,,,,,,,,,,,,,,,,,,,,,,,,,,,,,,,,
3406,2019,2,5,11,0,2.6,22,0,22,3.8000000000000003,,,,,,,,,,,,,,,,,,,,,,,,,,,,,,,,,,,,
3407,2019,2,5,11,15,2.7,24,0,24,3.8000000000000003,,,,,,,,,,,,,,,,,,,,,,,,,,,,,,,,,,,,
3408,2019,2,5,11,30,2.9000000000000004,25,0,25,3.8000000000000003,,,,,,,,,,,,,,,,,,,,,,,,,,,,,,,,,,,,
3409,2019,2,5,11,45,3,26,0,26,3.9000000000000004,,,,,,,,,,,,,,,,,,,,,,,,,,,,,,,,,,,,
3410,2019,2,5,12,0,3.2,26,0,26,3.9000000000000004,,,,,,,,,,,,,,,,,,,,,,,,,,,,,,,,,,,,
3411,2019,2,5,12,15,3.2,160,111,202,3.9000000000000004,,,,,,,,,,,,,,,,,,,,,,,,,,,,,,,,,,,,
3412,2019,2,5,12,30,3.3000000000000003,160,111,203,3.8000000000000003,,,,,,,,,,,,,,,,,,,,,,,,,,,,,,,,,,,,
3413,2019,2,5,12,45,3.3000000000000003,82,757,368,3.8000000000000003,,,,,,,,,,,,,,,,,,,,,,,,,,,,,,,,,,,,
3414,2019,2,5,13,0,3.4000000000000004,81,753,363,3.8000000000000003,,,,,,,,,,,,,,,,,,,,,,,,,,,,,,,,,,,,
3415,2019,2,5,13,15,3.3000000000000003,81,748,356,3.7,,,,,,,,,,,,,,,,,,,,,,,,,,,,,,,,,,,,
3416,2019,2,5,13,30,3.3000000000000003,80,740,345,3.5,,,,,,,,,,,,,,,,,,,,,,,,,,,,,,,,,,,,
3417,2019,2,5,13,45,3.2,80,723,331,3.4000000000000004,,,,,,,,,,,,,,,,,,,,,,,,,,,,,,,,,,,,
3418,2019,2,5,14,0,3.1,22,0,22,3.3000000000000003,,,,,,,,,,,,,,,,,,,,,,,,,,,,,,,,,,,,
3419,2019,2,5,14,15,2.9000000000000004,20,0,20,3.1,,,,,,,,,,,,,,,,,,,,,,,,,,,,,,,,,,,,
3420,2019,2,5,14,30,2.7,19,0,19,2.8000000000000003,,,,,,,,,,,,,,,,,,,,,,,,,,,,,,,,,,,,
3421,2019,2,5,14,45,2.5,17,0,17,2.6,,,,,,,,,,,,,,,,,,,,,,,,,,,,,,,,,,,,
3422,2019,2,5,15,0,2.3000000000000003,15,0,15,2.3000000000000003,,,,,,,,,,,,,,,,,,,,,,,,,,,,,,,,,,,,
3423,2019,2,5,15,15,1.9000000000000001,63,591,198,2.2,,,,,,,,,,,,,,,,,,,,,,,,,,,,,,,,,,,,
3424,2019,2,5,15,30,1.6,58,550,170,2.1,,,,,,,,,,,,,,,,,,,,,,,,,,,,,,,,,,,,
3425,2019,2,5,15,45,1.2000000000000002,53,501,140,1.9000000000000001,,,,,,,,,,,,,,,,,,,,,,,,,,,,,,,,,,,,
3426,2019,2,5,16,0,0.8,46,442,111,1.8,,,,,,,,,,,,,,,,,,,,,,,,,,,,,,,,,,,,
3427,2019,2,5,16,15,0.6000000000000001,39,376,82,1.8,,,,,,,,,,,,,,,,,,,,,,,,,,,,,,,,,,,,
3428,2019,2,5,16,30,0.4,30,289,54,1.8,,,,,,,,,,,,,,,,,,,,,,,,,,,,,,,,,,,,
3429,2019,2,5,16,45,0.2,21,185,30,1.8,,,,,,,,,,,,,,,,,,,,,,,,,,,,,,,,,,,,
3430,2019,2,5,17,0,0,0,0,0,1.8,,,,,,,,,,,,,,,,,,,,,,,,,,,,,,,,,,,,
3431,2019,2,5,17,15,0,0,0,0,1.8,,,,,,,,,,,,,,,,,,,,,,,,,,,,,,,,,,,,
3432,2019,2,5,17,30,0,0,0,0,1.8,,,,,,,,,,,,,,,,,,,,,,,,,,,,,,,,,,,,
3433,2019,2,5,17,45,0,0,0,0,1.8,,,,,,,,,,,,,,,,,,,,,,,,,,,,,,,,,,,,
3434,2019,2,5,18,0,-0.1,0,0,0,1.8,,,,,,,,,,,,,,,,,,,,,,,,,,,,,,,,,,,,
3435,2019,2,5,18,15,-0.1,0,0,0,1.8,,,,,,,,,,,,,,,,,,,,,,,,,,,,,,,,,,,,
3436,2019,2,5,18,30,-0.2,0,0,0,1.8,,,,,,,,,,,,,,,,,,,,,,,,,,,,,,,,,,,,
3437,2019,2,5,18,45,-0.2,0,0,0,1.7000000000000002,,,,,,,,,,,,,,,,,,,,,,,,,,,,,,,,,,,,
3438,2019,2,5,19,0,-0.30000000000000004,0,0,0,1.7000000000000002,,,,,,,,,,,,,,,,,,,,,,,,,,,,,,,,,,,,
3439,2019,2,5,19,15,-0.4,0,0,0,1.6,,,,,,,,,,,,,,,,,,,,,,,,,,,,,,,,,,,,
3440,2019,2,5,19,30,-0.4,0,0,0,1.6,,,,,,,,,,,,,,,,,,,,,,,,,,,,,,,,,,,,
3441,2019,2,5,19,45,-0.5,0,0,0,1.6,,,,,,,,,,,,,,,,,,,,,,,,,,,,,,,,,,,,
3442,2019,2,5,20,0,-0.6000000000000001,0,0,0,1.5,,,,,,,,,,,,,,,,,,,,,,,,,,,,,,,,,,,,
3443,2019,2,5,20,15,-0.7000000000000001,0,0,0,1.5,,,,,,,,,,,,,,,,,,,,,,,,,,,,,,,,,,,,
3444,2019,2,5,20,30,-0.8,0,0,0,1.5,,,,,,,,,,,,,,,,,,,,,,,,,,,,,,,,,,,,
3445,2019,2,5,20,45,-0.9,0,0,0,1.4000000000000001,,,,,,,,,,,,,,,,,,,,,,,,,,,,,,,,,,,,
3446,2019,2,5,21,0,-0.9,0,0,0,1.4000000000000001,,,,,,,,,,,,,,,,,,,,,,,,,,,,,,,,,,,,
3447,2019,2,5,21,15,-0.9,0,0,0,1.4000000000000001,,,,,,,,,,,,,,,,,,,,,,,,,,,,,,,,,,,,
3448,2019,2,5,21,30,-1,0,0,0,1.4000000000000001,,,,,,,,,,,,,,,,,,,,,,,,,,,,,,,,,,,,
3449,2019,2,5,21,45,-1,0,0,0,1.4000000000000001,,,,,,,,,,,,,,,,,,,,,,,,,,,,,,,,,,,,
3450,2019,2,5,22,0,-1,0,0,0,1.4000000000000001,,,,,,,,,,,,,,,,,,,,,,,,,,,,,,,,,,,,
3451,2019,2,5,22,15,-1,0,0,0,1.4000000000000001,,,,,,,,,,,,,,,,,,,,,,,,,,,,,,,,,,,,
3452,2019,2,5,22,30,-1,0,0,0,1.4000000000000001,,,,,,,,,,,,,,,,,,,,,,,,,,,,,,,,,,,,
3453,2019,2,5,22,45,-1.1,0,0,0,1.4000000000000001,,,,,,,,,,,,,,,,,,,,,,,,,,,,,,,,,,,,
3454,2019,2,5,23,0,-1.1,0,0,0,1.4000000000000001,,,,,,,,,,,,,,,,,,,,,,,,,,,,,,,,,,,,
3455,2019,2,5,23,15,-1.1,0,0,0,1.4000000000000001,,,,,,,,,,,,,,,,,,,,,,,,,,,,,,,,,,,,
3456,2019,2,5,23,30,-1.1,0,0,0,1.4000000000000001,,,,,,,,,,,,,,,,,,,,,,,,,,,,,,,,,,,,
3457,2019,2,5,23,45,-1.2000000000000002,0,0,0,1.5,,,,,,,,,,,,,,,,,,,,,,,,,,,,,,,,,,,,
3458,2019,2,6,0,0,-1.2000000000000002,0,0,0,1.5,,,,,,,,,,,,,,,,,,,,,,,,,,,,,,,,,,,,
3459,2019,2,6,0,15,-1.2000000000000002,0,0,0,1.5,,,,,,,,,,,,,,,,,,,,,,,,,,,,,,,,,,,,
3460,2019,2,6,0,30,-1.2000000000000002,0,0,0,1.5,,,,,,,,,,,,,,,,,,,,,,,,,,,,,,,,,,,,
3461,2019,2,6,0,45,-1.2000000000000002,0,0,0,1.5,,,,,,,,,,,,,,,,,,,,,,,,,,,,,,,,,,,,
3462,2019,2,6,1,0,-1.2000000000000002,0,0,0,1.7000000000000002,,,,,,,,,,,,,,,,,,,,,,,,,,,,,,,,,,,,
3463,2019,2,6,1,15,-1.3,0,0,0,1.7000000000000002,,,,,,,,,,,,,,,,,,,,,,,,,,,,,,,,,,,,
3464,2019,2,6,1,30,-1.4000000000000001,0,0,0,1.7000000000000002,,,,,,,,,,,,,,,,,,,,,,,,,,,,,,,,,,,,
3465,2019,2,6,1,45,-1.4000000000000001,0,0,0,1.8,,,,,,,,,,,,,,,,,,,,,,,,,,,,,,,,,,,,
3466,2019,2,6,2,0,-1.5,0,0,0,1.8,,,,,,,,,,,,,,,,,,,,,,,,,,,,,,,,,,,,
3467,2019,2,6,2,15,-1.6,0,0,0,1.8,,,,,,,,,,,,,,,,,,,,,,,,,,,,,,,,,,,,
3468,2019,2,6,2,30,-1.7000000000000002,0,0,0,1.8,,,,,,,,,,,,,,,,,,,,,,,,,,,,,,,,,,,,
3469,2019,2,6,2,45,-1.8,0,0,0,1.9000000000000001,,,,,,,,,,,,,,,,,,,,,,,,,,,,,,,,,,,,
3470,2019,2,6,3,0,-1.9000000000000001,0,0,0,1.9000000000000001,,,,,,,,,,,,,,,,,,,,,,,,,,,,,,,,,,,,
3471,2019,2,6,3,15,-2,0,0,0,1.9000000000000001,,,,,,,,,,,,,,,,,,,,,,,,,,,,,,,,,,,,
3472,2019,2,6,3,30,-2.2,0,0,0,1.9000000000000001,,,,,,,,,,,,,,,,,,,,,,,,,,,,,,,,,,,,
3473,2019,2,6,3,45,-2.3000000000000003,0,0,0,2,,,,,,,,,,,,,,,,,,,,,,,,,,,,,,,,,,,,
3474,2019,2,6,4,0,-2.4000000000000004,0,0,0,2,,,,,,,,,,,,,,,,,,,,,,,,,,,,,,,,,,,,
3475,2019,2,6,4,15,-2.4000000000000004,0,0,0,2.1,,,,,,,,,,,,,,,,,,,,,,,,,,,,,,,,,,,,
3476,2019,2,6,4,30,-2.5,0,0,0,2.1,,,,,,,,,,,,,,,,,,,,,,,,,,,,,,,,,,,,
3477,2019,2,6,4,45,-2.6,0,0,0,2.2,,,,,,,,,,,,,,,,,,,,,,,,,,,,,,,,,,,,
3478,2019,2,6,5,0,-2.7,0,0,0,2.3000000000000003,,,,,,,,,,,,,,,,,,,,,,,,,,,,,,,,,,,,
3479,2019,2,6,5,15,-2.7,0,0,0,2.4000000000000004,,,,,,,,,,,,,,,,,,,,,,,,,,,,,,,,,,,,
3480,2019,2,6,5,30,-2.7,0,0,0,2.6,,,,,,,,,,,,,,,,,,,,,,,,,,,,,,,,,,,,
3481,2019,2,6,5,45,-2.7,0,0,0,2.7,,,,,,,,,,,,,,,,,,,,,,,,,,,,,,,,,,,,
3482,2019,2,6,6,0,-2.8000000000000003,0,0,0,2.9000000000000004,,,,,,,,,,,,,,,,,,,,,,,,,,,,,,,,,,,,
3483,2019,2,6,6,15,-2.8000000000000003,0,0,0,3,,,,,,,,,,,,,,,,,,,,,,,,,,,,,,,,,,,,
3484,2019,2,6,6,30,-2.9000000000000004,0,0,0,3.1,,,,,,,,,,,,,,,,,,,,,,,,,,,,,,,,,,,,
3485,2019,2,6,6,45,-2.9000000000000004,0,0,0,3.3000000000000003,,,,,,,,,,,,,,,,,,,,,,,,,,,,,,,,,,,,
3486,2019,2,6,7,0,-3,0,0,0,3.4000000000000004,,,,,,,,,,,,,,,,,,,,,,,,,,,,,,,,,,,,
3487,2019,2,6,7,15,-2.9000000000000004,0,0,0,3.6,,,,,,,,,,,,,,,,,,,,,,,,,,,,,,,,,,,,
3488,2019,2,6,7,30,-2.7,0,0,0,3.7,,,,,,,,,,,,,,,,,,,,,,,,,,,,,,,,,,,,
3489,2019,2,6,7,45,-2.6,0,0,0,3.9000000000000004,,,,,,,,,,,,,,,,,,,,,,,,,,,,,,,,,,,,
3490,2019,2,6,8,0,-2.5,4,24,4,4,,,,,,,,,,,,,,,,,,,,,,,,,,,,,,,,,,,,
3491,2019,2,6,8,15,-2.2,7,0,7,4.1000000000000005,,,,,,,,,,,,,,,,,,,,,,,,,,,,,,,,,,,,
3492,2019,2,6,8,30,-1.9000000000000001,9,0,9,4.1000000000000005,,,,,,,,,,,,,,,,,,,,,,,,,,,,,,,,,,,,
3493,2019,2,6,8,45,-1.6,11,0,11,4.1000000000000005,,,,,,,,,,,,,,,,,,,,,,,,,,,,,,,,,,,,
3494,2019,2,6,9,0,-1.3,13,0,13,4.1000000000000005,,,,,,,,,,,,,,,,,,,,,,,,,,,,,,,,,,,,
3495,2019,2,6,9,15,-1,15,0,15,4.2,,,,,,,,,,,,,,,,,,,,,,,,,,,,,,,,,,,,
3496,2019,2,6,9,30,-0.6000000000000001,59,0,59,4.3,,,,,,,,,,,,,,,,,,,,,,,,,,,,,,,,,,,,
3497,2019,2,6,9,45,-0.30000000000000004,19,0,19,4.3,,,,,,,,,,,,,,,,,,,,,,,,,,,,,,,,,,,,
3498,2019,2,6,10,0,0.1,22,0,22,4.4,,,,,,,,,,,,,,,,,,,,,,,,,,,,,,,,,,,,
3499,2019,2,6,10,15,0.4,71,0,71,4.4,,,,,,,,,,,,,,,,,,,,,,,,,,,,,,,,,,,,
3500,2019,2,6,10,30,0.8,124,89,152,4.5,,,,,,,,,,,,,,,,,,,,,,,,,,,,,,,,,,,,
3501,2019,2,6,10,45,1.1,110,0,110,4.5,,,,,,,,,,,,,,,,,,,,,,,,,,,,,,,,,,,,
3502,2019,2,6,11,0,1.4000000000000001,123,10,127,4.6000000000000005,,,,,,,,,,,,,,,,,,,,,,,,,,,,,,,,,,,,
3503,2019,2,6,11,15,1.7000000000000002,146,84,176,4.6000000000000005,,,,,,,,,,,,,,,,,,,,,,,,,,,,,,,,,,,,
3504,2019,2,6,11,30,2,153,164,213,4.6000000000000005,,,,,,,,,,,,,,,,,,,,,,,,,,,,,,,,,,,,
3505,2019,2,6,11,45,2.3000000000000003,152,237,240,4.7,,,,,,,,,,,,,,,,,,,,,,,,,,,,,,,,,,,,
3506,2019,2,6,12,0,2.6,154,239,245,4.7,,,,,,,,,,,,,,,,,,,,,,,,,,,,,,,,,,,,
3507,2019,2,6,12,15,2.8000000000000003,150,34,163,4.6000000000000005,,,,,,,,,,,,,,,,,,,,,,,,,,,,,,,,,,,,
3508,2019,2,6,12,30,3,148,27,158,4.6000000000000005,,,,,,,,,,,,,,,,,,,,,,,,,,,,,,,,,,,,
3509,2019,2,6,12,45,3.2,72,0,72,4.5,,,,,,,,,,,,,,,,,,,,,,,,,,,,,,,,,,,,
3510,2019,2,6,13,0,3.4000000000000004,134,6,137,4.4,,,,,,,,,,,,,,,,,,,,,,,,,,,,,,,,,,,,
3511,2019,2,6,13,15,3.4000000000000004,133,8,136,4.3,,,,,,,,,,,,,,,,,,,,,,,,,,,,,,,,,,,,
3512,2019,2,6,13,30,3.5,122,0,122,4.2,,,,,,,,,,,,,,,,,,,,,,,,,,,,,,,,,,,,
3513,2019,2,6,13,45,3.5,141,54,160,4,,,,,,,,,,,,,,,,,,,,,,,,,,,,,,,,,,,,
3514,2019,2,6,14,0,3.6,122,10,126,3.9000000000000004,,,,,,,,,,,,,,,,,,,,,,,,,,,,,,,,,,,,
3515,2019,2,6,14,15,3.4000000000000004,72,0,72,3.7,,,,,,,,,,,,,,,,,,,,,,,,,,,,,,,,,,,,
3516,2019,2,6,14,30,3.2,71,0,71,3.5,,,,,,,,,,,,,,,,,,,,,,,,,,,,,,,,,,,,
3517,2019,2,6,14,45,3,57,0,57,3.3000000000000003,,,,,,,,,,,,,,,,,,,,,,,,,,,,,,,,,,,,
3518,2019,2,6,15,0,2.8000000000000003,51,0,51,3.1,,,,,,,,,,,,,,,,,,,,,,,,,,,,,,,,,,,,
3519,2019,2,6,15,15,2.4000000000000004,45,0,45,3,,,,,,,,,,,,,,,,,,,,,,,,,,,,,,,,,,,,
3520,2019,2,6,15,30,1.9000000000000001,39,0,39,3,,,,,,,,,,,,,,,,,,,,,,,,,,,,,,,,,,,,
3521,2019,2,6,15,45,1.5,32,0,32,2.9000000000000004,,,,,,,,,,,,,,,,,,,,,,,,,,,,,,,,,,,,
3522,2019,2,6,16,0,1.1,27,0,27,2.8000000000000003,,,,,,,,,,,,,,,,,,,,,,,,,,,,,,,,,,,,
3523,2019,2,6,16,15,0.9,21,0,21,2.9000000000000004,,,,,,,,,,,,,,,,,,,,,,,,,,,,,,,,,,,,
3524,2019,2,6,16,30,0.7000000000000001,15,0,15,3,,,,,,,,,,,,,,,,,,,,,,,,,,,,,,,,,,,,
3525,2019,2,6,16,45,0.5,10,0,10,3.1,,,,,,,,,,,,,,,,,,,,,,,,,,,,,,,,,,,,
3526,2019,2,6,17,0,0.30000000000000004,11,158,14,3.2,,,,,,,,,,,,,,,,,,,,,,,,,,,,,,,,,,,,
3527,2019,2,6,17,15,0.30000000000000004,0,0,0,3.2,,,,,,,,,,,,,,,,,,,,,,,,,,,,,,,,,,,,
3528,2019,2,6,17,30,0.2,0,0,0,3.3000000000000003,,,,,,,,,,,,,,,,,,,,,,,,,,,,,,,,,,,,
3529,2019,2,6,17,45,0.2,0,0,0,3.4000000000000004,,,,,,,,,,,,,,,,,,,,,,,,,,,,,,,,,,,,
3530,2019,2,6,18,0,0.2,0,0,0,3.5,,,,,,,,,,,,,,,,,,,,,,,,,,,,,,,,,,,,
3531,2019,2,6,18,15,0.1,0,0,0,3.5,,,,,,,,,,,,,,,,,,,,,,,,,,,,,,,,,,,,
3532,2019,2,6,18,30,0,0,0,0,3.5,,,,,,,,,,,,,,,,,,,,,,,,,,,,,,,,,,,,
3533,2019,2,6,18,45,-0.1,0,0,0,3.6,,,,,,,,,,,,,,,,,,,,,,,,,,,,,,,,,,,,
3534,2019,2,6,19,0,-0.1,0,0,0,3.6,,,,,,,,,,,,,,,,,,,,,,,,,,,,,,,,,,,,
3535,2019,2,6,19,15,-0.2,0,0,0,3.6,,,,,,,,,,,,,,,,,,,,,,,,,,,,,,,,,,,,
3536,2019,2,6,19,30,-0.30000000000000004,0,0,0,3.6,,,,,,,,,,,,,,,,,,,,,,,,,,,,,,,,,,,,
3537,2019,2,6,19,45,-0.4,0,0,0,3.5,,,,,,,,,,,,,,,,,,,,,,,,,,,,,,,,,,,,
3538,2019,2,6,20,0,-0.6000000000000001,0,0,0,3.5,,,,,,,,,,,,,,,,,,,,,,,,,,,,,,,,,,,,
3539,2019,2,6,20,15,-0.6000000000000001,0,0,0,3.5,,,,,,,,,,,,,,,,,,,,,,,,,,,,,,,,,,,,
3540,2019,2,6,20,30,-0.7000000000000001,0,0,0,3.5,,,,,,,,,,,,,,,,,,,,,,,,,,,,,,,,,,,,
3541,2019,2,6,20,45,-0.7000000000000001,0,0,0,3.5,,,,,,,,,,,,,,,,,,,,,,,,,,,,,,,,,,,,
3542,2019,2,6,21,0,-0.8,0,0,0,3.5,,,,,,,,,,,,,,,,,,,,,,,,,,,,,,,,,,,,
3543,2019,2,6,21,15,-0.9,0,0,0,3.5,,,,,,,,,,,,,,,,,,,,,,,,,,,,,,,,,,,,
3544,2019,2,6,21,30,-0.9,0,0,0,3.5,,,,,,,,,,,,,,,,,,,,,,,,,,,,,,,,,,,,
3545,2019,2,6,21,45,-1,0,0,0,3.5,,,,,,,,,,,,,,,,,,,,,,,,,,,,,,,,,,,,
3546,2019,2,6,22,0,-1.1,0,0,0,3.5,,,,,,,,,,,,,,,,,,,,,,,,,,,,,,,,,,,,
3547,2019,2,6,22,15,-1.1,0,0,0,3.6,,,,,,,,,,,,,,,,,,,,,,,,,,,,,,,,,,,,
3548,2019,2,6,22,30,-1.2000000000000002,0,0,0,3.6,,,,,,,,,,,,,,,,,,,,,,,,,,,,,,,,,,,,
3549,2019,2,6,22,45,-1.3,0,0,0,3.6,,,,,,,,,,,,,,,,,,,,,,,,,,,,,,,,,,,,
3550,2019,2,6,23,0,-1.4000000000000001,0,0,0,3.6,,,,,,,,,,,,,,,,,,,,,,,,,,,,,,,,,,,,
3551,2019,2,6,23,15,-1.5,0,0,0,3.6,,,,,,,,,,,,,,,,,,,,,,,,,,,,,,,,,,,,
3552,2019,2,6,23,30,-1.6,0,0,0,3.6,,,,,,,,,,,,,,,,,,,,,,,,,,,,,,,,,,,,
3553,2019,2,6,23,45,-1.8,0,0,0,3.7,,,,,,,,,,,,,,,,,,,,,,,,,,,,,,,,,,,,
3554,2019,2,7,0,0,-1.9000000000000001,0,0,0,3.7,,,,,,,,,,,,,,,,,,,,,,,,,,,,,,,,,,,,
3555,2019,2,7,0,15,-1.9000000000000001,0,0,0,3.7,,,,,,,,,,,,,,,,,,,,,,,,,,,,,,,,,,,,
3556,2019,2,7,0,30,-1.9000000000000001,0,0,0,3.7,,,,,,,,,,,,,,,,,,,,,,,,,,,,,,,,,,,,
3557,2019,2,7,0,45,-1.9000000000000001,0,0,0,3.7,,,,,,,,,,,,,,,,,,,,,,,,,,,,,,,,,,,,
3558,2019,2,7,1,0,-2.6,0,0,0,3.7,,,,,,,,,,,,,,,,,,,,,,,,,,,,,,,,,,,,
3559,2019,2,7,1,15,-2.7,0,0,0,3.7,,,,,,,,,,,,,,,,,,,,,,,,,,,,,,,,,,,,
3560,2019,2,7,1,30,-2.8000000000000003,0,0,0,3.8000000000000003,,,,,,,,,,,,,,,,,,,,,,,,,,,,,,,,,,,,
3561,2019,2,7,1,45,-2.9000000000000004,0,0,0,3.8000000000000003,,,,,,,,,,,,,,,,,,,,,,,,,,,,,,,,,,,,
3562,2019,2,7,2,0,-3,0,0,0,3.9000000000000004,,,,,,,,,,,,,,,,,,,,,,,,,,,,,,,,,,,,
3563,2019,2,7,2,15,-3.1,0,0,0,3.9000000000000004,,,,,,,,,,,,,,,,,,,,,,,,,,,,,,,,,,,,
3564,2019,2,7,2,30,-3.2,0,0,0,3.9000000000000004,,,,,,,,,,,,,,,,,,,,,,,,,,,,,,,,,,,,
3565,2019,2,7,2,45,-3.3000000000000003,0,0,0,3.9000000000000004,,,,,,,,,,,,,,,,,,,,,,,,,,,,,,,,,,,,
3566,2019,2,7,3,0,-3.4000000000000004,0,0,0,3.9000000000000004,,,,,,,,,,,,,,,,,,,,,,,,,,,,,,,,,,,,
3567,2019,2,7,3,15,-3.4000000000000004,0,0,0,3.9000000000000004,,,,,,,,,,,,,,,,,,,,,,,,,,,,,,,,,,,,
3568,2019,2,7,3,30,-3.4000000000000004,0,0,0,4,,,,,,,,,,,,,,,,,,,,,,,,,,,,,,,,,,,,
3569,2019,2,7,3,45,-3.4000000000000004,0,0,0,4,,,,,,,,,,,,,,,,,,,,,,,,,,,,,,,,,,,,
3570,2019,2,7,4,0,-3.4000000000000004,0,0,0,4,,,,,,,,,,,,,,,,,,,,,,,,,,,,,,,,,,,,
3571,2019,2,7,4,15,-3.4000000000000004,0,0,0,4.1000000000000005,,,,,,,,,,,,,,,,,,,,,,,,,,,,,,,,,,,,
3572,2019,2,7,4,30,-3.4000000000000004,0,0,0,4.1000000000000005,,,,,,,,,,,,,,,,,,,,,,,,,,,,,,,,,,,,
3573,2019,2,7,4,45,-3.4000000000000004,0,0,0,4.1000000000000005,,,,,,,,,,,,,,,,,,,,,,,,,,,,,,,,,,,,
3574,2019,2,7,5,0,-3.3000000000000003,0,0,0,4.2,,,,,,,,,,,,,,,,,,,,,,,,,,,,,,,,,,,,
3575,2019,2,7,5,15,-3.3000000000000003,0,0,0,4.2,,,,,,,,,,,,,,,,,,,,,,,,,,,,,,,,,,,,
3576,2019,2,7,5,30,-3.2,0,0,0,4.2,,,,,,,,,,,,,,,,,,,,,,,,,,,,,,,,,,,,
3577,2019,2,7,5,45,-3.2,0,0,0,4.3,,,,,,,,,,,,,,,,,,,,,,,,,,,,,,,,,,,,
3578,2019,2,7,6,0,-3.1,0,0,0,4.3,,,,,,,,,,,,,,,,,,,,,,,,,,,,,,,,,,,,
3579,2019,2,7,6,15,-3,0,0,0,4.3,,,,,,,,,,,,,,,,,,,,,,,,,,,,,,,,,,,,
3580,2019,2,7,6,30,-2.9000000000000004,0,0,0,4.3,,,,,,,,,,,,,,,,,,,,,,,,,,,,,,,,,,,,
3581,2019,2,7,6,45,-2.9000000000000004,0,0,0,4.3,,,,,,,,,,,,,,,,,,,,,,,,,,,,,,,,,,,,
3582,2019,2,7,7,0,-2.8000000000000003,0,0,0,4.3,,,,,,,,,,,,,,,,,,,,,,,,,,,,,,,,,,,,
3583,2019,2,7,7,15,-2.6,0,0,0,4.4,,,,,,,,,,,,,,,,,,,,,,,,,,,,,,,,,,,,
3584,2019,2,7,7,30,-2.5,0,0,0,4.4,,,,,,,,,,,,,,,,,,,,,,,,,,,,,,,,,,,,
3585,2019,2,7,7,45,-2.3000000000000003,0,0,0,4.5,,,,,,,,,,,,,,,,,,,,,,,,,,,,,,,,,,,,
3586,2019,2,7,8,0,-2.2,2,0,2,4.5,,,,,,,,,,,,,,,,,,,,,,,,,,,,,,,,,,,,
3587,2019,2,7,8,15,-1.9000000000000001,4,0,4,4.6000000000000005,,,,,,,,,,,,,,,,,,,,,,,,,,,,,,,,,,,,
3588,2019,2,7,8,30,-1.7000000000000002,5,0,5,4.6000000000000005,,,,,,,,,,,,,,,,,,,,,,,,,,,,,,,,,,,,
3589,2019,2,7,8,45,-1.5,7,0,7,4.7,,,,,,,,,,,,,,,,,,,,,,,,,,,,,,,,,,,,
3590,2019,2,7,9,0,-1.2000000000000002,8,0,8,4.800000000000001,,,,,,,,,,,,,,,,,,,,,,,,,,,,,,,,,,,,
3591,2019,2,7,9,15,-0.9,7,0,7,4.9,,,,,,,,,,,,,,,,,,,,,,,,,,,,,,,,,,,,
3592,2019,2,7,9,30,-0.6000000000000001,8,0,8,5,,,,,,,,,,,,,,,,,,,,,,,,,,,,,,,,,,,,
3593,2019,2,7,9,45,-0.30000000000000004,14,0,14,5.1000000000000005,,,,,,,,,,,,,,,,,,,,,,,,,,,,,,,,,,,,
3594,2019,2,7,10,0,0.1,10,0,10,5.2,,,,,,,,,,,,,,,,,,,,,,,,,,,,,,,,,,,,
3595,2019,2,7,10,15,0.5,18,0,18,5.300000000000001,,,,,,,,,,,,,,,,,,,,,,,,,,,,,,,,,,,,
3596,2019,2,7,10,30,0.9,20,0,20,5.4,,,,,,,,,,,,,,,,,,,,,,,,,,,,,,,,,,,,
3597,2019,2,7,10,45,1.3,12,0,12,5.5,,,,,,,,,,,,,,,,,,,,,,,,,,,,,,,,,,,,
3598,2019,2,7,11,0,1.8,13,0,13,5.6000000000000005,,,,,,,,,,,,,,,,,,,,,,,,,,,,,,,,,,,,
3599,2019,2,7,11,15,2.1,13,0,13,5.5,,,,,,,,,,,,,,,,,,,,,,,,,,,,,,,,,,,,
3600,2019,2,7,11,30,2.4000000000000004,14,0,14,5.5,,,,,,,,,,,,,,,,,,,,,,,,,,,,,,,,,,,,
3601,2019,2,7,11,45,2.8000000000000003,66,0,66,5.4,,,,,,,,,,,,,,,,,,,,,,,,,,,,,,,,,,,,
3602,2019,2,7,12,0,3.1,15,0,15,5.4,,,,,,,,,,,,,,,,,,,,,,,,,,,,,,,,,,,,
3603,2019,2,7,12,15,3.2,15,0,15,5.4,,,,,,,,,,,,,,,,,,,,,,,,,,,,,,,,,,,,
3604,2019,2,7,12,30,3.3000000000000003,15,0,15,5.4,,,,,,,,,,,,,,,,,,,,,,,,,,,,,,,,,,,,
3605,2019,2,7,12,45,3.4000000000000004,27,0,27,5.4,,,,,,,,,,,,,,,,,,,,,,,,,,,,,,,,,,,,
3606,2019,2,7,13,0,3.4000000000000004,51,0,51,5.4,,,,,,,,,,,,,,,,,,,,,,,,,,,,,,,,,,,,
3607,2019,2,7,13,15,3.3000000000000003,27,0,27,5.300000000000001,,,,,,,,,,,,,,,,,,,,,,,,,,,,,,,,,,,,
3608,2019,2,7,13,30,3.2,30,0,30,5.300000000000001,,,,,,,,,,,,,,,,,,,,,,,,,,,,,,,,,,,,
3609,2019,2,7,13,45,3.1,36,0,36,5.2,,,,,,,,,,,,,,,,,,,,,,,,,,,,,,,,,,,,
3610,2019,2,7,14,0,3,25,0,25,5.1000000000000005,,,,,,,,,,,,,,,,,,,,,,,,,,,,,,,,,,,,
3611,2019,2,7,14,15,2.9000000000000004,21,0,21,5.1000000000000005,,,,,,,,,,,,,,,,,,,,,,,,,,,,,,,,,,,,
3612,2019,2,7,14,30,2.7,19,0,19,5,,,,,,,,,,,,,,,,,,,,,,,,,,,,,,,,,,,,
3613,2019,2,7,14,45,2.6,17,0,17,4.9,,,,,,,,,,,,,,,,,,,,,,,,,,,,,,,,,,,,
3614,2019,2,7,15,0,2.5,15,0,15,4.800000000000001,,,,,,,,,,,,,,,,,,,,,,,,,,,,,,,,,,,,
3615,2019,2,7,15,15,2.3000000000000003,14,0,14,4.7,,,,,,,,,,,,,,,,,,,,,,,,,,,,,,,,,,,,
3616,2019,2,7,15,30,2,12,0,12,4.5,,,,,,,,,,,,,,,,,,,,,,,,,,,,,,,,,,,,
3617,2019,2,7,15,45,1.8,7,0,7,4.4,,,,,,,,,,,,,,,,,,,,,,,,,,,,,,,,,,,,
3618,2019,2,7,16,0,1.6,8,0,8,4.3,,,,,,,,,,,,,,,,,,,,,,,,,,,,,,,,,,,,
3619,2019,2,7,16,15,1.4000000000000001,5,0,5,4.3,,,,,,,,,,,,,,,,,,,,,,,,,,,,,,,,,,,,
3620,2019,2,7,16,30,1.2000000000000002,5,0,5,4.2,,,,,,,,,,,,,,,,,,,,,,,,,,,,,,,,,,,,
3621,2019,2,7,16,45,1,4,0,4,4.2,,,,,,,,,,,,,,,,,,,,,,,,,,,,,,,,,,,,
3622,2019,2,7,17,0,0.8,2,0,2,4.2,,,,,,,,,,,,,,,,,,,,,,,,,,,,,,,,,,,,
3623,2019,2,7,17,15,0.9,0,0,0,4.3,,,,,,,,,,,,,,,,,,,,,,,,,,,,,,,,,,,,
3624,2019,2,7,17,30,0.9,0,0,0,4.4,,,,,,,,,,,,,,,,,,,,,,,,,,,,,,,,,,,,
3625,2019,2,7,17,45,1,0,0,0,4.5,,,,,,,,,,,,,,,,,,,,,,,,,,,,,,,,,,,,
3626,2019,2,7,18,0,1.1,0,0,0,4.6000000000000005,,,,,,,,,,,,,,,,,,,,,,,,,,,,,,,,,,,,
3627,2019,2,7,18,15,1.1,0,0,0,4.6000000000000005,,,,,,,,,,,,,,,,,,,,,,,,,,,,,,,,,,,,
3628,2019,2,7,18,30,1.2000000000000002,0,0,0,4.6000000000000005,,,,,,,,,,,,,,,,,,,,,,,,,,,,,,,,,,,,
3629,2019,2,7,18,45,1.3,0,0,0,4.7,,,,,,,,,,,,,,,,,,,,,,,,,,,,,,,,,,,,
3630,2019,2,7,19,0,1.3,0,0,0,4.7,,,,,,,,,,,,,,,,,,,,,,,,,,,,,,,,,,,,
3631,2019,2,7,19,15,1.4000000000000001,0,0,0,4.7,,,,,,,,,,,,,,,,,,,,,,,,,,,,,,,,,,,,
3632,2019,2,7,19,30,1.4000000000000001,0,0,0,4.7,,,,,,,,,,,,,,,,,,,,,,,,,,,,,,,,,,,,
3633,2019,2,7,19,45,1.4000000000000001,0,0,0,4.7,,,,,,,,,,,,,,,,,,,,,,,,,,,,,,,,,,,,
3634,2019,2,7,20,0,1.4000000000000001,0,0,0,4.7,,,,,,,,,,,,,,,,,,,,,,,,,,,,,,,,,,,,
3635,2019,2,7,20,15,1.4000000000000001,0,0,0,4.7,,,,,,,,,,,,,,,,,,,,,,,,,,,,,,,,,,,,
3636,2019,2,7,20,30,1.4000000000000001,0,0,0,4.7,,,,,,,,,,,,,,,,,,,,,,,,,,,,,,,,,,,,
3637,2019,2,7,20,45,1.3,0,0,0,4.7,,,,,,,,,,,,,,,,,,,,,,,,,,,,,,,,,,,,
3638,2019,2,7,21,0,1.3,0,0,0,4.6000000000000005,,,,,,,,,,,,,,,,,,,,,,,,,,,,,,,,,,,,
3639,2019,2,7,21,15,1.2000000000000002,0,0,0,4.6000000000000005,,,,,,,,,,,,,,,,,,,,,,,,,,,,,,,,,,,,
3640,2019,2,7,21,30,1.2000000000000002,0,0,0,4.6000000000000005,,,,,,,,,,,,,,,,,,,,,,,,,,,,,,,,,,,,
3641,2019,2,7,21,45,1.1,0,0,0,4.6000000000000005,,,,,,,,,,,,,,,,,,,,,,,,,,,,,,,,,,,,
3642,2019,2,7,22,0,1.1,0,0,0,4.6000000000000005,,,,,,,,,,,,,,,,,,,,,,,,,,,,,,,,,,,,
3643,2019,2,7,22,15,1,0,0,0,4.6000000000000005,,,,,,,,,,,,,,,,,,,,,,,,,,,,,,,,,,,,
3644,2019,2,7,22,30,0.9,0,0,0,4.6000000000000005,,,,,,,,,,,,,,,,,,,,,,,,,,,,,,,,,,,,
3645,2019,2,7,22,45,0.9,0,0,0,4.5,,,,,,,,,,,,,,,,,,,,,,,,,,,,,,,,,,,,
3646,2019,2,7,23,0,0.8,0,0,0,4.5,,,,,,,,,,,,,,,,,,,,,,,,,,,,,,,,,,,,
3647,2019,2,7,23,15,0.8,0,0,0,4.5,,,,,,,,,,,,,,,,,,,,,,,,,,,,,,,,,,,,
3648,2019,2,7,23,30,0.7000000000000001,0,0,0,4.6000000000000005,,,,,,,,,,,,,,,,,,,,,,,,,,,,,,,,,,,,
3649,2019,2,7,23,45,0.7000000000000001,0,0,0,4.6000000000000005,,,,,,,,,,,,,,,,,,,,,,,,,,,,,,,,,,,,
3650,2019,2,8,0,0,0.6000000000000001,0,0,0,4.6000000000000005,,,,,,,,,,,,,,,,,,,,,,,,,,,,,,,,,,,,
3651,2019,2,8,0,15,0.6000000000000001,0,0,0,4.6000000000000005,,,,,,,,,,,,,,,,,,,,,,,,,,,,,,,,,,,,
3652,2019,2,8,0,30,0.6000000000000001,0,0,0,4.6000000000000005,,,,,,,,,,,,,,,,,,,,,,,,,,,,,,,,,,,,
3653,2019,2,8,0,45,0.6000000000000001,0,0,0,4.6000000000000005,,,,,,,,,,,,,,,,,,,,,,,,,,,,,,,,,,,,
3654,2019,2,8,1,0,0.5,0,0,0,4.6000000000000005,,,,,,,,,,,,,,,,,,,,,,,,,,,,,,,,,,,,
3655,2019,2,8,1,15,0.5,0,0,0,4.6000000000000005,,,,,,,,,,,,,,,,,,,,,,,,,,,,,,,,,,,,
3656,2019,2,8,1,30,0.5,0,0,0,4.6000000000000005,,,,,,,,,,,,,,,,,,,,,,,,,,,,,,,,,,,,
3657,2019,2,8,1,45,0.4,0,0,0,4.6000000000000005,,,,,,,,,,,,,,,,,,,,,,,,,,,,,,,,,,,,
3658,2019,2,8,2,0,0.4,0,0,0,4.6000000000000005,,,,,,,,,,,,,,,,,,,,,,,,,,,,,,,,,,,,
3659,2019,2,8,2,15,0.30000000000000004,0,0,0,4.6000000000000005,,,,,,,,,,,,,,,,,,,,,,,,,,,,,,,,,,,,
3660,2019,2,8,2,30,0.30000000000000004,0,0,0,4.5,,,,,,,,,,,,,,,,,,,,,,,,,,,,,,,,,,,,
3661,2019,2,8,2,45,0.2,0,0,0,4.5,,,,,,,,,,,,,,,,,,,,,,,,,,,,,,,,,,,,
3662,2019,2,8,3,0,0.1,0,0,0,4.5,,,,,,,,,,,,,,,,,,,,,,,,,,,,,,,,,,,,
3663,2019,2,8,3,15,0.1,0,0,0,4.4,,,,,,,,,,,,,,,,,,,,,,,,,,,,,,,,,,,,
3664,2019,2,8,3,30,0.1,0,0,0,4.4,,,,,,,,,,,,,,,,,,,,,,,,,,,,,,,,,,,,
3665,2019,2,8,3,45,0.1,0,0,0,4.4,,,,,,,,,,,,,,,,,,,,,,,,,,,,,,,,,,,,
3666,2019,2,8,4,0,0.1,0,0,0,4.4,,,,,,,,,,,,,,,,,,,,,,,,,,,,,,,,,,,,
3667,2019,2,8,4,15,0.1,0,0,0,4.3,,,,,,,,,,,,,,,,,,,,,,,,,,,,,,,,,,,,
3668,2019,2,8,4,30,0,0,0,0,4.3,,,,,,,,,,,,,,,,,,,,,,,,,,,,,,,,,,,,
3669,2019,2,8,4,45,0,0,0,0,4.3,,,,,,,,,,,,,,,,,,,,,,,,,,,,,,,,,,,,
3670,2019,2,8,5,0,0,0,0,0,4.2,,,,,,,,,,,,,,,,,,,,,,,,,,,,,,,,,,,,
3671,2019,2,8,5,15,-0.1,0,0,0,4.2,,,,,,,,,,,,,,,,,,,,,,,,,,,,,,,,,,,,
3672,2019,2,8,5,30,-0.1,0,0,0,4.1000000000000005,,,,,,,,,,,,,,,,,,,,,,,,,,,,,,,,,,,,
3673,2019,2,8,5,45,-0.2,0,0,0,4,,,,,,,,,,,,,,,,,,,,,,,,,,,,,,,,,,,,
3674,2019,2,8,6,0,-0.30000000000000004,0,0,0,4,,,,,,,,,,,,,,,,,,,,,,,,,,,,,,,,,,,,
3675,2019,2,8,6,15,-0.30000000000000004,0,0,0,4,,,,,,,,,,,,,,,,,,,,,,,,,,,,,,,,,,,,
3676,2019,2,8,6,30,-0.30000000000000004,0,0,0,4.1000000000000005,,,,,,,,,,,,,,,,,,,,,,,,,,,,,,,,,,,,
3677,2019,2,8,6,45,-0.4,0,0,0,4.1000000000000005,,,,,,,,,,,,,,,,,,,,,,,,,,,,,,,,,,,,
3678,2019,2,8,7,0,-0.4,0,0,0,4.1000000000000005,,,,,,,,,,,,,,,,,,,,,,,,,,,,,,,,,,,,
3679,2019,2,8,7,15,-0.2,0,0,0,4.3,,,,,,,,,,,,,,,,,,,,,,,,,,,,,,,,,,,,
3680,2019,2,8,7,30,0.1,0,0,0,4.5,,,,,,,,,,,,,,,,,,,,,,,,,,,,,,,,,,,,
3681,2019,2,8,7,45,0.30000000000000004,0,0,0,4.6000000000000005,,,,,,,,,,,,,,,,,,,,,,,,,,,,,,,,,,,,
3682,2019,2,8,8,0,0.5,15,176,21,4.800000000000001,,,,,,,,,,,,,,,,,,,,,,,,,,,,,,,,,,,,
3683,2019,2,8,8,15,0.9,24,295,44,4.800000000000001,,,,,,,,,,,,,,,,,,,,,,,,,,,,,,,,,,,,
3684,2019,2,8,8,30,1.3,5,0,5,4.9,,,,,,,,,,,,,,,,,,,,,,,,,,,,,,,,,,,,
3685,2019,2,8,8,45,1.7000000000000002,7,0,7,4.9,,,,,,,,,,,,,,,,,,,,,,,,,,,,,,,,,,,,
3686,2019,2,8,9,0,2.2,9,0,9,5,,,,,,,,,,,,,,,,,,,,,,,,,,,,,,,,,,,,
3687,2019,2,8,9,15,2.6,7,0,7,5,,,,,,,,,,,,,,,,,,,,,,,,,,,,,,,,,,,,
3688,2019,2,8,9,30,3,13,0,13,5.1000000000000005,,,,,,,,,,,,,,,,,,,,,,,,,,,,,,,,,,,,
3689,2019,2,8,9,45,3.4000000000000004,15,0,15,5.1000000000000005,,,,,,,,,,,,,,,,,,,,,,,,,,,,,,,,,,,,
3690,2019,2,8,10,0,3.9000000000000004,10,0,10,5.2,,,,,,,,,,,,,,,,,,,,,,,,,,,,,,,,,,,,
3691,2019,2,8,10,15,4.2,19,0,19,5.300000000000001,,,,,,,,,,,,,,,,,,,,,,,,,,,,,,,,,,,,
3692,2019,2,8,10,30,4.5,20,0,20,5.5,,,,,,,,,,,,,,,,,,,,,,,,,,,,,,,,,,,,
3693,2019,2,8,10,45,4.9,22,0,22,5.7,,,,,,,,,,,,,,,,,,,,,,,,,,,,,,,,,,,,
3694,2019,2,8,11,0,5.2,23,0,23,5.9,,,,,,,,,,,,,,,,,,,,,,,,,,,,,,,,,,,,
3695,2019,2,8,11,15,5.4,90,0,90,5.9,,,,,,,,,,,,,,,,,,,,,,,,,,,,,,,,,,,,
3696,2019,2,8,11,30,5.6000000000000005,30,0,30,6,,,,,,,,,,,,,,,,,,,,,,,,,,,,,,,,,,,,
3697,2019,2,8,11,45,5.7,76,0,76,6.1000000000000005,,,,,,,,,,,,,,,,,,,,,,,,,,,,,,,,,,,,
3698,2019,2,8,12,0,5.9,69,0,69,6.2,,,,,,,,,,,,,,,,,,,,,,,,,,,,,,,,,,,,
3699,2019,2,8,12,15,6,123,0,123,6.2,,,,,,,,,,,,,,,,,,,,,,,,,,,,,,,,,,,,
3700,2019,2,8,12,30,6,162,59,185,6.2,,,,,,,,,,,,,,,,,,,,,,,,,,,,,,,,,,,,
3701,2019,2,8,12,45,6.1000000000000005,155,35,169,6.2,,,,,,,,,,,,,,,,,,,,,,,,,,,,,,,,,,,,
3702,2019,2,8,13,0,6.2,107,0,107,6.2,,,,,,,,,,,,,,,,,,,,,,,,,,,,,,,,,,,,
3703,2019,2,8,13,15,6.1000000000000005,39,0,39,6.1000000000000005,,,,,,,,,,,,,,,,,,,,,,,,,,,,,,,,,,,,
3704,2019,2,8,13,30,6.1000000000000005,103,0,103,6,,,,,,,,,,,,,,,,,,,,,,,,,,,,,,,,,,,,
3705,2019,2,8,13,45,6,44,0,44,5.9,,,,,,,,,,,,,,,,,,,,,,,,,,,,,,,,,,,,
3706,2019,2,8,14,0,6,23,0,23,5.800000000000001,,,,,,,,,,,,,,,,,,,,,,,,,,,,,,,,,,,,
3707,2019,2,8,14,15,5.800000000000001,21,0,21,5.6000000000000005,,,,,,,,,,,,,,,,,,,,,,,,,,,,,,,,,,,,
3708,2019,2,8,14,30,5.5,35,0,35,5.5,,,,,,,,,,,,,,,,,,,,,,,,,,,,,,,,,,,,
3709,2019,2,8,14,45,5.300000000000001,18,0,18,5.300000000000001,,,,,,,,,,,,,,,,,,,,,,,,,,,,,,,,,,,,
3710,2019,2,8,15,0,5.1000000000000005,64,0,64,5.1000000000000005,,,,,,,,,,,,,,,,,,,,,,,,,,,,,,,,,,,,
3711,2019,2,8,15,15,4.800000000000001,56,0,56,5,,,,,,,,,,,,,,,,,,,,,,,,,,,,,,,,,,,,
3712,2019,2,8,15,30,4.4,48,0,48,4.9,,,,,,,,,,,,,,,,,,,,,,,,,,,,,,,,,,,,
3713,2019,2,8,15,45,4.1000000000000005,41,0,41,4.800000000000001,,,,,,,,,,,,,,,,,,,,,,,,,,,,,,,,,,,,
3714,2019,2,8,16,0,3.7,33,0,33,4.7,,,,,,,,,,,,,,,,,,,,,,,,,,,,,,,,,,,,
3715,2019,2,8,16,15,3.5,26,0,26,4.6000000000000005,,,,,,,,,,,,,,,,,,,,,,,,,,,,,,,,,,,,
3716,2019,2,8,16,30,3.3000000000000003,19,0,19,4.6000000000000005,,,,,,,,,,,,,,,,,,,,,,,,,,,,,,,,,,,,
3717,2019,2,8,16,45,3,13,0,13,4.6000000000000005,,,,,,,,,,,,,,,,,,,,,,,,,,,,,,,,,,,,
3718,2019,2,8,17,0,2.8000000000000003,5,0,5,4.5,,,,,,,,,,,,,,,,,,,,,,,,,,,,,,,,,,,,
3719,2019,2,8,17,15,2.7,0,0,0,4.5,,,,,,,,,,,,,,,,,,,,,,,,,,,,,,,,,,,,
3720,2019,2,8,17,30,2.7,0,0,0,4.5,,,,,,,,,,,,,,,,,,,,,,,,,,,,,,,,,,,,
3721,2019,2,8,17,45,2.6,0,0,0,4.5,,,,,,,,,,,,,,,,,,,,,,,,,,,,,,,,,,,,
3722,2019,2,8,18,0,2.6,0,0,0,4.5,,,,,,,,,,,,,,,,,,,,,,,,,,,,,,,,,,,,
3723,2019,2,8,18,15,2.5,0,0,0,4.5,,,,,,,,,,,,,,,,,,,,,,,,,,,,,,,,,,,,
3724,2019,2,8,18,30,2.5,0,0,0,4.5,,,,,,,,,,,,,,,,,,,,,,,,,,,,,,,,,,,,
3725,2019,2,8,18,45,2.5,0,0,0,4.5,,,,,,,,,,,,,,,,,,,,,,,,,,,,,,,,,,,,
3726,2019,2,8,19,0,2.5,0,0,0,4.5,,,,,,,,,,,,,,,,,,,,,,,,,,,,,,,,,,,,
3727,2019,2,8,19,15,2.5,0,0,0,4.6000000000000005,,,,,,,,,,,,,,,,,,,,,,,,,,,,,,,,,,,,
3728,2019,2,8,19,30,2.6,0,0,0,4.6000000000000005,,,,,,,,,,,,,,,,,,,,,,,,,,,,,,,,,,,,
3729,2019,2,8,19,45,2.6,0,0,0,4.7,,,,,,,,,,,,,,,,,,,,,,,,,,,,,,,,,,,,
3730,2019,2,8,20,0,2.6,0,0,0,4.800000000000001,,,,,,,,,,,,,,,,,,,,,,,,,,,,,,,,,,,,
3731,2019,2,8,20,15,2.6,0,0,0,4.9,,,,,,,,,,,,,,,,,,,,,,,,,,,,,,,,,,,,
3732,2019,2,8,20,30,2.6,0,0,0,4.9,,,,,,,,,,,,,,,,,,,,,,,,,,,,,,,,,,,,
3733,2019,2,8,20,45,2.7,0,0,0,5,,,,,,,,,,,,,,,,,,,,,,,,,,,,,,,,,,,,
3734,2019,2,8,21,0,2.7,0,0,0,5.1000000000000005,,,,,,,,,,,,,,,,,,,,,,,,,,,,,,,,,,,,
3735,2019,2,8,21,15,2.7,0,0,0,5.2,,,,,,,,,,,,,,,,,,,,,,,,,,,,,,,,,,,,
3736,2019,2,8,21,30,2.6,0,0,0,5.2,,,,,,,,,,,,,,,,,,,,,,,,,,,,,,,,,,,,
3737,2019,2,8,21,45,2.6,0,0,0,5.300000000000001,,,,,,,,,,,,,,,,,,,,,,,,,,,,,,,,,,,,
3738,2019,2,8,22,0,2.6,0,0,0,5.300000000000001,,,,,,,,,,,,,,,,,,,,,,,,,,,,,,,,,,,,
3739,2019,2,8,22,15,2.6,0,0,0,5.300000000000001,,,,,,,,,,,,,,,,,,,,,,,,,,,,,,,,,,,,
3740,2019,2,8,22,30,2.5,0,0,0,5.4,,,,,,,,,,,,,,,,,,,,,,,,,,,,,,,,,,,,
3741,2019,2,8,22,45,2.5,0,0,0,5.4,,,,,,,,,,,,,,,,,,,,,,,,,,,,,,,,,,,,
3742,2019,2,8,23,0,2.4000000000000004,0,0,0,5.4,,,,,,,,,,,,,,,,,,,,,,,,,,,,,,,,,,,,
3743,2019,2,8,23,15,2.4000000000000004,0,0,0,5.4,,,,,,,,,,,,,,,,,,,,,,,,,,,,,,,,,,,,
3744,2019,2,8,23,30,2.3000000000000003,0,0,0,5.5,,,,,,,,,,,,,,,,,,,,,,,,,,,,,,,,,,,,
3745,2019,2,8,23,45,2.2,0,0,0,5.5,,,,,,,,,,,,,,,,,,,,,,,,,,,,,,,,,,,,
3746,2019,2,9,0,0,2.1,0,0,0,5.5,,,,,,,,,,,,,,,,,,,,,,,,,,,,,,,,,,,,
3747,2019,2,9,0,15,2.1,0,0,0,5.5,,,,,,,,,,,,,,,,,,,,,,,,,,,,,,,,,,,,
3748,2019,2,9,0,30,2.1,0,0,0,5.5,,,,,,,,,,,,,,,,,,,,,,,,,,,,,,,,,,,,
3749,2019,2,9,0,45,2.1,0,0,0,5.5,,,,,,,,,,,,,,,,,,,,,,,,,,,,,,,,,,,,
3750,2019,2,9,1,0,1.9000000000000001,0,0,0,5.6000000000000005,,,,,,,,,,,,,,,,,,,,,,,,,,,,,,,,,,,,
3751,2019,2,9,1,15,1.8,0,0,0,5.7,,,,,,,,,,,,,,,,,,,,,,,,,,,,,,,,,,,,
3752,2019,2,9,1,30,1.7000000000000002,0,0,0,5.7,,,,,,,,,,,,,,,,,,,,,,,,,,,,,,,,,,,,
3753,2019,2,9,1,45,1.7000000000000002,0,0,0,5.7,,,,,,,,,,,,,,,,,,,,,,,,,,,,,,,,,,,,
3754,2019,2,9,2,0,1.6,0,0,0,5.7,,,,,,,,,,,,,,,,,,,,,,,,,,,,,,,,,,,,
3755,2019,2,9,2,15,1.5,0,0,0,5.7,,,,,,,,,,,,,,,,,,,,,,,,,,,,,,,,,,,,
3756,2019,2,9,2,30,1.4000000000000001,0,0,0,5.7,,,,,,,,,,,,,,,,,,,,,,,,,,,,,,,,,,,,
3757,2019,2,9,2,45,1.4000000000000001,0,0,0,5.7,,,,,,,,,,,,,,,,,,,,,,,,,,,,,,,,,,,,
3758,2019,2,9,3,0,1.3,0,0,0,5.7,,,,,,,,,,,,,,,,,,,,,,,,,,,,,,,,,,,,
3759,2019,2,9,3,15,1.2000000000000002,0,0,0,5.800000000000001,,,,,,,,,,,,,,,,,,,,,,,,,,,,,,,,,,,,
3760,2019,2,9,3,30,1.2000000000000002,0,0,0,5.800000000000001,,,,,,,,,,,,,,,,,,,,,,,,,,,,,,,,,,,,
3761,2019,2,9,3,45,1.1,0,0,0,5.800000000000001,,,,,,,,,,,,,,,,,,,,,,,,,,,,,,,,,,,,
3762,2019,2,9,4,0,1.1,0,0,0,5.9,,,,,,,,,,,,,,,,,,,,,,,,,,,,,,,,,,,,
3763,2019,2,9,4,15,1.2000000000000002,0,0,0,6.1000000000000005,,,,,,,,,,,,,,,,,,,,,,,,,,,,,,,,,,,,
3764,2019,2,9,4,30,1.4000000000000001,0,0,0,6.4,,,,,,,,,,,,,,,,,,,,,,,,,,,,,,,,,,,,
3765,2019,2,9,4,45,1.6,0,0,0,6.7,,,,,,,,,,,,,,,,,,,,,,,,,,,,,,,,,,,,
3766,2019,2,9,5,0,1.8,0,0,0,6.9,,,,,,,,,,,,,,,,,,,,,,,,,,,,,,,,,,,,
3767,2019,2,9,5,15,2,0,0,0,7,,,,,,,,,,,,,,,,,,,,,,,,,,,,,,,,,,,,
3768,2019,2,9,5,30,2.2,0,0,0,7,,,,,,,,,,,,,,,,,,,,,,,,,,,,,,,,,,,,
3769,2019,2,9,5,45,2.4000000000000004,0,0,0,7,,,,,,,,,,,,,,,,,,,,,,,,,,,,,,,,,,,,
3770,2019,2,9,6,0,2.6,0,0,0,7.1000000000000005,,,,,,,,,,,,,,,,,,,,,,,,,,,,,,,,,,,,
3771,2019,2,9,6,15,2.5,0,0,0,6.9,,,,,,,,,,,,,,,,,,,,,,,,,,,,,,,,,,,,
3772,2019,2,9,6,30,2.5,0,0,0,6.7,,,,,,,,,,,,,,,,,,,,,,,,,,,,,,,,,,,,
3773,2019,2,9,6,45,2.4000000000000004,0,0,0,6.5,,,,,,,,,,,,,,,,,,,,,,,,,,,,,,,,,,,,
3774,2019,2,9,7,0,2.4000000000000004,0,0,0,6.300000000000001,,,,,,,,,,,,,,,,,,,,,,,,,,,,,,,,,,,,
3775,2019,2,9,7,15,2.6,0,0,0,6.4,,,,,,,,,,,,,,,,,,,,,,,,,,,,,,,,,,,,
3776,2019,2,9,7,30,2.8000000000000003,0,0,0,6.5,,,,,,,,,,,,,,,,,,,,,,,,,,,,,,,,,,,,
3777,2019,2,9,7,45,3,0,0,0,6.5,,,,,,,,,,,,,,,,,,,,,,,,,,,,,,,,,,,,
3778,2019,2,9,8,0,3.2,8,0,8,6.6000000000000005,,,,,,,,,,,,,,,,,,,,,,,,,,,,,,,,,,,,
3779,2019,2,9,8,15,3.6,15,0,15,6.7,,,,,,,,,,,,,,,,,,,,,,,,,,,,,,,,,,,,
3780,2019,2,9,8,30,4,22,0,22,6.800000000000001,,,,,,,,,,,,,,,,,,,,,,,,,,,,,,,,,,,,
3781,2019,2,9,8,45,4.5,29,0,29,6.800000000000001,,,,,,,,,,,,,,,,,,,,,,,,,,,,,,,,,,,,
3782,2019,2,9,9,0,4.9,49,488,132,6.9,,,,,,,,,,,,,,,,,,,,,,,,,,,,,,,,,,,,
3783,2019,2,9,9,15,5.300000000000001,55,541,163,7,,,,,,,,,,,,,,,,,,,,,,,,,,,,,,,,,,,,
3784,2019,2,9,9,30,5.6000000000000005,59,584,193,7,,,,,,,,,,,,,,,,,,,,,,,,,,,,,,,,,,,,
3785,2019,2,9,9,45,6,64,618,222,7.1000000000000005,,,,,,,,,,,,,,,,,,,,,,,,,,,,,,,,,,,,
3786,2019,2,9,10,0,6.4,68,649,249,7.1000000000000005,,,,,,,,,,,,,,,,,,,,,,,,,,,,,,,,,,,,
3787,2019,2,9,10,15,6.7,71,674,274,7.300000000000001,,,,,,,,,,,,,,,,,,,,,,,,,,,,,,,,,,,,
3788,2019,2,9,10,30,7,73,696,297,7.5,,,,,,,,,,,,,,,,,,,,,,,,,,,,,,,,,,,,
3789,2019,2,9,10,45,7.300000000000001,125,15,130,7.7,,,,,,,,,,,,,,,,,,,,,,,,,,,,,,,,,,,,
3790,2019,2,9,11,0,7.6000000000000005,133,19,139,7.9,,,,,,,,,,,,,,,,,,,,,,,,,,,,,,,,,,,,
3791,2019,2,9,11,15,7.800000000000001,147,44,164,8,,,,,,,,,,,,,,,,,,,,,,,,,,,,,,,,,,,,
3792,2019,2,9,11,30,8,79,757,368,8.1,,,,,,,,,,,,,,,,,,,,,,,,,,,,,,,,,,,,
3793,2019,2,9,11,45,8.200000000000001,80,767,378,8.200000000000001,,,,,,,,,,,,,,,,,,,,,,,,,,,,,,,,,,,,
3794,2019,2,9,12,0,8.3,80,772,386,8.3,,,,,,,,,,,,,,,,,,,,,,,,,,,,,,,,,,,,
3795,2019,2,9,12,15,8.4,167,77,198,8.3,,,,,,,,,,,,,,,,,,,,,,,,,,,,,,,,,,,,
3796,2019,2,9,12,30,8.4,171,135,225,8.4,,,,,,,,,,,,,,,,,,,,,,,,,,,,,,,,,,,,
3797,2019,2,9,12,45,8.4,164,243,261,8.4,,,,,,,,,,,,,,,,,,,,,,,,,,,,,,,,,,,,
3798,2019,2,9,13,0,8.4,167,185,240,8.4,,,,,,,,,,,,,,,,,,,,,,,,,,,,,,,,,,,,
3799,2019,2,9,13,15,8.3,161,214,244,8.3,,,,,,,,,,,,,,,,,,,,,,,,,,,,,,,,,,,,
3800,2019,2,9,13,30,8.200000000000001,155,58,177,8.3,,,,,,,,,,,,,,,,,,,,,,,,,,,,,,,,,,,,
3801,2019,2,9,13,45,8.1,96,0,96,8.200000000000001,,,,,,,,,,,,,,,,,,,,,,,,,,,,,,,,,,,,
3802,2019,2,9,14,0,8,61,0,61,8.200000000000001,,,,,,,,,,,,,,,,,,,,,,,,,,,,,,,,,,,,
3803,2019,2,9,14,15,7.800000000000001,22,0,22,8,,,,,,,,,,,,,,,,,,,,,,,,,,,,,,,,,,,,
3804,2019,2,9,14,30,7.6000000000000005,55,0,55,7.9,,,,,,,,,,,,,,,,,,,,,,,,,,,,,,,,,,,,
3805,2019,2,9,14,45,7.4,19,0,19,7.800000000000001,,,,,,,,,,,,,,,,,,,,,,,,,,,,,,,,,,,,
3806,2019,2,9,15,0,7.2,16,0,16,7.7,,,,,,,,,,,,,,,,,,,,,,,,,,,,,,,,,,,,
3807,2019,2,9,15,15,6.9,14,0,14,7.6000000000000005,,,,,,,,,,,,,,,,,,,,,,,,,,,,,,,,,,,,
3808,2019,2,9,15,30,6.6000000000000005,12,0,12,7.5,,,,,,,,,,,,,,,,,,,,,,,,,,,,,,,,,,,,
3809,2019,2,9,15,45,6.300000000000001,10,0,10,7.300000000000001,,,,,,,,,,,,,,,,,,,,,,,,,,,,,,,,,,,,
3810,2019,2,9,16,0,6,8,0,8,7.2,,,,,,,,,,,,,,,,,,,,,,,,,,,,,,,,,,,,
3811,2019,2,9,16,15,5.800000000000001,7,0,7,7.2,,,,,,,,,,,,,,,,,,,,,,,,,,,,,,,,,,,,
3812,2019,2,9,16,30,5.6000000000000005,5,0,5,7.1000000000000005,,,,,,,,,,,,,,,,,,,,,,,,,,,,,,,,,,,,
3813,2019,2,9,16,45,5.4,4,0,4,7.1000000000000005,,,,,,,,,,,,,,,,,,,,,,,,,,,,,,,,,,,,
3814,2019,2,9,17,0,5.2,3,0,3,7.1000000000000005,,,,,,,,,,,,,,,,,,,,,,,,,,,,,,,,,,,,
3815,2019,2,9,17,15,5.1000000000000005,0,0,0,7,,,,,,,,,,,,,,,,,,,,,,,,,,,,,,,,,,,,
3816,2019,2,9,17,30,5,0,0,0,7,,,,,,,,,,,,,,,,,,,,,,,,,,,,,,,,,,,,
3817,2019,2,9,17,45,4.9,0,0,0,7,,,,,,,,,,,,,,,,,,,,,,,,,,,,,,,,,,,,
3818,2019,2,9,18,0,4.9,0,0,0,7,,,,,,,,,,,,,,,,,,,,,,,,,,,,,,,,,,,,
3819,2019,2,9,18,15,4.800000000000001,0,0,0,6.9,,,,,,,,,,,,,,,,,,,,,,,,,,,,,,,,,,,,
3820,2019,2,9,18,30,4.800000000000001,0,0,0,6.9,,,,,,,,,,,,,,,,,,,,,,,,,,,,,,,,,,,,
3821,2019,2,9,18,45,4.7,0,0,0,6.800000000000001,,,,,,,,,,,,,,,,,,,,,,,,,,,,,,,,,,,,
3822,2019,2,9,19,0,4.7,0,0,0,6.800000000000001,,,,,,,,,,,,,,,,,,,,,,,,,,,,,,,,,,,,
3823,2019,2,9,19,15,4.6000000000000005,0,0,0,6.7,,,,,,,,,,,,,,,,,,,,,,,,,,,,,,,,,,,,
3824,2019,2,9,19,30,4.6000000000000005,0,0,0,6.6000000000000005,,,,,,,,,,,,,,,,,,,,,,,,,,,,,,,,,,,,
3825,2019,2,9,19,45,4.5,0,0,0,6.6000000000000005,,,,,,,,,,,,,,,,,,,,,,,,,,,,,,,,,,,,
3826,2019,2,9,20,0,4.5,0,0,0,6.5,,,,,,,,,,,,,,,,,,,,,,,,,,,,,,,,,,,,
3827,2019,2,9,20,15,4.4,0,0,0,6.4,,,,,,,,,,,,,,,,,,,,,,,,,,,,,,,,,,,,
3828,2019,2,9,20,30,4.3,0,0,0,6.2,,,,,,,,,,,,,,,,,,,,,,,,,,,,,,,,,,,,
3829,2019,2,9,20,45,4.2,0,0,0,6.1000000000000005,,,,,,,,,,,,,,,,,,,,,,,,,,,,,,,,,,,,
3830,2019,2,9,21,0,4.1000000000000005,0,0,0,6,,,,,,,,,,,,,,,,,,,,,,,,,,,,,,,,,,,,
3831,2019,2,9,21,15,4,0,0,0,5.800000000000001,,,,,,,,,,,,,,,,,,,,,,,,,,,,,,,,,,,,
3832,2019,2,9,21,30,3.9000000000000004,0,0,0,5.7,,,,,,,,,,,,,,,,,,,,,,,,,,,,,,,,,,,,
3833,2019,2,9,21,45,3.8000000000000003,0,0,0,5.5,,,,,,,,,,,,,,,,,,,,,,,,,,,,,,,,,,,,
3834,2019,2,9,22,0,3.6,0,0,0,5.4,,,,,,,,,,,,,,,,,,,,,,,,,,,,,,,,,,,,
3835,2019,2,9,22,15,3.5,0,0,0,5.300000000000001,,,,,,,,,,,,,,,,,,,,,,,,,,,,,,,,,,,,
3836,2019,2,9,22,30,3.4000000000000004,0,0,0,5.2,,,,,,,,,,,,,,,,,,,,,,,,,,,,,,,,,,,,
3837,2019,2,9,22,45,3.3000000000000003,0,0,0,5.2,,,,,,,,,,,,,,,,,,,,,,,,,,,,,,,,,,,,
3838,2019,2,9,23,0,3.2,0,0,0,5.1000000000000005,,,,,,,,,,,,,,,,,,,,,,,,,,,,,,,,,,,,
3839,2019,2,9,23,15,3.1,0,0,0,4.9,,,,,,,,,,,,,,,,,,,,,,,,,,,,,,,,,,,,
3840,2019,2,9,23,30,2.9000000000000004,0,0,0,4.800000000000001,,,,,,,,,,,,,,,,,,,,,,,,,,,,,,,,,,,,
3841,2019,2,9,23,45,2.8000000000000003,0,0,0,4.7,,,,,,,,,,,,,,,,,,,,,,,,,,,,,,,,,,,,
3842,2019,2,10,0,0,2.6,0,0,0,4.5,,,,,,,,,,,,,,,,,,,,,,,,,,,,,,,,,,,,
3843,2019,2,10,0,15,2.6,0,0,0,4.5,,,,,,,,,,,,,,,,,,,,,,,,,,,,,,,,,,,,
3844,2019,2,10,0,30,2.6,0,0,0,4.5,,,,,,,,,,,,,,,,,,,,,,,,,,,,,,,,,,,,
3845,2019,2,10,0,45,2.6,0,0,0,4.5,,,,,,,,,,,,,,,,,,,,,,,,,,,,,,,,,,,,
3846,2019,2,10,1,0,1.7000000000000002,0,0,0,3.7,,,,,,,,,,,,,,,,,,,,,,,,,,,,,,,,,,,,
3847,2019,2,10,1,15,1.7000000000000002,0,0,0,3.8000000000000003,,,,,,,,,,,,,,,,,,,,,,,,,,,,,,,,,,,,
3848,2019,2,10,1,30,1.7000000000000002,0,0,0,3.8000000000000003,,,,,,,,,,,,,,,,,,,,,,,,,,,,,,,,,,,,
3849,2019,2,10,1,45,1.7000000000000002,0,0,0,3.9000000000000004,,,,,,,,,,,,,,,,,,,,,,,,,,,,,,,,,,,,
3850,2019,2,10,2,0,1.7000000000000002,0,0,0,4,,,,,,,,,,,,,,,,,,,,,,,,,,,,,,,,,,,,
3851,2019,2,10,2,15,1.7000000000000002,0,0,0,4.1000000000000005,,,,,,,,,,,,,,,,,,,,,,,,,,,,,,,,,,,,
3852,2019,2,10,2,30,1.8,0,0,0,4.2,,,,,,,,,,,,,,,,,,,,,,,,,,,,,,,,,,,,
3853,2019,2,10,2,45,1.8,0,0,0,4.2,,,,,,,,,,,,,,,,,,,,,,,,,,,,,,,,,,,,
3854,2019,2,10,3,0,1.8,0,0,0,4.3,,,,,,,,,,,,,,,,,,,,,,,,,,,,,,,,,,,,
3855,2019,2,10,3,15,1.8,0,0,0,4.4,,,,,,,,,,,,,,,,,,,,,,,,,,,,,,,,,,,,
3856,2019,2,10,3,30,1.8,0,0,0,4.4,,,,,,,,,,,,,,,,,,,,,,,,,,,,,,,,,,,,
3857,2019,2,10,3,45,1.8,0,0,0,4.5,,,,,,,,,,,,,,,,,,,,,,,,,,,,,,,,,,,,
3858,2019,2,10,4,0,1.8,0,0,0,4.5,,,,,,,,,,,,,,,,,,,,,,,,,,,,,,,,,,,,
3859,2019,2,10,4,15,1.9000000000000001,0,0,0,4.5,,,,,,,,,,,,,,,,,,,,,,,,,,,,,,,,,,,,
3860,2019,2,10,4,30,1.9000000000000001,0,0,0,4.5,,,,,,,,,,,,,,,,,,,,,,,,,,,,,,,,,,,,
3861,2019,2,10,4,45,1.9000000000000001,0,0,0,4.5,,,,,,,,,,,,,,,,,,,,,,,,,,,,,,,,,,,,
3862,2019,2,10,5,0,2,0,0,0,4.6000000000000005,,,,,,,,,,,,,,,,,,,,,,,,,,,,,,,,,,,,
3863,2019,2,10,5,15,2,0,0,0,4.6000000000000005,,,,,,,,,,,,,,,,,,,,,,,,,,,,,,,,,,,,
3864,2019,2,10,5,30,2.1,0,0,0,4.5,,,,,,,,,,,,,,,,,,,,,,,,,,,,,,,,,,,,
3865,2019,2,10,5,45,2.1,0,0,0,4.5,,,,,,,,,,,,,,,,,,,,,,,,,,,,,,,,,,,,
3866,2019,2,10,6,0,2.1,0,0,0,4.5,,,,,,,,,,,,,,,,,,,,,,,,,,,,,,,,,,,,
3867,2019,2,10,6,15,2.2,0,0,0,4.6000000000000005,,,,,,,,,,,,,,,,,,,,,,,,,,,,,,,,,,,,
3868,2019,2,10,6,30,2.2,0,0,0,4.7,,,,,,,,,,,,,,,,,,,,,,,,,,,,,,,,,,,,
3869,2019,2,10,6,45,2.2,0,0,0,4.800000000000001,,,,,,,,,,,,,,,,,,,,,,,,,,,,,,,,,,,,
3870,2019,2,10,7,0,2.3000000000000003,0,0,0,4.800000000000001,,,,,,,,,,,,,,,,,,,,,,,,,,,,,,,,,,,,
3871,2019,2,10,7,15,2.4000000000000004,0,0,0,5.1000000000000005,,,,,,,,,,,,,,,,,,,,,,,,,,,,,,,,,,,,
3872,2019,2,10,7,30,2.5,0,0,0,5.300000000000001,,,,,,,,,,,,,,,,,,,,,,,,,,,,,,,,,,,,
3873,2019,2,10,7,45,2.6,0,0,0,5.5,,,,,,,,,,,,,,,,,,,,,,,,,,,,,,,,,,,,
3874,2019,2,10,8,0,2.7,3,0,3,5.7,,,,,,,,,,,,,,,,,,,,,,,,,,,,,,,,,,,,
3875,2019,2,10,8,15,3,4,0,4,5.9,,,,,,,,,,,,,,,,,,,,,,,,,,,,,,,,,,,,
3876,2019,2,10,8,30,3.2,5,0,5,6.1000000000000005,,,,,,,,,,,,,,,,,,,,,,,,,,,,,,,,,,,,
3877,2019,2,10,8,45,3.5,6,0,6,6.2,,,,,,,,,,,,,,,,,,,,,,,,,,,,,,,,,,,,
3878,2019,2,10,9,0,3.7,6,0,6,6.4,,,,,,,,,,,,,,,,,,,,,,,,,,,,,,,,,,,,
3879,2019,2,10,9,15,4.2,7,0,7,6.800000000000001,,,,,,,,,,,,,,,,,,,,,,,,,,,,,,,,,,,,
3880,2019,2,10,9,30,4.7,8,0,8,7.1000000000000005,,,,,,,,,,,,,,,,,,,,,,,,,,,,,,,,,,,,
3881,2019,2,10,9,45,5.2,9,0,9,7.5,,,,,,,,,,,,,,,,,,,,,,,,,,,,,,,,,,,,
3882,2019,2,10,10,0,5.7,10,0,10,7.800000000000001,,,,,,,,,,,,,,,,,,,,,,,,,,,,,,,,,,,,
3883,2019,2,10,10,15,5.9,13,0,13,7.9,,,,,,,,,,,,,,,,,,,,,,,,,,,,,,,,,,,,
3884,2019,2,10,10,30,6.2,14,0,14,7.9,,,,,,,,,,,,,,,,,,,,,,,,,,,,,,,,,,,,
3885,2019,2,10,10,45,6.5,12,0,12,8,,,,,,,,,,,,,,,,,,,,,,,,,,,,,,,,,,,,
3886,2019,2,10,11,0,6.7,13,0,13,8,,,,,,,,,,,,,,,,,,,,,,,,,,,,,,,,,,,,
3887,2019,2,10,11,15,6.7,14,0,14,8.1,,,,,,,,,,,,,,,,,,,,,,,,,,,,,,,,,,,,
3888,2019,2,10,11,30,6.7,14,0,14,8.200000000000001,,,,,,,,,,,,,,,,,,,,,,,,,,,,,,,,,,,,
3889,2019,2,10,11,45,6.6000000000000005,15,0,15,8.200000000000001,,,,,,,,,,,,,,,,,,,,,,,,,,,,,,,,,,,,
3890,2019,2,10,12,0,6.6000000000000005,15,0,15,8.3,,,,,,,,,,,,,,,,,,,,,,,,,,,,,,,,,,,,
3891,2019,2,10,12,15,6.5,16,0,16,8.200000000000001,,,,,,,,,,,,,,,,,,,,,,,,,,,,,,,,,,,,
3892,2019,2,10,12,30,6.5,19,0,19,8,,,,,,,,,,,,,,,,,,,,,,,,,,,,,,,,,,,,
3893,2019,2,10,12,45,6.4,19,0,19,7.9,,,,,,,,,,,,,,,,,,,,,,,,,,,,,,,,,,,,
3894,2019,2,10,13,0,6.4,19,0,19,7.800000000000001,,,,,,,,,,,,,,,,,,,,,,,,,,,,,,,,,,,,
3895,2019,2,10,13,15,6.4,15,0,15,7.7,,,,,,,,,,,,,,,,,,,,,,,,,,,,,,,,,,,,
3896,2019,2,10,13,30,6.4,18,0,18,7.5,,,,,,,,,,,,,,,,,,,,,,,,,,,,,,,,,,,,
3897,2019,2,10,13,45,6.5,17,0,17,7.4,,,,,,,,,,,,,,,,,,,,,,,,,,,,,,,,,,,,
3898,2019,2,10,14,0,6.5,16,0,16,7.300000000000001,,,,,,,,,,,,,,,,,,,,,,,,,,,,,,,,,,,,
3899,2019,2,10,14,15,6.6000000000000005,15,0,15,7.2,,,,,,,,,,,,,,,,,,,,,,,,,,,,,,,,,,,,
3900,2019,2,10,14,30,6.7,11,0,11,7.1000000000000005,,,,,,,,,,,,,,,,,,,,,,,,,,,,,,,,,,,,
3901,2019,2,10,14,45,6.800000000000001,13,0,13,7,,,,,,,,,,,,,,,,,,,,,,,,,,,,,,,,,,,,
3902,2019,2,10,15,0,6.9,10,0,10,6.9,,,,,,,,,,,,,,,,,,,,,,,,,,,,,,,,,,,,
3903,2019,2,10,15,15,6.800000000000001,9,0,9,6.9,,,,,,,,,,,,,,,,,,,,,,,,,,,,,,,,,,,,
3904,2019,2,10,15,30,6.800000000000001,8,0,8,6.9,,,,,,,,,,,,,,,,,,,,,,,,,,,,,,,,,,,,
3905,2019,2,10,15,45,6.800000000000001,7,0,7,7,,,,,,,,,,,,,,,,,,,,,,,,,,,,,,,,,,,,
3906,2019,2,10,16,0,6.7,6,0,6,7,,,,,,,,,,,,,,,,,,,,,,,,,,,,,,,,,,,,
3907,2019,2,10,16,15,6.6000000000000005,6,0,6,6.9,,,,,,,,,,,,,,,,,,,,,,,,,,,,,,,,,,,,
3908,2019,2,10,16,30,6.6000000000000005,5,0,5,6.9,,,,,,,,,,,,,,,,,,,,,,,,,,,,,,,,,,,,
3909,2019,2,10,16,45,6.5,4,0,4,6.800000000000001,,,,,,,,,,,,,,,,,,,,,,,,,,,,,,,,,,,,
3910,2019,2,10,17,0,6.5,3,0,3,6.7,,,,,,,,,,,,,,,,,,,,,,,,,,,,,,,,,,,,
3911,2019,2,10,17,15,6.4,0,0,0,6.6000000000000005,,,,,,,,,,,,,,,,,,,,,,,,,,,,,,,,,,,,
3912,2019,2,10,17,30,6.2,0,0,0,6.5,,,,,,,,,,,,,,,,,,,,,,,,,,,,,,,,,,,,
3913,2019,2,10,17,45,6.1000000000000005,0,0,0,6.300000000000001,,,,,,,,,,,,,,,,,,,,,,,,,,,,,,,,,,,,
3914,2019,2,10,18,0,6,0,0,0,6.2,,,,,,,,,,,,,,,,,,,,,,,,,,,,,,,,,,,,
3915,2019,2,10,18,15,6,0,0,0,6,,,,,,,,,,,,,,,,,,,,,,,,,,,,,,,,,,,,
3916,2019,2,10,18,30,5.9,0,0,0,5.9,,,,,,,,,,,,,,,,,,,,,,,,,,,,,,,,,,,,
3917,2019,2,10,18,45,5.800000000000001,0,0,0,5.7,,,,,,,,,,,,,,,,,,,,,,,,,,,,,,,,,,,,
3918,2019,2,10,19,0,5.7,0,0,0,5.6000000000000005,,,,,,,,,,,,,,,,,,,,,,,,,,,,,,,,,,,,
3919,2019,2,10,19,15,5.7,0,0,0,5.6000000000000005,,,,,,,,,,,,,,,,,,,,,,,,,,,,,,,,,,,,
3920,2019,2,10,19,30,5.6000000000000005,0,0,0,5.5,,,,,,,,,,,,,,,,,,,,,,,,,,,,,,,,,,,,
3921,2019,2,10,19,45,5.5,0,0,0,5.5,,,,,,,,,,,,,,,,,,,,,,,,,,,,,,,,,,,,
3922,2019,2,10,20,0,5.5,0,0,0,5.4,,,,,,,,,,,,,,,,,,,,,,,,,,,,,,,,,,,,
3923,2019,2,10,20,15,5.4,0,0,0,5.4,,,,,,,,,,,,,,,,,,,,,,,,,,,,,,,,,,,,
3924,2019,2,10,20,30,5.4,0,0,0,5.4,,,,,,,,,,,,,,,,,,,,,,,,,,,,,,,,,,,,
3925,2019,2,10,20,45,5.300000000000001,0,0,0,5.4,,,,,,,,,,,,,,,,,,,,,,,,,,,,,,,,,,,,
3926,2019,2,10,21,0,5.2,0,0,0,5.300000000000001,,,,,,,,,,,,,,,,,,,,,,,,,,,,,,,,,,,,
3927,2019,2,10,21,15,5.1000000000000005,0,0,0,5.5,,,,,,,,,,,,,,,,,,,,,,,,,,,,,,,,,,,,
3928,2019,2,10,21,30,5,0,0,0,5.6000000000000005,,,,,,,,,,,,,,,,,,,,,,,,,,,,,,,,,,,,
3929,2019,2,10,21,45,4.9,0,0,0,5.7,,,,,,,,,,,,,,,,,,,,,,,,,,,,,,,,,,,,
3930,2019,2,10,22,0,4.800000000000001,0,0,0,5.800000000000001,,,,,,,,,,,,,,,,,,,,,,,,,,,,,,,,,,,,
3931,2019,2,10,22,15,4.7,0,0,0,5.9,,,,,,,,,,,,,,,,,,,,,,,,,,,,,,,,,,,,
3932,2019,2,10,22,30,4.5,0,0,0,6,,,,,,,,,,,,,,,,,,,,,,,,,,,,,,,,,,,,
3933,2019,2,10,22,45,4.3,0,0,0,6.1000000000000005,,,,,,,,,,,,,,,,,,,,,,,,,,,,,,,,,,,,
3934,2019,2,10,23,0,4.2,0,0,0,6.2,,,,,,,,,,,,,,,,,,,,,,,,,,,,,,,,,,,,
3935,2019,2,10,23,15,3.9000000000000004,0,0,0,6.300000000000001,,,,,,,,,,,,,,,,,,,,,,,,,,,,,,,,,,,,
3936,2019,2,10,23,30,3.7,0,0,0,6.4,,,,,,,,,,,,,,,,,,,,,,,,,,,,,,,,,,,,
3937,2019,2,10,23,45,3.4000000000000004,0,0,0,6.4,,,,,,,,,,,,,,,,,,,,,,,,,,,,,,,,,,,,
3938,2019,2,11,0,0,3.2,0,0,0,6.5,,,,,,,,,,,,,,,,,,,,,,,,,,,,,,,,,,,,
3939,2019,2,11,0,15,3.2,0,0,0,6.5,,,,,,,,,,,,,,,,,,,,,,,,,,,,,,,,,,,,
3940,2019,2,11,0,30,3.2,0,0,0,6.5,,,,,,,,,,,,,,,,,,,,,,,,,,,,,,,,,,,,
3941,2019,2,11,0,45,3.2,0,0,0,6.5,,,,,,,,,,,,,,,,,,,,,,,,,,,,,,,,,,,,
3942,2019,2,11,1,0,2.1,0,0,0,6.9,,,,,,,,,,,,,,,,,,,,,,,,,,,,,,,,,,,,
3943,2019,2,11,1,15,2,0,0,0,7.2,,,,,,,,,,,,,,,,,,,,,,,,,,,,,,,,,,,,
3944,2019,2,11,1,30,1.9000000000000001,0,0,0,7.4,,,,,,,,,,,,,,,,,,,,,,,,,,,,,,,,,,,,
3945,2019,2,11,1,45,1.7000000000000002,0,0,0,7.7,,,,,,,,,,,,,,,,,,,,,,,,,,,,,,,,,,,,
3946,2019,2,11,2,0,1.6,0,0,0,7.9,,,,,,,,,,,,,,,,,,,,,,,,,,,,,,,,,,,,
3947,2019,2,11,2,15,1.8,0,0,0,8.1,,,,,,,,,,,,,,,,,,,,,,,,,,,,,,,,,,,,
3948,2019,2,11,2,30,1.9000000000000001,0,0,0,8.200000000000001,,,,,,,,,,,,,,,,,,,,,,,,,,,,,,,,,,,,
3949,2019,2,11,2,45,2.1,0,0,0,8.4,,,,,,,,,,,,,,,,,,,,,,,,,,,,,,,,,,,,
3950,2019,2,11,3,0,2.2,0,0,0,8.6,,,,,,,,,,,,,,,,,,,,,,,,,,,,,,,,,,,,
3951,2019,2,11,3,15,2.4000000000000004,0,0,0,8.5,,,,,,,,,,,,,,,,,,,,,,,,,,,,,,,,,,,,
3952,2019,2,11,3,30,2.7,0,0,0,8.4,,,,,,,,,,,,,,,,,,,,,,,,,,,,,,,,,,,,
3953,2019,2,11,3,45,2.9000000000000004,0,0,0,8.3,,,,,,,,,,,,,,,,,,,,,,,,,,,,,,,,,,,,
3954,2019,2,11,4,0,3.1,0,0,0,8.200000000000001,,,,,,,,,,,,,,,,,,,,,,,,,,,,,,,,,,,,
3955,2019,2,11,4,15,3,0,0,0,8,,,,,,,,,,,,,,,,,,,,,,,,,,,,,,,,,,,,
3956,2019,2,11,4,30,3,0,0,0,7.9,,,,,,,,,,,,,,,,,,,,,,,,,,,,,,,,,,,,
3957,2019,2,11,4,45,3,0,0,0,7.800000000000001,,,,,,,,,,,,,,,,,,,,,,,,,,,,,,,,,,,,
3958,2019,2,11,5,0,2.9000000000000004,0,0,0,7.6000000000000005,,,,,,,,,,,,,,,,,,,,,,,,,,,,,,,,,,,,
3959,2019,2,11,5,15,2.8000000000000003,0,0,0,7.5,,,,,,,,,,,,,,,,,,,,,,,,,,,,,,,,,,,,
3960,2019,2,11,5,30,2.7,0,0,0,7.4,,,,,,,,,,,,,,,,,,,,,,,,,,,,,,,,,,,,
3961,2019,2,11,5,45,2.6,0,0,0,7.300000000000001,,,,,,,,,,,,,,,,,,,,,,,,,,,,,,,,,,,,
3962,2019,2,11,6,0,2.5,0,0,0,7.1000000000000005,,,,,,,,,,,,,,,,,,,,,,,,,,,,,,,,,,,,
3963,2019,2,11,6,15,2.5,0,0,0,7.1000000000000005,,,,,,,,,,,,,,,,,,,,,,,,,,,,,,,,,,,,
3964,2019,2,11,6,30,2.4000000000000004,0,0,0,7.1000000000000005,,,,,,,,,,,,,,,,,,,,,,,,,,,,,,,,,,,,
3965,2019,2,11,6,45,2.4000000000000004,0,0,0,7,,,,,,,,,,,,,,,,,,,,,,,,,,,,,,,,,,,,
3966,2019,2,11,7,0,2.3000000000000003,0,0,0,7,,,,,,,,,,,,,,,,,,,,,,,,,,,,,,,,,,,,
3967,2019,2,11,7,15,2.4000000000000004,0,0,0,7,,,,,,,,,,,,,,,,,,,,,,,,,,,,,,,,,,,,
3968,2019,2,11,7,30,2.5,0,0,0,7,,,,,,,,,,,,,,,,,,,,,,,,,,,,,,,,,,,,
3969,2019,2,11,7,45,2.6,0,0,0,7,,,,,,,,,,,,,,,,,,,,,,,,,,,,,,,,,,,,
3970,2019,2,11,8,0,2.7,3,0,3,7,,,,,,,,,,,,,,,,,,,,,,,,,,,,,,,,,,,,
3971,2019,2,11,8,15,2.9000000000000004,5,0,5,7,,,,,,,,,,,,,,,,,,,,,,,,,,,,,,,,,,,,
3972,2019,2,11,8,30,3.1,5,0,5,7,,,,,,,,,,,,,,,,,,,,,,,,,,,,,,,,,,,,
3973,2019,2,11,8,45,3.3000000000000003,8,0,8,7,,,,,,,,,,,,,,,,,,,,,,,,,,,,,,,,,,,,
3974,2019,2,11,9,0,3.6,10,0,10,7.1000000000000005,,,,,,,,,,,,,,,,,,,,,,,,,,,,,,,,,,,,
3975,2019,2,11,9,15,3.7,12,0,12,7.2,,,,,,,,,,,,,,,,,,,,,,,,,,,,,,,,,,,,
3976,2019,2,11,9,30,3.9000000000000004,14,0,14,7.300000000000001,,,,,,,,,,,,,,,,,,,,,,,,,,,,,,,,,,,,
3977,2019,2,11,9,45,4.1000000000000005,9,0,9,7.5,,,,,,,,,,,,,,,,,,,,,,,,,,,,,,,,,,,,
3978,2019,2,11,10,0,4.3,18,0,18,7.6000000000000005,,,,,,,,,,,,,,,,,,,,,,,,,,,,,,,,,,,,
3979,2019,2,11,10,15,4.5,20,0,20,7.7,,,,,,,,,,,,,,,,,,,,,,,,,,,,,,,,,,,,
3980,2019,2,11,10,30,4.7,22,0,22,7.9,,,,,,,,,,,,,,,,,,,,,,,,,,,,,,,,,,,,
3981,2019,2,11,10,45,4.9,24,0,24,8,,,,,,,,,,,,,,,,,,,,,,,,,,,,,,,,,,,,
3982,2019,2,11,11,0,5.1000000000000005,26,0,26,8.1,,,,,,,,,,,,,,,,,,,,,,,,,,,,,,,,,,,,
3983,2019,2,11,11,15,5.300000000000001,27,0,27,8.200000000000001,,,,,,,,,,,,,,,,,,,,,,,,,,,,,,,,,,,,
3984,2019,2,11,11,30,5.4,84,0,84,8.200000000000001,,,,,,,,,,,,,,,,,,,,,,,,,,,,,,,,,,,,
3985,2019,2,11,11,45,5.6000000000000005,29,0,29,8.200000000000001,,,,,,,,,,,,,,,,,,,,,,,,,,,,,,,,,,,,
3986,2019,2,11,12,0,5.7,75,0,75,8.200000000000001,,,,,,,,,,,,,,,,,,,,,,,,,,,,,,,,,,,,
3987,2019,2,11,12,15,5.800000000000001,30,0,30,8.200000000000001,,,,,,,,,,,,,,,,,,,,,,,,,,,,,,,,,,,,
3988,2019,2,11,12,30,5.9,176,113,222,8.200000000000001,,,,,,,,,,,,,,,,,,,,,,,,,,,,,,,,,,,,
3989,2019,2,11,12,45,6,168,249,270,8.200000000000001,,,,,,,,,,,,,,,,,,,,,,,,,,,,,,,,,,,,
3990,2019,2,11,13,0,6.1000000000000005,171,84,205,8.1,,,,,,,,,,,,,,,,,,,,,,,,,,,,,,,,,,,,
3991,2019,2,11,13,15,6.1000000000000005,158,39,174,8.1,,,,,,,,,,,,,,,,,,,,,,,,,,,,,,,,,,,,
3992,2019,2,11,13,30,6.1000000000000005,154,40,170,8,,,,,,,,,,,,,,,,,,,,,,,,,,,,,,,,,,,,
3993,2019,2,11,13,45,6,157,196,231,7.9,,,,,,,,,,,,,,,,,,,,,,,,,,,,,,,,,,,,
3994,2019,2,11,14,0,6,140,30,151,7.800000000000001,,,,,,,,,,,,,,,,,,,,,,,,,,,,,,,,,,,,
3995,2019,2,11,14,15,5.800000000000001,139,53,157,7.5,,,,,,,,,,,,,,,,,,,,,,,,,,,,,,,,,,,,
3996,2019,2,11,14,30,5.6000000000000005,70,0,70,7.300000000000001,,,,,,,,,,,,,,,,,,,,,,,,,,,,,,,,,,,,
3997,2019,2,11,14,45,5.4,20,0,20,7.1000000000000005,,,,,,,,,,,,,,,,,,,,,,,,,,,,,,,,,,,,
3998,2019,2,11,15,0,5.2,18,0,18,6.9,,,,,,,,,,,,,,,,,,,,,,,,,,,,,,,,,,,,
3999,2019,2,11,15,15,4.9,16,0,16,6.7,,,,,,,,,,,,,,,,,,,,,,,,,,,,,,,,,,,,
4000,2019,2,11,15,30,4.6000000000000005,13,0,13,6.5,,,,,,,,,,,,,,,,,,,,,,,,,,,,,,,,,,,,
4001,2019,2,11,15,45,4.3,11,0,11,6.300000000000001,,,,,,,,,,,,,,,,,,,,,,,,,,,,,,,,,,,,
4002,2019,2,11,16,0,4,9,0,9,6.1000000000000005,,,,,,,,,,,,,,,,,,,,,,,,,,,,,,,,,,,,
4003,2019,2,11,16,15,3.7,7,0,7,6,,,,,,,,,,,,,,,,,,,,,,,,,,,,,,,,,,,,
4004,2019,2,11,16,30,3.5,6,0,6,5.9,,,,,,,,,,,,,,,,,,,,,,,,,,,,,,,,,,,,
4005,2019,2,11,16,45,3.2,4,0,4,5.800000000000001,,,,,,,,,,,,,,,,,,,,,,,,,,,,,,,,,,,,
4006,2019,2,11,17,0,2.9000000000000004,2,0,2,5.7,,,,,,,,,,,,,,,,,,,,,,,,,,,,,,,,,,,,
4007,2019,2,11,17,15,2.7,0,0,0,5.7,,,,,,,,,,,,,,,,,,,,,,,,,,,,,,,,,,,,
4008,2019,2,11,17,30,2.5,0,0,0,5.7,,,,,,,,,,,,,,,,,,,,,,,,,,,,,,,,,,,,
4009,2019,2,11,17,45,2.3000000000000003,0,0,0,5.7,,,,,,,,,,,,,,,,,,,,,,,,,,,,,,,,,,,,
4010,2019,2,11,18,0,2.2,0,0,0,5.7,,,,,,,,,,,,,,,,,,,,,,,,,,,,,,,,,,,,
4011,2019,2,11,18,15,2,0,0,0,5.7,,,,,,,,,,,,,,,,,,,,,,,,,,,,,,,,,,,,
4012,2019,2,11,18,30,1.8,0,0,0,5.7,,,,,,,,,,,,,,,,,,,,,,,,,,,,,,,,,,,,
4013,2019,2,11,18,45,1.6,0,0,0,5.7,,,,,,,,,,,,,,,,,,,,,,,,,,,,,,,,,,,,
4014,2019,2,11,19,0,1.5,0,0,0,5.7,,,,,,,,,,,,,,,,,,,,,,,,,,,,,,,,,,,,
4015,2019,2,11,19,15,1.3,0,0,0,5.6000000000000005,,,,,,,,,,,,,,,,,,,,,,,,,,,,,,,,,,,,
4016,2019,2,11,19,30,1.1,0,0,0,5.5,,,,,,,,,,,,,,,,,,,,,,,,,,,,,,,,,,,,
4017,2019,2,11,19,45,0.9,0,0,0,5.4,,,,,,,,,,,,,,,,,,,,,,,,,,,,,,,,,,,,
4018,2019,2,11,20,0,0.7000000000000001,0,0,0,5.4,,,,,,,,,,,,,,,,,,,,,,,,,,,,,,,,,,,,
4019,2019,2,11,20,15,0.6000000000000001,0,0,0,5.300000000000001,,,,,,,,,,,,,,,,,,,,,,,,,,,,,,,,,,,,
4020,2019,2,11,20,30,0.4,0,0,0,5.1000000000000005,,,,,,,,,,,,,,,,,,,,,,,,,,,,,,,,,,,,
4021,2019,2,11,20,45,0.2,0,0,0,5,,,,,,,,,,,,,,,,,,,,,,,,,,,,,,,,,,,,
4022,2019,2,11,21,0,0.1,0,0,0,4.9,,,,,,,,,,,,,,,,,,,,,,,,,,,,,,,,,,,,
4023,2019,2,11,21,15,0,0,0,0,5,,,,,,,,,,,,,,,,,,,,,,,,,,,,,,,,,,,,
4024,2019,2,11,21,30,-0.1,0,0,0,5,,,,,,,,,,,,,,,,,,,,,,,,,,,,,,,,,,,,
4025,2019,2,11,21,45,-0.2,0,0,0,5,,,,,,,,,,,,,,,,,,,,,,,,,,,,,,,,,,,,
4026,2019,2,11,22,0,-0.2,0,0,0,5,,,,,,,,,,,,,,,,,,,,,,,,,,,,,,,,,,,,
4027,2019,2,11,22,15,-0.30000000000000004,0,0,0,4.9,,,,,,,,,,,,,,,,,,,,,,,,,,,,,,,,,,,,
4028,2019,2,11,22,30,-0.30000000000000004,0,0,0,4.9,,,,,,,,,,,,,,,,,,,,,,,,,,,,,,,,,,,,
4029,2019,2,11,22,45,-0.30000000000000004,0,0,0,4.9,,,,,,,,,,,,,,,,,,,,,,,,,,,,,,,,,,,,
4030,2019,2,11,23,0,-0.4,0,0,0,4.9,,,,,,,,,,,,,,,,,,,,,,,,,,,,,,,,,,,,
4031,2019,2,11,23,15,-0.4,0,0,0,4.800000000000001,,,,,,,,,,,,,,,,,,,,,,,,,,,,,,,,,,,,
4032,2019,2,11,23,30,-0.30000000000000004,0,0,0,4.800000000000001,,,,,,,,,,,,,,,,,,,,,,,,,,,,,,,,,,,,
4033,2019,2,11,23,45,-0.30000000000000004,0,0,0,4.800000000000001,,,,,,,,,,,,,,,,,,,,,,,,,,,,,,,,,,,,
4034,2019,2,12,0,0,-0.30000000000000004,0,0,0,4.800000000000001,,,,,,,,,,,,,,,,,,,,,,,,,,,,,,,,,,,,
4035,2019,2,12,0,15,-0.30000000000000004,0,0,0,4.800000000000001,,,,,,,,,,,,,,,,,,,,,,,,,,,,,,,,,,,,
4036,2019,2,12,0,30,-0.30000000000000004,0,0,0,4.800000000000001,,,,,,,,,,,,,,,,,,,,,,,,,,,,,,,,,,,,
4037,2019,2,12,0,45,-0.30000000000000004,0,0,0,4.800000000000001,,,,,,,,,,,,,,,,,,,,,,,,,,,,,,,,,,,,
4038,2019,2,12,1,0,0.2,0,0,0,5.2,,,,,,,,,,,,,,,,,,,,,,,,,,,,,,,,,,,,
4039,2019,2,12,1,15,0.30000000000000004,0,0,0,5.300000000000001,,,,,,,,,,,,,,,,,,,,,,,,,,,,,,,,,,,,
4040,2019,2,12,1,30,0.5,0,0,0,5.300000000000001,,,,,,,,,,,,,,,,,,,,,,,,,,,,,,,,,,,,
4041,2019,2,12,1,45,0.7000000000000001,0,0,0,5.4,,,,,,,,,,,,,,,,,,,,,,,,,,,,,,,,,,,,
4042,2019,2,12,2,0,0.8,0,0,0,5.5,,,,,,,,,,,,,,,,,,,,,,,,,,,,,,,,,,,,
4043,2019,2,12,2,15,0.9,0,0,0,5.6000000000000005,,,,,,,,,,,,,,,,,,,,,,,,,,,,,,,,,,,,
4044,2019,2,12,2,30,0.9,0,0,0,5.6000000000000005,,,,,,,,,,,,,,,,,,,,,,,,,,,,,,,,,,,,
4045,2019,2,12,2,45,1,0,0,0,5.6000000000000005,,,,,,,,,,,,,,,,,,,,,,,,,,,,,,,,,,,,
4046,2019,2,12,3,0,1,0,0,0,5.6000000000000005,,,,,,,,,,,,,,,,,,,,,,,,,,,,,,,,,,,,
4047,2019,2,12,3,15,1,0,0,0,5.6000000000000005,,,,,,,,,,,,,,,,,,,,,,,,,,,,,,,,,,,,
4048,2019,2,12,3,30,1,0,0,0,5.5,,,,,,,,,,,,,,,,,,,,,,,,,,,,,,,,,,,,
4049,2019,2,12,3,45,1,0,0,0,5.5,,,,,,,,,,,,,,,,,,,,,,,,,,,,,,,,,,,,
4050,2019,2,12,4,0,0.9,0,0,0,5.5,,,,,,,,,,,,,,,,,,,,,,,,,,,,,,,,,,,,
4051,2019,2,12,4,15,0.9,0,0,0,5.4,,,,,,,,,,,,,,,,,,,,,,,,,,,,,,,,,,,,
4052,2019,2,12,4,30,0.9,0,0,0,5.4,,,,,,,,,,,,,,,,,,,,,,,,,,,,,,,,,,,,
4053,2019,2,12,4,45,0.8,0,0,0,5.4,,,,,,,,,,,,,,,,,,,,,,,,,,,,,,,,,,,,
4054,2019,2,12,5,0,0.8,0,0,0,5.4,,,,,,,,,,,,,,,,,,,,,,,,,,,,,,,,,,,,
4055,2019,2,12,5,15,0.8,0,0,0,5.300000000000001,,,,,,,,,,,,,,,,,,,,,,,,,,,,,,,,,,,,
4056,2019,2,12,5,30,0.8,0,0,0,5.300000000000001,,,,,,,,,,,,,,,,,,,,,,,,,,,,,,,,,,,,
4057,2019,2,12,5,45,0.8,0,0,0,5.300000000000001,,,,,,,,,,,,,,,,,,,,,,,,,,,,,,,,,,,,
4058,2019,2,12,6,0,0.7000000000000001,0,0,0,5.300000000000001,,,,,,,,,,,,,,,,,,,,,,,,,,,,,,,,,,,,
4059,2019,2,12,6,15,0.7000000000000001,0,0,0,5.300000000000001,,,,,,,,,,,,,,,,,,,,,,,,,,,,,,,,,,,,
4060,2019,2,12,6,30,0.7000000000000001,0,0,0,5.2,,,,,,,,,,,,,,,,,,,,,,,,,,,,,,,,,,,,
4061,2019,2,12,6,45,0.7000000000000001,0,0,0,5.2,,,,,,,,,,,,,,,,,,,,,,,,,,,,,,,,,,,,
4062,2019,2,12,7,0,0.7000000000000001,0,0,0,5.1000000000000005,,,,,,,,,,,,,,,,,,,,,,,,,,,,,,,,,,,,
4063,2019,2,12,7,15,0.9,0,0,0,5.1000000000000005,,,,,,,,,,,,,,,,,,,,,,,,,,,,,,,,,,,,
4064,2019,2,12,7,30,1,0,0,0,5.1000000000000005,,,,,,,,,,,,,,,,,,,,,,,,,,,,,,,,,,,,
4065,2019,2,12,7,45,1.1,1,0,1,5,,,,,,,,,,,,,,,,,,,,,,,,,,,,,,,,,,,,
4066,2019,2,12,8,0,1.2000000000000002,3,0,3,5,,,,,,,,,,,,,,,,,,,,,,,,,,,,,,,,,,,,
4067,2019,2,12,8,15,1.4000000000000001,4,0,4,5,,,,,,,,,,,,,,,,,,,,,,,,,,,,,,,,,,,,
4068,2019,2,12,8,30,1.6,6,0,6,5,,,,,,,,,,,,,,,,,,,,,,,,,,,,,,,,,,,,
4069,2019,2,12,8,45,1.8,8,0,8,5,,,,,,,,,,,,,,,,,,,,,,,,,,,,,,,,,,,,
4070,2019,2,12,9,0,2,10,0,10,5,,,,,,,,,,,,,,,,,,,,,,,,,,,,,,,,,,,,
4071,2019,2,12,9,15,2.2,12,0,12,5.1000000000000005,,,,,,,,,,,,,,,,,,,,,,,,,,,,,,,,,,,,
4072,2019,2,12,9,30,2.5,14,0,14,5.2,,,,,,,,,,,,,,,,,,,,,,,,,,,,,,,,,,,,
4073,2019,2,12,9,45,2.7,16,0,16,5.300000000000001,,,,,,,,,,,,,,,,,,,,,,,,,,,,,,,,,,,,
4074,2019,2,12,10,0,3,19,0,19,5.4,,,,,,,,,,,,,,,,,,,,,,,,,,,,,,,,,,,,
4075,2019,2,12,10,15,3.2,21,0,21,5.5,,,,,,,,,,,,,,,,,,,,,,,,,,,,,,,,,,,,
4076,2019,2,12,10,30,3.4000000000000004,25,0,25,5.6000000000000005,,,,,,,,,,,,,,,,,,,,,,,,,,,,,,,,,,,,
4077,2019,2,12,10,45,3.7,66,0,66,5.7,,,,,,,,,,,,,,,,,,,,,,,,,,,,,,,,,,,,
4078,2019,2,12,11,0,3.9000000000000004,40,0,40,5.9,,,,,,,,,,,,,,,,,,,,,,,,,,,,,,,,,,,,
4079,2019,2,12,11,15,4.1000000000000005,27,0,27,5.9,,,,,,,,,,,,,,,,,,,,,,,,,,,,,,,,,,,,
4080,2019,2,12,11,30,4.2,64,0,64,5.9,,,,,,,,,,,,,,,,,,,,,,,,,,,,,,,,,,,,
4081,2019,2,12,11,45,4.3,151,18,158,5.9,,,,,,,,,,,,,,,,,,,,,,,,,,,,,,,,,,,,
4082,2019,2,12,12,0,4.5,73,0,73,5.9,,,,,,,,,,,,,,,,,,,,,,,,,,,,,,,,,,,,
4083,2019,2,12,12,15,4.5,31,0,31,5.800000000000001,,,,,,,,,,,,,,,,,,,,,,,,,,,,,,,,,,,,
4084,2019,2,12,12,30,4.5,30,0,30,5.7,,,,,,,,,,,,,,,,,,,,,,,,,,,,,,,,,,,,
4085,2019,2,12,12,45,4.6000000000000005,30,0,30,5.6000000000000005,,,,,,,,,,,,,,,,,,,,,,,,,,,,,,,,,,,,
4086,2019,2,12,13,0,4.6000000000000005,47,0,47,5.5,,,,,,,,,,,,,,,,,,,,,,,,,,,,,,,,,,,,
4087,2019,2,12,13,15,4.6000000000000005,102,0,102,5.4,,,,,,,,,,,,,,,,,,,,,,,,,,,,,,,,,,,,
4088,2019,2,12,13,30,4.6000000000000005,74,0,74,5.2,,,,,,,,,,,,,,,,,,,,,,,,,,,,,,,,,,,,
4089,2019,2,12,13,45,4.6000000000000005,38,0,38,5.1000000000000005,,,,,,,,,,,,,,,,,,,,,,,,,,,,,,,,,,,,
4090,2019,2,12,14,0,4.6000000000000005,46,0,46,4.9,,,,,,,,,,,,,,,,,,,,,,,,,,,,,,,,,,,,
4091,2019,2,12,14,15,4.5,34,0,34,4.7,,,,,,,,,,,,,,,,,,,,,,,,,,,,,,,,,,,,
4092,2019,2,12,14,30,4.4,31,0,31,4.5,,,,,,,,,,,,,,,,,,,,,,,,,,,,,,,,,,,,
4093,2019,2,12,14,45,4.3,20,0,20,4.2,,,,,,,,,,,,,,,,,,,,,,,,,,,,,,,,,,,,
4094,2019,2,12,15,0,4.2,18,0,18,4,,,,,,,,,,,,,,,,,,,,,,,,,,,,,,,,,,,,
4095,2019,2,12,15,15,3.9000000000000004,20,0,20,3.8000000000000003,,,,,,,,,,,,,,,,,,,,,,,,,,,,,,,,,,,,
4096,2019,2,12,15,30,3.7,17,0,17,3.7,,,,,,,,,,,,,,,,,,,,,,,,,,,,,,,,,,,,
4097,2019,2,12,15,45,3.5,14,0,14,3.5,,,,,,,,,,,,,,,,,,,,,,,,,,,,,,,,,,,,
4098,2019,2,12,16,0,3.2,12,0,12,3.3000000000000003,,,,,,,,,,,,,,,,,,,,,,,,,,,,,,,,,,,,
4099,2019,2,12,16,15,3,9,0,9,3.2,,,,,,,,,,,,,,,,,,,,,,,,,,,,,,,,,,,,
4100,2019,2,12,16,30,2.7,7,0,7,3,,,,,,,,,,,,,,,,,,,,,,,,,,,,,,,,,,,,
4101,2019,2,12,16,45,2.4000000000000004,5,0,5,2.9000000000000004,,,,,,,,,,,,,,,,,,,,,,,,,,,,,,,,,,,,
4102,2019,2,12,17,0,2.1,3,0,3,2.8000000000000003,,,,,,,,,,,,,,,,,,,,,,,,,,,,,,,,,,,,
4103,2019,2,12,17,15,1.9000000000000001,0,0,0,2.7,,,,,,,,,,,,,,,,,,,,,,,,,,,,,,,,,,,,
4104,2019,2,12,17,30,1.7000000000000002,0,0,0,2.7,,,,,,,,,,,,,,,,,,,,,,,,,,,,,,,,,,,,
4105,2019,2,12,17,45,1.5,0,0,0,2.6,,,,,,,,,,,,,,,,,,,,,,,,,,,,,,,,,,,,
4106,2019,2,12,18,0,1.3,0,0,0,2.6,,,,,,,,,,,,,,,,,,,,,,,,,,,,,,,,,,,,
4107,2019,2,12,18,15,1.3,0,0,0,2.6,,,,,,,,,,,,,,,,,,,,,,,,,,,,,,,,,,,,
4108,2019,2,12,18,30,1.2000000000000002,0,0,0,2.6,,,,,,,,,,,,,,,,,,,,,,,,,,,,,,,,,,,,
4109,2019,2,12,18,45,1.2000000000000002,0,0,0,2.6,,,,,,,,,,,,,,,,,,,,,,,,,,,,,,,,,,,,
4110,2019,2,12,19,0,1.1,0,0,0,2.7,,,,,,,,,,,,,,,,,,,,,,,,,,,,,,,,,,,,
4111,2019,2,12,19,15,1.2000000000000002,0,0,0,2.7,,,,,,,,,,,,,,,,,,,,,,,,,,,,,,,,,,,,
4112,2019,2,12,19,30,1.3,0,0,0,2.8000000000000003,,,,,,,,,,,,,,,,,,,,,,,,,,,,,,,,,,,,
4113,2019,2,12,19,45,1.3,0,0,0,2.9000000000000004,,,,,,,,,,,,,,,,,,,,,,,,,,,,,,,,,,,,
4114,2019,2,12,20,0,1.4000000000000001,0,0,0,3,,,,,,,,,,,,,,,,,,,,,,,,,,,,,,,,,,,,
4115,2019,2,12,20,15,1.4000000000000001,0,0,0,3,,,,,,,,,,,,,,,,,,,,,,,,,,,,,,,,,,,,
4116,2019,2,12,20,30,1.5,0,0,0,3.1,,,,,,,,,,,,,,,,,,,,,,,,,,,,,,,,,,,,
4117,2019,2,12,20,45,1.6,0,0,0,3.2,,,,,,,,,,,,,,,,,,,,,,,,,,,,,,,,,,,,
4118,2019,2,12,21,0,1.6,0,0,0,3.3000000000000003,,,,,,,,,,,,,,,,,,,,,,,,,,,,,,,,,,,,
4119,2019,2,12,21,15,1.6,0,0,0,3.3000000000000003,,,,,,,,,,,,,,,,,,,,,,,,,,,,,,,,,,,,
4120,2019,2,12,21,30,1.6,0,0,0,3.3000000000000003,,,,,,,,,,,,,,,,,,,,,,,,,,,,,,,,,,,,
4121,2019,2,12,21,45,1.6,0,0,0,3.3000000000000003,,,,,,,,,,,,,,,,,,,,,,,,,,,,,,,,,,,,
4122,2019,2,12,22,0,1.6,0,0,0,3.4000000000000004,,,,,,,,,,,,,,,,,,,,,,,,,,,,,,,,,,,,
4123,2019,2,12,22,15,1.6,0,0,0,3.4000000000000004,,,,,,,,,,,,,,,,,,,,,,,,,,,,,,,,,,,,
4124,2019,2,12,22,30,1.5,0,0,0,3.4000000000000004,,,,,,,,,,,,,,,,,,,,,,,,,,,,,,,,,,,,
4125,2019,2,12,22,45,1.5,0,0,0,3.4000000000000004,,,,,,,,,,,,,,,,,,,,,,,,,,,,,,,,,,,,
4126,2019,2,12,23,0,1.4000000000000001,0,0,0,3.3000000000000003,,,,,,,,,,,,,,,,,,,,,,,,,,,,,,,,,,,,
4127,2019,2,12,23,15,1.4000000000000001,0,0,0,3.4000000000000004,,,,,,,,,,,,,,,,,,,,,,,,,,,,,,,,,,,,
4128,2019,2,12,23,30,1.4000000000000001,0,0,0,3.5,,,,,,,,,,,,,,,,,,,,,,,,,,,,,,,,,,,,
4129,2019,2,12,23,45,1.4000000000000001,0,0,0,3.6,,,,,,,,,,,,,,,,,,,,,,,,,,,,,,,,,,,,
4130,2019,2,13,0,0,1.4000000000000001,0,0,0,3.7,,,,,,,,,,,,,,,,,,,,,,,,,,,,,,,,,,,,
4131,2019,2,13,0,15,1.4000000000000001,0,0,0,3.7,,,,,,,,,,,,,,,,,,,,,,,,,,,,,,,,,,,,
4132,2019,2,13,0,30,1.4000000000000001,0,0,0,3.7,,,,,,,,,,,,,,,,,,,,,,,,,,,,,,,,,,,,
4133,2019,2,13,0,45,1.4000000000000001,0,0,0,3.7,,,,,,,,,,,,,,,,,,,,,,,,,,,,,,,,,,,,
4134,2019,2,13,1,0,1.5,0,0,0,3.9000000000000004,,,,,,,,,,,,,,,,,,,,,,,,,,,,,,,,,,,,
4135,2019,2,13,1,15,1.5,0,0,0,4,,,,,,,,,,,,,,,,,,,,,,,,,,,,,,,,,,,,
4136,2019,2,13,1,30,1.5,0,0,0,4.1000000000000005,,,,,,,,,,,,,,,,,,,,,,,,,,,,,,,,,,,,
4137,2019,2,13,1,45,1.5,0,0,0,4.1000000000000005,,,,,,,,,,,,,,,,,,,,,,,,,,,,,,,,,,,,
4138,2019,2,13,2,0,1.6,0,0,0,4.2,,,,,,,,,,,,,,,,,,,,,,,,,,,,,,,,,,,,
4139,2019,2,13,2,15,1.5,0,0,0,4.2,,,,,,,,,,,,,,,,,,,,,,,,,,,,,,,,,,,,
4140,2019,2,13,2,30,1.4000000000000001,0,0,0,4.2,,,,,,,,,,,,,,,,,,,,,,,,,,,,,,,,,,,,
4141,2019,2,13,2,45,1.4000000000000001,0,0,0,4.3,,,,,,,,,,,,,,,,,,,,,,,,,,,,,,,,,,,,
4142,2019,2,13,3,0,1.3,0,0,0,4.3,,,,,,,,,,,,,,,,,,,,,,,,,,,,,,,,,,,,
4143,2019,2,13,3,15,1.2000000000000002,0,0,0,4.3,,,,,,,,,,,,,,,,,,,,,,,,,,,,,,,,,,,,
4144,2019,2,13,3,30,1.2000000000000002,0,0,0,4.4,,,,,,,,,,,,,,,,,,,,,,,,,,,,,,,,,,,,
4145,2019,2,13,3,45,1.1,0,0,0,4.4,,,,,,,,,,,,,,,,,,,,,,,,,,,,,,,,,,,,
4146,2019,2,13,4,0,1.1,0,0,0,4.5,,,,,,,,,,,,,,,,,,,,,,,,,,,,,,,,,,,,
4147,2019,2,13,4,15,1.1,0,0,0,4.6000000000000005,,,,,,,,,,,,,,,,,,,,,,,,,,,,,,,,,,,,
4148,2019,2,13,4,30,1.2000000000000002,0,0,0,4.7,,,,,,,,,,,,,,,,,,,,,,,,,,,,,,,,,,,,
4149,2019,2,13,4,45,1.2000000000000002,0,0,0,4.800000000000001,,,,,,,,,,,,,,,,,,,,,,,,,,,,,,,,,,,,
4150,2019,2,13,5,0,1.3,0,0,0,4.9,,,,,,,,,,,,,,,,,,,,,,,,,,,,,,,,,,,,
4151,2019,2,13,5,15,1.3,0,0,0,4.9,,,,,,,,,,,,,,,,,,,,,,,,,,,,,,,,,,,,
4152,2019,2,13,5,30,1.4000000000000001,0,0,0,4.800000000000001,,,,,,,,,,,,,,,,,,,,,,,,,,,,,,,,,,,,
4153,2019,2,13,5,45,1.5,0,0,0,4.800000000000001,,,,,,,,,,,,,,,,,,,,,,,,,,,,,,,,,,,,
4154,2019,2,13,6,0,1.5,0,0,0,4.800000000000001,,,,,,,,,,,,,,,,,,,,,,,,,,,,,,,,,,,,
4155,2019,2,13,6,15,1.6,0,0,0,4.800000000000001,,,,,,,,,,,,,,,,,,,,,,,,,,,,,,,,,,,,
4156,2019,2,13,6,30,1.7000000000000002,0,0,0,4.7,,,,,,,,,,,,,,,,,,,,,,,,,,,,,,,,,,,,
4157,2019,2,13,6,45,1.8,0,0,0,4.7,,,,,,,,,,,,,,,,,,,,,,,,,,,,,,,,,,,,
4158,2019,2,13,7,0,1.9000000000000001,0,0,0,4.7,,,,,,,,,,,,,,,,,,,,,,,,,,,,,,,,,,,,
4159,2019,2,13,7,15,2.1,0,0,0,4.800000000000001,,,,,,,,,,,,,,,,,,,,,,,,,,,,,,,,,,,,
4160,2019,2,13,7,30,2.3000000000000003,0,0,0,4.9,,,,,,,,,,,,,,,,,,,,,,,,,,,,,,,,,,,,
4161,2019,2,13,7,45,2.6,12,32,12,5,,,,,,,,,,,,,,,,,,,,,,,,,,,,,,,,,,,,
4162,2019,2,13,8,0,2.8000000000000003,3,0,3,5.1000000000000005,,,,,,,,,,,,,,,,,,,,,,,,,,,,,,,,,,,,
4163,2019,2,13,8,15,2.9000000000000004,37,209,56,5.1000000000000005,,,,,,,,,,,,,,,,,,,,,,,,,,,,,,,,,,,,
4164,2019,2,13,8,30,3.1,6,0,6,5.1000000000000005,,,,,,,,,,,,,,,,,,,,,,,,,,,,,,,,,,,,
4165,2019,2,13,8,45,3.3000000000000003,57,366,115,5,,,,,,,,,,,,,,,,,,,,,,,,,,,,,,,,,,,,
4166,2019,2,13,9,0,3.5,65,426,145,5,,,,,,,,,,,,,,,,,,,,,,,,,,,,,,,,,,,,
4167,2019,2,13,9,15,3.7,71,477,176,5.1000000000000005,,,,,,,,,,,,,,,,,,,,,,,,,,,,,,,,,,,,
4168,2019,2,13,9,30,3.9000000000000004,14,0,14,5.1000000000000005,,,,,,,,,,,,,,,,,,,,,,,,,,,,,,,,,,,,
4169,2019,2,13,9,45,4.1000000000000005,17,0,17,5.1000000000000005,,,,,,,,,,,,,,,,,,,,,,,,,,,,,,,,,,,,
4170,2019,2,13,10,0,4.2,11,0,11,5.1000000000000005,,,,,,,,,,,,,,,,,,,,,,,,,,,,,,,,,,,,
4171,2019,2,13,10,15,4.4,12,0,12,5.1000000000000005,,,,,,,,,,,,,,,,,,,,,,,,,,,,,,,,,,,,
4172,2019,2,13,10,30,4.5,23,0,23,5.1000000000000005,,,,,,,,,,,,,,,,,,,,,,,,,,,,,,,,,,,,
4173,2019,2,13,10,45,4.7,25,0,25,5.2,,,,,,,,,,,,,,,,,,,,,,,,,,,,,,,,,,,,
4174,2019,2,13,11,0,4.800000000000001,27,0,27,5.2,,,,,,,,,,,,,,,,,,,,,,,,,,,,,,,,,,,,
4175,2019,2,13,11,15,4.9,28,0,28,5.1000000000000005,,,,,,,,,,,,,,,,,,,,,,,,,,,,,,,,,,,,
4176,2019,2,13,11,30,5.1000000000000005,29,0,29,5.1000000000000005,,,,,,,,,,,,,,,,,,,,,,,,,,,,,,,,,,,,
4177,2019,2,13,11,45,5.2,16,0,16,5,,,,,,,,,,,,,,,,,,,,,,,,,,,,,,,,,,,,
4178,2019,2,13,12,0,5.300000000000001,31,0,31,5,,,,,,,,,,,,,,,,,,,,,,,,,,,,,,,,,,,,
4179,2019,2,13,12,15,5.300000000000001,17,0,17,4.9,,,,,,,,,,,,,,,,,,,,,,,,,,,,,,,,,,,,
4180,2019,2,13,12,30,5.4,21,0,21,4.800000000000001,,,,,,,,,,,,,,,,,,,,,,,,,,,,,,,,,,,,
4181,2019,2,13,12,45,5.5,17,0,17,4.7,,,,,,,,,,,,,,,,,,,,,,,,,,,,,,,,,,,,
4182,2019,2,13,13,0,5.5,17,0,17,4.6000000000000005,,,,,,,,,,,,,,,,,,,,,,,,,,,,,,,,,,,,
4183,2019,2,13,13,15,5.6000000000000005,16,0,16,4.6000000000000005,,,,,,,,,,,,,,,,,,,,,,,,,,,,,,,,,,,,
4184,2019,2,13,13,30,5.6000000000000005,16,0,16,4.5,,,,,,,,,,,,,,,,,,,,,,,,,,,,,,,,,,,,
4185,2019,2,13,13,45,5.6000000000000005,15,0,15,4.5,,,,,,,,,,,,,,,,,,,,,,,,,,,,,,,,,,,,
4186,2019,2,13,14,0,5.7,17,0,17,4.4,,,,,,,,,,,,,,,,,,,,,,,,,,,,,,,,,,,,
4187,2019,2,13,14,15,5.6000000000000005,16,0,16,4.4,,,,,,,,,,,,,,,,,,,,,,,,,,,,,,,,,,,,
4188,2019,2,13,14,30,5.6000000000000005,14,0,14,4.3,,,,,,,,,,,,,,,,,,,,,,,,,,,,,,,,,,,,
4189,2019,2,13,14,45,5.6000000000000005,13,0,13,4.2,,,,,,,,,,,,,,,,,,,,,,,,,,,,,,,,,,,,
4190,2019,2,13,15,0,5.6000000000000005,12,0,12,4.1000000000000005,,,,,,,,,,,,,,,,,,,,,,,,,,,,,,,,,,,,
4191,2019,2,13,15,15,5.5,11,0,11,4.1000000000000005,,,,,,,,,,,,,,,,,,,,,,,,,,,,,,,,,,,,
4192,2019,2,13,15,30,5.4,10,0,10,4,,,,,,,,,,,,,,,,,,,,,,,,,,,,,,,,,,,,
4193,2019,2,13,15,45,5.300000000000001,9,0,9,3.9000000000000004,,,,,,,,,,,,,,,,,,,,,,,,,,,,,,,,,,,,
4194,2019,2,13,16,0,5.2,8,0,8,3.8000000000000003,,,,,,,,,,,,,,,,,,,,,,,,,,,,,,,,,,,,
4195,2019,2,13,16,15,5.2,7,0,7,3.7,,,,,,,,,,,,,,,,,,,,,,,,,,,,,,,,,,,,
4196,2019,2,13,16,30,5.1000000000000005,6,0,6,3.7,,,,,,,,,,,,,,,,,,,,,,,,,,,,,,,,,,,,
4197,2019,2,13,16,45,5,4,0,4,3.6,,,,,,,,,,,,,,,,,,,,,,,,,,,,,,,,,,,,
4198,2019,2,13,17,0,4.9,3,0,3,3.5,,,,,,,,,,,,,,,,,,,,,,,,,,,,,,,,,,,,
4199,2019,2,13,17,15,4.9,0,0,0,3.5,,,,,,,,,,,,,,,,,,,,,,,,,,,,,,,,,,,,
4200,2019,2,13,17,30,4.800000000000001,0,0,0,3.4000000000000004,,,,,,,,,,,,,,,,,,,,,,,,,,,,,,,,,,,,
4201,2019,2,13,17,45,4.800000000000001,0,0,0,3.4000000000000004,,,,,,,,,,,,,,,,,,,,,,,,,,,,,,,,,,,,
4202,2019,2,13,18,0,4.800000000000001,0,0,0,3.4000000000000004,,,,,,,,,,,,,,,,,,,,,,,,,,,,,,,,,,,,
4203,2019,2,13,18,15,4.7,0,0,0,3.3000000000000003,,,,,,,,,,,,,,,,,,,,,,,,,,,,,,,,,,,,
4204,2019,2,13,18,30,4.7,0,0,0,3.3000000000000003,,,,,,,,,,,,,,,,,,,,,,,,,,,,,,,,,,,,
4205,2019,2,13,18,45,4.6000000000000005,0,0,0,3.2,,,,,,,,,,,,,,,,,,,,,,,,,,,,,,,,,,,,
4206,2019,2,13,19,0,4.6000000000000005,0,0,0,3.2,,,,,,,,,,,,,,,,,,,,,,,,,,,,,,,,,,,,
4207,2019,2,13,19,15,4.4,0,0,0,3.1,,,,,,,,,,,,,,,,,,,,,,,,,,,,,,,,,,,,
4208,2019,2,13,19,30,4.3,0,0,0,3.1,,,,,,,,,,,,,,,,,,,,,,,,,,,,,,,,,,,,
4209,2019,2,13,19,45,4.2,0,0,0,3,,,,,,,,,,,,,,,,,,,,,,,,,,,,,,,,,,,,
4210,2019,2,13,20,0,4.1000000000000005,0,0,0,3,,,,,,,,,,,,,,,,,,,,,,,,,,,,,,,,,,,,
4211,2019,2,13,20,15,4,0,0,0,2.9000000000000004,,,,,,,,,,,,,,,,,,,,,,,,,,,,,,,,,,,,
4212,2019,2,13,20,30,3.9000000000000004,0,0,0,2.8000000000000003,,,,,,,,,,,,,,,,,,,,,,,,,,,,,,,,,,,,
4213,2019,2,13,20,45,3.8000000000000003,0,0,0,2.8000000000000003,,,,,,,,,,,,,,,,,,,,,,,,,,,,,,,,,,,,
4214,2019,2,13,21,0,3.7,0,0,0,2.7,,,,,,,,,,,,,,,,,,,,,,,,,,,,,,,,,,,,
4215,2019,2,13,21,15,3.5,0,0,0,2.6,,,,,,,,,,,,,,,,,,,,,,,,,,,,,,,,,,,,
4216,2019,2,13,21,30,3.2,0,0,0,2.5,,,,,,,,,,,,,,,,,,,,,,,,,,,,,,,,,,,,
4217,2019,2,13,21,45,3,0,0,0,2.5,,,,,,,,,,,,,,,,,,,,,,,,,,,,,,,,,,,,
4218,2019,2,13,22,0,2.8000000000000003,0,0,0,2.4000000000000004,,,,,,,,,,,,,,,,,,,,,,,,,,,,,,,,,,,,
4219,2019,2,13,22,15,2.6,0,0,0,2.3000000000000003,,,,,,,,,,,,,,,,,,,,,,,,,,,,,,,,,,,,
4220,2019,2,13,22,30,2.4000000000000004,0,0,0,2.2,,,,,,,,,,,,,,,,,,,,,,,,,,,,,,,,,,,,
4221,2019,2,13,22,45,2.1,0,0,0,2.2,,,,,,,,,,,,,,,,,,,,,,,,,,,,,,,,,,,,
4222,2019,2,13,23,0,1.9000000000000001,0,0,0,2.1,,,,,,,,,,,,,,,,,,,,,,,,,,,,,,,,,,,,
4223,2019,2,13,23,15,1.7000000000000002,0,0,0,2,,,,,,,,,,,,,,,,,,,,,,,,,,,,,,,,,,,,
4224,2019,2,13,23,30,1.5,0,0,0,1.9000000000000001,,,,,,,,,,,,,,,,,,,,,,,,,,,,,,,,,,,,
4225,2019,2,13,23,45,1.2000000000000002,0,0,0,1.9000000000000001,,,,,,,,,,,,,,,,,,,,,,,,,,,,,,,,,,,,
4226,2019,2,14,0,0,1,0,0,0,1.8,,,,,,,,,,,,,,,,,,,,,,,,,,,,,,,,,,,,
4227,2019,2,14,0,15,1,0,0,0,1.8,,,,,,,,,,,,,,,,,,,,,,,,,,,,,,,,,,,,
4228,2019,2,14,0,30,1,0,0,0,1.8,,,,,,,,,,,,,,,,,,,,,,,,,,,,,,,,,,,,
4229,2019,2,14,0,45,1,0,0,0,1.8,,,,,,,,,,,,,,,,,,,,,,,,,,,,,,,,,,,,
4230,2019,2,14,1,0,0.4,0,0,0,1.6,,,,,,,,,,,,,,,,,,,,,,,,,,,,,,,,,,,,
4231,2019,2,14,1,15,0.4,0,0,0,1.6,,,,,,,,,,,,,,,,,,,,,,,,,,,,,,,,,,,,
4232,2019,2,14,1,30,0.30000000000000004,0,0,0,1.6,,,,,,,,,,,,,,,,,,,,,,,,,,,,,,,,,,,,
4233,2019,2,14,1,45,0.2,0,0,0,1.6,,,,,,,,,,,,,,,,,,,,,,,,,,,,,,,,,,,,
4234,2019,2,14,2,0,0.1,0,0,0,1.6,,,,,,,,,,,,,,,,,,,,,,,,,,,,,,,,,,,,
4235,2019,2,14,2,15,0.1,0,0,0,1.6,,,,,,,,,,,,,,,,,,,,,,,,,,,,,,,,,,,,
4236,2019,2,14,2,30,0.1,0,0,0,1.6,,,,,,,,,,,,,,,,,,,,,,,,,,,,,,,,,,,,
4237,2019,2,14,2,45,0.1,0,0,0,1.6,,,,,,,,,,,,,,,,,,,,,,,,,,,,,,,,,,,,
4238,2019,2,14,3,0,0.1,0,0,0,1.6,,,,,,,,,,,,,,,,,,,,,,,,,,,,,,,,,,,,
4239,2019,2,14,3,15,0.2,0,0,0,1.7000000000000002,,,,,,,,,,,,,,,,,,,,,,,,,,,,,,,,,,,,
4240,2019,2,14,3,30,0.2,0,0,0,1.7000000000000002,,,,,,,,,,,,,,,,,,,,,,,,,,,,,,,,,,,,
4241,2019,2,14,3,45,0.30000000000000004,0,0,0,1.8,,,,,,,,,,,,,,,,,,,,,,,,,,,,,,,,,,,,
4242,2019,2,14,4,0,0.4,0,0,0,1.8,,,,,,,,,,,,,,,,,,,,,,,,,,,,,,,,,,,,
4243,2019,2,14,4,15,0.4,0,0,0,1.8,,,,,,,,,,,,,,,,,,,,,,,,,,,,,,,,,,,,
4244,2019,2,14,4,30,0.5,0,0,0,1.9000000000000001,,,,,,,,,,,,,,,,,,,,,,,,,,,,,,,,,,,,
4245,2019,2,14,4,45,0.5,0,0,0,1.9000000000000001,,,,,,,,,,,,,,,,,,,,,,,,,,,,,,,,,,,,
4246,2019,2,14,5,0,0.6000000000000001,0,0,0,1.9000000000000001,,,,,,,,,,,,,,,,,,,,,,,,,,,,,,,,,,,,
4247,2019,2,14,5,15,0.6000000000000001,0,0,0,1.9000000000000001,,,,,,,,,,,,,,,,,,,,,,,,,,,,,,,,,,,,
4248,2019,2,14,5,30,0.5,0,0,0,1.9000000000000001,,,,,,,,,,,,,,,,,,,,,,,,,,,,,,,,,,,,
4249,2019,2,14,5,45,0.5,0,0,0,1.8,,,,,,,,,,,,,,,,,,,,,,,,,,,,,,,,,,,,
4250,2019,2,14,6,0,0.5,0,0,0,1.8,,,,,,,,,,,,,,,,,,,,,,,,,,,,,,,,,,,,
4251,2019,2,14,6,15,0.5,0,0,0,1.8,,,,,,,,,,,,,,,,,,,,,,,,,,,,,,,,,,,,
4252,2019,2,14,6,30,0.4,0,0,0,1.7000000000000002,,,,,,,,,,,,,,,,,,,,,,,,,,,,,,,,,,,,
4253,2019,2,14,6,45,0.4,0,0,0,1.7000000000000002,,,,,,,,,,,,,,,,,,,,,,,,,,,,,,,,,,,,
4254,2019,2,14,7,0,0.4,0,0,0,1.7000000000000002,,,,,,,,,,,,,,,,,,,,,,,,,,,,,,,,,,,,
4255,2019,2,14,7,15,0.8,0,0,0,1.8,,,,,,,,,,,,,,,,,,,,,,,,,,,,,,,,,,,,
4256,2019,2,14,7,30,1.2000000000000002,0,0,0,1.9000000000000001,,,,,,,,,,,,,,,,,,,,,,,,,,,,,,,,,,,,
4257,2019,2,14,7,45,1.7000000000000002,3,40,4,2,,,,,,,,,,,,,,,,,,,,,,,,,,,,,,,,,,,,
4258,2019,2,14,8,0,2.1,11,0,11,2.2,,,,,,,,,,,,,,,,,,,,,,,,,,,,,,,,,,,,
4259,2019,2,14,8,15,2.6,5,0,5,2.3000000000000003,,,,,,,,,,,,,,,,,,,,,,,,,,,,,,,,,,,,
4260,2019,2,14,8,30,3,27,0,27,2.5,,,,,,,,,,,,,,,,,,,,,,,,,,,,,,,,,,,,
4261,2019,2,14,8,45,3.5,49,453,123,2.7,,,,,,,,,,,,,,,,,,,,,,,,,,,,,,,,,,,,
4262,2019,2,14,9,0,3.9000000000000004,47,0,47,2.9000000000000004,,,,,,,,,,,,,,,,,,,,,,,,,,,,,,,,,,,,
4263,2019,2,14,9,15,4.4,58,0,58,2.8000000000000003,,,,,,,,,,,,,,,,,,,,,,,,,,,,,,,,,,,,
4264,2019,2,14,9,30,4.9,69,0,69,2.7,,,,,,,,,,,,,,,,,,,,,,,,,,,,,,,,,,,,
4265,2019,2,14,9,45,5.300000000000001,80,0,80,2.6,,,,,,,,,,,,,,,,,,,,,,,,,,,,,,,,,,,,
4266,2019,2,14,10,0,5.800000000000001,94,0,94,2.5,,,,,,,,,,,,,,,,,,,,,,,,,,,,,,,,,,,,
4267,2019,2,14,10,15,6.4,105,0,105,2.6,,,,,,,,,,,,,,,,,,,,,,,,,,,,,,,,,,,,
4268,2019,2,14,10,30,6.9,115,0,115,2.6,,,,,,,,,,,,,,,,,,,,,,,,,,,,,,,,,,,,
4269,2019,2,14,10,45,7.5,77,739,347,2.6,,,,,,,,,,,,,,,,,,,,,,,,,,,,,,,,,,,,
4270,2019,2,14,11,0,8.1,78,753,366,2.6,,,,,,,,,,,,,,,,,,,,,,,,,,,,,,,,,,,,
4271,2019,2,14,11,15,8.4,80,764,382,2.7,,,,,,,,,,,,,,,,,,,,,,,,,,,,,,,,,,,,
4272,2019,2,14,11,30,8.8,81,777,397,2.8000000000000003,,,,,,,,,,,,,,,,,,,,,,,,,,,,,,,,,,,,
4273,2019,2,14,11,45,9.200000000000001,82,786,408,2.9000000000000004,,,,,,,,,,,,,,,,,,,,,,,,,,,,,,,,,,,,
4274,2019,2,14,12,0,9.5,82,790,415,2.9000000000000004,,,,,,,,,,,,,,,,,,,,,,,,,,,,,,,,,,,,
4275,2019,2,14,12,15,9.700000000000001,82,793,420,2.9000000000000004,,,,,,,,,,,,,,,,,,,,,,,,,,,,,,,,,,,,
4276,2019,2,14,12,30,9.9,83,794,421,3,,,,,,,,,,,,,,,,,,,,,,,,,,,,,,,,,,,,
4277,2019,2,14,12,45,10,85,784,418,3,,,,,,,,,,,,,,,,,,,,,,,,,,,,,,,,,,,,
4278,2019,2,14,13,0,10.200000000000001,84,781,413,3,,,,,,,,,,,,,,,,,,,,,,,,,,,,,,,,,,,,
4279,2019,2,14,13,15,10.200000000000001,84,776,405,3,,,,,,,,,,,,,,,,,,,,,,,,,,,,,,,,,,,,
4280,2019,2,14,13,30,10.200000000000001,83,769,394,2.9000000000000004,,,,,,,,,,,,,,,,,,,,,,,,,,,,,,,,,,,,
4281,2019,2,14,13,45,10.3,83,754,379,2.9000000000000004,,,,,,,,,,,,,,,,,,,,,,,,,,,,,,,,,,,,
4282,2019,2,14,14,0,10.3,81,743,363,2.8000000000000003,,,,,,,,,,,,,,,,,,,,,,,,,,,,,,,,,,,,
4283,2019,2,14,14,15,10,80,733,345,2.5,,,,,,,,,,,,,,,,,,,,,,,,,,,,,,,,,,,,
4284,2019,2,14,14,30,9.700000000000001,78,716,324,2.3000000000000003,,,,,,,,,,,,,,,,,,,,,,,,,,,,,,,,,,,,
4285,2019,2,14,14,45,9.5,77,687,298,2,,,,,,,,,,,,,,,,,,,,,,,,,,,,,,,,,,,,
4286,2019,2,14,15,0,9.200000000000001,74,661,272,1.7000000000000002,,,,,,,,,,,,,,,,,,,,,,,,,,,,,,,,,,,,
4287,2019,2,14,15,15,8.4,70,631,244,1.5,,,,,,,,,,,,,,,,,,,,,,,,,,,,,,,,,,,,
4288,2019,2,14,15,30,7.5,66,595,214,1.4000000000000001,,,,,,,,,,,,,,,,,,,,,,,,,,,,,,,,,,,,
4289,2019,2,14,15,45,6.7,63,543,181,1.3,,,,,,,,,,,,,,,,,,,,,,,,,,,,,,,,,,,,
4290,2019,2,14,16,0,5.9,57,491,149,1.2000000000000002,,,,,,,,,,,,,,,,,,,,,,,,,,,,,,,,,,,,
4291,2019,2,14,16,15,5.300000000000001,51,428,117,1.2000000000000002,,,,,,,,,,,,,,,,,,,,,,,,,,,,,,,,,,,,
4292,2019,2,14,16,30,4.7,43,351,86,1.3,,,,,,,,,,,,,,,,,,,,,,,,,,,,,,,,,,,,
4293,2019,2,14,16,45,4.1000000000000005,34,249,56,1.3,,,,,,,,,,,,,,,,,,,,,,,,,,,,,,,,,,,,
4294,2019,2,14,17,0,3.5,23,141,31,1.4000000000000001,,,,,,,,,,,,,,,,,,,,,,,,,,,,,,,,,,,,
4295,2019,2,14,17,15,3.2,11,38,12,1.4000000000000001,,,,,,,,,,,,,,,,,,,,,,,,,,,,,,,,,,,,
4296,2019,2,14,17,30,3,0,0,0,1.4000000000000001,,,,,,,,,,,,,,,,,,,,,,,,,,,,,,,,,,,,
4297,2019,2,14,17,45,2.7,0,0,0,1.4000000000000001,,,,,,,,,,,,,,,,,,,,,,,,,,,,,,,,,,,,
4298,2019,2,14,18,0,2.4000000000000004,0,0,0,1.4000000000000001,,,,,,,,,,,,,,,,,,,,,,,,,,,,,,,,,,,,
4299,2019,2,14,18,15,2.2,0,0,0,1.4000000000000001,,,,,,,,,,,,,,,,,,,,,,,,,,,,,,,,,,,,
4300,2019,2,14,18,30,2,0,0,0,1.5,,,,,,,,,,,,,,,,,,,,,,,,,,,,,,,,,,,,
4301,2019,2,14,18,45,1.8,0,0,0,1.5,,,,,,,,,,,,,,,,,,,,,,,,,,,,,,,,,,,,
4302,2019,2,14,19,0,1.6,0,0,0,1.5,,,,,,,,,,,,,,,,,,,,,,,,,,,,,,,,,,,,
4303,2019,2,14,19,15,1.5,0,0,0,1.5,,,,,,,,,,,,,,,,,,,,,,,,,,,,,,,,,,,,
4304,2019,2,14,19,30,1.4000000000000001,0,0,0,1.6,,,,,,,,,,,,,,,,,,,,,,,,,,,,,,,,,,,,
4305,2019,2,14,19,45,1.2000000000000002,0,0,0,1.6,,,,,,,,,,,,,,,,,,,,,,,,,,,,,,,,,,,,
4306,2019,2,14,20,0,1.1,0,0,0,1.6,,,,,,,,,,,,,,,,,,,,,,,,,,,,,,,,,,,,
4307,2019,2,14,20,15,1,0,0,0,1.6,,,,,,,,,,,,,,,,,,,,,,,,,,,,,,,,,,,,
4308,2019,2,14,20,30,0.9,0,0,0,1.6,,,,,,,,,,,,,,,,,,,,,,,,,,,,,,,,,,,,
4309,2019,2,14,20,45,0.9,0,0,0,1.7000000000000002,,,,,,,,,,,,,,,,,,,,,,,,,,,,,,,,,,,,
4310,2019,2,14,21,0,0.8,0,0,0,1.7000000000000002,,,,,,,,,,,,,,,,,,,,,,,,,,,,,,,,,,,,
4311,2019,2,14,21,15,0.7000000000000001,0,0,0,1.7000000000000002,,,,,,,,,,,,,,,,,,,,,,,,,,,,,,,,,,,,
4312,2019,2,14,21,30,0.6000000000000001,0,0,0,1.7000000000000002,,,,,,,,,,,,,,,,,,,,,,,,,,,,,,,,,,,,
4313,2019,2,14,21,45,0.5,0,0,0,1.7000000000000002,,,,,,,,,,,,,,,,,,,,,,,,,,,,,,,,,,,,
4314,2019,2,14,22,0,0.5,0,0,0,1.7000000000000002,,,,,,,,,,,,,,,,,,,,,,,,,,,,,,,,,,,,
4315,2019,2,14,22,15,0.4,0,0,0,1.7000000000000002,,,,,,,,,,,,,,,,,,,,,,,,,,,,,,,,,,,,
4316,2019,2,14,22,30,0.30000000000000004,0,0,0,1.7000000000000002,,,,,,,,,,,,,,,,,,,,,,,,,,,,,,,,,,,,
4317,2019,2,14,22,45,0.30000000000000004,0,0,0,1.7000000000000002,,,,,,,,,,,,,,,,,,,,,,,,,,,,,,,,,,,,
4318,2019,2,14,23,0,0.2,0,0,0,1.7000000000000002,,,,,,,,,,,,,,,,,,,,,,,,,,,,,,,,,,,,
4319,2019,2,14,23,15,0.1,0,0,0,1.7000000000000002,,,,,,,,,,,,,,,,,,,,,,,,,,,,,,,,,,,,
4320,2019,2,14,23,30,0.1,0,0,0,1.7000000000000002,,,,,,,,,,,,,,,,,,,,,,,,,,,,,,,,,,,,
4321,2019,2,14,23,45,0,0,0,0,1.7000000000000002,,,,,,,,,,,,,,,,,,,,,,,,,,,,,,,,,,,,
4322,2019,2,15,0,0,-0.1,0,0,0,1.7000000000000002,,,,,,,,,,,,,,,,,,,,,,,,,,,,,,,,,,,,
4323,2019,2,15,0,15,-0.1,0,0,0,1.7000000000000002,,,,,,,,,,,,,,,,,,,,,,,,,,,,,,,,,,,,
4324,2019,2,15,0,30,-0.1,0,0,0,1.7000000000000002,,,,,,,,,,,,,,,,,,,,,,,,,,,,,,,,,,,,
4325,2019,2,15,0,45,-0.1,0,0,0,1.7000000000000002,,,,,,,,,,,,,,,,,,,,,,,,,,,,,,,,,,,,
4326,2019,2,15,1,0,-0.30000000000000004,0,0,0,1.6,,,,,,,,,,,,,,,,,,,,,,,,,,,,,,,,,,,,
4327,2019,2,15,1,15,-0.4,0,0,0,1.6,,,,,,,,,,,,,,,,,,,,,,,,,,,,,,,,,,,,
4328,2019,2,15,1,30,-0.5,0,0,0,1.6,,,,,,,,,,,,,,,,,,,,,,,,,,,,,,,,,,,,
4329,2019,2,15,1,45,-0.5,0,0,0,1.6,,,,,,,,,,,,,,,,,,,,,,,,,,,,,,,,,,,,
4330,2019,2,15,2,0,-0.6000000000000001,0,0,0,1.6,,,,,,,,,,,,,,,,,,,,,,,,,,,,,,,,,,,,
4331,2019,2,15,2,15,-0.6000000000000001,0,0,0,1.6,,,,,,,,,,,,,,,,,,,,,,,,,,,,,,,,,,,,
4332,2019,2,15,2,30,-0.7000000000000001,0,0,0,1.6,,,,,,,,,,,,,,,,,,,,,,,,,,,,,,,,,,,,
4333,2019,2,15,2,45,-0.7000000000000001,0,0,0,1.6,,,,,,,,,,,,,,,,,,,,,,,,,,,,,,,,,,,,
4334,2019,2,15,3,0,-0.7000000000000001,0,0,0,1.6,,,,,,,,,,,,,,,,,,,,,,,,,,,,,,,,,,,,
4335,2019,2,15,3,15,-0.8,0,0,0,1.6,,,,,,,,,,,,,,,,,,,,,,,,,,,,,,,,,,,,
4336,2019,2,15,3,30,-0.8,0,0,0,1.6,,,,,,,,,,,,,,,,,,,,,,,,,,,,,,,,,,,,
4337,2019,2,15,3,45,-0.8,0,0,0,1.6,,,,,,,,,,,,,,,,,,,,,,,,,,,,,,,,,,,,
4338,2019,2,15,4,0,-0.8,0,0,0,1.6,,,,,,,,,,,,,,,,,,,,,,,,,,,,,,,,,,,,
4339,2019,2,15,4,15,-0.8,0,0,0,1.6,,,,,,,,,,,,,,,,,,,,,,,,,,,,,,,,,,,,
4340,2019,2,15,4,30,-0.9,0,0,0,1.6,,,,,,,,,,,,,,,,,,,,,,,,,,,,,,,,,,,,
4341,2019,2,15,4,45,-0.9,0,0,0,1.6,,,,,,,,,,,,,,,,,,,,,,,,,,,,,,,,,,,,
4342,2019,2,15,5,0,-0.9,0,0,0,1.6,,,,,,,,,,,,,,,,,,,,,,,,,,,,,,,,,,,,
4343,2019,2,15,5,15,-0.9,0,0,0,1.6,,,,,,,,,,,,,,,,,,,,,,,,,,,,,,,,,,,,
4344,2019,2,15,5,30,-0.9,0,0,0,1.6,,,,,,,,,,,,,,,,,,,,,,,,,,,,,,,,,,,,
4345,2019,2,15,5,45,-0.9,0,0,0,1.6,,,,,,,,,,,,,,,,,,,,,,,,,,,,,,,,,,,,
4346,2019,2,15,6,0,-0.9,0,0,0,1.6,,,,,,,,,,,,,,,,,,,,,,,,,,,,,,,,,,,,
4347,2019,2,15,6,15,-0.8,0,0,0,1.6,,,,,,,,,,,,,,,,,,,,,,,,,,,,,,,,,,,,
4348,2019,2,15,6,30,-0.8,0,0,0,1.6,,,,,,,,,,,,,,,,,,,,,,,,,,,,,,,,,,,,
4349,2019,2,15,6,45,-0.7000000000000001,0,0,0,1.6,,,,,,,,,,,,,,,,,,,,,,,,,,,,,,,,,,,,
4350,2019,2,15,7,0,-0.6000000000000001,0,0,0,1.6,,,,,,,,,,,,,,,,,,,,,,,,,,,,,,,,,,,,
4351,2019,2,15,7,15,0.1,0,0,0,1.6,,,,,,,,,,,,,,,,,,,,,,,,,,,,,,,,,,,,
4352,2019,2,15,7,30,0.8,0,0,0,1.6,,,,,,,,,,,,,,,,,,,,,,,,,,,,,,,,,,,,
4353,2019,2,15,7,45,1.6,15,95,18,1.6,,,,,,,,,,,,,,,,,,,,,,,,,,,,,,,,,,,,
4354,2019,2,15,8,0,2.3000000000000003,26,219,40,1.6,,,,,,,,,,,,,,,,,,,,,,,,,,,,,,,,,,,,
4355,2019,2,15,8,15,3,35,328,68,1.9000000000000001,,,,,,,,,,,,,,,,,,,,,,,,,,,,,,,,,,,,
4356,2019,2,15,8,30,3.8000000000000003,43,417,99,2.1,,,,,,,,,,,,,,,,,,,,,,,,,,,,,,,,,,,,
4357,2019,2,15,8,45,4.5,50,491,132,2.3000000000000003,,,,,,,,,,,,,,,,,,,,,,,,,,,,,,,,,,,,
4358,2019,2,15,9,0,5.300000000000001,55,550,165,2.5,,,,,,,,,,,,,,,,,,,,,,,,,,,,,,,,,,,,
4359,2019,2,15,9,15,5.7,60,598,198,2.4000000000000004,,,,,,,,,,,,,,,,,,,,,,,,,,,,,,,,,,,,
4360,2019,2,15,9,30,6.2,64,638,229,2.4000000000000004,,,,,,,,,,,,,,,,,,,,,,,,,,,,,,,,,,,,
4361,2019,2,15,9,45,6.7,65,691,262,2.3000000000000003,,,,,,,,,,,,,,,,,,,,,,,,,,,,,,,,,,,,
4362,2019,2,15,10,0,7.1000000000000005,68,719,290,2.2,,,,,,,,,,,,,,,,,,,,,,,,,,,,,,,,,,,,
4363,2019,2,15,10,15,7.6000000000000005,70,742,317,2.1,,,,,,,,,,,,,,,,,,,,,,,,,,,,,,,,,,,,
4364,2019,2,15,10,30,8.1,72,761,341,2.1,,,,,,,,,,,,,,,,,,,,,,,,,,,,,,,,,,,,
4365,2019,2,15,10,45,8.6,74,777,363,2,,,,,,,,,,,,,,,,,,,,,,,,,,,,,,,,,,,,
4366,2019,2,15,11,0,9.1,76,790,382,1.9000000000000001,,,,,,,,,,,,,,,,,,,,,,,,,,,,,,,,,,,,
4367,2019,2,15,11,15,9.600000000000001,77,801,398,1.9000000000000001,,,,,,,,,,,,,,,,,,,,,,,,,,,,,,,,,,,,
4368,2019,2,15,11,30,10,78,809,412,1.8,,,,,,,,,,,,,,,,,,,,,,,,,,,,,,,,,,,,
4369,2019,2,15,11,45,10.5,79,815,422,1.8,,,,,,,,,,,,,,,,,,,,,,,,,,,,,,,,,,,,
4370,2019,2,15,12,0,11,79,820,430,1.8,,,,,,,,,,,,,,,,,,,,,,,,,,,,,,,,,,,,
4371,2019,2,15,12,15,11.4,80,822,434,1.7000000000000002,,,,,,,,,,,,,,,,,,,,,,,,,,,,,,,,,,,,
4372,2019,2,15,12,30,11.8,80,823,435,1.7000000000000002,,,,,,,,,,,,,,,,,,,,,,,,,,,,,,,,,,,,
4373,2019,2,15,12,45,12.3,79,827,434,1.7000000000000002,,,,,,,,,,,,,,,,,,,,,,,,,,,,,,,,,,,,
4374,2019,2,15,13,0,12.700000000000001,78,824,429,1.7000000000000002,,,,,,,,,,,,,,,,,,,,,,,,,,,,,,,,,,,,
4375,2019,2,15,13,15,12.8,78,819,421,1.6,,,,,,,,,,,,,,,,,,,,,,,,,,,,,,,,,,,,
4376,2019,2,15,13,30,12.9,77,813,410,1.6,,,,,,,,,,,,,,,,,,,,,,,,,,,,,,,,,,,,
4377,2019,2,15,13,45,13,76,802,396,1.5,,,,,,,,,,,,,,,,,,,,,,,,,,,,,,,,,,,,
4378,2019,2,15,14,0,13.100000000000001,75,791,379,1.5,,,,,,,,,,,,,,,,,,,,,,,,,,,,,,,,,,,,
4379,2019,2,15,14,15,12.8,73,778,359,1.3,,,,,,,,,,,,,,,,,,,,,,,,,,,,,,,,,,,,
4380,2019,2,15,14,30,12.4,71,761,337,1.1,,,,,,,,,,,,,,,,,,,,,,,,,,,,,,,,,,,,
4381,2019,2,15,14,45,12,70,740,312,1,,,,,,,,,,,,,,,,,,,,,,,,,,,,,,,,,,,,
4382,2019,2,15,15,0,11.700000000000001,67,716,285,0.8,,,,,,,,,,,,,,,,,,,,,,,,,,,,,,,,,,,,
4383,2019,2,15,15,15,11,64,688,257,0.9,,,,,,,,,,,,,,,,,,,,,,,,,,,,,,,,,,,,
4384,2019,2,15,15,30,10.200000000000001,61,655,226,1,,,,,,,,,,,,,,,,,,,,,,,,,,,,,,,,,,,,
4385,2019,2,15,15,45,9.5,57,612,194,1.1,,,,,,,,,,,,,,,,,,,,,,,,,,,,,,,,,,,,
4386,2019,2,15,16,0,8.8,52,562,161,1.2000000000000002,,,,,,,,,,,,,,,,,,,,,,,,,,,,,,,,,,,,
4387,2019,2,15,16,15,8.200000000000001,47,502,128,1.3,,,,,,,,,,,,,,,,,,,,,,,,,,,,,,,,,,,,
4388,2019,2,15,16,30,7.5,40,428,95,1.3,,,,,,,,,,,,,,,,,,,,,,,,,,,,,,,,,,,,
4389,2019,2,15,16,45,6.9,33,333,64,1.4000000000000001,,,,,,,,,,,,,,,,,,,,,,,,,,,,,,,,,,,,
4390,2019,2,15,17,0,6.300000000000001,24,218,36,1.5,,,,,,,,,,,,,,,,,,,,,,,,,,,,,,,,,,,,
4391,2019,2,15,17,15,5.9,13,87,15,1.5,,,,,,,,,,,,,,,,,,,,,,,,,,,,,,,,,,,,
4392,2019,2,15,17,30,5.5,0,0,0,1.5,,,,,,,,,,,,,,,,,,,,,,,,,,,,,,,,,,,,
4393,2019,2,15,17,45,5.1000000000000005,0,0,0,1.6,,,,,,,,,,,,,,,,,,,,,,,,,,,,,,,,,,,,
4394,2019,2,15,18,0,4.800000000000001,0,0,0,1.6,,,,,,,,,,,,,,,,,,,,,,,,,,,,,,,,,,,,
4395,2019,2,15,18,15,4.5,0,0,0,1.6,,,,,,,,,,,,,,,,,,,,,,,,,,,,,,,,,,,,
4396,2019,2,15,18,30,4.3,0,0,0,1.6,,,,,,,,,,,,,,,,,,,,,,,,,,,,,,,,,,,,
4397,2019,2,15,18,45,4,0,0,0,1.7000000000000002,,,,,,,,,,,,,,,,,,,,,,,,,,,,,,,,,,,,
4398,2019,2,15,19,0,3.8000000000000003,0,0,0,1.7000000000000002,,,,,,,,,,,,,,,,,,,,,,,,,,,,,,,,,,,,
4399,2019,2,15,19,15,3.6,0,0,0,1.7000000000000002,,,,,,,,,,,,,,,,,,,,,,,,,,,,,,,,,,,,
4400,2019,2,15,19,30,3.5,0,0,0,1.8,,,,,,,,,,,,,,,,,,,,,,,,,,,,,,,,,,,,
4401,2019,2,15,19,45,3.3000000000000003,0,0,0,1.8,,,,,,,,,,,,,,,,,,,,,,,,,,,,,,,,,,,,
4402,2019,2,15,20,0,3.1,0,0,0,1.9000000000000001,,,,,,,,,,,,,,,,,,,,,,,,,,,,,,,,,,,,
4403,2019,2,15,20,15,3,0,0,0,1.9000000000000001,,,,,,,,,,,,,,,,,,,,,,,,,,,,,,,,,,,,
4404,2019,2,15,20,30,2.9000000000000004,0,0,0,1.9000000000000001,,,,,,,,,,,,,,,,,,,,,,,,,,,,,,,,,,,,
4405,2019,2,15,20,45,2.8000000000000003,0,0,0,2,,,,,,,,,,,,,,,,,,,,,,,,,,,,,,,,,,,,
4406,2019,2,15,21,0,2.7,0,0,0,2,,,,,,,,,,,,,,,,,,,,,,,,,,,,,,,,,,,,
4407,2019,2,15,21,15,2.6,0,0,0,2.1,,,,,,,,,,,,,,,,,,,,,,,,,,,,,,,,,,,,
4408,2019,2,15,21,30,2.5,0,0,0,2.2,,,,,,,,,,,,,,,,,,,,,,,,,,,,,,,,,,,,
4409,2019,2,15,21,45,2.5,0,0,0,2.2,,,,,,,,,,,,,,,,,,,,,,,,,,,,,,,,,,,,
4410,2019,2,15,22,0,2.4000000000000004,0,0,0,2.3000000000000003,,,,,,,,,,,,,,,,,,,,,,,,,,,,,,,,,,,,
4411,2019,2,15,22,15,2.3000000000000003,0,0,0,2.3000000000000003,,,,,,,,,,,,,,,,,,,,,,,,,,,,,,,,,,,,
4412,2019,2,15,22,30,2.2,0,0,0,2.4000000000000004,,,,,,,,,,,,,,,,,,,,,,,,,,,,,,,,,,,,
4413,2019,2,15,22,45,2.1,0,0,0,2.4000000000000004,,,,,,,,,,,,,,,,,,,,,,,,,,,,,,,,,,,,
4414,2019,2,15,23,0,2,0,0,0,2.5,,,,,,,,,,,,,,,,,,,,,,,,,,,,,,,,,,,,
4415,2019,2,15,23,15,1.9000000000000001,0,0,0,2.5,,,,,,,,,,,,,,,,,,,,,,,,,,,,,,,,,,,,
4416,2019,2,15,23,30,1.7000000000000002,0,0,0,2.5,,,,,,,,,,,,,,,,,,,,,,,,,,,,,,,,,,,,
4417,2019,2,15,23,45,1.6,0,0,0,2.6,,,,,,,,,,,,,,,,,,,,,,,,,,,,,,,,,,,,
4418,2019,2,16,0,0,1.5,0,0,0,2.6,,,,,,,,,,,,,,,,,,,,,,,,,,,,,,,,,,,,
4419,2019,2,16,0,15,1.5,0,0,0,2.6,,,,,,,,,,,,,,,,,,,,,,,,,,,,,,,,,,,,
4420,2019,2,16,0,30,1.5,0,0,0,2.6,,,,,,,,,,,,,,,,,,,,,,,,,,,,,,,,,,,,
4421,2019,2,16,0,45,1.5,0,0,0,2.6,,,,,,,,,,,,,,,,,,,,,,,,,,,,,,,,,,,,
4422,2019,2,16,1,0,1.1,0,0,0,2.7,,,,,,,,,,,,,,,,,,,,,,,,,,,,,,,,,,,,
4423,2019,2,16,1,15,0.9,0,0,0,2.7,,,,,,,,,,,,,,,,,,,,,,,,,,,,,,,,,,,,
4424,2019,2,16,1,30,0.8,0,0,0,2.7,,,,,,,,,,,,,,,,,,,,,,,,,,,,,,,,,,,,
4425,2019,2,16,1,45,0.7000000000000001,0,0,0,2.8000000000000003,,,,,,,,,,,,,,,,,,,,,,,,,,,,,,,,,,,,
4426,2019,2,16,2,0,0.6000000000000001,0,0,0,2.8000000000000003,,,,,,,,,,,,,,,,,,,,,,,,,,,,,,,,,,,,
4427,2019,2,16,2,15,0.5,0,0,0,2.8000000000000003,,,,,,,,,,,,,,,,,,,,,,,,,,,,,,,,,,,,
4428,2019,2,16,2,30,0.4,0,0,0,2.8000000000000003,,,,,,,,,,,,,,,,,,,,,,,,,,,,,,,,,,,,
4429,2019,2,16,2,45,0.30000000000000004,0,0,0,2.8000000000000003,,,,,,,,,,,,,,,,,,,,,,,,,,,,,,,,,,,,
4430,2019,2,16,3,0,0.2,0,0,0,2.8000000000000003,,,,,,,,,,,,,,,,,,,,,,,,,,,,,,,,,,,,
4431,2019,2,16,3,15,0.1,0,0,0,2.8000000000000003,,,,,,,,,,,,,,,,,,,,,,,,,,,,,,,,,,,,
4432,2019,2,16,3,30,0,0,0,0,2.8000000000000003,,,,,,,,,,,,,,,,,,,,,,,,,,,,,,,,,,,,
4433,2019,2,16,3,45,-0.1,0,0,0,2.8000000000000003,,,,,,,,,,,,,,,,,,,,,,,,,,,,,,,,,,,,
4434,2019,2,16,4,0,-0.1,0,0,0,2.8000000000000003,,,,,,,,,,,,,,,,,,,,,,,,,,,,,,,,,,,,
4435,2019,2,16,4,15,-0.2,0,0,0,2.8000000000000003,,,,,,,,,,,,,,,,,,,,,,,,,,,,,,,,,,,,
4436,2019,2,16,4,30,-0.2,0,0,0,2.8000000000000003,,,,,,,,,,,,,,,,,,,,,,,,,,,,,,,,,,,,
4437,2019,2,16,4,45,-0.30000000000000004,0,0,0,2.8000000000000003,,,,,,,,,,,,,,,,,,,,,,,,,,,,,,,,,,,,
4438,2019,2,16,5,0,-0.30000000000000004,0,0,0,2.9000000000000004,,,,,,,,,,,,,,,,,,,,,,,,,,,,,,,,,,,,
4439,2019,2,16,5,15,-0.30000000000000004,0,0,0,2.9000000000000004,,,,,,,,,,,,,,,,,,,,,,,,,,,,,,,,,,,,
4440,2019,2,16,5,30,-0.4,0,0,0,2.9000000000000004,,,,,,,,,,,,,,,,,,,,,,,,,,,,,,,,,,,,
4441,2019,2,16,5,45,-0.4,0,0,0,2.9000000000000004,,,,,,,,,,,,,,,,,,,,,,,,,,,,,,,,,,,,
4442,2019,2,16,6,0,-0.4,0,0,0,3,,,,,,,,,,,,,,,,,,,,,,,,,,,,,,,,,,,,
4443,2019,2,16,6,15,-0.30000000000000004,0,0,0,3,,,,,,,,,,,,,,,,,,,,,,,,,,,,,,,,,,,,
4444,2019,2,16,6,30,-0.2,0,0,0,3.1,,,,,,,,,,,,,,,,,,,,,,,,,,,,,,,,,,,,
4445,2019,2,16,6,45,-0.2,0,0,0,3.2,,,,,,,,,,,,,,,,,,,,,,,,,,,,,,,,,,,,
4446,2019,2,16,7,0,-0.1,0,0,0,3.2,,,,,,,,,,,,,,,,,,,,,,,,,,,,,,,,,,,,
4447,2019,2,16,7,15,0.5,0,0,0,3.5,,,,,,,,,,,,,,,,,,,,,,,,,,,,,,,,,,,,
4448,2019,2,16,7,30,1,0,0,0,3.7,,,,,,,,,,,,,,,,,,,,,,,,,,,,,,,,,,,,
4449,2019,2,16,7,45,1.6,17,157,22,3.9000000000000004,,,,,,,,,,,,,,,,,,,,,,,,,,,,,,,,,,,,
4450,2019,2,16,8,0,2.2,26,292,47,4.2,,,,,,,,,,,,,,,,,,,,,,,,,,,,,,,,,,,,
4451,2019,2,16,8,15,2.7,35,401,77,4.2,,,,,,,,,,,,,,,,,,,,,,,,,,,,,,,,,,,,
4452,2019,2,16,8,30,3.2,42,487,110,4.2,,,,,,,,,,,,,,,,,,,,,,,,,,,,,,,,,,,,
4453,2019,2,16,8,45,3.8000000000000003,48,559,144,4.2,,,,,,,,,,,,,,,,,,,,,,,,,,,,,,,,,,,,
4454,2019,2,16,9,0,4.3,53,614,178,4.2,,,,,,,,,,,,,,,,,,,,,,,,,,,,,,,,,,,,
4455,2019,2,16,9,15,5,57,659,212,4.2,,,,,,,,,,,,,,,,,,,,,,,,,,,,,,,,,,,,
4456,2019,2,16,9,30,5.6000000000000005,61,697,244,4.1000000000000005,,,,,,,,,,,,,,,,,,,,,,,,,,,,,,,,,,,,
4457,2019,2,16,9,45,6.300000000000001,66,715,273,4,,,,,,,,,,,,,,,,,,,,,,,,,,,,,,,,,,,,
4458,2019,2,16,10,0,6.9,69,741,302,4,,,,,,,,,,,,,,,,,,,,,,,,,,,,,,,,,,,,
4459,2019,2,16,10,15,7.6000000000000005,71,764,329,4,,,,,,,,,,,,,,,,,,,,,,,,,,,,,,,,,,,,
4460,2019,2,16,10,30,8.3,73,782,354,3.9000000000000004,,,,,,,,,,,,,,,,,,,,,,,,,,,,,,,,,,,,
4461,2019,2,16,10,45,9,75,798,376,3.9000000000000004,,,,,,,,,,,,,,,,,,,,,,,,,,,,,,,,,,,,
4462,2019,2,16,11,0,9.600000000000001,77,811,395,3.9000000000000004,,,,,,,,,,,,,,,,,,,,,,,,,,,,,,,,,,,,
4463,2019,2,16,11,15,10.3,78,821,412,4,,,,,,,,,,,,,,,,,,,,,,,,,,,,,,,,,,,,
4464,2019,2,16,11,30,10.9,79,830,425,4.1000000000000005,,,,,,,,,,,,,,,,,,,,,,,,,,,,,,,,,,,,
4465,2019,2,16,11,45,11.5,80,835,436,4.2,,,,,,,,,,,,,,,,,,,,,,,,,,,,,,,,,,,,
4466,2019,2,16,12,0,12.100000000000001,80,839,443,4.3,,,,,,,,,,,,,,,,,,,,,,,,,,,,,,,,,,,,
4467,2019,2,16,12,15,12.3,81,842,448,4.2,,,,,,,,,,,,,,,,,,,,,,,,,,,,,,,,,,,,
4468,2019,2,16,12,30,12.600000000000001,81,842,449,4.2,,,,,,,,,,,,,,,,,,,,,,,,,,,,,,,,,,,,
4469,2019,2,16,12,45,12.9,79,847,448,4.2,,,,,,,,,,,,,,,,,,,,,,,,,,,,,,,,,,,,
4470,2019,2,16,13,0,13.100000000000001,79,844,443,4.1000000000000005,,,,,,,,,,,,,,,,,,,,,,,,,,,,,,,,,,,,
4471,2019,2,16,13,15,13.100000000000001,78,839,435,4,,,,,,,,,,,,,,,,,,,,,,,,,,,,,,,,,,,,
4472,2019,2,16,13,30,13.100000000000001,78,833,424,3.8000000000000003,,,,,,,,,,,,,,,,,,,,,,,,,,,,,,,,,,,,
4473,2019,2,16,13,45,13.100000000000001,77,815,406,3.7,,,,,,,,,,,,,,,,,,,,,,,,,,,,,,,,,,,,
4474,2019,2,16,14,0,13.100000000000001,76,804,389,3.5,,,,,,,,,,,,,,,,,,,,,,,,,,,,,,,,,,,,
4475,2019,2,16,14,15,12.700000000000001,74,791,369,3.2,,,,,,,,,,,,,,,,,,,,,,,,,,,,,,,,,,,,
4476,2019,2,16,14,30,12.4,72,775,347,2.8000000000000003,,,,,,,,,,,,,,,,,,,,,,,,,,,,,,,,,,,,
4477,2019,2,16,14,45,12,70,756,322,2.5,,,,,,,,,,,,,,,,,,,,,,,,,,,,,,,,,,,,
4478,2019,2,16,15,0,11.600000000000001,67,733,295,2.2,,,,,,,,,,,,,,,,,,,,,,,,,,,,,,,,,,,,
4479,2019,2,16,15,15,10.700000000000001,64,706,265,2.1,,,,,,,,,,,,,,,,,,,,,,,,,,,,,,,,,,,,
4480,2019,2,16,15,30,9.8,61,673,234,1.9000000000000001,,,,,,,,,,,,,,,,,,,,,,,,,,,,,,,,,,,,
4481,2019,2,16,15,45,8.9,56,639,202,1.8,,,,,,,,,,,,,,,,,,,,,,,,,,,,,,,,,,,,
4482,2019,2,16,16,0,8,52,592,169,1.7000000000000002,,,,,,,,,,,,,,,,,,,,,,,,,,,,,,,,,,,,
4483,2019,2,16,16,15,7.300000000000001,46,534,135,1.8,,,,,,,,,,,,,,,,,,,,,,,,,,,,,,,,,,,,
4484,2019,2,16,16,30,6.6000000000000005,40,463,102,1.8,,,,,,,,,,,,,,,,,,,,,,,,,,,,,,,,,,,,
4485,2019,2,16,16,45,5.9,32,384,70,1.9000000000000001,,,,,,,,,,,,,,,,,,,,,,,,,,,,,,,,,,,,
4486,2019,2,16,17,0,5.2,24,272,41,1.9000000000000001,,,,,,,,,,,,,,,,,,,,,,,,,,,,,,,,,,,,
4487,2019,2,16,17,15,5.1000000000000005,14,136,18,2,,,,,,,,,,,,,,,,,,,,,,,,,,,,,,,,,,,,
4488,2019,2,16,17,30,4.9,0,0,0,2.1,,,,,,,,,,,,,,,,,,,,,,,,,,,,,,,,,,,,
4489,2019,2,16,17,45,4.800000000000001,0,0,0,2.2,,,,,,,,,,,,,,,,,,,,,,,,,,,,,,,,,,,,
4490,2019,2,16,18,0,4.6000000000000005,0,0,0,2.2,,,,,,,,,,,,,,,,,,,,,,,,,,,,,,,,,,,,
4491,2019,2,16,18,15,4.5,0,0,0,2.3000000000000003,,,,,,,,,,,,,,,,,,,,,,,,,,,,,,,,,,,,
4492,2019,2,16,18,30,4.3,0,0,0,2.4000000000000004,,,,,,,,,,,,,,,,,,,,,,,,,,,,,,,,,,,,
4493,2019,2,16,18,45,4.2,0,0,0,2.4000000000000004,,,,,,,,,,,,,,,,,,,,,,,,,,,,,,,,,,,,
4494,2019,2,16,19,0,4.1000000000000005,0,0,0,2.5,,,,,,,,,,,,,,,,,,,,,,,,,,,,,,,,,,,,
4495,2019,2,16,19,15,3.9000000000000004,0,0,0,2.5,,,,,,,,,,,,,,,,,,,,,,,,,,,,,,,,,,,,
4496,2019,2,16,19,30,3.8000000000000003,0,0,0,2.5,,,,,,,,,,,,,,,,,,,,,,,,,,,,,,,,,,,,
4497,2019,2,16,19,45,3.6,0,0,0,2.5,,,,,,,,,,,,,,,,,,,,,,,,,,,,,,,,,,,,
4498,2019,2,16,20,0,3.5,0,0,0,2.6,,,,,,,,,,,,,,,,,,,,,,,,,,,,,,,,,,,,
4499,2019,2,16,20,15,3.3000000000000003,0,0,0,2.6,,,,,,,,,,,,,,,,,,,,,,,,,,,,,,,,,,,,
4500,2019,2,16,20,30,3.2,0,0,0,2.6,,,,,,,,,,,,,,,,,,,,,,,,,,,,,,,,,,,,
4501,2019,2,16,20,45,3,0,0,0,2.6,,,,,,,,,,,,,,,,,,,,,,,,,,,,,,,,,,,,
4502,2019,2,16,21,0,2.8000000000000003,0,0,0,2.6,,,,,,,,,,,,,,,,,,,,,,,,,,,,,,,,,,,,
4503,2019,2,16,21,15,2.7,0,0,0,2.6,,,,,,,,,,,,,,,,,,,,,,,,,,,,,,,,,,,,
4504,2019,2,16,21,30,2.5,0,0,0,2.6,,,,,,,,,,,,,,,,,,,,,,,,,,,,,,,,,,,,
4505,2019,2,16,21,45,2.4000000000000004,0,0,0,2.6,,,,,,,,,,,,,,,,,,,,,,,,,,,,,,,,,,,,
4506,2019,2,16,22,0,2.2,0,0,0,2.6,,,,,,,,,,,,,,,,,,,,,,,,,,,,,,,,,,,,
4507,2019,2,16,22,15,2.1,0,0,0,2.6,,,,,,,,,,,,,,,,,,,,,,,,,,,,,,,,,,,,
4508,2019,2,16,22,30,1.9000000000000001,0,0,0,2.6,,,,,,,,,,,,,,,,,,,,,,,,,,,,,,,,,,,,
4509,2019,2,16,22,45,1.7000000000000002,0,0,0,2.6,,,,,,,,,,,,,,,,,,,,,,,,,,,,,,,,,,,,
4510,2019,2,16,23,0,1.6,0,0,0,2.6,,,,,,,,,,,,,,,,,,,,,,,,,,,,,,,,,,,,
4511,2019,2,16,23,15,1.4000000000000001,0,0,0,2.5,,,,,,,,,,,,,,,,,,,,,,,,,,,,,,,,,,,,
4512,2019,2,16,23,30,1.3,0,0,0,2.5,,,,,,,,,,,,,,,,,,,,,,,,,,,,,,,,,,,,
4513,2019,2,16,23,45,1.1,0,0,0,2.5,,,,,,,,,,,,,,,,,,,,,,,,,,,,,,,,,,,,
4514,2019,2,17,0,0,0.9,0,0,0,2.5,,,,,,,,,,,,,,,,,,,,,,,,,,,,,,,,,,,,
4515,2019,2,17,0,15,0.9,0,0,0,2.5,,,,,,,,,,,,,,,,,,,,,,,,,,,,,,,,,,,,
4516,2019,2,17,0,30,0.9,0,0,0,2.5,,,,,,,,,,,,,,,,,,,,,,,,,,,,,,,,,,,,
4517,2019,2,17,0,45,0.9,0,0,0,2.5,,,,,,,,,,,,,,,,,,,,,,,,,,,,,,,,,,,,
4518,2019,2,17,1,0,0.5,0,0,0,2.3000000000000003,,,,,,,,,,,,,,,,,,,,,,,,,,,,,,,,,,,,
4519,2019,2,17,1,15,0.4,0,0,0,2.3000000000000003,,,,,,,,,,,,,,,,,,,,,,,,,,,,,,,,,,,,
4520,2019,2,17,1,30,0.30000000000000004,0,0,0,2.3000000000000003,,,,,,,,,,,,,,,,,,,,,,,,,,,,,,,,,,,,
4521,2019,2,17,1,45,0.30000000000000004,0,0,0,2.2,,,,,,,,,,,,,,,,,,,,,,,,,,,,,,,,,,,,
4522,2019,2,17,2,0,0.2,0,0,0,2.2,,,,,,,,,,,,,,,,,,,,,,,,,,,,,,,,,,,,
4523,2019,2,17,2,15,0.1,0,0,0,2.1,,,,,,,,,,,,,,,,,,,,,,,,,,,,,,,,,,,,
4524,2019,2,17,2,30,0.1,0,0,0,2.1,,,,,,,,,,,,,,,,,,,,,,,,,,,,,,,,,,,,
4525,2019,2,17,2,45,0,0,0,0,2.1,,,,,,,,,,,,,,,,,,,,,,,,,,,,,,,,,,,,
4526,2019,2,17,3,0,-0.1,0,0,0,2,,,,,,,,,,,,,,,,,,,,,,,,,,,,,,,,,,,,
4527,2019,2,17,3,15,-0.1,0,0,0,2,,,,,,,,,,,,,,,,,,,,,,,,,,,,,,,,,,,,
4528,2019,2,17,3,30,-0.1,0,0,0,2,,,,,,,,,,,,,,,,,,,,,,,,,,,,,,,,,,,,
4529,2019,2,17,3,45,-0.2,0,0,0,1.9000000000000001,,,,,,,,,,,,,,,,,,,,,,,,,,,,,,,,,,,,
4530,2019,2,17,4,0,-0.2,0,0,0,1.9000000000000001,,,,,,,,,,,,,,,,,,,,,,,,,,,,,,,,,,,,
4531,2019,2,17,4,15,-0.2,0,0,0,1.9000000000000001,,,,,,,,,,,,,,,,,,,,,,,,,,,,,,,,,,,,
4532,2019,2,17,4,30,-0.2,0,0,0,1.8,,,,,,,,,,,,,,,,,,,,,,,,,,,,,,,,,,,,
4533,2019,2,17,4,45,-0.30000000000000004,0,0,0,1.8,,,,,,,,,,,,,,,,,,,,,,,,,,,,,,,,,,,,
4534,2019,2,17,5,0,-0.30000000000000004,0,0,0,1.7000000000000002,,,,,,,,,,,,,,,,,,,,,,,,,,,,,,,,,,,,
4535,2019,2,17,5,15,-0.4,0,0,0,1.7000000000000002,,,,,,,,,,,,,,,,,,,,,,,,,,,,,,,,,,,,
4536,2019,2,17,5,30,-0.4,0,0,0,1.7000000000000002,,,,,,,,,,,,,,,,,,,,,,,,,,,,,,,,,,,,
4537,2019,2,17,5,45,-0.4,0,0,0,1.6,,,,,,,,,,,,,,,,,,,,,,,,,,,,,,,,,,,,
4538,2019,2,17,6,0,-0.5,0,0,0,1.6,,,,,,,,,,,,,,,,,,,,,,,,,,,,,,,,,,,,
4539,2019,2,17,6,15,-0.4,0,0,0,1.6,,,,,,,,,,,,,,,,,,,,,,,,,,,,,,,,,,,,
4540,2019,2,17,6,30,-0.30000000000000004,0,0,0,1.6,,,,,,,,,,,,,,,,,,,,,,,,,,,,,,,,,,,,
4541,2019,2,17,6,45,-0.2,0,0,0,1.6,,,,,,,,,,,,,,,,,,,,,,,,,,,,,,,,,,,,
4542,2019,2,17,7,0,-0.1,0,0,0,1.6,,,,,,,,,,,,,,,,,,,,,,,,,,,,,,,,,,,,
4543,2019,2,17,7,15,0.7000000000000001,0,0,0,1.7000000000000002,,,,,,,,,,,,,,,,,,,,,,,,,,,,,,,,,,,,
4544,2019,2,17,7,30,1.5,0,0,0,1.8,,,,,,,,,,,,,,,,,,,,,,,,,,,,,,,,,,,,
4545,2019,2,17,7,45,2.2,11,0,11,1.9000000000000001,,,,,,,,,,,,,,,,,,,,,,,,,,,,,,,,,,,,
4546,2019,2,17,8,0,3,22,0,22,2,,,,,,,,,,,,,,,,,,,,,,,,,,,,,,,,,,,,
4547,2019,2,17,8,15,3.7,34,0,34,2.2,,,,,,,,,,,,,,,,,,,,,,,,,,,,,,,,,,,,
4548,2019,2,17,8,30,4.4,49,0,49,2.4000000000000004,,,,,,,,,,,,,,,,,,,,,,,,,,,,,,,,,,,,
4549,2019,2,17,8,45,5.1000000000000005,63,15,66,2.6,,,,,,,,,,,,,,,,,,,,,,,,,,,,,,,,,,,,
4550,2019,2,17,9,0,5.800000000000001,77,30,83,2.8000000000000003,,,,,,,,,,,,,,,,,,,,,,,,,,,,,,,,,,,,
4551,2019,2,17,9,15,6.300000000000001,91,44,102,2.7,,,,,,,,,,,,,,,,,,,,,,,,,,,,,,,,,,,,
4552,2019,2,17,9,30,6.800000000000001,99,21,105,2.6,,,,,,,,,,,,,,,,,,,,,,,,,,,,,,,,,,,,
4553,2019,2,17,9,45,7.300000000000001,116,61,134,2.6,,,,,,,,,,,,,,,,,,,,,,,,,,,,,,,,,,,,
4554,2019,2,17,10,0,7.800000000000001,130,92,159,2.5,,,,,,,,,,,,,,,,,,,,,,,,,,,,,,,,,,,,
4555,2019,2,17,10,15,8.3,141,101,176,2.5,,,,,,,,,,,,,,,,,,,,,,,,,,,,,,,,,,,,
4556,2019,2,17,10,30,8.8,151,100,187,2.4000000000000004,,,,,,,,,,,,,,,,,,,,,,,,,,,,,,,,,,,,
4557,2019,2,17,10,45,9.4,161,147,217,2.4000000000000004,,,,,,,,,,,,,,,,,,,,,,,,,,,,,,,,,,,,
4558,2019,2,17,11,0,9.9,169,125,219,2.4000000000000004,,,,,,,,,,,,,,,,,,,,,,,,,,,,,,,,,,,,
4559,2019,2,17,11,15,10.4,176,130,230,2.5,,,,,,,,,,,,,,,,,,,,,,,,,,,,,,,,,,,,
4560,2019,2,17,11,30,11,152,397,320,2.6,,,,,,,,,,,,,,,,,,,,,,,,,,,,,,,,,,,,
4561,2019,2,17,11,45,11.5,184,203,272,2.7,,,,,,,,,,,,,,,,,,,,,,,,,,,,,,,,,,,,
4562,2019,2,17,12,0,12,176,297,306,2.7,,,,,,,,,,,,,,,,,,,,,,,,,,,,,,,,,,,,
4563,2019,2,17,12,15,12.3,151,448,348,2.8000000000000003,,,,,,,,,,,,,,,,,,,,,,,,,,,,,,,,,,,,
4564,2019,2,17,12,30,12.600000000000001,166,373,331,2.8000000000000003,,,,,,,,,,,,,,,,,,,,,,,,,,,,,,,,,,,,
4565,2019,2,17,12,45,12.9,163,386,333,2.9000000000000004,,,,,,,,,,,,,,,,,,,,,,,,,,,,,,,,,,,,
4566,2019,2,17,13,0,13.200000000000001,164,369,325,2.9000000000000004,,,,,,,,,,,,,,,,,,,,,,,,,,,,,,,,,,,,
4567,2019,2,17,13,15,13.3,170,312,304,2.9000000000000004,,,,,,,,,,,,,,,,,,,,,,,,,,,,,,,,,,,,
4568,2019,2,17,13,30,13.3,171,273,285,2.8000000000000003,,,,,,,,,,,,,,,,,,,,,,,,,,,,,,,,,,,,
4569,2019,2,17,13,45,13.3,124,511,333,2.8000000000000003,,,,,,,,,,,,,,,,,,,,,,,,,,,,,,,,,,,,
4570,2019,2,17,14,0,13.3,118,508,319,2.8000000000000003,,,,,,,,,,,,,,,,,,,,,,,,,,,,,,,,,,,,
4571,2019,2,17,14,15,13,158,171,223,2.5,,,,,,,,,,,,,,,,,,,,,,,,,,,,,,,,,,,,
4572,2019,2,17,14,30,12.700000000000001,117,432,272,2.1,,,,,,,,,,,,,,,,,,,,,,,,,,,,,,,,,,,,
4573,2019,2,17,14,45,12.4,136,66,159,1.8,,,,,,,,,,,,,,,,,,,,,,,,,,,,,,,,,,,,
4574,2019,2,17,15,0,12,109,354,221,1.5,,,,,,,,,,,,,,,,,,,,,,,,,,,,,,,,,,,,
4575,2019,2,17,15,15,11.100000000000001,95,377,205,1.5,,,,,,,,,,,,,,,,,,,,,,,,,,,,,,,,,,,,
4576,2019,2,17,15,30,10.200000000000001,86,357,180,1.4000000000000001,,,,,,,,,,,,,,,,,,,,,,,,,,,,,,,,,,,,
4577,2019,2,17,15,45,9.3,77,332,155,1.4000000000000001,,,,,,,,,,,,,,,,,,,,,,,,,,,,,,,,,,,,
4578,2019,2,17,16,0,8.5,67,303,129,1.3,,,,,,,,,,,,,,,,,,,,,,,,,,,,,,,,,,,,
4579,2019,2,17,16,15,7.7,57,276,104,1.4000000000000001,,,,,,,,,,,,,,,,,,,,,,,,,,,,,,,,,,,,
4580,2019,2,17,16,30,7,46,237,79,1.5,,,,,,,,,,,,,,,,,,,,,,,,,,,,,,,,,,,,
4581,2019,2,17,16,45,6.300000000000001,35,192,55,1.5,,,,,,,,,,,,,,,,,,,,,,,,,,,,,,,,,,,,
4582,2019,2,17,17,0,5.5,24,127,33,1.6,,,,,,,,,,,,,,,,,,,,,,,,,,,,,,,,,,,,
4583,2019,2,17,17,15,5.300000000000001,10,109,14,1.7000000000000002,,,,,,,,,,,,,,,,,,,,,,,,,,,,,,,,,,,,
4584,2019,2,17,17,30,5.2,0,0,0,1.7000000000000002,,,,,,,,,,,,,,,,,,,,,,,,,,,,,,,,,,,,
4585,2019,2,17,17,45,5,0,0,0,1.8,,,,,,,,,,,,,,,,,,,,,,,,,,,,,,,,,,,,
4586,2019,2,17,18,0,4.800000000000001,0,0,0,1.8,,,,,,,,,,,,,,,,,,,,,,,,,,,,,,,,,,,,
4587,2019,2,17,18,15,4.6000000000000005,0,0,0,1.9000000000000001,,,,,,,,,,,,,,,,,,,,,,,,,,,,,,,,,,,,
4588,2019,2,17,18,30,4.5,0,0,0,1.9000000000000001,,,,,,,,,,,,,,,,,,,,,,,,,,,,,,,,,,,,
4589,2019,2,17,18,45,4.3,0,0,0,2,,,,,,,,,,,,,,,,,,,,,,,,,,,,,,,,,,,,
4590,2019,2,17,19,0,4.2,0,0,0,2,,,,,,,,,,,,,,,,,,,,,,,,,,,,,,,,,,,,
4591,2019,2,17,19,15,4,0,0,0,2.1,,,,,,,,,,,,,,,,,,,,,,,,,,,,,,,,,,,,
4592,2019,2,17,19,30,3.9000000000000004,0,0,0,2.1,,,,,,,,,,,,,,,,,,,,,,,,,,,,,,,,,,,,
4593,2019,2,17,19,45,3.7,0,0,0,2.1,,,,,,,,,,,,,,,,,,,,,,,,,,,,,,,,,,,,
4594,2019,2,17,20,0,3.5,0,0,0,2.1,,,,,,,,,,,,,,,,,,,,,,,,,,,,,,,,,,,,
4595,2019,2,17,20,15,3.4000000000000004,0,0,0,2.2,,,,,,,,,,,,,,,,,,,,,,,,,,,,,,,,,,,,
4596,2019,2,17,20,30,3.2,0,0,0,2.2,,,,,,,,,,,,,,,,,,,,,,,,,,,,,,,,,,,,
4597,2019,2,17,20,45,3.1,0,0,0,2.2,,,,,,,,,,,,,,,,,,,,,,,,,,,,,,,,,,,,
4598,2019,2,17,21,0,3,0,0,0,2.2,,,,,,,,,,,,,,,,,,,,,,,,,,,,,,,,,,,,
4599,2019,2,17,21,15,2.8000000000000003,0,0,0,2.3000000000000003,,,,,,,,,,,,,,,,,,,,,,,,,,,,,,,,,,,,
4600,2019,2,17,21,30,2.7,0,0,0,2.3000000000000003,,,,,,,,,,,,,,,,,,,,,,,,,,,,,,,,,,,,
4601,2019,2,17,21,45,2.6,0,0,0,2.3000000000000003,,,,,,,,,,,,,,,,,,,,,,,,,,,,,,,,,,,,
4602,2019,2,17,22,0,2.5,0,0,0,2.4000000000000004,,,,,,,,,,,,,,,,,,,,,,,,,,,,,,,,,,,,
4603,2019,2,17,22,15,2.4000000000000004,0,0,0,2.4000000000000004,,,,,,,,,,,,,,,,,,,,,,,,,,,,,,,,,,,,
4604,2019,2,17,22,30,2.3000000000000003,0,0,0,2.4000000000000004,,,,,,,,,,,,,,,,,,,,,,,,,,,,,,,,,,,,
4605,2019,2,17,22,45,2.1,0,0,0,2.5,,,,,,,,,,,,,,,,,,,,,,,,,,,,,,,,,,,,
4606,2019,2,17,23,0,2,0,0,0,2.5,,,,,,,,,,,,,,,,,,,,,,,,,,,,,,,,,,,,
4607,2019,2,17,23,15,1.9000000000000001,0,0,0,2.5,,,,,,,,,,,,,,,,,,,,,,,,,,,,,,,,,,,,
4608,2019,2,17,23,30,1.8,0,0,0,2.5,,,,,,,,,,,,,,,,,,,,,,,,,,,,,,,,,,,,
4609,2019,2,17,23,45,1.7000000000000002,0,0,0,2.5,,,,,,,,,,,,,,,,,,,,,,,,,,,,,,,,,,,,
4610,2019,2,18,0,0,1.5,0,0,0,2.6,,,,,,,,,,,,,,,,,,,,,,,,,,,,,,,,,,,,
4611,2019,2,18,0,15,1.5,0,0,0,2.6,,,,,,,,,,,,,,,,,,,,,,,,,,,,,,,,,,,,
4612,2019,2,18,0,30,1.5,0,0,0,2.6,,,,,,,,,,,,,,,,,,,,,,,,,,,,,,,,,,,,
4613,2019,2,18,0,45,1.5,0,0,0,2.6,,,,,,,,,,,,,,,,,,,,,,,,,,,,,,,,,,,,
4614,2019,2,18,1,0,1.1,0,0,0,2.6,,,,,,,,,,,,,,,,,,,,,,,,,,,,,,,,,,,,
4615,2019,2,18,1,15,1,0,0,0,2.6,,,,,,,,,,,,,,,,,,,,,,,,,,,,,,,,,,,,
4616,2019,2,18,1,30,0.9,0,0,0,2.6,,,,,,,,,,,,,,,,,,,,,,,,,,,,,,,,,,,,
4617,2019,2,18,1,45,0.8,0,0,0,2.6,,,,,,,,,,,,,,,,,,,,,,,,,,,,,,,,,,,,
4618,2019,2,18,2,0,0.7000000000000001,0,0,0,2.6,,,,,,,,,,,,,,,,,,,,,,,,,,,,,,,,,,,,
4619,2019,2,18,2,15,0.6000000000000001,0,0,0,2.6,,,,,,,,,,,,,,,,,,,,,,,,,,,,,,,,,,,,
4620,2019,2,18,2,30,0.4,0,0,0,2.6,,,,,,,,,,,,,,,,,,,,,,,,,,,,,,,,,,,,
4621,2019,2,18,2,45,0.30000000000000004,0,0,0,2.5,,,,,,,,,,,,,,,,,,,,,,,,,,,,,,,,,,,,
4622,2019,2,18,3,0,0.2,0,0,0,2.5,,,,,,,,,,,,,,,,,,,,,,,,,,,,,,,,,,,,
4623,2019,2,18,3,15,0.1,0,0,0,2.5,,,,,,,,,,,,,,,,,,,,,,,,,,,,,,,,,,,,
4624,2019,2,18,3,30,0.1,0,0,0,2.5,,,,,,,,,,,,,,,,,,,,,,,,,,,,,,,,,,,,
4625,2019,2,18,3,45,0,0,0,0,2.5,,,,,,,,,,,,,,,,,,,,,,,,,,,,,,,,,,,,
4626,2019,2,18,4,0,-0.1,0,0,0,2.5,,,,,,,,,,,,,,,,,,,,,,,,,,,,,,,,,,,,
4627,2019,2,18,4,15,-0.1,0,0,0,2.5,,,,,,,,,,,,,,,,,,,,,,,,,,,,,,,,,,,,
4628,2019,2,18,4,30,-0.2,0,0,0,2.5,,,,,,,,,,,,,,,,,,,,,,,,,,,,,,,,,,,,
4629,2019,2,18,4,45,-0.2,0,0,0,2.5,,,,,,,,,,,,,,,,,,,,,,,,,,,,,,,,,,,,
4630,2019,2,18,5,0,-0.2,0,0,0,2.5,,,,,,,,,,,,,,,,,,,,,,,,,,,,,,,,,,,,
4631,2019,2,18,5,15,-0.30000000000000004,0,0,0,2.4000000000000004,,,,,,,,,,,,,,,,,,,,,,,,,,,,,,,,,,,,
4632,2019,2,18,5,30,-0.30000000000000004,0,0,0,2.4000000000000004,,,,,,,,,,,,,,,,,,,,,,,,,,,,,,,,,,,,
4633,2019,2,18,5,45,-0.30000000000000004,0,0,0,2.4000000000000004,,,,,,,,,,,,,,,,,,,,,,,,,,,,,,,,,,,,
4634,2019,2,18,6,0,-0.30000000000000004,0,0,0,2.4000000000000004,,,,,,,,,,,,,,,,,,,,,,,,,,,,,,,,,,,,
4635,2019,2,18,6,15,-0.30000000000000004,0,0,0,2.4000000000000004,,,,,,,,,,,,,,,,,,,,,,,,,,,,,,,,,,,,
4636,2019,2,18,6,30,-0.2,0,0,0,2.4000000000000004,,,,,,,,,,,,,,,,,,,,,,,,,,,,,,,,,,,,
4637,2019,2,18,6,45,-0.1,0,0,0,2.4000000000000004,,,,,,,,,,,,,,,,,,,,,,,,,,,,,,,,,,,,
4638,2019,2,18,7,0,0,0,0,0,2.3000000000000003,,,,,,,,,,,,,,,,,,,,,,,,,,,,,,,,,,,,
4639,2019,2,18,7,15,0.8,0,0,0,2.5,,,,,,,,,,,,,,,,,,,,,,,,,,,,,,,,,,,,
4640,2019,2,18,7,30,1.5,0,0,0,2.7,,,,,,,,,,,,,,,,,,,,,,,,,,,,,,,,,,,,
4641,2019,2,18,7,45,2.3000000000000003,17,256,29,2.8000000000000003,,,,,,,,,,,,,,,,,,,,,,,,,,,,,,,,,,,,
4642,2019,2,18,8,0,3.1,26,377,56,3,,,,,,,,,,,,,,,,,,,,,,,,,,,,,,,,,,,,
4643,2019,2,18,8,15,3.7,33,473,88,3.1,,,,,,,,,,,,,,,,,,,,,,,,,,,,,,,,,,,,
4644,2019,2,18,8,30,4.3,39,540,121,3.1,,,,,,,,,,,,,,,,,,,,,,,,,,,,,,,,,,,,
4645,2019,2,18,8,45,5,45,596,154,3.2,,,,,,,,,,,,,,,,,,,,,,,,,,,,,,,,,,,,
4646,2019,2,18,9,0,5.6000000000000005,50,645,189,3.3000000000000003,,,,,,,,,,,,,,,,,,,,,,,,,,,,,,,,,,,,
4647,2019,2,18,9,15,6.2,54,686,222,3.1,,,,,,,,,,,,,,,,,,,,,,,,,,,,,,,,,,,,
4648,2019,2,18,9,30,6.7,57,720,255,3,,,,,,,,,,,,,,,,,,,,,,,,,,,,,,,,,,,,
4649,2019,2,18,9,45,7.300000000000001,61,745,285,2.9000000000000004,,,,,,,,,,,,,,,,,,,,,,,,,,,,,,,,,,,,
4650,2019,2,18,10,0,7.9,63,769,314,2.7,,,,,,,,,,,,,,,,,,,,,,,,,,,,,,,,,,,,
4651,2019,2,18,10,15,8.5,66,789,341,2.6,,,,,,,,,,,,,,,,,,,,,,,,,,,,,,,,,,,,
4652,2019,2,18,10,30,9.1,68,806,365,2.6,,,,,,,,,,,,,,,,,,,,,,,,,,,,,,,,,,,,
4653,2019,2,18,10,45,9.700000000000001,69,819,387,2.5,,,,,,,,,,,,,,,,,,,,,,,,,,,,,,,,,,,,
4654,2019,2,18,11,0,10.3,71,830,406,2.4000000000000004,,,,,,,,,,,,,,,,,,,,,,,,,,,,,,,,,,,,
4655,2019,2,18,11,15,10.9,72,840,423,2.4000000000000004,,,,,,,,,,,,,,,,,,,,,,,,,,,,,,,,,,,,
4656,2019,2,18,11,30,11.5,73,847,436,2.5,,,,,,,,,,,,,,,,,,,,,,,,,,,,,,,,,,,,
4657,2019,2,18,11,45,12.100000000000001,74,853,447,2.5,,,,,,,,,,,,,,,,,,,,,,,,,,,,,,,,,,,,
4658,2019,2,18,12,0,12.700000000000001,74,857,454,2.5,,,,,,,,,,,,,,,,,,,,,,,,,,,,,,,,,,,,
4659,2019,2,18,12,15,13,75,859,459,2.6,,,,,,,,,,,,,,,,,,,,,,,,,,,,,,,,,,,,
4660,2019,2,18,12,30,13.3,75,860,460,2.6,,,,,,,,,,,,,,,,,,,,,,,,,,,,,,,,,,,,
4661,2019,2,18,12,45,13.600000000000001,77,849,456,2.7,,,,,,,,,,,,,,,,,,,,,,,,,,,,,,,,,,,,
4662,2019,2,18,13,0,13.9,77,846,451,2.7,,,,,,,,,,,,,,,,,,,,,,,,,,,,,,,,,,,,
4663,2019,2,18,13,15,13.9,76,842,443,2.7,,,,,,,,,,,,,,,,,,,,,,,,,,,,,,,,,,,,
4664,2019,2,18,13,30,13.9,75,836,432,2.7,,,,,,,,,,,,,,,,,,,,,,,,,,,,,,,,,,,,
4665,2019,2,18,13,45,13.8,73,831,418,2.7,,,,,,,,,,,,,,,,,,,,,,,,,,,,,,,,,,,,
4666,2019,2,18,14,0,13.8,72,821,401,2.7,,,,,,,,,,,,,,,,,,,,,,,,,,,,,,,,,,,,
4667,2019,2,18,14,15,13.4,71,808,381,2.4000000000000004,,,,,,,,,,,,,,,,,,,,,,,,,,,,,,,,,,,,
4668,2019,2,18,14,30,13.100000000000001,69,793,358,2.2,,,,,,,,,,,,,,,,,,,,,,,,,,,,,,,,,,,,
4669,2019,2,18,14,45,12.700000000000001,66,779,334,1.9000000000000001,,,,,,,,,,,,,,,,,,,,,,,,,,,,,,,,,,,,
4670,2019,2,18,15,0,12.3,64,758,306,1.7000000000000002,,,,,,,,,,,,,,,,,,,,,,,,,,,,,,,,,,,,
4671,2019,2,18,15,15,11.4,61,733,277,1.6,,,,,,,,,,,,,,,,,,,,,,,,,,,,,,,,,,,,
4672,2019,2,18,15,30,10.5,58,703,246,1.5,,,,,,,,,,,,,,,,,,,,,,,,,,,,,,,,,,,,
4673,2019,2,18,15,45,9.600000000000001,54,671,214,1.5,,,,,,,,,,,,,,,,,,,,,,,,,,,,,,,,,,,,
4674,2019,2,18,16,0,8.700000000000001,50,629,180,1.4000000000000001,,,,,,,,,,,,,,,,,,,,,,,,,,,,,,,,,,,,
4675,2019,2,18,16,15,8,45,576,146,1.5,,,,,,,,,,,,,,,,,,,,,,,,,,,,,,,,,,,,
4676,2019,2,18,16,30,7.2,39,512,112,1.6,,,,,,,,,,,,,,,,,,,,,,,,,,,,,,,,,,,,
4677,2019,2,18,16,45,6.4,32,439,79,1.6,,,,,,,,,,,,,,,,,,,,,,,,,,,,,,,,,,,,
4678,2019,2,18,17,0,5.7,24,338,49,1.7000000000000002,,,,,,,,,,,,,,,,,,,,,,,,,,,,,,,,,,,,
4679,2019,2,18,17,15,5.5,15,210,23,1.8,,,,,,,,,,,,,,,,,,,,,,,,,,,,,,,,,,,,
4680,2019,2,18,17,30,5.300000000000001,0,0,0,1.8,,,,,,,,,,,,,,,,,,,,,,,,,,,,,,,,,,,,
4681,2019,2,18,17,45,5.1000000000000005,0,0,0,1.9000000000000001,,,,,,,,,,,,,,,,,,,,,,,,,,,,,,,,,,,,
4682,2019,2,18,18,0,4.9,0,0,0,2,,,,,,,,,,,,,,,,,,,,,,,,,,,,,,,,,,,,
4683,2019,2,18,18,15,4.800000000000001,0,0,0,2,,,,,,,,,,,,,,,,,,,,,,,,,,,,,,,,,,,,
4684,2019,2,18,18,30,4.7,0,0,0,2.1,,,,,,,,,,,,,,,,,,,,,,,,,,,,,,,,,,,,
4685,2019,2,18,18,45,4.6000000000000005,0,0,0,2.2,,,,,,,,,,,,,,,,,,,,,,,,,,,,,,,,,,,,
4686,2019,2,18,19,0,4.4,0,0,0,2.2,,,,,,,,,,,,,,,,,,,,,,,,,,,,,,,,,,,,
4687,2019,2,18,19,15,4.3,0,0,0,2.3000000000000003,,,,,,,,,,,,,,,,,,,,,,,,,,,,,,,,,,,,
4688,2019,2,18,19,30,4.2,0,0,0,2.3000000000000003,,,,,,,,,,,,,,,,,,,,,,,,,,,,,,,,,,,,
4689,2019,2,18,19,45,4.1000000000000005,0,0,0,2.4000000000000004,,,,,,,,,,,,,,,,,,,,,,,,,,,,,,,,,,,,
4690,2019,2,18,20,0,3.9000000000000004,0,0,0,2.4000000000000004,,,,,,,,,,,,,,,,,,,,,,,,,,,,,,,,,,,,
4691,2019,2,18,20,15,3.8000000000000003,0,0,0,2.5,,,,,,,,,,,,,,,,,,,,,,,,,,,,,,,,,,,,
4692,2019,2,18,20,30,3.7,0,0,0,2.5,,,,,,,,,,,,,,,,,,,,,,,,,,,,,,,,,,,,
4693,2019,2,18,20,45,3.6,0,0,0,2.5,,,,,,,,,,,,,,,,,,,,,,,,,,,,,,,,,,,,
4694,2019,2,18,21,0,3.4000000000000004,0,0,0,2.6,,,,,,,,,,,,,,,,,,,,,,,,,,,,,,,,,,,,
4695,2019,2,18,21,15,3.4000000000000004,0,0,0,2.6,,,,,,,,,,,,,,,,,,,,,,,,,,,,,,,,,,,,
4696,2019,2,18,21,30,3.3000000000000003,0,0,0,2.7,,,,,,,,,,,,,,,,,,,,,,,,,,,,,,,,,,,,
4697,2019,2,18,21,45,3.2,0,0,0,2.7,,,,,,,,,,,,,,,,,,,,,,,,,,,,,,,,,,,,
4698,2019,2,18,22,0,3.2,0,0,0,2.8000000000000003,,,,,,,,,,,,,,,,,,,,,,,,,,,,,,,,,,,,
4699,2019,2,18,22,15,3.2,0,0,0,2.9000000000000004,,,,,,,,,,,,,,,,,,,,,,,,,,,,,,,,,,,,
4700,2019,2,18,22,30,3.2,0,0,0,2.9000000000000004,,,,,,,,,,,,,,,,,,,,,,,,,,,,,,,,,,,,
4701,2019,2,18,22,45,3.2,0,0,0,3,,,,,,,,,,,,,,,,,,,,,,,,,,,,,,,,,,,,
4702,2019,2,18,23,0,3.1,0,0,0,3.1,,,,,,,,,,,,,,,,,,,,,,,,,,,,,,,,,,,,
4703,2019,2,18,23,15,3.1,0,0,0,3.1,,,,,,,,,,,,,,,,,,,,,,,,,,,,,,,,,,,,
4704,2019,2,18,23,30,3.1,0,0,0,3.1,,,,,,,,,,,,,,,,,,,,,,,,,,,,,,,,,,,,
4705,2019,2,18,23,45,3.1,0,0,0,3.1,,,,,,,,,,,,,,,,,,,,,,,,,,,,,,,,,,,,
4706,2019,2,19,0,0,3.1,0,0,0,3.2,,,,,,,,,,,,,,,,,,,,,,,,,,,,,,,,,,,,
4707,2019,2,19,0,15,3.1,0,0,0,3.2,,,,,,,,,,,,,,,,,,,,,,,,,,,,,,,,,,,,
4708,2019,2,19,0,30,3.1,0,0,0,3.2,,,,,,,,,,,,,,,,,,,,,,,,,,,,,,,,,,,,
4709,2019,2,19,0,45,3.1,0,0,0,3.2,,,,,,,,,,,,,,,,,,,,,,,,,,,,,,,,,,,,
4710,2019,2,19,1,0,2.9000000000000004,0,0,0,3.2,,,,,,,,,,,,,,,,,,,,,,,,,,,,,,,,,,,,
4711,2019,2,19,1,15,2.8000000000000003,0,0,0,3.2,,,,,,,,,,,,,,,,,,,,,,,,,,,,,,,,,,,,
4712,2019,2,19,1,30,2.8000000000000003,0,0,0,3.3000000000000003,,,,,,,,,,,,,,,,,,,,,,,,,,,,,,,,,,,,
4713,2019,2,19,1,45,2.8000000000000003,0,0,0,3.3000000000000003,,,,,,,,,,,,,,,,,,,,,,,,,,,,,,,,,,,,
4714,2019,2,19,2,0,2.8000000000000003,0,0,0,3.4000000000000004,,,,,,,,,,,,,,,,,,,,,,,,,,,,,,,,,,,,
4715,2019,2,19,2,15,2.8000000000000003,0,0,0,3.5,,,,,,,,,,,,,,,,,,,,,,,,,,,,,,,,,,,,
4716,2019,2,19,2,30,2.7,0,0,0,3.5,,,,,,,,,,,,,,,,,,,,,,,,,,,,,,,,,,,,
4717,2019,2,19,2,45,2.7,0,0,0,3.6,,,,,,,,,,,,,,,,,,,,,,,,,,,,,,,,,,,,
4718,2019,2,19,3,0,2.7,0,0,0,3.7,,,,,,,,,,,,,,,,,,,,,,,,,,,,,,,,,,,,
4719,2019,2,19,3,15,2.7,0,0,0,3.7,,,,,,,,,,,,,,,,,,,,,,,,,,,,,,,,,,,,
4720,2019,2,19,3,30,2.7,0,0,0,3.7,,,,,,,,,,,,,,,,,,,,,,,,,,,,,,,,,,,,
4721,2019,2,19,3,45,2.6,0,0,0,3.7,,,,,,,,,,,,,,,,,,,,,,,,,,,,,,,,,,,,
4722,2019,2,19,4,0,2.6,0,0,0,3.7,,,,,,,,,,,,,,,,,,,,,,,,,,,,,,,,,,,,
4723,2019,2,19,4,15,2.6,0,0,0,3.7,,,,,,,,,,,,,,,,,,,,,,,,,,,,,,,,,,,,
4724,2019,2,19,4,30,2.6,0,0,0,3.7,,,,,,,,,,,,,,,,,,,,,,,,,,,,,,,,,,,,
4725,2019,2,19,4,45,2.6,0,0,0,3.7,,,,,,,,,,,,,,,,,,,,,,,,,,,,,,,,,,,,
4726,2019,2,19,5,0,2.6,0,0,0,3.7,,,,,,,,,,,,,,,,,,,,,,,,,,,,,,,,,,,,
4727,2019,2,19,5,15,2.6,0,0,0,3.7,,,,,,,,,,,,,,,,,,,,,,,,,,,,,,,,,,,,
4728,2019,2,19,5,30,2.5,0,0,0,3.7,,,,,,,,,,,,,,,,,,,,,,,,,,,,,,,,,,,,
4729,2019,2,19,5,45,2.5,0,0,0,3.7,,,,,,,,,,,,,,,,,,,,,,,,,,,,,,,,,,,,
4730,2019,2,19,6,0,2.5,0,0,0,3.7,,,,,,,,,,,,,,,,,,,,,,,,,,,,,,,,,,,,
4731,2019,2,19,6,15,2.5,0,0,0,3.8000000000000003,,,,,,,,,,,,,,,,,,,,,,,,,,,,,,,,,,,,
4732,2019,2,19,6,30,2.6,0,0,0,3.8000000000000003,,,,,,,,,,,,,,,,,,,,,,,,,,,,,,,,,,,,
4733,2019,2,19,6,45,2.6,0,0,0,3.8000000000000003,,,,,,,,,,,,,,,,,,,,,,,,,,,,,,,,,,,,
4734,2019,2,19,7,0,2.6,0,0,0,3.9000000000000004,,,,,,,,,,,,,,,,,,,,,,,,,,,,,,,,,,,,
4735,2019,2,19,7,15,2.9000000000000004,0,0,0,4,,,,,,,,,,,,,,,,,,,,,,,,,,,,,,,,,,,,
4736,2019,2,19,7,30,3.2,0,0,0,4.1000000000000005,,,,,,,,,,,,,,,,,,,,,,,,,,,,,,,,,,,,
4737,2019,2,19,7,45,3.5,4,0,4,4.1000000000000005,,,,,,,,,,,,,,,,,,,,,,,,,,,,,,,,,,,,
4738,2019,2,19,8,0,3.8000000000000003,5,0,5,4.2,,,,,,,,,,,,,,,,,,,,,,,,,,,,,,,,,,,,
4739,2019,2,19,8,15,4.1000000000000005,6,0,6,4.2,,,,,,,,,,,,,,,,,,,,,,,,,,,,,,,,,,,,
4740,2019,2,19,8,30,4.4,7,0,7,4.2,,,,,,,,,,,,,,,,,,,,,,,,,,,,,,,,,,,,
4741,2019,2,19,8,45,4.7,8,0,8,4.2,,,,,,,,,,,,,,,,,,,,,,,,,,,,,,,,,,,,
4742,2019,2,19,9,0,5,9,0,9,4.2,,,,,,,,,,,,,,,,,,,,,,,,,,,,,,,,,,,,
4743,2019,2,19,9,15,5.300000000000001,10,0,10,4.2,,,,,,,,,,,,,,,,,,,,,,,,,,,,,,,,,,,,
4744,2019,2,19,9,30,5.5,12,0,12,4.2,,,,,,,,,,,,,,,,,,,,,,,,,,,,,,,,,,,,
4745,2019,2,19,9,45,5.800000000000001,13,0,13,4.1000000000000005,,,,,,,,,,,,,,,,,,,,,,,,,,,,,,,,,,,,
4746,2019,2,19,10,0,6,15,0,15,4.1000000000000005,,,,,,,,,,,,,,,,,,,,,,,,,,,,,,,,,,,,
4747,2019,2,19,10,15,6.300000000000001,15,0,15,4.3,,,,,,,,,,,,,,,,,,,,,,,,,,,,,,,,,,,,
4748,2019,2,19,10,30,6.6000000000000005,16,0,16,4.5,,,,,,,,,,,,,,,,,,,,,,,,,,,,,,,,,,,,
4749,2019,2,19,10,45,6.800000000000001,17,0,17,4.6000000000000005,,,,,,,,,,,,,,,,,,,,,,,,,,,,,,,,,,,,
4750,2019,2,19,11,0,7.1000000000000005,24,0,24,4.800000000000001,,,,,,,,,,,,,,,,,,,,,,,,,,,,,,,,,,,,
4751,2019,2,19,11,15,7.300000000000001,64,0,64,5,,,,,,,,,,,,,,,,,,,,,,,,,,,,,,,,,,,,
4752,2019,2,19,11,30,7.6000000000000005,63,0,63,5.1000000000000005,,,,,,,,,,,,,,,,,,,,,,,,,,,,,,,,,,,,
4753,2019,2,19,11,45,7.800000000000001,108,0,108,5.300000000000001,,,,,,,,,,,,,,,,,,,,,,,,,,,,,,,,,,,,
4754,2019,2,19,12,0,8,88,0,88,5.5,,,,,,,,,,,,,,,,,,,,,,,,,,,,,,,,,,,,
4755,2019,2,19,12,15,8.3,129,0,129,5.5,,,,,,,,,,,,,,,,,,,,,,,,,,,,,,,,,,,,
4756,2019,2,19,12,30,8.5,164,14,171,5.6000000000000005,,,,,,,,,,,,,,,,,,,,,,,,,,,,,,,,,,,,
4757,2019,2,19,12,45,8.700000000000001,197,111,247,5.7,,,,,,,,,,,,,,,,,,,,,,,,,,,,,,,,,,,,
4758,2019,2,19,13,0,8.9,195,114,245,5.800000000000001,,,,,,,,,,,,,,,,,,,,,,,,,,,,,,,,,,,,
4759,2019,2,19,13,15,9,151,445,348,5.800000000000001,,,,,,,,,,,,,,,,,,,,,,,,,,,,,,,,,,,,
4760,2019,2,19,13,30,9.1,140,477,346,5.9,,,,,,,,,,,,,,,,,,,,,,,,,,,,,,,,,,,,
4761,2019,2,19,13,45,9.200000000000001,172,262,281,5.9,,,,,,,,,,,,,,,,,,,,,,,,,,,,,,,,,,,,
4762,2019,2,19,14,0,9.3,76,796,399,5.9,,,,,,,,,,,,,,,,,,,,,,,,,,,,,,,,,,,,
4763,2019,2,19,14,15,9.200000000000001,74,783,379,5.800000000000001,,,,,,,,,,,,,,,,,,,,,,,,,,,,,,,,,,,,
4764,2019,2,19,14,30,9.1,73,768,357,5.6000000000000005,,,,,,,,,,,,,,,,,,,,,,,,,,,,,,,,,,,,
4765,2019,2,19,14,45,9,127,12,131,5.5,,,,,,,,,,,,,,,,,,,,,,,,,,,,,,,,,,,,
4766,2019,2,19,15,0,8.9,65,745,308,5.4,,,,,,,,,,,,,,,,,,,,,,,,,,,,,,,,,,,,
4767,2019,2,19,15,15,8.5,62,715,277,5.1000000000000005,,,,,,,,,,,,,,,,,,,,,,,,,,,,,,,,,,,,
4768,2019,2,19,15,30,8.200000000000001,81,0,81,4.800000000000001,,,,,,,,,,,,,,,,,,,,,,,,,,,,,,,,,,,,
4769,2019,2,19,15,45,7.800000000000001,56,648,214,4.5,,,,,,,,,,,,,,,,,,,,,,,,,,,,,,,,,,,,
4770,2019,2,19,16,0,7.4,52,605,181,4.2,,,,,,,,,,,,,,,,,,,,,,,,,,,,,,,,,,,,
4771,2019,2,19,16,15,6.9,47,553,147,4.1000000000000005,,,,,,,,,,,,,,,,,,,,,,,,,,,,,,,,,,,,
4772,2019,2,19,16,30,6.4,41,486,113,4,,,,,,,,,,,,,,,,,,,,,,,,,,,,,,,,,,,,
4773,2019,2,19,16,45,5.800000000000001,36,391,80,3.9000000000000004,,,,,,,,,,,,,,,,,,,,,,,,,,,,,,,,,,,,
4774,2019,2,19,17,0,5.300000000000001,27,295,50,3.7,,,,,,,,,,,,,,,,,,,,,,,,,,,,,,,,,,,,
4775,2019,2,19,17,15,5.2,7,0,7,3.8000000000000003,,,,,,,,,,,,,,,,,,,,,,,,,,,,,,,,,,,,
4776,2019,2,19,17,30,5.1000000000000005,0,0,0,3.9000000000000004,,,,,,,,,,,,,,,,,,,,,,,,,,,,,,,,,,,,
4777,2019,2,19,17,45,5,0,0,0,3.9000000000000004,,,,,,,,,,,,,,,,,,,,,,,,,,,,,,,,,,,,
4778,2019,2,19,18,0,4.9,0,0,0,4,,,,,,,,,,,,,,,,,,,,,,,,,,,,,,,,,,,,
4779,2019,2,19,18,15,4.800000000000001,0,0,0,4.1000000000000005,,,,,,,,,,,,,,,,,,,,,,,,,,,,,,,,,,,,
4780,2019,2,19,18,30,4.800000000000001,0,0,0,4.1000000000000005,,,,,,,,,,,,,,,,,,,,,,,,,,,,,,,,,,,,
4781,2019,2,19,18,45,4.7,0,0,0,4.1000000000000005,,,,,,,,,,,,,,,,,,,,,,,,,,,,,,,,,,,,
4782,2019,2,19,19,0,4.7,0,0,0,4.2,,,,,,,,,,,,,,,,,,,,,,,,,,,,,,,,,,,,
4783,2019,2,19,19,15,4.6000000000000005,0,0,0,4.2,,,,,,,,,,,,,,,,,,,,,,,,,,,,,,,,,,,,
4784,2019,2,19,19,30,4.5,0,0,0,4.1000000000000005,,,,,,,,,,,,,,,,,,,,,,,,,,,,,,,,,,,,
4785,2019,2,19,19,45,4.4,0,0,0,4.1000000000000005,,,,,,,,,,,,,,,,,,,,,,,,,,,,,,,,,,,,
4786,2019,2,19,20,0,4.3,0,0,0,4,,,,,,,,,,,,,,,,,,,,,,,,,,,,,,,,,,,,
4787,2019,2,19,20,15,4.2,0,0,0,4,,,,,,,,,,,,,,,,,,,,,,,,,,,,,,,,,,,,
4788,2019,2,19,20,30,4.1000000000000005,0,0,0,4,,,,,,,,,,,,,,,,,,,,,,,,,,,,,,,,,,,,
4789,2019,2,19,20,45,4,0,0,0,3.9000000000000004,,,,,,,,,,,,,,,,,,,,,,,,,,,,,,,,,,,,
4790,2019,2,19,21,0,3.9000000000000004,0,0,0,3.9000000000000004,,,,,,,,,,,,,,,,,,,,,,,,,,,,,,,,,,,,
4791,2019,2,19,21,15,3.8000000000000003,0,0,0,3.8000000000000003,,,,,,,,,,,,,,,,,,,,,,,,,,,,,,,,,,,,
4792,2019,2,19,21,30,3.7,0,0,0,3.7,,,,,,,,,,,,,,,,,,,,,,,,,,,,,,,,,,,,
4793,2019,2,19,21,45,3.6,0,0,0,3.6,,,,,,,,,,,,,,,,,,,,,,,,,,,,,,,,,,,,
4794,2019,2,19,22,0,3.5,0,0,0,3.6,,,,,,,,,,,,,,,,,,,,,,,,,,,,,,,,,,,,
4795,2019,2,19,22,15,3.5,0,0,0,3.6,,,,,,,,,,,,,,,,,,,,,,,,,,,,,,,,,,,,
4796,2019,2,19,22,30,3.5,0,0,0,3.6,,,,,,,,,,,,,,,,,,,,,,,,,,,,,,,,,,,,
4797,2019,2,19,22,45,3.5,0,0,0,3.7,,,,,,,,,,,,,,,,,,,,,,,,,,,,,,,,,,,,
4798,2019,2,19,23,0,3.5,0,0,0,3.7,,,,,,,,,,,,,,,,,,,,,,,,,,,,,,,,,,,,
4799,2019,2,19,23,15,3.4000000000000004,0,0,0,3.7,,,,,,,,,,,,,,,,,,,,,,,,,,,,,,,,,,,,
4800,2019,2,19,23,30,3.4000000000000004,0,0,0,3.7,,,,,,,,,,,,,,,,,,,,,,,,,,,,,,,,,,,,
4801,2019,2,19,23,45,3.4000000000000004,0,0,0,3.7,,,,,,,,,,,,,,,,,,,,,,,,,,,,,,,,,,,,
4802,2019,2,20,0,0,3.3000000000000003,0,0,0,3.7,,,,,,,,,,,,,,,,,,,,,,,,,,,,,,,,,,,,
4803,2019,2,20,0,15,3.3000000000000003,0,0,0,3.7,,,,,,,,,,,,,,,,,,,,,,,,,,,,,,,,,,,,
4804,2019,2,20,0,30,3.3000000000000003,0,0,0,3.7,,,,,,,,,,,,,,,,,,,,,,,,,,,,,,,,,,,,
4805,2019,2,20,0,45,3.3000000000000003,0,0,0,3.7,,,,,,,,,,,,,,,,,,,,,,,,,,,,,,,,,,,,
4806,2019,2,20,1,0,3.2,0,0,0,3.6,,,,,,,,,,,,,,,,,,,,,,,,,,,,,,,,,,,,
4807,2019,2,20,1,15,3,0,0,0,3.5,,,,,,,,,,,,,,,,,,,,,,,,,,,,,,,,,,,,
4808,2019,2,20,1,30,2.9000000000000004,0,0,0,3.5,,,,,,,,,,,,,,,,,,,,,,,,,,,,,,,,,,,,
4809,2019,2,20,1,45,2.7,0,0,0,3.4000000000000004,,,,,,,,,,,,,,,,,,,,,,,,,,,,,,,,,,,,
4810,2019,2,20,2,0,2.6,0,0,0,3.3000000000000003,,,,,,,,,,,,,,,,,,,,,,,,,,,,,,,,,,,,
4811,2019,2,20,2,15,2.4000000000000004,0,0,0,3.2,,,,,,,,,,,,,,,,,,,,,,,,,,,,,,,,,,,,
4812,2019,2,20,2,30,2.2,0,0,0,3.2,,,,,,,,,,,,,,,,,,,,,,,,,,,,,,,,,,,,
4813,2019,2,20,2,45,2,0,0,0,3.1,,,,,,,,,,,,,,,,,,,,,,,,,,,,,,,,,,,,
4814,2019,2,20,3,0,1.9000000000000001,0,0,0,3,,,,,,,,,,,,,,,,,,,,,,,,,,,,,,,,,,,,
4815,2019,2,20,3,15,1.8,0,0,0,3,,,,,,,,,,,,,,,,,,,,,,,,,,,,,,,,,,,,
4816,2019,2,20,3,30,1.7000000000000002,0,0,0,3,,,,,,,,,,,,,,,,,,,,,,,,,,,,,,,,,,,,
4817,2019,2,20,3,45,1.7000000000000002,0,0,0,3,,,,,,,,,,,,,,,,,,,,,,,,,,,,,,,,,,,,
4818,2019,2,20,4,0,1.6,0,0,0,3,,,,,,,,,,,,,,,,,,,,,,,,,,,,,,,,,,,,
4819,2019,2,20,4,15,1.7000000000000002,0,0,0,3.1,,,,,,,,,,,,,,,,,,,,,,,,,,,,,,,,,,,,
4820,2019,2,20,4,30,1.7000000000000002,0,0,0,3.1,,,,,,,,,,,,,,,,,,,,,,,,,,,,,,,,,,,,
4821,2019,2,20,4,45,1.7000000000000002,0,0,0,3.2,,,,,,,,,,,,,,,,,,,,,,,,,,,,,,,,,,,,
4822,2019,2,20,5,0,1.7000000000000002,0,0,0,3.2,,,,,,,,,,,,,,,,,,,,,,,,,,,,,,,,,,,,
4823,2019,2,20,5,15,1.8,0,0,0,3.3000000000000003,,,,,,,,,,,,,,,,,,,,,,,,,,,,,,,,,,,,
4824,2019,2,20,5,30,1.8,0,0,0,3.4000000000000004,,,,,,,,,,,,,,,,,,,,,,,,,,,,,,,,,,,,
4825,2019,2,20,5,45,1.9000000000000001,0,0,0,3.4000000000000004,,,,,,,,,,,,,,,,,,,,,,,,,,,,,,,,,,,,
4826,2019,2,20,6,0,1.9000000000000001,0,0,0,3.5,,,,,,,,,,,,,,,,,,,,,,,,,,,,,,,,,,,,
4827,2019,2,20,6,15,2,0,0,0,3.5,,,,,,,,,,,,,,,,,,,,,,,,,,,,,,,,,,,,
4828,2019,2,20,6,30,2.1,0,0,0,3.6,,,,,,,,,,,,,,,,,,,,,,,,,,,,,,,,,,,,
4829,2019,2,20,6,45,2.1,0,0,0,3.7,,,,,,,,,,,,,,,,,,,,,,,,,,,,,,,,,,,,
4830,2019,2,20,7,0,2.2,0,0,0,3.7,,,,,,,,,,,,,,,,,,,,,,,,,,,,,,,,,,,,
4831,2019,2,20,7,15,2.5,0,0,0,3.8000000000000003,,,,,,,,,,,,,,,,,,,,,,,,,,,,,,,,,,,,
4832,2019,2,20,7,30,2.8000000000000003,11,72,13,3.9000000000000004,,,,,,,,,,,,,,,,,,,,,,,,,,,,,,,,,,,,
4833,2019,2,20,7,45,3.2,4,0,4,4,,,,,,,,,,,,,,,,,,,,,,,,,,,,,,,,,,,,
4834,2019,2,20,8,0,3.5,5,0,5,4,,,,,,,,,,,,,,,,,,,,,,,,,,,,,,,,,,,,
4835,2019,2,20,8,15,3.9000000000000004,5,0,5,4,,,,,,,,,,,,,,,,,,,,,,,,,,,,,,,,,,,,
4836,2019,2,20,8,30,4.3,6,0,6,4,,,,,,,,,,,,,,,,,,,,,,,,,,,,,,,,,,,,
4837,2019,2,20,8,45,4.7,7,0,7,4,,,,,,,,,,,,,,,,,,,,,,,,,,,,,,,,,,,,
4838,2019,2,20,9,0,5.1000000000000005,13,0,13,4,,,,,,,,,,,,,,,,,,,,,,,,,,,,,,,,,,,,
4839,2019,2,20,9,15,5.5,16,0,16,4,,,,,,,,,,,,,,,,,,,,,,,,,,,,,,,,,,,,
4840,2019,2,20,9,30,5.9,10,0,10,4,,,,,,,,,,,,,,,,,,,,,,,,,,,,,,,,,,,,
4841,2019,2,20,9,45,6.300000000000001,21,0,21,4,,,,,,,,,,,,,,,,,,,,,,,,,,,,,,,,,,,,
4842,2019,2,20,10,0,6.7,12,0,12,4,,,,,,,,,,,,,,,,,,,,,,,,,,,,,,,,,,,,
4843,2019,2,20,10,15,7,16,0,16,4,,,,,,,,,,,,,,,,,,,,,,,,,,,,,,,,,,,,
4844,2019,2,20,10,30,7.2,29,0,29,4.1000000000000005,,,,,,,,,,,,,,,,,,,,,,,,,,,,,,,,,,,,
4845,2019,2,20,10,45,7.4,71,0,71,4.1000000000000005,,,,,,,,,,,,,,,,,,,,,,,,,,,,,,,,,,,,
4846,2019,2,20,11,0,7.7,135,0,135,4.1000000000000005,,,,,,,,,,,,,,,,,,,,,,,,,,,,,,,,,,,,
4847,2019,2,20,11,15,7.800000000000001,143,2,144,4.2,,,,,,,,,,,,,,,,,,,,,,,,,,,,,,,,,,,,
4848,2019,2,20,11,30,8,188,93,230,4.2,,,,,,,,,,,,,,,,,,,,,,,,,,,,,,,,,,,,
4849,2019,2,20,11,45,8.1,191,222,290,4.2,,,,,,,,,,,,,,,,,,,,,,,,,,,,,,,,,,,,
4850,2019,2,20,12,0,8.3,197,101,243,4.2,,,,,,,,,,,,,,,,,,,,,,,,,,,,,,,,,,,,
4851,2019,2,20,12,15,8.5,194,72,227,4.3,,,,,,,,,,,,,,,,,,,,,,,,,,,,,,,,,,,,
4852,2019,2,20,12,30,8.700000000000001,193,253,309,4.3,,,,,,,,,,,,,,,,,,,,,,,,,,,,,,,,,,,,
4853,2019,2,20,12,45,8.8,200,144,266,4.3,,,,,,,,,,,,,,,,,,,,,,,,,,,,,,,,,,,,
4854,2019,2,20,13,0,9,195,199,286,4.4,,,,,,,,,,,,,,,,,,,,,,,,,,,,,,,,,,,,
4855,2019,2,20,13,15,9.1,187,250,298,4.3,,,,,,,,,,,,,,,,,,,,,,,,,,,,,,,,,,,,
4856,2019,2,20,13,30,9.1,182,246,290,4.3,,,,,,,,,,,,,,,,,,,,,,,,,,,,,,,,,,,,
4857,2019,2,20,13,45,9.200000000000001,128,0,128,4.2,,,,,,,,,,,,,,,,,,,,,,,,,,,,,,,,,,,,
4858,2019,2,20,14,0,9.3,169,245,269,4.2,,,,,,,,,,,,,,,,,,,,,,,,,,,,,,,,,,,,
4859,2019,2,20,14,15,9.200000000000001,129,0,129,4,,,,,,,,,,,,,,,,,,,,,,,,,,,,,,,,,,,,
4860,2019,2,20,14,30,9.1,83,0,83,3.8000000000000003,,,,,,,,,,,,,,,,,,,,,,,,,,,,,,,,,,,,
4861,2019,2,20,14,45,9,96,0,96,3.6,,,,,,,,,,,,,,,,,,,,,,,,,,,,,,,,,,,,
4862,2019,2,20,15,0,8.9,41,0,41,3.4000000000000004,,,,,,,,,,,,,,,,,,,,,,,,,,,,,,,,,,,,
4863,2019,2,20,15,15,8.4,46,0,46,3,,,,,,,,,,,,,,,,,,,,,,,,,,,,,,,,,,,,
4864,2019,2,20,15,30,7.9,14,0,14,2.6,,,,,,,,,,,,,,,,,,,,,,,,,,,,,,,,,,,,
4865,2019,2,20,15,45,7.4,12,0,12,2.2,,,,,,,,,,,,,,,,,,,,,,,,,,,,,,,,,,,,
4866,2019,2,20,16,0,6.9,11,0,11,1.8,,,,,,,,,,,,,,,,,,,,,,,,,,,,,,,,,,,,
4867,2019,2,20,16,15,6.300000000000001,9,0,9,1.7000000000000002,,,,,,,,,,,,,,,,,,,,,,,,,,,,,,,,,,,,
4868,2019,2,20,16,30,5.800000000000001,14,0,14,1.6,,,,,,,,,,,,,,,,,,,,,,,,,,,,,,,,,,,,
4869,2019,2,20,16,45,5.2,10,0,10,1.6,,,,,,,,,,,,,,,,,,,,,,,,,,,,,,,,,,,,
4870,2019,2,20,17,0,4.6000000000000005,7,0,7,1.5,,,,,,,,,,,,,,,,,,,,,,,,,,,,,,,,,,,,
4871,2019,2,20,17,15,4.5,4,0,4,1.5,,,,,,,,,,,,,,,,,,,,,,,,,,,,,,,,,,,,
4872,2019,2,20,17,30,4.4,0,0,0,1.5,,,,,,,,,,,,,,,,,,,,,,,,,,,,,,,,,,,,
4873,2019,2,20,17,45,4.3,0,0,0,1.6,,,,,,,,,,,,,,,,,,,,,,,,,,,,,,,,,,,,
4874,2019,2,20,18,0,4.2,0,0,0,1.6,,,,,,,,,,,,,,,,,,,,,,,,,,,,,,,,,,,,
4875,2019,2,20,18,15,4.1000000000000005,0,0,0,1.6,,,,,,,,,,,,,,,,,,,,,,,,,,,,,,,,,,,,
4876,2019,2,20,18,30,4.1000000000000005,0,0,0,1.7000000000000002,,,,,,,,,,,,,,,,,,,,,,,,,,,,,,,,,,,,
4877,2019,2,20,18,45,4,0,0,0,1.7000000000000002,,,,,,,,,,,,,,,,,,,,,,,,,,,,,,,,,,,,
4878,2019,2,20,19,0,4,0,0,0,1.7000000000000002,,,,,,,,,,,,,,,,,,,,,,,,,,,,,,,,,,,,
4879,2019,2,20,19,15,3.9000000000000004,0,0,0,1.8,,,,,,,,,,,,,,,,,,,,,,,,,,,,,,,,,,,,
4880,2019,2,20,19,30,3.8000000000000003,0,0,0,1.8,,,,,,,,,,,,,,,,,,,,,,,,,,,,,,,,,,,,
4881,2019,2,20,19,45,3.8000000000000003,0,0,0,1.8,,,,,,,,,,,,,,,,,,,,,,,,,,,,,,,,,,,,
4882,2019,2,20,20,0,3.7,0,0,0,1.9000000000000001,,,,,,,,,,,,,,,,,,,,,,,,,,,,,,,,,,,,
4883,2019,2,20,20,15,3.6,0,0,0,1.9000000000000001,,,,,,,,,,,,,,,,,,,,,,,,,,,,,,,,,,,,
4884,2019,2,20,20,30,3.5,0,0,0,1.9000000000000001,,,,,,,,,,,,,,,,,,,,,,,,,,,,,,,,,,,,
4885,2019,2,20,20,45,3.5,0,0,0,1.9000000000000001,,,,,,,,,,,,,,,,,,,,,,,,,,,,,,,,,,,,
4886,2019,2,20,21,0,3.4000000000000004,0,0,0,1.9000000000000001,,,,,,,,,,,,,,,,,,,,,,,,,,,,,,,,,,,,
4887,2019,2,20,21,15,3.4000000000000004,0,0,0,2,,,,,,,,,,,,,,,,,,,,,,,,,,,,,,,,,,,,
4888,2019,2,20,21,30,3.3000000000000003,0,0,0,2,,,,,,,,,,,,,,,,,,,,,,,,,,,,,,,,,,,,
4889,2019,2,20,21,45,3.3000000000000003,0,0,0,2,,,,,,,,,,,,,,,,,,,,,,,,,,,,,,,,,,,,
4890,2019,2,20,22,0,3.3000000000000003,0,0,0,2.1,,,,,,,,,,,,,,,,,,,,,,,,,,,,,,,,,,,,
4891,2019,2,20,22,15,3.3000000000000003,0,0,0,2.1,,,,,,,,,,,,,,,,,,,,,,,,,,,,,,,,,,,,
4892,2019,2,20,22,30,3.3000000000000003,0,0,0,2.1,,,,,,,,,,,,,,,,,,,,,,,,,,,,,,,,,,,,
4893,2019,2,20,22,45,3.2,0,0,0,2.1,,,,,,,,,,,,,,,,,,,,,,,,,,,,,,,,,,,,
4894,2019,2,20,23,0,3.2,0,0,0,2.1,,,,,,,,,,,,,,,,,,,,,,,,,,,,,,,,,,,,
4895,2019,2,20,23,15,3.2,0,0,0,2.1,,,,,,,,,,,,,,,,,,,,,,,,,,,,,,,,,,,,
4896,2019,2,20,23,30,3.2,0,0,0,2.1,,,,,,,,,,,,,,,,,,,,,,,,,,,,,,,,,,,,
4897,2019,2,20,23,45,3.2,0,0,0,2.1,,,,,,,,,,,,,,,,,,,,,,,,,,,,,,,,,,,,
4898,2019,2,21,0,0,3.1,0,0,0,2.1,,,,,,,,,,,,,,,,,,,,,,,,,,,,,,,,,,,,
4899,2019,2,21,0,15,3.1,0,0,0,2.1,,,,,,,,,,,,,,,,,,,,,,,,,,,,,,,,,,,,
4900,2019,2,21,0,30,3.1,0,0,0,2.1,,,,,,,,,,,,,,,,,,,,,,,,,,,,,,,,,,,,
4901,2019,2,21,0,45,3.1,0,0,0,2.1,,,,,,,,,,,,,,,,,,,,,,,,,,,,,,,,,,,,
4902,2019,2,21,1,0,3,0,0,0,2.2,,,,,,,,,,,,,,,,,,,,,,,,,,,,,,,,,,,,
4903,2019,2,21,1,15,3,0,0,0,2.3000000000000003,,,,,,,,,,,,,,,,,,,,,,,,,,,,,,,,,,,,
4904,2019,2,21,1,30,3,0,0,0,2.3000000000000003,,,,,,,,,,,,,,,,,,,,,,,,,,,,,,,,,,,,
4905,2019,2,21,1,45,3,0,0,0,2.4000000000000004,,,,,,,,,,,,,,,,,,,,,,,,,,,,,,,,,,,,
4906,2019,2,21,2,0,3,0,0,0,2.4000000000000004,,,,,,,,,,,,,,,,,,,,,,,,,,,,,,,,,,,,
4907,2019,2,21,2,15,3.1,0,0,0,2.5,,,,,,,,,,,,,,,,,,,,,,,,,,,,,,,,,,,,
4908,2019,2,21,2,30,3.1,0,0,0,2.6,,,,,,,,,,,,,,,,,,,,,,,,,,,,,,,,,,,,
4909,2019,2,21,2,45,3.2,0,0,0,2.7,,,,,,,,,,,,,,,,,,,,,,,,,,,,,,,,,,,,
4910,2019,2,21,3,0,3.3000000000000003,0,0,0,2.8000000000000003,,,,,,,,,,,,,,,,,,,,,,,,,,,,,,,,,,,,
4911,2019,2,21,3,15,3.3000000000000003,0,0,0,2.8000000000000003,,,,,,,,,,,,,,,,,,,,,,,,,,,,,,,,,,,,
4912,2019,2,21,3,30,3.4000000000000004,0,0,0,2.9000000000000004,,,,,,,,,,,,,,,,,,,,,,,,,,,,,,,,,,,,
4913,2019,2,21,3,45,3.5,0,0,0,2.9000000000000004,,,,,,,,,,,,,,,,,,,,,,,,,,,,,,,,,,,,
4914,2019,2,21,4,0,3.6,0,0,0,3,,,,,,,,,,,,,,,,,,,,,,,,,,,,,,,,,,,,
4915,2019,2,21,4,15,3.6,0,0,0,2.9000000000000004,,,,,,,,,,,,,,,,,,,,,,,,,,,,,,,,,,,,
4916,2019,2,21,4,30,3.7,0,0,0,2.9000000000000004,,,,,,,,,,,,,,,,,,,,,,,,,,,,,,,,,,,,
4917,2019,2,21,4,45,3.7,0,0,0,2.9000000000000004,,,,,,,,,,,,,,,,,,,,,,,,,,,,,,,,,,,,
4918,2019,2,21,5,0,3.8000000000000003,0,0,0,2.9000000000000004,,,,,,,,,,,,,,,,,,,,,,,,,,,,,,,,,,,,
4919,2019,2,21,5,15,3.8000000000000003,0,0,0,2.9000000000000004,,,,,,,,,,,,,,,,,,,,,,,,,,,,,,,,,,,,
4920,2019,2,21,5,30,3.8000000000000003,0,0,0,2.8000000000000003,,,,,,,,,,,,,,,,,,,,,,,,,,,,,,,,,,,,
4921,2019,2,21,5,45,3.8000000000000003,0,0,0,2.8000000000000003,,,,,,,,,,,,,,,,,,,,,,,,,,,,,,,,,,,,
4922,2019,2,21,6,0,3.8000000000000003,0,0,0,2.8000000000000003,,,,,,,,,,,,,,,,,,,,,,,,,,,,,,,,,,,,
4923,2019,2,21,6,15,3.8000000000000003,0,0,0,2.8000000000000003,,,,,,,,,,,,,,,,,,,,,,,,,,,,,,,,,,,,
4924,2019,2,21,6,30,3.8000000000000003,0,0,0,2.8000000000000003,,,,,,,,,,,,,,,,,,,,,,,,,,,,,,,,,,,,
4925,2019,2,21,6,45,3.9000000000000004,0,0,0,2.8000000000000003,,,,,,,,,,,,,,,,,,,,,,,,,,,,,,,,,,,,
4926,2019,2,21,7,0,3.9000000000000004,0,0,0,2.8000000000000003,,,,,,,,,,,,,,,,,,,,,,,,,,,,,,,,,,,,
4927,2019,2,21,7,15,4.1000000000000005,0,0,0,2.9000000000000004,,,,,,,,,,,,,,,,,,,,,,,,,,,,,,,,,,,,
4928,2019,2,21,7,30,4.3,12,97,14,3,,,,,,,,,,,,,,,,,,,,,,,,,,,,,,,,,,,,
4929,2019,2,21,7,45,4.5,3,0,3,3.2,,,,,,,,,,,,,,,,,,,,,,,,,,,,,,,,,,,,
4930,2019,2,21,8,0,4.6000000000000005,5,0,5,3.3000000000000003,,,,,,,,,,,,,,,,,,,,,,,,,,,,,,,,,,,,
4931,2019,2,21,8,15,5,6,0,6,3.4000000000000004,,,,,,,,,,,,,,,,,,,,,,,,,,,,,,,,,,,,
4932,2019,2,21,8,30,5.300000000000001,8,0,8,3.5,,,,,,,,,,,,,,,,,,,,,,,,,,,,,,,,,,,,
4933,2019,2,21,8,45,5.6000000000000005,74,147,104,3.7,,,,,,,,,,,,,,,,,,,,,,,,,,,,,,,,,,,,
4934,2019,2,21,9,0,5.9,13,0,13,3.8000000000000003,,,,,,,,,,,,,,,,,,,,,,,,,,,,,,,,,,,,
4935,2019,2,21,9,15,6.4,15,0,15,3.9000000000000004,,,,,,,,,,,,,,,,,,,,,,,,,,,,,,,,,,,,
4936,2019,2,21,9,30,6.9,17,0,17,4.1000000000000005,,,,,,,,,,,,,,,,,,,,,,,,,,,,,,,,,,,,
4937,2019,2,21,9,45,7.4,20,0,20,4.3,,,,,,,,,,,,,,,,,,,,,,,,,,,,,,,,,,,,
4938,2019,2,21,10,0,7.9,22,0,22,4.4,,,,,,,,,,,,,,,,,,,,,,,,,,,,,,,,,,,,
4939,2019,2,21,10,15,8.4,25,0,25,4.6000000000000005,,,,,,,,,,,,,,,,,,,,,,,,,,,,,,,,,,,,
4940,2019,2,21,10,30,8.8,40,0,40,4.7,,,,,,,,,,,,,,,,,,,,,,,,,,,,,,,,,,,,
4941,2019,2,21,10,45,9.200000000000001,43,0,43,4.800000000000001,,,,,,,,,,,,,,,,,,,,,,,,,,,,,,,,,,,,
4942,2019,2,21,11,0,9.600000000000001,167,292,290,5,,,,,,,,,,,,,,,,,,,,,,,,,,,,,,,,,,,,
4943,2019,2,21,11,15,9.8,64,0,64,5.1000000000000005,,,,,,,,,,,,,,,,,,,,,,,,,,,,,,,,,,,,
4944,2019,2,21,11,30,9.9,66,0,66,5.1000000000000005,,,,,,,,,,,,,,,,,,,,,,,,,,,,,,,,,,,,
4945,2019,2,21,11,45,10.100000000000001,68,0,68,5.2,,,,,,,,,,,,,,,,,,,,,,,,,,,,,,,,,,,,
4946,2019,2,21,12,0,10.3,161,9,165,5.300000000000001,,,,,,,,,,,,,,,,,,,,,,,,,,,,,,,,,,,,
4947,2019,2,21,12,15,10.3,187,312,331,5.300000000000001,,,,,,,,,,,,,,,,,,,,,,,,,,,,,,,,,,,,
4948,2019,2,21,12,30,10.3,189,45,210,5.300000000000001,,,,,,,,,,,,,,,,,,,,,,,,,,,,,,,,,,,,
4949,2019,2,21,12,45,10.3,196,69,227,5.300000000000001,,,,,,,,,,,,,,,,,,,,,,,,,,,,,,,,,,,,
4950,2019,2,21,13,0,10.3,198,204,291,5.300000000000001,,,,,,,,,,,,,,,,,,,,,,,,,,,,,,,,,,,,
4951,2019,2,21,13,15,10.200000000000001,196,170,273,5.2,,,,,,,,,,,,,,,,,,,,,,,,,,,,,,,,,,,,
4952,2019,2,21,13,30,10.100000000000001,179,45,199,5.2,,,,,,,,,,,,,,,,,,,,,,,,,,,,,,,,,,,,
4953,2019,2,21,13,45,10,173,287,297,5.1000000000000005,,,,,,,,,,,,,,,,,,,,,,,,,,,,,,,,,,,,
4954,2019,2,21,14,0,10,162,32,176,5.1000000000000005,,,,,,,,,,,,,,,,,,,,,,,,,,,,,,,,,,,,
4955,2019,2,21,14,15,9.8,29,0,29,4.9,,,,,,,,,,,,,,,,,,,,,,,,,,,,,,,,,,,,
4956,2019,2,21,14,30,9.700000000000001,111,0,111,4.800000000000001,,,,,,,,,,,,,,,,,,,,,,,,,,,,,,,,,,,,
4957,2019,2,21,14,45,9.600000000000001,24,0,24,4.6000000000000005,,,,,,,,,,,,,,,,,,,,,,,,,,,,,,,,,,,,
4958,2019,2,21,15,0,9.5,22,0,22,4.5,,,,,,,,,,,,,,,,,,,,,,,,,,,,,,,,,,,,
4959,2019,2,21,15,15,9.200000000000001,20,0,20,4.3,,,,,,,,,,,,,,,,,,,,,,,,,,,,,,,,,,,,
4960,2019,2,21,15,30,9,17,0,17,4.1000000000000005,,,,,,,,,,,,,,,,,,,,,,,,,,,,,,,,,,,,
4961,2019,2,21,15,45,8.700000000000001,15,0,15,3.9000000000000004,,,,,,,,,,,,,,,,,,,,,,,,,,,,,,,,,,,,
4962,2019,2,21,16,0,8.5,12,0,12,3.7,,,,,,,,,,,,,,,,,,,,,,,,,,,,,,,,,,,,
4963,2019,2,21,16,15,8.3,10,0,10,3.7,,,,,,,,,,,,,,,,,,,,,,,,,,,,,,,,,,,,
4964,2019,2,21,16,30,8.200000000000001,48,423,114,3.7,,,,,,,,,,,,,,,,,,,,,,,,,,,,,,,,,,,,
4965,2019,2,21,16,45,8,40,340,82,3.7,,,,,,,,,,,,,,,,,,,,,,,,,,,,,,,,,,,,
4966,2019,2,21,17,0,7.9,4,0,4,3.7,,,,,,,,,,,,,,,,,,,,,,,,,,,,,,,,,,,,
4967,2019,2,21,17,15,7.9,3,0,3,3.8000000000000003,,,,,,,,,,,,,,,,,,,,,,,,,,,,,,,,,,,,
4968,2019,2,21,17,30,7.9,0,0,0,3.9000000000000004,,,,,,,,,,,,,,,,,,,,,,,,,,,,,,,,,,,,
4969,2019,2,21,17,45,7.9,0,0,0,4,,,,,,,,,,,,,,,,,,,,,,,,,,,,,,,,,,,,
4970,2019,2,21,18,0,7.9,0,0,0,4.1000000000000005,,,,,,,,,,,,,,,,,,,,,,,,,,,,,,,,,,,,
4971,2019,2,21,18,15,7.9,0,0,0,4.2,,,,,,,,,,,,,,,,,,,,,,,,,,,,,,,,,,,,
4972,2019,2,21,18,30,7.800000000000001,0,0,0,4.3,,,,,,,,,,,,,,,,,,,,,,,,,,,,,,,,,,,,
4973,2019,2,21,18,45,7.800000000000001,0,0,0,4.4,,,,,,,,,,,,,,,,,,,,,,,,,,,,,,,,,,,,
4974,2019,2,21,19,0,7.800000000000001,0,0,0,4.4,,,,,,,,,,,,,,,,,,,,,,,,,,,,,,,,,,,,
4975,2019,2,21,19,15,7.800000000000001,0,0,0,4.5,,,,,,,,,,,,,,,,,,,,,,,,,,,,,,,,,,,,
4976,2019,2,21,19,30,7.7,0,0,0,4.5,,,,,,,,,,,,,,,,,,,,,,,,,,,,,,,,,,,,
4977,2019,2,21,19,45,7.7,0,0,0,4.5,,,,,,,,,,,,,,,,,,,,,,,,,,,,,,,,,,,,
4978,2019,2,21,20,0,7.7,0,0,0,4.6000000000000005,,,,,,,,,,,,,,,,,,,,,,,,,,,,,,,,,,,,
4979,2019,2,21,20,15,7.6000000000000005,0,0,0,4.6000000000000005,,,,,,,,,,,,,,,,,,,,,,,,,,,,,,,,,,,,
4980,2019,2,21,20,30,7.6000000000000005,0,0,0,4.6000000000000005,,,,,,,,,,,,,,,,,,,,,,,,,,,,,,,,,,,,
4981,2019,2,21,20,45,7.6000000000000005,0,0,0,4.6000000000000005,,,,,,,,,,,,,,,,,,,,,,,,,,,,,,,,,,,,
4982,2019,2,21,21,0,7.6000000000000005,0,0,0,4.6000000000000005,,,,,,,,,,,,,,,,,,,,,,,,,,,,,,,,,,,,
4983,2019,2,21,21,15,7.6000000000000005,0,0,0,4.6000000000000005,,,,,,,,,,,,,,,,,,,,,,,,,,,,,,,,,,,,
4984,2019,2,21,21,30,7.5,0,0,0,4.6000000000000005,,,,,,,,,,,,,,,,,,,,,,,,,,,,,,,,,,,,
4985,2019,2,21,21,45,7.5,0,0,0,4.6000000000000005,,,,,,,,,,,,,,,,,,,,,,,,,,,,,,,,,,,,
4986,2019,2,21,22,0,7.5,0,0,0,4.6000000000000005,,,,,,,,,,,,,,,,,,,,,,,,,,,,,,,,,,,,
4987,2019,2,21,22,15,7.5,0,0,0,4.6000000000000005,,,,,,,,,,,,,,,,,,,,,,,,,,,,,,,,,,,,
4988,2019,2,21,22,30,7.5,0,0,0,4.6000000000000005,,,,,,,,,,,,,,,,,,,,,,,,,,,,,,,,,,,,
4989,2019,2,21,22,45,7.5,0,0,0,4.6000000000000005,,,,,,,,,,,,,,,,,,,,,,,,,,,,,,,,,,,,
4990,2019,2,21,23,0,7.5,0,0,0,4.6000000000000005,,,,,,,,,,,,,,,,,,,,,,,,,,,,,,,,,,,,
4991,2019,2,21,23,15,7.5,0,0,0,4.6000000000000005,,,,,,,,,,,,,,,,,,,,,,,,,,,,,,,,,,,,
4992,2019,2,21,23,30,7.5,0,0,0,4.6000000000000005,,,,,,,,,,,,,,,,,,,,,,,,,,,,,,,,,,,,
4993,2019,2,21,23,45,7.5,0,0,0,4.6000000000000005,,,,,,,,,,,,,,,,,,,,,,,,,,,,,,,,,,,,
4994,2019,2,22,0,0,7.5,0,0,0,4.5,,,,,,,,,,,,,,,,,,,,,,,,,,,,,,,,,,,,
4995,2019,2,22,0,15,7.5,0,0,0,4.5,,,,,,,,,,,,,,,,,,,,,,,,,,,,,,,,,,,,
4996,2019,2,22,0,30,7.5,0,0,0,4.5,,,,,,,,,,,,,,,,,,,,,,,,,,,,,,,,,,,,
4997,2019,2,22,0,45,7.5,0,0,0,4.5,,,,,,,,,,,,,,,,,,,,,,,,,,,,,,,,,,,,
4998,2019,2,22,1,0,7.300000000000001,0,0,0,4.4,,,,,,,,,,,,,,,,,,,,,,,,,,,,,,,,,,,,
4999,2019,2,22,1,15,7.2,0,0,0,4.4,,,,,,,,,,,,,,,,,,,,,,,,,,,,,,,,,,,,
5000,2019,2,22,1,30,7.1000000000000005,0,0,0,4.4,,,,,,,,,,,,,,,,,,,,,,,,,,,,,,,,,,,,
5001,2019,2,22,1,45,7.1000000000000005,0,0,0,4.4,,,,,,,,,,,,,,,,,,,,,,,,,,,,,,,,,,,,
5002,2019,2,22,2,0,7,0,0,0,4.4,,,,,,,,,,,,,,,,,,,,,,,,,,,,,,,,,,,,
5003,2019,2,22,2,15,6.9,0,0,0,4.3,,,,,,,,,,,,,,,,,,,,,,,,,,,,,,,,,,,,
5004,2019,2,22,2,30,6.9,0,0,0,4.3,,,,,,,,,,,,,,,,,,,,,,,,,,,,,,,,,,,,
5005,2019,2,22,2,45,6.800000000000001,0,0,0,4.3,,,,,,,,,,,,,,,,,,,,,,,,,,,,,,,,,,,,
5006,2019,2,22,3,0,6.800000000000001,0,0,0,4.3,,,,,,,,,,,,,,,,,,,,,,,,,,,,,,,,,,,,
5007,2019,2,22,3,15,6.7,0,0,0,4.3,,,,,,,,,,,,,,,,,,,,,,,,,,,,,,,,,,,,
5008,2019,2,22,3,30,6.7,0,0,0,4.2,,,,,,,,,,,,,,,,,,,,,,,,,,,,,,,,,,,,
5009,2019,2,22,3,45,6.7,0,0,0,4.2,,,,,,,,,,,,,,,,,,,,,,,,,,,,,,,,,,,,
5010,2019,2,22,4,0,6.6000000000000005,0,0,0,4.2,,,,,,,,,,,,,,,,,,,,,,,,,,,,,,,,,,,,
5011,2019,2,22,4,15,6.6000000000000005,0,0,0,4.1000000000000005,,,,,,,,,,,,,,,,,,,,,,,,,,,,,,,,,,,,
5012,2019,2,22,4,30,6.5,0,0,0,4.1000000000000005,,,,,,,,,,,,,,,,,,,,,,,,,,,,,,,,,,,,
5013,2019,2,22,4,45,6.5,0,0,0,4,,,,,,,,,,,,,,,,,,,,,,,,,,,,,,,,,,,,
5014,2019,2,22,5,0,6.4,0,0,0,4,,,,,,,,,,,,,,,,,,,,,,,,,,,,,,,,,,,,
5015,2019,2,22,5,15,6.4,0,0,0,3.9000000000000004,,,,,,,,,,,,,,,,,,,,,,,,,,,,,,,,,,,,
5016,2019,2,22,5,30,6.300000000000001,0,0,0,3.9000000000000004,,,,,,,,,,,,,,,,,,,,,,,,,,,,,,,,,,,,
5017,2019,2,22,5,45,6.2,0,0,0,3.8000000000000003,,,,,,,,,,,,,,,,,,,,,,,,,,,,,,,,,,,,
5018,2019,2,22,6,0,6.1000000000000005,0,0,0,3.8000000000000003,,,,,,,,,,,,,,,,,,,,,,,,,,,,,,,,,,,,
5019,2019,2,22,6,15,6,0,0,0,3.8000000000000003,,,,,,,,,,,,,,,,,,,,,,,,,,,,,,,,,,,,
5020,2019,2,22,6,30,5.9,0,0,0,3.8000000000000003,,,,,,,,,,,,,,,,,,,,,,,,,,,,,,,,,,,,
5021,2019,2,22,6,45,5.800000000000001,0,0,0,3.8000000000000003,,,,,,,,,,,,,,,,,,,,,,,,,,,,,,,,,,,,
5022,2019,2,22,7,0,5.7,0,0,0,3.8000000000000003,,,,,,,,,,,,,,,,,,,,,,,,,,,,,,,,,,,,
5023,2019,2,22,7,15,5.6000000000000005,0,0,0,3.9000000000000004,,,,,,,,,,,,,,,,,,,,,,,,,,,,,,,,,,,,
5024,2019,2,22,7,30,5.5,14,55,16,4.1000000000000005,,,,,,,,,,,,,,,,,,,,,,,,,,,,,,,,,,,,
5025,2019,2,22,7,45,5.4,27,160,38,4.2,,,,,,,,,,,,,,,,,,,,,,,,,,,,,,,,,,,,
5026,2019,2,22,8,0,5.300000000000001,39,253,65,4.3,,,,,,,,,,,,,,,,,,,,,,,,,,,,,,,,,,,,
5027,2019,2,22,8,15,5.2,50,336,96,4.4,,,,,,,,,,,,,,,,,,,,,,,,,,,,,,,,,,,,
5028,2019,2,22,8,30,5.1000000000000005,59,405,128,4.5,,,,,,,,,,,,,,,,,,,,,,,,,,,,,,,,,,,,
5029,2019,2,22,8,45,5.1000000000000005,61,506,165,4.6000000000000005,,,,,,,,,,,,,,,,,,,,,,,,,,,,,,,,,,,,
5030,2019,2,22,9,0,5,67,554,198,4.7,,,,,,,,,,,,,,,,,,,,,,,,,,,,,,,,,,,,
5031,2019,2,22,9,15,5.1000000000000005,16,0,16,4.7,,,,,,,,,,,,,,,,,,,,,,,,,,,,,,,,,,,,
5032,2019,2,22,9,30,5.1000000000000005,19,0,19,4.7,,,,,,,,,,,,,,,,,,,,,,,,,,,,,,,,,,,,
5033,2019,2,22,9,45,5.2,21,0,21,4.7,,,,,,,,,,,,,,,,,,,,,,,,,,,,,,,,,,,,
5034,2019,2,22,10,0,5.300000000000001,24,0,24,4.7,,,,,,,,,,,,,,,,,,,,,,,,,,,,,,,,,,,,
5035,2019,2,22,10,15,5.5,26,0,26,4.7,,,,,,,,,,,,,,,,,,,,,,,,,,,,,,,,,,,,
5036,2019,2,22,10,30,5.6000000000000005,28,0,28,4.6000000000000005,,,,,,,,,,,,,,,,,,,,,,,,,,,,,,,,,,,,
5037,2019,2,22,10,45,5.800000000000001,30,0,30,4.6000000000000005,,,,,,,,,,,,,,,,,,,,,,,,,,,,,,,,,,,,
5038,2019,2,22,11,0,5.9,32,0,32,4.5,,,,,,,,,,,,,,,,,,,,,,,,,,,,,,,,,,,,
5039,2019,2,22,11,15,6.1000000000000005,33,0,33,4.4,,,,,,,,,,,,,,,,,,,,,,,,,,,,,,,,,,,,
5040,2019,2,22,11,30,6.2,35,0,35,4.3,,,,,,,,,,,,,,,,,,,,,,,,,,,,,,,,,,,,
5041,2019,2,22,11,45,6.4,36,0,36,4.3,,,,,,,,,,,,,,,,,,,,,,,,,,,,,,,,,,,,
5042,2019,2,22,12,0,6.5,37,0,37,4.2,,,,,,,,,,,,,,,,,,,,,,,,,,,,,,,,,,,,
5043,2019,2,22,12,15,6.6000000000000005,37,0,37,4.1000000000000005,,,,,,,,,,,,,,,,,,,,,,,,,,,,,,,,,,,,
5044,2019,2,22,12,30,6.7,37,0,37,4.1000000000000005,,,,,,,,,,,,,,,,,,,,,,,,,,,,,,,,,,,,
5045,2019,2,22,12,45,6.7,37,0,37,4,,,,,,,,,,,,,,,,,,,,,,,,,,,,,,,,,,,,
5046,2019,2,22,13,0,6.800000000000001,37,0,37,3.9000000000000004,,,,,,,,,,,,,,,,,,,,,,,,,,,,,,,,,,,,
5047,2019,2,22,13,15,6.7,36,0,36,3.9000000000000004,,,,,,,,,,,,,,,,,,,,,,,,,,,,,,,,,,,,
5048,2019,2,22,13,30,6.7,35,0,35,3.8000000000000003,,,,,,,,,,,,,,,,,,,,,,,,,,,,,,,,,,,,
5049,2019,2,22,13,45,6.6000000000000005,33,0,33,3.8000000000000003,,,,,,,,,,,,,,,,,,,,,,,,,,,,,,,,,,,,
5050,2019,2,22,14,0,6.6000000000000005,32,0,32,3.7,,,,,,,,,,,,,,,,,,,,,,,,,,,,,,,,,,,,
5051,2019,2,22,14,15,6.4,30,0,30,3.7,,,,,,,,,,,,,,,,,,,,,,,,,,,,,,,,,,,,
5052,2019,2,22,14,30,6.2,28,0,28,3.6,,,,,,,,,,,,,,,,,,,,,,,,,,,,,,,,,,,,
5053,2019,2,22,14,45,6,25,0,25,3.6,,,,,,,,,,,,,,,,,,,,,,,,,,,,,,,,,,,,
5054,2019,2,22,15,0,5.800000000000001,23,0,23,3.5,,,,,,,,,,,,,,,,,,,,,,,,,,,,,,,,,,,,
5055,2019,2,22,15,15,5.4,21,0,21,3.3000000000000003,,,,,,,,,,,,,,,,,,,,,,,,,,,,,,,,,,,,
5056,2019,2,22,15,30,5,18,0,18,3,,,,,,,,,,,,,,,,,,,,,,,,,,,,,,,,,,,,
5057,2019,2,22,15,45,4.6000000000000005,16,0,16,2.8000000000000003,,,,,,,,,,,,,,,,,,,,,,,,,,,,,,,,,,,,
5058,2019,2,22,16,0,4.2,13,0,13,2.6,,,,,,,,,,,,,,,,,,,,,,,,,,,,,,,,,,,,
5059,2019,2,22,16,15,3.4000000000000004,11,0,11,2.4000000000000004,,,,,,,,,,,,,,,,,,,,,,,,,,,,,,,,,,,,
5060,2019,2,22,16,30,2.6,43,548,132,2.1,,,,,,,,,,,,,,,,,,,,,,,,,,,,,,,,,,,,
5061,2019,2,22,16,45,1.8,37,491,99,1.9000000000000001,,,,,,,,,,,,,,,,,,,,,,,,,,,,,,,,,,,,
5062,2019,2,22,17,0,1,29,401,66,1.6,,,,,,,,,,,,,,,,,,,,,,,,,,,,,,,,,,,,
5063,2019,2,22,17,15,0.6000000000000001,21,286,37,1.7000000000000002,,,,,,,,,,,,,,,,,,,,,,,,,,,,,,,,,,,,
5064,2019,2,22,17,30,0.30000000000000004,11,143,14,1.8,,,,,,,,,,,,,,,,,,,,,,,,,,,,,,,,,,,,
5065,2019,2,22,17,45,0,0,0,0,1.8,,,,,,,,,,,,,,,,,,,,,,,,,,,,,,,,,,,,
5066,2019,2,22,18,0,-0.30000000000000004,0,0,0,1.9000000000000001,,,,,,,,,,,,,,,,,,,,,,,,,,,,,,,,,,,,
5067,2019,2,22,18,15,-0.5,0,0,0,1.9000000000000001,,,,,,,,,,,,,,,,,,,,,,,,,,,,,,,,,,,,
5068,2019,2,22,18,30,-0.8,0,0,0,1.9000000000000001,,,,,,,,,,,,,,,,,,,,,,,,,,,,,,,,,,,,
5069,2019,2,22,18,45,-1,0,0,0,2,,,,,,,,,,,,,,,,,,,,,,,,,,,,,,,,,,,,
5070,2019,2,22,19,0,-1.2000000000000002,0,0,0,2,,,,,,,,,,,,,,,,,,,,,,,,,,,,,,,,,,,,
5071,2019,2,22,19,15,-1.5,0,0,0,2,,,,,,,,,,,,,,,,,,,,,,,,,,,,,,,,,,,,
5072,2019,2,22,19,30,-1.7000000000000002,0,0,0,2,,,,,,,,,,,,,,,,,,,,,,,,,,,,,,,,,,,,
5073,2019,2,22,19,45,-2,0,0,0,2,,,,,,,,,,,,,,,,,,,,,,,,,,,,,,,,,,,,
5074,2019,2,22,20,0,-2.2,0,0,0,2,,,,,,,,,,,,,,,,,,,,,,,,,,,,,,,,,,,,
5075,2019,2,22,20,15,-2.4000000000000004,0,0,0,2,,,,,,,,,,,,,,,,,,,,,,,,,,,,,,,,,,,,
5076,2019,2,22,20,30,-2.6,0,0,0,1.9000000000000001,,,,,,,,,,,,,,,,,,,,,,,,,,,,,,,,,,,,
5077,2019,2,22,20,45,-2.9000000000000004,0,0,0,1.9000000000000001,,,,,,,,,,,,,,,,,,,,,,,,,,,,,,,,,,,,
5078,2019,2,22,21,0,-3.1,0,0,0,1.9000000000000001,,,,,,,,,,,,,,,,,,,,,,,,,,,,,,,,,,,,
5079,2019,2,22,21,15,-3.2,0,0,0,1.9000000000000001,,,,,,,,,,,,,,,,,,,,,,,,,,,,,,,,,,,,
5080,2019,2,22,21,30,-3.4000000000000004,0,0,0,1.9000000000000001,,,,,,,,,,,,,,,,,,,,,,,,,,,,,,,,,,,,
5081,2019,2,22,21,45,-3.5,0,0,0,1.9000000000000001,,,,,,,,,,,,,,,,,,,,,,,,,,,,,,,,,,,,
5082,2019,2,22,22,0,-3.7,0,0,0,1.8,,,,,,,,,,,,,,,,,,,,,,,,,,,,,,,,,,,,
5083,2019,2,22,22,15,-3.8000000000000003,0,0,0,1.8,,,,,,,,,,,,,,,,,,,,,,,,,,,,,,,,,,,,
5084,2019,2,22,22,30,-3.9000000000000004,0,0,0,1.8,,,,,,,,,,,,,,,,,,,,,,,,,,,,,,,,,,,,
5085,2019,2,22,22,45,-4,0,0,0,1.8,,,,,,,,,,,,,,,,,,,,,,,,,,,,,,,,,,,,
5086,2019,2,22,23,0,-4,0,0,0,1.7000000000000002,,,,,,,,,,,,,,,,,,,,,,,,,,,,,,,,,,,,
5087,2019,2,22,23,15,-4.1000000000000005,0,0,0,1.7000000000000002,,,,,,,,,,,,,,,,,,,,,,,,,,,,,,,,,,,,
5088,2019,2,22,23,30,-4.2,0,0,0,1.7000000000000002,,,,,,,,,,,,,,,,,,,,,,,,,,,,,,,,,,,,
5089,2019,2,22,23,45,-4.3,0,0,0,1.7000000000000002,,,,,,,,,,,,,,,,,,,,,,,,,,,,,,,,,,,,
5090,2019,2,23,0,0,-4.4,0,0,0,1.7000000000000002,,,,,,,,,,,,,,,,,,,,,,,,,,,,,,,,,,,,
5091,2019,2,23,0,15,-4.4,0,0,0,1.7000000000000002,,,,,,,,,,,,,,,,,,,,,,,,,,,,,,,,,,,,
5092,2019,2,23,0,30,-4.4,0,0,0,1.7000000000000002,,,,,,,,,,,,,,,,,,,,,,,,,,,,,,,,,,,,
5093,2019,2,23,0,45,-4.4,0,0,0,1.7000000000000002,,,,,,,,,,,,,,,,,,,,,,,,,,,,,,,,,,,,
5094,2019,2,23,1,0,-4.4,0,0,0,1.8,,,,,,,,,,,,,,,,,,,,,,,,,,,,,,,,,,,,
5095,2019,2,23,1,15,-4.4,0,0,0,1.8,,,,,,,,,,,,,,,,,,,,,,,,,,,,,,,,,,,,
5096,2019,2,23,1,30,-4.4,0,0,0,1.9000000000000001,,,,,,,,,,,,,,,,,,,,,,,,,,,,,,,,,,,,
5097,2019,2,23,1,45,-4.4,0,0,0,1.9000000000000001,,,,,,,,,,,,,,,,,,,,,,,,,,,,,,,,,,,,
5098,2019,2,23,2,0,-4.4,0,0,0,1.9000000000000001,,,,,,,,,,,,,,,,,,,,,,,,,,,,,,,,,,,,
5099,2019,2,23,2,15,-4.4,0,0,0,1.9000000000000001,,,,,,,,,,,,,,,,,,,,,,,,,,,,,,,,,,,,
5100,2019,2,23,2,30,-4.4,0,0,0,1.9000000000000001,,,,,,,,,,,,,,,,,,,,,,,,,,,,,,,,,,,,
5101,2019,2,23,2,45,-4.4,0,0,0,1.9000000000000001,,,,,,,,,,,,,,,,,,,,,,,,,,,,,,,,,,,,
5102,2019,2,23,3,0,-4.4,0,0,0,1.9000000000000001,,,,,,,,,,,,,,,,,,,,,,,,,,,,,,,,,,,,
5103,2019,2,23,3,15,-4.4,0,0,0,1.8,,,,,,,,,,,,,,,,,,,,,,,,,,,,,,,,,,,,
5104,2019,2,23,3,30,-4.4,0,0,0,1.7000000000000002,,,,,,,,,,,,,,,,,,,,,,,,,,,,,,,,,,,,
5105,2019,2,23,3,45,-4.5,0,0,0,1.6,,,,,,,,,,,,,,,,,,,,,,,,,,,,,,,,,,,,
5106,2019,2,23,4,0,-4.5,0,0,0,1.5,,,,,,,,,,,,,,,,,,,,,,,,,,,,,,,,,,,,
5107,2019,2,23,4,15,-4.5,0,0,0,1.5,,,,,,,,,,,,,,,,,,,,,,,,,,,,,,,,,,,,
5108,2019,2,23,4,30,-4.6000000000000005,0,0,0,1.4000000000000001,,,,,,,,,,,,,,,,,,,,,,,,,,,,,,,,,,,,
5109,2019,2,23,4,45,-4.6000000000000005,0,0,0,1.4000000000000001,,,,,,,,,,,,,,,,,,,,,,,,,,,,,,,,,,,,
5110,2019,2,23,5,0,-4.6000000000000005,0,0,0,1.4000000000000001,,,,,,,,,,,,,,,,,,,,,,,,,,,,,,,,,,,,
5111,2019,2,23,5,15,-4.6000000000000005,0,0,0,1.5,,,,,,,,,,,,,,,,,,,,,,,,,,,,,,,,,,,,
5112,2019,2,23,5,30,-4.6000000000000005,0,0,0,1.5,,,,,,,,,,,,,,,,,,,,,,,,,,,,,,,,,,,,
5113,2019,2,23,5,45,-4.6000000000000005,0,0,0,1.6,,,,,,,,,,,,,,,,,,,,,,,,,,,,,,,,,,,,
5114,2019,2,23,6,0,-4.5,0,0,0,1.7000000000000002,,,,,,,,,,,,,,,,,,,,,,,,,,,,,,,,,,,,
5115,2019,2,23,6,15,-4.4,0,0,0,1.8,,,,,,,,,,,,,,,,,,,,,,,,,,,,,,,,,,,,
5116,2019,2,23,6,30,-4.2,0,0,0,1.9000000000000001,,,,,,,,,,,,,,,,,,,,,,,,,,,,,,,,,,,,
5117,2019,2,23,6,45,-4,0,0,0,2.1,,,,,,,,,,,,,,,,,,,,,,,,,,,,,,,,,,,,
5118,2019,2,23,7,0,-3.8000000000000003,0,0,0,2.2,,,,,,,,,,,,,,,,,,,,,,,,,,,,,,,,,,,,
5119,2019,2,23,7,15,-3.4000000000000004,0,0,0,2.3000000000000003,,,,,,,,,,,,,,,,,,,,,,,,,,,,,,,,,,,,
5120,2019,2,23,7,30,-3,3,0,3,2.4000000000000004,,,,,,,,,,,,,,,,,,,,,,,,,,,,,,,,,,,,
5121,2019,2,23,7,45,-2.5,5,0,5,2.5,,,,,,,,,,,,,,,,,,,,,,,,,,,,,,,,,,,,
5122,2019,2,23,8,0,-2.1,7,0,7,2.6,,,,,,,,,,,,,,,,,,,,,,,,,,,,,,,,,,,,
5123,2019,2,23,8,15,-1.4000000000000001,10,0,10,2.5,,,,,,,,,,,,,,,,,,,,,,,,,,,,,,,,,,,,
5124,2019,2,23,8,30,-0.8,13,0,13,2.4000000000000004,,,,,,,,,,,,,,,,,,,,,,,,,,,,,,,,,,,,
5125,2019,2,23,8,45,-0.2,17,0,17,2.4000000000000004,,,,,,,,,,,,,,,,,,,,,,,,,,,,,,,,,,,,
5126,2019,2,23,9,0,0.4,20,0,20,2.3000000000000003,,,,,,,,,,,,,,,,,,,,,,,,,,,,,,,,,,,,
5127,2019,2,23,9,15,1,24,0,24,2.3000000000000003,,,,,,,,,,,,,,,,,,,,,,,,,,,,,,,,,,,,
5128,2019,2,23,9,30,1.5,54,0,54,2.3000000000000003,,,,,,,,,,,,,,,,,,,,,,,,,,,,,,,,,,,,
5129,2019,2,23,9,45,2,125,31,135,2.4000000000000004,,,,,,,,,,,,,,,,,,,,,,,,,,,,,,,,,,,,
5130,2019,2,23,10,0,2.6,127,10,130,2.4000000000000004,,,,,,,,,,,,,,,,,,,,,,,,,,,,,,,,,,,,
5131,2019,2,23,10,15,2.9000000000000004,156,167,219,2.5,,,,,,,,,,,,,,,,,,,,,,,,,,,,,,,,,,,,
5132,2019,2,23,10,30,3.3000000000000003,167,99,206,2.6,,,,,,,,,,,,,,,,,,,,,,,,,,,,,,,,,,,,
5133,2019,2,23,10,45,3.6,165,280,282,2.6,,,,,,,,,,,,,,,,,,,,,,,,,,,,,,,,,,,,
5134,2019,2,23,11,0,4,174,278,294,2.7,,,,,,,,,,,,,,,,,,,,,,,,,,,,,,,,,,,,
5135,2019,2,23,11,15,4.2,170,347,325,2.8000000000000003,,,,,,,,,,,,,,,,,,,,,,,,,,,,,,,,,,,,
5136,2019,2,23,11,30,4.5,193,230,298,2.9000000000000004,,,,,,,,,,,,,,,,,,,,,,,,,,,,,,,,,,,,
5137,2019,2,23,11,45,4.7,194,263,316,2.9000000000000004,,,,,,,,,,,,,,,,,,,,,,,,,,,,,,,,,,,,
5138,2019,2,23,12,0,5,180,363,351,3,,,,,,,,,,,,,,,,,,,,,,,,,,,,,,,,,,,,
5139,2019,2,23,12,15,5.1000000000000005,186,340,348,3,,,,,,,,,,,,,,,,,,,,,,,,,,,,,,,,,,,,
5140,2019,2,23,12,30,5.300000000000001,193,306,338,3,,,,,,,,,,,,,,,,,,,,,,,,,,,,,,,,,,,,
5141,2019,2,23,12,45,5.4,181,368,355,3,,,,,,,,,,,,,,,,,,,,,,,,,,,,,,,,,,,,
5142,2019,2,23,13,0,5.6000000000000005,169,418,365,3,,,,,,,,,,,,,,,,,,,,,,,,,,,,,,,,,,,,
5143,2019,2,23,13,15,5.6000000000000005,162,433,363,3,,,,,,,,,,,,,,,,,,,,,,,,,,,,,,,,,,,,
5144,2019,2,23,13,30,5.6000000000000005,170,371,338,2.9000000000000004,,,,,,,,,,,,,,,,,,,,,,,,,,,,,,,,,,,,
5145,2019,2,23,13,45,5.6000000000000005,182,258,296,2.8000000000000003,,,,,,,,,,,,,,,,,,,,,,,,,,,,,,,,,,,,
5146,2019,2,23,14,0,5.6000000000000005,177,236,278,2.8000000000000003,,,,,,,,,,,,,,,,,,,,,,,,,,,,,,,,,,,,
5147,2019,2,23,14,15,5.5,164,274,276,2.6,,,,,,,,,,,,,,,,,,,,,,,,,,,,,,,,,,,,
5148,2019,2,23,14,30,5.300000000000001,132,419,296,2.4000000000000004,,,,,,,,,,,,,,,,,,,,,,,,,,,,,,,,,,,,
5149,2019,2,23,14,45,5.2,131,364,266,2.2,,,,,,,,,,,,,,,,,,,,,,,,,,,,,,,,,,,,
5150,2019,2,23,15,0,5,139,201,209,2.1,,,,,,,,,,,,,,,,,,,,,,,,,,,,,,,,,,,,
5151,2019,2,23,15,15,4.5,125,44,139,1.8,,,,,,,,,,,,,,,,,,,,,,,,,,,,,,,,,,,,
5152,2019,2,23,15,30,4,114,203,173,1.5,,,,,,,,,,,,,,,,,,,,,,,,,,,,,,,,,,,,
5153,2019,2,23,15,45,3.5,101,184,150,1.3,,,,,,,,,,,,,,,,,,,,,,,,,,,,,,,,,,,,
5154,2019,2,23,16,0,3,88,163,126,1,,,,,,,,,,,,,,,,,,,,,,,,,,,,,,,,,,,,
5155,2019,2,23,16,15,2.4000000000000004,75,142,103,1.1,,,,,,,,,,,,,,,,,,,,,,,,,,,,,,,,,,,,
5156,2019,2,23,16,30,1.7000000000000002,61,120,81,1.1,,,,,,,,,,,,,,,,,,,,,,,,,,,,,,,,,,,,
5157,2019,2,23,16,45,1,47,99,60,1.2000000000000002,,,,,,,,,,,,,,,,,,,,,,,,,,,,,,,,,,,,
5158,2019,2,23,17,0,0.4,33,14,34,1.2000000000000002,,,,,,,,,,,,,,,,,,,,,,,,,,,,,,,,,,,,
5159,2019,2,23,17,15,0.1,18,0,18,1.2000000000000002,,,,,,,,,,,,,,,,,,,,,,,,,,,,,,,,,,,,
5160,2019,2,23,17,30,-0.1,12,181,17,1.3,,,,,,,,,,,,,,,,,,,,,,,,,,,,,,,,,,,,
5161,2019,2,23,17,45,-0.4,0,0,0,1.3,,,,,,,,,,,,,,,,,,,,,,,,,,,,,,,,,,,,
5162,2019,2,23,18,0,-0.6000000000000001,0,0,0,1.3,,,,,,,,,,,,,,,,,,,,,,,,,,,,,,,,,,,,
5163,2019,2,23,18,15,-0.7000000000000001,0,0,0,1.3,,,,,,,,,,,,,,,,,,,,,,,,,,,,,,,,,,,,
5164,2019,2,23,18,30,-0.9,0,0,0,1.4000000000000001,,,,,,,,,,,,,,,,,,,,,,,,,,,,,,,,,,,,
5165,2019,2,23,18,45,-1,0,0,0,1.4000000000000001,,,,,,,,,,,,,,,,,,,,,,,,,,,,,,,,,,,,
5166,2019,2,23,19,0,-1.1,0,0,0,1.4000000000000001,,,,,,,,,,,,,,,,,,,,,,,,,,,,,,,,,,,,
5167,2019,2,23,19,15,-1.2000000000000002,0,0,0,1.4000000000000001,,,,,,,,,,,,,,,,,,,,,,,,,,,,,,,,,,,,
5168,2019,2,23,19,30,-1.3,0,0,0,1.4000000000000001,,,,,,,,,,,,,,,,,,,,,,,,,,,,,,,,,,,,
5169,2019,2,23,19,45,-1.4000000000000001,0,0,0,1.5,,,,,,,,,,,,,,,,,,,,,,,,,,,,,,,,,,,,
5170,2019,2,23,20,0,-1.5,0,0,0,1.5,,,,,,,,,,,,,,,,,,,,,,,,,,,,,,,,,,,,
5171,2019,2,23,20,15,-1.6,0,0,0,1.5,,,,,,,,,,,,,,,,,,,,,,,,,,,,,,,,,,,,
5172,2019,2,23,20,30,-1.7000000000000002,0,0,0,1.5,,,,,,,,,,,,,,,,,,,,,,,,,,,,,,,,,,,,
5173,2019,2,23,20,45,-1.7000000000000002,0,0,0,1.5,,,,,,,,,,,,,,,,,,,,,,,,,,,,,,,,,,,,
5174,2019,2,23,21,0,-1.8,0,0,0,1.5,,,,,,,,,,,,,,,,,,,,,,,,,,,,,,,,,,,,
5175,2019,2,23,21,15,-1.8,0,0,0,1.5,,,,,,,,,,,,,,,,,,,,,,,,,,,,,,,,,,,,
5176,2019,2,23,21,30,-1.9000000000000001,0,0,0,1.5,,,,,,,,,,,,,,,,,,,,,,,,,,,,,,,,,,,,
5177,2019,2,23,21,45,-1.9000000000000001,0,0,0,1.5,,,,,,,,,,,,,,,,,,,,,,,,,,,,,,,,,,,,
5178,2019,2,23,22,0,-1.9000000000000001,0,0,0,1.5,,,,,,,,,,,,,,,,,,,,,,,,,,,,,,,,,,,,
5179,2019,2,23,22,15,-1.9000000000000001,0,0,0,1.5,,,,,,,,,,,,,,,,,,,,,,,,,,,,,,,,,,,,
5180,2019,2,23,22,30,-1.9000000000000001,0,0,0,1.5,,,,,,,,,,,,,,,,,,,,,,,,,,,,,,,,,,,,
5181,2019,2,23,22,45,-1.9000000000000001,0,0,0,1.5,,,,,,,,,,,,,,,,,,,,,,,,,,,,,,,,,,,,
5182,2019,2,23,23,0,-1.9000000000000001,0,0,0,1.5,,,,,,,,,,,,,,,,,,,,,,,,,,,,,,,,,,,,
5183,2019,2,23,23,15,-1.9000000000000001,0,0,0,1.5,,,,,,,,,,,,,,,,,,,,,,,,,,,,,,,,,,,,
5184,2019,2,23,23,30,-1.9000000000000001,0,0,0,1.5,,,,,,,,,,,,,,,,,,,,,,,,,,,,,,,,,,,,
5185,2019,2,23,23,45,-1.9000000000000001,0,0,0,1.5,,,,,,,,,,,,,,,,,,,,,,,,,,,,,,,,,,,,
5186,2019,2,24,0,0,-1.9000000000000001,0,0,0,1.5,,,,,,,,,,,,,,,,,,,,,,,,,,,,,,,,,,,,
5187,2019,2,24,0,15,-1.9000000000000001,0,0,0,1.5,,,,,,,,,,,,,,,,,,,,,,,,,,,,,,,,,,,,
5188,2019,2,24,0,30,-1.9000000000000001,0,0,0,1.5,,,,,,,,,,,,,,,,,,,,,,,,,,,,,,,,,,,,
5189,2019,2,24,0,45,-1.9000000000000001,0,0,0,1.5,,,,,,,,,,,,,,,,,,,,,,,,,,,,,,,,,,,,
5190,2019,2,24,1,0,-1.9000000000000001,0,0,0,1.4000000000000001,,,,,,,,,,,,,,,,,,,,,,,,,,,,,,,,,,,,
5191,2019,2,24,1,15,-1.9000000000000001,0,0,0,1.4000000000000001,,,,,,,,,,,,,,,,,,,,,,,,,,,,,,,,,,,,
5192,2019,2,24,1,30,-1.9000000000000001,0,0,0,1.4000000000000001,,,,,,,,,,,,,,,,,,,,,,,,,,,,,,,,,,,,
5193,2019,2,24,1,45,-1.9000000000000001,0,0,0,1.4000000000000001,,,,,,,,,,,,,,,,,,,,,,,,,,,,,,,,,,,,
5194,2019,2,24,2,0,-2,0,0,0,1.4000000000000001,,,,,,,,,,,,,,,,,,,,,,,,,,,,,,,,,,,,
5195,2019,2,24,2,15,-2,0,0,0,1.4000000000000001,,,,,,,,,,,,,,,,,,,,,,,,,,,,,,,,,,,,
5196,2019,2,24,2,30,-2,0,0,0,1.4000000000000001,,,,,,,,,,,,,,,,,,,,,,,,,,,,,,,,,,,,
5197,2019,2,24,2,45,-2,0,0,0,1.3,,,,,,,,,,,,,,,,,,,,,,,,,,,,,,,,,,,,
5198,2019,2,24,3,0,-2,0,0,0,1.3,,,,,,,,,,,,,,,,,,,,,,,,,,,,,,,,,,,,
5199,2019,2,24,3,15,-2,0,0,0,1.3,,,,,,,,,,,,,,,,,,,,,,,,,,,,,,,,,,,,
5200,2019,2,24,3,30,-2.1,0,0,0,1.3,,,,,,,,,,,,,,,,,,,,,,,,,,,,,,,,,,,,
5201,2019,2,24,3,45,-2.1,0,0,0,1.3,,,,,,,,,,,,,,,,,,,,,,,,,,,,,,,,,,,,
5202,2019,2,24,4,0,-2.1,0,0,0,1.3,,,,,,,,,,,,,,,,,,,,,,,,,,,,,,,,,,,,
5203,2019,2,24,4,15,-2.1,0,0,0,1.3,,,,,,,,,,,,,,,,,,,,,,,,,,,,,,,,,,,,
5204,2019,2,24,4,30,-2.1,0,0,0,1.3,,,,,,,,,,,,,,,,,,,,,,,,,,,,,,,,,,,,
5205,2019,2,24,4,45,-2.2,0,0,0,1.3,,,,,,,,,,,,,,,,,,,,,,,,,,,,,,,,,,,,
5206,2019,2,24,5,0,-2.2,0,0,0,1.3,,,,,,,,,,,,,,,,,,,,,,,,,,,,,,,,,,,,
5207,2019,2,24,5,15,-2.2,0,0,0,1.3,,,,,,,,,,,,,,,,,,,,,,,,,,,,,,,,,,,,
5208,2019,2,24,5,30,-2.2,0,0,0,1.3,,,,,,,,,,,,,,,,,,,,,,,,,,,,,,,,,,,,
5209,2019,2,24,5,45,-2.2,0,0,0,1.3,,,,,,,,,,,,,,,,,,,,,,,,,,,,,,,,,,,,
5210,2019,2,24,6,0,-2.2,0,0,0,1.3,,,,,,,,,,,,,,,,,,,,,,,,,,,,,,,,,,,,
5211,2019,2,24,6,15,-2,0,0,0,1.3,,,,,,,,,,,,,,,,,,,,,,,,,,,,,,,,,,,,
5212,2019,2,24,6,30,-1.7000000000000002,0,0,0,1.4000000000000001,,,,,,,,,,,,,,,,,,,,,,,,,,,,,,,,,,,,
5213,2019,2,24,6,45,-1.5,0,0,0,1.4000000000000001,,,,,,,,,,,,,,,,,,,,,,,,,,,,,,,,,,,,
5214,2019,2,24,7,0,-1.3,0,0,0,1.4000000000000001,,,,,,,,,,,,,,,,,,,,,,,,,,,,,,,,,,,,
5215,2019,2,24,7,15,-0.5,0,0,0,1.7000000000000002,,,,,,,,,,,,,,,,,,,,,,,,,,,,,,,,,,,,
5216,2019,2,24,7,30,0.2,6,0,6,1.9000000000000001,,,,,,,,,,,,,,,,,,,,,,,,,,,,,,,,,,,,
5217,2019,2,24,7,45,0.9,13,0,13,2.2,,,,,,,,,,,,,,,,,,,,,,,,,,,,,,,,,,,,
5218,2019,2,24,8,0,1.7000000000000002,20,0,20,2.4000000000000004,,,,,,,,,,,,,,,,,,,,,,,,,,,,,,,,,,,,
5219,2019,2,24,8,15,2.2,29,0,29,2.4000000000000004,,,,,,,,,,,,,,,,,,,,,,,,,,,,,,,,,,,,
5220,2019,2,24,8,30,2.6,38,0,38,2.3000000000000003,,,,,,,,,,,,,,,,,,,,,,,,,,,,,,,,,,,,
5221,2019,2,24,8,45,3.1,51,620,185,2.2,,,,,,,,,,,,,,,,,,,,,,,,,,,,,,,,,,,,
5222,2019,2,24,9,0,3.6,59,0,59,2.2,,,,,,,,,,,,,,,,,,,,,,,,,,,,,,,,,,,,
5223,2019,2,24,9,15,4.2,70,0,70,2,,,,,,,,,,,,,,,,,,,,,,,,,,,,,,,,,,,,
5224,2019,2,24,9,30,4.800000000000001,62,728,286,1.9000000000000001,,,,,,,,,,,,,,,,,,,,,,,,,,,,,,,,,,,,
5225,2019,2,24,9,45,5.4,63,759,317,1.7000000000000002,,,,,,,,,,,,,,,,,,,,,,,,,,,,,,,,,,,,
5226,2019,2,24,10,0,6.1000000000000005,66,780,346,1.6,,,,,,,,,,,,,,,,,,,,,,,,,,,,,,,,,,,,
5227,2019,2,24,10,15,6.7,160,132,211,1.5,,,,,,,,,,,,,,,,,,,,,,,,,,,,,,,,,,,,
5228,2019,2,24,10,30,7.4,167,210,251,1.5,,,,,,,,,,,,,,,,,,,,,,,,,,,,,,,,,,,,
5229,2019,2,24,10,45,8.1,176,210,265,1.4000000000000001,,,,,,,,,,,,,,,,,,,,,,,,,,,,,,,,,,,,
5230,2019,2,24,11,0,8.700000000000001,71,838,438,1.4000000000000001,,,,,,,,,,,,,,,,,,,,,,,,,,,,,,,,,,,,
5231,2019,2,24,11,15,9.1,72,846,454,1.4000000000000001,,,,,,,,,,,,,,,,,,,,,,,,,,,,,,,,,,,,
5232,2019,2,24,11,30,9.4,73,853,468,1.3,,,,,,,,,,,,,,,,,,,,,,,,,,,,,,,,,,,,
5233,2019,2,24,11,45,9.8,73,859,478,1.3,,,,,,,,,,,,,,,,,,,,,,,,,,,,,,,,,,,,
5234,2019,2,24,12,0,10.100000000000001,74,863,486,1.3,,,,,,,,,,,,,,,,,,,,,,,,,,,,,,,,,,,,
5235,2019,2,24,12,15,10.4,74,865,490,1.2000000000000002,,,,,,,,,,,,,,,,,,,,,,,,,,,,,,,,,,,,
5236,2019,2,24,12,30,10.600000000000001,74,865,491,1.2000000000000002,,,,,,,,,,,,,,,,,,,,,,,,,,,,,,,,,,,,
5237,2019,2,24,12,45,10.8,74,866,489,1.2000000000000002,,,,,,,,,,,,,,,,,,,,,,,,,,,,,,,,,,,,
5238,2019,2,24,13,0,11,73,864,484,1.1,,,,,,,,,,,,,,,,,,,,,,,,,,,,,,,,,,,,
5239,2019,2,24,13,15,11.100000000000001,73,860,476,1.1,,,,,,,,,,,,,,,,,,,,,,,,,,,,,,,,,,,,
5240,2019,2,24,13,30,11.200000000000001,72,854,464,1,,,,,,,,,,,,,,,,,,,,,,,,,,,,,,,,,,,,
5241,2019,2,24,13,45,11.3,71,848,450,0.9,,,,,,,,,,,,,,,,,,,,,,,,,,,,,,,,,,,,
5242,2019,2,24,14,0,11.3,70,835,431,0.9,,,,,,,,,,,,,,,,,,,,,,,,,,,,,,,,,,,,
5243,2019,2,24,14,15,11.3,68,824,411,0.8,,,,,,,,,,,,,,,,,,,,,,,,,,,,,,,,,,,,
5244,2019,2,24,14,30,11.200000000000001,67,811,389,0.7000000000000001,,,,,,,,,,,,,,,,,,,,,,,,,,,,,,,,,,,,
5245,2019,2,24,14,45,11.100000000000001,65,796,364,0.7000000000000001,,,,,,,,,,,,,,,,,,,,,,,,,,,,,,,,,,,,
5246,2019,2,24,15,0,11,63,778,336,0.6000000000000001,,,,,,,,,,,,,,,,,,,,,,,,,,,,,,,,,,,,
5247,2019,2,24,15,15,10.700000000000001,61,756,307,0.6000000000000001,,,,,,,,,,,,,,,,,,,,,,,,,,,,,,,,,,,,
5248,2019,2,24,15,30,10.5,58,730,276,0.5,,,,,,,,,,,,,,,,,,,,,,,,,,,,,,,,,,,,
5249,2019,2,24,15,45,10.200000000000001,55,699,243,0.5,,,,,,,,,,,,,,,,,,,,,,,,,,,,,,,,,,,,
5250,2019,2,24,16,0,9.9,51,662,209,0.5,,,,,,,,,,,,,,,,,,,,,,,,,,,,,,,,,,,,
5251,2019,2,24,16,15,9.600000000000001,47,617,174,0.5,,,,,,,,,,,,,,,,,,,,,,,,,,,,,,,,,,,,
5252,2019,2,24,16,30,9.3,42,563,139,0.6000000000000001,,,,,,,,,,,,,,,,,,,,,,,,,,,,,,,,,,,,
5253,2019,2,24,16,45,9,37,495,104,0.6000000000000001,,,,,,,,,,,,,,,,,,,,,,,,,,,,,,,,,,,,
5254,2019,2,24,17,0,8.700000000000001,30,410,71,0.6000000000000001,,,,,,,,,,,,,,,,,,,,,,,,,,,,,,,,,,,,
5255,2019,2,24,17,15,8.5,22,303,42,0.6000000000000001,,,,,,,,,,,,,,,,,,,,,,,,,,,,,,,,,,,,
5256,2019,2,24,17,30,8.3,13,169,18,0.7000000000000001,,,,,,,,,,,,,,,,,,,,,,,,,,,,,,,,,,,,
5257,2019,2,24,17,45,8.1,0,0,0,0.7000000000000001,,,,,,,,,,,,,,,,,,,,,,,,,,,,,,,,,,,,
5258,2019,2,24,18,0,7.9,0,0,0,0.7000000000000001,,,,,,,,,,,,,,,,,,,,,,,,,,,,,,,,,,,,
5259,2019,2,24,18,15,7.6000000000000005,0,0,0,0.7000000000000001,,,,,,,,,,,,,,,,,,,,,,,,,,,,,,,,,,,,
5260,2019,2,24,18,30,7.300000000000001,0,0,0,0.8,,,,,,,,,,,,,,,,,,,,,,,,,,,,,,,,,,,,
5261,2019,2,24,18,45,7,0,0,0,0.8,,,,,,,,,,,,,,,,,,,,,,,,,,,,,,,,,,,,
5262,2019,2,24,19,0,6.7,0,0,0,0.8,,,,,,,,,,,,,,,,,,,,,,,,,,,,,,,,,,,,
5263,2019,2,24,19,15,6.5,0,0,0,0.9,,,,,,,,,,,,,,,,,,,,,,,,,,,,,,,,,,,,
5264,2019,2,24,19,30,6.300000000000001,0,0,0,1,,,,,,,,,,,,,,,,,,,,,,,,,,,,,,,,,,,,
5265,2019,2,24,19,45,6.1000000000000005,0,0,0,1.1,,,,,,,,,,,,,,,,,,,,,,,,,,,,,,,,,,,,
5266,2019,2,24,20,0,5.800000000000001,0,0,0,1.1,,,,,,,,,,,,,,,,,,,,,,,,,,,,,,,,,,,,
5267,2019,2,24,20,15,5.5,0,0,0,1.2000000000000002,,,,,,,,,,,,,,,,,,,,,,,,,,,,,,,,,,,,
5268,2019,2,24,20,30,5.2,0,0,0,1.2000000000000002,,,,,,,,,,,,,,,,,,,,,,,,,,,,,,,,,,,,
5269,2019,2,24,20,45,4.9,0,0,0,1.3,,,,,,,,,,,,,,,,,,,,,,,,,,,,,,,,,,,,
5270,2019,2,24,21,0,4.7,0,0,0,1.3,,,,,,,,,,,,,,,,,,,,,,,,,,,,,,,,,,,,
5271,2019,2,24,21,15,4.4,0,0,0,1.4000000000000001,,,,,,,,,,,,,,,,,,,,,,,,,,,,,,,,,,,,
5272,2019,2,24,21,30,4.2,0,0,0,1.4000000000000001,,,,,,,,,,,,,,,,,,,,,,,,,,,,,,,,,,,,
5273,2019,2,24,21,45,4,0,0,0,1.4000000000000001,,,,,,,,,,,,,,,,,,,,,,,,,,,,,,,,,,,,
5274,2019,2,24,22,0,3.8000000000000003,0,0,0,1.4000000000000001,,,,,,,,,,,,,,,,,,,,,,,,,,,,,,,,,,,,
5275,2019,2,24,22,15,3.6,0,0,0,1.4000000000000001,,,,,,,,,,,,,,,,,,,,,,,,,,,,,,,,,,,,
5276,2019,2,24,22,30,3.4000000000000004,0,0,0,1.4000000000000001,,,,,,,,,,,,,,,,,,,,,,,,,,,,,,,,,,,,
5277,2019,2,24,22,45,3.2,0,0,0,1.4000000000000001,,,,,,,,,,,,,,,,,,,,,,,,,,,,,,,,,,,,
5278,2019,2,24,23,0,3,0,0,0,1.4000000000000001,,,,,,,,,,,,,,,,,,,,,,,,,,,,,,,,,,,,
5279,2019,2,24,23,15,2.8000000000000003,0,0,0,1.4000000000000001,,,,,,,,,,,,,,,,,,,,,,,,,,,,,,,,,,,,
5280,2019,2,24,23,30,2.7,0,0,0,1.4000000000000001,,,,,,,,,,,,,,,,,,,,,,,,,,,,,,,,,,,,
5281,2019,2,24,23,45,2.5,0,0,0,1.4000000000000001,,,,,,,,,,,,,,,,,,,,,,,,,,,,,,,,,,,,
5282,2019,2,25,0,0,2.3000000000000003,0,0,0,1.4000000000000001,,,,,,,,,,,,,,,,,,,,,,,,,,,,,,,,,,,,
5283,2019,2,25,0,15,2.3000000000000003,0,0,0,1.4000000000000001,,,,,,,,,,,,,,,,,,,,,,,,,,,,,,,,,,,,
5284,2019,2,25,0,30,2.3000000000000003,0,0,0,1.4000000000000001,,,,,,,,,,,,,,,,,,,,,,,,,,,,,,,,,,,,
5285,2019,2,25,0,45,2.3000000000000003,0,0,0,1.4000000000000001,,,,,,,,,,,,,,,,,,,,,,,,,,,,,,,,,,,,
5286,2019,2,25,1,0,1.6,0,0,0,1.4000000000000001,,,,,,,,,,,,,,,,,,,,,,,,,,,,,,,,,,,,
5287,2019,2,25,1,15,1.4000000000000001,0,0,0,1.4000000000000001,,,,,,,,,,,,,,,,,,,,,,,,,,,,,,,,,,,,
5288,2019,2,25,1,30,1.2000000000000002,0,0,0,1.4000000000000001,,,,,,,,,,,,,,,,,,,,,,,,,,,,,,,,,,,,
5289,2019,2,25,1,45,1,0,0,0,1.4000000000000001,,,,,,,,,,,,,,,,,,,,,,,,,,,,,,,,,,,,
5290,2019,2,25,2,0,0.9,0,0,0,1.4000000000000001,,,,,,,,,,,,,,,,,,,,,,,,,,,,,,,,,,,,
5291,2019,2,25,2,15,0.7000000000000001,0,0,0,1.5,,,,,,,,,,,,,,,,,,,,,,,,,,,,,,,,,,,,
5292,2019,2,25,2,30,0.6000000000000001,0,0,0,1.5,,,,,,,,,,,,,,,,,,,,,,,,,,,,,,,,,,,,
5293,2019,2,25,2,45,0.5,0,0,0,1.5,,,,,,,,,,,,,,,,,,,,,,,,,,,,,,,,,,,,
5294,2019,2,25,3,0,0.30000000000000004,0,0,0,1.5,,,,,,,,,,,,,,,,,,,,,,,,,,,,,,,,,,,,
5295,2019,2,25,3,15,0.30000000000000004,0,0,0,1.5,,,,,,,,,,,,,,,,,,,,,,,,,,,,,,,,,,,,
5296,2019,2,25,3,30,0.2,0,0,0,1.5,,,,,,,,,,,,,,,,,,,,,,,,,,,,,,,,,,,,
5297,2019,2,25,3,45,0.1,0,0,0,1.5,,,,,,,,,,,,,,,,,,,,,,,,,,,,,,,,,,,,
5298,2019,2,25,4,0,0,0,0,0,1.5,,,,,,,,,,,,,,,,,,,,,,,,,,,,,,,,,,,,
5299,2019,2,25,4,15,0,0,0,0,1.6,,,,,,,,,,,,,,,,,,,,,,,,,,,,,,,,,,,,
5300,2019,2,25,4,30,-0.1,0,0,0,1.6,,,,,,,,,,,,,,,,,,,,,,,,,,,,,,,,,,,,
5301,2019,2,25,4,45,-0.1,0,0,0,1.6,,,,,,,,,,,,,,,,,,,,,,,,,,,,,,,,,,,,
5302,2019,2,25,5,0,-0.2,0,0,0,1.6,,,,,,,,,,,,,,,,,,,,,,,,,,,,,,,,,,,,
5303,2019,2,25,5,15,-0.2,0,0,0,1.6,,,,,,,,,,,,,,,,,,,,,,,,,,,,,,,,,,,,
5304,2019,2,25,5,30,-0.30000000000000004,0,0,0,1.6,,,,,,,,,,,,,,,,,,,,,,,,,,,,,,,,,,,,
5305,2019,2,25,5,45,-0.30000000000000004,0,0,0,1.6,,,,,,,,,,,,,,,,,,,,,,,,,,,,,,,,,,,,
5306,2019,2,25,6,0,-0.30000000000000004,0,0,0,1.7000000000000002,,,,,,,,,,,,,,,,,,,,,,,,,,,,,,,,,,,,
5307,2019,2,25,6,15,-0.1,0,0,0,1.7000000000000002,,,,,,,,,,,,,,,,,,,,,,,,,,,,,,,,,,,,
5308,2019,2,25,6,30,0.1,0,0,0,1.7000000000000002,,,,,,,,,,,,,,,,,,,,,,,,,,,,,,,,,,,,
5309,2019,2,25,6,45,0.4,0,0,0,1.7000000000000002,,,,,,,,,,,,,,,,,,,,,,,,,,,,,,,,,,,,
5310,2019,2,25,7,0,0.6000000000000001,0,0,0,1.7000000000000002,,,,,,,,,,,,,,,,,,,,,,,,,,,,,,,,,,,,
5311,2019,2,25,7,15,1.5,0,0,0,2,,,,,,,,,,,,,,,,,,,,,,,,,,,,,,,,,,,,
5312,2019,2,25,7,30,2.4000000000000004,9,0,9,2.2,,,,,,,,,,,,,,,,,,,,,,,,,,,,,,,,,,,,
5313,2019,2,25,7,45,3.3000000000000003,17,0,17,2.4000000000000004,,,,,,,,,,,,,,,,,,,,,,,,,,,,,,,,,,,,
5314,2019,2,25,8,0,4.2,27,0,27,2.7,,,,,,,,,,,,,,,,,,,,,,,,,,,,,,,,,,,,
5315,2019,2,25,8,15,4.7,39,0,39,2.8000000000000003,,,,,,,,,,,,,,,,,,,,,,,,,,,,,,,,,,,,
5316,2019,2,25,8,30,5.300000000000001,52,0,52,2.8000000000000003,,,,,,,,,,,,,,,,,,,,,,,,,,,,,,,,,,,,
5317,2019,2,25,8,45,5.800000000000001,65,0,65,2.9000000000000004,,,,,,,,,,,,,,,,,,,,,,,,,,,,,,,,,,,,
5318,2019,2,25,9,0,6.4,95,31,103,3,,,,,,,,,,,,,,,,,,,,,,,,,,,,,,,,,,,,
5319,2019,2,25,9,15,6.9,109,41,120,2.8000000000000003,,,,,,,,,,,,,,,,,,,,,,,,,,,,,,,,,,,,
5320,2019,2,25,9,30,7.5,109,2,109,2.7,,,,,,,,,,,,,,,,,,,,,,,,,,,,,,,,,,,,
5321,2019,2,25,9,45,8.1,130,31,140,2.6,,,,,,,,,,,,,,,,,,,,,,,,,,,,,,,,,,,,
5322,2019,2,25,10,0,8.6,150,81,179,2.4000000000000004,,,,,,,,,,,,,,,,,,,,,,,,,,,,,,,,,,,,
5323,2019,2,25,10,15,9.3,163,138,217,2.4000000000000004,,,,,,,,,,,,,,,,,,,,,,,,,,,,,,,,,,,,
5324,2019,2,25,10,30,9.9,168,230,262,2.4000000000000004,,,,,,,,,,,,,,,,,,,,,,,,,,,,,,,,,,,,
5325,2019,2,25,10,45,10.600000000000001,173,269,288,2.3000000000000003,,,,,,,,,,,,,,,,,,,,,,,,,,,,,,,,,,,,
5326,2019,2,25,11,0,11.200000000000001,181,270,301,2.3000000000000003,,,,,,,,,,,,,,,,,,,,,,,,,,,,,,,,,,,,
5327,2019,2,25,11,15,11.700000000000001,189,267,311,2.3000000000000003,,,,,,,,,,,,,,,,,,,,,,,,,,,,,,,,,,,,
5328,2019,2,25,11,30,12.200000000000001,167,421,364,2.3000000000000003,,,,,,,,,,,,,,,,,,,,,,,,,,,,,,,,,,,,
5329,2019,2,25,11,45,12.700000000000001,181,375,359,2.3000000000000003,,,,,,,,,,,,,,,,,,,,,,,,,,,,,,,,,,,,
5330,2019,2,25,12,0,13.200000000000001,161,480,393,2.3000000000000003,,,,,,,,,,,,,,,,,,,,,,,,,,,,,,,,,,,,
5331,2019,2,25,12,15,13.4,164,473,394,2.3000000000000003,,,,,,,,,,,,,,,,,,,,,,,,,,,,,,,,,,,,
5332,2019,2,25,12,30,13.600000000000001,160,494,400,2.4000000000000004,,,,,,,,,,,,,,,,,,,,,,,,,,,,,,,,,,,,
5333,2019,2,25,12,45,13.8,156,506,402,2.4000000000000004,,,,,,,,,,,,,,,,,,,,,,,,,,,,,,,,,,,,
5334,2019,2,25,13,0,14,162,470,389,2.4000000000000004,,,,,,,,,,,,,,,,,,,,,,,,,,,,,,,,,,,,
5335,2019,2,25,13,15,14.100000000000001,192,305,337,2.4000000000000004,,,,,,,,,,,,,,,,,,,,,,,,,,,,,,,,,,,,
5336,2019,2,25,13,30,14.100000000000001,143,520,385,2.5,,,,,,,,,,,,,,,,,,,,,,,,,,,,,,,,,,,,
5337,2019,2,25,13,45,14.200000000000001,193,212,289,2.5,,,,,,,,,,,,,,,,,,,,,,,,,,,,,,,,,,,,
5338,2019,2,25,14,0,14.200000000000001,127,546,366,2.5,,,,,,,,,,,,,,,,,,,,,,,,,,,,,,,,,,,,
5339,2019,2,25,14,15,14,64,860,427,2.3000000000000003,,,,,,,,,,,,,,,,,,,,,,,,,,,,,,,,,,,,
5340,2019,2,25,14,30,13.8,63,848,404,2.2,,,,,,,,,,,,,,,,,,,,,,,,,,,,,,,,,,,,
5341,2019,2,25,14,45,13.600000000000001,61,833,378,2,,,,,,,,,,,,,,,,,,,,,,,,,,,,,,,,,,,,
5342,2019,2,25,15,0,13.4,59,815,350,1.8,,,,,,,,,,,,,,,,,,,,,,,,,,,,,,,,,,,,
5343,2019,2,25,15,15,12.600000000000001,134,168,189,1.6,,,,,,,,,,,,,,,,,,,,,,,,,,,,,,,,,,,,
5344,2019,2,25,15,30,11.8,83,503,236,1.5,,,,,,,,,,,,,,,,,,,,,,,,,,,,,,,,,,,,
5345,2019,2,25,15,45,11.100000000000001,107,75,128,1.3,,,,,,,,,,,,,,,,,,,,,,,,,,,,,,,,,,,,
5346,2019,2,25,16,0,10.3,49,700,220,1.2000000000000002,,,,,,,,,,,,,,,,,,,,,,,,,,,,,,,,,,,,
5347,2019,2,25,16,15,9.4,46,658,184,1.3,,,,,,,,,,,,,,,,,,,,,,,,,,,,,,,,,,,,
5348,2019,2,25,16,30,8.6,41,606,148,1.3,,,,,,,,,,,,,,,,,,,,,,,,,,,,,,,,,,,,
5349,2019,2,25,16,45,7.7,48,8,50,1.4000000000000001,,,,,,,,,,,,,,,,,,,,,,,,,,,,,,,,,,,,
5350,2019,2,25,17,0,6.800000000000001,30,446,78,1.5,,,,,,,,,,,,,,,,,,,,,,,,,,,,,,,,,,,,
5351,2019,2,25,17,15,6.5,23,342,46,1.5,,,,,,,,,,,,,,,,,,,,,,,,,,,,,,,,,,,,
5352,2019,2,25,17,30,6.1000000000000005,14,209,21,1.5,,,,,,,,,,,,,,,,,,,,,,,,,,,,,,,,,,,,
5353,2019,2,25,17,45,5.800000000000001,0,0,0,1.5,,,,,,,,,,,,,,,,,,,,,,,,,,,,,,,,,,,,
5354,2019,2,25,18,0,5.4,0,0,0,1.6,,,,,,,,,,,,,,,,,,,,,,,,,,,,,,,,,,,,
5355,2019,2,25,18,15,5.2,0,0,0,1.6,,,,,,,,,,,,,,,,,,,,,,,,,,,,,,,,,,,,
5356,2019,2,25,18,30,5,0,0,0,1.6,,,,,,,,,,,,,,,,,,,,,,,,,,,,,,,,,,,,
5357,2019,2,25,18,45,4.800000000000001,0,0,0,1.6,,,,,,,,,,,,,,,,,,,,,,,,,,,,,,,,,,,,
5358,2019,2,25,19,0,4.6000000000000005,0,0,0,1.6,,,,,,,,,,,,,,,,,,,,,,,,,,,,,,,,,,,,
5359,2019,2,25,19,15,4.4,0,0,0,1.6,,,,,,,,,,,,,,,,,,,,,,,,,,,,,,,,,,,,
5360,2019,2,25,19,30,4.2,0,0,0,1.7000000000000002,,,,,,,,,,,,,,,,,,,,,,,,,,,,,,,,,,,,
5361,2019,2,25,19,45,4,0,0,0,1.7000000000000002,,,,,,,,,,,,,,,,,,,,,,,,,,,,,,,,,,,,
5362,2019,2,25,20,0,3.8000000000000003,0,0,0,1.7000000000000002,,,,,,,,,,,,,,,,,,,,,,,,,,,,,,,,,,,,
5363,2019,2,25,20,15,3.7,0,0,0,1.7000000000000002,,,,,,,,,,,,,,,,,,,,,,,,,,,,,,,,,,,,
5364,2019,2,25,20,30,3.5,0,0,0,1.7000000000000002,,,,,,,,,,,,,,,,,,,,,,,,,,,,,,,,,,,,
5365,2019,2,25,20,45,3.3000000000000003,0,0,0,1.6,,,,,,,,,,,,,,,,,,,,,,,,,,,,,,,,,,,,
5366,2019,2,25,21,0,3.2,0,0,0,1.6,,,,,,,,,,,,,,,,,,,,,,,,,,,,,,,,,,,,
5367,2019,2,25,21,15,3,0,0,0,1.6,,,,,,,,,,,,,,,,,,,,,,,,,,,,,,,,,,,,
5368,2019,2,25,21,30,2.9000000000000004,0,0,0,1.6,,,,,,,,,,,,,,,,,,,,,,,,,,,,,,,,,,,,
5369,2019,2,25,21,45,2.8000000000000003,0,0,0,1.6,,,,,,,,,,,,,,,,,,,,,,,,,,,,,,,,,,,,
5370,2019,2,25,22,0,2.6,0,0,0,1.6,,,,,,,,,,,,,,,,,,,,,,,,,,,,,,,,,,,,
5371,2019,2,25,22,15,2.5,0,0,0,1.6,,,,,,,,,,,,,,,,,,,,,,,,,,,,,,,,,,,,
5372,2019,2,25,22,30,2.4000000000000004,0,0,0,1.6,,,,,,,,,,,,,,,,,,,,,,,,,,,,,,,,,,,,
5373,2019,2,25,22,45,2.3000000000000003,0,0,0,1.6,,,,,,,,,,,,,,,,,,,,,,,,,,,,,,,,,,,,
5374,2019,2,25,23,0,2.2,0,0,0,1.6,,,,,,,,,,,,,,,,,,,,,,,,,,,,,,,,,,,,
5375,2019,2,25,23,15,2.1,0,0,0,1.6,,,,,,,,,,,,,,,,,,,,,,,,,,,,,,,,,,,,
5376,2019,2,25,23,30,2,0,0,0,1.6,,,,,,,,,,,,,,,,,,,,,,,,,,,,,,,,,,,,
5377,2019,2,25,23,45,1.9000000000000001,0,0,0,1.6,,,,,,,,,,,,,,,,,,,,,,,,,,,,,,,,,,,,
5378,2019,2,26,0,0,1.8,0,0,0,1.7000000000000002,,,,,,,,,,,,,,,,,,,,,,,,,,,,,,,,,,,,
5379,2019,2,26,0,15,1.8,0,0,0,1.7000000000000002,,,,,,,,,,,,,,,,,,,,,,,,,,,,,,,,,,,,
5380,2019,2,26,0,30,1.8,0,0,0,1.7000000000000002,,,,,,,,,,,,,,,,,,,,,,,,,,,,,,,,,,,,
5381,2019,2,26,0,45,1.8,0,0,0,1.7000000000000002,,,,,,,,,,,,,,,,,,,,,,,,,,,,,,,,,,,,
5382,2019,2,26,1,0,1.8,0,0,0,1.7000000000000002,,,,,,,,,,,,,,,,,,,,,,,,,,,,,,,,,,,,
5383,2019,2,26,1,15,1.8,0,0,0,1.7000000000000002,,,,,,,,,,,,,,,,,,,,,,,,,,,,,,,,,,,,
5384,2019,2,26,1,30,1.8,0,0,0,1.7000000000000002,,,,,,,,,,,,,,,,,,,,,,,,,,,,,,,,,,,,
5385,2019,2,26,1,45,1.7000000000000002,0,0,0,1.8,,,,,,,,,,,,,,,,,,,,,,,,,,,,,,,,,,,,
5386,2019,2,26,2,0,1.7000000000000002,0,0,0,1.8,,,,,,,,,,,,,,,,,,,,,,,,,,,,,,,,,,,,
5387,2019,2,26,2,15,1.6,0,0,0,1.8,,,,,,,,,,,,,,,,,,,,,,,,,,,,,,,,,,,,
5388,2019,2,26,2,30,1.5,0,0,0,1.8,,,,,,,,,,,,,,,,,,,,,,,,,,,,,,,,,,,,
5389,2019,2,26,2,45,1.3,0,0,0,1.8,,,,,,,,,,,,,,,,,,,,,,,,,,,,,,,,,,,,
5390,2019,2,26,3,0,1.2000000000000002,0,0,0,1.8,,,,,,,,,,,,,,,,,,,,,,,,,,,,,,,,,,,,
5391,2019,2,26,3,15,1,0,0,0,1.8,,,,,,,,,,,,,,,,,,,,,,,,,,,,,,,,,,,,
5392,2019,2,26,3,30,0.9,0,0,0,1.9000000000000001,,,,,,,,,,,,,,,,,,,,,,,,,,,,,,,,,,,,
5393,2019,2,26,3,45,0.7000000000000001,0,0,0,1.9000000000000001,,,,,,,,,,,,,,,,,,,,,,,,,,,,,,,,,,,,
5394,2019,2,26,4,0,0.6000000000000001,0,0,0,1.9000000000000001,,,,,,,,,,,,,,,,,,,,,,,,,,,,,,,,,,,,
5395,2019,2,26,4,15,0.4,0,0,0,2,,,,,,,,,,,,,,,,,,,,,,,,,,,,,,,,,,,,
5396,2019,2,26,4,30,0.30000000000000004,0,0,0,2,,,,,,,,,,,,,,,,,,,,,,,,,,,,,,,,,,,,
5397,2019,2,26,4,45,0.2,0,0,0,2,,,,,,,,,,,,,,,,,,,,,,,,,,,,,,,,,,,,
5398,2019,2,26,5,0,0.1,0,0,0,2.1,,,,,,,,,,,,,,,,,,,,,,,,,,,,,,,,,,,,
5399,2019,2,26,5,15,0,0,0,0,2.1,,,,,,,,,,,,,,,,,,,,,,,,,,,,,,,,,,,,
5400,2019,2,26,5,30,-0.1,0,0,0,2.1,,,,,,,,,,,,,,,,,,,,,,,,,,,,,,,,,,,,
5401,2019,2,26,5,45,-0.2,0,0,0,2.1,,,,,,,,,,,,,,,,,,,,,,,,,,,,,,,,,,,,
5402,2019,2,26,6,0,-0.30000000000000004,0,0,0,2.1,,,,,,,,,,,,,,,,,,,,,,,,,,,,,,,,,,,,
5403,2019,2,26,6,15,-0.1,0,0,0,2.1,,,,,,,,,,,,,,,,,,,,,,,,,,,,,,,,,,,,
5404,2019,2,26,6,30,0.1,0,0,0,2.2,,,,,,,,,,,,,,,,,,,,,,,,,,,,,,,,,,,,
5405,2019,2,26,6,45,0.30000000000000004,0,0,0,2.2,,,,,,,,,,,,,,,,,,,,,,,,,,,,,,,,,,,,
5406,2019,2,26,7,0,0.5,0,0,0,2.2,,,,,,,,,,,,,,,,,,,,,,,,,,,,,,,,,,,,
5407,2019,2,26,7,15,1.3,0,0,0,2.5,,,,,,,,,,,,,,,,,,,,,,,,,,,,,,,,,,,,
5408,2019,2,26,7,30,2.1,15,0,15,2.7,,,,,,,,,,,,,,,,,,,,,,,,,,,,,,,,,,,,
5409,2019,2,26,7,45,2.9000000000000004,30,12,31,3,,,,,,,,,,,,,,,,,,,,,,,,,,,,,,,,,,,,
5410,2019,2,26,8,0,3.7,43,46,49,3.2,,,,,,,,,,,,,,,,,,,,,,,,,,,,,,,,,,,,
5411,2019,2,26,8,15,4.3,58,73,70,3.2,,,,,,,,,,,,,,,,,,,,,,,,,,,,,,,,,,,,
5412,2019,2,26,8,30,4.800000000000001,73,100,92,3.2,,,,,,,,,,,,,,,,,,,,,,,,,,,,,,,,,,,,
5413,2019,2,26,8,45,5.4,56,619,197,3.2,,,,,,,,,,,,,,,,,,,,,,,,,,,,,,,,,,,,
5414,2019,2,26,9,0,5.9,101,149,140,3.2,,,,,,,,,,,,,,,,,,,,,,,,,,,,,,,,,,,,
5415,2019,2,26,9,15,6.6000000000000005,65,697,268,3.1,,,,,,,,,,,,,,,,,,,,,,,,,,,,,,,,,,,,
5416,2019,2,26,9,30,7.2,69,728,301,3,,,,,,,,,,,,,,,,,,,,,,,,,,,,,,,,,,,,
5417,2019,2,26,9,45,7.9,74,732,328,2.9000000000000004,,,,,,,,,,,,,,,,,,,,,,,,,,,,,,,,,,,,
5418,2019,2,26,10,0,8.5,77,754,357,2.8000000000000003,,,,,,,,,,,,,,,,,,,,,,,,,,,,,,,,,,,,
5419,2019,2,26,10,15,9.1,80,773,384,2.8000000000000003,,,,,,,,,,,,,,,,,,,,,,,,,,,,,,,,,,,,
5420,2019,2,26,10,30,9.700000000000001,82,789,409,2.8000000000000003,,,,,,,,,,,,,,,,,,,,,,,,,,,,,,,,,,,,
5421,2019,2,26,10,45,10.3,178,256,288,2.8000000000000003,,,,,,,,,,,,,,,,,,,,,,,,,,,,,,,,,,,,
5422,2019,2,26,11,0,10.8,91,793,447,2.8000000000000003,,,,,,,,,,,,,,,,,,,,,,,,,,,,,,,,,,,,
5423,2019,2,26,11,15,11.200000000000001,93,802,464,2.8000000000000003,,,,,,,,,,,,,,,,,,,,,,,,,,,,,,,,,,,,
5424,2019,2,26,11,30,11.600000000000001,93,805,475,2.8000000000000003,,,,,,,,,,,,,,,,,,,,,,,,,,,,,,,,,,,,
5425,2019,2,26,11,45,12,99,793,482,2.8000000000000003,,,,,,,,,,,,,,,,,,,,,,,,,,,,,,,,,,,,
5426,2019,2,26,12,0,12.3,190,357,365,2.8000000000000003,,,,,,,,,,,,,,,,,,,,,,,,,,,,,,,,,,,,
5427,2019,2,26,12,15,12.5,100,799,494,2.8000000000000003,,,,,,,,,,,,,,,,,,,,,,,,,,,,,,,,,,,,
5428,2019,2,26,12,30,12.700000000000001,100,800,495,2.8000000000000003,,,,,,,,,,,,,,,,,,,,,,,,,,,,,,,,,,,,
5429,2019,2,26,12,45,12.9,102,792,491,2.8000000000000003,,,,,,,,,,,,,,,,,,,,,,,,,,,,,,,,,,,,
5430,2019,2,26,13,0,13.100000000000001,102,785,484,2.8000000000000003,,,,,,,,,,,,,,,,,,,,,,,,,,,,,,,,,,,,
5431,2019,2,26,13,15,13.100000000000001,154,504,396,2.8000000000000003,,,,,,,,,,,,,,,,,,,,,,,,,,,,,,,,,,,,
5432,2019,2,26,13,30,13.200000000000001,189,314,336,2.8000000000000003,,,,,,,,,,,,,,,,,,,,,,,,,,,,,,,,,,,,
5433,2019,2,26,13,45,13.200000000000001,185,297,321,2.8000000000000003,,,,,,,,,,,,,,,,,,,,,,,,,,,,,,,,,,,,
5434,2019,2,26,14,0,13.200000000000001,103,737,430,2.8000000000000003,,,,,,,,,,,,,,,,,,,,,,,,,,,,,,,,,,,,
5435,2019,2,26,14,15,13,175,246,280,2.7,,,,,,,,,,,,,,,,,,,,,,,,,,,,,,,,,,,,
5436,2019,2,26,14,30,12.8,123,503,328,2.5,,,,,,,,,,,,,,,,,,,,,,,,,,,,,,,,,,,,
5437,2019,2,26,14,45,12.5,127,432,294,2.4000000000000004,,,,,,,,,,,,,,,,,,,,,,,,,,,,,,,,,,,,
5438,2019,2,26,15,0,12.3,109,481,283,2.3000000000000003,,,,,,,,,,,,,,,,,,,,,,,,,,,,,,,,,,,,
5439,2019,2,26,15,15,11.700000000000001,138,132,182,2,,,,,,,,,,,,,,,,,,,,,,,,,,,,,,,,,,,,
5440,2019,2,26,15,30,11,94,436,229,1.8,,,,,,,,,,,,,,,,,,,,,,,,,,,,,,,,,,,,
5441,2019,2,26,15,45,10.3,81,451,207,1.6,,,,,,,,,,,,,,,,,,,,,,,,,,,,,,,,,,,,
5442,2019,2,26,16,0,9.700000000000001,76,506,202,1.4000000000000001,,,,,,,,,,,,,,,,,,,,,,,,,,,,,,,,,,,,
5443,2019,2,26,16,15,9,70,456,168,1.4000000000000001,,,,,,,,,,,,,,,,,,,,,,,,,,,,,,,,,,,,
5444,2019,2,26,16,30,8.3,62,397,134,1.4000000000000001,,,,,,,,,,,,,,,,,,,,,,,,,,,,,,,,,,,,
5445,2019,2,26,16,45,7.6000000000000005,54,314,100,1.4000000000000001,,,,,,,,,,,,,,,,,,,,,,,,,,,,,,,,,,,,
5446,2019,2,26,17,0,6.9,43,232,69,1.4000000000000001,,,,,,,,,,,,,,,,,,,,,,,,,,,,,,,,,,,,
5447,2019,2,26,17,15,6.7,30,140,40,1.4000000000000001,,,,,,,,,,,,,,,,,,,,,,,,,,,,,,,,,,,,
5448,2019,2,26,17,30,6.5,16,50,18,1.4000000000000001,,,,,,,,,,,,,,,,,,,,,,,,,,,,,,,,,,,,
5449,2019,2,26,17,45,6.300000000000001,0,0,0,1.4000000000000001,,,,,,,,,,,,,,,,,,,,,,,,,,,,,,,,,,,,
5450,2019,2,26,18,0,6.1000000000000005,0,0,0,1.4000000000000001,,,,,,,,,,,,,,,,,,,,,,,,,,,,,,,,,,,,
5451,2019,2,26,18,15,6,0,0,0,1.4000000000000001,,,,,,,,,,,,,,,,,,,,,,,,,,,,,,,,,,,,
5452,2019,2,26,18,30,5.800000000000001,0,0,0,1.4000000000000001,,,,,,,,,,,,,,,,,,,,,,,,,,,,,,,,,,,,
5453,2019,2,26,18,45,5.7,0,0,0,1.4000000000000001,,,,,,,,,,,,,,,,,,,,,,,,,,,,,,,,,,,,
5454,2019,2,26,19,0,5.6000000000000005,0,0,0,1.4000000000000001,,,,,,,,,,,,,,,,,,,,,,,,,,,,,,,,,,,,
5455,2019,2,26,19,15,5.5,0,0,0,1.4000000000000001,,,,,,,,,,,,,,,,,,,,,,,,,,,,,,,,,,,,
5456,2019,2,26,19,30,5.4,0,0,0,1.4000000000000001,,,,,,,,,,,,,,,,,,,,,,,,,,,,,,,,,,,,
5457,2019,2,26,19,45,5.2,0,0,0,1.3,,,,,,,,,,,,,,,,,,,,,,,,,,,,,,,,,,,,
5458,2019,2,26,20,0,5.1000000000000005,0,0,0,1.3,,,,,,,,,,,,,,,,,,,,,,,,,,,,,,,,,,,,
5459,2019,2,26,20,15,5.1000000000000005,0,0,0,1.3,,,,,,,,,,,,,,,,,,,,,,,,,,,,,,,,,,,,
5460,2019,2,26,20,30,5,0,0,0,1.3,,,,,,,,,,,,,,,,,,,,,,,,,,,,,,,,,,,,
5461,2019,2,26,20,45,5,0,0,0,1.3,,,,,,,,,,,,,,,,,,,,,,,,,,,,,,,,,,,,
5462,2019,2,26,21,0,5,0,0,0,1.3,,,,,,,,,,,,,,,,,,,,,,,,,,,,,,,,,,,,
5463,2019,2,26,21,15,5,0,0,0,1.3,,,,,,,,,,,,,,,,,,,,,,,,,,,,,,,,,,,,
5464,2019,2,26,21,30,5.1000000000000005,0,0,0,1.2000000000000002,,,,,,,,,,,,,,,,,,,,,,,,,,,,,,,,,,,,
5465,2019,2,26,21,45,5.1000000000000005,0,0,0,1.2000000000000002,,,,,,,,,,,,,,,,,,,,,,,,,,,,,,,,,,,,
5466,2019,2,26,22,0,5.2,0,0,0,1.2000000000000002,,,,,,,,,,,,,,,,,,,,,,,,,,,,,,,,,,,,
5467,2019,2,26,22,15,5.300000000000001,0,0,0,1.2000000000000002,,,,,,,,,,,,,,,,,,,,,,,,,,,,,,,,,,,,
5468,2019,2,26,22,30,5.4,0,0,0,1.1,,,,,,,,,,,,,,,,,,,,,,,,,,,,,,,,,,,,
5469,2019,2,26,22,45,5.5,0,0,0,1.1,,,,,,,,,,,,,,,,,,,,,,,,,,,,,,,,,,,,
5470,2019,2,26,23,0,5.6000000000000005,0,0,0,1,,,,,,,,,,,,,,,,,,,,,,,,,,,,,,,,,,,,
5471,2019,2,26,23,15,5.6000000000000005,0,0,0,1,,,,,,,,,,,,,,,,,,,,,,,,,,,,,,,,,,,,
5472,2019,2,26,23,30,5.7,0,0,0,0.9,,,,,,,,,,,,,,,,,,,,,,,,,,,,,,,,,,,,
5473,2019,2,26,23,45,5.800000000000001,0,0,0,0.8,,,,,,,,,,,,,,,,,,,,,,,,,,,,,,,,,,,,
5474,2019,2,27,0,0,5.9,0,0,0,0.8,,,,,,,,,,,,,,,,,,,,,,,,,,,,,,,,,,,,
5475,2019,2,27,0,15,5.9,0,0,0,0.8,,,,,,,,,,,,,,,,,,,,,,,,,,,,,,,,,,,,
5476,2019,2,27,0,30,5.9,0,0,0,0.8,,,,,,,,,,,,,,,,,,,,,,,,,,,,,,,,,,,,
5477,2019,2,27,0,45,5.9,0,0,0,0.8,,,,,,,,,,,,,,,,,,,,,,,,,,,,,,,,,,,,
5478,2019,2,27,1,0,5.7,0,0,0,0.8,,,,,,,,,,,,,,,,,,,,,,,,,,,,,,,,,,,,
5479,2019,2,27,1,15,5.6000000000000005,0,0,0,0.8,,,,,,,,,,,,,,,,,,,,,,,,,,,,,,,,,,,,
5480,2019,2,27,1,30,5.4,0,0,0,0.9,,,,,,,,,,,,,,,,,,,,,,,,,,,,,,,,,,,,
5481,2019,2,27,1,45,5.300000000000001,0,0,0,1,,,,,,,,,,,,,,,,,,,,,,,,,,,,,,,,,,,,
5482,2019,2,27,2,0,5.2,0,0,0,1,,,,,,,,,,,,,,,,,,,,,,,,,,,,,,,,,,,,
5483,2019,2,27,2,15,4.9,0,0,0,1.1,,,,,,,,,,,,,,,,,,,,,,,,,,,,,,,,,,,,
5484,2019,2,27,2,30,4.7,0,0,0,1.1,,,,,,,,,,,,,,,,,,,,,,,,,,,,,,,,,,,,
5485,2019,2,27,2,45,4.5,0,0,0,1.2000000000000002,,,,,,,,,,,,,,,,,,,,,,,,,,,,,,,,,,,,
5486,2019,2,27,3,0,4.2,0,0,0,1.3,,,,,,,,,,,,,,,,,,,,,,,,,,,,,,,,,,,,
5487,2019,2,27,3,15,3.9000000000000004,0,0,0,1.3,,,,,,,,,,,,,,,,,,,,,,,,,,,,,,,,,,,,
5488,2019,2,27,3,30,3.7,0,0,0,1.3,,,,,,,,,,,,,,,,,,,,,,,,,,,,,,,,,,,,
5489,2019,2,27,3,45,3.4000000000000004,0,0,0,1.4000000000000001,,,,,,,,,,,,,,,,,,,,,,,,,,,,,,,,,,,,
5490,2019,2,27,4,0,3.1,0,0,0,1.4000000000000001,,,,,,,,,,,,,,,,,,,,,,,,,,,,,,,,,,,,
5491,2019,2,27,4,15,2.8000000000000003,0,0,0,1.4000000000000001,,,,,,,,,,,,,,,,,,,,,,,,,,,,,,,,,,,,
5492,2019,2,27,4,30,2.5,0,0,0,1.4000000000000001,,,,,,,,,,,,,,,,,,,,,,,,,,,,,,,,,,,,
5493,2019,2,27,4,45,2.2,0,0,0,1.4000000000000001,,,,,,,,,,,,,,,,,,,,,,,,,,,,,,,,,,,,
5494,2019,2,27,5,0,1.9000000000000001,0,0,0,1.4000000000000001,,,,,,,,,,,,,,,,,,,,,,,,,,,,,,,,,,,,
5495,2019,2,27,5,15,1.7000000000000002,0,0,0,1.4000000000000001,,,,,,,,,,,,,,,,,,,,,,,,,,,,,,,,,,,,
5496,2019,2,27,5,30,1.4000000000000001,0,0,0,1.4000000000000001,,,,,,,,,,,,,,,,,,,,,,,,,,,,,,,,,,,,
5497,2019,2,27,5,45,1.2000000000000002,0,0,0,1.4000000000000001,,,,,,,,,,,,,,,,,,,,,,,,,,,,,,,,,,,,
5498,2019,2,27,6,0,0.9,0,0,0,1.4000000000000001,,,,,,,,,,,,,,,,,,,,,,,,,,,,,,,,,,,,
5499,2019,2,27,6,15,1,0,0,0,1.4000000000000001,,,,,,,,,,,,,,,,,,,,,,,,,,,,,,,,,,,,
5500,2019,2,27,6,30,1.2000000000000002,0,0,0,1.4000000000000001,,,,,,,,,,,,,,,,,,,,,,,,,,,,,,,,,,,,
5501,2019,2,27,6,45,1.3,0,0,0,1.4000000000000001,,,,,,,,,,,,,,,,,,,,,,,,,,,,,,,,,,,,
5502,2019,2,27,7,0,1.4000000000000001,0,0,0,1.4000000000000001,,,,,,,,,,,,,,,,,,,,,,,,,,,,,,,,,,,,
5503,2019,2,27,7,15,2.3000000000000003,11,61,12,1.6,,,,,,,,,,,,,,,,,,,,,,,,,,,,,,,,,,,,
5504,2019,2,27,7,30,3.2,22,190,33,1.8,,,,,,,,,,,,,,,,,,,,,,,,,,,,,,,,,,,,
5505,2019,2,27,7,45,4.1000000000000005,32,331,62,2,,,,,,,,,,,,,,,,,,,,,,,,,,,,,,,,,,,,
5506,2019,2,27,8,0,5,40,428,95,2.2,,,,,,,,,,,,,,,,,,,,,,,,,,,,,,,,,,,,
5507,2019,2,27,8,15,5.5,47,505,130,2.4000000000000004,,,,,,,,,,,,,,,,,,,,,,,,,,,,,,,,,,,,
5508,2019,2,27,8,30,6,53,574,168,2.5,,,,,,,,,,,,,,,,,,,,,,,,,,,,,,,,,,,,
5509,2019,2,27,8,45,6.5,56,645,206,2.6,,,,,,,,,,,,,,,,,,,,,,,,,,,,,,,,,,,,
5510,2019,2,27,9,0,7.1000000000000005,60,687,242,2.8000000000000003,,,,,,,,,,,,,,,,,,,,,,,,,,,,,,,,,,,,
5511,2019,2,27,9,15,7.6000000000000005,64,721,277,2.6,,,,,,,,,,,,,,,,,,,,,,,,,,,,,,,,,,,,
5512,2019,2,27,9,30,8.200000000000001,67,750,310,2.5,,,,,,,,,,,,,,,,,,,,,,,,,,,,,,,,,,,,
5513,2019,2,27,9,45,8.8,66,794,345,2.4000000000000004,,,,,,,,,,,,,,,,,,,,,,,,,,,,,,,,,,,,
5514,2019,2,27,10,0,9.4,68,814,375,2.3000000000000003,,,,,,,,,,,,,,,,,,,,,,,,,,,,,,,,,,,,
5515,2019,2,27,10,15,10.100000000000001,70,830,402,2.2,,,,,,,,,,,,,,,,,,,,,,,,,,,,,,,,,,,,
5516,2019,2,27,10,30,10.9,72,852,430,2.2,,,,,,,,,,,,,,,,,,,,,,,,,,,,,,,,,,,,
5517,2019,2,27,10,45,11.600000000000001,71,874,455,2.1,,,,,,,,,,,,,,,,,,,,,,,,,,,,,,,,,,,,
5518,2019,2,27,11,0,12.4,72,884,474,2.1,,,,,,,,,,,,,,,,,,,,,,,,,,,,,,,,,,,,
5519,2019,2,27,11,15,13,73,892,491,2.1,,,,,,,,,,,,,,,,,,,,,,,,,,,,,,,,,,,,
5520,2019,2,27,11,30,13.600000000000001,74,898,505,2.1,,,,,,,,,,,,,,,,,,,,,,,,,,,,,,,,,,,,
5521,2019,2,27,11,45,14.200000000000001,72,903,513,2.1,,,,,,,,,,,,,,,,,,,,,,,,,,,,,,,,,,,,
5522,2019,2,27,12,0,14.8,72,906,520,2,,,,,,,,,,,,,,,,,,,,,,,,,,,,,,,,,,,,
5523,2019,2,27,12,15,15,73,908,525,2.1,,,,,,,,,,,,,,,,,,,,,,,,,,,,,,,,,,,,
5524,2019,2,27,12,30,15.3,73,909,526,2.1,,,,,,,,,,,,,,,,,,,,,,,,,,,,,,,,,,,,
5525,2019,2,27,12,45,15.5,73,905,523,2.1,,,,,,,,,,,,,,,,,,,,,,,,,,,,,,,,,,,,
5526,2019,2,27,13,0,15.700000000000001,73,903,517,2.1,,,,,,,,,,,,,,,,,,,,,,,,,,,,,,,,,,,,
5527,2019,2,27,13,15,15.8,73,899,509,2.2,,,,,,,,,,,,,,,,,,,,,,,,,,,,,,,,,,,,
5528,2019,2,27,13,30,15.8,72,894,497,2.2,,,,,,,,,,,,,,,,,,,,,,,,,,,,,,,,,,,,
5529,2019,2,27,13,45,15.8,71,889,483,2.2,,,,,,,,,,,,,,,,,,,,,,,,,,,,,,,,,,,,
5530,2019,2,27,14,0,15.8,70,880,465,2.2,,,,,,,,,,,,,,,,,,,,,,,,,,,,,,,,,,,,
5531,2019,2,27,14,15,15.600000000000001,68,870,444,2.1,,,,,,,,,,,,,,,,,,,,,,,,,,,,,,,,,,,,
5532,2019,2,27,14,30,15.4,67,858,421,1.9000000000000001,,,,,,,,,,,,,,,,,,,,,,,,,,,,,,,,,,,,
5533,2019,2,27,14,45,15.200000000000001,65,844,395,1.7000000000000002,,,,,,,,,,,,,,,,,,,,,,,,,,,,,,,,,,,,
5534,2019,2,27,15,0,15,63,820,364,1.6,,,,,,,,,,,,,,,,,,,,,,,,,,,,,,,,,,,,
5535,2019,2,27,15,15,14.200000000000001,61,799,334,1.5,,,,,,,,,,,,,,,,,,,,,,,,,,,,,,,,,,,,
5536,2019,2,27,15,30,13.5,58,775,301,1.3,,,,,,,,,,,,,,,,,,,,,,,,,,,,,,,,,,,,
5537,2019,2,27,15,45,12.700000000000001,55,749,268,1.2000000000000002,,,,,,,,,,,,,,,,,,,,,,,,,,,,,,,,,,,,
5538,2019,2,27,16,0,11.9,52,715,233,1.1,,,,,,,,,,,,,,,,,,,,,,,,,,,,,,,,,,,,
5539,2019,2,27,16,15,11.100000000000001,48,673,196,1.2000000000000002,,,,,,,,,,,,,,,,,,,,,,,,,,,,,,,,,,,,
5540,2019,2,27,16,30,10.200000000000001,43,623,160,1.3,,,,,,,,,,,,,,,,,,,,,,,,,,,,,,,,,,,,
5541,2019,2,27,16,45,9.4,38,564,123,1.4000000000000001,,,,,,,,,,,,,,,,,,,,,,,,,,,,,,,,,,,,
5542,2019,2,27,17,0,8.5,32,487,88,1.5,,,,,,,,,,,,,,,,,,,,,,,,,,,,,,,,,,,,
5543,2019,2,27,17,15,8.1,25,387,55,1.5,,,,,,,,,,,,,,,,,,,,,,,,,,,,,,,,,,,,
5544,2019,2,27,17,30,7.7,16,259,27,1.5,,,,,,,,,,,,,,,,,,,,,,,,,,,,,,,,,,,,
5545,2019,2,27,17,45,7.300000000000001,0,0,0,1.6,,,,,,,,,,,,,,,,,,,,,,,,,,,,,,,,,,,,
5546,2019,2,27,18,0,6.800000000000001,0,0,0,1.6,,,,,,,,,,,,,,,,,,,,,,,,,,,,,,,,,,,,
5547,2019,2,27,18,15,6.6000000000000005,0,0,0,1.7000000000000002,,,,,,,,,,,,,,,,,,,,,,,,,,,,,,,,,,,,
5548,2019,2,27,18,30,6.4,0,0,0,1.7000000000000002,,,,,,,,,,,,,,,,,,,,,,,,,,,,,,,,,,,,
5549,2019,2,27,18,45,6.2,0,0,0,1.8,,,,,,,,,,,,,,,,,,,,,,,,,,,,,,,,,,,,
5550,2019,2,27,19,0,6,0,0,0,1.8,,,,,,,,,,,,,,,,,,,,,,,,,,,,,,,,,,,,
5551,2019,2,27,19,15,5.9,0,0,0,1.9000000000000001,,,,,,,,,,,,,,,,,,,,,,,,,,,,,,,,,,,,
5552,2019,2,27,19,30,5.9,0,0,0,2,,,,,,,,,,,,,,,,,,,,,,,,,,,,,,,,,,,,
5553,2019,2,27,19,45,5.800000000000001,0,0,0,2.1,,,,,,,,,,,,,,,,,,,,,,,,,,,,,,,,,,,,
5554,2019,2,27,20,0,5.7,0,0,0,2.2,,,,,,,,,,,,,,,,,,,,,,,,,,,,,,,,,,,,
5555,2019,2,27,20,15,5.7,0,0,0,2.4000000000000004,,,,,,,,,,,,,,,,,,,,,,,,,,,,,,,,,,,,
5556,2019,2,27,20,30,5.7,0,0,0,2.5,,,,,,,,,,,,,,,,,,,,,,,,,,,,,,,,,,,,
5557,2019,2,27,20,45,5.6000000000000005,0,0,0,2.6,,,,,,,,,,,,,,,,,,,,,,,,,,,,,,,,,,,,
5558,2019,2,27,21,0,5.6000000000000005,0,0,0,2.7,,,,,,,,,,,,,,,,,,,,,,,,,,,,,,,,,,,,
5559,2019,2,27,21,15,5.5,0,0,0,2.8000000000000003,,,,,,,,,,,,,,,,,,,,,,,,,,,,,,,,,,,,
5560,2019,2,27,21,30,5.5,0,0,0,2.9000000000000004,,,,,,,,,,,,,,,,,,,,,,,,,,,,,,,,,,,,
5561,2019,2,27,21,45,5.4,0,0,0,3,,,,,,,,,,,,,,,,,,,,,,,,,,,,,,,,,,,,
5562,2019,2,27,22,0,5.4,0,0,0,3.1,,,,,,,,,,,,,,,,,,,,,,,,,,,,,,,,,,,,
5563,2019,2,27,22,15,5.300000000000001,0,0,0,3.2,,,,,,,,,,,,,,,,,,,,,,,,,,,,,,,,,,,,
5564,2019,2,27,22,30,5.2,0,0,0,3.2,,,,,,,,,,,,,,,,,,,,,,,,,,,,,,,,,,,,
5565,2019,2,27,22,45,5.1000000000000005,0,0,0,3.3000000000000003,,,,,,,,,,,,,,,,,,,,,,,,,,,,,,,,,,,,
5566,2019,2,27,23,0,5,0,0,0,3.4000000000000004,,,,,,,,,,,,,,,,,,,,,,,,,,,,,,,,,,,,
5567,2019,2,27,23,15,4.9,0,0,0,3.4000000000000004,,,,,,,,,,,,,,,,,,,,,,,,,,,,,,,,,,,,
5568,2019,2,27,23,30,4.800000000000001,0,0,0,3.5,,,,,,,,,,,,,,,,,,,,,,,,,,,,,,,,,,,,
5569,2019,2,27,23,45,4.800000000000001,0,0,0,3.6,,,,,,,,,,,,,,,,,,,,,,,,,,,,,,,,,,,,
5570,2019,2,28,0,0,4.7,0,0,0,3.6,,,,,,,,,,,,,,,,,,,,,,,,,,,,,,,,,,,,
5571,2019,2,28,0,15,4.7,0,0,0,3.6,,,,,,,,,,,,,,,,,,,,,,,,,,,,,,,,,,,,
5572,2019,2,28,0,30,4.7,0,0,0,3.6,,,,,,,,,,,,,,,,,,,,,,,,,,,,,,,,,,,,
5573,2019,2,28,0,45,4.7,0,0,0,3.6,,,,,,,,,,,,,,,,,,,,,,,,,,,,,,,,,,,,
5574,2019,2,28,1,0,4.3,0,0,0,3.8000000000000003,,,,,,,,,,,,,,,,,,,,,,,,,,,,,,,,,,,,
5575,2019,2,28,1,15,4.2,0,0,0,3.8000000000000003,,,,,,,,,,,,,,,,,,,,,,,,,,,,,,,,,,,,
5576,2019,2,28,1,30,4.1000000000000005,0,0,0,3.8000000000000003,,,,,,,,,,,,,,,,,,,,,,,,,,,,,,,,,,,,
5577,2019,2,28,1,45,4,0,0,0,3.8000000000000003,,,,,,,,,,,,,,,,,,,,,,,,,,,,,,,,,,,,
5578,2019,2,28,2,0,3.9000000000000004,0,0,0,3.8000000000000003,,,,,,,,,,,,,,,,,,,,,,,,,,,,,,,,,,,,
5579,2019,2,28,2,15,3.8000000000000003,0,0,0,3.8000000000000003,,,,,,,,,,,,,,,,,,,,,,,,,,,,,,,,,,,,
5580,2019,2,28,2,30,3.7,0,0,0,3.7,,,,,,,,,,,,,,,,,,,,,,,,,,,,,,,,,,,,
5581,2019,2,28,2,45,3.7,0,0,0,3.7,,,,,,,,,,,,,,,,,,,,,,,,,,,,,,,,,,,,
5582,2019,2,28,3,0,3.6,0,0,0,3.7,,,,,,,,,,,,,,,,,,,,,,,,,,,,,,,,,,,,
5583,2019,2,28,3,15,3.5,0,0,0,3.7,,,,,,,,,,,,,,,,,,,,,,,,,,,,,,,,,,,,
5584,2019,2,28,3,30,3.5,0,0,0,3.6,,,,,,,,,,,,,,,,,,,,,,,,,,,,,,,,,,,,
5585,2019,2,28,3,45,3.4000000000000004,0,0,0,3.6,,,,,,,,,,,,,,,,,,,,,,,,,,,,,,,,,,,,
5586,2019,2,28,4,0,3.4000000000000004,0,0,0,3.6,,,,,,,,,,,,,,,,,,,,,,,,,,,,,,,,,,,,
5587,2019,2,28,4,15,3.4000000000000004,0,0,0,3.6,,,,,,,,,,,,,,,,,,,,,,,,,,,,,,,,,,,,
5588,2019,2,28,4,30,3.3000000000000003,0,0,0,3.6,,,,,,,,,,,,,,,,,,,,,,,,,,,,,,,,,,,,
5589,2019,2,28,4,45,3.3000000000000003,0,0,0,3.6,,,,,,,,,,,,,,,,,,,,,,,,,,,,,,,,,,,,
5590,2019,2,28,5,0,3.3000000000000003,0,0,0,3.6,,,,,,,,,,,,,,,,,,,,,,,,,,,,,,,,,,,,
5591,2019,2,28,5,15,3.3000000000000003,0,0,0,3.6,,,,,,,,,,,,,,,,,,,,,,,,,,,,,,,,,,,,
5592,2019,2,28,5,30,3.3000000000000003,0,0,0,3.6,,,,,,,,,,,,,,,,,,,,,,,,,,,,,,,,,,,,
5593,2019,2,28,5,45,3.2,0,0,0,3.7,,,,,,,,,,,,,,,,,,,,,,,,,,,,,,,,,,,,
5594,2019,2,28,6,0,3.2,0,0,0,3.7,,,,,,,,,,,,,,,,,,,,,,,,,,,,,,,,,,,,
5595,2019,2,28,6,15,3.4000000000000004,0,0,0,3.8000000000000003,,,,,,,,,,,,,,,,,,,,,,,,,,,,,,,,,,,,
5596,2019,2,28,6,30,3.6,0,0,0,4,,,,,,,,,,,,,,,,,,,,,,,,,,,,,,,,,,,,
5597,2019,2,28,6,45,3.8000000000000003,0,0,0,4.1000000000000005,,,,,,,,,,,,,,,,,,,,,,,,,,,,,,,,,,,,
5598,2019,2,28,7,0,4,0,0,0,4.2,,,,,,,,,,,,,,,,,,,,,,,,,,,,,,,,,,,,
5599,2019,2,28,7,15,4.5,12,90,14,4.4,,,,,,,,,,,,,,,,,,,,,,,,,,,,,,,,,,,,
5600,2019,2,28,7,30,5,23,215,36,4.5,,,,,,,,,,,,,,,,,,,,,,,,,,,,,,,,,,,,
5601,2019,2,28,7,45,5.5,35,299,64,4.7,,,,,,,,,,,,,,,,,,,,,,,,,,,,,,,,,,,,
5602,2019,2,28,8,0,5.9,44,390,97,4.800000000000001,,,,,,,,,,,,,,,,,,,,,,,,,,,,,,,,,,,,
5603,2019,2,28,8,15,6.5,52,464,131,4.9,,,,,,,,,,,,,,,,,,,,,,,,,,,,,,,,,,,,
5604,2019,2,28,8,30,7.1000000000000005,59,526,167,5,,,,,,,,,,,,,,,,,,,,,,,,,,,,,,,,,,,,
5605,2019,2,28,8,45,7.7,66,569,202,5,,,,,,,,,,,,,,,,,,,,,,,,,,,,,,,,,,,,
5606,2019,2,28,9,0,8.3,71,613,237,5.1000000000000005,,,,,,,,,,,,,,,,,,,,,,,,,,,,,,,,,,,,
5607,2019,2,28,9,15,8.8,76,649,271,5.300000000000001,,,,,,,,,,,,,,,,,,,,,,,,,,,,,,,,,,,,
5608,2019,2,28,9,30,9.3,80,680,305,5.4,,,,,,,,,,,,,,,,,,,,,,,,,,,,,,,,,,,,
5609,2019,2,28,9,45,9.9,103,606,320,5.6000000000000005,,,,,,,,,,,,,,,,,,,,,,,,,,,,,,,,,,,,
5610,2019,2,28,10,0,10.4,107,630,348,5.800000000000001,,,,,,,,,,,,,,,,,,,,,,,,,,,,,,,,,,,,
5611,2019,2,28,10,15,10.8,164,259,269,5.800000000000001,,,,,,,,,,,,,,,,,,,,,,,,,,,,,,,,,,,,
5612,2019,2,28,10,30,11.100000000000001,170,291,294,5.9,,,,,,,,,,,,,,,,,,,,,,,,,,,,,,,,,,,,
5613,2019,2,28,10,45,11.4,175,320,318,5.9,,,,,,,,,,,,,,,,,,,,,,,,,,,,,,,,,,,,
5614,2019,2,28,11,0,11.700000000000001,175,369,345,5.9,,,,,,,,,,,,,,,,,,,,,,,,,,,,,,,,,,,,
5615,2019,2,28,11,15,11.9,178,386,361,5.9,,,,,,,,,,,,,,,,,,,,,,,,,,,,,,,,,,,,
5616,2019,2,28,11,30,12.100000000000001,196,325,353,5.9,,,,,,,,,,,,,,,,,,,,,,,,,,,,,,,,,,,,
5617,2019,2,28,11,45,12.3,190,380,377,5.9,,,,,,,,,,,,,,,,,,,,,,,,,,,,,,,,,,,,
5618,2019,2,28,12,0,12.5,186,410,391,5.800000000000001,,,,,,,,,,,,,,,,,,,,,,,,,,,,,,,,,,,,
5619,2019,2,28,12,15,12.5,201,349,376,5.800000000000001,,,,,,,,,,,,,,,,,,,,,,,,,,,,,,,,,,,,
5620,2019,2,28,12,30,12.5,191,399,392,5.7,,,,,,,,,,,,,,,,,,,,,,,,,,,,,,,,,,,,
5621,2019,2,28,12,45,12.600000000000001,190,398,390,5.7,,,,,,,,,,,,,,,,,,,,,,,,,,,,,,,,,,,,
5622,2019,2,28,13,0,12.600000000000001,203,320,363,5.6000000000000005,,,,,,,,,,,,,,,,,,,,,,,,,,,,,,,,,,,,
5623,2019,2,28,13,15,12.5,212,233,327,5.5,,,,,,,,,,,,,,,,,,,,,,,,,,,,,,,,,,,,
5624,2019,2,28,13,30,12.4,204,255,327,5.4,,,,,,,,,,,,,,,,,,,,,,,,,,,,,,,,,,,,
5625,2019,2,28,13,45,12.200000000000001,200,238,312,5.2,,,,,,,,,,,,,,,,,,,,,,,,,,,,,,,,,,,,
5626,2019,2,28,14,0,12.100000000000001,189,261,308,5.1000000000000005,,,,,,,,,,,,,,,,,,,,,,,,,,,,,,,,,,,,
5627,2019,2,28,14,15,11.9,160,16,167,4.9,,,,,,,,,,,,,,,,,,,,,,,,,,,,,,,,,,,,
5628,2019,2,28,14,30,11.600000000000001,143,5,145,4.6000000000000005,,,,,,,,,,,,,,,,,,,,,,,,,,,,,,,,,,,,
5629,2019,2,28,14,45,11.3,75,0,75,4.4,,,,,,,,,,,,,,,,,,,,,,,,,,,,,,,,,,,,
5630,2019,2,28,15,0,11.100000000000001,42,0,42,4.1000000000000005,,,,,,,,,,,,,,,,,,,,,,,,,,,,,,,,,,,,
5631,2019,2,28,15,15,10.700000000000001,16,0,16,3.9000000000000004,,,,,,,,,,,,,,,,,,,,,,,,,,,,,,,,,,,,
5632,2019,2,28,15,30,10.3,39,0,39,3.6,,,,,,,,,,,,,,,,,,,,,,,,,,,,,,,,,,,,
5633,2019,2,28,15,45,9.9,53,0,53,3.3000000000000003,,,,,,,,,,,,,,,,,,,,,,,,,,,,,,,,,,,,
5634,2019,2,28,16,0,9.5,46,0,46,3,,,,,,,,,,,,,,,,,,,,,,,,,,,,,,,,,,,,
5635,2019,2,28,16,15,9,38,0,38,2.8000000000000003,,,,,,,,,,,,,,,,,,,,,,,,,,,,,,,,,,,,
5636,2019,2,28,16,30,8.5,32,0,32,2.6,,,,,,,,,,,,,,,,,,,,,,,,,,,,,,,,,,,,
5637,2019,2,28,16,45,8.1,25,0,25,2.4000000000000004,,,,,,,,,,,,,,,,,,,,,,,,,,,,,,,,,,,,
5638,2019,2,28,17,0,7.6000000000000005,19,0,19,2.2,,,,,,,,,,,,,,,,,,,,,,,,,,,,,,,,,,,,
5639,2019,2,28,17,15,7.4,14,0,14,2.2,,,,,,,,,,,,,,,,,,,,,,,,,,,,,,,,,,,,
5640,2019,2,28,17,30,7.2,8,0,8,2.2,,,,,,,,,,,,,,,,,,,,,,,,,,,,,,,,,,,,
5641,2019,2,28,17,45,6.9,0,0,0,2.1,,,,,,,,,,,,,,,,,,,,,,,,,,,,,,,,,,,,
5642,2019,2,28,18,0,6.7,0,0,0,2.1,,,,,,,,,,,,,,,,,,,,,,,,,,,,,,,,,,,,
5643,2019,2,28,18,15,6.6000000000000005,0,0,0,2.1,,,,,,,,,,,,,,,,,,,,,,,,,,,,,,,,,,,,
5644,2019,2,28,18,30,6.4,0,0,0,2.1,,,,,,,,,,,,,,,,,,,,,,,,,,,,,,,,,,,,
5645,2019,2,28,18,45,6.2,0,0,0,2,,,,,,,,,,,,,,,,,,,,,,,,,,,,,,,,,,,,
5646,2019,2,28,19,0,6.1000000000000005,0,0,0,2,,,,,,,,,,,,,,,,,,,,,,,,,,,,,,,,,,,,
5647,2019,2,28,19,15,6,0,0,0,2,,,,,,,,,,,,,,,,,,,,,,,,,,,,,,,,,,,,
5648,2019,2,28,19,30,5.800000000000001,0,0,0,2,,,,,,,,,,,,,,,,,,,,,,,,,,,,,,,,,,,,
5649,2019,2,28,19,45,5.7,0,0,0,2,,,,,,,,,,,,,,,,,,,,,,,,,,,,,,,,,,,,
5650,2019,2,28,20,0,5.6000000000000005,0,0,0,2,,,,,,,,,,,,,,,,,,,,,,,,,,,,,,,,,,,,
5651,2019,2,28,20,15,5.6000000000000005,0,0,0,2,,,,,,,,,,,,,,,,,,,,,,,,,,,,,,,,,,,,
5652,2019,2,28,20,30,5.7,0,0,0,2.1,,,,,,,,,,,,,,,,,,,,,,,,,,,,,,,,,,,,
5653,2019,2,28,20,45,5.7,0,0,0,2.1,,,,,,,,,,,,,,,,,,,,,,,,,,,,,,,,,,,,
5654,2019,2,28,21,0,5.7,0,0,0,2.2,,,,,,,,,,,,,,,,,,,,,,,,,,,,,,,,,,,,
5655,2019,2,28,21,15,5.800000000000001,0,0,0,2.2,,,,,,,,,,,,,,,,,,,,,,,,,,,,,,,,,,,,
5656,2019,2,28,21,30,5.9,0,0,0,2.2,,,,,,,,,,,,,,,,,,,,,,,,,,,,,,,,,,,,
5657,2019,2,28,21,45,6,0,0,0,2.3000000000000003,,,,,,,,,,,,,,,,,,,,,,,,,,,,,,,,,,,,
5658,2019,2,28,22,0,6.1000000000000005,0,0,0,2.3000000000000003,,,,,,,,,,,,,,,,,,,,,,,,,,,,,,,,,,,,
5659,2019,2,28,22,15,6.2,0,0,0,2.3000000000000003,,,,,,,,,,,,,,,,,,,,,,,,,,,,,,,,,,,,
5660,2019,2,28,22,30,6.300000000000001,0,0,0,2.3000000000000003,,,,,,,,,,,,,,,,,,,,,,,,,,,,,,,,,,,,
5661,2019,2,28,22,45,6.300000000000001,0,0,0,2.3000000000000003,,,,,,,,,,,,,,,,,,,,,,,,,,,,,,,,,,,,
5662,2019,2,28,23,0,6.4,0,0,0,2.2,,,,,,,,,,,,,,,,,,,,,,,,,,,,,,,,,,,,
5663,2019,2,28,23,15,6.300000000000001,0,0,0,2.2,,,,,,,,,,,,,,,,,,,,,,,,,,,,,,,,,,,,
5664,2019,2,28,23,30,6.300000000000001,0,0,0,2.1,,,,,,,,,,,,,,,,,,,,,,,,,,,,,,,,,,,,
5665,2019,2,28,23,45,6.2,0,0,0,2.1,,,,,,,,,,,,,,,,,,,,,,,,,,,,,,,,,,,,
5666,2019,3,1,0,0,6.1000000000000005,0,0,0,2,,,,,,,,,,,,,,,,,,,,,,,,,,,,,,,,,,,,
5667,2019,3,1,0,15,6.1000000000000005,0,0,0,2,,,,,,,,,,,,,,,,,,,,,,,,,,,,,,,,,,,,
5668,2019,3,1,0,30,6.1000000000000005,0,0,0,2,,,,,,,,,,,,,,,,,,,,,,,,,,,,,,,,,,,,
5669,2019,3,1,0,45,6.1000000000000005,0,0,0,2,,,,,,,,,,,,,,,,,,,,,,,,,,,,,,,,,,,,
5670,2019,3,1,1,0,5.800000000000001,0,0,0,1.9000000000000001,,,,,,,,,,,,,,,,,,,,,,,,,,,,,,,,,,,,
5671,2019,3,1,1,15,5.800000000000001,0,0,0,1.9000000000000001,,,,,,,,,,,,,,,,,,,,,,,,,,,,,,,,,,,,
5672,2019,3,1,1,30,5.9,0,0,0,1.9000000000000001,,,,,,,,,,,,,,,,,,,,,,,,,,,,,,,,,,,,
5673,2019,3,1,1,45,5.9,0,0,0,2,,,,,,,,,,,,,,,,,,,,,,,,,,,,,,,,,,,,
5674,2019,3,1,2,0,5.9,0,0,0,2,,,,,,,,,,,,,,,,,,,,,,,,,,,,,,,,,,,,
5675,2019,3,1,2,15,5.9,0,0,0,2,,,,,,,,,,,,,,,,,,,,,,,,,,,,,,,,,,,,
5676,2019,3,1,2,30,5.9,0,0,0,2,,,,,,,,,,,,,,,,,,,,,,,,,,,,,,,,,,,,
5677,2019,3,1,2,45,5.9,0,0,0,2.1,,,,,,,,,,,,,,,,,,,,,,,,,,,,,,,,,,,,
5678,2019,3,1,3,0,5.9,0,0,0,2.1,,,,,,,,,,,,,,,,,,,,,,,,,,,,,,,,,,,,
5679,2019,3,1,3,15,5.9,0,0,0,2,,,,,,,,,,,,,,,,,,,,,,,,,,,,,,,,,,,,
5680,2019,3,1,3,30,5.800000000000001,0,0,0,2,,,,,,,,,,,,,,,,,,,,,,,,,,,,,,,,,,,,
5681,2019,3,1,3,45,5.800000000000001,0,0,0,2,,,,,,,,,,,,,,,,,,,,,,,,,,,,,,,,,,,,
5682,2019,3,1,4,0,5.7,0,0,0,1.9000000000000001,,,,,,,,,,,,,,,,,,,,,,,,,,,,,,,,,,,,
5683,2019,3,1,4,15,5.7,0,0,0,1.9000000000000001,,,,,,,,,,,,,,,,,,,,,,,,,,,,,,,,,,,,
5684,2019,3,1,4,30,5.7,0,0,0,1.9000000000000001,,,,,,,,,,,,,,,,,,,,,,,,,,,,,,,,,,,,
5685,2019,3,1,4,45,5.7,0,0,0,1.9000000000000001,,,,,,,,,,,,,,,,,,,,,,,,,,,,,,,,,,,,
5686,2019,3,1,5,0,5.7,0,0,0,1.9000000000000001,,,,,,,,,,,,,,,,,,,,,,,,,,,,,,,,,,,,
5687,2019,3,1,5,15,5.7,0,0,0,1.9000000000000001,,,,,,,,,,,,,,,,,,,,,,,,,,,,,,,,,,,,
5688,2019,3,1,5,30,5.800000000000001,0,0,0,2,,,,,,,,,,,,,,,,,,,,,,,,,,,,,,,,,,,,
5689,2019,3,1,5,45,5.800000000000001,0,0,0,2,,,,,,,,,,,,,,,,,,,,,,,,,,,,,,,,,,,,
5690,2019,3,1,6,0,5.9,0,0,0,2,,,,,,,,,,,,,,,,,,,,,,,,,,,,,,,,,,,,
5691,2019,3,1,6,15,6,0,0,0,2,,,,,,,,,,,,,,,,,,,,,,,,,,,,,,,,,,,,
5692,2019,3,1,6,30,6.1000000000000005,0,0,0,2.1,,,,,,,,,,,,,,,,,,,,,,,,,,,,,,,,,,,,
5693,2019,3,1,6,45,6.2,0,0,0,2.1,,,,,,,,,,,,,,,,,,,,,,,,,,,,,,,,,,,,
5694,2019,3,1,7,0,6.300000000000001,0,0,0,2.2,,,,,,,,,,,,,,,,,,,,,,,,,,,,,,,,,,,,
5695,2019,3,1,7,15,6.5,2,0,2,2.3000000000000003,,,,,,,,,,,,,,,,,,,,,,,,,,,,,,,,,,,,
5696,2019,3,1,7,30,6.7,4,0,4,2.4000000000000004,,,,,,,,,,,,,,,,,,,,,,,,,,,,,,,,,,,,
5697,2019,3,1,7,45,7,5,0,5,2.6,,,,,,,,,,,,,,,,,,,,,,,,,,,,,,,,,,,,
5698,2019,3,1,8,0,7.2,7,0,7,2.7,,,,,,,,,,,,,,,,,,,,,,,,,,,,,,,,,,,,
5699,2019,3,1,8,15,7.4,9,0,9,2.8000000000000003,,,,,,,,,,,,,,,,,,,,,,,,,,,,,,,,,,,,
5700,2019,3,1,8,30,7.5,12,0,12,2.8000000000000003,,,,,,,,,,,,,,,,,,,,,,,,,,,,,,,,,,,,
5701,2019,3,1,8,45,7.7,14,0,14,2.9000000000000004,,,,,,,,,,,,,,,,,,,,,,,,,,,,,,,,,,,,
5702,2019,3,1,9,0,7.9,17,0,17,2.9000000000000004,,,,,,,,,,,,,,,,,,,,,,,,,,,,,,,,,,,,
5703,2019,3,1,9,15,8.1,19,0,19,3,,,,,,,,,,,,,,,,,,,,,,,,,,,,,,,,,,,,
5704,2019,3,1,9,30,8.3,22,0,22,3.1,,,,,,,,,,,,,,,,,,,,,,,,,,,,,,,,,,,,
5705,2019,3,1,9,45,8.5,25,0,25,3.1,,,,,,,,,,,,,,,,,,,,,,,,,,,,,,,,,,,,
5706,2019,3,1,10,0,8.700000000000001,28,0,28,3.2,,,,,,,,,,,,,,,,,,,,,,,,,,,,,,,,,,,,
5707,2019,3,1,10,15,8.8,30,0,30,3.3000000000000003,,,,,,,,,,,,,,,,,,,,,,,,,,,,,,,,,,,,
5708,2019,3,1,10,30,9,32,0,32,3.4000000000000004,,,,,,,,,,,,,,,,,,,,,,,,,,,,,,,,,,,,
5709,2019,3,1,10,45,9.200000000000001,34,0,34,3.5,,,,,,,,,,,,,,,,,,,,,,,,,,,,,,,,,,,,
5710,2019,3,1,11,0,9.3,35,0,35,3.6,,,,,,,,,,,,,,,,,,,,,,,,,,,,,,,,,,,,
5711,2019,3,1,11,15,9.3,38,0,38,3.6,,,,,,,,,,,,,,,,,,,,,,,,,,,,,,,,,,,,
5712,2019,3,1,11,30,9.3,39,0,39,3.7,,,,,,,,,,,,,,,,,,,,,,,,,,,,,,,,,,,,
5713,2019,3,1,11,45,9.3,40,0,40,3.8000000000000003,,,,,,,,,,,,,,,,,,,,,,,,,,,,,,,,,,,,
5714,2019,3,1,12,0,9.3,41,0,41,3.8000000000000003,,,,,,,,,,,,,,,,,,,,,,,,,,,,,,,,,,,,
5715,2019,3,1,12,15,9.200000000000001,41,0,41,3.9000000000000004,,,,,,,,,,,,,,,,,,,,,,,,,,,,,,,,,,,,
5716,2019,3,1,12,30,9,42,0,42,4,,,,,,,,,,,,,,,,,,,,,,,,,,,,,,,,,,,,
5717,2019,3,1,12,45,8.9,42,0,42,4.1000000000000005,,,,,,,,,,,,,,,,,,,,,,,,,,,,,,,,,,,,
5718,2019,3,1,13,0,8.700000000000001,41,0,41,4.1000000000000005,,,,,,,,,,,,,,,,,,,,,,,,,,,,,,,,,,,,
5719,2019,3,1,13,15,8.5,22,0,22,4.2,,,,,,,,,,,,,,,,,,,,,,,,,,,,,,,,,,,,
5720,2019,3,1,13,30,8.3,39,0,39,4.2,,,,,,,,,,,,,,,,,,,,,,,,,,,,,,,,,,,,
5721,2019,3,1,13,45,8,38,0,38,4.2,,,,,,,,,,,,,,,,,,,,,,,,,,,,,,,,,,,,
5722,2019,3,1,14,0,7.800000000000001,35,0,35,4.2,,,,,,,,,,,,,,,,,,,,,,,,,,,,,,,,,,,,
5723,2019,3,1,14,15,7.5,34,0,34,4.2,,,,,,,,,,,,,,,,,,,,,,,,,,,,,,,,,,,,
5724,2019,3,1,14,30,7.300000000000001,31,0,31,4.1000000000000005,,,,,,,,,,,,,,,,,,,,,,,,,,,,,,,,,,,,
5725,2019,3,1,14,45,7.1000000000000005,29,0,29,4.1000000000000005,,,,,,,,,,,,,,,,,,,,,,,,,,,,,,,,,,,,
5726,2019,3,1,15,0,6.9,26,0,26,4,,,,,,,,,,,,,,,,,,,,,,,,,,,,,,,,,,,,
5727,2019,3,1,15,15,6.7,24,0,24,3.9000000000000004,,,,,,,,,,,,,,,,,,,,,,,,,,,,,,,,,,,,
5728,2019,3,1,15,30,6.5,21,0,21,3.8000000000000003,,,,,,,,,,,,,,,,,,,,,,,,,,,,,,,,,,,,
5729,2019,3,1,15,45,6.300000000000001,19,0,19,3.6,,,,,,,,,,,,,,,,,,,,,,,,,,,,,,,,,,,,
5730,2019,3,1,16,0,6.1000000000000005,103,404,210,3.5,,,,,,,,,,,,,,,,,,,,,,,,,,,,,,,,,,,,
5731,2019,3,1,16,15,5.800000000000001,94,362,177,3.3000000000000003,,,,,,,,,,,,,,,,,,,,,,,,,,,,,,,,,,,,
5732,2019,3,1,16,30,5.5,11,0,11,3,,,,,,,,,,,,,,,,,,,,,,,,,,,,,,,,,,,,
5733,2019,3,1,16,45,5.2,8,0,8,2.8000000000000003,,,,,,,,,,,,,,,,,,,,,,,,,,,,,,,,,,,,
5734,2019,3,1,17,0,5,6,0,6,2.5,,,,,,,,,,,,,,,,,,,,,,,,,,,,,,,,,,,,
5735,2019,3,1,17,15,4.800000000000001,5,0,5,2.4000000000000004,,,,,,,,,,,,,,,,,,,,,,,,,,,,,,,,,,,,
5736,2019,3,1,17,30,4.6000000000000005,22,73,26,2.3000000000000003,,,,,,,,,,,,,,,,,,,,,,,,,,,,,,,,,,,,
5737,2019,3,1,17,45,4.4,0,0,0,2.2,,,,,,,,,,,,,,,,,,,,,,,,,,,,,,,,,,,,
5738,2019,3,1,18,0,4.2,0,0,0,2.1,,,,,,,,,,,,,,,,,,,,,,,,,,,,,,,,,,,,
5739,2019,3,1,18,15,3.9000000000000004,0,0,0,2,,,,,,,,,,,,,,,,,,,,,,,,,,,,,,,,,,,,
5740,2019,3,1,18,30,3.7,0,0,0,1.9000000000000001,,,,,,,,,,,,,,,,,,,,,,,,,,,,,,,,,,,,
5741,2019,3,1,18,45,3.5,0,0,0,1.8,,,,,,,,,,,,,,,,,,,,,,,,,,,,,,,,,,,,
5742,2019,3,1,19,0,3.3000000000000003,0,0,0,1.6,,,,,,,,,,,,,,,,,,,,,,,,,,,,,,,,,,,,
5743,2019,3,1,19,15,3.1,0,0,0,1.6,,,,,,,,,,,,,,,,,,,,,,,,,,,,,,,,,,,,
5744,2019,3,1,19,30,2.9000000000000004,0,0,0,1.6,,,,,,,,,,,,,,,,,,,,,,,,,,,,,,,,,,,,
5745,2019,3,1,19,45,2.8000000000000003,0,0,0,1.5,,,,,,,,,,,,,,,,,,,,,,,,,,,,,,,,,,,,
5746,2019,3,1,20,0,2.6,0,0,0,1.5,,,,,,,,,,,,,,,,,,,,,,,,,,,,,,,,,,,,
5747,2019,3,1,20,15,2.5,0,0,0,1.5,,,,,,,,,,,,,,,,,,,,,,,,,,,,,,,,,,,,
5748,2019,3,1,20,30,2.5,0,0,0,1.5,,,,,,,,,,,,,,,,,,,,,,,,,,,,,,,,,,,,
5749,2019,3,1,20,45,2.4000000000000004,0,0,0,1.5,,,,,,,,,,,,,,,,,,,,,,,,,,,,,,,,,,,,
5750,2019,3,1,21,0,2.3000000000000003,0,0,0,1.6,,,,,,,,,,,,,,,,,,,,,,,,,,,,,,,,,,,,
5751,2019,3,1,21,15,2.3000000000000003,0,0,0,1.6,,,,,,,,,,,,,,,,,,,,,,,,,,,,,,,,,,,,
5752,2019,3,1,21,30,2.4000000000000004,0,0,0,1.7000000000000002,,,,,,,,,,,,,,,,,,,,,,,,,,,,,,,,,,,,
5753,2019,3,1,21,45,2.4000000000000004,0,0,0,1.7000000000000002,,,,,,,,,,,,,,,,,,,,,,,,,,,,,,,,,,,,
5754,2019,3,1,22,0,2.4000000000000004,0,0,0,1.8,,,,,,,,,,,,,,,,,,,,,,,,,,,,,,,,,,,,
5755,2019,3,1,22,15,2.4000000000000004,0,0,0,1.8,,,,,,,,,,,,,,,,,,,,,,,,,,,,,,,,,,,,
5756,2019,3,1,22,30,2.4000000000000004,0,0,0,1.8,,,,,,,,,,,,,,,,,,,,,,,,,,,,,,,,,,,,
5757,2019,3,1,22,45,2.4000000000000004,0,0,0,1.8,,,,,,,,,,,,,,,,,,,,,,,,,,,,,,,,,,,,
5758,2019,3,1,23,0,2.4000000000000004,0,0,0,1.8,,,,,,,,,,,,,,,,,,,,,,,,,,,,,,,,,,,,
5759,2019,3,1,23,15,2.4000000000000004,0,0,0,1.8,,,,,,,,,,,,,,,,,,,,,,,,,,,,,,,,,,,,
5760,2019,3,1,23,30,2.4000000000000004,0,0,0,1.8,,,,,,,,,,,,,,,,,,,,,,,,,,,,,,,,,,,,
5761,2019,3,1,23,45,2.3000000000000003,0,0,0,1.8,,,,,,,,,,,,,,,,,,,,,,,,,,,,,,,,,,,,
5762,2019,3,2,0,0,2.3000000000000003,0,0,0,1.8,,,,,,,,,,,,,,,,,,,,,,,,,,,,,,,,,,,,
5763,2019,3,2,0,15,2.3000000000000003,0,0,0,1.8,,,,,,,,,,,,,,,,,,,,,,,,,,,,,,,,,,,,
5764,2019,3,2,0,30,2.3000000000000003,0,0,0,1.8,,,,,,,,,,,,,,,,,,,,,,,,,,,,,,,,,,,,
5765,2019,3,2,0,45,2.3000000000000003,0,0,0,1.8,,,,,,,,,,,,,,,,,,,,,,,,,,,,,,,,,,,,
5766,2019,3,2,1,0,2.3000000000000003,0,0,0,1.9000000000000001,,,,,,,,,,,,,,,,,,,,,,,,,,,,,,,,,,,,
5767,2019,3,2,1,15,2.2,0,0,0,1.9000000000000001,,,,,,,,,,,,,,,,,,,,,,,,,,,,,,,,,,,,
5768,2019,3,2,1,30,2.2,0,0,0,1.9000000000000001,,,,,,,,,,,,,,,,,,,,,,,,,,,,,,,,,,,,
5769,2019,3,2,1,45,2.2,0,0,0,2,,,,,,,,,,,,,,,,,,,,,,,,,,,,,,,,,,,,
5770,2019,3,2,2,0,2.1,0,0,0,2,,,,,,,,,,,,,,,,,,,,,,,,,,,,,,,,,,,,
5771,2019,3,2,2,15,2,0,0,0,2,,,,,,,,,,,,,,,,,,,,,,,,,,,,,,,,,,,,
5772,2019,3,2,2,30,1.9000000000000001,0,0,0,2,,,,,,,,,,,,,,,,,,,,,,,,,,,,,,,,,,,,
5773,2019,3,2,2,45,1.8,0,0,0,2,,,,,,,,,,,,,,,,,,,,,,,,,,,,,,,,,,,,
5774,2019,3,2,3,0,1.7000000000000002,0,0,0,2,,,,,,,,,,,,,,,,,,,,,,,,,,,,,,,,,,,,
5775,2019,3,2,3,15,1.7000000000000002,0,0,0,2,,,,,,,,,,,,,,,,,,,,,,,,,,,,,,,,,,,,
5776,2019,3,2,3,30,1.6,0,0,0,2.1,,,,,,,,,,,,,,,,,,,,,,,,,,,,,,,,,,,,
5777,2019,3,2,3,45,1.5,0,0,0,2.1,,,,,,,,,,,,,,,,,,,,,,,,,,,,,,,,,,,,
5778,2019,3,2,4,0,1.5,0,0,0,2.1,,,,,,,,,,,,,,,,,,,,,,,,,,,,,,,,,,,,
5779,2019,3,2,4,15,1.5,0,0,0,2.1,,,,,,,,,,,,,,,,,,,,,,,,,,,,,,,,,,,,
5780,2019,3,2,4,30,1.4000000000000001,0,0,0,2.1,,,,,,,,,,,,,,,,,,,,,,,,,,,,,,,,,,,,
5781,2019,3,2,4,45,1.4000000000000001,0,0,0,2.1,,,,,,,,,,,,,,,,,,,,,,,,,,,,,,,,,,,,
5782,2019,3,2,5,0,1.4000000000000001,0,0,0,2.1,,,,,,,,,,,,,,,,,,,,,,,,,,,,,,,,,,,,
5783,2019,3,2,5,15,1.3,0,0,0,2,,,,,,,,,,,,,,,,,,,,,,,,,,,,,,,,,,,,
5784,2019,3,2,5,30,1.2000000000000002,0,0,0,2,,,,,,,,,,,,,,,,,,,,,,,,,,,,,,,,,,,,
5785,2019,3,2,5,45,1.1,0,0,0,1.9000000000000001,,,,,,,,,,,,,,,,,,,,,,,,,,,,,,,,,,,,
5786,2019,3,2,6,0,1,0,0,0,1.8,,,,,,,,,,,,,,,,,,,,,,,,,,,,,,,,,,,,
5787,2019,3,2,6,15,1.2000000000000002,0,0,0,1.9000000000000001,,,,,,,,,,,,,,,,,,,,,,,,,,,,,,,,,,,,
5788,2019,3,2,6,30,1.3,0,0,0,2.1,,,,,,,,,,,,,,,,,,,,,,,,,,,,,,,,,,,,
5789,2019,3,2,6,45,1.5,0,0,0,2.2,,,,,,,,,,,,,,,,,,,,,,,,,,,,,,,,,,,,
5790,2019,3,2,7,0,1.6,0,0,0,2.3000000000000003,,,,,,,,,,,,,,,,,,,,,,,,,,,,,,,,,,,,
5791,2019,3,2,7,15,2,2,0,2,2.4000000000000004,,,,,,,,,,,,,,,,,,,,,,,,,,,,,,,,,,,,
5792,2019,3,2,7,30,2.3000000000000003,4,0,4,2.5,,,,,,,,,,,,,,,,,,,,,,,,,,,,,,,,,,,,
5793,2019,3,2,7,45,2.6,6,0,6,2.7,,,,,,,,,,,,,,,,,,,,,,,,,,,,,,,,,,,,
5794,2019,3,2,8,0,2.9000000000000004,8,0,8,2.8000000000000003,,,,,,,,,,,,,,,,,,,,,,,,,,,,,,,,,,,,
5795,2019,3,2,8,15,3.3000000000000003,53,507,145,2.9000000000000004,,,,,,,,,,,,,,,,,,,,,,,,,,,,,,,,,,,,
5796,2019,3,2,8,30,3.6,59,564,181,3,,,,,,,,,,,,,,,,,,,,,,,,,,,,,,,,,,,,
5797,2019,3,2,8,45,4,15,0,15,3.1,,,,,,,,,,,,,,,,,,,,,,,,,,,,,,,,,,,,
5798,2019,3,2,9,0,4.4,18,0,18,3.2,,,,,,,,,,,,,,,,,,,,,,,,,,,,,,,,,,,,
5799,2019,3,2,9,15,4.6000000000000005,20,0,20,3.3000000000000003,,,,,,,,,,,,,,,,,,,,,,,,,,,,,,,,,,,,
5800,2019,3,2,9,30,4.800000000000001,23,0,23,3.3000000000000003,,,,,,,,,,,,,,,,,,,,,,,,,,,,,,,,,,,,
5801,2019,3,2,9,45,5,14,0,14,3.4000000000000004,,,,,,,,,,,,,,,,,,,,,,,,,,,,,,,,,,,,
5802,2019,3,2,10,0,5.2,16,0,16,3.5,,,,,,,,,,,,,,,,,,,,,,,,,,,,,,,,,,,,
5803,2019,3,2,10,15,5.300000000000001,17,0,17,3.5,,,,,,,,,,,,,,,,,,,,,,,,,,,,,,,,,,,,
5804,2019,3,2,10,30,5.5,18,0,18,3.5,,,,,,,,,,,,,,,,,,,,,,,,,,,,,,,,,,,,
5805,2019,3,2,10,45,5.6000000000000005,36,0,36,3.5,,,,,,,,,,,,,,,,,,,,,,,,,,,,,,,,,,,,
5806,2019,3,2,11,0,5.7,38,0,38,3.5,,,,,,,,,,,,,,,,,,,,,,,,,,,,,,,,,,,,
5807,2019,3,2,11,15,5.9,39,0,39,3.5,,,,,,,,,,,,,,,,,,,,,,,,,,,,,,,,,,,,
5808,2019,3,2,11,30,6,40,0,40,3.5,,,,,,,,,,,,,,,,,,,,,,,,,,,,,,,,,,,,
5809,2019,3,2,11,45,6.1000000000000005,41,0,41,3.6,,,,,,,,,,,,,,,,,,,,,,,,,,,,,,,,,,,,
5810,2019,3,2,12,0,6.2,53,0,53,3.6,,,,,,,,,,,,,,,,,,,,,,,,,,,,,,,,,,,,
5811,2019,3,2,12,15,6.300000000000001,42,0,42,3.5,,,,,,,,,,,,,,,,,,,,,,,,,,,,,,,,,,,,
5812,2019,3,2,12,30,6.5,24,0,24,3.5,,,,,,,,,,,,,,,,,,,,,,,,,,,,,,,,,,,,
5813,2019,3,2,12,45,6.6000000000000005,24,0,24,3.5,,,,,,,,,,,,,,,,,,,,,,,,,,,,,,,,,,,,
5814,2019,3,2,13,0,6.7,42,0,42,3.5,,,,,,,,,,,,,,,,,,,,,,,,,,,,,,,,,,,,
5815,2019,3,2,13,15,6.7,46,0,46,3.5,,,,,,,,,,,,,,,,,,,,,,,,,,,,,,,,,,,,
5816,2019,3,2,13,30,6.800000000000001,40,0,40,3.4000000000000004,,,,,,,,,,,,,,,,,,,,,,,,,,,,,,,,,,,,
5817,2019,3,2,13,45,6.800000000000001,38,0,38,3.4000000000000004,,,,,,,,,,,,,,,,,,,,,,,,,,,,,,,,,,,,
5818,2019,3,2,14,0,6.9,37,0,37,3.3000000000000003,,,,,,,,,,,,,,,,,,,,,,,,,,,,,,,,,,,,
5819,2019,3,2,14,15,6.9,35,0,35,3.2,,,,,,,,,,,,,,,,,,,,,,,,,,,,,,,,,,,,
5820,2019,3,2,14,30,6.800000000000001,18,0,18,3.1,,,,,,,,,,,,,,,,,,,,,,,,,,,,,,,,,,,,
5821,2019,3,2,14,45,6.800000000000001,16,0,16,3,,,,,,,,,,,,,,,,,,,,,,,,,,,,,,,,,,,,
5822,2019,3,2,15,0,6.800000000000001,15,0,15,2.8000000000000003,,,,,,,,,,,,,,,,,,,,,,,,,,,,,,,,,,,,
5823,2019,3,2,15,15,6.6000000000000005,14,0,14,2.5,,,,,,,,,,,,,,,,,,,,,,,,,,,,,,,,,,,,
5824,2019,3,2,15,30,6.4,12,0,12,2.1,,,,,,,,,,,,,,,,,,,,,,,,,,,,,,,,,,,,
5825,2019,3,2,15,45,6.2,11,0,11,1.7000000000000002,,,,,,,,,,,,,,,,,,,,,,,,,,,,,,,,,,,,
5826,2019,3,2,16,0,6.1000000000000005,16,0,16,1.3,,,,,,,,,,,,,,,,,,,,,,,,,,,,,,,,,,,,
5827,2019,3,2,16,15,5.6000000000000005,8,0,8,1.2000000000000002,,,,,,,,,,,,,,,,,,,,,,,,,,,,,,,,,,,,
5828,2019,3,2,16,30,5.1000000000000005,7,0,7,1.1,,,,,,,,,,,,,,,,,,,,,,,,,,,,,,,,,,,,
5829,2019,3,2,16,45,4.6000000000000005,7,0,7,1,,,,,,,,,,,,,,,,,,,,,,,,,,,,,,,,,,,,
5830,2019,3,2,17,0,4.1000000000000005,6,0,6,1,,,,,,,,,,,,,,,,,,,,,,,,,,,,,,,,,,,,
5831,2019,3,2,17,15,4,5,0,5,1,,,,,,,,,,,,,,,,,,,,,,,,,,,,,,,,,,,,
5832,2019,3,2,17,30,3.8000000000000003,3,0,3,1.1,,,,,,,,,,,,,,,,,,,,,,,,,,,,,,,,,,,,
5833,2019,3,2,17,45,3.7,1,0,1,1.2000000000000002,,,,,,,,,,,,,,,,,,,,,,,,,,,,,,,,,,,,
5834,2019,3,2,18,0,3.5,0,0,0,1.3,,,,,,,,,,,,,,,,,,,,,,,,,,,,,,,,,,,,
5835,2019,3,2,18,15,3.6,0,0,0,1.4000000000000001,,,,,,,,,,,,,,,,,,,,,,,,,,,,,,,,,,,,
5836,2019,3,2,18,30,3.7,0,0,0,1.5,,,,,,,,,,,,,,,,,,,,,,,,,,,,,,,,,,,,
5837,2019,3,2,18,45,3.8000000000000003,0,0,0,1.6,,,,,,,,,,,,,,,,,,,,,,,,,,,,,,,,,,,,
5838,2019,3,2,19,0,3.8000000000000003,0,0,0,1.8,,,,,,,,,,,,,,,,,,,,,,,,,,,,,,,,,,,,
5839,2019,3,2,19,15,3.9000000000000004,0,0,0,1.9000000000000001,,,,,,,,,,,,,,,,,,,,,,,,,,,,,,,,,,,,
5840,2019,3,2,19,30,3.9000000000000004,0,0,0,2,,,,,,,,,,,,,,,,,,,,,,,,,,,,,,,,,,,,
5841,2019,3,2,19,45,3.9000000000000004,0,0,0,2.1,,,,,,,,,,,,,,,,,,,,,,,,,,,,,,,,,,,,
5842,2019,3,2,20,0,4,0,0,0,2.2,,,,,,,,,,,,,,,,,,,,,,,,,,,,,,,,,,,,
5843,2019,3,2,20,15,3.9000000000000004,0,0,0,2.3000000000000003,,,,,,,,,,,,,,,,,,,,,,,,,,,,,,,,,,,,
5844,2019,3,2,20,30,3.7,0,0,0,2.3000000000000003,,,,,,,,,,,,,,,,,,,,,,,,,,,,,,,,,,,,
5845,2019,3,2,20,45,3.6,0,0,0,2.4000000000000004,,,,,,,,,,,,,,,,,,,,,,,,,,,,,,,,,,,,
5846,2019,3,2,21,0,3.5,0,0,0,2.5,,,,,,,,,,,,,,,,,,,,,,,,,,,,,,,,,,,,
5847,2019,3,2,21,15,3.4000000000000004,0,0,0,2.5,,,,,,,,,,,,,,,,,,,,,,,,,,,,,,,,,,,,
5848,2019,3,2,21,30,3.4000000000000004,0,0,0,2.6,,,,,,,,,,,,,,,,,,,,,,,,,,,,,,,,,,,,
5849,2019,3,2,21,45,3.3000000000000003,0,0,0,2.6,,,,,,,,,,,,,,,,,,,,,,,,,,,,,,,,,,,,
5850,2019,3,2,22,0,3.2,0,0,0,2.7,,,,,,,,,,,,,,,,,,,,,,,,,,,,,,,,,,,,
5851,2019,3,2,22,15,3.5,0,0,0,2.9000000000000004,,,,,,,,,,,,,,,,,,,,,,,,,,,,,,,,,,,,
5852,2019,3,2,22,30,3.7,0,0,0,3.1,,,,,,,,,,,,,,,,,,,,,,,,,,,,,,,,,,,,
5853,2019,3,2,22,45,3.9000000000000004,0,0,0,3.4000000000000004,,,,,,,,,,,,,,,,,,,,,,,,,,,,,,,,,,,,
5854,2019,3,2,23,0,4.2,0,0,0,3.6,,,,,,,,,,,,,,,,,,,,,,,,,,,,,,,,,,,,
5855,2019,3,2,23,15,4.5,0,0,0,3.8000000000000003,,,,,,,,,,,,,,,,,,,,,,,,,,,,,,,,,,,,
5856,2019,3,2,23,30,4.9,0,0,0,4,,,,,,,,,,,,,,,,,,,,,,,,,,,,,,,,,,,,
5857,2019,3,2,23,45,5.2,0,0,0,4.2,,,,,,,,,,,,,,,,,,,,,,,,,,,,,,,,,,,,
5858,2019,3,3,0,0,5.6000000000000005,0,0,0,4.4,,,,,,,,,,,,,,,,,,,,,,,,,,,,,,,,,,,,
5859,2019,3,3,0,15,5.6000000000000005,0,0,0,4.4,,,,,,,,,,,,,,,,,,,,,,,,,,,,,,,,,,,,
5860,2019,3,3,0,30,5.6000000000000005,0,0,0,4.4,,,,,,,,,,,,,,,,,,,,,,,,,,,,,,,,,,,,
5861,2019,3,3,0,45,5.6000000000000005,0,0,0,4.4,,,,,,,,,,,,,,,,,,,,,,,,,,,,,,,,,,,,
5862,2019,3,3,1,0,6,0,0,0,4.2,,,,,,,,,,,,,,,,,,,,,,,,,,,,,,,,,,,,
5863,2019,3,3,1,15,6,0,0,0,4.2,,,,,,,,,,,,,,,,,,,,,,,,,,,,,,,,,,,,
5864,2019,3,3,1,30,5.9,0,0,0,4.1000000000000005,,,,,,,,,,,,,,,,,,,,,,,,,,,,,,,,,,,,
5865,2019,3,3,1,45,5.800000000000001,0,0,0,4,,,,,,,,,,,,,,,,,,,,,,,,,,,,,,,,,,,,
5866,2019,3,3,2,0,5.7,0,0,0,3.9000000000000004,,,,,,,,,,,,,,,,,,,,,,,,,,,,,,,,,,,,
5867,2019,3,3,2,15,5.6000000000000005,0,0,0,3.9000000000000004,,,,,,,,,,,,,,,,,,,,,,,,,,,,,,,,,,,,
5868,2019,3,3,2,30,5.5,0,0,0,3.9000000000000004,,,,,,,,,,,,,,,,,,,,,,,,,,,,,,,,,,,,
5869,2019,3,3,2,45,5.5,0,0,0,3.9000000000000004,,,,,,,,,,,,,,,,,,,,,,,,,,,,,,,,,,,,
5870,2019,3,3,3,0,5.4,0,0,0,3.8000000000000003,,,,,,,,,,,,,,,,,,,,,,,,,,,,,,,,,,,,
5871,2019,3,3,3,15,5.4,0,0,0,3.9000000000000004,,,,,,,,,,,,,,,,,,,,,,,,,,,,,,,,,,,,
5872,2019,3,3,3,30,5.4,0,0,0,4,,,,,,,,,,,,,,,,,,,,,,,,,,,,,,,,,,,,
5873,2019,3,3,3,45,5.4,0,0,0,4.1000000000000005,,,,,,,,,,,,,,,,,,,,,,,,,,,,,,,,,,,,
5874,2019,3,3,4,0,5.4,0,0,0,4.1000000000000005,,,,,,,,,,,,,,,,,,,,,,,,,,,,,,,,,,,,
5875,2019,3,3,4,15,5.5,0,0,0,4.2,,,,,,,,,,,,,,,,,,,,,,,,,,,,,,,,,,,,
5876,2019,3,3,4,30,5.5,0,0,0,4.3,,,,,,,,,,,,,,,,,,,,,,,,,,,,,,,,,,,,
5877,2019,3,3,4,45,5.6000000000000005,0,0,0,4.4,,,,,,,,,,,,,,,,,,,,,,,,,,,,,,,,,,,,
5878,2019,3,3,5,0,5.6000000000000005,0,0,0,4.5,,,,,,,,,,,,,,,,,,,,,,,,,,,,,,,,,,,,
5879,2019,3,3,5,15,5.7,0,0,0,4.5,,,,,,,,,,,,,,,,,,,,,,,,,,,,,,,,,,,,
5880,2019,3,3,5,30,5.7,0,0,0,4.6000000000000005,,,,,,,,,,,,,,,,,,,,,,,,,,,,,,,,,,,,
5881,2019,3,3,5,45,5.7,0,0,0,4.6000000000000005,,,,,,,,,,,,,,,,,,,,,,,,,,,,,,,,,,,,
5882,2019,3,3,6,0,5.800000000000001,0,0,0,4.7,,,,,,,,,,,,,,,,,,,,,,,,,,,,,,,,,,,,
5883,2019,3,3,6,15,5.9,0,0,0,4.800000000000001,,,,,,,,,,,,,,,,,,,,,,,,,,,,,,,,,,,,
5884,2019,3,3,6,30,6,0,0,0,4.9,,,,,,,,,,,,,,,,,,,,,,,,,,,,,,,,,,,,
5885,2019,3,3,6,45,6.2,0,0,0,5,,,,,,,,,,,,,,,,,,,,,,,,,,,,,,,,,,,,
5886,2019,3,3,7,0,6.300000000000001,0,0,0,5.1000000000000005,,,,,,,,,,,,,,,,,,,,,,,,,,,,,,,,,,,,
5887,2019,3,3,7,15,6.6000000000000005,3,0,3,5.2,,,,,,,,,,,,,,,,,,,,,,,,,,,,,,,,,,,,
5888,2019,3,3,7,30,6.9,4,0,4,5.300000000000001,,,,,,,,,,,,,,,,,,,,,,,,,,,,,,,,,,,,
5889,2019,3,3,7,45,7.2,5,0,5,5.5,,,,,,,,,,,,,,,,,,,,,,,,,,,,,,,,,,,,
5890,2019,3,3,8,0,7.5,6,0,6,5.6000000000000005,,,,,,,,,,,,,,,,,,,,,,,,,,,,,,,,,,,,
5891,2019,3,3,8,15,7.9,7,0,7,5.7,,,,,,,,,,,,,,,,,,,,,,,,,,,,,,,,,,,,
5892,2019,3,3,8,30,8.200000000000001,8,0,8,5.9,,,,,,,,,,,,,,,,,,,,,,,,,,,,,,,,,,,,
5893,2019,3,3,8,45,8.6,9,0,9,6.1000000000000005,,,,,,,,,,,,,,,,,,,,,,,,,,,,,,,,,,,,
5894,2019,3,3,9,0,8.9,10,0,10,6.300000000000001,,,,,,,,,,,,,,,,,,,,,,,,,,,,,,,,,,,,
5895,2019,3,3,9,15,9.1,11,0,11,6.5,,,,,,,,,,,,,,,,,,,,,,,,,,,,,,,,,,,,
5896,2019,3,3,9,30,9.4,15,0,15,6.7,,,,,,,,,,,,,,,,,,,,,,,,,,,,,,,,,,,,
5897,2019,3,3,9,45,9.600000000000001,14,0,14,6.9,,,,,,,,,,,,,,,,,,,,,,,,,,,,,,,,,,,,
5898,2019,3,3,10,0,9.9,15,0,15,7.1000000000000005,,,,,,,,,,,,,,,,,,,,,,,,,,,,,,,,,,,,
5899,2019,3,3,10,15,10,20,0,20,7.1000000000000005,,,,,,,,,,,,,,,,,,,,,,,,,,,,,,,,,,,,
5900,2019,3,3,10,30,10.100000000000001,18,0,18,7,,,,,,,,,,,,,,,,,,,,,,,,,,,,,,,,,,,,
5901,2019,3,3,10,45,10.200000000000001,24,0,24,7,,,,,,,,,,,,,,,,,,,,,,,,,,,,,,,,,,,,
5902,2019,3,3,11,0,10.3,25,0,25,7,,,,,,,,,,,,,,,,,,,,,,,,,,,,,,,,,,,,
5903,2019,3,3,11,15,10.3,29,0,29,7,,,,,,,,,,,,,,,,,,,,,,,,,,,,,,,,,,,,
5904,2019,3,3,11,30,10.3,34,0,34,7,,,,,,,,,,,,,,,,,,,,,,,,,,,,,,,,,,,,
5905,2019,3,3,11,45,10.3,28,0,28,7,,,,,,,,,,,,,,,,,,,,,,,,,,,,,,,,,,,,
5906,2019,3,3,12,0,10.3,29,0,29,7,,,,,,,,,,,,,,,,,,,,,,,,,,,,,,,,,,,,
5907,2019,3,3,12,15,10.200000000000001,28,0,28,6.9,,,,,,,,,,,,,,,,,,,,,,,,,,,,,,,,,,,,
5908,2019,3,3,12,30,10.100000000000001,29,0,29,6.9,,,,,,,,,,,,,,,,,,,,,,,,,,,,,,,,,,,,
5909,2019,3,3,12,45,10,51,0,51,6.9,,,,,,,,,,,,,,,,,,,,,,,,,,,,,,,,,,,,
5910,2019,3,3,13,0,9.9,44,0,44,6.800000000000001,,,,,,,,,,,,,,,,,,,,,,,,,,,,,,,,,,,,
5911,2019,3,3,13,15,9.8,43,0,43,6.7,,,,,,,,,,,,,,,,,,,,,,,,,,,,,,,,,,,,
5912,2019,3,3,13,30,9.700000000000001,41,0,41,6.7,,,,,,,,,,,,,,,,,,,,,,,,,,,,,,,,,,,,
5913,2019,3,3,13,45,9.600000000000001,25,0,25,6.6000000000000005,,,,,,,,,,,,,,,,,,,,,,,,,,,,,,,,,,,,
5914,2019,3,3,14,0,9.4,23,0,23,6.5,,,,,,,,,,,,,,,,,,,,,,,,,,,,,,,,,,,,
5915,2019,3,3,14,15,9.4,22,0,22,6.5,,,,,,,,,,,,,,,,,,,,,,,,,,,,,,,,,,,,
5916,2019,3,3,14,30,9.3,20,0,20,6.4,,,,,,,,,,,,,,,,,,,,,,,,,,,,,,,,,,,,
5917,2019,3,3,14,45,9.3,19,0,19,6.300000000000001,,,,,,,,,,,,,,,,,,,,,,,,,,,,,,,,,,,,
5918,2019,3,3,15,0,9.200000000000001,17,0,17,6.300000000000001,,,,,,,,,,,,,,,,,,,,,,,,,,,,,,,,,,,,
5919,2019,3,3,15,15,9.200000000000001,16,0,16,6.300000000000001,,,,,,,,,,,,,,,,,,,,,,,,,,,,,,,,,,,,
5920,2019,3,3,15,30,9.3,14,0,14,6.300000000000001,,,,,,,,,,,,,,,,,,,,,,,,,,,,,,,,,,,,
5921,2019,3,3,15,45,9.3,12,0,12,6.300000000000001,,,,,,,,,,,,,,,,,,,,,,,,,,,,,,,,,,,,
5922,2019,3,3,16,0,9.3,11,0,11,6.2,,,,,,,,,,,,,,,,,,,,,,,,,,,,,,,,,,,,
5923,2019,3,3,16,15,9.3,10,0,10,6.300000000000001,,,,,,,,,,,,,,,,,,,,,,,,,,,,,,,,,,,,
5924,2019,3,3,16,30,9.4,9,0,9,6.300000000000001,,,,,,,,,,,,,,,,,,,,,,,,,,,,,,,,,,,,
5925,2019,3,3,16,45,9.4,7,0,7,6.300000000000001,,,,,,,,,,,,,,,,,,,,,,,,,,,,,,,,,,,,
5926,2019,3,3,17,0,9.4,6,0,6,6.300000000000001,,,,,,,,,,,,,,,,,,,,,,,,,,,,,,,,,,,,
5927,2019,3,3,17,15,9.4,5,0,5,6.4,,,,,,,,,,,,,,,,,,,,,,,,,,,,,,,,,,,,
5928,2019,3,3,17,30,9.4,4,0,4,6.4,,,,,,,,,,,,,,,,,,,,,,,,,,,,,,,,,,,,
5929,2019,3,3,17,45,9.4,1,9,2,6.4,,,,,,,,,,,,,,,,,,,,,,,,,,,,,,,,,,,,
5930,2019,3,3,18,0,9.4,0,0,0,6.4,,,,,,,,,,,,,,,,,,,,,,,,,,,,,,,,,,,,
5931,2019,3,3,18,15,9.3,0,0,0,6.4,,,,,,,,,,,,,,,,,,,,,,,,,,,,,,,,,,,,
5932,2019,3,3,18,30,9.200000000000001,0,0,0,6.4,,,,,,,,,,,,,,,,,,,,,,,,,,,,,,,,,,,,
5933,2019,3,3,18,45,9.200000000000001,0,0,0,6.4,,,,,,,,,,,,,,,,,,,,,,,,,,,,,,,,,,,,
5934,2019,3,3,19,0,9.1,0,0,0,6.4,,,,,,,,,,,,,,,,,,,,,,,,,,,,,,,,,,,,
5935,2019,3,3,19,15,9,0,0,0,6.300000000000001,,,,,,,,,,,,,,,,,,,,,,,,,,,,,,,,,,,,
5936,2019,3,3,19,30,8.9,0,0,0,6.300000000000001,,,,,,,,,,,,,,,,,,,,,,,,,,,,,,,,,,,,
5937,2019,3,3,19,45,8.9,0,0,0,6.300000000000001,,,,,,,,,,,,,,,,,,,,,,,,,,,,,,,,,,,,
5938,2019,3,3,20,0,8.8,0,0,0,6.2,,,,,,,,,,,,,,,,,,,,,,,,,,,,,,,,,,,,
5939,2019,3,3,20,15,8.700000000000001,0,0,0,6.2,,,,,,,,,,,,,,,,,,,,,,,,,,,,,,,,,,,,
5940,2019,3,3,20,30,8.6,0,0,0,6.2,,,,,,,,,,,,,,,,,,,,,,,,,,,,,,,,,,,,
5941,2019,3,3,20,45,8.6,0,0,0,6.1000000000000005,,,,,,,,,,,,,,,,,,,,,,,,,,,,,,,,,,,,
5942,2019,3,3,21,0,8.5,0,0,0,6.1000000000000005,,,,,,,,,,,,,,,,,,,,,,,,,,,,,,,,,,,,
5943,2019,3,3,21,15,8.5,0,0,0,6,,,,,,,,,,,,,,,,,,,,,,,,,,,,,,,,,,,,
5944,2019,3,3,21,30,8.5,0,0,0,6,,,,,,,,,,,,,,,,,,,,,,,,,,,,,,,,,,,,
5945,2019,3,3,21,45,8.4,0,0,0,5.9,,,,,,,,,,,,,,,,,,,,,,,,,,,,,,,,,,,,
5946,2019,3,3,22,0,8.4,0,0,0,5.9,,,,,,,,,,,,,,,,,,,,,,,,,,,,,,,,,,,,
5947,2019,3,3,22,15,8.4,0,0,0,5.9,,,,,,,,,,,,,,,,,,,,,,,,,,,,,,,,,,,,
5948,2019,3,3,22,30,8.4,0,0,0,5.800000000000001,,,,,,,,,,,,,,,,,,,,,,,,,,,,,,,,,,,,
5949,2019,3,3,22,45,8.4,0,0,0,5.800000000000001,,,,,,,,,,,,,,,,,,,,,,,,,,,,,,,,,,,,
5950,2019,3,3,23,0,8.5,0,0,0,5.800000000000001,,,,,,,,,,,,,,,,,,,,,,,,,,,,,,,,,,,,
5951,2019,3,3,23,15,8.5,0,0,0,5.800000000000001,,,,,,,,,,,,,,,,,,,,,,,,,,,,,,,,,,,,
5952,2019,3,3,23,30,8.4,0,0,0,5.800000000000001,,,,,,,,,,,,,,,,,,,,,,,,,,,,,,,,,,,,
5953,2019,3,3,23,45,8.4,0,0,0,5.800000000000001,,,,,,,,,,,,,,,,,,,,,,,,,,,,,,,,,,,,
5954,2019,3,4,0,0,8.4,0,0,0,5.800000000000001,,,,,,,,,,,,,,,,,,,,,,,,,,,,,,,,,,,,
5955,2019,3,4,0,15,8.4,0,0,0,5.800000000000001,,,,,,,,,,,,,,,,,,,,,,,,,,,,,,,,,,,,
5956,2019,3,4,0,30,8.4,0,0,0,5.800000000000001,,,,,,,,,,,,,,,,,,,,,,,,,,,,,,,,,,,,
5957,2019,3,4,0,45,8.4,0,0,0,5.800000000000001,,,,,,,,,,,,,,,,,,,,,,,,,,,,,,,,,,,,
5958,2019,3,4,1,0,8.200000000000001,0,0,0,5.800000000000001,,,,,,,,,,,,,,,,,,,,,,,,,,,,,,,,,,,,
5959,2019,3,4,1,15,8.1,0,0,0,5.7,,,,,,,,,,,,,,,,,,,,,,,,,,,,,,,,,,,,
5960,2019,3,4,1,30,7.9,0,0,0,5.7,,,,,,,,,,,,,,,,,,,,,,,,,,,,,,,,,,,,
5961,2019,3,4,1,45,7.800000000000001,0,0,0,5.7,,,,,,,,,,,,,,,,,,,,,,,,,,,,,,,,,,,,
5962,2019,3,4,2,0,7.7,0,0,0,5.6000000000000005,,,,,,,,,,,,,,,,,,,,,,,,,,,,,,,,,,,,
5963,2019,3,4,2,15,7.5,0,0,0,5.4,,,,,,,,,,,,,,,,,,,,,,,,,,,,,,,,,,,,
5964,2019,3,4,2,30,7.4,0,0,0,5.2,,,,,,,,,,,,,,,,,,,,,,,,,,,,,,,,,,,,
5965,2019,3,4,2,45,7.2,0,0,0,4.9,,,,,,,,,,,,,,,,,,,,,,,,,,,,,,,,,,,,
5966,2019,3,4,3,0,7,0,0,0,4.7,,,,,,,,,,,,,,,,,,,,,,,,,,,,,,,,,,,,
5967,2019,3,4,3,15,7,0,0,0,4.7,,,,,,,,,,,,,,,,,,,,,,,,,,,,,,,,,,,,
5968,2019,3,4,3,30,6.9,0,0,0,4.7,,,,,,,,,,,,,,,,,,,,,,,,,,,,,,,,,,,,
5969,2019,3,4,3,45,6.800000000000001,0,0,0,4.7,,,,,,,,,,,,,,,,,,,,,,,,,,,,,,,,,,,,
5970,2019,3,4,4,0,6.7,0,0,0,4.800000000000001,,,,,,,,,,,,,,,,,,,,,,,,,,,,,,,,,,,,
5971,2019,3,4,4,15,6.7,0,0,0,4.800000000000001,,,,,,,,,,,,,,,,,,,,,,,,,,,,,,,,,,,,
5972,2019,3,4,4,30,6.7,0,0,0,4.800000000000001,,,,,,,,,,,,,,,,,,,,,,,,,,,,,,,,,,,,
5973,2019,3,4,4,45,6.7,0,0,0,4.9,,,,,,,,,,,,,,,,,,,,,,,,,,,,,,,,,,,,
5974,2019,3,4,5,0,6.7,0,0,0,4.9,,,,,,,,,,,,,,,,,,,,,,,,,,,,,,,,,,,,
5975,2019,3,4,5,15,6.800000000000001,0,0,0,5.1000000000000005,,,,,,,,,,,,,,,,,,,,,,,,,,,,,,,,,,,,
5976,2019,3,4,5,30,6.9,0,0,0,5.2,,,,,,,,,,,,,,,,,,,,,,,,,,,,,,,,,,,,
5977,2019,3,4,5,45,6.9,0,0,0,5.300000000000001,,,,,,,,,,,,,,,,,,,,,,,,,,,,,,,,,,,,
5978,2019,3,4,6,0,7,0,0,0,5.4,,,,,,,,,,,,,,,,,,,,,,,,,,,,,,,,,,,,
5979,2019,3,4,6,15,7.1000000000000005,0,0,0,5.4,,,,,,,,,,,,,,,,,,,,,,,,,,,,,,,,,,,,
5980,2019,3,4,6,30,7.2,0,0,0,5.4,,,,,,,,,,,,,,,,,,,,,,,,,,,,,,,,,,,,
5981,2019,3,4,6,45,7.4,0,0,0,5.4,,,,,,,,,,,,,,,,,,,,,,,,,,,,,,,,,,,,
5982,2019,3,4,7,0,7.5,0,0,0,5.300000000000001,,,,,,,,,,,,,,,,,,,,,,,,,,,,,,,,,,,,
5983,2019,3,4,7,15,7.800000000000001,17,6,17,5.4,,,,,,,,,,,,,,,,,,,,,,,,,,,,,,,,,,,,
5984,2019,3,4,7,30,8.1,29,67,35,5.5,,,,,,,,,,,,,,,,,,,,,,,,,,,,,,,,,,,,
5985,2019,3,4,7,45,8.4,43,95,54,5.6000000000000005,,,,,,,,,,,,,,,,,,,,,,,,,,,,,,,,,,,,
5986,2019,3,4,8,0,8.700000000000001,57,117,76,5.7,,,,,,,,,,,,,,,,,,,,,,,,,,,,,,,,,,,,
5987,2019,3,4,8,15,9.200000000000001,72,140,99,6,,,,,,,,,,,,,,,,,,,,,,,,,,,,,,,,,,,,
5988,2019,3,4,8,30,9.700000000000001,87,164,124,6.2,,,,,,,,,,,,,,,,,,,,,,,,,,,,,,,,,,,,
5989,2019,3,4,8,45,10.200000000000001,101,185,150,6.5,,,,,,,,,,,,,,,,,,,,,,,,,,,,,,,,,,,,
5990,2019,3,4,9,0,10.700000000000001,98,0,98,6.7,,,,,,,,,,,,,,,,,,,,,,,,,,,,,,,,,,,,
5991,2019,3,4,9,15,11.100000000000001,128,225,201,7.300000000000001,,,,,,,,,,,,,,,,,,,,,,,,,,,,,,,,,,,,
5992,2019,3,4,9,30,11.600000000000001,75,705,325,7.800000000000001,,,,,,,,,,,,,,,,,,,,,,,,,,,,,,,,,,,,
5993,2019,3,4,9,45,12,71,760,361,8.3,,,,,,,,,,,,,,,,,,,,,,,,,,,,,,,,,,,,
5994,2019,3,4,10,0,12.4,73,781,391,8.8,,,,,,,,,,,,,,,,,,,,,,,,,,,,,,,,,,,,
5995,2019,3,4,10,15,12.5,164,27,176,9.200000000000001,,,,,,,,,,,,,,,,,,,,,,,,,,,,,,,,,,,,
5996,2019,3,4,10,30,12.600000000000001,191,233,296,9.5,,,,,,,,,,,,,,,,,,,,,,,,,,,,,,,,,,,,
5997,2019,3,4,10,45,12.700000000000001,205,180,290,9.8,,,,,,,,,,,,,,,,,,,,,,,,,,,,,,,,,,,,
5998,2019,3,4,11,0,12.8,21,0,21,10.100000000000001,,,,,,,,,,,,,,,,,,,,,,,,,,,,,,,,,,,,
5999,2019,3,4,11,15,12.700000000000001,22,0,22,10.200000000000001,,,,,,,,,,,,,,,,,,,,,,,,,,,,,,,,,,,,
6000,2019,3,4,11,30,12.600000000000001,66,0,66,10.3,,,,,,,,,,,,,,,,,,,,,,,,,,,,,,,,,,,,
6001,2019,3,4,11,45,12.5,196,23,208,10.4,,,,,,,,,,,,,,,,,,,,,,,,,,,,,,,,,,,,
6002,2019,3,4,12,0,12.4,229,81,272,10.600000000000001,,,,,,,,,,,,,,,,,,,,,,,,,,,,,,,,,,,,
6003,2019,3,4,12,15,12.3,185,475,435,10.5,,,,,,,,,,,,,,,,,,,,,,,,,,,,,,,,,,,,
6004,2019,3,4,12,30,12.200000000000001,72,897,545,10.4,,,,,,,,,,,,,,,,,,,,,,,,,,,,,,,,,,,,
6005,2019,3,4,12,45,12.200000000000001,181,489,438,10.4,,,,,,,,,,,,,,,,,,,,,,,,,,,,,,,,,,,,
6006,2019,3,4,13,0,12.100000000000001,182,474,429,10.3,,,,,,,,,,,,,,,,,,,,,,,,,,,,,,,,,,,,
6007,2019,3,4,13,15,11.9,188,436,412,10.3,,,,,,,,,,,,,,,,,,,,,,,,,,,,,,,,,,,,
6008,2019,3,4,13,30,11.8,220,233,338,10.200000000000001,,,,,,,,,,,,,,,,,,,,,,,,,,,,,,,,,,,,
6009,2019,3,4,13,45,11.600000000000001,168,475,401,10.100000000000001,,,,,,,,,,,,,,,,,,,,,,,,,,,,,,,,,,,,
6010,2019,3,4,14,0,11.5,86,818,475,10,,,,,,,,,,,,,,,,,,,,,,,,,,,,,,,,,,,,
6011,2019,3,4,14,15,11.200000000000001,84,803,453,10,,,,,,,,,,,,,,,,,,,,,,,,,,,,,,,,,,,,
6012,2019,3,4,14,30,11,82,790,430,9.9,,,,,,,,,,,,,,,,,,,,,,,,,,,,,,,,,,,,
6013,2019,3,4,14,45,10.700000000000001,108,674,390,9.8,,,,,,,,,,,,,,,,,,,,,,,,,,,,,,,,,,,,
6014,2019,3,4,15,0,10.4,158,258,260,9.700000000000001,,,,,,,,,,,,,,,,,,,,,,,,,,,,,,,,,,,,
6015,2019,3,4,15,15,10.100000000000001,128,5,130,9.5,,,,,,,,,,,,,,,,,,,,,,,,,,,,,,,,,,,,
6016,2019,3,4,15,30,9.8,14,0,14,9.3,,,,,,,,,,,,,,,,,,,,,,,,,,,,,,,,,,,,
6017,2019,3,4,15,45,9.4,12,0,12,9.1,,,,,,,,,,,,,,,,,,,,,,,,,,,,,,,,,,,,
6018,2019,3,4,16,0,9.1,11,0,11,8.9,,,,,,,,,,,,,,,,,,,,,,,,,,,,,,,,,,,,
6019,2019,3,4,16,15,8.700000000000001,10,0,10,8.6,,,,,,,,,,,,,,,,,,,,,,,,,,,,,,,,,,,,
6020,2019,3,4,16,30,8.3,9,0,9,8.3,,,,,,,,,,,,,,,,,,,,,,,,,,,,,,,,,,,,
6021,2019,3,4,16,45,7.9,7,0,7,8.1,,,,,,,,,,,,,,,,,,,,,,,,,,,,,,,,,,,,
6022,2019,3,4,17,0,7.5,6,0,6,7.800000000000001,,,,,,,,,,,,,,,,,,,,,,,,,,,,,,,,,,,,
6023,2019,3,4,17,15,7.2,5,0,5,7.7,,,,,,,,,,,,,,,,,,,,,,,,,,,,,,,,,,,,
6024,2019,3,4,17,30,6.9,12,0,12,7.5,,,,,,,,,,,,,,,,,,,,,,,,,,,,,,,,,,,,
6025,2019,3,4,17,45,6.5,5,0,5,7.300000000000001,,,,,,,,,,,,,,,,,,,,,,,,,,,,,,,,,,,,
6026,2019,3,4,18,0,6.2,0,0,0,7.2,,,,,,,,,,,,,,,,,,,,,,,,,,,,,,,,,,,,
6027,2019,3,4,18,15,6,0,0,0,7.1000000000000005,,,,,,,,,,,,,,,,,,,,,,,,,,,,,,,,,,,,
6028,2019,3,4,18,30,5.800000000000001,0,0,0,7.1000000000000005,,,,,,,,,,,,,,,,,,,,,,,,,,,,,,,,,,,,
6029,2019,3,4,18,45,5.6000000000000005,0,0,0,7.1000000000000005,,,,,,,,,,,,,,,,,,,,,,,,,,,,,,,,,,,,
6030,2019,3,4,19,0,5.4,0,0,0,7.1000000000000005,,,,,,,,,,,,,,,,,,,,,,,,,,,,,,,,,,,,
6031,2019,3,4,19,15,5.300000000000001,0,0,0,7.2,,,,,,,,,,,,,,,,,,,,,,,,,,,,,,,,,,,,
6032,2019,3,4,19,30,5.2,0,0,0,7.2,,,,,,,,,,,,,,,,,,,,,,,,,,,,,,,,,,,,
6033,2019,3,4,19,45,5.1000000000000005,0,0,0,7.300000000000001,,,,,,,,,,,,,,,,,,,,,,,,,,,,,,,,,,,,
6034,2019,3,4,20,0,5,0,0,0,7.4,,,,,,,,,,,,,,,,,,,,,,,,,,,,,,,,,,,,
6035,2019,3,4,20,15,4.9,0,0,0,7.4,,,,,,,,,,,,,,,,,,,,,,,,,,,,,,,,,,,,
6036,2019,3,4,20,30,4.800000000000001,0,0,0,7.4,,,,,,,,,,,,,,,,,,,,,,,,,,,,,,,,,,,,
6037,2019,3,4,20,45,4.7,0,0,0,7.4,,,,,,,,,,,,,,,,,,,,,,,,,,,,,,,,,,,,
6038,2019,3,4,21,0,4.6000000000000005,0,0,0,7.4,,,,,,,,,,,,,,,,,,,,,,,,,,,,,,,,,,,,
6039,2019,3,4,21,15,4.5,0,0,0,7.300000000000001,,,,,,,,,,,,,,,,,,,,,,,,,,,,,,,,,,,,
6040,2019,3,4,21,30,4.4,0,0,0,7.300000000000001,,,,,,,,,,,,,,,,,,,,,,,,,,,,,,,,,,,,
6041,2019,3,4,21,45,4.4,0,0,0,7.300000000000001,,,,,,,,,,,,,,,,,,,,,,,,,,,,,,,,,,,,
6042,2019,3,4,22,0,4.3,0,0,0,7.2,,,,,,,,,,,,,,,,,,,,,,,,,,,,,,,,,,,,
6043,2019,3,4,22,15,4.3,0,0,0,7.2,,,,,,,,,,,,,,,,,,,,,,,,,,,,,,,,,,,,
6044,2019,3,4,22,30,4.3,0,0,0,7.2,,,,,,,,,,,,,,,,,,,,,,,,,,,,,,,,,,,,
6045,2019,3,4,22,45,4.4,0,0,0,7.2,,,,,,,,,,,,,,,,,,,,,,,,,,,,,,,,,,,,
6046,2019,3,4,23,0,4.4,0,0,0,7.2,,,,,,,,,,,,,,,,,,,,,,,,,,,,,,,,,,,,
6047,2019,3,4,23,15,4.4,0,0,0,7.1000000000000005,,,,,,,,,,,,,,,,,,,,,,,,,,,,,,,,,,,,
6048,2019,3,4,23,30,4.3,0,0,0,7,,,,,,,,,,,,,,,,,,,,,,,,,,,,,,,,,,,,
6049,2019,3,4,23,45,4.3,0,0,0,7,,,,,,,,,,,,,,,,,,,,,,,,,,,,,,,,,,,,
6050,2019,3,5,0,0,4.3,0,0,0,6.9,,,,,,,,,,,,,,,,,,,,,,,,,,,,,,,,,,,,
6051,2019,3,5,0,15,4.3,0,0,0,6.9,,,,,,,,,,,,,,,,,,,,,,,,,,,,,,,,,,,,
6052,2019,3,5,0,30,4.3,0,0,0,6.9,,,,,,,,,,,,,,,,,,,,,,,,,,,,,,,,,,,,
6053,2019,3,5,0,45,4.3,0,0,0,6.9,,,,,,,,,,,,,,,,,,,,,,,,,,,,,,,,,,,,
6054,2019,3,5,1,0,4.2,0,0,0,6.800000000000001,,,,,,,,,,,,,,,,,,,,,,,,,,,,,,,,,,,,
6055,2019,3,5,1,15,4.3,0,0,0,6.800000000000001,,,,,,,,,,,,,,,,,,,,,,,,,,,,,,,,,,,,
6056,2019,3,5,1,30,4.3,0,0,0,6.800000000000001,,,,,,,,,,,,,,,,,,,,,,,,,,,,,,,,,,,,
6057,2019,3,5,1,45,4.3,0,0,0,6.800000000000001,,,,,,,,,,,,,,,,,,,,,,,,,,,,,,,,,,,,
6058,2019,3,5,2,0,4.3,0,0,0,6.800000000000001,,,,,,,,,,,,,,,,,,,,,,,,,,,,,,,,,,,,
6059,2019,3,5,2,15,4.4,0,0,0,6.800000000000001,,,,,,,,,,,,,,,,,,,,,,,,,,,,,,,,,,,,
6060,2019,3,5,2,30,4.4,0,0,0,6.800000000000001,,,,,,,,,,,,,,,,,,,,,,,,,,,,,,,,,,,,
6061,2019,3,5,2,45,4.4,0,0,0,6.800000000000001,,,,,,,,,,,,,,,,,,,,,,,,,,,,,,,,,,,,
6062,2019,3,5,3,0,4.4,0,0,0,6.800000000000001,,,,,,,,,,,,,,,,,,,,,,,,,,,,,,,,,,,,
6063,2019,3,5,3,15,4.4,0,0,0,6.800000000000001,,,,,,,,,,,,,,,,,,,,,,,,,,,,,,,,,,,,
6064,2019,3,5,3,30,4.3,0,0,0,6.800000000000001,,,,,,,,,,,,,,,,,,,,,,,,,,,,,,,,,,,,
6065,2019,3,5,3,45,4.3,0,0,0,6.800000000000001,,,,,,,,,,,,,,,,,,,,,,,,,,,,,,,,,,,,
6066,2019,3,5,4,0,4.2,0,0,0,6.800000000000001,,,,,,,,,,,,,,,,,,,,,,,,,,,,,,,,,,,,
6067,2019,3,5,4,15,4.2,0,0,0,6.800000000000001,,,,,,,,,,,,,,,,,,,,,,,,,,,,,,,,,,,,
6068,2019,3,5,4,30,4.1000000000000005,0,0,0,6.7,,,,,,,,,,,,,,,,,,,,,,,,,,,,,,,,,,,,
6069,2019,3,5,4,45,4,0,0,0,6.7,,,,,,,,,,,,,,,,,,,,,,,,,,,,,,,,,,,,
6070,2019,3,5,5,0,4,0,0,0,6.6000000000000005,,,,,,,,,,,,,,,,,,,,,,,,,,,,,,,,,,,,
6071,2019,3,5,5,15,3.9000000000000004,0,0,0,6.6000000000000005,,,,,,,,,,,,,,,,,,,,,,,,,,,,,,,,,,,,
6072,2019,3,5,5,30,3.8000000000000003,0,0,0,6.5,,,,,,,,,,,,,,,,,,,,,,,,,,,,,,,,,,,,
6073,2019,3,5,5,45,3.8000000000000003,0,0,0,6.5,,,,,,,,,,,,,,,,,,,,,,,,,,,,,,,,,,,,
6074,2019,3,5,6,0,3.7,0,0,0,6.4,,,,,,,,,,,,,,,,,,,,,,,,,,,,,,,,,,,,
6075,2019,3,5,6,15,3.8000000000000003,0,0,0,6.4,,,,,,,,,,,,,,,,,,,,,,,,,,,,,,,,,,,,
6076,2019,3,5,6,30,3.9000000000000004,0,0,0,6.4,,,,,,,,,,,,,,,,,,,,,,,,,,,,,,,,,,,,
6077,2019,3,5,6,45,4,0,0,0,6.4,,,,,,,,,,,,,,,,,,,,,,,,,,,,,,,,,,,,
6078,2019,3,5,7,0,4.1000000000000005,0,0,0,6.4,,,,,,,,,,,,,,,,,,,,,,,,,,,,,,,,,,,,
6079,2019,3,5,7,15,4.3,13,0,13,6.4,,,,,,,,,,,,,,,,,,,,,,,,,,,,,,,,,,,,
6080,2019,3,5,7,30,4.6000000000000005,23,0,23,6.5,,,,,,,,,,,,,,,,,,,,,,,,,,,,,,,,,,,,
6081,2019,3,5,7,45,4.800000000000001,6,0,6,6.5,,,,,,,,,,,,,,,,,,,,,,,,,,,,,,,,,,,,
6082,2019,3,5,8,0,5.1000000000000005,9,0,9,6.6000000000000005,,,,,,,,,,,,,,,,,,,,,,,,,,,,,,,,,,,,
6083,2019,3,5,8,15,5.300000000000001,11,0,11,6.800000000000001,,,,,,,,,,,,,,,,,,,,,,,,,,,,,,,,,,,,
6084,2019,3,5,8,30,5.6000000000000005,13,0,13,6.9,,,,,,,,,,,,,,,,,,,,,,,,,,,,,,,,,,,,
6085,2019,3,5,8,45,5.800000000000001,16,0,16,7.1000000000000005,,,,,,,,,,,,,,,,,,,,,,,,,,,,,,,,,,,,
6086,2019,3,5,9,0,6.1000000000000005,100,0,100,7.300000000000001,,,,,,,,,,,,,,,,,,,,,,,,,,,,,,,,,,,,
6087,2019,3,5,9,15,6.300000000000001,22,0,22,7.4,,,,,,,,,,,,,,,,,,,,,,,,,,,,,,,,,,,,
6088,2019,3,5,9,30,6.4,50,0,50,7.5,,,,,,,,,,,,,,,,,,,,,,,,,,,,,,,,,,,,
6089,2019,3,5,9,45,6.6000000000000005,28,0,28,7.6000000000000005,,,,,,,,,,,,,,,,,,,,,,,,,,,,,,,,,,,,
6090,2019,3,5,10,0,6.800000000000001,153,19,160,7.800000000000001,,,,,,,,,,,,,,,,,,,,,,,,,,,,,,,,,,,,
6091,2019,3,5,10,15,6.9,141,0,141,7.800000000000001,,,,,,,,,,,,,,,,,,,,,,,,,,,,,,,,,,,,
6092,2019,3,5,10,30,7.1000000000000005,175,27,187,7.800000000000001,,,,,,,,,,,,,,,,,,,,,,,,,,,,,,,,,,,,
6093,2019,3,5,10,45,7.2,183,28,196,7.800000000000001,,,,,,,,,,,,,,,,,,,,,,,,,,,,,,,,,,,,
6094,2019,3,5,11,0,7.4,216,110,270,7.800000000000001,,,,,,,,,,,,,,,,,,,,,,,,,,,,,,,,,,,,
6095,2019,3,5,11,15,7.5,217,75,255,7.7,,,,,,,,,,,,,,,,,,,,,,,,,,,,,,,,,,,,
6096,2019,3,5,11,30,7.6000000000000005,227,224,342,7.6000000000000005,,,,,,,,,,,,,,,,,,,,,,,,,,,,,,,,,,,,
6097,2019,3,5,11,45,7.7,205,30,221,7.6000000000000005,,,,,,,,,,,,,,,,,,,,,,,,,,,,,,,,,,,,
6098,2019,3,5,12,0,7.800000000000001,208,31,224,7.5,,,,,,,,,,,,,,,,,,,,,,,,,,,,,,,,,,,,
6099,2019,3,5,12,15,7.800000000000001,210,32,227,7.4,,,,,,,,,,,,,,,,,,,,,,,,,,,,,,,,,,,,
6100,2019,3,5,12,30,7.800000000000001,220,45,244,7.300000000000001,,,,,,,,,,,,,,,,,,,,,,,,,,,,,,,,,,,,
6101,2019,3,5,12,45,7.9,219,45,243,7.2,,,,,,,,,,,,,,,,,,,,,,,,,,,,,,,,,,,,
6102,2019,3,5,13,0,7.9,216,44,239,7.1000000000000005,,,,,,,,,,,,,,,,,,,,,,,,,,,,,,,,,,,,
6103,2019,3,5,13,15,7.9,229,224,345,7,,,,,,,,,,,,,,,,,,,,,,,,,,,,,,,,,,,,
6104,2019,3,5,13,30,7.9,97,0,97,6.9,,,,,,,,,,,,,,,,,,,,,,,,,,,,,,,,,,,,
6105,2019,3,5,13,45,7.800000000000001,181,17,189,6.7,,,,,,,,,,,,,,,,,,,,,,,,,,,,,,,,,,,,
6106,2019,3,5,14,0,7.800000000000001,95,794,477,6.6000000000000005,,,,,,,,,,,,,,,,,,,,,,,,,,,,,,,,,,,,
6107,2019,3,5,14,15,7.800000000000001,93,783,456,6.5,,,,,,,,,,,,,,,,,,,,,,,,,,,,,,,,,,,,
6108,2019,3,5,14,30,7.7,91,769,433,6.300000000000001,,,,,,,,,,,,,,,,,,,,,,,,,,,,,,,,,,,,
6109,2019,3,5,14,45,7.6000000000000005,108,0,108,6.2,,,,,,,,,,,,,,,,,,,,,,,,,,,,,,,,,,,,
6110,2019,3,5,15,0,7.5,28,0,28,6,,,,,,,,,,,,,,,,,,,,,,,,,,,,,,,,,,,,
6111,2019,3,5,15,15,7.300000000000001,91,0,91,5.7,,,,,,,,,,,,,,,,,,,,,,,,,,,,,,,,,,,,
6112,2019,3,5,15,30,7.2,109,0,109,5.300000000000001,,,,,,,,,,,,,,,,,,,,,,,,,,,,,,,,,,,,
6113,2019,3,5,15,45,7,88,0,88,5,,,,,,,,,,,,,,,,,,,,,,,,,,,,,,,,,,,,
6114,2019,3,5,16,0,6.800000000000001,99,3,100,4.7,,,,,,,,,,,,,,,,,,,,,,,,,,,,,,,,,,,,
6115,2019,3,5,16,15,6.4,83,0,83,4.3,,,,,,,,,,,,,,,,,,,,,,,,,,,,,,,,,,,,
6116,2019,3,5,16,30,6.1000000000000005,60,531,175,4,,,,,,,,,,,,,,,,,,,,,,,,,,,,,,,,,,,,
6117,2019,3,5,16,45,5.7,52,0,52,3.6,,,,,,,,,,,,,,,,,,,,,,,,,,,,,,,,,,,,
6118,2019,3,5,17,0,5.300000000000001,44,427,106,3.2,,,,,,,,,,,,,,,,,,,,,,,,,,,,,,,,,,,,
6119,2019,3,5,17,15,4.9,35,341,72,3.1,,,,,,,,,,,,,,,,,,,,,,,,,,,,,,,,,,,,
6120,2019,3,5,17,30,4.5,25,236,41,2.9000000000000004,,,,,,,,,,,,,,,,,,,,,,,,,,,,,,,,,,,,
6121,2019,3,5,17,45,4.1000000000000005,14,133,19,2.7,,,,,,,,,,,,,,,,,,,,,,,,,,,,,,,,,,,,
6122,2019,3,5,18,0,3.7,0,0,0,2.6,,,,,,,,,,,,,,,,,,,,,,,,,,,,,,,,,,,,
6123,2019,3,5,18,15,3.5,0,0,0,2.6,,,,,,,,,,,,,,,,,,,,,,,,,,,,,,,,,,,,
6124,2019,3,5,18,30,3.4000000000000004,0,0,0,2.6,,,,,,,,,,,,,,,,,,,,,,,,,,,,,,,,,,,,
6125,2019,3,5,18,45,3.2,0,0,0,2.6,,,,,,,,,,,,,,,,,,,,,,,,,,,,,,,,,,,,
6126,2019,3,5,19,0,3,0,0,0,2.6,,,,,,,,,,,,,,,,,,,,,,,,,,,,,,,,,,,,
6127,2019,3,5,19,15,2.9000000000000004,0,0,0,2.6,,,,,,,,,,,,,,,,,,,,,,,,,,,,,,,,,,,,
6128,2019,3,5,19,30,2.7,0,0,0,2.6,,,,,,,,,,,,,,,,,,,,,,,,,,,,,,,,,,,,
6129,2019,3,5,19,45,2.6,0,0,0,2.6,,,,,,,,,,,,,,,,,,,,,,,,,,,,,,,,,,,,
6130,2019,3,5,20,0,2.5,0,0,0,2.7,,,,,,,,,,,,,,,,,,,,,,,,,,,,,,,,,,,,
6131,2019,3,5,20,15,2.4000000000000004,0,0,0,2.7,,,,,,,,,,,,,,,,,,,,,,,,,,,,,,,,,,,,
6132,2019,3,5,20,30,2.3000000000000003,0,0,0,2.7,,,,,,,,,,,,,,,,,,,,,,,,,,,,,,,,,,,,
6133,2019,3,5,20,45,2.2,0,0,0,2.7,,,,,,,,,,,,,,,,,,,,,,,,,,,,,,,,,,,,
6134,2019,3,5,21,0,2.1,0,0,0,2.7,,,,,,,,,,,,,,,,,,,,,,,,,,,,,,,,,,,,
6135,2019,3,5,21,15,1.9000000000000001,0,0,0,2.7,,,,,,,,,,,,,,,,,,,,,,,,,,,,,,,,,,,,
6136,2019,3,5,21,30,1.8,0,0,0,2.7,,,,,,,,,,,,,,,,,,,,,,,,,,,,,,,,,,,,
6137,2019,3,5,21,45,1.7000000000000002,0,0,0,2.6,,,,,,,,,,,,,,,,,,,,,,,,,,,,,,,,,,,,
6138,2019,3,5,22,0,1.6,0,0,0,2.6,,,,,,,,,,,,,,,,,,,,,,,,,,,,,,,,,,,,
6139,2019,3,5,22,15,1.4000000000000001,0,0,0,2.6,,,,,,,,,,,,,,,,,,,,,,,,,,,,,,,,,,,,
6140,2019,3,5,22,30,1.3,0,0,0,2.5,,,,,,,,,,,,,,,,,,,,,,,,,,,,,,,,,,,,
6141,2019,3,5,22,45,1.2000000000000002,0,0,0,2.4000000000000004,,,,,,,,,,,,,,,,,,,,,,,,,,,,,,,,,,,,
6142,2019,3,5,23,0,1,0,0,0,2.4000000000000004,,,,,,,,,,,,,,,,,,,,,,,,,,,,,,,,,,,,
6143,2019,3,5,23,15,0.9,0,0,0,2.4000000000000004,,,,,,,,,,,,,,,,,,,,,,,,,,,,,,,,,,,,
6144,2019,3,5,23,30,0.8,0,0,0,2.4000000000000004,,,,,,,,,,,,,,,,,,,,,,,,,,,,,,,,,,,,
6145,2019,3,5,23,45,0.7000000000000001,0,0,0,2.3000000000000003,,,,,,,,,,,,,,,,,,,,,,,,,,,,,,,,,,,,
6146,2019,3,6,0,0,0.7000000000000001,0,0,0,2.3000000000000003,,,,,,,,,,,,,,,,,,,,,,,,,,,,,,,,,,,,
6147,2019,3,6,0,15,0.7000000000000001,0,0,0,2.3000000000000003,,,,,,,,,,,,,,,,,,,,,,,,,,,,,,,,,,,,
6148,2019,3,6,0,30,0.7000000000000001,0,0,0,2.3000000000000003,,,,,,,,,,,,,,,,,,,,,,,,,,,,,,,,,,,,
6149,2019,3,6,0,45,0.7000000000000001,0,0,0,2.3000000000000003,,,,,,,,,,,,,,,,,,,,,,,,,,,,,,,,,,,,
6150,2019,3,6,1,0,0.8,0,0,0,2.6,,,,,,,,,,,,,,,,,,,,,,,,,,,,,,,,,,,,
6151,2019,3,6,1,15,0.9,0,0,0,2.6,,,,,,,,,,,,,,,,,,,,,,,,,,,,,,,,,,,,
6152,2019,3,6,1,30,0.9,0,0,0,2.7,,,,,,,,,,,,,,,,,,,,,,,,,,,,,,,,,,,,
6153,2019,3,6,1,45,1,0,0,0,2.7,,,,,,,,,,,,,,,,,,,,,,,,,,,,,,,,,,,,
6154,2019,3,6,2,0,1,0,0,0,2.7,,,,,,,,,,,,,,,,,,,,,,,,,,,,,,,,,,,,
6155,2019,3,6,2,15,1,0,0,0,2.7,,,,,,,,,,,,,,,,,,,,,,,,,,,,,,,,,,,,
6156,2019,3,6,2,30,0.9,0,0,0,2.7,,,,,,,,,,,,,,,,,,,,,,,,,,,,,,,,,,,,
6157,2019,3,6,2,45,0.9,0,0,0,2.7,,,,,,,,,,,,,,,,,,,,,,,,,,,,,,,,,,,,
6158,2019,3,6,3,0,0.9,0,0,0,2.7,,,,,,,,,,,,,,,,,,,,,,,,,,,,,,,,,,,,
6159,2019,3,6,3,15,0.8,0,0,0,2.7,,,,,,,,,,,,,,,,,,,,,,,,,,,,,,,,,,,,
6160,2019,3,6,3,30,0.8,0,0,0,2.7,,,,,,,,,,,,,,,,,,,,,,,,,,,,,,,,,,,,
6161,2019,3,6,3,45,0.8,0,0,0,2.7,,,,,,,,,,,,,,,,,,,,,,,,,,,,,,,,,,,,
6162,2019,3,6,4,0,0.8,0,0,0,2.7,,,,,,,,,,,,,,,,,,,,,,,,,,,,,,,,,,,,
6163,2019,3,6,4,15,0.8,0,0,0,2.9000000000000004,,,,,,,,,,,,,,,,,,,,,,,,,,,,,,,,,,,,
6164,2019,3,6,4,30,0.9,0,0,0,3,,,,,,,,,,,,,,,,,,,,,,,,,,,,,,,,,,,,
6165,2019,3,6,4,45,1,0,0,0,3.1,,,,,,,,,,,,,,,,,,,,,,,,,,,,,,,,,,,,
6166,2019,3,6,5,0,1.1,0,0,0,3.2,,,,,,,,,,,,,,,,,,,,,,,,,,,,,,,,,,,,
6167,2019,3,6,5,15,1.2000000000000002,0,0,0,3.3000000000000003,,,,,,,,,,,,,,,,,,,,,,,,,,,,,,,,,,,,
6168,2019,3,6,5,30,1.3,0,0,0,3.4000000000000004,,,,,,,,,,,,,,,,,,,,,,,,,,,,,,,,,,,,
6169,2019,3,6,5,45,1.3,0,0,0,3.5,,,,,,,,,,,,,,,,,,,,,,,,,,,,,,,,,,,,
6170,2019,3,6,6,0,1.4000000000000001,0,0,0,3.6,,,,,,,,,,,,,,,,,,,,,,,,,,,,,,,,,,,,
6171,2019,3,6,6,15,1.5,0,0,0,3.6,,,,,,,,,,,,,,,,,,,,,,,,,,,,,,,,,,,,
6172,2019,3,6,6,30,1.6,0,0,0,3.7,,,,,,,,,,,,,,,,,,,,,,,,,,,,,,,,,,,,
6173,2019,3,6,6,45,1.7000000000000002,0,0,0,3.8000000000000003,,,,,,,,,,,,,,,,,,,,,,,,,,,,,,,,,,,,
6174,2019,3,6,7,0,1.8,12,100,14,3.8000000000000003,,,,,,,,,,,,,,,,,,,,,,,,,,,,,,,,,,,,
6175,2019,3,6,7,15,2,22,230,35,4,,,,,,,,,,,,,,,,,,,,,,,,,,,,,,,,,,,,
6176,2019,3,6,7,30,2.3000000000000003,31,342,64,4.1000000000000005,,,,,,,,,,,,,,,,,,,,,,,,,,,,,,,,,,,,
6177,2019,3,6,7,45,2.5,33,0,33,4.2,,,,,,,,,,,,,,,,,,,,,,,,,,,,,,,,,,,,
6178,2019,3,6,8,0,2.8000000000000003,47,0,47,4.4,,,,,,,,,,,,,,,,,,,,,,,,,,,,,,,,,,,,
6179,2019,3,6,8,15,3.2,9,0,9,4.5,,,,,,,,,,,,,,,,,,,,,,,,,,,,,,,,,,,,
6180,2019,3,6,8,30,3.6,10,0,10,4.6000000000000005,,,,,,,,,,,,,,,,,,,,,,,,,,,,,,,,,,,,
6181,2019,3,6,8,45,4,12,0,12,4.7,,,,,,,,,,,,,,,,,,,,,,,,,,,,,,,,,,,,
6182,2019,3,6,9,0,4.4,11,0,11,4.7,,,,,,,,,,,,,,,,,,,,,,,,,,,,,,,,,,,,
6183,2019,3,6,9,15,5,22,0,22,4.9,,,,,,,,,,,,,,,,,,,,,,,,,,,,,,,,,,,,
6184,2019,3,6,9,30,5.6000000000000005,61,0,61,5,,,,,,,,,,,,,,,,,,,,,,,,,,,,,,,,,,,,
6185,2019,3,6,9,45,6.300000000000001,58,0,58,5.1000000000000005,,,,,,,,,,,,,,,,,,,,,,,,,,,,,,,,,,,,
6186,2019,3,6,10,0,6.9,34,0,34,5.300000000000001,,,,,,,,,,,,,,,,,,,,,,,,,,,,,,,,,,,,
6187,2019,3,6,10,15,7.6000000000000005,68,0,68,5.4,,,,,,,,,,,,,,,,,,,,,,,,,,,,,,,,,,,,
6188,2019,3,6,10,30,8.3,169,17,177,5.5,,,,,,,,,,,,,,,,,,,,,,,,,,,,,,,,,,,,
6189,2019,3,6,10,45,8.9,200,56,226,5.6000000000000005,,,,,,,,,,,,,,,,,,,,,,,,,,,,,,,,,,,,
6190,2019,3,6,11,0,9.600000000000001,220,170,304,5.7,,,,,,,,,,,,,,,,,,,,,,,,,,,,,,,,,,,,
6191,2019,3,6,11,15,10,224,216,334,5.7,,,,,,,,,,,,,,,,,,,,,,,,,,,,,,,,,,,,
6192,2019,3,6,11,30,10.4,215,316,380,5.7,,,,,,,,,,,,,,,,,,,,,,,,,,,,,,,,,,,,
6193,2019,3,6,11,45,10.700000000000001,216,335,393,5.7,,,,,,,,,,,,,,,,,,,,,,,,,,,,,,,,,,,,
6194,2019,3,6,12,0,11.100000000000001,228,288,382,5.800000000000001,,,,,,,,,,,,,,,,,,,,,,,,,,,,,,,,,,,,
6195,2019,3,6,12,15,11.100000000000001,229,297,388,5.6000000000000005,,,,,,,,,,,,,,,,,,,,,,,,,,,,,,,,,,,,
6196,2019,3,6,12,30,11,239,228,362,5.5,,,,,,,,,,,,,,,,,,,,,,,,,,,,,,,,,,,,
6197,2019,3,6,12,45,11,243,163,330,5.4,,,,,,,,,,,,,,,,,,,,,,,,,,,,,,,,,,,,
6198,2019,3,6,13,0,10.9,240,141,315,5.2,,,,,,,,,,,,,,,,,,,,,,,,,,,,,,,,,,,,
6199,2019,3,6,13,15,10.8,220,53,247,5.1000000000000005,,,,,,,,,,,,,,,,,,,,,,,,,,,,,,,,,,,,
6200,2019,3,6,13,30,10.700000000000001,198,27,212,5,,,,,,,,,,,,,,,,,,,,,,,,,,,,,,,,,,,,
6201,2019,3,6,13,45,10.600000000000001,168,6,171,4.9,,,,,,,,,,,,,,,,,,,,,,,,,,,,,,,,,,,,
6202,2019,3,6,14,0,10.5,181,20,191,4.800000000000001,,,,,,,,,,,,,,,,,,,,,,,,,,,,,,,,,,,,
6203,2019,3,6,14,15,10.5,201,79,238,4.7,,,,,,,,,,,,,,,,,,,,,,,,,,,,,,,,,,,,
6204,2019,3,6,14,30,10.4,180,42,199,4.7,,,,,,,,,,,,,,,,,,,,,,,,,,,,,,,,,,,,
6205,2019,3,6,14,45,10.3,148,7,151,4.6000000000000005,,,,,,,,,,,,,,,,,,,,,,,,,,,,,,,,,,,,
6206,2019,3,6,15,0,10.200000000000001,171,120,220,4.6000000000000005,,,,,,,,,,,,,,,,,,,,,,,,,,,,,,,,,,,,
6207,2019,3,6,15,15,10.100000000000001,113,0,113,4.5,,,,,,,,,,,,,,,,,,,,,,,,,,,,,,,,,,,,
6208,2019,3,6,15,30,10,98,0,98,4.5,,,,,,,,,,,,,,,,,,,,,,,,,,,,,,,,,,,,
6209,2019,3,6,15,45,9.8,121,29,130,4.5,,,,,,,,,,,,,,,,,,,,,,,,,,,,,,,,,,,,
6210,2019,3,6,16,0,9.700000000000001,94,379,203,4.4,,,,,,,,,,,,,,,,,,,,,,,,,,,,,,,,,,,,
6211,2019,3,6,16,15,9.600000000000001,83,357,174,4.4,,,,,,,,,,,,,,,,,,,,,,,,,,,,,,,,,,,,
6212,2019,3,6,16,30,9.4,72,330,145,4.5,,,,,,,,,,,,,,,,,,,,,,,,,,,,,,,,,,,,
6213,2019,3,6,16,45,9.3,61,298,116,4.5,,,,,,,,,,,,,,,,,,,,,,,,,,,,,,,,,,,,
6214,2019,3,6,17,0,9.1,49,260,88,4.5,,,,,,,,,,,,,,,,,,,,,,,,,,,,,,,,,,,,
6215,2019,3,6,17,15,9.1,37,213,61,4.6000000000000005,,,,,,,,,,,,,,,,,,,,,,,,,,,,,,,,,,,,
6216,2019,3,6,17,30,9,26,149,37,4.7,,,,,,,,,,,,,,,,,,,,,,,,,,,,,,,,,,,,
6217,2019,3,6,17,45,9,13,78,16,4.7,,,,,,,,,,,,,,,,,,,,,,,,,,,,,,,,,,,,
6218,2019,3,6,18,0,8.9,0,0,0,4.800000000000001,,,,,,,,,,,,,,,,,,,,,,,,,,,,,,,,,,,,
6219,2019,3,6,18,15,8.9,0,0,0,4.800000000000001,,,,,,,,,,,,,,,,,,,,,,,,,,,,,,,,,,,,
6220,2019,3,6,18,30,8.8,0,0,0,4.7,,,,,,,,,,,,,,,,,,,,,,,,,,,,,,,,,,,,
6221,2019,3,6,18,45,8.700000000000001,0,0,0,4.7,,,,,,,,,,,,,,,,,,,,,,,,,,,,,,,,,,,,
6222,2019,3,6,19,0,8.6,0,0,0,4.6000000000000005,,,,,,,,,,,,,,,,,,,,,,,,,,,,,,,,,,,,
6223,2019,3,6,19,15,8.5,0,0,0,4.6000000000000005,,,,,,,,,,,,,,,,,,,,,,,,,,,,,,,,,,,,
6224,2019,3,6,19,30,8.4,0,0,0,4.6000000000000005,,,,,,,,,,,,,,,,,,,,,,,,,,,,,,,,,,,,
6225,2019,3,6,19,45,8.3,0,0,0,4.5,,,,,,,,,,,,,,,,,,,,,,,,,,,,,,,,,,,,
6226,2019,3,6,20,0,8.3,0,0,0,4.5,,,,,,,,,,,,,,,,,,,,,,,,,,,,,,,,,,,,
6227,2019,3,6,20,15,8.200000000000001,0,0,0,4.6000000000000005,,,,,,,,,,,,,,,,,,,,,,,,,,,,,,,,,,,,
6228,2019,3,6,20,30,8.200000000000001,0,0,0,4.6000000000000005,,,,,,,,,,,,,,,,,,,,,,,,,,,,,,,,,,,,
6229,2019,3,6,20,45,8.1,0,0,0,4.6000000000000005,,,,,,,,,,,,,,,,,,,,,,,,,,,,,,,,,,,,
6230,2019,3,6,21,0,8.1,0,0,0,4.7,,,,,,,,,,,,,,,,,,,,,,,,,,,,,,,,,,,,
6231,2019,3,6,21,15,8,0,0,0,4.7,,,,,,,,,,,,,,,,,,,,,,,,,,,,,,,,,,,,
6232,2019,3,6,21,30,7.9,0,0,0,4.7,,,,,,,,,,,,,,,,,,,,,,,,,,,,,,,,,,,,
6233,2019,3,6,21,45,7.800000000000001,0,0,0,4.7,,,,,,,,,,,,,,,,,,,,,,,,,,,,,,,,,,,,
6234,2019,3,6,22,0,7.800000000000001,0,0,0,4.7,,,,,,,,,,,,,,,,,,,,,,,,,,,,,,,,,,,,
6235,2019,3,6,22,15,7.800000000000001,0,0,0,4.7,,,,,,,,,,,,,,,,,,,,,,,,,,,,,,,,,,,,
6236,2019,3,6,22,30,7.800000000000001,0,0,0,4.7,,,,,,,,,,,,,,,,,,,,,,,,,,,,,,,,,,,,
6237,2019,3,6,22,45,7.7,0,0,0,4.800000000000001,,,,,,,,,,,,,,,,,,,,,,,,,,,,,,,,,,,,
6238,2019,3,6,23,0,7.7,0,0,0,4.800000000000001,,,,,,,,,,,,,,,,,,,,,,,,,,,,,,,,,,,,
6239,2019,3,6,23,15,7.7,0,0,0,4.800000000000001,,,,,,,,,,,,,,,,,,,,,,,,,,,,,,,,,,,,
6240,2019,3,6,23,30,7.7,0,0,0,4.7,,,,,,,,,,,,,,,,,,,,,,,,,,,,,,,,,,,,
6241,2019,3,6,23,45,7.6000000000000005,0,0,0,4.7,,,,,,,,,,,,,,,,,,,,,,,,,,,,,,,,,,,,
6242,2019,3,7,0,0,7.6000000000000005,0,0,0,4.7,,,,,,,,,,,,,,,,,,,,,,,,,,,,,,,,,,,,
6243,2019,3,7,0,15,7.6000000000000005,0,0,0,4.7,,,,,,,,,,,,,,,,,,,,,,,,,,,,,,,,,,,,
6244,2019,3,7,0,30,7.6000000000000005,0,0,0,4.7,,,,,,,,,,,,,,,,,,,,,,,,,,,,,,,,,,,,
6245,2019,3,7,0,45,7.6000000000000005,0,0,0,4.7,,,,,,,,,,,,,,,,,,,,,,,,,,,,,,,,,,,,
6246,2019,3,7,1,0,7.5,0,0,0,4.7,,,,,,,,,,,,,,,,,,,,,,,,,,,,,,,,,,,,
6247,2019,3,7,1,15,7.5,0,0,0,4.6000000000000005,,,,,,,,,,,,,,,,,,,,,,,,,,,,,,,,,,,,
6248,2019,3,7,1,30,7.4,0,0,0,4.6000000000000005,,,,,,,,,,,,,,,,,,,,,,,,,,,,,,,,,,,,
6249,2019,3,7,1,45,7.4,0,0,0,4.5,,,,,,,,,,,,,,,,,,,,,,,,,,,,,,,,,,,,
6250,2019,3,7,2,0,7.4,0,0,0,4.5,,,,,,,,,,,,,,,,,,,,,,,,,,,,,,,,,,,,
6251,2019,3,7,2,15,7.300000000000001,0,0,0,4.5,,,,,,,,,,,,,,,,,,,,,,,,,,,,,,,,,,,,
6252,2019,3,7,2,30,7.300000000000001,0,0,0,4.6000000000000005,,,,,,,,,,,,,,,,,,,,,,,,,,,,,,,,,,,,
6253,2019,3,7,2,45,7.300000000000001,0,0,0,4.6000000000000005,,,,,,,,,,,,,,,,,,,,,,,,,,,,,,,,,,,,
6254,2019,3,7,3,0,7.300000000000001,0,0,0,4.6000000000000005,,,,,,,,,,,,,,,,,,,,,,,,,,,,,,,,,,,,
6255,2019,3,7,3,15,7.300000000000001,0,0,0,4.7,,,,,,,,,,,,,,,,,,,,,,,,,,,,,,,,,,,,
6256,2019,3,7,3,30,7.300000000000001,0,0,0,4.800000000000001,,,,,,,,,,,,,,,,,,,,,,,,,,,,,,,,,,,,
6257,2019,3,7,3,45,7.300000000000001,0,0,0,4.9,,,,,,,,,,,,,,,,,,,,,,,,,,,,,,,,,,,,
6258,2019,3,7,4,0,7.4,0,0,0,5,,,,,,,,,,,,,,,,,,,,,,,,,,,,,,,,,,,,
6259,2019,3,7,4,15,7.300000000000001,0,0,0,5.1000000000000005,,,,,,,,,,,,,,,,,,,,,,,,,,,,,,,,,,,,
6260,2019,3,7,4,30,7.300000000000001,0,0,0,5.1000000000000005,,,,,,,,,,,,,,,,,,,,,,,,,,,,,,,,,,,,
6261,2019,3,7,4,45,7.2,0,0,0,5.1000000000000005,,,,,,,,,,,,,,,,,,,,,,,,,,,,,,,,,,,,
6262,2019,3,7,5,0,7.1000000000000005,0,0,0,5.1000000000000005,,,,,,,,,,,,,,,,,,,,,,,,,,,,,,,,,,,,
6263,2019,3,7,5,15,7,0,0,0,5,,,,,,,,,,,,,,,,,,,,,,,,,,,,,,,,,,,,
6264,2019,3,7,5,30,6.9,0,0,0,4.800000000000001,,,,,,,,,,,,,,,,,,,,,,,,,,,,,,,,,,,,
6265,2019,3,7,5,45,6.800000000000001,0,0,0,4.7,,,,,,,,,,,,,,,,,,,,,,,,,,,,,,,,,,,,
6266,2019,3,7,6,0,6.7,0,0,0,4.6000000000000005,,,,,,,,,,,,,,,,,,,,,,,,,,,,,,,,,,,,
6267,2019,3,7,6,15,6.9,0,0,0,4.800000000000001,,,,,,,,,,,,,,,,,,,,,,,,,,,,,,,,,,,,
6268,2019,3,7,6,30,7.1000000000000005,0,0,0,4.9,,,,,,,,,,,,,,,,,,,,,,,,,,,,,,,,,,,,
6269,2019,3,7,6,45,7.300000000000001,0,0,0,5.1000000000000005,,,,,,,,,,,,,,,,,,,,,,,,,,,,,,,,,,,,
6270,2019,3,7,7,0,7.5,4,57,6,5.300000000000001,,,,,,,,,,,,,,,,,,,,,,,,,,,,,,,,,,,,
6271,2019,3,7,7,15,7.800000000000001,16,0,16,5.5,,,,,,,,,,,,,,,,,,,,,,,,,,,,,,,,,,,,
6272,2019,3,7,7,30,8.200000000000001,26,0,26,5.7,,,,,,,,,,,,,,,,,,,,,,,,,,,,,,,,,,,,
6273,2019,3,7,7,45,8.5,37,0,37,5.9,,,,,,,,,,,,,,,,,,,,,,,,,,,,,,,,,,,,
6274,2019,3,7,8,0,8.9,50,0,50,6.1000000000000005,,,,,,,,,,,,,,,,,,,,,,,,,,,,,,,,,,,,
6275,2019,3,7,8,15,9.4,63,0,63,6.300000000000001,,,,,,,,,,,,,,,,,,,,,,,,,,,,,,,,,,,,
6276,2019,3,7,8,30,10,43,0,43,6.5,,,,,,,,,,,,,,,,,,,,,,,,,,,,,,,,,,,,
6277,2019,3,7,8,45,10.5,93,0,93,6.800000000000001,,,,,,,,,,,,,,,,,,,,,,,,,,,,,,,,,,,,
6278,2019,3,7,9,0,11,13,0,13,7,,,,,,,,,,,,,,,,,,,,,,,,,,,,,,,,,,,,
6279,2019,3,7,9,15,11.5,15,0,15,7.4,,,,,,,,,,,,,,,,,,,,,,,,,,,,,,,,,,,,
6280,2019,3,7,9,30,11.9,81,0,81,7.800000000000001,,,,,,,,,,,,,,,,,,,,,,,,,,,,,,,,,,,,
6281,2019,3,7,9,45,12.4,152,27,163,8.200000000000001,,,,,,,,,,,,,,,,,,,,,,,,,,,,,,,,,,,,
6282,2019,3,7,10,0,12.8,80,0,80,8.6,,,,,,,,,,,,,,,,,,,,,,,,,,,,,,,,,,,,
6283,2019,3,7,10,15,12.9,194,129,252,8.700000000000001,,,,,,,,,,,,,,,,,,,,,,,,,,,,,,,,,,,,
6284,2019,3,7,10,30,12.9,203,197,295,8.8,,,,,,,,,,,,,,,,,,,,,,,,,,,,,,,,,,,,
6285,2019,3,7,10,45,13,213,201,311,8.9,,,,,,,,,,,,,,,,,,,,,,,,,,,,,,,,,,,,
6286,2019,3,7,11,0,13.100000000000001,217,249,342,9.1,,,,,,,,,,,,,,,,,,,,,,,,,,,,,,,,,,,,
6287,2019,3,7,11,15,13.100000000000001,223,255,354,9,,,,,,,,,,,,,,,,,,,,,,,,,,,,,,,,,,,,
6288,2019,3,7,11,30,13.200000000000001,238,153,318,8.9,,,,,,,,,,,,,,,,,,,,,,,,,,,,,,,,,,,,
6289,2019,3,7,11,45,13.3,242,156,326,8.9,,,,,,,,,,,,,,,,,,,,,,,,,,,,,,,,,,,,
6290,2019,3,7,12,0,13.3,185,10,191,8.8,,,,,,,,,,,,,,,,,,,,,,,,,,,,,,,,,,,,
6291,2019,3,7,12,15,13.100000000000001,70,0,70,8.6,,,,,,,,,,,,,,,,,,,,,,,,,,,,,,,,,,,,
6292,2019,3,7,12,30,13,32,0,32,8.4,,,,,,,,,,,,,,,,,,,,,,,,,,,,,,,,,,,,
6293,2019,3,7,12,45,12.8,32,0,32,8.200000000000001,,,,,,,,,,,,,,,,,,,,,,,,,,,,,,,,,,,,
6294,2019,3,7,13,0,12.600000000000001,129,0,129,8,,,,,,,,,,,,,,,,,,,,,,,,,,,,,,,,,,,,
6295,2019,3,7,13,15,12.5,90,0,90,7.800000000000001,,,,,,,,,,,,,,,,,,,,,,,,,,,,,,,,,,,,
6296,2019,3,7,13,30,12.5,44,0,44,7.7,,,,,,,,,,,,,,,,,,,,,,,,,,,,,,,,,,,,
6297,2019,3,7,13,45,12.4,137,0,137,7.5,,,,,,,,,,,,,,,,,,,,,,,,,,,,,,,,,,,,
6298,2019,3,7,14,0,12.4,57,0,57,7.4,,,,,,,,,,,,,,,,,,,,,,,,,,,,,,,,,,,,
6299,2019,3,7,14,15,12.3,25,0,25,7.300000000000001,,,,,,,,,,,,,,,,,,,,,,,,,,,,,,,,,,,,
6300,2019,3,7,14,30,12.200000000000001,23,0,23,7.1000000000000005,,,,,,,,,,,,,,,,,,,,,,,,,,,,,,,,,,,,
6301,2019,3,7,14,45,12.200000000000001,27,0,27,7,,,,,,,,,,,,,,,,,,,,,,,,,,,,,,,,,,,,
6302,2019,3,7,15,0,12.100000000000001,24,0,24,6.9,,,,,,,,,,,,,,,,,,,,,,,,,,,,,,,,,,,,
6303,2019,3,7,15,15,11.9,22,0,22,6.6000000000000005,,,,,,,,,,,,,,,,,,,,,,,,,,,,,,,,,,,,
6304,2019,3,7,15,30,11.600000000000001,60,782,338,6.4,,,,,,,,,,,,,,,,,,,,,,,,,,,,,,,,,,,,
6305,2019,3,7,15,45,11.4,57,760,304,6.1000000000000005,,,,,,,,,,,,,,,,,,,,,,,,,,,,,,,,,,,,
6306,2019,3,7,16,0,11.100000000000001,54,731,269,5.9,,,,,,,,,,,,,,,,,,,,,,,,,,,,,,,,,,,,
6307,2019,3,7,16,15,10.700000000000001,24,0,24,5.6000000000000005,,,,,,,,,,,,,,,,,,,,,,,,,,,,,,,,,,,,
6308,2019,3,7,16,30,10.200000000000001,47,654,195,5.300000000000001,,,,,,,,,,,,,,,,,,,,,,,,,,,,,,,,,,,,
6309,2019,3,7,16,45,9.700000000000001,43,595,156,5,,,,,,,,,,,,,,,,,,,,,,,,,,,,,,,,,,,,
6310,2019,3,7,17,0,9.200000000000001,38,532,119,4.7,,,,,,,,,,,,,,,,,,,,,,,,,,,,,,,,,,,,
6311,2019,3,7,17,15,8.9,31,455,84,4.800000000000001,,,,,,,,,,,,,,,,,,,,,,,,,,,,,,,,,,,,
6312,2019,3,7,17,30,8.6,6,0,6,4.9,,,,,,,,,,,,,,,,,,,,,,,,,,,,,,,,,,,,
6313,2019,3,7,17,45,8.4,3,0,3,5,,,,,,,,,,,,,,,,,,,,,,,,,,,,,,,,,,,,
6314,2019,3,7,18,0,8.1,0,0,0,5.1000000000000005,,,,,,,,,,,,,,,,,,,,,,,,,,,,,,,,,,,,
6315,2019,3,7,18,15,8,0,0,0,5.300000000000001,,,,,,,,,,,,,,,,,,,,,,,,,,,,,,,,,,,,
6316,2019,3,7,18,30,7.9,0,0,0,5.5,,,,,,,,,,,,,,,,,,,,,,,,,,,,,,,,,,,,
6317,2019,3,7,18,45,7.800000000000001,0,0,0,5.7,,,,,,,,,,,,,,,,,,,,,,,,,,,,,,,,,,,,
6318,2019,3,7,19,0,7.7,0,0,0,5.9,,,,,,,,,,,,,,,,,,,,,,,,,,,,,,,,,,,,
6319,2019,3,7,19,15,7.5,0,0,0,6,,,,,,,,,,,,,,,,,,,,,,,,,,,,,,,,,,,,
6320,2019,3,7,19,30,7.4,0,0,0,6.1000000000000005,,,,,,,,,,,,,,,,,,,,,,,,,,,,,,,,,,,,
6321,2019,3,7,19,45,7.300000000000001,0,0,0,6.2,,,,,,,,,,,,,,,,,,,,,,,,,,,,,,,,,,,,
6322,2019,3,7,20,0,7.2,0,0,0,6.300000000000001,,,,,,,,,,,,,,,,,,,,,,,,,,,,,,,,,,,,
6323,2019,3,7,20,15,7.1000000000000005,0,0,0,6.4,,,,,,,,,,,,,,,,,,,,,,,,,,,,,,,,,,,,
6324,2019,3,7,20,30,7,0,0,0,6.4,,,,,,,,,,,,,,,,,,,,,,,,,,,,,,,,,,,,
6325,2019,3,7,20,45,6.9,0,0,0,6.5,,,,,,,,,,,,,,,,,,,,,,,,,,,,,,,,,,,,
6326,2019,3,7,21,0,6.800000000000001,0,0,0,6.5,,,,,,,,,,,,,,,,,,,,,,,,,,,,,,,,,,,,
6327,2019,3,7,21,15,6.7,0,0,0,6.5,,,,,,,,,,,,,,,,,,,,,,,,,,,,,,,,,,,,
6328,2019,3,7,21,30,6.7,0,0,0,6.5,,,,,,,,,,,,,,,,,,,,,,,,,,,,,,,,,,,,
6329,2019,3,7,21,45,6.6000000000000005,0,0,0,6.5,,,,,,,,,,,,,,,,,,,,,,,,,,,,,,,,,,,,
6330,2019,3,7,22,0,6.5,0,0,0,6.5,,,,,,,,,,,,,,,,,,,,,,,,,,,,,,,,,,,,
6331,2019,3,7,22,15,6.5,0,0,0,6.5,,,,,,,,,,,,,,,,,,,,,,,,,,,,,,,,,,,,
6332,2019,3,7,22,30,6.4,0,0,0,6.6000000000000005,,,,,,,,,,,,,,,,,,,,,,,,,,,,,,,,,,,,
6333,2019,3,7,22,45,6.4,0,0,0,6.6000000000000005,,,,,,,,,,,,,,,,,,,,,,,,,,,,,,,,,,,,
6334,2019,3,7,23,0,6.300000000000001,0,0,0,6.6000000000000005,,,,,,,,,,,,,,,,,,,,,,,,,,,,,,,,,,,,
6335,2019,3,7,23,15,6.300000000000001,0,0,0,6.7,,,,,,,,,,,,,,,,,,,,,,,,,,,,,,,,,,,,
6336,2019,3,7,23,30,6.2,0,0,0,6.7,,,,,,,,,,,,,,,,,,,,,,,,,,,,,,,,,,,,
6337,2019,3,7,23,45,6.1000000000000005,0,0,0,6.800000000000001,,,,,,,,,,,,,,,,,,,,,,,,,,,,,,,,,,,,
6338,2019,3,8,0,0,6.1000000000000005,0,0,0,6.9,,,,,,,,,,,,,,,,,,,,,,,,,,,,,,,,,,,,
6339,2019,3,8,0,15,6.1000000000000005,0,0,0,6.9,,,,,,,,,,,,,,,,,,,,,,,,,,,,,,,,,,,,
6340,2019,3,8,0,30,6.1000000000000005,0,0,0,6.9,,,,,,,,,,,,,,,,,,,,,,,,,,,,,,,,,,,,
6341,2019,3,8,0,45,6.1000000000000005,0,0,0,6.9,,,,,,,,,,,,,,,,,,,,,,,,,,,,,,,,,,,,
6342,2019,3,8,1,0,5.9,0,0,0,7.2,,,,,,,,,,,,,,,,,,,,,,,,,,,,,,,,,,,,
6343,2019,3,8,1,15,5.9,0,0,0,7.300000000000001,,,,,,,,,,,,,,,,,,,,,,,,,,,,,,,,,,,,
6344,2019,3,8,1,30,5.9,0,0,0,7.4,,,,,,,,,,,,,,,,,,,,,,,,,,,,,,,,,,,,
6345,2019,3,8,1,45,5.800000000000001,0,0,0,7.6000000000000005,,,,,,,,,,,,,,,,,,,,,,,,,,,,,,,,,,,,
6346,2019,3,8,2,0,5.800000000000001,0,0,0,7.7,,,,,,,,,,,,,,,,,,,,,,,,,,,,,,,,,,,,
6347,2019,3,8,2,15,5.800000000000001,0,0,0,7.800000000000001,,,,,,,,,,,,,,,,,,,,,,,,,,,,,,,,,,,,
6348,2019,3,8,2,30,5.800000000000001,0,0,0,7.9,,,,,,,,,,,,,,,,,,,,,,,,,,,,,,,,,,,,
6349,2019,3,8,2,45,5.800000000000001,0,0,0,8.1,,,,,,,,,,,,,,,,,,,,,,,,,,,,,,,,,,,,
6350,2019,3,8,3,0,5.800000000000001,0,0,0,8.200000000000001,,,,,,,,,,,,,,,,,,,,,,,,,,,,,,,,,,,,
6351,2019,3,8,3,15,5.800000000000001,0,0,0,8.3,,,,,,,,,,,,,,,,,,,,,,,,,,,,,,,,,,,,
6352,2019,3,8,3,30,5.800000000000001,0,0,0,8.5,,,,,,,,,,,,,,,,,,,,,,,,,,,,,,,,,,,,
6353,2019,3,8,3,45,5.800000000000001,0,0,0,8.6,,,,,,,,,,,,,,,,,,,,,,,,,,,,,,,,,,,,
6354,2019,3,8,4,0,5.800000000000001,0,0,0,8.700000000000001,,,,,,,,,,,,,,,,,,,,,,,,,,,,,,,,,,,,
6355,2019,3,8,4,15,5.7,0,0,0,8.8,,,,,,,,,,,,,,,,,,,,,,,,,,,,,,,,,,,,
6356,2019,3,8,4,30,5.7,0,0,0,8.8,,,,,,,,,,,,,,,,,,,,,,,,,,,,,,,,,,,,
6357,2019,3,8,4,45,5.7,0,0,0,8.9,,,,,,,,,,,,,,,,,,,,,,,,,,,,,,,,,,,,
6358,2019,3,8,5,0,5.7,0,0,0,8.9,,,,,,,,,,,,,,,,,,,,,,,,,,,,,,,,,,,,
6359,2019,3,8,5,15,5.7,0,0,0,8.9,,,,,,,,,,,,,,,,,,,,,,,,,,,,,,,,,,,,
6360,2019,3,8,5,30,5.7,0,0,0,8.9,,,,,,,,,,,,,,,,,,,,,,,,,,,,,,,,,,,,
6361,2019,3,8,5,45,5.7,0,0,0,8.9,,,,,,,,,,,,,,,,,,,,,,,,,,,,,,,,,,,,
6362,2019,3,8,6,0,5.7,0,0,0,8.9,,,,,,,,,,,,,,,,,,,,,,,,,,,,,,,,,,,,
6363,2019,3,8,6,15,5.800000000000001,0,0,0,8.8,,,,,,,,,,,,,,,,,,,,,,,,,,,,,,,,,,,,
6364,2019,3,8,6,30,5.9,0,0,0,8.8,,,,,,,,,,,,,,,,,,,,,,,,,,,,,,,,,,,,
6365,2019,3,8,6,45,6,0,0,0,8.8,,,,,,,,,,,,,,,,,,,,,,,,,,,,,,,,,,,,
6366,2019,3,8,7,0,6.1000000000000005,2,0,2,8.8,,,,,,,,,,,,,,,,,,,,,,,,,,,,,,,,,,,,
6367,2019,3,8,7,15,6.300000000000001,4,0,4,8.8,,,,,,,,,,,,,,,,,,,,,,,,,,,,,,,,,,,,
6368,2019,3,8,7,30,6.5,5,0,5,8.8,,,,,,,,,,,,,,,,,,,,,,,,,,,,,,,,,,,,
6369,2019,3,8,7,45,6.7,7,0,7,8.8,,,,,,,,,,,,,,,,,,,,,,,,,,,,,,,,,,,,
6370,2019,3,8,8,0,6.9,7,0,7,8.8,,,,,,,,,,,,,,,,,,,,,,,,,,,,,,,,,,,,
6371,2019,3,8,8,15,7,12,0,12,8.9,,,,,,,,,,,,,,,,,,,,,,,,,,,,,,,,,,,,
6372,2019,3,8,8,30,7.1000000000000005,9,0,9,8.9,,,,,,,,,,,,,,,,,,,,,,,,,,,,,,,,,,,,
6373,2019,3,8,8,45,7.300000000000001,10,0,10,8.9,,,,,,,,,,,,,,,,,,,,,,,,,,,,,,,,,,,,
6374,2019,3,8,9,0,7.4,21,0,21,8.9,,,,,,,,,,,,,,,,,,,,,,,,,,,,,,,,,,,,
6375,2019,3,8,9,15,7.5,17,0,17,8.9,,,,,,,,,,,,,,,,,,,,,,,,,,,,,,,,,,,,
6376,2019,3,8,9,30,7.7,15,0,15,8.8,,,,,,,,,,,,,,,,,,,,,,,,,,,,,,,,,,,,
6377,2019,3,8,9,45,7.800000000000001,139,5,141,8.8,,,,,,,,,,,,,,,,,,,,,,,,,,,,,,,,,,,,
6378,2019,3,8,10,0,7.9,150,9,154,8.700000000000001,,,,,,,,,,,,,,,,,,,,,,,,,,,,,,,,,,,,
6379,2019,3,8,10,15,8.1,35,0,35,8.6,,,,,,,,,,,,,,,,,,,,,,,,,,,,,,,,,,,,
6380,2019,3,8,10,30,8.200000000000001,37,0,37,8.5,,,,,,,,,,,,,,,,,,,,,,,,,,,,,,,,,,,,
6381,2019,3,8,10,45,8.3,39,0,39,8.5,,,,,,,,,,,,,,,,,,,,,,,,,,,,,,,,,,,,
6382,2019,3,8,11,0,8.5,23,0,23,8.4,,,,,,,,,,,,,,,,,,,,,,,,,,,,,,,,,,,,
6383,2019,3,8,11,15,8.4,43,0,43,8.3,,,,,,,,,,,,,,,,,,,,,,,,,,,,,,,,,,,,
6384,2019,3,8,11,30,8.4,44,0,44,8.200000000000001,,,,,,,,,,,,,,,,,,,,,,,,,,,,,,,,,,,,
6385,2019,3,8,11,45,8.4,45,0,45,8.1,,,,,,,,,,,,,,,,,,,,,,,,,,,,,,,,,,,,
6386,2019,3,8,12,0,8.4,60,0,60,8,,,,,,,,,,,,,,,,,,,,,,,,,,,,,,,,,,,,
6387,2019,3,8,12,15,8.3,61,0,61,7.800000000000001,,,,,,,,,,,,,,,,,,,,,,,,,,,,,,,,,,,,
6388,2019,3,8,12,30,8.3,46,0,46,7.6000000000000005,,,,,,,,,,,,,,,,,,,,,,,,,,,,,,,,,,,,
6389,2019,3,8,12,45,8.3,248,131,320,7.5,,,,,,,,,,,,,,,,,,,,,,,,,,,,,,,,,,,,
6390,2019,3,8,13,0,8.200000000000001,241,232,367,7.300000000000001,,,,,,,,,,,,,,,,,,,,,,,,,,,,,,,,,,,,
6391,2019,3,8,13,15,8.3,153,0,153,7.2,,,,,,,,,,,,,,,,,,,,,,,,,,,,,,,,,,,,
6392,2019,3,8,13,30,8.3,213,342,392,7,,,,,,,,,,,,,,,,,,,,,,,,,,,,,,,,,,,,
6393,2019,3,8,13,45,8.4,139,0,139,6.800000000000001,,,,,,,,,,,,,,,,,,,,,,,,,,,,,,,,,,,,
6394,2019,3,8,14,0,8.4,192,28,206,6.7,,,,,,,,,,,,,,,,,,,,,,,,,,,,,,,,,,,,
6395,2019,3,8,14,15,8.4,196,47,218,6.5,,,,,,,,,,,,,,,,,,,,,,,,,,,,,,,,,,,,
6396,2019,3,8,14,30,8.4,182,36,198,6.300000000000001,,,,,,,,,,,,,,,,,,,,,,,,,,,,,,,,,,,,
6397,2019,3,8,14,45,8.3,35,0,35,6.1000000000000005,,,,,,,,,,,,,,,,,,,,,,,,,,,,,,,,,,,,
6398,2019,3,8,15,0,8.3,31,0,31,5.9,,,,,,,,,,,,,,,,,,,,,,,,,,,,,,,,,,,,
6399,2019,3,8,15,15,8.200000000000001,28,0,28,5.6000000000000005,,,,,,,,,,,,,,,,,,,,,,,,,,,,,,,,,,,,
6400,2019,3,8,15,30,8,78,0,78,5.4,,,,,,,,,,,,,,,,,,,,,,,,,,,,,,,,,,,,
6401,2019,3,8,15,45,7.9,37,0,37,5.1000000000000005,,,,,,,,,,,,,,,,,,,,,,,,,,,,,,,,,,,,
6402,2019,3,8,16,0,7.800000000000001,116,52,132,4.800000000000001,,,,,,,,,,,,,,,,,,,,,,,,,,,,,,,,,,,,
6403,2019,3,8,16,15,7.300000000000001,86,0,86,4.4,,,,,,,,,,,,,,,,,,,,,,,,,,,,,,,,,,,,
6404,2019,3,8,16,30,6.800000000000001,71,513,190,3.9000000000000004,,,,,,,,,,,,,,,,,,,,,,,,,,,,,,,,,,,,
6405,2019,3,8,16,45,6.300000000000001,63,467,154,3.4000000000000004,,,,,,,,,,,,,,,,,,,,,,,,,,,,,,,,,,,,
6406,2019,3,8,17,0,5.800000000000001,55,400,118,2.9000000000000004,,,,,,,,,,,,,,,,,,,,,,,,,,,,,,,,,,,,
6407,2019,3,8,17,15,5.300000000000001,28,0,28,2.8000000000000003,,,,,,,,,,,,,,,,,,,,,,,,,,,,,,,,,,,,
6408,2019,3,8,17,30,4.9,34,215,52,2.6,,,,,,,,,,,,,,,,,,,,,,,,,,,,,,,,,,,,
6409,2019,3,8,17,45,4.4,21,118,26,2.5,,,,,,,,,,,,,,,,,,,,,,,,,,,,,,,,,,,,
6410,2019,3,8,18,0,4,0,0,0,2.3000000000000003,,,,,,,,,,,,,,,,,,,,,,,,,,,,,,,,,,,,
6411,2019,3,8,18,15,3.8000000000000003,0,0,0,2.4000000000000004,,,,,,,,,,,,,,,,,,,,,,,,,,,,,,,,,,,,
6412,2019,3,8,18,30,3.7,0,0,0,2.4000000000000004,,,,,,,,,,,,,,,,,,,,,,,,,,,,,,,,,,,,
6413,2019,3,8,18,45,3.6,0,0,0,2.4000000000000004,,,,,,,,,,,,,,,,,,,,,,,,,,,,,,,,,,,,
6414,2019,3,8,19,0,3.5,0,0,0,2.4000000000000004,,,,,,,,,,,,,,,,,,,,,,,,,,,,,,,,,,,,
6415,2019,3,8,19,15,3.4000000000000004,0,0,0,2.5,,,,,,,,,,,,,,,,,,,,,,,,,,,,,,,,,,,,
6416,2019,3,8,19,30,3.3000000000000003,0,0,0,2.6,,,,,,,,,,,,,,,,,,,,,,,,,,,,,,,,,,,,
6417,2019,3,8,19,45,3.3000000000000003,0,0,0,2.6,,,,,,,,,,,,,,,,,,,,,,,,,,,,,,,,,,,,
6418,2019,3,8,20,0,3.2,0,0,0,2.7,,,,,,,,,,,,,,,,,,,,,,,,,,,,,,,,,,,,
6419,2019,3,8,20,15,3.3000000000000003,0,0,0,2.8000000000000003,,,,,,,,,,,,,,,,,,,,,,,,,,,,,,,,,,,,
6420,2019,3,8,20,30,3.4000000000000004,0,0,0,2.9000000000000004,,,,,,,,,,,,,,,,,,,,,,,,,,,,,,,,,,,,
6421,2019,3,8,20,45,3.5,0,0,0,3,,,,,,,,,,,,,,,,,,,,,,,,,,,,,,,,,,,,
6422,2019,3,8,21,0,3.6,0,0,0,3.1,,,,,,,,,,,,,,,,,,,,,,,,,,,,,,,,,,,,
6423,2019,3,8,21,15,3.7,0,0,0,3.2,,,,,,,,,,,,,,,,,,,,,,,,,,,,,,,,,,,,
6424,2019,3,8,21,30,3.8000000000000003,0,0,0,3.3000000000000003,,,,,,,,,,,,,,,,,,,,,,,,,,,,,,,,,,,,
6425,2019,3,8,21,45,4,0,0,0,3.4000000000000004,,,,,,,,,,,,,,,,,,,,,,,,,,,,,,,,,,,,
6426,2019,3,8,22,0,4.1000000000000005,0,0,0,3.5,,,,,,,,,,,,,,,,,,,,,,,,,,,,,,,,,,,,
6427,2019,3,8,22,15,4.1000000000000005,0,0,0,3.6,,,,,,,,,,,,,,,,,,,,,,,,,,,,,,,,,,,,
6428,2019,3,8,22,30,4.2,0,0,0,3.6,,,,,,,,,,,,,,,,,,,,,,,,,,,,,,,,,,,,
6429,2019,3,8,22,45,4.2,0,0,0,3.7,,,,,,,,,,,,,,,,,,,,,,,,,,,,,,,,,,,,
6430,2019,3,8,23,0,4.2,0,0,0,3.7,,,,,,,,,,,,,,,,,,,,,,,,,,,,,,,,,,,,
6431,2019,3,8,23,15,4.2,0,0,0,3.8000000000000003,,,,,,,,,,,,,,,,,,,,,,,,,,,,,,,,,,,,
6432,2019,3,8,23,30,4.3,0,0,0,3.8000000000000003,,,,,,,,,,,,,,,,,,,,,,,,,,,,,,,,,,,,
6433,2019,3,8,23,45,4.3,0,0,0,3.9000000000000004,,,,,,,,,,,,,,,,,,,,,,,,,,,,,,,,,,,,
6434,2019,3,9,0,0,4.3,0,0,0,3.9000000000000004,,,,,,,,,,,,,,,,,,,,,,,,,,,,,,,,,,,,
6435,2019,3,9,0,15,4.3,0,0,0,3.9000000000000004,,,,,,,,,,,,,,,,,,,,,,,,,,,,,,,,,,,,
6436,2019,3,9,0,30,4.3,0,0,0,3.9000000000000004,,,,,,,,,,,,,,,,,,,,,,,,,,,,,,,,,,,,
6437,2019,3,9,0,45,4.3,0,0,0,3.9000000000000004,,,,,,,,,,,,,,,,,,,,,,,,,,,,,,,,,,,,
6438,2019,3,9,1,0,4.3,0,0,0,4.2,,,,,,,,,,,,,,,,,,,,,,,,,,,,,,,,,,,,
6439,2019,3,9,1,15,4.3,0,0,0,4.2,,,,,,,,,,,,,,,,,,,,,,,,,,,,,,,,,,,,
6440,2019,3,9,1,30,4.3,0,0,0,4.3,,,,,,,,,,,,,,,,,,,,,,,,,,,,,,,,,,,,
6441,2019,3,9,1,45,4.3,0,0,0,4.3,,,,,,,,,,,,,,,,,,,,,,,,,,,,,,,,,,,,
6442,2019,3,9,2,0,4.3,0,0,0,4.4,,,,,,,,,,,,,,,,,,,,,,,,,,,,,,,,,,,,
6443,2019,3,9,2,15,4.3,0,0,0,4.5,,,,,,,,,,,,,,,,,,,,,,,,,,,,,,,,,,,,
6444,2019,3,9,2,30,4.3,0,0,0,4.5,,,,,,,,,,,,,,,,,,,,,,,,,,,,,,,,,,,,
6445,2019,3,9,2,45,4.3,0,0,0,4.6000000000000005,,,,,,,,,,,,,,,,,,,,,,,,,,,,,,,,,,,,
6446,2019,3,9,3,0,4.3,0,0,0,4.7,,,,,,,,,,,,,,,,,,,,,,,,,,,,,,,,,,,,
6447,2019,3,9,3,15,4.2,0,0,0,4.800000000000001,,,,,,,,,,,,,,,,,,,,,,,,,,,,,,,,,,,,
6448,2019,3,9,3,30,4.2,0,0,0,5,,,,,,,,,,,,,,,,,,,,,,,,,,,,,,,,,,,,
6449,2019,3,9,3,45,4.2,0,0,0,5.1000000000000005,,,,,,,,,,,,,,,,,,,,,,,,,,,,,,,,,,,,
6450,2019,3,9,4,0,4.1000000000000005,0,0,0,5.2,,,,,,,,,,,,,,,,,,,,,,,,,,,,,,,,,,,,
6451,2019,3,9,4,15,4.1000000000000005,0,0,0,5.4,,,,,,,,,,,,,,,,,,,,,,,,,,,,,,,,,,,,
6452,2019,3,9,4,30,4.1000000000000005,0,0,0,5.5,,,,,,,,,,,,,,,,,,,,,,,,,,,,,,,,,,,,
6453,2019,3,9,4,45,4,0,0,0,5.7,,,,,,,,,,,,,,,,,,,,,,,,,,,,,,,,,,,,
6454,2019,3,9,5,0,4,0,0,0,5.9,,,,,,,,,,,,,,,,,,,,,,,,,,,,,,,,,,,,
6455,2019,3,9,5,15,4.1000000000000005,0,0,0,6.2,,,,,,,,,,,,,,,,,,,,,,,,,,,,,,,,,,,,
6456,2019,3,9,5,30,4.1000000000000005,0,0,0,6.5,,,,,,,,,,,,,,,,,,,,,,,,,,,,,,,,,,,,
6457,2019,3,9,5,45,4.2,0,0,0,6.800000000000001,,,,,,,,,,,,,,,,,,,,,,,,,,,,,,,,,,,,
6458,2019,3,9,6,0,4.2,0,0,0,7.1000000000000005,,,,,,,,,,,,,,,,,,,,,,,,,,,,,,,,,,,,
6459,2019,3,9,6,15,4.5,0,0,0,7.5,,,,,,,,,,,,,,,,,,,,,,,,,,,,,,,,,,,,
6460,2019,3,9,6,30,4.800000000000001,0,0,0,7.800000000000001,,,,,,,,,,,,,,,,,,,,,,,,,,,,,,,,,,,,
6461,2019,3,9,6,45,5.1000000000000005,0,0,0,8.200000000000001,,,,,,,,,,,,,,,,,,,,,,,,,,,,,,,,,,,,
6462,2019,3,9,7,0,5.4,2,0,2,8.5,,,,,,,,,,,,,,,,,,,,,,,,,,,,,,,,,,,,
6463,2019,3,9,7,15,5.7,30,189,44,8.4,,,,,,,,,,,,,,,,,,,,,,,,,,,,,,,,,,,,
6464,2019,3,9,7,30,6,42,286,75,8.200000000000001,,,,,,,,,,,,,,,,,,,,,,,,,,,,,,,,,,,,
6465,2019,3,9,7,45,6.4,56,335,106,8,,,,,,,,,,,,,,,,,,,,,,,,,,,,,,,,,,,,
6466,2019,3,9,8,0,6.7,66,407,143,7.800000000000001,,,,,,,,,,,,,,,,,,,,,,,,,,,,,,,,,,,,
6467,2019,3,9,8,15,7,75,465,179,7.800000000000001,,,,,,,,,,,,,,,,,,,,,,,,,,,,,,,,,,,,
6468,2019,3,9,8,30,7.4,16,0,16,7.800000000000001,,,,,,,,,,,,,,,,,,,,,,,,,,,,,,,,,,,,
6469,2019,3,9,8,45,7.800000000000001,87,568,253,7.800000000000001,,,,,,,,,,,,,,,,,,,,,,,,,,,,,,,,,,,,
6470,2019,3,9,9,0,8.200000000000001,22,0,22,7.800000000000001,,,,,,,,,,,,,,,,,,,,,,,,,,,,,,,,,,,,
6471,2019,3,9,9,15,8.6,141,54,160,7.9,,,,,,,,,,,,,,,,,,,,,,,,,,,,,,,,,,,,
6472,2019,3,9,9,30,8.9,101,666,357,8,,,,,,,,,,,,,,,,,,,,,,,,,,,,,,,,,,,,
6473,2019,3,9,9,45,9.3,175,150,237,8.200000000000001,,,,,,,,,,,,,,,,,,,,,,,,,,,,,,,,,,,,
6474,2019,3,9,10,0,9.600000000000001,184,80,219,8.3,,,,,,,,,,,,,,,,,,,,,,,,,,,,,,,,,,,,
6475,2019,3,9,10,15,10,195,228,299,8.4,,,,,,,,,,,,,,,,,,,,,,,,,,,,,,,,,,,,
6476,2019,3,9,10,30,10.3,211,127,272,8.5,,,,,,,,,,,,,,,,,,,,,,,,,,,,,,,,,,,,
6477,2019,3,9,10,45,10.700000000000001,221,156,298,8.6,,,,,,,,,,,,,,,,,,,,,,,,,,,,,,,,,,,,
6478,2019,3,9,11,0,11.100000000000001,228,199,330,8.700000000000001,,,,,,,,,,,,,,,,,,,,,,,,,,,,,,,,,,,,
6479,2019,3,9,11,15,11.3,231,83,275,8.8,,,,,,,,,,,,,,,,,,,,,,,,,,,,,,,,,,,,
6480,2019,3,9,11,30,11.4,241,105,297,8.8,,,,,,,,,,,,,,,,,,,,,,,,,,,,,,,,,,,,
6481,2019,3,9,11,45,11.600000000000001,245,102,300,8.8,,,,,,,,,,,,,,,,,,,,,,,,,,,,,,,,,,,,
6482,2019,3,9,12,0,11.8,247,95,299,8.9,,,,,,,,,,,,,,,,,,,,,,,,,,,,,,,,,,,,
6483,2019,3,9,12,15,11.8,234,315,409,8.9,,,,,,,,,,,,,,,,,,,,,,,,,,,,,,,,,,,,
6484,2019,3,9,12,30,11.700000000000001,252,120,318,8.9,,,,,,,,,,,,,,,,,,,,,,,,,,,,,,,,,,,,
6485,2019,3,9,12,45,11.700000000000001,247,227,373,8.9,,,,,,,,,,,,,,,,,,,,,,,,,,,,,,,,,,,,
6486,2019,3,9,13,0,11.600000000000001,236,288,393,8.9,,,,,,,,,,,,,,,,,,,,,,,,,,,,,,,,,,,,
6487,2019,3,9,13,15,11.200000000000001,242,103,298,8.8,,,,,,,,,,,,,,,,,,,,,,,,,,,,,,,,,,,,
6488,2019,3,9,13,30,10.9,235,92,284,8.700000000000001,,,,,,,,,,,,,,,,,,,,,,,,,,,,,,,,,,,,
6489,2019,3,9,13,45,10.5,219,60,250,8.5,,,,,,,,,,,,,,,,,,,,,,,,,,,,,,,,,,,,
6490,2019,3,9,14,0,10.100000000000001,223,125,286,8.4,,,,,,,,,,,,,,,,,,,,,,,,,,,,,,,,,,,,
6491,2019,3,9,14,15,9.9,172,12,178,8.200000000000001,,,,,,,,,,,,,,,,,,,,,,,,,,,,,,,,,,,,
6492,2019,3,9,14,30,9.600000000000001,195,64,225,7.9,,,,,,,,,,,,,,,,,,,,,,,,,,,,,,,,,,,,
6493,2019,3,9,14,45,9.4,165,376,331,7.7,,,,,,,,,,,,,,,,,,,,,,,,,,,,,,,,,,,,
6494,2019,3,9,15,0,9.200000000000001,174,227,269,7.5,,,,,,,,,,,,,,,,,,,,,,,,,,,,,,,,,,,,
6495,2019,3,9,15,15,9.1,88,718,370,7.2,,,,,,,,,,,,,,,,,,,,,,,,,,,,,,,,,,,,
6496,2019,3,9,15,30,9,84,694,338,7,,,,,,,,,,,,,,,,,,,,,,,,,,,,,,,,,,,,
6497,2019,3,9,15,45,8.9,88,631,300,6.7,,,,,,,,,,,,,,,,,,,,,,,,,,,,,,,,,,,,
6498,2019,3,9,16,0,8.8,122,134,162,6.5,,,,,,,,,,,,,,,,,,,,,,,,,,,,,,,,,,,,
6499,2019,3,9,16,15,8.6,101,28,108,6.4,,,,,,,,,,,,,,,,,,,,,,,,,,,,,,,,,,,,
6500,2019,3,9,16,30,8.5,85,18,89,6.300000000000001,,,,,,,,,,,,,,,,,,,,,,,,,,,,,,,,,,,,
6501,2019,3,9,16,45,8.4,70,8,72,6.2,,,,,,,,,,,,,,,,,,,,,,,,,,,,,,,,,,,,
6502,2019,3,9,17,0,8.200000000000001,55,0,55,6.1000000000000005,,,,,,,,,,,,,,,,,,,,,,,,,,,,,,,,,,,,
6503,2019,3,9,17,15,8.200000000000001,40,0,40,6.4,,,,,,,,,,,,,,,,,,,,,,,,,,,,,,,,,,,,
6504,2019,3,9,17,30,8.200000000000001,27,0,27,6.7,,,,,,,,,,,,,,,,,,,,,,,,,,,,,,,,,,,,
6505,2019,3,9,17,45,8.200000000000001,14,0,14,7,,,,,,,,,,,,,,,,,,,,,,,,,,,,,,,,,,,,
6506,2019,3,9,18,0,8.1,0,0,0,7.300000000000001,,,,,,,,,,,,,,,,,,,,,,,,,,,,,,,,,,,,
6507,2019,3,9,18,15,8.1,0,0,0,7.6000000000000005,,,,,,,,,,,,,,,,,,,,,,,,,,,,,,,,,,,,
6508,2019,3,9,18,30,8,0,0,0,7.800000000000001,,,,,,,,,,,,,,,,,,,,,,,,,,,,,,,,,,,,
6509,2019,3,9,18,45,7.9,0,0,0,8.1,,,,,,,,,,,,,,,,,,,,,,,,,,,,,,,,,,,,
6510,2019,3,9,19,0,7.800000000000001,0,0,0,8.3,,,,,,,,,,,,,,,,,,,,,,,,,,,,,,,,,,,,
6511,2019,3,9,19,15,7.5,0,0,0,8.3,,,,,,,,,,,,,,,,,,,,,,,,,,,,,,,,,,,,
6512,2019,3,9,19,30,7.2,0,0,0,8.3,,,,,,,,,,,,,,,,,,,,,,,,,,,,,,,,,,,,
6513,2019,3,9,19,45,7,0,0,0,8.3,,,,,,,,,,,,,,,,,,,,,,,,,,,,,,,,,,,,
6514,2019,3,9,20,0,6.7,0,0,0,8.3,,,,,,,,,,,,,,,,,,,,,,,,,,,,,,,,,,,,
6515,2019,3,9,20,15,6.5,0,0,0,8.1,,,,,,,,,,,,,,,,,,,,,,,,,,,,,,,,,,,,
6516,2019,3,9,20,30,6.4,0,0,0,7.800000000000001,,,,,,,,,,,,,,,,,,,,,,,,,,,,,,,,,,,,
6517,2019,3,9,20,45,6.2,0,0,0,7.6000000000000005,,,,,,,,,,,,,,,,,,,,,,,,,,,,,,,,,,,,
6518,2019,3,9,21,0,6,0,0,0,7.4,,,,,,,,,,,,,,,,,,,,,,,,,,,,,,,,,,,,
6519,2019,3,9,21,15,5.9,0,0,0,7.2,,,,,,,,,,,,,,,,,,,,,,,,,,,,,,,,,,,,
6520,2019,3,9,21,30,5.800000000000001,0,0,0,7.1000000000000005,,,,,,,,,,,,,,,,,,,,,,,,,,,,,,,,,,,,
6521,2019,3,9,21,45,5.7,0,0,0,6.9,,,,,,,,,,,,,,,,,,,,,,,,,,,,,,,,,,,,
6522,2019,3,9,22,0,5.5,0,0,0,6.7,,,,,,,,,,,,,,,,,,,,,,,,,,,,,,,,,,,,
6523,2019,3,9,22,15,5.5,0,0,0,6.7,,,,,,,,,,,,,,,,,,,,,,,,,,,,,,,,,,,,
6524,2019,3,9,22,30,5.4,0,0,0,6.7,,,,,,,,,,,,,,,,,,,,,,,,,,,,,,,,,,,,
6525,2019,3,9,22,45,5.300000000000001,0,0,0,6.7,,,,,,,,,,,,,,,,,,,,,,,,,,,,,,,,,,,,
6526,2019,3,9,23,0,5.300000000000001,0,0,0,6.7,,,,,,,,,,,,,,,,,,,,,,,,,,,,,,,,,,,,
6527,2019,3,9,23,15,5.2,0,0,0,6.6000000000000005,,,,,,,,,,,,,,,,,,,,,,,,,,,,,,,,,,,,
6528,2019,3,9,23,30,5.2,0,0,0,6.6000000000000005,,,,,,,,,,,,,,,,,,,,,,,,,,,,,,,,,,,,
6529,2019,3,9,23,45,5.2,0,0,0,6.6000000000000005,,,,,,,,,,,,,,,,,,,,,,,,,,,,,,,,,,,,
6530,2019,3,10,0,0,5.1000000000000005,0,0,0,6.6000000000000005,,,,,,,,,,,,,,,,,,,,,,,,,,,,,,,,,,,,
6531,2019,3,10,0,15,5.1000000000000005,0,0,0,6.6000000000000005,,,,,,,,,,,,,,,,,,,,,,,,,,,,,,,,,,,,
6532,2019,3,10,0,30,5.1000000000000005,0,0,0,6.6000000000000005,,,,,,,,,,,,,,,,,,,,,,,,,,,,,,,,,,,,
6533,2019,3,10,0,45,5.1000000000000005,0,0,0,6.6000000000000005,,,,,,,,,,,,,,,,,,,,,,,,,,,,,,,,,,,,
6534,2019,3,10,1,0,4.9,0,0,0,6,,,,,,,,,,,,,,,,,,,,,,,,,,,,,,,,,,,,
6535,2019,3,10,1,15,4.800000000000001,0,0,0,5.800000000000001,,,,,,,,,,,,,,,,,,,,,,,,,,,,,,,,,,,,
6536,2019,3,10,1,30,4.800000000000001,0,0,0,5.6000000000000005,,,,,,,,,,,,,,,,,,,,,,,,,,,,,,,,,,,,
6537,2019,3,10,1,45,4.7,0,0,0,5.4,,,,,,,,,,,,,,,,,,,,,,,,,,,,,,,,,,,,
6538,2019,3,10,2,0,4.6000000000000005,0,0,0,5.300000000000001,,,,,,,,,,,,,,,,,,,,,,,,,,,,,,,,,,,,
6539,2019,3,10,2,15,4.5,0,0,0,5.1000000000000005,,,,,,,,,,,,,,,,,,,,,,,,,,,,,,,,,,,,
6540,2019,3,10,2,30,4.5,0,0,0,4.9,,,,,,,,,,,,,,,,,,,,,,,,,,,,,,,,,,,,
6541,2019,3,10,2,45,4.4,0,0,0,4.7,,,,,,,,,,,,,,,,,,,,,,,,,,,,,,,,,,,,
6542,2019,3,10,3,0,4.3,0,0,0,4.6000000000000005,,,,,,,,,,,,,,,,,,,,,,,,,,,,,,,,,,,,
6543,2019,3,10,3,15,4.3,0,0,0,4.4,,,,,,,,,,,,,,,,,,,,,,,,,,,,,,,,,,,,
6544,2019,3,10,3,30,4.2,0,0,0,4.3,,,,,,,,,,,,,,,,,,,,,,,,,,,,,,,,,,,,
6545,2019,3,10,3,45,4.2,0,0,0,4.2,,,,,,,,,,,,,,,,,,,,,,,,,,,,,,,,,,,,
6546,2019,3,10,4,0,4.2,0,0,0,4,,,,,,,,,,,,,,,,,,,,,,,,,,,,,,,,,,,,
6547,2019,3,10,4,15,4.2,0,0,0,4,,,,,,,,,,,,,,,,,,,,,,,,,,,,,,,,,,,,
6548,2019,3,10,4,30,4.2,0,0,0,4,,,,,,,,,,,,,,,,,,,,,,,,,,,,,,,,,,,,
6549,2019,3,10,4,45,4.2,0,0,0,3.9000000000000004,,,,,,,,,,,,,,,,,,,,,,,,,,,,,,,,,,,,
6550,2019,3,10,5,0,4.2,0,0,0,3.9000000000000004,,,,,,,,,,,,,,,,,,,,,,,,,,,,,,,,,,,,
6551,2019,3,10,5,15,4.2,0,0,0,3.7,,,,,,,,,,,,,,,,,,,,,,,,,,,,,,,,,,,,
6552,2019,3,10,5,30,4.1000000000000005,0,0,0,3.5,,,,,,,,,,,,,,,,,,,,,,,,,,,,,,,,,,,,
6553,2019,3,10,5,45,4,0,0,0,3.2,,,,,,,,,,,,,,,,,,,,,,,,,,,,,,,,,,,,
6554,2019,3,10,6,0,4,0,0,0,3,,,,,,,,,,,,,,,,,,,,,,,,,,,,,,,,,,,,
6555,2019,3,10,6,15,4.1000000000000005,0,0,0,3,,,,,,,,,,,,,,,,,,,,,,,,,,,,,,,,,,,,
6556,2019,3,10,6,30,4.1000000000000005,0,0,0,3,,,,,,,,,,,,,,,,,,,,,,,,,,,,,,,,,,,,
6557,2019,3,10,6,45,4.2,0,0,0,3,,,,,,,,,,,,,,,,,,,,,,,,,,,,,,,,,,,,
6558,2019,3,10,7,0,4.3,3,0,3,3,,,,,,,,,,,,,,,,,,,,,,,,,,,,,,,,,,,,
6559,2019,3,10,7,15,4.5,5,0,5,3.1,,,,,,,,,,,,,,,,,,,,,,,,,,,,,,,,,,,,
6560,2019,3,10,7,30,4.7,6,0,6,3.2,,,,,,,,,,,,,,,,,,,,,,,,,,,,,,,,,,,,
6561,2019,3,10,7,45,4.9,7,0,7,3.3000000000000003,,,,,,,,,,,,,,,,,,,,,,,,,,,,,,,,,,,,
6562,2019,3,10,8,0,5,8,0,8,3.3000000000000003,,,,,,,,,,,,,,,,,,,,,,,,,,,,,,,,,,,,
6563,2019,3,10,8,15,5.2,9,0,9,3.4000000000000004,,,,,,,,,,,,,,,,,,,,,,,,,,,,,,,,,,,,
6564,2019,3,10,8,30,5.4,11,0,11,3.5,,,,,,,,,,,,,,,,,,,,,,,,,,,,,,,,,,,,
6565,2019,3,10,8,45,5.6000000000000005,12,0,12,3.6,,,,,,,,,,,,,,,,,,,,,,,,,,,,,,,,,,,,
6566,2019,3,10,9,0,5.800000000000001,13,0,13,3.6,,,,,,,,,,,,,,,,,,,,,,,,,,,,,,,,,,,,
6567,2019,3,10,9,15,6,15,0,15,3.6,,,,,,,,,,,,,,,,,,,,,,,,,,,,,,,,,,,,
6568,2019,3,10,9,30,6.2,18,0,18,3.6,,,,,,,,,,,,,,,,,,,,,,,,,,,,,,,,,,,,
6569,2019,3,10,9,45,6.4,20,0,20,3.6,,,,,,,,,,,,,,,,,,,,,,,,,,,,,,,,,,,,
6570,2019,3,10,10,0,6.5,23,0,23,3.5,,,,,,,,,,,,,,,,,,,,,,,,,,,,,,,,,,,,
6571,2019,3,10,10,15,6.7,37,0,37,3.5,,,,,,,,,,,,,,,,,,,,,,,,,,,,,,,,,,,,
6572,2019,3,10,10,30,6.800000000000001,39,0,39,3.4000000000000004,,,,,,,,,,,,,,,,,,,,,,,,,,,,,,,,,,,,
6573,2019,3,10,10,45,7,42,0,42,3.4000000000000004,,,,,,,,,,,,,,,,,,,,,,,,,,,,,,,,,,,,
6574,2019,3,10,11,0,7.1000000000000005,43,0,43,3.3000000000000003,,,,,,,,,,,,,,,,,,,,,,,,,,,,,,,,,,,,
6575,2019,3,10,11,15,7.1000000000000005,45,0,45,3.4000000000000004,,,,,,,,,,,,,,,,,,,,,,,,,,,,,,,,,,,,
6576,2019,3,10,11,30,7.1000000000000005,46,0,46,3.5,,,,,,,,,,,,,,,,,,,,,,,,,,,,,,,,,,,,
6577,2019,3,10,11,45,7.1000000000000005,48,0,48,3.6,,,,,,,,,,,,,,,,,,,,,,,,,,,,,,,,,,,,
6578,2019,3,10,12,0,7.1000000000000005,48,0,48,3.7,,,,,,,,,,,,,,,,,,,,,,,,,,,,,,,,,,,,
6579,2019,3,10,12,15,7.2,47,0,47,3.8000000000000003,,,,,,,,,,,,,,,,,,,,,,,,,,,,,,,,,,,,
6580,2019,3,10,12,30,7.2,49,0,49,3.8000000000000003,,,,,,,,,,,,,,,,,,,,,,,,,,,,,,,,,,,,
6581,2019,3,10,12,45,7.300000000000001,48,0,48,3.9000000000000004,,,,,,,,,,,,,,,,,,,,,,,,,,,,,,,,,,,,
6582,2019,3,10,13,0,7.300000000000001,47,0,47,3.9000000000000004,,,,,,,,,,,,,,,,,,,,,,,,,,,,,,,,,,,,
6583,2019,3,10,13,15,7.6000000000000005,26,0,26,4,,,,,,,,,,,,,,,,,,,,,,,,,,,,,,,,,,,,
6584,2019,3,10,13,30,7.9,50,0,50,4,,,,,,,,,,,,,,,,,,,,,,,,,,,,,,,,,,,,
6585,2019,3,10,13,45,8.200000000000001,33,0,33,4,,,,,,,,,,,,,,,,,,,,,,,,,,,,,,,,,,,,
6586,2019,3,10,14,0,8.5,91,0,91,4.1000000000000005,,,,,,,,,,,,,,,,,,,,,,,,,,,,,,,,,,,,
6587,2019,3,10,14,15,8.8,88,0,88,4.4,,,,,,,,,,,,,,,,,,,,,,,,,,,,,,,,,,,,
6588,2019,3,10,14,30,9,37,0,37,4.7,,,,,,,,,,,,,,,,,,,,,,,,,,,,,,,,,,,,
6589,2019,3,10,14,45,9.3,34,0,34,5,,,,,,,,,,,,,,,,,,,,,,,,,,,,,,,,,,,,
6590,2019,3,10,15,0,9.5,31,0,31,5.300000000000001,,,,,,,,,,,,,,,,,,,,,,,,,,,,,,,,,,,,
6591,2019,3,10,15,15,9.5,115,601,355,5.6000000000000005,,,,,,,,,,,,,,,,,,,,,,,,,,,,,,,,,,,,
6592,2019,3,10,15,30,9.5,25,0,25,6,,,,,,,,,,,,,,,,,,,,,,,,,,,,,,,,,,,,
6593,2019,3,10,15,45,9.4,23,0,23,6.4,,,,,,,,,,,,,,,,,,,,,,,,,,,,,,,,,,,,
6594,2019,3,10,16,0,9.4,20,0,20,6.800000000000001,,,,,,,,,,,,,,,,,,,,,,,,,,,,,,,,,,,,
6595,2019,3,10,16,15,9,17,0,17,7,,,,,,,,,,,,,,,,,,,,,,,,,,,,,,,,,,,,
6596,2019,3,10,16,30,8.5,14,0,14,7.2,,,,,,,,,,,,,,,,,,,,,,,,,,,,,,,,,,,,
6597,2019,3,10,16,45,8.1,11,0,11,7.4,,,,,,,,,,,,,,,,,,,,,,,,,,,,,,,,,,,,
6598,2019,3,10,17,0,7.7,9,0,9,7.5,,,,,,,,,,,,,,,,,,,,,,,,,,,,,,,,,,,,
6599,2019,3,10,17,15,6.9,7,0,7,7.6000000000000005,,,,,,,,,,,,,,,,,,,,,,,,,,,,,,,,,,,,
6600,2019,3,10,17,30,6.2,5,0,5,7.6000000000000005,,,,,,,,,,,,,,,,,,,,,,,,,,,,,,,,,,,,
6601,2019,3,10,17,45,5.4,3,0,3,7.7,,,,,,,,,,,,,,,,,,,,,,,,,,,,,,,,,,,,
6602,2019,3,10,18,0,4.7,0,0,0,7.7,,,,,,,,,,,,,,,,,,,,,,,,,,,,,,,,,,,,
6603,2019,3,10,18,15,4.1000000000000005,0,0,0,7.4,,,,,,,,,,,,,,,,,,,,,,,,,,,,,,,,,,,,
6604,2019,3,10,18,30,3.5,0,0,0,7.2,,,,,,,,,,,,,,,,,,,,,,,,,,,,,,,,,,,,
6605,2019,3,10,18,45,2.9000000000000004,0,0,0,6.9,,,,,,,,,,,,,,,,,,,,,,,,,,,,,,,,,,,,
6606,2019,3,10,19,0,2.3000000000000003,0,0,0,6.7,,,,,,,,,,,,,,,,,,,,,,,,,,,,,,,,,,,,
6607,2019,3,10,19,15,2.1,0,0,0,6.300000000000001,,,,,,,,,,,,,,,,,,,,,,,,,,,,,,,,,,,,
6608,2019,3,10,19,30,1.9000000000000001,0,0,0,6,,,,,,,,,,,,,,,,,,,,,,,,,,,,,,,,,,,,
6609,2019,3,10,19,45,1.7000000000000002,0,0,0,5.6000000000000005,,,,,,,,,,,,,,,,,,,,,,,,,,,,,,,,,,,,
6610,2019,3,10,20,0,1.6,0,0,0,5.2,,,,,,,,,,,,,,,,,,,,,,,,,,,,,,,,,,,,
6611,2019,3,10,20,15,1.6,0,0,0,5.1000000000000005,,,,,,,,,,,,,,,,,,,,,,,,,,,,,,,,,,,,
6612,2019,3,10,20,30,1.5,0,0,0,4.9,,,,,,,,,,,,,,,,,,,,,,,,,,,,,,,,,,,,
6613,2019,3,10,20,45,1.5,0,0,0,4.7,,,,,,,,,,,,,,,,,,,,,,,,,,,,,,,,,,,,
6614,2019,3,10,21,0,1.5,0,0,0,4.5,,,,,,,,,,,,,,,,,,,,,,,,,,,,,,,,,,,,
6615,2019,3,10,21,15,1.6,0,0,0,4.5,,,,,,,,,,,,,,,,,,,,,,,,,,,,,,,,,,,,
6616,2019,3,10,21,30,1.7000000000000002,0,0,0,4.5,,,,,,,,,,,,,,,,,,,,,,,,,,,,,,,,,,,,
6617,2019,3,10,21,45,1.7000000000000002,0,0,0,4.5,,,,,,,,,,,,,,,,,,,,,,,,,,,,,,,,,,,,
6618,2019,3,10,22,0,1.8,0,0,0,4.5,,,,,,,,,,,,,,,,,,,,,,,,,,,,,,,,,,,,
6619,2019,3,10,22,15,1.9000000000000001,0,0,0,4.800000000000001,,,,,,,,,,,,,,,,,,,,,,,,,,,,,,,,,,,,
6620,2019,3,10,22,30,1.9000000000000001,0,0,0,5.1000000000000005,,,,,,,,,,,,,,,,,,,,,,,,,,,,,,,,,,,,
6621,2019,3,10,22,45,2,0,0,0,5.5,,,,,,,,,,,,,,,,,,,,,,,,,,,,,,,,,,,,
6622,2019,3,10,23,0,2.1,0,0,0,5.800000000000001,,,,,,,,,,,,,,,,,,,,,,,,,,,,,,,,,,,,
6623,2019,3,10,23,15,2.1,0,0,0,6,,,,,,,,,,,,,,,,,,,,,,,,,,,,,,,,,,,,
6624,2019,3,10,23,30,2.1,0,0,0,6.2,,,,,,,,,,,,,,,,,,,,,,,,,,,,,,,,,,,,
6625,2019,3,10,23,45,2.1,0,0,0,6.4,,,,,,,,,,,,,,,,,,,,,,,,,,,,,,,,,,,,
6626,2019,3,11,0,0,2.1,0,0,0,6.7,,,,,,,,,,,,,,,,,,,,,,,,,,,,,,,,,,,,
6627,2019,3,11,0,15,2.1,0,0,0,6.7,,,,,,,,,,,,,,,,,,,,,,,,,,,,,,,,,,,,
6628,2019,3,11,0,30,2.1,0,0,0,6.7,,,,,,,,,,,,,,,,,,,,,,,,,,,,,,,,,,,,
6629,2019,3,11,0,45,2.1,0,0,0,6.7,,,,,,,,,,,,,,,,,,,,,,,,,,,,,,,,,,,,
6630,2019,3,11,1,0,2,0,0,0,6.800000000000001,,,,,,,,,,,,,,,,,,,,,,,,,,,,,,,,,,,,
6631,2019,3,11,1,15,2,0,0,0,6.800000000000001,,,,,,,,,,,,,,,,,,,,,,,,,,,,,,,,,,,,
6632,2019,3,11,1,30,2,0,0,0,6.800000000000001,,,,,,,,,,,,,,,,,,,,,,,,,,,,,,,,,,,,
6633,2019,3,11,1,45,2,0,0,0,6.7,,,,,,,,,,,,,,,,,,,,,,,,,,,,,,,,,,,,
6634,2019,3,11,2,0,2,0,0,0,6.7,,,,,,,,,,,,,,,,,,,,,,,,,,,,,,,,,,,,
6635,2019,3,11,2,15,2,0,0,0,6.5,,,,,,,,,,,,,,,,,,,,,,,,,,,,,,,,,,,,
6636,2019,3,11,2,30,2,0,0,0,6.4,,,,,,,,,,,,,,,,,,,,,,,,,,,,,,,,,,,,
6637,2019,3,11,2,45,2,0,0,0,6.2,,,,,,,,,,,,,,,,,,,,,,,,,,,,,,,,,,,,
6638,2019,3,11,3,0,2,0,0,0,6,,,,,,,,,,,,,,,,,,,,,,,,,,,,,,,,,,,,
6639,2019,3,11,3,15,1.8,0,0,0,5.9,,,,,,,,,,,,,,,,,,,,,,,,,,,,,,,,,,,,
6640,2019,3,11,3,30,1.7000000000000002,0,0,0,5.800000000000001,,,,,,,,,,,,,,,,,,,,,,,,,,,,,,,,,,,,
6641,2019,3,11,3,45,1.6,0,0,0,5.6000000000000005,,,,,,,,,,,,,,,,,,,,,,,,,,,,,,,,,,,,
6642,2019,3,11,4,0,1.5,0,0,0,5.5,,,,,,,,,,,,,,,,,,,,,,,,,,,,,,,,,,,,
6643,2019,3,11,4,15,1.3,0,0,0,5.4,,,,,,,,,,,,,,,,,,,,,,,,,,,,,,,,,,,,
6644,2019,3,11,4,30,1.2000000000000002,0,0,0,5.2,,,,,,,,,,,,,,,,,,,,,,,,,,,,,,,,,,,,
6645,2019,3,11,4,45,1,0,0,0,5.1000000000000005,,,,,,,,,,,,,,,,,,,,,,,,,,,,,,,,,,,,
6646,2019,3,11,5,0,0.9,0,0,0,4.9,,,,,,,,,,,,,,,,,,,,,,,,,,,,,,,,,,,,
6647,2019,3,11,5,15,0.9,0,0,0,4.800000000000001,,,,,,,,,,,,,,,,,,,,,,,,,,,,,,,,,,,,
6648,2019,3,11,5,30,0.8,0,0,0,4.7,,,,,,,,,,,,,,,,,,,,,,,,,,,,,,,,,,,,
6649,2019,3,11,5,45,0.8,0,0,0,4.6000000000000005,,,,,,,,,,,,,,,,,,,,,,,,,,,,,,,,,,,,
6650,2019,3,11,6,0,0.7000000000000001,0,0,0,4.5,,,,,,,,,,,,,,,,,,,,,,,,,,,,,,,,,,,,
6651,2019,3,11,6,15,0.9,0,0,0,4.5,,,,,,,,,,,,,,,,,,,,,,,,,,,,,,,,,,,,
6652,2019,3,11,6,30,1.1,0,0,0,4.6000000000000005,,,,,,,,,,,,,,,,,,,,,,,,,,,,,,,,,,,,
6653,2019,3,11,6,45,1.3,0,0,0,4.6000000000000005,,,,,,,,,,,,,,,,,,,,,,,,,,,,,,,,,,,,
6654,2019,3,11,7,0,1.5,18,22,19,4.6000000000000005,,,,,,,,,,,,,,,,,,,,,,,,,,,,,,,,,,,,
6655,2019,3,11,7,15,1.8,30,66,36,4.7,,,,,,,,,,,,,,,,,,,,,,,,,,,,,,,,,,,,
6656,2019,3,11,7,30,2.1,42,2,42,4.9,,,,,,,,,,,,,,,,,,,,,,,,,,,,,,,,,,,,
6657,2019,3,11,7,45,2.4000000000000004,59,95,75,5,,,,,,,,,,,,,,,,,,,,,,,,,,,,,,,,,,,,
6658,2019,3,11,8,0,2.7,75,113,97,5.1000000000000005,,,,,,,,,,,,,,,,,,,,,,,,,,,,,,,,,,,,
6659,2019,3,11,8,15,2.9000000000000004,89,55,102,5.300000000000001,,,,,,,,,,,,,,,,,,,,,,,,,,,,,,,,,,,,
6660,2019,3,11,8,30,3,105,156,148,5.4,,,,,,,,,,,,,,,,,,,,,,,,,,,,,,,,,,,,
6661,2019,3,11,8,45,3.2,122,93,150,5.6000000000000005,,,,,,,,,,,,,,,,,,,,,,,,,,,,,,,,,,,,
6662,2019,3,11,9,0,3.3000000000000003,99,659,322,5.800000000000001,,,,,,,,,,,,,,,,,,,,,,,,,,,,,,,,,,,,
6663,2019,3,11,9,15,3.4000000000000004,105,688,358,6,,,,,,,,,,,,,,,,,,,,,,,,,,,,,,,,,,,,
6664,2019,3,11,9,30,3.5,111,713,393,6.1000000000000005,,,,,,,,,,,,,,,,,,,,,,,,,,,,,,,,,,,,
6665,2019,3,11,9,45,3.6,173,252,279,6.2,,,,,,,,,,,,,,,,,,,,,,,,,,,,,,,,,,,,
6666,2019,3,11,10,0,3.7,176,35,191,6.4,,,,,,,,,,,,,,,,,,,,,,,,,,,,,,,,,,,,
6667,2019,3,11,10,15,3.8000000000000003,188,39,206,6.5,,,,,,,,,,,,,,,,,,,,,,,,,,,,,,,,,,,,
6668,2019,3,11,10,30,3.9000000000000004,65,0,65,6.6000000000000005,,,,,,,,,,,,,,,,,,,,,,,,,,,,,,,,,,,,
6669,2019,3,11,10,45,4.1000000000000005,95,0,95,6.6000000000000005,,,,,,,,,,,,,,,,,,,,,,,,,,,,,,,,,,,,
6670,2019,3,11,11,0,4.2,47,0,47,6.7,,,,,,,,,,,,,,,,,,,,,,,,,,,,,,,,,,,,
6671,2019,3,11,11,15,4.3,54,0,54,6.800000000000001,,,,,,,,,,,,,,,,,,,,,,,,,,,,,,,,,,,,
6672,2019,3,11,11,30,4.5,104,0,104,6.9,,,,,,,,,,,,,,,,,,,,,,,,,,,,,,,,,,,,
6673,2019,3,11,11,45,4.6000000000000005,170,3,172,6.9,,,,,,,,,,,,,,,,,,,,,,,,,,,,,,,,,,,,
6674,2019,3,11,12,0,4.800000000000001,164,1,164,7,,,,,,,,,,,,,,,,,,,,,,,,,,,,,,,,,,,,
6675,2019,3,11,12,15,4.800000000000001,177,5,180,6.9,,,,,,,,,,,,,,,,,,,,,,,,,,,,,,,,,,,,
6676,2019,3,11,12,30,4.800000000000001,69,0,69,6.9,,,,,,,,,,,,,,,,,,,,,,,,,,,,,,,,,,,,
6677,2019,3,11,12,45,4.7,238,52,267,6.9,,,,,,,,,,,,,,,,,,,,,,,,,,,,,,,,,,,,
6678,2019,3,11,13,0,4.7,254,120,321,6.9,,,,,,,,,,,,,,,,,,,,,,,,,,,,,,,,,,,,
6679,2019,3,11,13,15,4.7,232,313,405,6.800000000000001,,,,,,,,,,,,,,,,,,,,,,,,,,,,,,,,,,,,
6680,2019,3,11,13,30,4.6000000000000005,50,0,50,6.7,,,,,,,,,,,,,,,,,,,,,,,,,,,,,,,,,,,,
6681,2019,3,11,13,45,4.6000000000000005,87,0,87,6.7,,,,,,,,,,,,,,,,,,,,,,,,,,,,,,,,,,,,
6682,2019,3,11,14,0,4.5,84,0,84,6.6000000000000005,,,,,,,,,,,,,,,,,,,,,,,,,,,,,,,,,,,,
6683,2019,3,11,14,15,4.6000000000000005,80,0,80,6.5,,,,,,,,,,,,,,,,,,,,,,,,,,,,,,,,,,,,
6684,2019,3,11,14,30,4.6000000000000005,75,0,75,6.4,,,,,,,,,,,,,,,,,,,,,,,,,,,,,,,,,,,,
6685,2019,3,11,14,45,4.6000000000000005,155,7,158,6.4,,,,,,,,,,,,,,,,,,,,,,,,,,,,,,,,,,,,
6686,2019,3,11,15,0,4.6000000000000005,184,167,255,6.300000000000001,,,,,,,,,,,,,,,,,,,,,,,,,,,,,,,,,,,,
6687,2019,3,11,15,15,4.6000000000000005,158,37,173,6.1000000000000005,,,,,,,,,,,,,,,,,,,,,,,,,,,,,,,,,,,,
6688,2019,3,11,15,30,4.5,129,4,131,5.9,,,,,,,,,,,,,,,,,,,,,,,,,,,,,,,,,,,,
6689,2019,3,11,15,45,4.5,49,0,49,5.7,,,,,,,,,,,,,,,,,,,,,,,,,,,,,,,,,,,,
6690,2019,3,11,16,0,4.4,44,0,44,5.5,,,,,,,,,,,,,,,,,,,,,,,,,,,,,,,,,,,,
6691,2019,3,11,16,15,4.2,21,0,21,5.300000000000001,,,,,,,,,,,,,,,,,,,,,,,,,,,,,,,,,,,,
6692,2019,3,11,16,30,3.9000000000000004,18,0,18,5.1000000000000005,,,,,,,,,,,,,,,,,,,,,,,,,,,,,,,,,,,,
6693,2019,3,11,16,45,3.7,16,0,16,4.9,,,,,,,,,,,,,,,,,,,,,,,,,,,,,,,,,,,,
6694,2019,3,11,17,0,3.4000000000000004,61,23,65,4.7,,,,,,,,,,,,,,,,,,,,,,,,,,,,,,,,,,,,
6695,2019,3,11,17,15,3.3000000000000003,11,0,11,4.6000000000000005,,,,,,,,,,,,,,,,,,,,,,,,,,,,,,,,,,,,
6696,2019,3,11,17,30,3.1,10,0,10,4.5,,,,,,,,,,,,,,,,,,,,,,,,,,,,,,,,,,,,
6697,2019,3,11,17,45,2.9000000000000004,8,0,8,4.5,,,,,,,,,,,,,,,,,,,,,,,,,,,,,,,,,,,,
6698,2019,3,11,18,0,2.7,11,13,11,4.4,,,,,,,,,,,,,,,,,,,,,,,,,,,,,,,,,,,,
6699,2019,3,11,18,15,2.6,0,0,0,4.4,,,,,,,,,,,,,,,,,,,,,,,,,,,,,,,,,,,,
6700,2019,3,11,18,30,2.6,0,0,0,4.3,,,,,,,,,,,,,,,,,,,,,,,,,,,,,,,,,,,,
6701,2019,3,11,18,45,2.5,0,0,0,4.3,,,,,,,,,,,,,,,,,,,,,,,,,,,,,,,,,,,,
6702,2019,3,11,19,0,2.4000000000000004,0,0,0,4.2,,,,,,,,,,,,,,,,,,,,,,,,,,,,,,,,,,,,
6703,2019,3,11,19,15,2.4000000000000004,0,0,0,4.2,,,,,,,,,,,,,,,,,,,,,,,,,,,,,,,,,,,,
6704,2019,3,11,19,30,2.4000000000000004,0,0,0,4.2,,,,,,,,,,,,,,,,,,,,,,,,,,,,,,,,,,,,
6705,2019,3,11,19,45,2.4000000000000004,0,0,0,4.2,,,,,,,,,,,,,,,,,,,,,,,,,,,,,,,,,,,,
6706,2019,3,11,20,0,2.4000000000000004,0,0,0,4.2,,,,,,,,,,,,,,,,,,,,,,,,,,,,,,,,,,,,
6707,2019,3,11,20,15,2.5,0,0,0,4.1000000000000005,,,,,,,,,,,,,,,,,,,,,,,,,,,,,,,,,,,,
6708,2019,3,11,20,30,2.5,0,0,0,4.1000000000000005,,,,,,,,,,,,,,,,,,,,,,,,,,,,,,,,,,,,
6709,2019,3,11,20,45,2.5,0,0,0,4.1000000000000005,,,,,,,,,,,,,,,,,,,,,,,,,,,,,,,,,,,,
6710,2019,3,11,21,0,2.5,0,0,0,4.1000000000000005,,,,,,,,,,,,,,,,,,,,,,,,,,,,,,,,,,,,
6711,2019,3,11,21,15,2.5,0,0,0,4.1000000000000005,,,,,,,,,,,,,,,,,,,,,,,,,,,,,,,,,,,,
6712,2019,3,11,21,30,2.6,0,0,0,4.2,,,,,,,,,,,,,,,,,,,,,,,,,,,,,,,,,,,,
6713,2019,3,11,21,45,2.6,0,0,0,4.2,,,,,,,,,,,,,,,,,,,,,,,,,,,,,,,,,,,,
6714,2019,3,11,22,0,2.6,0,0,0,4.2,,,,,,,,,,,,,,,,,,,,,,,,,,,,,,,,,,,,
6715,2019,3,11,22,15,2.6,0,0,0,4.2,,,,,,,,,,,,,,,,,,,,,,,,,,,,,,,,,,,,
6716,2019,3,11,22,30,2.5,0,0,0,4.1000000000000005,,,,,,,,,,,,,,,,,,,,,,,,,,,,,,,,,,,,
6717,2019,3,11,22,45,2.5,0,0,0,4.1000000000000005,,,,,,,,,,,,,,,,,,,,,,,,,,,,,,,,,,,,
6718,2019,3,11,23,0,2.5,0,0,0,4.1000000000000005,,,,,,,,,,,,,,,,,,,,,,,,,,,,,,,,,,,,
6719,2019,3,11,23,15,2.5,0,0,0,4,,,,,,,,,,,,,,,,,,,,,,,,,,,,,,,,,,,,
6720,2019,3,11,23,30,2.5,0,0,0,4,,,,,,,,,,,,,,,,,,,,,,,,,,,,,,,,,,,,
6721,2019,3,11,23,45,2.4000000000000004,0,0,0,4,,,,,,,,,,,,,,,,,,,,,,,,,,,,,,,,,,,,
6722,2019,3,12,0,0,2.4000000000000004,0,0,0,4,,,,,,,,,,,,,,,,,,,,,,,,,,,,,,,,,,,,
6723,2019,3,12,0,15,2.4000000000000004,0,0,0,4,,,,,,,,,,,,,,,,,,,,,,,,,,,,,,,,,,,,
6724,2019,3,12,0,30,2.4000000000000004,0,0,0,4,,,,,,,,,,,,,,,,,,,,,,,,,,,,,,,,,,,,
6725,2019,3,12,0,45,2.4000000000000004,0,0,0,4,,,,,,,,,,,,,,,,,,,,,,,,,,,,,,,,,,,,
6726,2019,3,12,1,0,2.3000000000000003,0,0,0,4,,,,,,,,,,,,,,,,,,,,,,,,,,,,,,,,,,,,
6727,2019,3,12,1,15,2.3000000000000003,0,0,0,3.9000000000000004,,,,,,,,,,,,,,,,,,,,,,,,,,,,,,,,,,,,
6728,2019,3,12,1,30,2.3000000000000003,0,0,0,3.9000000000000004,,,,,,,,,,,,,,,,,,,,,,,,,,,,,,,,,,,,
6729,2019,3,12,1,45,2.3000000000000003,0,0,0,3.9000000000000004,,,,,,,,,,,,,,,,,,,,,,,,,,,,,,,,,,,,
6730,2019,3,12,2,0,2.3000000000000003,0,0,0,3.8000000000000003,,,,,,,,,,,,,,,,,,,,,,,,,,,,,,,,,,,,
6731,2019,3,12,2,15,2.2,0,0,0,3.7,,,,,,,,,,,,,,,,,,,,,,,,,,,,,,,,,,,,
6732,2019,3,12,2,30,2.2,0,0,0,3.5,,,,,,,,,,,,,,,,,,,,,,,,,,,,,,,,,,,,
6733,2019,3,12,2,45,2.2,0,0,0,3.4000000000000004,,,,,,,,,,,,,,,,,,,,,,,,,,,,,,,,,,,,
6734,2019,3,12,3,0,2.1,0,0,0,3.2,,,,,,,,,,,,,,,,,,,,,,,,,,,,,,,,,,,,
6735,2019,3,12,3,15,2.1,0,0,0,3.1,,,,,,,,,,,,,,,,,,,,,,,,,,,,,,,,,,,,
6736,2019,3,12,3,30,2,0,0,0,2.9000000000000004,,,,,,,,,,,,,,,,,,,,,,,,,,,,,,,,,,,,
6737,2019,3,12,3,45,1.9000000000000001,0,0,0,2.7,,,,,,,,,,,,,,,,,,,,,,,,,,,,,,,,,,,,
6738,2019,3,12,4,0,1.8,0,0,0,2.5,,,,,,,,,,,,,,,,,,,,,,,,,,,,,,,,,,,,
6739,2019,3,12,4,15,1.8,0,0,0,2.5,,,,,,,,,,,,,,,,,,,,,,,,,,,,,,,,,,,,
6740,2019,3,12,4,30,1.8,0,0,0,2.4000000000000004,,,,,,,,,,,,,,,,,,,,,,,,,,,,,,,,,,,,
6741,2019,3,12,4,45,1.8,0,0,0,2.4000000000000004,,,,,,,,,,,,,,,,,,,,,,,,,,,,,,,,,,,,
6742,2019,3,12,5,0,1.7000000000000002,0,0,0,2.3000000000000003,,,,,,,,,,,,,,,,,,,,,,,,,,,,,,,,,,,,
6743,2019,3,12,5,15,1.7000000000000002,0,0,0,2.4000000000000004,,,,,,,,,,,,,,,,,,,,,,,,,,,,,,,,,,,,
6744,2019,3,12,5,30,1.7000000000000002,0,0,0,2.4000000000000004,,,,,,,,,,,,,,,,,,,,,,,,,,,,,,,,,,,,
6745,2019,3,12,5,45,1.7000000000000002,0,0,0,2.5,,,,,,,,,,,,,,,,,,,,,,,,,,,,,,,,,,,,
6746,2019,3,12,6,0,1.7000000000000002,0,0,0,2.5,,,,,,,,,,,,,,,,,,,,,,,,,,,,,,,,,,,,
6747,2019,3,12,6,15,1.9000000000000001,0,0,0,2.7,,,,,,,,,,,,,,,,,,,,,,,,,,,,,,,,,,,,
6748,2019,3,12,6,30,2,0,0,0,2.9000000000000004,,,,,,,,,,,,,,,,,,,,,,,,,,,,,,,,,,,,
6749,2019,3,12,6,45,2.2,0,0,0,3.1,,,,,,,,,,,,,,,,,,,,,,,,,,,,,,,,,,,,
6750,2019,3,12,7,0,2.3000000000000003,23,175,32,3.3000000000000003,,,,,,,,,,,,,,,,,,,,,,,,,,,,,,,,,,,,
6751,2019,3,12,7,15,2.5,34,290,61,3.5,,,,,,,,,,,,,,,,,,,,,,,,,,,,,,,,,,,,
6752,2019,3,12,7,30,2.7,26,0,26,3.6,,,,,,,,,,,,,,,,,,,,,,,,,,,,,,,,,,,,
6753,2019,3,12,7,45,2.9000000000000004,54,453,130,3.8000000000000003,,,,,,,,,,,,,,,,,,,,,,,,,,,,,,,,,,,,
6754,2019,3,12,8,0,3.1,61,518,168,4,,,,,,,,,,,,,,,,,,,,,,,,,,,,,,,,,,,,
6755,2019,3,12,8,15,3.4000000000000004,11,0,11,4.2,,,,,,,,,,,,,,,,,,,,,,,,,,,,,,,,,,,,
6756,2019,3,12,8,30,3.7,12,0,12,4.4,,,,,,,,,,,,,,,,,,,,,,,,,,,,,,,,,,,,
6757,2019,3,12,8,45,4.1000000000000005,48,0,48,4.6000000000000005,,,,,,,,,,,,,,,,,,,,,,,,,,,,,,,,,,,,
6758,2019,3,12,9,0,4.4,102,0,102,4.800000000000001,,,,,,,,,,,,,,,,,,,,,,,,,,,,,,,,,,,,
6759,2019,3,12,9,15,4.7,155,111,197,5,,,,,,,,,,,,,,,,,,,,,,,,,,,,,,,,,,,,
6760,2019,3,12,9,30,5.1000000000000005,113,0,113,5.1000000000000005,,,,,,,,,,,,,,,,,,,,,,,,,,,,,,,,,,,,
6761,2019,3,12,9,45,5.5,110,0,110,5.2,,,,,,,,,,,,,,,,,,,,,,,,,,,,,,,,,,,,
6762,2019,3,12,10,0,5.9,196,155,267,5.300000000000001,,,,,,,,,,,,,,,,,,,,,,,,,,,,,,,,,,,,
6763,2019,3,12,10,15,6.2,167,11,172,5.4,,,,,,,,,,,,,,,,,,,,,,,,,,,,,,,,,,,,
6764,2019,3,12,10,30,6.5,212,250,336,5.4,,,,,,,,,,,,,,,,,,,,,,,,,,,,,,,,,,,,
6765,2019,3,12,10,45,6.800000000000001,230,142,303,5.5,,,,,,,,,,,,,,,,,,,,,,,,,,,,,,,,,,,,
6766,2019,3,12,11,0,7,230,254,365,5.5,,,,,,,,,,,,,,,,,,,,,,,,,,,,,,,,,,,,
6767,2019,3,12,11,15,7.2,239,244,372,5.5,,,,,,,,,,,,,,,,,,,,,,,,,,,,,,,,,,,,
6768,2019,3,12,11,30,7.4,239,284,397,5.6000000000000005,,,,,,,,,,,,,,,,,,,,,,,,,,,,,,,,,,,,
6769,2019,3,12,11,45,7.5,237,320,417,5.6000000000000005,,,,,,,,,,,,,,,,,,,,,,,,,,,,,,,,,,,,
6770,2019,3,12,12,0,7.7,214,433,460,5.7,,,,,,,,,,,,,,,,,,,,,,,,,,,,,,,,,,,,
6771,2019,3,12,12,15,7.800000000000001,224,398,451,5.7,,,,,,,,,,,,,,,,,,,,,,,,,,,,,,,,,,,,
6772,2019,3,12,12,30,7.9,252,265,403,5.800000000000001,,,,,,,,,,,,,,,,,,,,,,,,,,,,,,,,,,,,
6773,2019,3,12,12,45,8,260,173,359,5.800000000000001,,,,,,,,,,,,,,,,,,,,,,,,,,,,,,,,,,,,
6774,2019,3,12,13,0,8.1,107,0,107,5.9,,,,,,,,,,,,,,,,,,,,,,,,,,,,,,,,,,,,
6775,2019,3,12,13,15,8.1,241,66,278,5.9,,,,,,,,,,,,,,,,,,,,,,,,,,,,,,,,,,,,
6776,2019,3,12,13,30,8.1,123,0,123,5.9,,,,,,,,,,,,,,,,,,,,,,,,,,,,,,,,,,,,
6777,2019,3,12,13,45,8.1,118,0,118,5.9,,,,,,,,,,,,,,,,,,,,,,,,,,,,,,,,,,,,
6778,2019,3,12,14,0,8.1,112,0,112,6,,,,,,,,,,,,,,,,,,,,,,,,,,,,,,,,,,,,
6779,2019,3,12,14,15,8,106,0,106,5.9,,,,,,,,,,,,,,,,,,,,,,,,,,,,,,,,,,,,
6780,2019,3,12,14,30,7.9,99,0,99,5.9,,,,,,,,,,,,,,,,,,,,,,,,,,,,,,,,,,,,
6781,2019,3,12,14,45,7.9,92,0,92,5.9,,,,,,,,,,,,,,,,,,,,,,,,,,,,,,,,,,,,
6782,2019,3,12,15,0,7.800000000000001,116,0,116,5.800000000000001,,,,,,,,,,,,,,,,,,,,,,,,,,,,,,,,,,,,
6783,2019,3,12,15,15,7.6000000000000005,105,0,105,5.7,,,,,,,,,,,,,,,,,,,,,,,,,,,,,,,,,,,,
6784,2019,3,12,15,30,7.4,94,0,94,5.7,,,,,,,,,,,,,,,,,,,,,,,,,,,,,,,,,,,,
6785,2019,3,12,15,45,7.300000000000001,83,0,83,5.6000000000000005,,,,,,,,,,,,,,,,,,,,,,,,,,,,,,,,,,,,
6786,2019,3,12,16,0,7.1000000000000005,72,0,72,5.5,,,,,,,,,,,,,,,,,,,,,,,,,,,,,,,,,,,,
6787,2019,3,12,16,15,6.9,45,0,45,5.4,,,,,,,,,,,,,,,,,,,,,,,,,,,,,,,,,,,,
6788,2019,3,12,16,30,6.7,38,0,38,5.4,,,,,,,,,,,,,,,,,,,,,,,,,,,,,,,,,,,,
6789,2019,3,12,16,45,6.5,32,0,32,5.300000000000001,,,,,,,,,,,,,,,,,,,,,,,,,,,,,,,,,,,,
6790,2019,3,12,17,0,6.2,26,0,26,5.300000000000001,,,,,,,,,,,,,,,,,,,,,,,,,,,,,,,,,,,,
6791,2019,3,12,17,15,6.1000000000000005,20,0,20,5.300000000000001,,,,,,,,,,,,,,,,,,,,,,,,,,,,,,,,,,,,
6792,2019,3,12,17,30,5.9,15,0,15,5.4,,,,,,,,,,,,,,,,,,,,,,,,,,,,,,,,,,,,
6793,2019,3,12,17,45,5.7,10,0,10,5.5,,,,,,,,,,,,,,,,,,,,,,,,,,,,,,,,,,,,
6794,2019,3,12,18,0,5.6000000000000005,4,12,4,5.6000000000000005,,,,,,,,,,,,,,,,,,,,,,,,,,,,,,,,,,,,
6795,2019,3,12,18,15,5.5,0,0,0,5.7,,,,,,,,,,,,,,,,,,,,,,,,,,,,,,,,,,,,
6796,2019,3,12,18,30,5.4,0,0,0,5.800000000000001,,,,,,,,,,,,,,,,,,,,,,,,,,,,,,,,,,,,
6797,2019,3,12,18,45,5.4,0,0,0,5.9,,,,,,,,,,,,,,,,,,,,,,,,,,,,,,,,,,,,
6798,2019,3,12,19,0,5.300000000000001,0,0,0,6,,,,,,,,,,,,,,,,,,,,,,,,,,,,,,,,,,,,
6799,2019,3,12,19,15,5.300000000000001,0,0,0,6.2,,,,,,,,,,,,,,,,,,,,,,,,,,,,,,,,,,,,
6800,2019,3,12,19,30,5.2,0,0,0,6.300000000000001,,,,,,,,,,,,,,,,,,,,,,,,,,,,,,,,,,,,
6801,2019,3,12,19,45,5.2,0,0,0,6.4,,,,,,,,,,,,,,,,,,,,,,,,,,,,,,,,,,,,
6802,2019,3,12,20,0,5.2,0,0,0,6.6000000000000005,,,,,,,,,,,,,,,,,,,,,,,,,,,,,,,,,,,,
6803,2019,3,12,20,15,5.2,0,0,0,6.7,,,,,,,,,,,,,,,,,,,,,,,,,,,,,,,,,,,,
6804,2019,3,12,20,30,5.2,0,0,0,6.800000000000001,,,,,,,,,,,,,,,,,,,,,,,,,,,,,,,,,,,,
6805,2019,3,12,20,45,5.2,0,0,0,6.9,,,,,,,,,,,,,,,,,,,,,,,,,,,,,,,,,,,,
6806,2019,3,12,21,0,5.2,0,0,0,6.9,,,,,,,,,,,,,,,,,,,,,,,,,,,,,,,,,,,,
6807,2019,3,12,21,15,5.2,0,0,0,7,,,,,,,,,,,,,,,,,,,,,,,,,,,,,,,,,,,,
6808,2019,3,12,21,30,5.300000000000001,0,0,0,7,,,,,,,,,,,,,,,,,,,,,,,,,,,,,,,,,,,,
6809,2019,3,12,21,45,5.300000000000001,0,0,0,7,,,,,,,,,,,,,,,,,,,,,,,,,,,,,,,,,,,,
6810,2019,3,12,22,0,5.300000000000001,0,0,0,7.1000000000000005,,,,,,,,,,,,,,,,,,,,,,,,,,,,,,,,,,,,
6811,2019,3,12,22,15,5.300000000000001,0,0,0,7.1000000000000005,,,,,,,,,,,,,,,,,,,,,,,,,,,,,,,,,,,,
6812,2019,3,12,22,30,5.4,0,0,0,7,,,,,,,,,,,,,,,,,,,,,,,,,,,,,,,,,,,,
6813,2019,3,12,22,45,5.4,0,0,0,7,,,,,,,,,,,,,,,,,,,,,,,,,,,,,,,,,,,,
6814,2019,3,12,23,0,5.5,0,0,0,7,,,,,,,,,,,,,,,,,,,,,,,,,,,,,,,,,,,,
6815,2019,3,12,23,15,5.4,0,0,0,6.9,,,,,,,,,,,,,,,,,,,,,,,,,,,,,,,,,,,,
6816,2019,3,12,23,30,5.4,0,0,0,6.800000000000001,,,,,,,,,,,,,,,,,,,,,,,,,,,,,,,,,,,,
6817,2019,3,12,23,45,5.300000000000001,0,0,0,6.800000000000001,,,,,,,,,,,,,,,,,,,,,,,,,,,,,,,,,,,,
6818,2019,3,13,0,0,5.300000000000001,0,0,0,6.7,,,,,,,,,,,,,,,,,,,,,,,,,,,,,,,,,,,,
6819,2019,3,13,0,15,5.300000000000001,0,0,0,6.7,,,,,,,,,,,,,,,,,,,,,,,,,,,,,,,,,,,,
6820,2019,3,13,0,30,5.300000000000001,0,0,0,6.7,,,,,,,,,,,,,,,,,,,,,,,,,,,,,,,,,,,,
6821,2019,3,13,0,45,5.300000000000001,0,0,0,6.7,,,,,,,,,,,,,,,,,,,,,,,,,,,,,,,,,,,,
6822,2019,3,13,1,0,5,0,0,0,6.4,,,,,,,,,,,,,,,,,,,,,,,,,,,,,,,,,,,,
6823,2019,3,13,1,15,5,0,0,0,6.4,,,,,,,,,,,,,,,,,,,,,,,,,,,,,,,,,,,,
6824,2019,3,13,1,30,5,0,0,0,6.5,,,,,,,,,,,,,,,,,,,,,,,,,,,,,,,,,,,,
6825,2019,3,13,1,45,5,0,0,0,6.5,,,,,,,,,,,,,,,,,,,,,,,,,,,,,,,,,,,,
6826,2019,3,13,2,0,5,0,0,0,6.5,,,,,,,,,,,,,,,,,,,,,,,,,,,,,,,,,,,,
6827,2019,3,13,2,15,4.9,0,0,0,6.5,,,,,,,,,,,,,,,,,,,,,,,,,,,,,,,,,,,,
6828,2019,3,13,2,30,4.800000000000001,0,0,0,6.5,,,,,,,,,,,,,,,,,,,,,,,,,,,,,,,,,,,,
6829,2019,3,13,2,45,4.7,0,0,0,6.5,,,,,,,,,,,,,,,,,,,,,,,,,,,,,,,,,,,,
6830,2019,3,13,3,0,4.6000000000000005,0,0,0,6.4,,,,,,,,,,,,,,,,,,,,,,,,,,,,,,,,,,,,
6831,2019,3,13,3,15,4.3,0,0,0,6.2,,,,,,,,,,,,,,,,,,,,,,,,,,,,,,,,,,,,
6832,2019,3,13,3,30,4,0,0,0,6,,,,,,,,,,,,,,,,,,,,,,,,,,,,,,,,,,,,
6833,2019,3,13,3,45,3.7,0,0,0,5.7,,,,,,,,,,,,,,,,,,,,,,,,,,,,,,,,,,,,
6834,2019,3,13,4,0,3.4000000000000004,0,0,0,5.5,,,,,,,,,,,,,,,,,,,,,,,,,,,,,,,,,,,,
6835,2019,3,13,4,15,3.1,0,0,0,5.300000000000001,,,,,,,,,,,,,,,,,,,,,,,,,,,,,,,,,,,,
6836,2019,3,13,4,30,2.8000000000000003,0,0,0,5.1000000000000005,,,,,,,,,,,,,,,,,,,,,,,,,,,,,,,,,,,,
6837,2019,3,13,4,45,2.5,0,0,0,4.9,,,,,,,,,,,,,,,,,,,,,,,,,,,,,,,,,,,,
6838,2019,3,13,5,0,2.2,0,0,0,4.7,,,,,,,,,,,,,,,,,,,,,,,,,,,,,,,,,,,,
6839,2019,3,13,5,15,2.1,0,0,0,4.800000000000001,,,,,,,,,,,,,,,,,,,,,,,,,,,,,,,,,,,,
6840,2019,3,13,5,30,1.9000000000000001,0,0,0,4.800000000000001,,,,,,,,,,,,,,,,,,,,,,,,,,,,,,,,,,,,
6841,2019,3,13,5,45,1.8,0,0,0,4.9,,,,,,,,,,,,,,,,,,,,,,,,,,,,,,,,,,,,
6842,2019,3,13,6,0,1.6,0,0,0,5,,,,,,,,,,,,,,,,,,,,,,,,,,,,,,,,,,,,
6843,2019,3,13,6,15,1.8,0,0,0,5.2,,,,,,,,,,,,,,,,,,,,,,,,,,,,,,,,,,,,
6844,2019,3,13,6,30,2,0,0,0,5.4,,,,,,,,,,,,,,,,,,,,,,,,,,,,,,,,,,,,
6845,2019,3,13,6,45,2.3000000000000003,13,105,15,5.6000000000000005,,,,,,,,,,,,,,,,,,,,,,,,,,,,,,,,,,,,
6846,2019,3,13,7,0,2.5,23,241,37,5.800000000000001,,,,,,,,,,,,,,,,,,,,,,,,,,,,,,,,,,,,
6847,2019,3,13,7,15,3,32,358,68,6.1000000000000005,,,,,,,,,,,,,,,,,,,,,,,,,,,,,,,,,,,,
6848,2019,3,13,7,30,3.4000000000000004,41,452,103,6.4,,,,,,,,,,,,,,,,,,,,,,,,,,,,,,,,,,,,
6849,2019,3,13,7,45,3.9000000000000004,51,496,138,6.800000000000001,,,,,,,,,,,,,,,,,,,,,,,,,,,,,,,,,,,,
6850,2019,3,13,8,0,4.4,57,553,175,7.1000000000000005,,,,,,,,,,,,,,,,,,,,,,,,,,,,,,,,,,,,
6851,2019,3,13,8,15,4.9,94,49,106,7.4,,,,,,,,,,,,,,,,,,,,,,,,,,,,,,,,,,,,
6852,2019,3,13,8,30,5.4,110,65,129,7.7,,,,,,,,,,,,,,,,,,,,,,,,,,,,,,,,,,,,
6853,2019,3,13,8,45,5.800000000000001,127,80,152,8,,,,,,,,,,,,,,,,,,,,,,,,,,,,,,,,,,,,
6854,2019,3,13,9,0,6.300000000000001,143,92,175,8.3,,,,,,,,,,,,,,,,,,,,,,,,,,,,,,,,,,,,
6855,2019,3,13,9,15,6.6000000000000005,15,0,15,8.4,,,,,,,,,,,,,,,,,,,,,,,,,,,,,,,,,,,,
6856,2019,3,13,9,30,6.9,41,0,41,8.6,,,,,,,,,,,,,,,,,,,,,,,,,,,,,,,,,,,,
6857,2019,3,13,9,45,7.2,187,151,253,8.700000000000001,,,,,,,,,,,,,,,,,,,,,,,,,,,,,,,,,,,,
6858,2019,3,13,10,0,7.5,184,40,202,8.8,,,,,,,,,,,,,,,,,,,,,,,,,,,,,,,,,,,,
6859,2019,3,13,10,15,7.6000000000000005,183,24,195,8.8,,,,,,,,,,,,,,,,,,,,,,,,,,,,,,,,,,,,
6860,2019,3,13,10,30,7.800000000000001,216,73,253,8.8,,,,,,,,,,,,,,,,,,,,,,,,,,,,,,,,,,,,
6861,2019,3,13,10,45,8,231,206,338,8.8,,,,,,,,,,,,,,,,,,,,,,,,,,,,,,,,,,,,
6862,2019,3,13,11,0,8.200000000000001,232,69,269,8.8,,,,,,,,,,,,,,,,,,,,,,,,,,,,,,,,,,,,
6863,2019,3,13,11,15,8.3,169,3,171,8.8,,,,,,,,,,,,,,,,,,,,,,,,,,,,,,,,,,,,
6864,2019,3,13,11,30,8.4,72,0,72,8.8,,,,,,,,,,,,,,,,,,,,,,,,,,,,,,,,,,,,
6865,2019,3,13,11,45,8.5,168,2,169,8.8,,,,,,,,,,,,,,,,,,,,,,,,,,,,,,,,,,,,
6866,2019,3,13,12,0,8.6,249,64,286,8.700000000000001,,,,,,,,,,,,,,,,,,,,,,,,,,,,,,,,,,,,
6867,2019,3,13,12,15,8.700000000000001,34,0,34,8.700000000000001,,,,,,,,,,,,,,,,,,,,,,,,,,,,,,,,,,,,
6868,2019,3,13,12,30,8.8,29,0,29,8.700000000000001,,,,,,,,,,,,,,,,,,,,,,,,,,,,,,,,,,,,
6869,2019,3,13,12,45,8.8,31,0,31,8.700000000000001,,,,,,,,,,,,,,,,,,,,,,,,,,,,,,,,,,,,
6870,2019,3,13,13,0,8.9,39,0,39,8.700000000000001,,,,,,,,,,,,,,,,,,,,,,,,,,,,,,,,,,,,
6871,2019,3,13,13,15,8.8,28,0,28,8.700000000000001,,,,,,,,,,,,,,,,,,,,,,,,,,,,,,,,,,,,
6872,2019,3,13,13,30,8.8,27,0,27,8.6,,,,,,,,,,,,,,,,,,,,,,,,,,,,,,,,,,,,
6873,2019,3,13,13,45,8.8,192,15,200,8.6,,,,,,,,,,,,,,,,,,,,,,,,,,,,,,,,,,,,
6874,2019,3,13,14,0,8.8,156,0,156,8.6,,,,,,,,,,,,,,,,,,,,,,,,,,,,,,,,,,,,
6875,2019,3,13,14,15,8.700000000000001,24,0,24,8.5,,,,,,,,,,,,,,,,,,,,,,,,,,,,,,,,,,,,
6876,2019,3,13,14,30,8.6,33,0,33,8.4,,,,,,,,,,,,,,,,,,,,,,,,,,,,,,,,,,,,
6877,2019,3,13,14,45,8.5,20,0,20,8.4,,,,,,,,,,,,,,,,,,,,,,,,,,,,,,,,,,,,
6878,2019,3,13,15,0,8.4,70,0,70,8.3,,,,,,,,,,,,,,,,,,,,,,,,,,,,,,,,,,,,
6879,2019,3,13,15,15,8.200000000000001,17,0,17,8.200000000000001,,,,,,,,,,,,,,,,,,,,,,,,,,,,,,,,,,,,
6880,2019,3,13,15,30,8,52,0,52,8.1,,,,,,,,,,,,,,,,,,,,,,,,,,,,,,,,,,,,
6881,2019,3,13,15,45,7.800000000000001,139,45,155,7.9,,,,,,,,,,,,,,,,,,,,,,,,,,,,,,,,,,,,
6882,2019,3,13,16,0,7.6000000000000005,125,232,200,7.800000000000001,,,,,,,,,,,,,,,,,,,,,,,,,,,,,,,,,,,,
6883,2019,3,13,16,15,7.300000000000001,60,0,60,7.7,,,,,,,,,,,,,,,,,,,,,,,,,,,,,,,,,,,,
6884,2019,3,13,16,30,7,51,0,51,7.6000000000000005,,,,,,,,,,,,,,,,,,,,,,,,,,,,,,,,,,,,
6885,2019,3,13,16,45,6.7,42,0,42,7.5,,,,,,,,,,,,,,,,,,,,,,,,,,,,,,,,,,,,
6886,2019,3,13,17,0,6.4,33,0,33,7.4,,,,,,,,,,,,,,,,,,,,,,,,,,,,,,,,,,,,
6887,2019,3,13,17,15,6.2,26,0,26,7.4,,,,,,,,,,,,,,,,,,,,,,,,,,,,,,,,,,,,
6888,2019,3,13,17,30,6,19,0,19,7.300000000000001,,,,,,,,,,,,,,,,,,,,,,,,,,,,,,,,,,,,
6889,2019,3,13,17,45,5.800000000000001,13,0,13,7.300000000000001,,,,,,,,,,,,,,,,,,,,,,,,,,,,,,,,,,,,
6890,2019,3,13,18,0,5.6000000000000005,5,0,5,7.300000000000001,,,,,,,,,,,,,,,,,,,,,,,,,,,,,,,,,,,,
6891,2019,3,13,18,15,5.5,0,0,0,7.2,,,,,,,,,,,,,,,,,,,,,,,,,,,,,,,,,,,,
6892,2019,3,13,18,30,5.4,0,0,0,7.2,,,,,,,,,,,,,,,,,,,,,,,,,,,,,,,,,,,,
6893,2019,3,13,18,45,5.300000000000001,0,0,0,7.2,,,,,,,,,,,,,,,,,,,,,,,,,,,,,,,,,,,,
6894,2019,3,13,19,0,5.2,0,0,0,7.2,,,,,,,,,,,,,,,,,,,,,,,,,,,,,,,,,,,,
6895,2019,3,13,19,15,5.2,0,0,0,7.2,,,,,,,,,,,,,,,,,,,,,,,,,,,,,,,,,,,,
6896,2019,3,13,19,30,5.1000000000000005,0,0,0,7.1000000000000005,,,,,,,,,,,,,,,,,,,,,,,,,,,,,,,,,,,,
6897,2019,3,13,19,45,5.1000000000000005,0,0,0,7.1000000000000005,,,,,,,,,,,,,,,,,,,,,,,,,,,,,,,,,,,,
6898,2019,3,13,20,0,5.1000000000000005,0,0,0,7,,,,,,,,,,,,,,,,,,,,,,,,,,,,,,,,,,,,
6899,2019,3,13,20,15,5,0,0,0,7,,,,,,,,,,,,,,,,,,,,,,,,,,,,,,,,,,,,
6900,2019,3,13,20,30,5,0,0,0,7,,,,,,,,,,,,,,,,,,,,,,,,,,,,,,,,,,,,
6901,2019,3,13,20,45,4.9,0,0,0,6.9,,,,,,,,,,,,,,,,,,,,,,,,,,,,,,,,,,,,
6902,2019,3,13,21,0,4.9,0,0,0,6.9,,,,,,,,,,,,,,,,,,,,,,,,,,,,,,,,,,,,
6903,2019,3,13,21,15,4.9,0,0,0,6.9,,,,,,,,,,,,,,,,,,,,,,,,,,,,,,,,,,,,
6904,2019,3,13,21,30,4.800000000000001,0,0,0,6.9,,,,,,,,,,,,,,,,,,,,,,,,,,,,,,,,,,,,
6905,2019,3,13,21,45,4.800000000000001,0,0,0,6.9,,,,,,,,,,,,,,,,,,,,,,,,,,,,,,,,,,,,
6906,2019,3,13,22,0,4.7,0,0,0,6.9,,,,,,,,,,,,,,,,,,,,,,,,,,,,,,,,,,,,
6907,2019,3,13,22,15,4.800000000000001,0,0,0,6.9,,,,,,,,,,,,,,,,,,,,,,,,,,,,,,,,,,,,
6908,2019,3,13,22,30,4.800000000000001,0,0,0,6.9,,,,,,,,,,,,,,,,,,,,,,,,,,,,,,,,,,,,
6909,2019,3,13,22,45,4.800000000000001,0,0,0,6.9,,,,,,,,,,,,,,,,,,,,,,,,,,,,,,,,,,,,
6910,2019,3,13,23,0,4.9,0,0,0,7,,,,,,,,,,,,,,,,,,,,,,,,,,,,,,,,,,,,
6911,2019,3,13,23,15,4.9,0,0,0,7,,,,,,,,,,,,,,,,,,,,,,,,,,,,,,,,,,,,
6912,2019,3,13,23,30,4.9,0,0,0,7,,,,,,,,,,,,,,,,,,,,,,,,,,,,,,,,,,,,
6913,2019,3,13,23,45,4.9,0,0,0,7,,,,,,,,,,,,,,,,,,,,,,,,,,,,,,,,,,,,
6914,2019,3,14,0,0,5,0,0,0,7.1000000000000005,,,,,,,,,,,,,,,,,,,,,,,,,,,,,,,,,,,,
6915,2019,3,14,0,15,5,0,0,0,7.1000000000000005,,,,,,,,,,,,,,,,,,,,,,,,,,,,,,,,,,,,
6916,2019,3,14,0,30,5,0,0,0,7.1000000000000005,,,,,,,,,,,,,,,,,,,,,,,,,,,,,,,,,,,,
6917,2019,3,14,0,45,5,0,0,0,7.1000000000000005,,,,,,,,,,,,,,,,,,,,,,,,,,,,,,,,,,,,
6918,2019,3,14,1,0,4.9,0,0,0,7.2,,,,,,,,,,,,,,,,,,,,,,,,,,,,,,,,,,,,
6919,2019,3,14,1,15,4.800000000000001,0,0,0,7.2,,,,,,,,,,,,,,,,,,,,,,,,,,,,,,,,,,,,
6920,2019,3,14,1,30,4.800000000000001,0,0,0,7.1000000000000005,,,,,,,,,,,,,,,,,,,,,,,,,,,,,,,,,,,,
6921,2019,3,14,1,45,4.7,0,0,0,7,,,,,,,,,,,,,,,,,,,,,,,,,,,,,,,,,,,,
6922,2019,3,14,2,0,4.6000000000000005,0,0,0,7,,,,,,,,,,,,,,,,,,,,,,,,,,,,,,,,,,,,
6923,2019,3,14,2,15,4.6000000000000005,0,0,0,6.800000000000001,,,,,,,,,,,,,,,,,,,,,,,,,,,,,,,,,,,,
6924,2019,3,14,2,30,4.5,0,0,0,6.7,,,,,,,,,,,,,,,,,,,,,,,,,,,,,,,,,,,,
6925,2019,3,14,2,45,4.4,0,0,0,6.6000000000000005,,,,,,,,,,,,,,,,,,,,,,,,,,,,,,,,,,,,
6926,2019,3,14,3,0,4.4,0,0,0,6.5,,,,,,,,,,,,,,,,,,,,,,,,,,,,,,,,,,,,
6927,2019,3,14,3,15,4.3,0,0,0,6.300000000000001,,,,,,,,,,,,,,,,,,,,,,,,,,,,,,,,,,,,
6928,2019,3,14,3,30,4.3,0,0,0,6.1000000000000005,,,,,,,,,,,,,,,,,,,,,,,,,,,,,,,,,,,,
6929,2019,3,14,3,45,4.2,0,0,0,6,,,,,,,,,,,,,,,,,,,,,,,,,,,,,,,,,,,,
6930,2019,3,14,4,0,4.2,0,0,0,5.800000000000001,,,,,,,,,,,,,,,,,,,,,,,,,,,,,,,,,,,,
6931,2019,3,14,4,15,4.1000000000000005,0,0,0,5.6000000000000005,,,,,,,,,,,,,,,,,,,,,,,,,,,,,,,,,,,,
6932,2019,3,14,4,30,4.1000000000000005,0,0,0,5.4,,,,,,,,,,,,,,,,,,,,,,,,,,,,,,,,,,,,
6933,2019,3,14,4,45,4,0,0,0,5.2,,,,,,,,,,,,,,,,,,,,,,,,,,,,,,,,,,,,
6934,2019,3,14,5,0,4,0,0,0,5,,,,,,,,,,,,,,,,,,,,,,,,,,,,,,,,,,,,
6935,2019,3,14,5,15,4,0,0,0,4.9,,,,,,,,,,,,,,,,,,,,,,,,,,,,,,,,,,,,
6936,2019,3,14,5,30,4,0,0,0,4.9,,,,,,,,,,,,,,,,,,,,,,,,,,,,,,,,,,,,
6937,2019,3,14,5,45,4,0,0,0,4.800000000000001,,,,,,,,,,,,,,,,,,,,,,,,,,,,,,,,,,,,
6938,2019,3,14,6,0,4,0,0,0,4.800000000000001,,,,,,,,,,,,,,,,,,,,,,,,,,,,,,,,,,,,
6939,2019,3,14,6,15,4.2,0,0,0,4.9,,,,,,,,,,,,,,,,,,,,,,,,,,,,,,,,,,,,
6940,2019,3,14,6,30,4.4,0,0,0,4.9,,,,,,,,,,,,,,,,,,,,,,,,,,,,,,,,,,,,
6941,2019,3,14,6,45,4.6000000000000005,2,0,2,5,,,,,,,,,,,,,,,,,,,,,,,,,,,,,,,,,,,,
6942,2019,3,14,7,0,4.7,4,0,4,5.1000000000000005,,,,,,,,,,,,,,,,,,,,,,,,,,,,,,,,,,,,
6943,2019,3,14,7,15,4.9,5,0,5,5.300000000000001,,,,,,,,,,,,,,,,,,,,,,,,,,,,,,,,,,,,
6944,2019,3,14,7,30,5.1000000000000005,6,0,6,5.4,,,,,,,,,,,,,,,,,,,,,,,,,,,,,,,,,,,,
6945,2019,3,14,7,45,5.300000000000001,7,0,7,5.5,,,,,,,,,,,,,,,,,,,,,,,,,,,,,,,,,,,,
6946,2019,3,14,8,0,5.5,8,0,8,5.7,,,,,,,,,,,,,,,,,,,,,,,,,,,,,,,,,,,,
6947,2019,3,14,8,15,5.7,9,0,9,5.800000000000001,,,,,,,,,,,,,,,,,,,,,,,,,,,,,,,,,,,,
6948,2019,3,14,8,30,5.9,10,0,10,5.9,,,,,,,,,,,,,,,,,,,,,,,,,,,,,,,,,,,,
6949,2019,3,14,8,45,6.1000000000000005,12,0,12,6.1000000000000005,,,,,,,,,,,,,,,,,,,,,,,,,,,,,,,,,,,,
6950,2019,3,14,9,0,6.300000000000001,41,0,41,6.2,,,,,,,,,,,,,,,,,,,,,,,,,,,,,,,,,,,,
6951,2019,3,14,9,15,6.300000000000001,38,0,38,6.300000000000001,,,,,,,,,,,,,,,,,,,,,,,,,,,,,,,,,,,,
6952,2019,3,14,9,30,6.4,24,0,24,6.4,,,,,,,,,,,,,,,,,,,,,,,,,,,,,,,,,,,,
6953,2019,3,14,9,45,6.4,42,0,42,6.5,,,,,,,,,,,,,,,,,,,,,,,,,,,,,,,,,,,,
6954,2019,3,14,10,0,6.5,31,0,31,6.6000000000000005,,,,,,,,,,,,,,,,,,,,,,,,,,,,,,,,,,,,
6955,2019,3,14,10,15,6.5,34,0,34,6.7,,,,,,,,,,,,,,,,,,,,,,,,,,,,,,,,,,,,
6956,2019,3,14,10,30,6.5,27,0,27,6.7,,,,,,,,,,,,,,,,,,,,,,,,,,,,,,,,,,,,
6957,2019,3,14,10,45,6.4,29,0,29,6.800000000000001,,,,,,,,,,,,,,,,,,,,,,,,,,,,,,,,,,,,
6958,2019,3,14,11,0,6.4,31,0,31,6.800000000000001,,,,,,,,,,,,,,,,,,,,,,,,,,,,,,,,,,,,
6959,2019,3,14,11,15,6.300000000000001,33,0,33,6.800000000000001,,,,,,,,,,,,,,,,,,,,,,,,,,,,,,,,,,,,
6960,2019,3,14,11,30,6.2,39,0,39,6.9,,,,,,,,,,,,,,,,,,,,,,,,,,,,,,,,,,,,
6961,2019,3,14,11,45,6.1000000000000005,34,0,34,6.9,,,,,,,,,,,,,,,,,,,,,,,,,,,,,,,,,,,,
6962,2019,3,14,12,0,6,37,0,37,6.9,,,,,,,,,,,,,,,,,,,,,,,,,,,,,,,,,,,,
6963,2019,3,14,12,15,5.9,39,0,39,7,,,,,,,,,,,,,,,,,,,,,,,,,,,,,,,,,,,,
6964,2019,3,14,12,30,5.7,45,0,45,7,,,,,,,,,,,,,,,,,,,,,,,,,,,,,,,,,,,,
6965,2019,3,14,12,45,5.6000000000000005,34,0,34,7.1000000000000005,,,,,,,,,,,,,,,,,,,,,,,,,,,,,,,,,,,,
6966,2019,3,14,13,0,5.5,34,0,34,7.1000000000000005,,,,,,,,,,,,,,,,,,,,,,,,,,,,,,,,,,,,
6967,2019,3,14,13,15,5.4,32,0,32,7.2,,,,,,,,,,,,,,,,,,,,,,,,,,,,,,,,,,,,
6968,2019,3,14,13,30,5.300000000000001,48,0,48,7.300000000000001,,,,,,,,,,,,,,,,,,,,,,,,,,,,,,,,,,,,
6969,2019,3,14,13,45,5.2,30,0,30,7.300000000000001,,,,,,,,,,,,,,,,,,,,,,,,,,,,,,,,,,,,
6970,2019,3,14,14,0,5.1000000000000005,30,0,30,7.4,,,,,,,,,,,,,,,,,,,,,,,,,,,,,,,,,,,,
6971,2019,3,14,14,15,5,26,0,26,7.4,,,,,,,,,,,,,,,,,,,,,,,,,,,,,,,,,,,,
6972,2019,3,14,14,30,4.9,24,0,24,7.5,,,,,,,,,,,,,,,,,,,,,,,,,,,,,,,,,,,,
6973,2019,3,14,14,45,4.800000000000001,48,0,48,7.5,,,,,,,,,,,,,,,,,,,,,,,,,,,,,,,,,,,,
6974,2019,3,14,15,0,4.7,91,0,91,7.5,,,,,,,,,,,,,,,,,,,,,,,,,,,,,,,,,,,,
6975,2019,3,14,15,15,4.6000000000000005,19,0,19,7.5,,,,,,,,,,,,,,,,,,,,,,,,,,,,,,,,,,,,
6976,2019,3,14,15,30,4.5,17,0,17,7.5,,,,,,,,,,,,,,,,,,,,,,,,,,,,,,,,,,,,
6977,2019,3,14,15,45,4.4,15,0,15,7.5,,,,,,,,,,,,,,,,,,,,,,,,,,,,,,,,,,,,
6978,2019,3,14,16,0,4.3,13,0,13,7.5,,,,,,,,,,,,,,,,,,,,,,,,,,,,,,,,,,,,
6979,2019,3,14,16,15,4.3,12,0,12,7.4,,,,,,,,,,,,,,,,,,,,,,,,,,,,,,,,,,,,
6980,2019,3,14,16,30,4.3,10,0,10,7.300000000000001,,,,,,,,,,,,,,,,,,,,,,,,,,,,,,,,,,,,
6981,2019,3,14,16,45,4.3,9,0,9,7.2,,,,,,,,,,,,,,,,,,,,,,,,,,,,,,,,,,,,
6982,2019,3,14,17,0,4.3,8,0,8,7.1000000000000005,,,,,,,,,,,,,,,,,,,,,,,,,,,,,,,,,,,,
6983,2019,3,14,17,15,4.6000000000000005,7,0,7,7.2,,,,,,,,,,,,,,,,,,,,,,,,,,,,,,,,,,,,
6984,2019,3,14,17,30,4.9,6,0,6,7.2,,,,,,,,,,,,,,,,,,,,,,,,,,,,,,,,,,,,
6985,2019,3,14,17,45,5.2,5,0,5,7.2,,,,,,,,,,,,,,,,,,,,,,,,,,,,,,,,,,,,
6986,2019,3,14,18,0,5.5,3,0,3,7.2,,,,,,,,,,,,,,,,,,,,,,,,,,,,,,,,,,,,
6987,2019,3,14,18,15,5.800000000000001,0,0,0,7.4,,,,,,,,,,,,,,,,,,,,,,,,,,,,,,,,,,,,
6988,2019,3,14,18,30,6.1000000000000005,0,0,0,7.5,,,,,,,,,,,,,,,,,,,,,,,,,,,,,,,,,,,,
6989,2019,3,14,18,45,6.4,0,0,0,7.7,,,,,,,,,,,,,,,,,,,,,,,,,,,,,,,,,,,,
6990,2019,3,14,19,0,6.7,0,0,0,7.9,,,,,,,,,,,,,,,,,,,,,,,,,,,,,,,,,,,,
6991,2019,3,14,19,15,6.7,0,0,0,7.9,,,,,,,,,,,,,,,,,,,,,,,,,,,,,,,,,,,,
6992,2019,3,14,19,30,6.7,0,0,0,8,,,,,,,,,,,,,,,,,,,,,,,,,,,,,,,,,,,,
6993,2019,3,14,19,45,6.7,0,0,0,8.1,,,,,,,,,,,,,,,,,,,,,,,,,,,,,,,,,,,,
6994,2019,3,14,20,0,6.7,0,0,0,8.1,,,,,,,,,,,,,,,,,,,,,,,,,,,,,,,,,,,,
6995,2019,3,14,20,15,6.6000000000000005,0,0,0,8.1,,,,,,,,,,,,,,,,,,,,,,,,,,,,,,,,,,,,
6996,2019,3,14,20,30,6.5,0,0,0,8,,,,,,,,,,,,,,,,,,,,,,,,,,,,,,,,,,,,
6997,2019,3,14,20,45,6.4,0,0,0,8,,,,,,,,,,,,,,,,,,,,,,,,,,,,,,,,,,,,
6998,2019,3,14,21,0,6.300000000000001,0,0,0,7.9,,,,,,,,,,,,,,,,,,,,,,,,,,,,,,,,,,,,
6999,2019,3,14,21,15,6.2,0,0,0,7.9,,,,,,,,,,,,,,,,,,,,,,,,,,,,,,,,,,,,
7000,2019,3,14,21,30,6,0,0,0,7.800000000000001,,,,,,,,,,,,,,,,,,,,,,,,,,,,,,,,,,,,
7001,2019,3,14,21,45,5.9,0,0,0,7.800000000000001,,,,,,,,,,,,,,,,,,,,,,,,,,,,,,,,,,,,
7002,2019,3,14,22,0,5.800000000000001,0,0,0,7.7,,,,,,,,,,,,,,,,,,,,,,,,,,,,,,,,,,,,
7003,2019,3,14,22,15,5.7,0,0,0,7.6000000000000005,,,,,,,,,,,,,,,,,,,,,,,,,,,,,,,,,,,,
7004,2019,3,14,22,30,5.6000000000000005,0,0,0,7.5,,,,,,,,,,,,,,,,,,,,,,,,,,,,,,,,,,,,
7005,2019,3,14,22,45,5.5,0,0,0,7.5,,,,,,,,,,,,,,,,,,,,,,,,,,,,,,,,,,,,
7006,2019,3,14,23,0,5.4,0,0,0,7.4,,,,,,,,,,,,,,,,,,,,,,,,,,,,,,,,,,,,
7007,2019,3,14,23,15,5.4,0,0,0,7.300000000000001,,,,,,,,,,,,,,,,,,,,,,,,,,,,,,,,,,,,
7008,2019,3,14,23,30,5.300000000000001,0,0,0,7.300000000000001,,,,,,,,,,,,,,,,,,,,,,,,,,,,,,,,,,,,
7009,2019,3,14,23,45,5.300000000000001,0,0,0,7.2,,,,,,,,,,,,,,,,,,,,,,,,,,,,,,,,,,,,
7010,2019,3,15,0,0,5.2,0,0,0,7.2,,,,,,,,,,,,,,,,,,,,,,,,,,,,,,,,,,,,
7011,2019,3,15,0,15,5.2,0,0,0,7.2,,,,,,,,,,,,,,,,,,,,,,,,,,,,,,,,,,,,
7012,2019,3,15,0,30,5.2,0,0,0,7.2,,,,,,,,,,,,,,,,,,,,,,,,,,,,,,,,,,,,
7013,2019,3,15,0,45,5.2,0,0,0,7.2,,,,,,,,,,,,,,,,,,,,,,,,,,,,,,,,,,,,
7014,2019,3,15,1,0,5.1000000000000005,0,0,0,7,,,,,,,,,,,,,,,,,,,,,,,,,,,,,,,,,,,,
7015,2019,3,15,1,15,5.1000000000000005,0,0,0,6.9,,,,,,,,,,,,,,,,,,,,,,,,,,,,,,,,,,,,
7016,2019,3,15,1,30,5.1000000000000005,0,0,0,6.9,,,,,,,,,,,,,,,,,,,,,,,,,,,,,,,,,,,,
7017,2019,3,15,1,45,5.1000000000000005,0,0,0,6.800000000000001,,,,,,,,,,,,,,,,,,,,,,,,,,,,,,,,,,,,
7018,2019,3,15,2,0,5.1000000000000005,0,0,0,6.7,,,,,,,,,,,,,,,,,,,,,,,,,,,,,,,,,,,,
7019,2019,3,15,2,15,5.1000000000000005,0,0,0,6.6000000000000005,,,,,,,,,,,,,,,,,,,,,,,,,,,,,,,,,,,,
7020,2019,3,15,2,30,5.1000000000000005,0,0,0,6.5,,,,,,,,,,,,,,,,,,,,,,,,,,,,,,,,,,,,
7021,2019,3,15,2,45,5,0,0,0,6.4,,,,,,,,,,,,,,,,,,,,,,,,,,,,,,,,,,,,
7022,2019,3,15,3,0,5,0,0,0,6.300000000000001,,,,,,,,,,,,,,,,,,,,,,,,,,,,,,,,,,,,
7023,2019,3,15,3,15,5,0,0,0,6.300000000000001,,,,,,,,,,,,,,,,,,,,,,,,,,,,,,,,,,,,
7024,2019,3,15,3,30,4.9,0,0,0,6.2,,,,,,,,,,,,,,,,,,,,,,,,,,,,,,,,,,,,
7025,2019,3,15,3,45,4.9,0,0,0,6.1000000000000005,,,,,,,,,,,,,,,,,,,,,,,,,,,,,,,,,,,,
7026,2019,3,15,4,0,4.800000000000001,0,0,0,6,,,,,,,,,,,,,,,,,,,,,,,,,,,,,,,,,,,,
7027,2019,3,15,4,15,4.7,0,0,0,5.9,,,,,,,,,,,,,,,,,,,,,,,,,,,,,,,,,,,,
7028,2019,3,15,4,30,4.6000000000000005,0,0,0,5.800000000000001,,,,,,,,,,,,,,,,,,,,,,,,,,,,,,,,,,,,
7029,2019,3,15,4,45,4.5,0,0,0,5.7,,,,,,,,,,,,,,,,,,,,,,,,,,,,,,,,,,,,
7030,2019,3,15,5,0,4.4,0,0,0,5.5,,,,,,,,,,,,,,,,,,,,,,,,,,,,,,,,,,,,
7031,2019,3,15,5,15,4.4,0,0,0,5.4,,,,,,,,,,,,,,,,,,,,,,,,,,,,,,,,,,,,
7032,2019,3,15,5,30,4.3,0,0,0,5.300000000000001,,,,,,,,,,,,,,,,,,,,,,,,,,,,,,,,,,,,
7033,2019,3,15,5,45,4.2,0,0,0,5.1000000000000005,,,,,,,,,,,,,,,,,,,,,,,,,,,,,,,,,,,,
7034,2019,3,15,6,0,4.1000000000000005,0,0,0,5,,,,,,,,,,,,,,,,,,,,,,,,,,,,,,,,,,,,
7035,2019,3,15,6,15,4.3,0,0,0,5,,,,,,,,,,,,,,,,,,,,,,,,,,,,,,,,,,,,
7036,2019,3,15,6,30,4.5,0,0,0,5,,,,,,,,,,,,,,,,,,,,,,,,,,,,,,,,,,,,
7037,2019,3,15,6,45,4.6000000000000005,3,0,3,4.9,,,,,,,,,,,,,,,,,,,,,,,,,,,,,,,,,,,,
7038,2019,3,15,7,0,4.800000000000001,5,0,5,4.9,,,,,,,,,,,,,,,,,,,,,,,,,,,,,,,,,,,,
7039,2019,3,15,7,15,5.1000000000000005,8,0,8,5,,,,,,,,,,,,,,,,,,,,,,,,,,,,,,,,,,,,
7040,2019,3,15,7,30,5.4,6,0,6,5.1000000000000005,,,,,,,,,,,,,,,,,,,,,,,,,,,,,,,,,,,,
7041,2019,3,15,7,45,5.800000000000001,14,0,14,5.1000000000000005,,,,,,,,,,,,,,,,,,,,,,,,,,,,,,,,,,,,
7042,2019,3,15,8,0,6.1000000000000005,8,0,8,5.2,,,,,,,,,,,,,,,,,,,,,,,,,,,,,,,,,,,,
7043,2019,3,15,8,15,6.4,9,0,9,5.4,,,,,,,,,,,,,,,,,,,,,,,,,,,,,,,,,,,,
7044,2019,3,15,8,30,6.800000000000001,11,0,11,5.6000000000000005,,,,,,,,,,,,,,,,,,,,,,,,,,,,,,,,,,,,
7045,2019,3,15,8,45,7.1000000000000005,12,0,12,5.800000000000001,,,,,,,,,,,,,,,,,,,,,,,,,,,,,,,,,,,,
7046,2019,3,15,9,0,7.5,14,0,14,6,,,,,,,,,,,,,,,,,,,,,,,,,,,,,,,,,,,,
7047,2019,3,15,9,15,7.7,15,0,15,6.1000000000000005,,,,,,,,,,,,,,,,,,,,,,,,,,,,,,,,,,,,
7048,2019,3,15,9,30,7.9,55,0,55,6.2,,,,,,,,,,,,,,,,,,,,,,,,,,,,,,,,,,,,
7049,2019,3,15,9,45,8.200000000000001,30,0,30,6.2,,,,,,,,,,,,,,,,,,,,,,,,,,,,,,,,,,,,
7050,2019,3,15,10,0,8.4,57,0,57,6.300000000000001,,,,,,,,,,,,,,,,,,,,,,,,,,,,,,,,,,,,
7051,2019,3,15,10,15,8.4,37,0,37,6.300000000000001,,,,,,,,,,,,,,,,,,,,,,,,,,,,,,,,,,,,
7052,2019,3,15,10,30,8.4,23,0,23,6.300000000000001,,,,,,,,,,,,,,,,,,,,,,,,,,,,,,,,,,,,
7053,2019,3,15,10,45,8.4,25,0,25,6.300000000000001,,,,,,,,,,,,,,,,,,,,,,,,,,,,,,,,,,,,
7054,2019,3,15,11,0,8.4,26,0,26,6.300000000000001,,,,,,,,,,,,,,,,,,,,,,,,,,,,,,,,,,,,
7055,2019,3,15,11,15,8.3,27,0,27,6.300000000000001,,,,,,,,,,,,,,,,,,,,,,,,,,,,,,,,,,,,
7056,2019,3,15,11,30,8.1,28,0,28,6.2,,,,,,,,,,,,,,,,,,,,,,,,,,,,,,,,,,,,
7057,2019,3,15,11,45,8,53,0,53,6.2,,,,,,,,,,,,,,,,,,,,,,,,,,,,,,,,,,,,
7058,2019,3,15,12,0,7.9,73,0,73,6.2,,,,,,,,,,,,,,,,,,,,,,,,,,,,,,,,,,,,
7059,2019,3,15,12,15,7.7,91,0,91,6.300000000000001,,,,,,,,,,,,,,,,,,,,,,,,,,,,,,,,,,,,
7060,2019,3,15,12,30,7.5,96,0,96,6.4,,,,,,,,,,,,,,,,,,,,,,,,,,,,,,,,,,,,
7061,2019,3,15,12,45,7.4,72,0,72,6.5,,,,,,,,,,,,,,,,,,,,,,,,,,,,,,,,,,,,
7062,2019,3,15,13,0,7.2,176,4,179,6.6000000000000005,,,,,,,,,,,,,,,,,,,,,,,,,,,,,,,,,,,,
7063,2019,3,15,13,15,7.2,49,0,49,6.7,,,,,,,,,,,,,,,,,,,,,,,,,,,,,,,,,,,,
7064,2019,3,15,13,30,7.300000000000001,81,0,81,6.800000000000001,,,,,,,,,,,,,,,,,,,,,,,,,,,,,,,,,,,,
7065,2019,3,15,13,45,7.300000000000001,90,0,90,7,,,,,,,,,,,,,,,,,,,,,,,,,,,,,,,,,,,,
7066,2019,3,15,14,0,7.300000000000001,76,0,76,7.1000000000000005,,,,,,,,,,,,,,,,,,,,,,,,,,,,,,,,,,,,
7067,2019,3,15,14,15,7.800000000000001,29,0,29,7.2,,,,,,,,,,,,,,,,,,,,,,,,,,,,,,,,,,,,
7068,2019,3,15,14,30,8.3,52,0,52,7.4,,,,,,,,,,,,,,,,,,,,,,,,,,,,,,,,,,,,
7069,2019,3,15,14,45,8.8,137,0,137,7.5,,,,,,,,,,,,,,,,,,,,,,,,,,,,,,,,,,,,
7070,2019,3,15,15,0,9.3,183,50,206,7.6000000000000005,,,,,,,,,,,,,,,,,,,,,,,,,,,,,,,,,,,,
7071,2019,3,15,15,15,9.600000000000001,157,21,166,7.7,,,,,,,,,,,,,,,,,,,,,,,,,,,,,,,,,,,,
7072,2019,3,15,15,30,10,84,0,84,7.800000000000001,,,,,,,,,,,,,,,,,,,,,,,,,,,,,,,,,,,,
7073,2019,3,15,15,45,10.3,20,0,20,7.800000000000001,,,,,,,,,,,,,,,,,,,,,,,,,,,,,,,,,,,,
7074,2019,3,15,16,0,10.700000000000001,14,0,14,7.9,,,,,,,,,,,,,,,,,,,,,,,,,,,,,,,,,,,,
7075,2019,3,15,16,15,10.600000000000001,14,0,14,7.9,,,,,,,,,,,,,,,,,,,,,,,,,,,,,,,,,,,,
7076,2019,3,15,16,30,10.5,12,0,12,8,,,,,,,,,,,,,,,,,,,,,,,,,,,,,,,,,,,,
7077,2019,3,15,16,45,10.4,10,0,10,8,,,,,,,,,,,,,,,,,,,,,,,,,,,,,,,,,,,,
7078,2019,3,15,17,0,10.4,9,0,9,8,,,,,,,,,,,,,,,,,,,,,,,,,,,,,,,,,,,,
7079,2019,3,15,17,15,10.100000000000001,11,0,11,7.9,,,,,,,,,,,,,,,,,,,,,,,,,,,,,,,,,,,,
7080,2019,3,15,17,30,9.9,8,0,8,7.800000000000001,,,,,,,,,,,,,,,,,,,,,,,,,,,,,,,,,,,,
7081,2019,3,15,17,45,9.600000000000001,5,0,5,7.7,,,,,,,,,,,,,,,,,,,,,,,,,,,,,,,,,,,,
7082,2019,3,15,18,0,9.4,3,0,3,7.6000000000000005,,,,,,,,,,,,,,,,,,,,,,,,,,,,,,,,,,,,
7083,2019,3,15,18,15,9.200000000000001,0,0,0,7.6000000000000005,,,,,,,,,,,,,,,,,,,,,,,,,,,,,,,,,,,,
7084,2019,3,15,18,30,9,0,0,0,7.5,,,,,,,,,,,,,,,,,,,,,,,,,,,,,,,,,,,,
7085,2019,3,15,18,45,8.8,0,0,0,7.5,,,,,,,,,,,,,,,,,,,,,,,,,,,,,,,,,,,,
7086,2019,3,15,19,0,8.700000000000001,0,0,0,7.5,,,,,,,,,,,,,,,,,,,,,,,,,,,,,,,,,,,,
7087,2019,3,15,19,15,8.4,0,0,0,7.4,,,,,,,,,,,,,,,,,,,,,,,,,,,,,,,,,,,,
7088,2019,3,15,19,30,8.200000000000001,0,0,0,7.300000000000001,,,,,,,,,,,,,,,,,,,,,,,,,,,,,,,,,,,,
7089,2019,3,15,19,45,8,0,0,0,7.300000000000001,,,,,,,,,,,,,,,,,,,,,,,,,,,,,,,,,,,,
7090,2019,3,15,20,0,7.800000000000001,0,0,0,7.2,,,,,,,,,,,,,,,,,,,,,,,,,,,,,,,,,,,,
7091,2019,3,15,20,15,7.7,0,0,0,7.2,,,,,,,,,,,,,,,,,,,,,,,,,,,,,,,,,,,,
7092,2019,3,15,20,30,7.5,0,0,0,7.2,,,,,,,,,,,,,,,,,,,,,,,,,,,,,,,,,,,,
7093,2019,3,15,20,45,7.4,0,0,0,7.2,,,,,,,,,,,,,,,,,,,,,,,,,,,,,,,,,,,,
7094,2019,3,15,21,0,7.2,0,0,0,7.1000000000000005,,,,,,,,,,,,,,,,,,,,,,,,,,,,,,,,,,,,
7095,2019,3,15,21,15,7.1000000000000005,0,0,0,7.2,,,,,,,,,,,,,,,,,,,,,,,,,,,,,,,,,,,,
7096,2019,3,15,21,30,7,0,0,0,7.2,,,,,,,,,,,,,,,,,,,,,,,,,,,,,,,,,,,,
7097,2019,3,15,21,45,6.9,0,0,0,7.300000000000001,,,,,,,,,,,,,,,,,,,,,,,,,,,,,,,,,,,,
7098,2019,3,15,22,0,6.800000000000001,0,0,0,7.4,,,,,,,,,,,,,,,,,,,,,,,,,,,,,,,,,,,,
7099,2019,3,15,22,15,6.6000000000000005,0,0,0,7.4,,,,,,,,,,,,,,,,,,,,,,,,,,,,,,,,,,,,
7100,2019,3,15,22,30,6.5,0,0,0,7.4,,,,,,,,,,,,,,,,,,,,,,,,,,,,,,,,,,,,
7101,2019,3,15,22,45,6.300000000000001,0,0,0,7.4,,,,,,,,,,,,,,,,,,,,,,,,,,,,,,,,,,,,
7102,2019,3,15,23,0,6.1000000000000005,0,0,0,7.4,,,,,,,,,,,,,,,,,,,,,,,,,,,,,,,,,,,,
7103,2019,3,15,23,15,5.9,0,0,0,7.4,,,,,,,,,,,,,,,,,,,,,,,,,,,,,,,,,,,,
7104,2019,3,15,23,30,5.7,0,0,0,7.300000000000001,,,,,,,,,,,,,,,,,,,,,,,,,,,,,,,,,,,,
7105,2019,3,15,23,45,5.5,0,0,0,7.2,,,,,,,,,,,,,,,,,,,,,,,,,,,,,,,,,,,,
7106,2019,3,16,0,0,5.300000000000001,0,0,0,7.1000000000000005,,,,,,,,,,,,,,,,,,,,,,,,,,,,,,,,,,,,
7107,2019,3,16,0,15,5.300000000000001,0,0,0,7.1000000000000005,,,,,,,,,,,,,,,,,,,,,,,,,,,,,,,,,,,,
7108,2019,3,16,0,30,5.300000000000001,0,0,0,7.1000000000000005,,,,,,,,,,,,,,,,,,,,,,,,,,,,,,,,,,,,
7109,2019,3,16,0,45,5.300000000000001,0,0,0,7.1000000000000005,,,,,,,,,,,,,,,,,,,,,,,,,,,,,,,,,,,,
7110,2019,3,16,1,0,4.7,0,0,0,6.800000000000001,,,,,,,,,,,,,,,,,,,,,,,,,,,,,,,,,,,,
7111,2019,3,16,1,15,4.7,0,0,0,6.7,,,,,,,,,,,,,,,,,,,,,,,,,,,,,,,,,,,,
7112,2019,3,16,1,30,4.7,0,0,0,6.6000000000000005,,,,,,,,,,,,,,,,,,,,,,,,,,,,,,,,,,,,
7113,2019,3,16,1,45,4.7,0,0,0,6.6000000000000005,,,,,,,,,,,,,,,,,,,,,,,,,,,,,,,,,,,,
7114,2019,3,16,2,0,4.6000000000000005,0,0,0,6.5,,,,,,,,,,,,,,,,,,,,,,,,,,,,,,,,,,,,
7115,2019,3,16,2,15,4.6000000000000005,0,0,0,6.4,,,,,,,,,,,,,,,,,,,,,,,,,,,,,,,,,,,,
7116,2019,3,16,2,30,4.6000000000000005,0,0,0,6.300000000000001,,,,,,,,,,,,,,,,,,,,,,,,,,,,,,,,,,,,
7117,2019,3,16,2,45,4.6000000000000005,0,0,0,6.2,,,,,,,,,,,,,,,,,,,,,,,,,,,,,,,,,,,,
7118,2019,3,16,3,0,4.6000000000000005,0,0,0,6.1000000000000005,,,,,,,,,,,,,,,,,,,,,,,,,,,,,,,,,,,,
7119,2019,3,16,3,15,4.6000000000000005,0,0,0,6,,,,,,,,,,,,,,,,,,,,,,,,,,,,,,,,,,,,
7120,2019,3,16,3,30,4.6000000000000005,0,0,0,5.9,,,,,,,,,,,,,,,,,,,,,,,,,,,,,,,,,,,,
7121,2019,3,16,3,45,4.5,0,0,0,5.800000000000001,,,,,,,,,,,,,,,,,,,,,,,,,,,,,,,,,,,,
7122,2019,3,16,4,0,4.5,0,0,0,5.7,,,,,,,,,,,,,,,,,,,,,,,,,,,,,,,,,,,,
7123,2019,3,16,4,15,4.5,0,0,0,5.6000000000000005,,,,,,,,,,,,,,,,,,,,,,,,,,,,,,,,,,,,
7124,2019,3,16,4,30,4.5,0,0,0,5.5,,,,,,,,,,,,,,,,,,,,,,,,,,,,,,,,,,,,
7125,2019,3,16,4,45,4.5,0,0,0,5.4,,,,,,,,,,,,,,,,,,,,,,,,,,,,,,,,,,,,
7126,2019,3,16,5,0,4.4,0,0,0,5.300000000000001,,,,,,,,,,,,,,,,,,,,,,,,,,,,,,,,,,,,
7127,2019,3,16,5,15,4.4,0,0,0,5.2,,,,,,,,,,,,,,,,,,,,,,,,,,,,,,,,,,,,
7128,2019,3,16,5,30,4.4,0,0,0,5.1000000000000005,,,,,,,,,,,,,,,,,,,,,,,,,,,,,,,,,,,,
7129,2019,3,16,5,45,4.4,0,0,0,5.1000000000000005,,,,,,,,,,,,,,,,,,,,,,,,,,,,,,,,,,,,
7130,2019,3,16,6,0,4.4,0,0,0,5,,,,,,,,,,,,,,,,,,,,,,,,,,,,,,,,,,,,
7131,2019,3,16,6,15,4.5,0,0,0,5,,,,,,,,,,,,,,,,,,,,,,,,,,,,,,,,,,,,
7132,2019,3,16,6,30,4.7,0,0,0,4.9,,,,,,,,,,,,,,,,,,,,,,,,,,,,,,,,,,,,
7133,2019,3,16,6,45,4.800000000000001,3,0,3,4.9,,,,,,,,,,,,,,,,,,,,,,,,,,,,,,,,,,,,
7134,2019,3,16,7,0,4.9,5,0,5,4.9,,,,,,,,,,,,,,,,,,,,,,,,,,,,,,,,,,,,
7135,2019,3,16,7,15,5.1000000000000005,6,0,6,4.9,,,,,,,,,,,,,,,,,,,,,,,,,,,,,,,,,,,,
7136,2019,3,16,7,30,5.300000000000001,7,0,7,4.9,,,,,,,,,,,,,,,,,,,,,,,,,,,,,,,,,,,,
7137,2019,3,16,7,45,5.5,8,0,8,4.9,,,,,,,,,,,,,,,,,,,,,,,,,,,,,,,,,,,,
7138,2019,3,16,8,0,5.7,10,0,10,5,,,,,,,,,,,,,,,,,,,,,,,,,,,,,,,,,,,,
7139,2019,3,16,8,15,5.9,11,0,11,5,,,,,,,,,,,,,,,,,,,,,,,,,,,,,,,,,,,,
7140,2019,3,16,8,30,6,13,0,13,5,,,,,,,,,,,,,,,,,,,,,,,,,,,,,,,,,,,,
7141,2019,3,16,8,45,6.2,23,0,23,5,,,,,,,,,,,,,,,,,,,,,,,,,,,,,,,,,,,,
7142,2019,3,16,9,0,6.4,16,0,16,5.1000000000000005,,,,,,,,,,,,,,,,,,,,,,,,,,,,,,,,,,,,
7143,2019,3,16,9,15,6.4,31,0,31,4.9,,,,,,,,,,,,,,,,,,,,,,,,,,,,,,,,,,,,
7144,2019,3,16,9,30,6.4,20,0,20,4.7,,,,,,,,,,,,,,,,,,,,,,,,,,,,,,,,,,,,
7145,2019,3,16,9,45,6.4,39,0,39,4.5,,,,,,,,,,,,,,,,,,,,,,,,,,,,,,,,,,,,
7146,2019,3,16,10,0,6.4,38,0,38,4.3,,,,,,,,,,,,,,,,,,,,,,,,,,,,,,,,,,,,
7147,2019,3,16,10,15,6.5,44,0,44,4.2,,,,,,,,,,,,,,,,,,,,,,,,,,,,,,,,,,,,
7148,2019,3,16,10,30,6.6000000000000005,46,0,46,4.1000000000000005,,,,,,,,,,,,,,,,,,,,,,,,,,,,,,,,,,,,
7149,2019,3,16,10,45,6.7,48,0,48,4,,,,,,,,,,,,,,,,,,,,,,,,,,,,,,,,,,,,
7150,2019,3,16,11,0,6.800000000000001,33,0,33,3.8000000000000003,,,,,,,,,,,,,,,,,,,,,,,,,,,,,,,,,,,,
7151,2019,3,16,11,15,7,28,0,28,3.9000000000000004,,,,,,,,,,,,,,,,,,,,,,,,,,,,,,,,,,,,
7152,2019,3,16,11,30,7.1000000000000005,29,0,29,3.9000000000000004,,,,,,,,,,,,,,,,,,,,,,,,,,,,,,,,,,,,
7153,2019,3,16,11,45,7.2,51,0,51,4,,,,,,,,,,,,,,,,,,,,,,,,,,,,,,,,,,,,
7154,2019,3,16,12,0,7.4,52,0,52,4,,,,,,,,,,,,,,,,,,,,,,,,,,,,,,,,,,,,
7155,2019,3,16,12,15,7.5,52,0,52,4.1000000000000005,,,,,,,,,,,,,,,,,,,,,,,,,,,,,,,,,,,,
7156,2019,3,16,12,30,7.7,53,0,53,4.2,,,,,,,,,,,,,,,,,,,,,,,,,,,,,,,,,,,,
7157,2019,3,16,12,45,7.9,53,0,53,4.3,,,,,,,,,,,,,,,,,,,,,,,,,,,,,,,,,,,,
7158,2019,3,16,13,0,8.1,52,0,52,4.4,,,,,,,,,,,,,,,,,,,,,,,,,,,,,,,,,,,,
7159,2019,3,16,13,15,8.4,49,0,49,4.5,,,,,,,,,,,,,,,,,,,,,,,,,,,,,,,,,,,,
7160,2019,3,16,13,30,8.700000000000001,47,0,47,4.6000000000000005,,,,,,,,,,,,,,,,,,,,,,,,,,,,,,,,,,,,
7161,2019,3,16,13,45,8.9,72,0,72,4.7,,,,,,,,,,,,,,,,,,,,,,,,,,,,,,,,,,,,
7162,2019,3,16,14,0,9.200000000000001,44,0,44,4.9,,,,,,,,,,,,,,,,,,,,,,,,,,,,,,,,,,,,
7163,2019,3,16,14,15,9.3,78,0,78,5,,,,,,,,,,,,,,,,,,,,,,,,,,,,,,,,,,,,
7164,2019,3,16,14,30,9.5,39,0,39,5.2,,,,,,,,,,,,,,,,,,,,,,,,,,,,,,,,,,,,
7165,2019,3,16,14,45,9.600000000000001,37,0,37,5.4,,,,,,,,,,,,,,,,,,,,,,,,,,,,,,,,,,,,
7166,2019,3,16,15,0,9.700000000000001,34,0,34,5.6000000000000005,,,,,,,,,,,,,,,,,,,,,,,,,,,,,,,,,,,,
7167,2019,3,16,15,15,9.700000000000001,32,0,32,5.6000000000000005,,,,,,,,,,,,,,,,,,,,,,,,,,,,,,,,,,,,
7168,2019,3,16,15,30,9.700000000000001,29,0,29,5.7,,,,,,,,,,,,,,,,,,,,,,,,,,,,,,,,,,,,
7169,2019,3,16,15,45,9.600000000000001,33,0,33,5.800000000000001,,,,,,,,,,,,,,,,,,,,,,,,,,,,,,,,,,,,
7170,2019,3,16,16,0,9.600000000000001,132,45,147,5.9,,,,,,,,,,,,,,,,,,,,,,,,,,,,,,,,,,,,
7171,2019,3,16,16,15,9.5,20,0,20,5.800000000000001,,,,,,,,,,,,,,,,,,,,,,,,,,,,,,,,,,,,
7172,2019,3,16,16,30,9.4,39,0,39,5.7,,,,,,,,,,,,,,,,,,,,,,,,,,,,,,,,,,,,
7173,2019,3,16,16,45,9.3,33,0,33,5.7,,,,,,,,,,,,,,,,,,,,,,,,,,,,,,,,,,,,
7174,2019,3,16,17,0,9.200000000000001,27,0,27,5.6000000000000005,,,,,,,,,,,,,,,,,,,,,,,,,,,,,,,,,,,,
7175,2019,3,16,17,15,9.1,21,0,21,5.6000000000000005,,,,,,,,,,,,,,,,,,,,,,,,,,,,,,,,,,,,
7176,2019,3,16,17,30,9,16,0,16,5.6000000000000005,,,,,,,,,,,,,,,,,,,,,,,,,,,,,,,,,,,,
7177,2019,3,16,17,45,9,12,0,12,5.6000000000000005,,,,,,,,,,,,,,,,,,,,,,,,,,,,,,,,,,,,
7178,2019,3,16,18,0,8.9,7,0,7,5.6000000000000005,,,,,,,,,,,,,,,,,,,,,,,,,,,,,,,,,,,,
7179,2019,3,16,18,15,8.8,0,0,0,5.6000000000000005,,,,,,,,,,,,,,,,,,,,,,,,,,,,,,,,,,,,
7180,2019,3,16,18,30,8.8,0,0,0,5.7,,,,,,,,,,,,,,,,,,,,,,,,,,,,,,,,,,,,
7181,2019,3,16,18,45,8.8,0,0,0,5.7,,,,,,,,,,,,,,,,,,,,,,,,,,,,,,,,,,,,
7182,2019,3,16,19,0,8.700000000000001,0,0,0,5.7,,,,,,,,,,,,,,,,,,,,,,,,,,,,,,,,,,,,
7183,2019,3,16,19,15,8.6,0,0,0,5.7,,,,,,,,,,,,,,,,,,,,,,,,,,,,,,,,,,,,
7184,2019,3,16,19,30,8.6,0,0,0,5.7,,,,,,,,,,,,,,,,,,,,,,,,,,,,,,,,,,,,
7185,2019,3,16,19,45,8.5,0,0,0,5.7,,,,,,,,,,,,,,,,,,,,,,,,,,,,,,,,,,,,
7186,2019,3,16,20,0,8.4,0,0,0,5.7,,,,,,,,,,,,,,,,,,,,,,,,,,,,,,,,,,,,
7187,2019,3,16,20,15,8.3,0,0,0,5.7,,,,,,,,,,,,,,,,,,,,,,,,,,,,,,,,,,,,
7188,2019,3,16,20,30,8.1,0,0,0,5.6000000000000005,,,,,,,,,,,,,,,,,,,,,,,,,,,,,,,,,,,,
7189,2019,3,16,20,45,8,0,0,0,5.6000000000000005,,,,,,,,,,,,,,,,,,,,,,,,,,,,,,,,,,,,
7190,2019,3,16,21,0,7.9,0,0,0,5.5,,,,,,,,,,,,,,,,,,,,,,,,,,,,,,,,,,,,
7191,2019,3,16,21,15,7.7,0,0,0,5.5,,,,,,,,,,,,,,,,,,,,,,,,,,,,,,,,,,,,
7192,2019,3,16,21,30,7.6000000000000005,0,0,0,5.4,,,,,,,,,,,,,,,,,,,,,,,,,,,,,,,,,,,,
7193,2019,3,16,21,45,7.4,0,0,0,5.300000000000001,,,,,,,,,,,,,,,,,,,,,,,,,,,,,,,,,,,,
7194,2019,3,16,22,0,7.300000000000001,0,0,0,5.2,,,,,,,,,,,,,,,,,,,,,,,,,,,,,,,,,,,,
7195,2019,3,16,22,15,7.1000000000000005,0,0,0,5.1000000000000005,,,,,,,,,,,,,,,,,,,,,,,,,,,,,,,,,,,,
7196,2019,3,16,22,30,7,0,0,0,5,,,,,,,,,,,,,,,,,,,,,,,,,,,,,,,,,,,,
7197,2019,3,16,22,45,6.800000000000001,0,0,0,4.9,,,,,,,,,,,,,,,,,,,,,,,,,,,,,,,,,,,,
7198,2019,3,16,23,0,6.7,0,0,0,4.800000000000001,,,,,,,,,,,,,,,,,,,,,,,,,,,,,,,,,,,,
7199,2019,3,16,23,15,6.5,0,0,0,4.6000000000000005,,,,,,,,,,,,,,,,,,,,,,,,,,,,,,,,,,,,
7200,2019,3,16,23,30,6.300000000000001,0,0,0,4.4,,,,,,,,,,,,,,,,,,,,,,,,,,,,,,,,,,,,
7201,2019,3,16,23,45,6.1000000000000005,0,0,0,4.3,,,,,,,,,,,,,,,,,,,,,,,,,,,,,,,,,,,,
7202,2019,3,17,0,0,5.9,0,0,0,4.1000000000000005,,,,,,,,,,,,,,,,,,,,,,,,,,,,,,,,,,,,
7203,2019,3,17,0,15,5.9,0,0,0,4.1000000000000005,,,,,,,,,,,,,,,,,,,,,,,,,,,,,,,,,,,,
7204,2019,3,17,0,30,5.9,0,0,0,4.1000000000000005,,,,,,,,,,,,,,,,,,,,,,,,,,,,,,,,,,,,
7205,2019,3,17,0,45,5.9,0,0,0,4.1000000000000005,,,,,,,,,,,,,,,,,,,,,,,,,,,,,,,,,,,,
7206,2019,3,17,1,0,5.300000000000001,0,0,0,3.8000000000000003,,,,,,,,,,,,,,,,,,,,,,,,,,,,,,,,,,,,
7207,2019,3,17,1,15,5.300000000000001,0,0,0,3.8000000000000003,,,,,,,,,,,,,,,,,,,,,,,,,,,,,,,,,,,,
7208,2019,3,17,1,30,5.2,0,0,0,3.9000000000000004,,,,,,,,,,,,,,,,,,,,,,,,,,,,,,,,,,,,
7209,2019,3,17,1,45,5.2,0,0,0,3.9000000000000004,,,,,,,,,,,,,,,,,,,,,,,,,,,,,,,,,,,,
7210,2019,3,17,2,0,5.1000000000000005,0,0,0,4,,,,,,,,,,,,,,,,,,,,,,,,,,,,,,,,,,,,
7211,2019,3,17,2,15,5.1000000000000005,0,0,0,4,,,,,,,,,,,,,,,,,,,,,,,,,,,,,,,,,,,,
7212,2019,3,17,2,30,5,0,0,0,4,,,,,,,,,,,,,,,,,,,,,,,,,,,,,,,,,,,,
7213,2019,3,17,2,45,5,0,0,0,4.1000000000000005,,,,,,,,,,,,,,,,,,,,,,,,,,,,,,,,,,,,
7214,2019,3,17,3,0,5,0,0,0,4.1000000000000005,,,,,,,,,,,,,,,,,,,,,,,,,,,,,,,,,,,,
7215,2019,3,17,3,15,5,0,0,0,4.1000000000000005,,,,,,,,,,,,,,,,,,,,,,,,,,,,,,,,,,,,
7216,2019,3,17,3,30,5,0,0,0,4.2,,,,,,,,,,,,,,,,,,,,,,,,,,,,,,,,,,,,
7217,2019,3,17,3,45,5,0,0,0,4.2,,,,,,,,,,,,,,,,,,,,,,,,,,,,,,,,,,,,
7218,2019,3,17,4,0,5,0,0,0,4.2,,,,,,,,,,,,,,,,,,,,,,,,,,,,,,,,,,,,
7219,2019,3,17,4,15,5,0,0,0,4.2,,,,,,,,,,,,,,,,,,,,,,,,,,,,,,,,,,,,
7220,2019,3,17,4,30,5,0,0,0,4.2,,,,,,,,,,,,,,,,,,,,,,,,,,,,,,,,,,,,
7221,2019,3,17,4,45,4.9,0,0,0,4.2,,,,,,,,,,,,,,,,,,,,,,,,,,,,,,,,,,,,
7222,2019,3,17,5,0,4.9,0,0,0,4.2,,,,,,,,,,,,,,,,,,,,,,,,,,,,,,,,,,,,
7223,2019,3,17,5,15,4.9,0,0,0,4.3,,,,,,,,,,,,,,,,,,,,,,,,,,,,,,,,,,,,
7224,2019,3,17,5,30,4.9,0,0,0,4.3,,,,,,,,,,,,,,,,,,,,,,,,,,,,,,,,,,,,
7225,2019,3,17,5,45,4.9,0,0,0,4.3,,,,,,,,,,,,,,,,,,,,,,,,,,,,,,,,,,,,
7226,2019,3,17,6,0,4.800000000000001,0,0,0,4.4,,,,,,,,,,,,,,,,,,,,,,,,,,,,,,,,,,,,
7227,2019,3,17,6,15,5.1000000000000005,0,0,0,4.5,,,,,,,,,,,,,,,,,,,,,,,,,,,,,,,,,,,,
7228,2019,3,17,6,30,5.4,0,0,0,4.7,,,,,,,,,,,,,,,,,,,,,,,,,,,,,,,,,,,,
7229,2019,3,17,6,45,5.7,4,0,4,4.800000000000001,,,,,,,,,,,,,,,,,,,,,,,,,,,,,,,,,,,,
7230,2019,3,17,7,0,6,6,0,6,5,,,,,,,,,,,,,,,,,,,,,,,,,,,,,,,,,,,,
7231,2019,3,17,7,15,6.5,7,0,7,5.2,,,,,,,,,,,,,,,,,,,,,,,,,,,,,,,,,,,,
7232,2019,3,17,7,30,7,9,0,9,5.4,,,,,,,,,,,,,,,,,,,,,,,,,,,,,,,,,,,,
7233,2019,3,17,7,45,7.5,11,0,11,5.7,,,,,,,,,,,,,,,,,,,,,,,,,,,,,,,,,,,,
7234,2019,3,17,8,0,8,71,508,192,5.9,,,,,,,,,,,,,,,,,,,,,,,,,,,,,,,,,,,,
7235,2019,3,17,8,15,8.6,17,0,17,6.300000000000001,,,,,,,,,,,,,,,,,,,,,,,,,,,,,,,,,,,,
7236,2019,3,17,8,30,9.1,20,0,20,6.7,,,,,,,,,,,,,,,,,,,,,,,,,,,,,,,,,,,,
7237,2019,3,17,8,45,9.600000000000001,23,0,23,7.1000000000000005,,,,,,,,,,,,,,,,,,,,,,,,,,,,,,,,,,,,
7238,2019,3,17,9,0,10.200000000000001,26,0,26,7.5,,,,,,,,,,,,,,,,,,,,,,,,,,,,,,,,,,,,
7239,2019,3,17,9,15,10.4,29,0,29,7.6000000000000005,,,,,,,,,,,,,,,,,,,,,,,,,,,,,,,,,,,,
7240,2019,3,17,9,30,10.600000000000001,33,0,33,7.800000000000001,,,,,,,,,,,,,,,,,,,,,,,,,,,,,,,,,,,,
7241,2019,3,17,9,45,10.8,36,0,36,7.9,,,,,,,,,,,,,,,,,,,,,,,,,,,,,,,,,,,,
7242,2019,3,17,10,0,11.100000000000001,38,0,38,8,,,,,,,,,,,,,,,,,,,,,,,,,,,,,,,,,,,,
7243,2019,3,17,10,15,11.100000000000001,42,0,42,8,,,,,,,,,,,,,,,,,,,,,,,,,,,,,,,,,,,,
7244,2019,3,17,10,30,11.200000000000001,44,0,44,8.1,,,,,,,,,,,,,,,,,,,,,,,,,,,,,,,,,,,,
7245,2019,3,17,10,45,11.3,46,0,46,8.1,,,,,,,,,,,,,,,,,,,,,,,,,,,,,,,,,,,,
7246,2019,3,17,11,0,11.3,47,0,47,8.1,,,,,,,,,,,,,,,,,,,,,,,,,,,,,,,,,,,,
7247,2019,3,17,11,15,11.3,48,0,48,8,,,,,,,,,,,,,,,,,,,,,,,,,,,,,,,,,,,,
7248,2019,3,17,11,30,11.200000000000001,50,0,50,7.9,,,,,,,,,,,,,,,,,,,,,,,,,,,,,,,,,,,,
7249,2019,3,17,11,45,11.100000000000001,51,0,51,7.800000000000001,,,,,,,,,,,,,,,,,,,,,,,,,,,,,,,,,,,,
7250,2019,3,17,12,0,11,98,0,98,7.7,,,,,,,,,,,,,,,,,,,,,,,,,,,,,,,,,,,,
7251,2019,3,17,12,15,10.9,52,0,52,7.5,,,,,,,,,,,,,,,,,,,,,,,,,,,,,,,,,,,,
7252,2019,3,17,12,30,10.8,53,0,53,7.4,,,,,,,,,,,,,,,,,,,,,,,,,,,,,,,,,,,,
7253,2019,3,17,12,45,10.700000000000001,43,0,43,7.2,,,,,,,,,,,,,,,,,,,,,,,,,,,,,,,,,,,,
7254,2019,3,17,13,0,10.600000000000001,52,0,52,7.1000000000000005,,,,,,,,,,,,,,,,,,,,,,,,,,,,,,,,,,,,
7255,2019,3,17,13,15,10.4,67,0,67,6.9,,,,,,,,,,,,,,,,,,,,,,,,,,,,,,,,,,,,
7256,2019,3,17,13,30,10.200000000000001,92,0,92,6.800000000000001,,,,,,,,,,,,,,,,,,,,,,,,,,,,,,,,,,,,
7257,2019,3,17,13,45,10,110,0,110,6.7,,,,,,,,,,,,,,,,,,,,,,,,,,,,,,,,,,,,
7258,2019,3,17,14,0,9.8,52,0,52,6.5,,,,,,,,,,,,,,,,,,,,,,,,,,,,,,,,,,,,
7259,2019,3,17,14,15,9.600000000000001,83,0,83,6.300000000000001,,,,,,,,,,,,,,,,,,,,,,,,,,,,,,,,,,,,
7260,2019,3,17,14,30,9.4,34,0,34,6.2,,,,,,,,,,,,,,,,,,,,,,,,,,,,,,,,,,,,
7261,2019,3,17,14,45,9.1,27,0,27,6,,,,,,,,,,,,,,,,,,,,,,,,,,,,,,,,,,,,
7262,2019,3,17,15,0,8.9,23,0,23,5.800000000000001,,,,,,,,,,,,,,,,,,,,,,,,,,,,,,,,,,,,
7263,2019,3,17,15,15,8.700000000000001,18,0,18,5.6000000000000005,,,,,,,,,,,,,,,,,,,,,,,,,,,,,,,,,,,,
7264,2019,3,17,15,30,8.5,166,66,193,5.4,,,,,,,,,,,,,,,,,,,,,,,,,,,,,,,,,,,,
7265,2019,3,17,15,45,8.3,26,0,26,5.2,,,,,,,,,,,,,,,,,,,,,,,,,,,,,,,,,,,,
7266,2019,3,17,16,0,8.1,111,0,111,4.9,,,,,,,,,,,,,,,,,,,,,,,,,,,,,,,,,,,,
7267,2019,3,17,16,15,7.9,62,0,62,4.7,,,,,,,,,,,,,,,,,,,,,,,,,,,,,,,,,,,,
7268,2019,3,17,16,30,7.6000000000000005,14,0,14,4.5,,,,,,,,,,,,,,,,,,,,,,,,,,,,,,,,,,,,
7269,2019,3,17,16,45,7.300000000000001,12,0,12,4.3,,,,,,,,,,,,,,,,,,,,,,,,,,,,,,,,,,,,
7270,2019,3,17,17,0,7.1000000000000005,10,0,10,4.1000000000000005,,,,,,,,,,,,,,,,,,,,,,,,,,,,,,,,,,,,
7271,2019,3,17,17,15,6.800000000000001,9,0,9,4,,,,,,,,,,,,,,,,,,,,,,,,,,,,,,,,,,,,
7272,2019,3,17,17,30,6.5,6,0,6,4,,,,,,,,,,,,,,,,,,,,,,,,,,,,,,,,,,,,
7273,2019,3,17,17,45,6.300000000000001,4,0,4,3.9000000000000004,,,,,,,,,,,,,,,,,,,,,,,,,,,,,,,,,,,,
7274,2019,3,17,18,0,6,3,0,3,3.8000000000000003,,,,,,,,,,,,,,,,,,,,,,,,,,,,,,,,,,,,
7275,2019,3,17,18,15,5.800000000000001,0,0,0,3.7,,,,,,,,,,,,,,,,,,,,,,,,,,,,,,,,,,,,
7276,2019,3,17,18,30,5.6000000000000005,0,0,0,3.6,,,,,,,,,,,,,,,,,,,,,,,,,,,,,,,,,,,,
7277,2019,3,17,18,45,5.300000000000001,0,0,0,3.5,,,,,,,,,,,,,,,,,,,,,,,,,,,,,,,,,,,,
7278,2019,3,17,19,0,5.1000000000000005,0,0,0,3.4000000000000004,,,,,,,,,,,,,,,,,,,,,,,,,,,,,,,,,,,,
7279,2019,3,17,19,15,5,0,0,0,3.4000000000000004,,,,,,,,,,,,,,,,,,,,,,,,,,,,,,,,,,,,
7280,2019,3,17,19,30,4.800000000000001,0,0,0,3.4000000000000004,,,,,,,,,,,,,,,,,,,,,,,,,,,,,,,,,,,,
7281,2019,3,17,19,45,4.7,0,0,0,3.4000000000000004,,,,,,,,,,,,,,,,,,,,,,,,,,,,,,,,,,,,
7282,2019,3,17,20,0,4.5,0,0,0,3.4000000000000004,,,,,,,,,,,,,,,,,,,,,,,,,,,,,,,,,,,,
7283,2019,3,17,20,15,4.4,0,0,0,3.5,,,,,,,,,,,,,,,,,,,,,,,,,,,,,,,,,,,,
7284,2019,3,17,20,30,4.3,0,0,0,3.6,,,,,,,,,,,,,,,,,,,,,,,,,,,,,,,,,,,,
7285,2019,3,17,20,45,4.2,0,0,0,3.7,,,,,,,,,,,,,,,,,,,,,,,,,,,,,,,,,,,,
7286,2019,3,17,21,0,4.1000000000000005,0,0,0,3.8000000000000003,,,,,,,,,,,,,,,,,,,,,,,,,,,,,,,,,,,,
7287,2019,3,17,21,15,3.9000000000000004,0,0,0,3.8000000000000003,,,,,,,,,,,,,,,,,,,,,,,,,,,,,,,,,,,,
7288,2019,3,17,21,30,3.8000000000000003,0,0,0,3.8000000000000003,,,,,,,,,,,,,,,,,,,,,,,,,,,,,,,,,,,,
7289,2019,3,17,21,45,3.7,0,0,0,3.8000000000000003,,,,,,,,,,,,,,,,,,,,,,,,,,,,,,,,,,,,
7290,2019,3,17,22,0,3.5,0,0,0,3.9000000000000004,,,,,,,,,,,,,,,,,,,,,,,,,,,,,,,,,,,,
7291,2019,3,17,22,15,3.4000000000000004,0,0,0,3.9000000000000004,,,,,,,,,,,,,,,,,,,,,,,,,,,,,,,,,,,,
7292,2019,3,17,22,30,3.3000000000000003,0,0,0,3.9000000000000004,,,,,,,,,,,,,,,,,,,,,,,,,,,,,,,,,,,,
7293,2019,3,17,22,45,3.1,0,0,0,4,,,,,,,,,,,,,,,,,,,,,,,,,,,,,,,,,,,,
7294,2019,3,17,23,0,3,0,0,0,4,,,,,,,,,,,,,,,,,,,,,,,,,,,,,,,,,,,,
7295,2019,3,17,23,15,2.9000000000000004,0,0,0,4,,,,,,,,,,,,,,,,,,,,,,,,,,,,,,,,,,,,
7296,2019,3,17,23,30,2.8000000000000003,0,0,0,4.1000000000000005,,,,,,,,,,,,,,,,,,,,,,,,,,,,,,,,,,,,
7297,2019,3,17,23,45,2.6,0,0,0,4.1000000000000005,,,,,,,,,,,,,,,,,,,,,,,,,,,,,,,,,,,,
7298,2019,3,18,0,0,2.5,0,0,0,4.1000000000000005,,,,,,,,,,,,,,,,,,,,,,,,,,,,,,,,,,,,
7299,2019,3,18,0,15,2.5,0,0,0,4.1000000000000005,,,,,,,,,,,,,,,,,,,,,,,,,,,,,,,,,,,,
7300,2019,3,18,0,30,2.5,0,0,0,4.1000000000000005,,,,,,,,,,,,,,,,,,,,,,,,,,,,,,,,,,,,
7301,2019,3,18,0,45,2.5,0,0,0,4.1000000000000005,,,,,,,,,,,,,,,,,,,,,,,,,,,,,,,,,,,,
7302,2019,3,18,1,0,2,0,0,0,4.3,,,,,,,,,,,,,,,,,,,,,,,,,,,,,,,,,,,,
7303,2019,3,18,1,15,1.9000000000000001,0,0,0,4.3,,,,,,,,,,,,,,,,,,,,,,,,,,,,,,,,,,,,
7304,2019,3,18,1,30,1.8,0,0,0,4.3,,,,,,,,,,,,,,,,,,,,,,,,,,,,,,,,,,,,
7305,2019,3,18,1,45,1.6,0,0,0,4.4,,,,,,,,,,,,,,,,,,,,,,,,,,,,,,,,,,,,
7306,2019,3,18,2,0,1.5,0,0,0,4.4,,,,,,,,,,,,,,,,,,,,,,,,,,,,,,,,,,,,
7307,2019,3,18,2,15,1.3,0,0,0,4.5,,,,,,,,,,,,,,,,,,,,,,,,,,,,,,,,,,,,
7308,2019,3,18,2,30,1.2000000000000002,0,0,0,4.5,,,,,,,,,,,,,,,,,,,,,,,,,,,,,,,,,,,,
7309,2019,3,18,2,45,1.1,0,0,0,4.6000000000000005,,,,,,,,,,,,,,,,,,,,,,,,,,,,,,,,,,,,
7310,2019,3,18,3,0,1,0,0,0,4.7,,,,,,,,,,,,,,,,,,,,,,,,,,,,,,,,,,,,
7311,2019,3,18,3,15,0.9,0,0,0,4.7,,,,,,,,,,,,,,,,,,,,,,,,,,,,,,,,,,,,
7312,2019,3,18,3,30,0.8,0,0,0,4.800000000000001,,,,,,,,,,,,,,,,,,,,,,,,,,,,,,,,,,,,
7313,2019,3,18,3,45,0.7000000000000001,0,0,0,4.9,,,,,,,,,,,,,,,,,,,,,,,,,,,,,,,,,,,,
7314,2019,3,18,4,0,0.6000000000000001,0,0,0,4.9,,,,,,,,,,,,,,,,,,,,,,,,,,,,,,,,,,,,
7315,2019,3,18,4,15,0.6000000000000001,0,0,0,5,,,,,,,,,,,,,,,,,,,,,,,,,,,,,,,,,,,,
7316,2019,3,18,4,30,0.5,0,0,0,5,,,,,,,,,,,,,,,,,,,,,,,,,,,,,,,,,,,,
7317,2019,3,18,4,45,0.5,0,0,0,5.1000000000000005,,,,,,,,,,,,,,,,,,,,,,,,,,,,,,,,,,,,
7318,2019,3,18,5,0,0.5,0,0,0,5.2,,,,,,,,,,,,,,,,,,,,,,,,,,,,,,,,,,,,
7319,2019,3,18,5,15,0.6000000000000001,0,0,0,5.2,,,,,,,,,,,,,,,,,,,,,,,,,,,,,,,,,,,,
7320,2019,3,18,5,30,0.6000000000000001,0,0,0,5.2,,,,,,,,,,,,,,,,,,,,,,,,,,,,,,,,,,,,
7321,2019,3,18,5,45,0.7000000000000001,0,0,0,5.2,,,,,,,,,,,,,,,,,,,,,,,,,,,,,,,,,,,,
7322,2019,3,18,6,0,0.8,0,0,0,5.2,,,,,,,,,,,,,,,,,,,,,,,,,,,,,,,,,,,,
7323,2019,3,18,6,15,1.1,0,0,0,5.300000000000001,,,,,,,,,,,,,,,,,,,,,,,,,,,,,,,,,,,,
7324,2019,3,18,6,30,1.4000000000000001,0,0,0,5.4,,,,,,,,,,,,,,,,,,,,,,,,,,,,,,,,,,,,
7325,2019,3,18,6,45,1.7000000000000002,22,108,28,5.6000000000000005,,,,,,,,,,,,,,,,,,,,,,,,,,,,,,,,,,,,
7326,2019,3,18,7,0,2,5,0,5,5.7,,,,,,,,,,,,,,,,,,,,,,,,,,,,,,,,,,,,
7327,2019,3,18,7,15,2.5,7,0,7,5.9,,,,,,,,,,,,,,,,,,,,,,,,,,,,,,,,,,,,
7328,2019,3,18,7,30,2.9000000000000004,9,0,9,6.1000000000000005,,,,,,,,,,,,,,,,,,,,,,,,,,,,,,,,,,,,
7329,2019,3,18,7,45,3.3000000000000003,11,0,11,6.300000000000001,,,,,,,,,,,,,,,,,,,,,,,,,,,,,,,,,,,,
7330,2019,3,18,8,0,3.7,14,0,14,6.5,,,,,,,,,,,,,,,,,,,,,,,,,,,,,,,,,,,,
7331,2019,3,18,8,15,4.1000000000000005,17,0,17,6.7,,,,,,,,,,,,,,,,,,,,,,,,,,,,,,,,,,,,
7332,2019,3,18,8,30,4.5,21,0,21,6.800000000000001,,,,,,,,,,,,,,,,,,,,,,,,,,,,,,,,,,,,
7333,2019,3,18,8,45,4.9,24,0,24,7,,,,,,,,,,,,,,,,,,,,,,,,,,,,,,,,,,,,
7334,2019,3,18,9,0,5.300000000000001,27,0,27,7.2,,,,,,,,,,,,,,,,,,,,,,,,,,,,,,,,,,,,
7335,2019,3,18,9,15,5.6000000000000005,31,0,31,7.2,,,,,,,,,,,,,,,,,,,,,,,,,,,,,,,,,,,,
7336,2019,3,18,9,30,5.9,34,0,34,7.300000000000001,,,,,,,,,,,,,,,,,,,,,,,,,,,,,,,,,,,,
7337,2019,3,18,9,45,6.2,198,84,237,7.300000000000001,,,,,,,,,,,,,,,,,,,,,,,,,,,,,,,,,,,,
7338,2019,3,18,10,0,6.5,212,91,256,7.4,,,,,,,,,,,,,,,,,,,,,,,,,,,,,,,,,,,,
7339,2019,3,18,10,15,6.7,43,0,43,7.4,,,,,,,,,,,,,,,,,,,,,,,,,,,,,,,,,,,,
7340,2019,3,18,10,30,6.800000000000001,203,25,216,7.300000000000001,,,,,,,,,,,,,,,,,,,,,,,,,,,,,,,,,,,,
7341,2019,3,18,10,45,7,242,244,376,7.300000000000001,,,,,,,,,,,,,,,,,,,,,,,,,,,,,,,,,,,,
7342,2019,3,18,11,0,7.1000000000000005,252,233,384,7.300000000000001,,,,,,,,,,,,,,,,,,,,,,,,,,,,,,,,,,,,
7343,2019,3,18,11,15,7.1000000000000005,172,3,174,7.300000000000001,,,,,,,,,,,,,,,,,,,,,,,,,,,,,,,,,,,,
7344,2019,3,18,11,30,7.1000000000000005,257,68,297,7.300000000000001,,,,,,,,,,,,,,,,,,,,,,,,,,,,,,,,,,,,
7345,2019,3,18,11,45,7.2,199,10,205,7.300000000000001,,,,,,,,,,,,,,,,,,,,,,,,,,,,,,,,,,,,
7346,2019,3,18,12,0,7.2,279,165,378,7.2,,,,,,,,,,,,,,,,,,,,,,,,,,,,,,,,,,,,
7347,2019,3,18,12,15,7.2,273,246,422,7.2,,,,,,,,,,,,,,,,,,,,,,,,,,,,,,,,,,,,
7348,2019,3,18,12,30,7.300000000000001,269,270,433,7.2,,,,,,,,,,,,,,,,,,,,,,,,,,,,,,,,,,,,
7349,2019,3,18,12,45,7.300000000000001,251,352,463,7.2,,,,,,,,,,,,,,,,,,,,,,,,,,,,,,,,,,,,
7350,2019,3,18,13,0,7.4,112,850,620,7.300000000000001,,,,,,,,,,,,,,,,,,,,,,,,,,,,,,,,,,,,
7351,2019,3,18,13,15,7.4,253,308,435,7.300000000000001,,,,,,,,,,,,,,,,,,,,,,,,,,,,,,,,,,,,
7352,2019,3,18,13,30,7.4,110,841,597,7.2,,,,,,,,,,,,,,,,,,,,,,,,,,,,,,,,,,,,
7353,2019,3,18,13,45,7.4,220,29,237,7.2,,,,,,,,,,,,,,,,,,,,,,,,,,,,,,,,,,,,
7354,2019,3,18,14,0,7.4,249,172,343,7.2,,,,,,,,,,,,,,,,,,,,,,,,,,,,,,,,,,,,
7355,2019,3,18,14,15,7.4,231,248,363,7.2,,,,,,,,,,,,,,,,,,,,,,,,,,,,,,,,,,,,
7356,2019,3,18,14,30,7.300000000000001,222,236,342,7.1000000000000005,,,,,,,,,,,,,,,,,,,,,,,,,,,,,,,,,,,,
7357,2019,3,18,14,45,7.2,201,293,345,7,,,,,,,,,,,,,,,,,,,,,,,,,,,,,,,,,,,,
7358,2019,3,18,15,0,7.1000000000000005,96,784,461,6.9,,,,,,,,,,,,,,,,,,,,,,,,,,,,,,,,,,,,
7359,2019,3,18,15,15,7,172,38,189,6.7,,,,,,,,,,,,,,,,,,,,,,,,,,,,,,,,,,,,
7360,2019,3,18,15,30,6.9,90,744,395,6.4,,,,,,,,,,,,,,,,,,,,,,,,,,,,,,,,,,,,
7361,2019,3,18,15,45,6.7,152,227,239,6.2,,,,,,,,,,,,,,,,,,,,,,,,,,,,,,,,,,,,
7362,2019,3,18,16,0,6.6000000000000005,23,0,23,5.9,,,,,,,,,,,,,,,,,,,,,,,,,,,,,,,,,,,,
7363,2019,3,18,16,15,6.300000000000001,25,0,25,5.6000000000000005,,,,,,,,,,,,,,,,,,,,,,,,,,,,,,,,,,,,
7364,2019,3,18,16,30,6.1000000000000005,110,95,136,5.300000000000001,,,,,,,,,,,,,,,,,,,,,,,,,,,,,,,,,,,,
7365,2019,3,18,16,45,5.800000000000001,93,75,111,5,,,,,,,,,,,,,,,,,,,,,,,,,,,,,,,,,,,,
7366,2019,3,18,17,0,5.6000000000000005,76,54,87,4.7,,,,,,,,,,,,,,,,,,,,,,,,,,,,,,,,,,,,
7367,2019,3,18,17,15,5.300000000000001,60,33,65,4.6000000000000005,,,,,,,,,,,,,,,,,,,,,,,,,,,,,,,,,,,,
7368,2019,3,18,17,30,4.9,44,359,91,4.5,,,,,,,,,,,,,,,,,,,,,,,,,,,,,,,,,,,,
7369,2019,3,18,17,45,4.6000000000000005,35,241,57,4.3,,,,,,,,,,,,,,,,,,,,,,,,,,,,,,,,,,,,
7370,2019,3,18,18,0,4.3,23,126,29,4.2,,,,,,,,,,,,,,,,,,,,,,,,,,,,,,,,,,,,
7371,2019,3,18,18,15,4.2,0,0,0,4.2,,,,,,,,,,,,,,,,,,,,,,,,,,,,,,,,,,,,
7372,2019,3,18,18,30,4,0,0,0,4.2,,,,,,,,,,,,,,,,,,,,,,,,,,,,,,,,,,,,
7373,2019,3,18,18,45,3.9000000000000004,0,0,0,4.2,,,,,,,,,,,,,,,,,,,,,,,,,,,,,,,,,,,,
7374,2019,3,18,19,0,3.7,0,0,0,4.2,,,,,,,,,,,,,,,,,,,,,,,,,,,,,,,,,,,,
7375,2019,3,18,19,15,3.6,0,0,0,4.1000000000000005,,,,,,,,,,,,,,,,,,,,,,,,,,,,,,,,,,,,
7376,2019,3,18,19,30,3.4000000000000004,0,0,0,4.1000000000000005,,,,,,,,,,,,,,,,,,,,,,,,,,,,,,,,,,,,
7377,2019,3,18,19,45,3.3000000000000003,0,0,0,4,,,,,,,,,,,,,,,,,,,,,,,,,,,,,,,,,,,,
7378,2019,3,18,20,0,3.1,0,0,0,4,,,,,,,,,,,,,,,,,,,,,,,,,,,,,,,,,,,,
7379,2019,3,18,20,15,2.9000000000000004,0,0,0,3.8000000000000003,,,,,,,,,,,,,,,,,,,,,,,,,,,,,,,,,,,,
7380,2019,3,18,20,30,2.7,0,0,0,3.7,,,,,,,,,,,,,,,,,,,,,,,,,,,,,,,,,,,,
7381,2019,3,18,20,45,2.5,0,0,0,3.5,,,,,,,,,,,,,,,,,,,,,,,,,,,,,,,,,,,,
7382,2019,3,18,21,0,2.3000000000000003,0,0,0,3.4000000000000004,,,,,,,,,,,,,,,,,,,,,,,,,,,,,,,,,,,,
7383,2019,3,18,21,15,2.2,0,0,0,3.4000000000000004,,,,,,,,,,,,,,,,,,,,,,,,,,,,,,,,,,,,
7384,2019,3,18,21,30,2,0,0,0,3.3000000000000003,,,,,,,,,,,,,,,,,,,,,,,,,,,,,,,,,,,,
7385,2019,3,18,21,45,1.8,0,0,0,3.3000000000000003,,,,,,,,,,,,,,,,,,,,,,,,,,,,,,,,,,,,
7386,2019,3,18,22,0,1.7000000000000002,0,0,0,3.2,,,,,,,,,,,,,,,,,,,,,,,,,,,,,,,,,,,,
7387,2019,3,18,22,15,1.6,0,0,0,3.3000000000000003,,,,,,,,,,,,,,,,,,,,,,,,,,,,,,,,,,,,
7388,2019,3,18,22,30,1.4000000000000001,0,0,0,3.3000000000000003,,,,,,,,,,,,,,,,,,,,,,,,,,,,,,,,,,,,
7389,2019,3,18,22,45,1.3,0,0,0,3.4000000000000004,,,,,,,,,,,,,,,,,,,,,,,,,,,,,,,,,,,,
7390,2019,3,18,23,0,1.2000000000000002,0,0,0,3.4000000000000004,,,,,,,,,,,,,,,,,,,,,,,,,,,,,,,,,,,,
7391,2019,3,18,23,15,1.1,0,0,0,3.4000000000000004,,,,,,,,,,,,,,,,,,,,,,,,,,,,,,,,,,,,
7392,2019,3,18,23,30,1,0,0,0,3.3000000000000003,,,,,,,,,,,,,,,,,,,,,,,,,,,,,,,,,,,,
7393,2019,3,18,23,45,0.9,0,0,0,3.3000000000000003,,,,,,,,,,,,,,,,,,,,,,,,,,,,,,,,,,,,
7394,2019,3,19,0,0,0.8,0,0,0,3.3000000000000003,,,,,,,,,,,,,,,,,,,,,,,,,,,,,,,,,,,,
7395,2019,3,19,0,15,0.8,0,0,0,3.3000000000000003,,,,,,,,,,,,,,,,,,,,,,,,,,,,,,,,,,,,
7396,2019,3,19,0,30,0.8,0,0,0,3.3000000000000003,,,,,,,,,,,,,,,,,,,,,,,,,,,,,,,,,,,,
7397,2019,3,19,0,45,0.8,0,0,0,3.3000000000000003,,,,,,,,,,,,,,,,,,,,,,,,,,,,,,,,,,,,
7398,2019,3,19,1,0,0.30000000000000004,0,0,0,3.1,,,,,,,,,,,,,,,,,,,,,,,,,,,,,,,,,,,,
7399,2019,3,19,1,15,0.30000000000000004,0,0,0,3.2,,,,,,,,,,,,,,,,,,,,,,,,,,,,,,,,,,,,
7400,2019,3,19,1,30,0.30000000000000004,0,0,0,3.2,,,,,,,,,,,,,,,,,,,,,,,,,,,,,,,,,,,,
7401,2019,3,19,1,45,0.2,0,0,0,3.2,,,,,,,,,,,,,,,,,,,,,,,,,,,,,,,,,,,,
7402,2019,3,19,2,0,0.2,0,0,0,3.3000000000000003,,,,,,,,,,,,,,,,,,,,,,,,,,,,,,,,,,,,
7403,2019,3,19,2,15,0.2,0,0,0,3.3000000000000003,,,,,,,,,,,,,,,,,,,,,,,,,,,,,,,,,,,,
7404,2019,3,19,2,30,0.2,0,0,0,3.3000000000000003,,,,,,,,,,,,,,,,,,,,,,,,,,,,,,,,,,,,
7405,2019,3,19,2,45,0.1,0,0,0,3.3000000000000003,,,,,,,,,,,,,,,,,,,,,,,,,,,,,,,,,,,,
7406,2019,3,19,3,0,0.1,0,0,0,3.3000000000000003,,,,,,,,,,,,,,,,,,,,,,,,,,,,,,,,,,,,
7407,2019,3,19,3,15,0.1,0,0,0,3.3000000000000003,,,,,,,,,,,,,,,,,,,,,,,,,,,,,,,,,,,,
7408,2019,3,19,3,30,0.1,0,0,0,3.3000000000000003,,,,,,,,,,,,,,,,,,,,,,,,,,,,,,,,,,,,
7409,2019,3,19,3,45,0.1,0,0,0,3.3000000000000003,,,,,,,,,,,,,,,,,,,,,,,,,,,,,,,,,,,,
7410,2019,3,19,4,0,0.1,0,0,0,3.4000000000000004,,,,,,,,,,,,,,,,,,,,,,,,,,,,,,,,,,,,
7411,2019,3,19,4,15,0.1,0,0,0,3.4000000000000004,,,,,,,,,,,,,,,,,,,,,,,,,,,,,,,,,,,,
7412,2019,3,19,4,30,0.1,0,0,0,3.4000000000000004,,,,,,,,,,,,,,,,,,,,,,,,,,,,,,,,,,,,
7413,2019,3,19,4,45,0.2,0,0,0,3.5,,,,,,,,,,,,,,,,,,,,,,,,,,,,,,,,,,,,
7414,2019,3,19,5,0,0.2,0,0,0,3.5,,,,,,,,,,,,,,,,,,,,,,,,,,,,,,,,,,,,
7415,2019,3,19,5,15,0.2,0,0,0,3.5,,,,,,,,,,,,,,,,,,,,,,,,,,,,,,,,,,,,
7416,2019,3,19,5,30,0.30000000000000004,0,0,0,3.5,,,,,,,,,,,,,,,,,,,,,,,,,,,,,,,,,,,,
7417,2019,3,19,5,45,0.30000000000000004,0,0,0,3.5,,,,,,,,,,,,,,,,,,,,,,,,,,,,,,,,,,,,
7418,2019,3,19,6,0,0.30000000000000004,0,0,0,3.6,,,,,,,,,,,,,,,,,,,,,,,,,,,,,,,,,,,,
7419,2019,3,19,6,15,0.6000000000000001,0,0,0,3.7,,,,,,,,,,,,,,,,,,,,,,,,,,,,,,,,,,,,
7420,2019,3,19,6,30,0.8,12,40,13,3.7,,,,,,,,,,,,,,,,,,,,,,,,,,,,,,,,,,,,
7421,2019,3,19,6,45,1,25,155,34,3.8000000000000003,,,,,,,,,,,,,,,,,,,,,,,,,,,,,,,,,,,,
7422,2019,3,19,7,0,1.3,38,272,64,3.9000000000000004,,,,,,,,,,,,,,,,,,,,,,,,,,,,,,,,,,,,
7423,2019,3,19,7,15,1.7000000000000002,49,371,99,4,,,,,,,,,,,,,,,,,,,,,,,,,,,,,,,,,,,,
7424,2019,3,19,7,30,2.2,58,453,136,4,,,,,,,,,,,,,,,,,,,,,,,,,,,,,,,,,,,,
7425,2019,3,19,7,45,2.6,70,289,132,4,,,,,,,,,,,,,,,,,,,,,,,,,,,,,,,,,,,,
7426,2019,3,19,8,0,3.1,15,0,15,4.1000000000000005,,,,,,,,,,,,,,,,,,,,,,,,,,,,,,,,,,,,
7427,2019,3,19,8,15,3.5,18,0,18,4.2,,,,,,,,,,,,,,,,,,,,,,,,,,,,,,,,,,,,
7428,2019,3,19,8,30,4,22,0,22,4.3,,,,,,,,,,,,,,,,,,,,,,,,,,,,,,,,,,,,
7429,2019,3,19,8,45,4.5,49,0,49,4.4,,,,,,,,,,,,,,,,,,,,,,,,,,,,,,,,,,,,
7430,2019,3,19,9,0,4.9,132,4,133,4.5,,,,,,,,,,,,,,,,,,,,,,,,,,,,,,,,,,,,
7431,2019,3,19,9,15,5.2,65,0,65,4.6000000000000005,,,,,,,,,,,,,,,,,,,,,,,,,,,,,,,,,,,,
7432,2019,3,19,9,30,5.5,89,0,89,4.6000000000000005,,,,,,,,,,,,,,,,,,,,,,,,,,,,,,,,,,,,
7433,2019,3,19,9,45,5.7,165,11,170,4.6000000000000005,,,,,,,,,,,,,,,,,,,,,,,,,,,,,,,,,,,,
7434,2019,3,19,10,0,6,41,0,41,4.7,,,,,,,,,,,,,,,,,,,,,,,,,,,,,,,,,,,,
7435,2019,3,19,10,15,6.2,170,6,173,4.7,,,,,,,,,,,,,,,,,,,,,,,,,,,,,,,,,,,,
7436,2019,3,19,10,30,6.4,239,109,298,4.7,,,,,,,,,,,,,,,,,,,,,,,,,,,,,,,,,,,,
7437,2019,3,19,10,45,6.5,244,81,289,4.7,,,,,,,,,,,,,,,,,,,,,,,,,,,,,,,,,,,,
7438,2019,3,19,11,0,6.7,51,0,51,4.7,,,,,,,,,,,,,,,,,,,,,,,,,,,,,,,,,,,,
7439,2019,3,19,11,15,6.800000000000001,52,0,52,4.7,,,,,,,,,,,,,,,,,,,,,,,,,,,,,,,,,,,,
7440,2019,3,19,11,30,6.9,125,0,125,4.7,,,,,,,,,,,,,,,,,,,,,,,,,,,,,,,,,,,,
7441,2019,3,19,11,45,7,199,9,205,4.7,,,,,,,,,,,,,,,,,,,,,,,,,,,,,,,,,,,,
7442,2019,3,19,12,0,7.1000000000000005,248,39,272,4.7,,,,,,,,,,,,,,,,,,,,,,,,,,,,,,,,,,,,
7443,2019,3,19,12,15,7.2,283,163,382,4.7,,,,,,,,,,,,,,,,,,,,,,,,,,,,,,,,,,,,
7444,2019,3,19,12,30,7.300000000000001,219,17,230,4.7,,,,,,,,,,,,,,,,,,,,,,,,,,,,,,,,,,,,
7445,2019,3,19,12,45,7.4,248,39,271,4.7,,,,,,,,,,,,,,,,,,,,,,,,,,,,,,,,,,,,
7446,2019,3,19,13,0,7.5,175,2,176,4.7,,,,,,,,,,,,,,,,,,,,,,,,,,,,,,,,,,,,
7447,2019,3,19,13,15,7.5,229,27,245,4.7,,,,,,,,,,,,,,,,,,,,,,,,,,,,,,,,,,,,
7448,2019,3,19,13,30,7.5,253,67,292,4.7,,,,,,,,,,,,,,,,,,,,,,,,,,,,,,,,,,,,
7449,2019,3,19,13,45,7.5,49,0,49,4.7,,,,,,,,,,,,,,,,,,,,,,,,,,,,,,,,,,,,
7450,2019,3,19,14,0,7.6000000000000005,91,0,91,4.7,,,,,,,,,,,,,,,,,,,,,,,,,,,,,,,,,,,,
7451,2019,3,19,14,15,7.5,158,0,158,4.6000000000000005,,,,,,,,,,,,,,,,,,,,,,,,,,,,,,,,,,,,
7452,2019,3,19,14,30,7.5,83,0,83,4.5,,,,,,,,,,,,,,,,,,,,,,,,,,,,,,,,,,,,
7453,2019,3,19,14,45,7.5,143,0,143,4.4,,,,,,,,,,,,,,,,,,,,,,,,,,,,,,,,,,,,
7454,2019,3,19,15,0,7.4,37,0,37,4.3,,,,,,,,,,,,,,,,,,,,,,,,,,,,,,,,,,,,
7455,2019,3,19,15,15,7.300000000000001,56,0,56,4.1000000000000005,,,,,,,,,,,,,,,,,,,,,,,,,,,,,,,,,,,,
7456,2019,3,19,15,30,7.2,171,72,201,3.9000000000000004,,,,,,,,,,,,,,,,,,,,,,,,,,,,,,,,,,,,
7457,2019,3,19,15,45,7,158,184,229,3.7,,,,,,,,,,,,,,,,,,,,,,,,,,,,,,,,,,,,
7458,2019,3,19,16,0,6.9,46,0,46,3.4000000000000004,,,,,,,,,,,,,,,,,,,,,,,,,,,,,,,,,,,,
7459,2019,3,19,16,15,6.5,21,0,21,3,,,,,,,,,,,,,,,,,,,,,,,,,,,,,,,,,,,,
7460,2019,3,19,16,30,6.1000000000000005,18,0,18,2.6,,,,,,,,,,,,,,,,,,,,,,,,,,,,,,,,,,,,
7461,2019,3,19,16,45,5.800000000000001,15,0,15,2.1,,,,,,,,,,,,,,,,,,,,,,,,,,,,,,,,,,,,
7462,2019,3,19,17,0,5.4,12,0,12,1.7000000000000002,,,,,,,,,,,,,,,,,,,,,,,,,,,,,,,,,,,,
7463,2019,3,19,17,15,4.800000000000001,9,0,9,1.6,,,,,,,,,,,,,,,,,,,,,,,,,,,,,,,,,,,,
7464,2019,3,19,17,30,4.3,7,0,7,1.5,,,,,,,,,,,,,,,,,,,,,,,,,,,,,,,,,,,,
7465,2019,3,19,17,45,3.7,5,0,5,1.4000000000000001,,,,,,,,,,,,,,,,,,,,,,,,,,,,,,,,,,,,
7466,2019,3,19,18,0,3.1,3,0,3,1.3,,,,,,,,,,,,,,,,,,,,,,,,,,,,,,,,,,,,
7467,2019,3,19,18,15,2.9000000000000004,11,73,13,1.4000000000000001,,,,,,,,,,,,,,,,,,,,,,,,,,,,,,,,,,,,
7468,2019,3,19,18,30,2.7,0,0,0,1.4000000000000001,,,,,,,,,,,,,,,,,,,,,,,,,,,,,,,,,,,,
7469,2019,3,19,18,45,2.5,0,0,0,1.4000000000000001,,,,,,,,,,,,,,,,,,,,,,,,,,,,,,,,,,,,
7470,2019,3,19,19,0,2.2,0,0,0,1.4000000000000001,,,,,,,,,,,,,,,,,,,,,,,,,,,,,,,,,,,,
7471,2019,3,19,19,15,2.1,0,0,0,1.4000000000000001,,,,,,,,,,,,,,,,,,,,,,,,,,,,,,,,,,,,
7472,2019,3,19,19,30,1.9000000000000001,0,0,0,1.4000000000000001,,,,,,,,,,,,,,,,,,,,,,,,,,,,,,,,,,,,
7473,2019,3,19,19,45,1.8,0,0,0,1.4000000000000001,,,,,,,,,,,,,,,,,,,,,,,,,,,,,,,,,,,,
7474,2019,3,19,20,0,1.6,0,0,0,1.4000000000000001,,,,,,,,,,,,,,,,,,,,,,,,,,,,,,,,,,,,
7475,2019,3,19,20,15,1.5,0,0,0,1.4000000000000001,,,,,,,,,,,,,,,,,,,,,,,,,,,,,,,,,,,,
7476,2019,3,19,20,30,1.3,0,0,0,1.4000000000000001,,,,,,,,,,,,,,,,,,,,,,,,,,,,,,,,,,,,
7477,2019,3,19,20,45,1.1,0,0,0,1.4000000000000001,,,,,,,,,,,,,,,,,,,,,,,,,,,,,,,,,,,,
7478,2019,3,19,21,0,1,0,0,0,1.4000000000000001,,,,,,,,,,,,,,,,,,,,,,,,,,,,,,,,,,,,
7479,2019,3,19,21,15,0.8,0,0,0,1.4000000000000001,,,,,,,,,,,,,,,,,,,,,,,,,,,,,,,,,,,,
7480,2019,3,19,21,30,0.6000000000000001,0,0,0,1.4000000000000001,,,,,,,,,,,,,,,,,,,,,,,,,,,,,,,,,,,,
7481,2019,3,19,21,45,0.4,0,0,0,1.4000000000000001,,,,,,,,,,,,,,,,,,,,,,,,,,,,,,,,,,,,
7482,2019,3,19,22,0,0.30000000000000004,0,0,0,1.4000000000000001,,,,,,,,,,,,,,,,,,,,,,,,,,,,,,,,,,,,
7483,2019,3,19,22,15,0.1,0,0,0,1.3,,,,,,,,,,,,,,,,,,,,,,,,,,,,,,,,,,,,
7484,2019,3,19,22,30,0,0,0,0,1.3,,,,,,,,,,,,,,,,,,,,,,,,,,,,,,,,,,,,
7485,2019,3,19,22,45,-0.2,0,0,0,1.3,,,,,,,,,,,,,,,,,,,,,,,,,,,,,,,,,,,,
7486,2019,3,19,23,0,-0.30000000000000004,0,0,0,1.3,,,,,,,,,,,,,,,,,,,,,,,,,,,,,,,,,,,,
7487,2019,3,19,23,15,-0.5,0,0,0,1.3,,,,,,,,,,,,,,,,,,,,,,,,,,,,,,,,,,,,
7488,2019,3,19,23,30,-0.6000000000000001,0,0,0,1.3,,,,,,,,,,,,,,,,,,,,,,,,,,,,,,,,,,,,
7489,2019,3,19,23,45,-0.8,0,0,0,1.2000000000000002,,,,,,,,,,,,,,,,,,,,,,,,,,,,,,,,,,,,
7490,2019,3,20,0,0,-0.9,0,0,0,1.2000000000000002,,,,,,,,,,,,,,,,,,,,,,,,,,,,,,,,,,,,
7491,2019,3,20,0,15,-0.9,0,0,0,1.2000000000000002,,,,,,,,,,,,,,,,,,,,,,,,,,,,,,,,,,,,
7492,2019,3,20,0,30,-0.9,0,0,0,1.2000000000000002,,,,,,,,,,,,,,,,,,,,,,,,,,,,,,,,,,,,
7493,2019,3,20,0,45,-0.9,0,0,0,1.2000000000000002,,,,,,,,,,,,,,,,,,,,,,,,,,,,,,,,,,,,
7494,2019,3,20,1,0,-1.5,0,0,0,1.2000000000000002,,,,,,,,,,,,,,,,,,,,,,,,,,,,,,,,,,,,
7495,2019,3,20,1,15,-1.6,0,0,0,1.3,,,,,,,,,,,,,,,,,,,,,,,,,,,,,,,,,,,,
7496,2019,3,20,1,30,-1.7000000000000002,0,0,0,1.3,,,,,,,,,,,,,,,,,,,,,,,,,,,,,,,,,,,,
7497,2019,3,20,1,45,-1.8,0,0,0,1.3,,,,,,,,,,,,,,,,,,,,,,,,,,,,,,,,,,,,
7498,2019,3,20,2,0,-1.9000000000000001,0,0,0,1.3,,,,,,,,,,,,,,,,,,,,,,,,,,,,,,,,,,,,
7499,2019,3,20,2,15,-2,0,0,0,1.4000000000000001,,,,,,,,,,,,,,,,,,,,,,,,,,,,,,,,,,,,
7500,2019,3,20,2,30,-2,0,0,0,1.4000000000000001,,,,,,,,,,,,,,,,,,,,,,,,,,,,,,,,,,,,
7501,2019,3,20,2,45,-2.1,0,0,0,1.4000000000000001,,,,,,,,,,,,,,,,,,,,,,,,,,,,,,,,,,,,
7502,2019,3,20,3,0,-2.1,0,0,0,1.5,,,,,,,,,,,,,,,,,,,,,,,,,,,,,,,,,,,,
7503,2019,3,20,3,15,-2.1,0,0,0,1.5,,,,,,,,,,,,,,,,,,,,,,,,,,,,,,,,,,,,
7504,2019,3,20,3,30,-2.1,0,0,0,1.5,,,,,,,,,,,,,,,,,,,,,,,,,,,,,,,,,,,,
7505,2019,3,20,3,45,-2.1,0,0,0,1.6,,,,,,,,,,,,,,,,,,,,,,,,,,,,,,,,,,,,
7506,2019,3,20,4,0,-2.2,0,0,0,1.6,,,,,,,,,,,,,,,,,,,,,,,,,,,,,,,,,,,,
7507,2019,3,20,4,15,-2.2,0,0,0,1.7000000000000002,,,,,,,,,,,,,,,,,,,,,,,,,,,,,,,,,,,,
7508,2019,3,20,4,30,-2.2,0,0,0,1.7000000000000002,,,,,,,,,,,,,,,,,,,,,,,,,,,,,,,,,,,,
7509,2019,3,20,4,45,-2.2,0,0,0,1.7000000000000002,,,,,,,,,,,,,,,,,,,,,,,,,,,,,,,,,,,,
7510,2019,3,20,5,0,-2.2,0,0,0,1.7000000000000002,,,,,,,,,,,,,,,,,,,,,,,,,,,,,,,,,,,,
7511,2019,3,20,5,15,-2,0,0,0,1.8,,,,,,,,,,,,,,,,,,,,,,,,,,,,,,,,,,,,
7512,2019,3,20,5,30,-1.9000000000000001,0,0,0,1.8,,,,,,,,,,,,,,,,,,,,,,,,,,,,,,,,,,,,
7513,2019,3,20,5,45,-1.7000000000000002,0,0,0,1.9000000000000001,,,,,,,,,,,,,,,,,,,,,,,,,,,,,,,,,,,,
7514,2019,3,20,6,0,-1.6,0,0,0,1.9000000000000001,,,,,,,,,,,,,,,,,,,,,,,,,,,,,,,,,,,,
7515,2019,3,20,6,15,-0.8,0,0,0,2.2,,,,,,,,,,,,,,,,,,,,,,,,,,,,,,,,,,,,
7516,2019,3,20,6,30,-0.1,13,132,16,2.6,,,,,,,,,,,,,,,,,,,,,,,,,,,,,,,,,,,,
7517,2019,3,20,6,45,0.6000000000000001,23,256,40,2.9000000000000004,,,,,,,,,,,,,,,,,,,,,,,,,,,,,,,,,,,,
7518,2019,3,20,7,0,1.4000000000000001,33,368,71,3.2,,,,,,,,,,,,,,,,,,,,,,,,,,,,,,,,,,,,
7519,2019,3,20,7,15,1.9000000000000001,42,459,106,3.2,,,,,,,,,,,,,,,,,,,,,,,,,,,,,,,,,,,,
7520,2019,3,20,7,30,2.5,49,532,144,3.2,,,,,,,,,,,,,,,,,,,,,,,,,,,,,,,,,,,,
7521,2019,3,20,7,45,3.1,56,576,182,3.2,,,,,,,,,,,,,,,,,,,,,,,,,,,,,,,,,,,,
7522,2019,3,20,8,0,3.6,62,626,222,3.2,,,,,,,,,,,,,,,,,,,,,,,,,,,,,,,,,,,,
7523,2019,3,20,8,15,4.5,67,668,261,3.2,,,,,,,,,,,,,,,,,,,,,,,,,,,,,,,,,,,,
7524,2019,3,20,8,30,5.4,71,703,300,3.2,,,,,,,,,,,,,,,,,,,,,,,,,,,,,,,,,,,,
7525,2019,3,20,8,45,6.2,76,729,338,3.2,,,,,,,,,,,,,,,,,,,,,,,,,,,,,,,,,,,,
7526,2019,3,20,9,0,7.1000000000000005,79,755,375,3.3000000000000003,,,,,,,,,,,,,,,,,,,,,,,,,,,,,,,,,,,,
7527,2019,3,20,9,15,7.800000000000001,82,774,409,3.3000000000000003,,,,,,,,,,,,,,,,,,,,,,,,,,,,,,,,,,,,
7528,2019,3,20,9,30,8.4,85,793,442,3.3000000000000003,,,,,,,,,,,,,,,,,,,,,,,,,,,,,,,,,,,,
7529,2019,3,20,9,45,9.1,87,809,474,3.3000000000000003,,,,,,,,,,,,,,,,,,,,,,,,,,,,,,,,,,,,
7530,2019,3,20,10,0,9.700000000000001,90,824,503,3.4000000000000004,,,,,,,,,,,,,,,,,,,,,,,,,,,,,,,,,,,,
7531,2019,3,20,10,15,10,91,836,530,3.4000000000000004,,,,,,,,,,,,,,,,,,,,,,,,,,,,,,,,,,,,
7532,2019,3,20,10,30,10.3,93,843,552,3.4000000000000004,,,,,,,,,,,,,,,,,,,,,,,,,,,,,,,,,,,,
7533,2019,3,20,10,45,10.600000000000001,95,851,573,3.4000000000000004,,,,,,,,,,,,,,,,,,,,,,,,,,,,,,,,,,,,
7534,2019,3,20,11,0,10.9,96,858,592,3.4000000000000004,,,,,,,,,,,,,,,,,,,,,,,,,,,,,,,,,,,,
7535,2019,3,20,11,15,11.200000000000001,218,448,482,3.4000000000000004,,,,,,,,,,,,,,,,,,,,,,,,,,,,,,,,,,,,
7536,2019,3,20,11,30,11.4,251,337,454,3.4000000000000004,,,,,,,,,,,,,,,,,,,,,,,,,,,,,,,,,,,,
7537,2019,3,20,11,45,11.600000000000001,247,374,474,3.5,,,,,,,,,,,,,,,,,,,,,,,,,,,,,,,,,,,,
7538,2019,3,20,12,0,11.8,99,869,633,3.5,,,,,,,,,,,,,,,,,,,,,,,,,,,,,,,,,,,,
7539,2019,3,20,12,15,11.9,222,474,514,3.5,,,,,,,,,,,,,,,,,,,,,,,,,,,,,,,,,,,,
7540,2019,3,20,12,30,12,100,867,634,3.6,,,,,,,,,,,,,,,,,,,,,,,,,,,,,,,,,,,,
7541,2019,3,20,12,45,12.100000000000001,233,434,500,3.6,,,,,,,,,,,,,,,,,,,,,,,,,,,,,,,,,,,,
7542,2019,3,20,13,0,12.200000000000001,113,829,618,3.6,,,,,,,,,,,,,,,,,,,,,,,,,,,,,,,,,,,,
7543,2019,3,20,13,15,12.200000000000001,113,822,607,3.6,,,,,,,,,,,,,,,,,,,,,,,,,,,,,,,,,,,,
7544,2019,3,20,13,30,12.3,112,817,594,3.6,,,,,,,,,,,,,,,,,,,,,,,,,,,,,,,,,,,,
7545,2019,3,20,13,45,12.3,251,267,405,3.5,,,,,,,,,,,,,,,,,,,,,,,,,,,,,,,,,,,,
7546,2019,3,20,14,0,12.3,111,794,557,3.5,,,,,,,,,,,,,,,,,,,,,,,,,,,,,,,,,,,,
7547,2019,3,20,14,15,12.3,175,516,455,3.5,,,,,,,,,,,,,,,,,,,,,,,,,,,,,,,,,,,,
7548,2019,3,20,14,30,12.200000000000001,107,773,511,3.4000000000000004,,,,,,,,,,,,,,,,,,,,,,,,,,,,,,,,,,,,
7549,2019,3,20,14,45,12.200000000000001,108,750,483,3.4000000000000004,,,,,,,,,,,,,,,,,,,,,,,,,,,,,,,,,,,,
7550,2019,3,20,15,0,12.100000000000001,105,732,453,3.4000000000000004,,,,,,,,,,,,,,,,,,,,,,,,,,,,,,,,,,,,
7551,2019,3,20,15,15,12,102,713,422,3.2,,,,,,,,,,,,,,,,,,,,,,,,,,,,,,,,,,,,
7552,2019,3,20,15,30,11.8,99,692,389,3.1,,,,,,,,,,,,,,,,,,,,,,,,,,,,,,,,,,,,
7553,2019,3,20,15,45,11.600000000000001,99,649,352,2.9000000000000004,,,,,,,,,,,,,,,,,,,,,,,,,,,,,,,,,,,,
7554,2019,3,20,16,0,11.4,95,621,316,2.8000000000000003,,,,,,,,,,,,,,,,,,,,,,,,,,,,,,,,,,,,
7555,2019,3,20,16,15,10.8,90,588,280,2.5,,,,,,,,,,,,,,,,,,,,,,,,,,,,,,,,,,,,
7556,2019,3,20,16,30,10.200000000000001,84,549,243,2.1,,,,,,,,,,,,,,,,,,,,,,,,,,,,,,,,,,,,
7557,2019,3,20,16,45,9.700000000000001,97,104,123,1.8,,,,,,,,,,,,,,,,,,,,,,,,,,,,,,,,,,,,
7558,2019,3,20,17,0,9.1,81,81,98,1.4000000000000001,,,,,,,,,,,,,,,,,,,,,,,,,,,,,,,,,,,,
7559,2019,3,20,17,15,8.5,64,356,127,1.4000000000000001,,,,,,,,,,,,,,,,,,,,,,,,,,,,,,,,,,,,
7560,2019,3,20,17,30,7.9,52,285,92,1.4000000000000001,,,,,,,,,,,,,,,,,,,,,,,,,,,,,,,,,,,,
7561,2019,3,20,17,45,7.4,33,5,34,1.4000000000000001,,,,,,,,,,,,,,,,,,,,,,,,,,,,,,,,,,,,
7562,2019,3,20,18,0,6.800000000000001,25,101,31,1.4000000000000001,,,,,,,,,,,,,,,,,,,,,,,,,,,,,,,,,,,,
7563,2019,3,20,18,15,6.7,10,30,11,1.4000000000000001,,,,,,,,,,,,,,,,,,,,,,,,,,,,,,,,,,,,
7564,2019,3,20,18,30,6.6000000000000005,0,0,0,1.4000000000000001,,,,,,,,,,,,,,,,,,,,,,,,,,,,,,,,,,,,
7565,2019,3,20,18,45,6.5,0,0,0,1.4000000000000001,,,,,,,,,,,,,,,,,,,,,,,,,,,,,,,,,,,,
7566,2019,3,20,19,0,6.5,0,0,0,1.4000000000000001,,,,,,,,,,,,,,,,,,,,,,,,,,,,,,,,,,,,
7567,2019,3,20,19,15,6.300000000000001,0,0,0,1.5,,,,,,,,,,,,,,,,,,,,,,,,,,,,,,,,,,,,
7568,2019,3,20,19,30,6.2,0,0,0,1.5,,,,,,,,,,,,,,,,,,,,,,,,,,,,,,,,,,,,
7569,2019,3,20,19,45,6,0,0,0,1.5,,,,,,,,,,,,,,,,,,,,,,,,,,,,,,,,,,,,
7570,2019,3,20,20,0,5.800000000000001,0,0,0,1.5,,,,,,,,,,,,,,,,,,,,,,,,,,,,,,,,,,,,
7571,2019,3,20,20,15,5.7,0,0,0,1.5,,,,,,,,,,,,,,,,,,,,,,,,,,,,,,,,,,,,
7572,2019,3,20,20,30,5.6000000000000005,0,0,0,1.5,,,,,,,,,,,,,,,,,,,,,,,,,,,,,,,,,,,,
7573,2019,3,20,20,45,5.5,0,0,0,1.5,,,,,,,,,,,,,,,,,,,,,,,,,,,,,,,,,,,,
7574,2019,3,20,21,0,5.300000000000001,0,0,0,1.5,,,,,,,,,,,,,,,,,,,,,,,,,,,,,,,,,,,,
7575,2019,3,20,21,15,5.2,0,0,0,1.5,,,,,,,,,,,,,,,,,,,,,,,,,,,,,,,,,,,,
7576,2019,3,20,21,30,5,0,0,0,1.5,,,,,,,,,,,,,,,,,,,,,,,,,,,,,,,,,,,,
7577,2019,3,20,21,45,4.9,0,0,0,1.5,,,,,,,,,,,,,,,,,,,,,,,,,,,,,,,,,,,,
7578,2019,3,20,22,0,4.7,0,0,0,1.4000000000000001,,,,,,,,,,,,,,,,,,,,,,,,,,,,,,,,,,,,
7579,2019,3,20,22,15,4.7,0,0,0,1.4000000000000001,,,,,,,,,,,,,,,,,,,,,,,,,,,,,,,,,,,,
7580,2019,3,20,22,30,4.6000000000000005,0,0,0,1.4000000000000001,,,,,,,,,,,,,,,,,,,,,,,,,,,,,,,,,,,,
7581,2019,3,20,22,45,4.5,0,0,0,1.4000000000000001,,,,,,,,,,,,,,,,,,,,,,,,,,,,,,,,,,,,
7582,2019,3,20,23,0,4.4,0,0,0,1.4000000000000001,,,,,,,,,,,,,,,,,,,,,,,,,,,,,,,,,,,,
7583,2019,3,20,23,15,4.4,0,0,0,1.4000000000000001,,,,,,,,,,,,,,,,,,,,,,,,,,,,,,,,,,,,
7584,2019,3,20,23,30,4.3,0,0,0,1.3,,,,,,,,,,,,,,,,,,,,,,,,,,,,,,,,,,,,
7585,2019,3,20,23,45,4.3,0,0,0,1.3,,,,,,,,,,,,,,,,,,,,,,,,,,,,,,,,,,,,
7586,2019,3,21,0,0,4.3,0,0,0,1.3,,,,,,,,,,,,,,,,,,,,,,,,,,,,,,,,,,,,
7587,2019,3,21,0,15,4.3,0,0,0,1.3,,,,,,,,,,,,,,,,,,,,,,,,,,,,,,,,,,,,
7588,2019,3,21,0,30,4.3,0,0,0,1.3,,,,,,,,,,,,,,,,,,,,,,,,,,,,,,,,,,,,
7589,2019,3,21,0,45,4.3,0,0,0,1.3,,,,,,,,,,,,,,,,,,,,,,,,,,,,,,,,,,,,
7590,2019,3,21,1,0,4.1000000000000005,0,0,0,1.3,,,,,,,,,,,,,,,,,,,,,,,,,,,,,,,,,,,,
7591,2019,3,21,1,15,3.9000000000000004,0,0,0,1.3,,,,,,,,,,,,,,,,,,,,,,,,,,,,,,,,,,,,
7592,2019,3,21,1,30,3.8000000000000003,0,0,0,1.3,,,,,,,,,,,,,,,,,,,,,,,,,,,,,,,,,,,,
7593,2019,3,21,1,45,3.7,0,0,0,1.3,,,,,,,,,,,,,,,,,,,,,,,,,,,,,,,,,,,,
7594,2019,3,21,2,0,3.6,0,0,0,1.3,,,,,,,,,,,,,,,,,,,,,,,,,,,,,,,,,,,,
7595,2019,3,21,2,15,3.5,0,0,0,1.3,,,,,,,,,,,,,,,,,,,,,,,,,,,,,,,,,,,,
7596,2019,3,21,2,30,3.4000000000000004,0,0,0,1.4000000000000001,,,,,,,,,,,,,,,,,,,,,,,,,,,,,,,,,,,,
7597,2019,3,21,2,45,3.3000000000000003,0,0,0,1.4000000000000001,,,,,,,,,,,,,,,,,,,,,,,,,,,,,,,,,,,,
7598,2019,3,21,3,0,3.2,0,0,0,1.4000000000000001,,,,,,,,,,,,,,,,,,,,,,,,,,,,,,,,,,,,
7599,2019,3,21,3,15,3.1,0,0,0,1.4000000000000001,,,,,,,,,,,,,,,,,,,,,,,,,,,,,,,,,,,,
7600,2019,3,21,3,30,3.1,0,0,0,1.4000000000000001,,,,,,,,,,,,,,,,,,,,,,,,,,,,,,,,,,,,
7601,2019,3,21,3,45,3,0,0,0,1.5,,,,,,,,,,,,,,,,,,,,,,,,,,,,,,,,,,,,
7602,2019,3,21,4,0,2.9000000000000004,0,0,0,1.5,,,,,,,,,,,,,,,,,,,,,,,,,,,,,,,,,,,,
7603,2019,3,21,4,15,2.9000000000000004,0,0,0,1.5,,,,,,,,,,,,,,,,,,,,,,,,,,,,,,,,,,,,
7604,2019,3,21,4,30,2.8000000000000003,0,0,0,1.5,,,,,,,,,,,,,,,,,,,,,,,,,,,,,,,,,,,,
7605,2019,3,21,4,45,2.7,0,0,0,1.5,,,,,,,,,,,,,,,,,,,,,,,,,,,,,,,,,,,,
7606,2019,3,21,5,0,2.7,0,0,0,1.5,,,,,,,,,,,,,,,,,,,,,,,,,,,,,,,,,,,,
7607,2019,3,21,5,15,2.7,0,0,0,1.6,,,,,,,,,,,,,,,,,,,,,,,,,,,,,,,,,,,,
7608,2019,3,21,5,30,2.8000000000000003,0,0,0,1.6,,,,,,,,,,,,,,,,,,,,,,,,,,,,,,,,,,,,
7609,2019,3,21,5,45,2.9000000000000004,0,0,0,1.6,,,,,,,,,,,,,,,,,,,,,,,,,,,,,,,,,,,,
7610,2019,3,21,6,0,2.9000000000000004,0,0,0,1.6,,,,,,,,,,,,,,,,,,,,,,,,,,,,,,,,,,,,
7611,2019,3,21,6,15,3.6,0,0,0,1.9000000000000001,,,,,,,,,,,,,,,,,,,,,,,,,,,,,,,,,,,,
7612,2019,3,21,6,30,4.3,7,0,7,2.2,,,,,,,,,,,,,,,,,,,,,,,,,,,,,,,,,,,,
7613,2019,3,21,6,45,4.9,19,0,19,2.5,,,,,,,,,,,,,,,,,,,,,,,,,,,,,,,,,,,,
7614,2019,3,21,7,0,5.6000000000000005,33,0,33,2.7,,,,,,,,,,,,,,,,,,,,,,,,,,,,,,,,,,,,
7615,2019,3,21,7,15,6.1000000000000005,50,5,50,2.7,,,,,,,,,,,,,,,,,,,,,,,,,,,,,,,,,,,,
7616,2019,3,21,7,30,6.6000000000000005,64,373,134,2.7,,,,,,,,,,,,,,,,,,,,,,,,,,,,,,,,,,,,
7617,2019,3,21,7,45,7.1000000000000005,73,439,171,2.7,,,,,,,,,,,,,,,,,,,,,,,,,,,,,,,,,,,,
7618,2019,3,21,8,0,7.6000000000000005,81,489,209,2.7,,,,,,,,,,,,,,,,,,,,,,,,,,,,,,,,,,,,
7619,2019,3,21,8,15,8.3,88,533,246,2.6,,,,,,,,,,,,,,,,,,,,,,,,,,,,,,,,,,,,
7620,2019,3,21,8,30,9.1,94,570,284,2.6,,,,,,,,,,,,,,,,,,,,,,,,,,,,,,,,,,,,
7621,2019,3,21,8,45,9.8,97,614,322,2.5,,,,,,,,,,,,,,,,,,,,,,,,,,,,,,,,,,,,
7622,2019,3,21,9,0,10.600000000000001,102,642,358,2.5,,,,,,,,,,,,,,,,,,,,,,,,,,,,,,,,,,,,
7623,2019,3,21,9,15,11,107,666,392,2.5,,,,,,,,,,,,,,,,,,,,,,,,,,,,,,,,,,,,
7624,2019,3,21,9,30,11.5,196,141,261,2.5,,,,,,,,,,,,,,,,,,,,,,,,,,,,,,,,,,,,
7625,2019,3,21,9,45,12,116,699,454,2.5,,,,,,,,,,,,,,,,,,,,,,,,,,,,,,,,,,,,
7626,2019,3,21,10,0,12.5,119,715,482,2.6,,,,,,,,,,,,,,,,,,,,,,,,,,,,,,,,,,,,
7627,2019,3,21,10,15,12.8,121,729,508,2.6,,,,,,,,,,,,,,,,,,,,,,,,,,,,,,,,,,,,
7628,2019,3,21,10,30,13.100000000000001,124,741,532,2.6,,,,,,,,,,,,,,,,,,,,,,,,,,,,,,,,,,,,
7629,2019,3,21,10,45,13.4,121,765,555,2.6,,,,,,,,,,,,,,,,,,,,,,,,,,,,,,,,,,,,
7630,2019,3,21,11,0,13.700000000000001,121,773,572,2.6,,,,,,,,,,,,,,,,,,,,,,,,,,,,,,,,,,,,
7631,2019,3,21,11,15,14,123,780,587,2.5,,,,,,,,,,,,,,,,,,,,,,,,,,,,,,,,,,,,
7632,2019,3,21,11,30,14.200000000000001,124,785,600,2.5,,,,,,,,,,,,,,,,,,,,,,,,,,,,,,,,,,,,
7633,2019,3,21,11,45,14.5,119,802,611,2.5,,,,,,,,,,,,,,,,,,,,,,,,,,,,,,,,,,,,
7634,2019,3,21,12,0,14.700000000000001,120,804,618,2.5,,,,,,,,,,,,,,,,,,,,,,,,,,,,,,,,,,,,
7635,2019,3,21,12,15,14.9,120,805,620,2.4000000000000004,,,,,,,,,,,,,,,,,,,,,,,,,,,,,,,,,,,,
7636,2019,3,21,12,30,15,120,805,620,2.4000000000000004,,,,,,,,,,,,,,,,,,,,,,,,,,,,,,,,,,,,
7637,2019,3,21,12,45,15.200000000000001,128,783,613,2.4000000000000004,,,,,,,,,,,,,,,,,,,,,,,,,,,,,,,,,,,,
7638,2019,3,21,13,0,15.4,127,781,606,2.4000000000000004,,,,,,,,,,,,,,,,,,,,,,,,,,,,,,,,,,,,
7639,2019,3,21,13,15,15.4,127,777,597,2.3000000000000003,,,,,,,,,,,,,,,,,,,,,,,,,,,,,,,,,,,,
7640,2019,3,21,13,30,15.5,125,771,584,2.3000000000000003,,,,,,,,,,,,,,,,,,,,,,,,,,,,,,,,,,,,
7641,2019,3,21,13,45,15.600000000000001,120,776,571,2.3000000000000003,,,,,,,,,,,,,,,,,,,,,,,,,,,,,,,,,,,,
7642,2019,3,21,14,0,15.700000000000001,118,767,552,2.3000000000000003,,,,,,,,,,,,,,,,,,,,,,,,,,,,,,,,,,,,
7643,2019,3,21,14,15,15.600000000000001,116,758,531,2.2,,,,,,,,,,,,,,,,,,,,,,,,,,,,,,,,,,,,
7644,2019,3,21,14,30,15.600000000000001,114,746,507,2.2,,,,,,,,,,,,,,,,,,,,,,,,,,,,,,,,,,,,
7645,2019,3,21,14,45,15.5,109,738,482,2.2,,,,,,,,,,,,,,,,,,,,,,,,,,,,,,,,,,,,
7646,2019,3,21,15,0,15.5,106,723,453,2.1,,,,,,,,,,,,,,,,,,,,,,,,,,,,,,,,,,,,
7647,2019,3,21,15,15,15.4,103,704,423,2,,,,,,,,,,,,,,,,,,,,,,,,,,,,,,,,,,,,
7648,2019,3,21,15,30,15.200000000000001,100,683,390,1.9000000000000001,,,,,,,,,,,,,,,,,,,,,,,,,,,,,,,,,,,,
7649,2019,3,21,15,45,15,94,664,356,1.8,,,,,,,,,,,,,,,,,,,,,,,,,,,,,,,,,,,,
7650,2019,3,21,16,0,14.9,90,637,320,1.7000000000000002,,,,,,,,,,,,,,,,,,,,,,,,,,,,,,,,,,,,
7651,2019,3,21,16,15,14.4,84,605,283,1.5,,,,,,,,,,,,,,,,,,,,,,,,,,,,,,,,,,,,
7652,2019,3,21,16,30,13.8,79,568,245,1.3,,,,,,,,,,,,,,,,,,,,,,,,,,,,,,,,,,,,
7653,2019,3,21,16,45,13.3,71,533,208,1,,,,,,,,,,,,,,,,,,,,,,,,,,,,,,,,,,,,
7654,2019,3,21,17,0,12.8,64,482,170,0.8,,,,,,,,,,,,,,,,,,,,,,,,,,,,,,,,,,,,
7655,2019,3,21,17,15,12.4,56,423,133,0.9,,,,,,,,,,,,,,,,,,,,,,,,,,,,,,,,,,,,
7656,2019,3,21,17,30,11.9,47,352,97,0.9,,,,,,,,,,,,,,,,,,,,,,,,,,,,,,,,,,,,
7657,2019,3,21,17,45,11.5,36,271,64,0.9,,,,,,,,,,,,,,,,,,,,,,,,,,,,,,,,,,,,
7658,2019,3,21,18,0,11.100000000000001,24,174,36,1,,,,,,,,,,,,,,,,,,,,,,,,,,,,,,,,,,,,
7659,2019,3,21,18,15,11,12,73,14,1,,,,,,,,,,,,,,,,,,,,,,,,,,,,,,,,,,,,
7660,2019,3,21,18,30,10.8,0,0,0,1,,,,,,,,,,,,,,,,,,,,,,,,,,,,,,,,,,,,
7661,2019,3,21,18,45,10.700000000000001,0,0,0,0.9,,,,,,,,,,,,,,,,,,,,,,,,,,,,,,,,,,,,
7662,2019,3,21,19,0,10.5,0,0,0,0.9,,,,,,,,,,,,,,,,,,,,,,,,,,,,,,,,,,,,
7663,2019,3,21,19,15,10.3,0,0,0,0.9,,,,,,,,,,,,,,,,,,,,,,,,,,,,,,,,,,,,
7664,2019,3,21,19,30,10.200000000000001,0,0,0,0.9,,,,,,,,,,,,,,,,,,,,,,,,,,,,,,,,,,,,
7665,2019,3,21,19,45,10,0,0,0,0.9,,,,,,,,,,,,,,,,,,,,,,,,,,,,,,,,,,,,
7666,2019,3,21,20,0,9.8,0,0,0,0.9,,,,,,,,,,,,,,,,,,,,,,,,,,,,,,,,,,,,
7667,2019,3,21,20,15,9.600000000000001,0,0,0,0.9,,,,,,,,,,,,,,,,,,,,,,,,,,,,,,,,,,,,
7668,2019,3,21,20,30,9.4,0,0,0,0.9,,,,,,,,,,,,,,,,,,,,,,,,,,,,,,,,,,,,
7669,2019,3,21,20,45,9.3,0,0,0,0.9,,,,,,,,,,,,,,,,,,,,,,,,,,,,,,,,,,,,
7670,2019,3,21,21,0,9.1,0,0,0,1,,,,,,,,,,,,,,,,,,,,,,,,,,,,,,,,,,,,
7671,2019,3,21,21,15,8.9,0,0,0,1,,,,,,,,,,,,,,,,,,,,,,,,,,,,,,,,,,,,
7672,2019,3,21,21,30,8.8,0,0,0,1,,,,,,,,,,,,,,,,,,,,,,,,,,,,,,,,,,,,
7673,2019,3,21,21,45,8.6,0,0,0,1,,,,,,,,,,,,,,,,,,,,,,,,,,,,,,,,,,,,
7674,2019,3,21,22,0,8.4,0,0,0,1,,,,,,,,,,,,,,,,,,,,,,,,,,,,,,,,,,,,
7675,2019,3,21,22,15,8.3,0,0,0,0.9,,,,,,,,,,,,,,,,,,,,,,,,,,,,,,,,,,,,
7676,2019,3,21,22,30,8.200000000000001,0,0,0,0.9,,,,,,,,,,,,,,,,,,,,,,,,,,,,,,,,,,,,
7677,2019,3,21,22,45,8.1,0,0,0,0.9,,,,,,,,,,,,,,,,,,,,,,,,,,,,,,,,,,,,
7678,2019,3,21,23,0,8,0,0,0,0.8,,,,,,,,,,,,,,,,,,,,,,,,,,,,,,,,,,,,
7679,2019,3,21,23,15,8,0,0,0,0.8,,,,,,,,,,,,,,,,,,,,,,,,,,,,,,,,,,,,
7680,2019,3,21,23,30,8,0,0,0,0.7000000000000001,,,,,,,,,,,,,,,,,,,,,,,,,,,,,,,,,,,,
7681,2019,3,21,23,45,8,0,0,0,0.6000000000000001,,,,,,,,,,,,,,,,,,,,,,,,,,,,,,,,,,,,
7682,2019,3,22,0,0,8,0,0,0,0.5,,,,,,,,,,,,,,,,,,,,,,,,,,,,,,,,,,,,
7683,2019,3,22,0,15,8,0,0,0,0.5,,,,,,,,,,,,,,,,,,,,,,,,,,,,,,,,,,,,
7684,2019,3,22,0,30,8,0,0,0,0.5,,,,,,,,,,,,,,,,,,,,,,,,,,,,,,,,,,,,
7685,2019,3,22,0,45,8,0,0,0,0.5,,,,,,,,,,,,,,,,,,,,,,,,,,,,,,,,,,,,
7686,2019,3,22,1,0,7.800000000000001,0,0,0,0.2,,,,,,,,,,,,,,,,,,,,,,,,,,,,,,,,,,,,
7687,2019,3,22,1,15,7.7,0,0,0,0.30000000000000004,,,,,,,,,,,,,,,,,,,,,,,,,,,,,,,,,,,,
7688,2019,3,22,1,30,7.5,0,0,0,0.30000000000000004,,,,,,,,,,,,,,,,,,,,,,,,,,,,,,,,,,,,
7689,2019,3,22,1,45,7.4,0,0,0,0.30000000000000004,,,,,,,,,,,,,,,,,,,,,,,,,,,,,,,,,,,,
7690,2019,3,22,2,0,7.300000000000001,0,0,0,0.30000000000000004,,,,,,,,,,,,,,,,,,,,,,,,,,,,,,,,,,,,
7691,2019,3,22,2,15,7.1000000000000005,0,0,0,0.4,,,,,,,,,,,,,,,,,,,,,,,,,,,,,,,,,,,,
7692,2019,3,22,2,30,7,0,0,0,0.4,,,,,,,,,,,,,,,,,,,,,,,,,,,,,,,,,,,,
7693,2019,3,22,2,45,6.800000000000001,0,0,0,0.4,,,,,,,,,,,,,,,,,,,,,,,,,,,,,,,,,,,,
7694,2019,3,22,3,0,6.7,0,0,0,0.5,,,,,,,,,,,,,,,,,,,,,,,,,,,,,,,,,,,,
7695,2019,3,22,3,15,6.5,0,0,0,0.5,,,,,,,,,,,,,,,,,,,,,,,,,,,,,,,,,,,,
7696,2019,3,22,3,30,6.4,0,0,0,0.5,,,,,,,,,,,,,,,,,,,,,,,,,,,,,,,,,,,,
7697,2019,3,22,3,45,6.2,0,0,0,0.5,,,,,,,,,,,,,,,,,,,,,,,,,,,,,,,,,,,,
7698,2019,3,22,4,0,6.1000000000000005,0,0,0,0.6000000000000001,,,,,,,,,,,,,,,,,,,,,,,,,,,,,,,,,,,,
7699,2019,3,22,4,15,6,0,0,0,0.6000000000000001,,,,,,,,,,,,,,,,,,,,,,,,,,,,,,,,,,,,
7700,2019,3,22,4,30,5.9,0,0,0,0.6000000000000001,,,,,,,,,,,,,,,,,,,,,,,,,,,,,,,,,,,,
7701,2019,3,22,4,45,5.800000000000001,0,0,0,0.6000000000000001,,,,,,,,,,,,,,,,,,,,,,,,,,,,,,,,,,,,
7702,2019,3,22,5,0,5.7,0,0,0,0.6000000000000001,,,,,,,,,,,,,,,,,,,,,,,,,,,,,,,,,,,,
7703,2019,3,22,5,15,5.7,0,0,0,0.6000000000000001,,,,,,,,,,,,,,,,,,,,,,,,,,,,,,,,,,,,
7704,2019,3,22,5,30,5.7,0,0,0,0.6000000000000001,,,,,,,,,,,,,,,,,,,,,,,,,,,,,,,,,,,,
7705,2019,3,22,5,45,5.7,0,0,0,0.6000000000000001,,,,,,,,,,,,,,,,,,,,,,,,,,,,,,,,,,,,
7706,2019,3,22,6,0,5.7,0,0,0,0.6000000000000001,,,,,,,,,,,,,,,,,,,,,,,,,,,,,,,,,,,,
7707,2019,3,22,6,15,5.800000000000001,0,0,0,0.8,,,,,,,,,,,,,,,,,,,,,,,,,,,,,,,,,,,,
7708,2019,3,22,6,30,6,8,0,8,0.9,,,,,,,,,,,,,,,,,,,,,,,,,,,,,,,,,,,,
7709,2019,3,22,6,45,6.1000000000000005,5,0,5,1.1,,,,,,,,,,,,,,,,,,,,,,,,,,,,,,,,,,,,
7710,2019,3,22,7,0,6.300000000000001,6,0,6,1.3,,,,,,,,,,,,,,,,,,,,,,,,,,,,,,,,,,,,
7711,2019,3,22,7,15,6.5,8,0,8,1.4000000000000001,,,,,,,,,,,,,,,,,,,,,,,,,,,,,,,,,,,,
7712,2019,3,22,7,30,6.7,9,0,9,1.5,,,,,,,,,,,,,,,,,,,,,,,,,,,,,,,,,,,,
7713,2019,3,22,7,45,6.9,11,0,11,1.6,,,,,,,,,,,,,,,,,,,,,,,,,,,,,,,,,,,,
7714,2019,3,22,8,0,7.1000000000000005,12,0,12,1.6,,,,,,,,,,,,,,,,,,,,,,,,,,,,,,,,,,,,
7715,2019,3,22,8,15,7.5,14,0,14,1.7000000000000002,,,,,,,,,,,,,,,,,,,,,,,,,,,,,,,,,,,,
7716,2019,3,22,8,30,7.9,101,0,101,1.8,,,,,,,,,,,,,,,,,,,,,,,,,,,,,,,,,,,,
7717,2019,3,22,8,45,8.3,139,24,148,1.9000000000000001,,,,,,,,,,,,,,,,,,,,,,,,,,,,,,,,,,,,
7718,2019,3,22,9,0,8.700000000000001,163,62,188,2,,,,,,,,,,,,,,,,,,,,,,,,,,,,,,,,,,,,
7719,2019,3,22,9,15,9.5,183,100,226,2.2,,,,,,,,,,,,,,,,,,,,,,,,,,,,,,,,,,,,
7720,2019,3,22,9,30,10.3,199,162,274,2.3000000000000003,,,,,,,,,,,,,,,,,,,,,,,,,,,,,,,,,,,,
7721,2019,3,22,9,45,11.100000000000001,206,243,325,2.4000000000000004,,,,,,,,,,,,,,,,,,,,,,,,,,,,,,,,,,,,
7722,2019,3,22,10,0,11.9,128,701,488,2.5,,,,,,,,,,,,,,,,,,,,,,,,,,,,,,,,,,,,
7723,2019,3,22,10,15,12.5,131,715,514,2.5,,,,,,,,,,,,,,,,,,,,,,,,,,,,,,,,,,,,
7724,2019,3,22,10,30,13.100000000000001,133,727,537,2.5,,,,,,,,,,,,,,,,,,,,,,,,,,,,,,,,,,,,
7725,2019,3,22,10,45,13.700000000000001,127,760,562,2.5,,,,,,,,,,,,,,,,,,,,,,,,,,,,,,,,,,,,
7726,2019,3,22,11,0,14.3,128,768,581,2.5,,,,,,,,,,,,,,,,,,,,,,,,,,,,,,,,,,,,
7727,2019,3,22,11,15,14.700000000000001,129,775,595,2.5,,,,,,,,,,,,,,,,,,,,,,,,,,,,,,,,,,,,
7728,2019,3,22,11,30,15,130,780,607,2.5,,,,,,,,,,,,,,,,,,,,,,,,,,,,,,,,,,,,
7729,2019,3,22,11,45,15.4,123,803,620,2.5,,,,,,,,,,,,,,,,,,,,,,,,,,,,,,,,,,,,
7730,2019,3,22,12,0,15.8,123,806,626,2.5,,,,,,,,,,,,,,,,,,,,,,,,,,,,,,,,,,,,
7731,2019,3,22,12,15,16,123,807,629,2.5,,,,,,,,,,,,,,,,,,,,,,,,,,,,,,,,,,,,
7732,2019,3,22,12,30,16.3,123,807,629,2.5,,,,,,,,,,,,,,,,,,,,,,,,,,,,,,,,,,,,
7733,2019,3,22,12,45,16.5,131,786,622,2.5,,,,,,,,,,,,,,,,,,,,,,,,,,,,,,,,,,,,
7734,2019,3,22,13,0,16.8,130,784,615,2.5,,,,,,,,,,,,,,,,,,,,,,,,,,,,,,,,,,,,
7735,2019,3,22,13,15,16.900000000000002,129,780,605,2.5,,,,,,,,,,,,,,,,,,,,,,,,,,,,,,,,,,,,
7736,2019,3,22,13,30,17.1,128,774,593,2.4000000000000004,,,,,,,,,,,,,,,,,,,,,,,,,,,,,,,,,,,,
7737,2019,3,22,13,45,17.2,120,784,580,2.4000000000000004,,,,,,,,,,,,,,,,,,,,,,,,,,,,,,,,,,,,
7738,2019,3,22,14,0,17.400000000000002,119,776,562,2.4000000000000004,,,,,,,,,,,,,,,,,,,,,,,,,,,,,,,,,,,,
7739,2019,3,22,14,15,17.400000000000002,117,766,540,2.3000000000000003,,,,,,,,,,,,,,,,,,,,,,,,,,,,,,,,,,,,
7740,2019,3,22,14,30,17.400000000000002,115,754,516,2.3000000000000003,,,,,,,,,,,,,,,,,,,,,,,,,,,,,,,,,,,,
7741,2019,3,22,14,45,17.400000000000002,108,752,492,2.2,,,,,,,,,,,,,,,,,,,,,,,,,,,,,,,,,,,,
7742,2019,3,22,15,0,17.400000000000002,105,737,463,2.2,,,,,,,,,,,,,,,,,,,,,,,,,,,,,,,,,,,,
7743,2019,3,22,15,15,17.2,102,719,432,2.1,,,,,,,,,,,,,,,,,,,,,,,,,,,,,,,,,,,,
7744,2019,3,22,15,30,17,99,698,399,2,,,,,,,,,,,,,,,,,,,,,,,,,,,,,,,,,,,,
7745,2019,3,22,15,45,16.8,92,685,365,1.9000000000000001,,,,,,,,,,,,,,,,,,,,,,,,,,,,,,,,,,,,
7746,2019,3,22,16,0,16.7,88,658,329,1.8,,,,,,,,,,,,,,,,,,,,,,,,,,,,,,,,,,,,
7747,2019,3,22,16,15,16,83,626,292,1.6,,,,,,,,,,,,,,,,,,,,,,,,,,,,,,,,,,,,
7748,2019,3,22,16,30,15.3,78,590,254,1.4000000000000001,,,,,,,,,,,,,,,,,,,,,,,,,,,,,,,,,,,,
7749,2019,3,22,16,45,14.600000000000001,70,558,216,1.2000000000000002,,,,,,,,,,,,,,,,,,,,,,,,,,,,,,,,,,,,
7750,2019,3,22,17,0,13.8,64,508,178,1.1,,,,,,,,,,,,,,,,,,,,,,,,,,,,,,,,,,,,
7751,2019,3,22,17,15,13.100000000000001,56,449,140,1.1,,,,,,,,,,,,,,,,,,,,,,,,,,,,,,,,,,,,
7752,2019,3,22,17,30,12.3,47,379,103,1.2000000000000002,,,,,,,,,,,,,,,,,,,,,,,,,,,,,,,,,,,,
7753,2019,3,22,17,45,11.5,37,302,70,1.3,,,,,,,,,,,,,,,,,,,,,,,,,,,,,,,,,,,,
7754,2019,3,22,18,0,10.700000000000001,25,204,39,1.4000000000000001,,,,,,,,,,,,,,,,,,,,,,,,,,,,,,,,,,,,
7755,2019,3,22,18,15,10.5,13,96,16,1.5,,,,,,,,,,,,,,,,,,,,,,,,,,,,,,,,,,,,
7756,2019,3,22,18,30,10.3,0,0,0,1.6,,,,,,,,,,,,,,,,,,,,,,,,,,,,,,,,,,,,
7757,2019,3,22,18,45,10,0,0,0,1.7000000000000002,,,,,,,,,,,,,,,,,,,,,,,,,,,,,,,,,,,,
7758,2019,3,22,19,0,9.8,0,0,0,1.8,,,,,,,,,,,,,,,,,,,,,,,,,,,,,,,,,,,,
7759,2019,3,22,19,15,9.700000000000001,0,0,0,1.8,,,,,,,,,,,,,,,,,,,,,,,,,,,,,,,,,,,,
7760,2019,3,22,19,30,9.5,0,0,0,1.9000000000000001,,,,,,,,,,,,,,,,,,,,,,,,,,,,,,,,,,,,
7761,2019,3,22,19,45,9.3,0,0,0,1.9000000000000001,,,,,,,,,,,,,,,,,,,,,,,,,,,,,,,,,,,,
7762,2019,3,22,20,0,9.1,0,0,0,2,,,,,,,,,,,,,,,,,,,,,,,,,,,,,,,,,,,,
7763,2019,3,22,20,15,9,0,0,0,2,,,,,,,,,,,,,,,,,,,,,,,,,,,,,,,,,,,,
7764,2019,3,22,20,30,8.8,0,0,0,2,,,,,,,,,,,,,,,,,,,,,,,,,,,,,,,,,,,,
7765,2019,3,22,20,45,8.6,0,0,0,2,,,,,,,,,,,,,,,,,,,,,,,,,,,,,,,,,,,,
7766,2019,3,22,21,0,8.4,0,0,0,2,,,,,,,,,,,,,,,,,,,,,,,,,,,,,,,,,,,,
7767,2019,3,22,21,15,8.3,0,0,0,1.9000000000000001,,,,,,,,,,,,,,,,,,,,,,,,,,,,,,,,,,,,
7768,2019,3,22,21,30,8.1,0,0,0,1.9000000000000001,,,,,,,,,,,,,,,,,,,,,,,,,,,,,,,,,,,,
7769,2019,3,22,21,45,8,0,0,0,1.8,,,,,,,,,,,,,,,,,,,,,,,,,,,,,,,,,,,,
7770,2019,3,22,22,0,7.800000000000001,0,0,0,1.8,,,,,,,,,,,,,,,,,,,,,,,,,,,,,,,,,,,,
7771,2019,3,22,22,15,7.7,0,0,0,1.7000000000000002,,,,,,,,,,,,,,,,,,,,,,,,,,,,,,,,,,,,
7772,2019,3,22,22,30,7.6000000000000005,0,0,0,1.7000000000000002,,,,,,,,,,,,,,,,,,,,,,,,,,,,,,,,,,,,
7773,2019,3,22,22,45,7.5,0,0,0,1.7000000000000002,,,,,,,,,,,,,,,,,,,,,,,,,,,,,,,,,,,,
7774,2019,3,22,23,0,7.300000000000001,0,0,0,1.6,,,,,,,,,,,,,,,,,,,,,,,,,,,,,,,,,,,,
7775,2019,3,22,23,15,7.300000000000001,0,0,0,1.6,,,,,,,,,,,,,,,,,,,,,,,,,,,,,,,,,,,,
7776,2019,3,22,23,30,7.2,0,0,0,1.6,,,,,,,,,,,,,,,,,,,,,,,,,,,,,,,,,,,,
7777,2019,3,22,23,45,7.1000000000000005,0,0,0,1.6,,,,,,,,,,,,,,,,,,,,,,,,,,,,,,,,,,,,
7778,2019,3,23,0,0,7.1000000000000005,0,0,0,1.6,,,,,,,,,,,,,,,,,,,,,,,,,,,,,,,,,,,,
7779,2019,3,23,0,15,7.1000000000000005,0,0,0,1.6,,,,,,,,,,,,,,,,,,,,,,,,,,,,,,,,,,,,
7780,2019,3,23,0,30,7.1000000000000005,0,0,0,1.6,,,,,,,,,,,,,,,,,,,,,,,,,,,,,,,,,,,,
7781,2019,3,23,0,45,7.1000000000000005,0,0,0,1.6,,,,,,,,,,,,,,,,,,,,,,,,,,,,,,,,,,,,
7782,2019,3,23,1,0,6.9,0,0,0,1.7000000000000002,,,,,,,,,,,,,,,,,,,,,,,,,,,,,,,,,,,,
7783,2019,3,23,1,15,6.800000000000001,0,0,0,1.8,,,,,,,,,,,,,,,,,,,,,,,,,,,,,,,,,,,,
7784,2019,3,23,1,30,6.7,0,0,0,1.8,,,,,,,,,,,,,,,,,,,,,,,,,,,,,,,,,,,,
7785,2019,3,23,1,45,6.7,0,0,0,1.9000000000000001,,,,,,,,,,,,,,,,,,,,,,,,,,,,,,,,,,,,
7786,2019,3,23,2,0,6.6000000000000005,0,0,0,1.9000000000000001,,,,,,,,,,,,,,,,,,,,,,,,,,,,,,,,,,,,
7787,2019,3,23,2,15,6.5,0,0,0,1.9000000000000001,,,,,,,,,,,,,,,,,,,,,,,,,,,,,,,,,,,,
7788,2019,3,23,2,30,6.4,0,0,0,1.9000000000000001,,,,,,,,,,,,,,,,,,,,,,,,,,,,,,,,,,,,
7789,2019,3,23,2,45,6.300000000000001,0,0,0,2,,,,,,,,,,,,,,,,,,,,,,,,,,,,,,,,,,,,
7790,2019,3,23,3,0,6.2,0,0,0,2,,,,,,,,,,,,,,,,,,,,,,,,,,,,,,,,,,,,
7791,2019,3,23,3,15,6.1000000000000005,0,0,0,2,,,,,,,,,,,,,,,,,,,,,,,,,,,,,,,,,,,,
7792,2019,3,23,3,30,6,0,0,0,2,,,,,,,,,,,,,,,,,,,,,,,,,,,,,,,,,,,,
7793,2019,3,23,3,45,5.9,0,0,0,2.1,,,,,,,,,,,,,,,,,,,,,,,,,,,,,,,,,,,,
7794,2019,3,23,4,0,5.800000000000001,0,0,0,2.1,,,,,,,,,,,,,,,,,,,,,,,,,,,,,,,,,,,,
7795,2019,3,23,4,15,5.800000000000001,0,0,0,2.1,,,,,,,,,,,,,,,,,,,,,,,,,,,,,,,,,,,,
7796,2019,3,23,4,30,5.7,0,0,0,2.1,,,,,,,,,,,,,,,,,,,,,,,,,,,,,,,,,,,,
7797,2019,3,23,4,45,5.6000000000000005,0,0,0,2.2,,,,,,,,,,,,,,,,,,,,,,,,,,,,,,,,,,,,
7798,2019,3,23,5,0,5.5,0,0,0,2.2,,,,,,,,,,,,,,,,,,,,,,,,,,,,,,,,,,,,
7799,2019,3,23,5,15,5.6000000000000005,0,0,0,2.4000000000000004,,,,,,,,,,,,,,,,,,,,,,,,,,,,,,,,,,,,
7800,2019,3,23,5,30,5.7,0,0,0,2.5,,,,,,,,,,,,,,,,,,,,,,,,,,,,,,,,,,,,
7801,2019,3,23,5,45,5.800000000000001,0,0,0,2.7,,,,,,,,,,,,,,,,,,,,,,,,,,,,,,,,,,,,
7802,2019,3,23,6,0,5.9,0,0,0,2.8000000000000003,,,,,,,,,,,,,,,,,,,,,,,,,,,,,,,,,,,,
7803,2019,3,23,6,15,6.4,0,0,0,3,,,,,,,,,,,,,,,,,,,,,,,,,,,,,,,,,,,,
7804,2019,3,23,6,30,6.800000000000001,16,170,23,3.2,,,,,,,,,,,,,,,,,,,,,,,,,,,,,,,,,,,,
7805,2019,3,23,6,45,7.2,27,272,49,3.4000000000000004,,,,,,,,,,,,,,,,,,,,,,,,,,,,,,,,,,,,
7806,2019,3,23,7,0,7.7,36,370,81,3.6,,,,,,,,,,,,,,,,,,,,,,,,,,,,,,,,,,,,
7807,2019,3,23,7,15,8.200000000000001,45,451,116,3.5,,,,,,,,,,,,,,,,,,,,,,,,,,,,,,,,,,,,
7808,2019,3,23,7,30,8.700000000000001,52,517,154,3.5,,,,,,,,,,,,,,,,,,,,,,,,,,,,,,,,,,,,
7809,2019,3,23,7,45,9.200000000000001,60,559,192,3.4000000000000004,,,,,,,,,,,,,,,,,,,,,,,,,,,,,,,,,,,,
7810,2019,3,23,8,0,9.700000000000001,102,36,112,3.3000000000000003,,,,,,,,,,,,,,,,,,,,,,,,,,,,,,,,,,,,
7811,2019,3,23,8,15,10.3,123,115,159,3.3000000000000003,,,,,,,,,,,,,,,,,,,,,,,,,,,,,,,,,,,,
7812,2019,3,23,8,30,10.9,138,167,196,3.3000000000000003,,,,,,,,,,,,,,,,,,,,,,,,,,,,,,,,,,,,
7813,2019,3,23,8,45,11.5,156,155,214,3.3000000000000003,,,,,,,,,,,,,,,,,,,,,,,,,,,,,,,,,,,,
7814,2019,3,23,9,0,12.200000000000001,172,148,233,3.4000000000000004,,,,,,,,,,,,,,,,,,,,,,,,,,,,,,,,,,,,
7815,2019,3,23,9,15,12.600000000000001,184,207,275,3.4000000000000004,,,,,,,,,,,,,,,,,,,,,,,,,,,,,,,,,,,,
7816,2019,3,23,9,30,13,194,257,314,3.5,,,,,,,,,,,,,,,,,,,,,,,,,,,,,,,,,,,,
7817,2019,3,23,9,45,13.4,202,293,347,3.5,,,,,,,,,,,,,,,,,,,,,,,,,,,,,,,,,,,,
7818,2019,3,23,10,0,13.8,215,291,367,3.6,,,,,,,,,,,,,,,,,,,,,,,,,,,,,,,,,,,,
7819,2019,3,23,10,15,14.100000000000001,226,299,388,3.6,,,,,,,,,,,,,,,,,,,,,,,,,,,,,,,,,,,,
7820,2019,3,23,10,30,14.3,229,338,419,3.7,,,,,,,,,,,,,,,,,,,,,,,,,,,,,,,,,,,,
7821,2019,3,23,10,45,14.600000000000001,129,759,569,3.7,,,,,,,,,,,,,,,,,,,,,,,,,,,,,,,,,,,,
7822,2019,3,23,11,0,14.8,131,768,588,3.7,,,,,,,,,,,,,,,,,,,,,,,,,,,,,,,,,,,,
7823,2019,3,23,11,15,15,134,775,604,3.7,,,,,,,,,,,,,,,,,,,,,,,,,,,,,,,,,,,,
7824,2019,3,23,11,30,15.100000000000001,135,780,616,3.7,,,,,,,,,,,,,,,,,,,,,,,,,,,,,,,,,,,,
7825,2019,3,23,11,45,15.200000000000001,143,767,622,3.8000000000000003,,,,,,,,,,,,,,,,,,,,,,,,,,,,,,,,,,,,
7826,2019,3,23,12,0,15.4,143,770,628,3.8000000000000003,,,,,,,,,,,,,,,,,,,,,,,,,,,,,,,,,,,,
7827,2019,3,23,12,15,15.4,144,771,631,3.8000000000000003,,,,,,,,,,,,,,,,,,,,,,,,,,,,,,,,,,,,
7828,2019,3,23,12,30,15.4,143,771,631,3.9000000000000004,,,,,,,,,,,,,,,,,,,,,,,,,,,,,,,,,,,,
7829,2019,3,23,12,45,15.4,194,655,606,3.9000000000000004,,,,,,,,,,,,,,,,,,,,,,,,,,,,,,,,,,,,
7830,2019,3,23,13,0,15.5,193,652,599,3.9000000000000004,,,,,,,,,,,,,,,,,,,,,,,,,,,,,,,,,,,,
7831,2019,3,23,13,15,15.4,191,647,590,4,,,,,,,,,,,,,,,,,,,,,,,,,,,,,,,,,,,,
7832,2019,3,23,13,30,15.3,189,641,577,4.1000000000000005,,,,,,,,,,,,,,,,,,,,,,,,,,,,,,,,,,,,
7833,2019,3,23,13,45,15.200000000000001,200,606,559,4.1000000000000005,,,,,,,,,,,,,,,,,,,,,,,,,,,,,,,,,,,,
7834,2019,3,23,14,0,15.100000000000001,197,596,540,4.2,,,,,,,,,,,,,,,,,,,,,,,,,,,,,,,,,,,,
7835,2019,3,23,14,15,15,193,585,519,4.2,,,,,,,,,,,,,,,,,,,,,,,,,,,,,,,,,,,,
7836,2019,3,23,14,30,14.8,240,130,310,4.2,,,,,,,,,,,,,,,,,,,,,,,,,,,,,,,,,,,,
7837,2019,3,23,14,45,14.600000000000001,226,114,285,4.3,,,,,,,,,,,,,,,,,,,,,,,,,,,,,,,,,,,,
7838,2019,3,23,15,0,14.4,204,62,235,4.3,,,,,,,,,,,,,,,,,,,,,,,,,,,,,,,,,,,,
7839,2019,3,23,15,15,14.100000000000001,163,417,356,4.3,,,,,,,,,,,,,,,,,,,,,,,,,,,,,,,,,,,,
7840,2019,3,23,15,30,13.8,143,450,338,4.2,,,,,,,,,,,,,,,,,,,,,,,,,,,,,,,,,,,,
7841,2019,3,23,15,45,13.4,172,424,343,4.2,,,,,,,,,,,,,,,,,,,,,,,,,,,,,,,,,,,,
7842,2019,3,23,16,0,13.100000000000001,162,394,308,4.2,,,,,,,,,,,,,,,,,,,,,,,,,,,,,,,,,,,,
7843,2019,3,23,16,15,12.700000000000001,117,345,234,3.9000000000000004,,,,,,,,,,,,,,,,,,,,,,,,,,,,,,,,,,,,
7844,2019,3,23,16,30,12.200000000000001,107,9,109,3.7,,,,,,,,,,,,,,,,,,,,,,,,,,,,,,,,,,,,
7845,2019,3,23,16,45,11.700000000000001,101,179,149,3.5,,,,,,,,,,,,,,,,,,,,,,,,,,,,,,,,,,,,
7846,2019,3,23,17,0,11.3,86,155,121,3.3000000000000003,,,,,,,,,,,,,,,,,,,,,,,,,,,,,,,,,,,,
7847,2019,3,23,17,15,10.8,70,131,95,3.1,,,,,,,,,,,,,,,,,,,,,,,,,,,,,,,,,,,,
7848,2019,3,23,17,30,10.3,54,107,71,3,,,,,,,,,,,,,,,,,,,,,,,,,,,,,,,,,,,,
7849,2019,3,23,17,45,9.700000000000001,39,84,49,2.8000000000000003,,,,,,,,,,,,,,,,,,,,,,,,,,,,,,,,,,,,
7850,2019,3,23,18,0,9.200000000000001,29,43,32,2.7,,,,,,,,,,,,,,,,,,,,,,,,,,,,,,,,,,,,
7851,2019,3,23,18,15,9,11,10,11,2.6,,,,,,,,,,,,,,,,,,,,,,,,,,,,,,,,,,,,
7852,2019,3,23,18,30,8.8,0,0,0,2.5,,,,,,,,,,,,,,,,,,,,,,,,,,,,,,,,,,,,
7853,2019,3,23,18,45,8.5,0,0,0,2.5,,,,,,,,,,,,,,,,,,,,,,,,,,,,,,,,,,,,
7854,2019,3,23,19,0,8.3,0,0,0,2.4000000000000004,,,,,,,,,,,,,,,,,,,,,,,,,,,,,,,,,,,,
7855,2019,3,23,19,15,8.1,0,0,0,2.3000000000000003,,,,,,,,,,,,,,,,,,,,,,,,,,,,,,,,,,,,
7856,2019,3,23,19,30,7.9,0,0,0,2.2,,,,,,,,,,,,,,,,,,,,,,,,,,,,,,,,,,,,
7857,2019,3,23,19,45,7.800000000000001,0,0,0,2.1,,,,,,,,,,,,,,,,,,,,,,,,,,,,,,,,,,,,
7858,2019,3,23,20,0,7.6000000000000005,0,0,0,2,,,,,,,,,,,,,,,,,,,,,,,,,,,,,,,,,,,,
7859,2019,3,23,20,15,7.4,0,0,0,2,,,,,,,,,,,,,,,,,,,,,,,,,,,,,,,,,,,,
7860,2019,3,23,20,30,7.300000000000001,0,0,0,1.9000000000000001,,,,,,,,,,,,,,,,,,,,,,,,,,,,,,,,,,,,
7861,2019,3,23,20,45,7.1000000000000005,0,0,0,1.9000000000000001,,,,,,,,,,,,,,,,,,,,,,,,,,,,,,,,,,,,
7862,2019,3,23,21,0,6.9,0,0,0,1.8,,,,,,,,,,,,,,,,,,,,,,,,,,,,,,,,,,,,
7863,2019,3,23,21,15,6.800000000000001,0,0,0,1.8,,,,,,,,,,,,,,,,,,,,,,,,,,,,,,,,,,,,
7864,2019,3,23,21,30,6.7,0,0,0,1.8,,,,,,,,,,,,,,,,,,,,,,,,,,,,,,,,,,,,
7865,2019,3,23,21,45,6.5,0,0,0,1.7000000000000002,,,,,,,,,,,,,,,,,,,,,,,,,,,,,,,,,,,,
7866,2019,3,23,22,0,6.4,0,0,0,1.7000000000000002,,,,,,,,,,,,,,,,,,,,,,,,,,,,,,,,,,,,
7867,2019,3,23,22,15,6.2,0,0,0,1.6,,,,,,,,,,,,,,,,,,,,,,,,,,,,,,,,,,,,
7868,2019,3,23,22,30,6,0,0,0,1.6,,,,,,,,,,,,,,,,,,,,,,,,,,,,,,,,,,,,
7869,2019,3,23,22,45,5.800000000000001,0,0,0,1.5,,,,,,,,,,,,,,,,,,,,,,,,,,,,,,,,,,,,
7870,2019,3,23,23,0,5.5,0,0,0,1.5,,,,,,,,,,,,,,,,,,,,,,,,,,,,,,,,,,,,
7871,2019,3,23,23,15,5.300000000000001,0,0,0,1.5,,,,,,,,,,,,,,,,,,,,,,,,,,,,,,,,,,,,
7872,2019,3,23,23,30,5.1000000000000005,0,0,0,1.5,,,,,,,,,,,,,,,,,,,,,,,,,,,,,,,,,,,,
7873,2019,3,23,23,45,4.9,0,0,0,1.5,,,,,,,,,,,,,,,,,,,,,,,,,,,,,,,,,,,,
7874,2019,3,24,0,0,4.7,0,0,0,1.5,,,,,,,,,,,,,,,,,,,,,,,,,,,,,,,,,,,,
7875,2019,3,24,0,15,4.7,0,0,0,1.5,,,,,,,,,,,,,,,,,,,,,,,,,,,,,,,,,,,,
7876,2019,3,24,0,30,4.7,0,0,0,1.5,,,,,,,,,,,,,,,,,,,,,,,,,,,,,,,,,,,,
7877,2019,3,24,0,45,4.7,0,0,0,1.5,,,,,,,,,,,,,,,,,,,,,,,,,,,,,,,,,,,,
7878,2019,3,24,1,0,3.8000000000000003,0,0,0,1.6,,,,,,,,,,,,,,,,,,,,,,,,,,,,,,,,,,,,
7879,2019,3,24,1,15,3.7,0,0,0,1.6,,,,,,,,,,,,,,,,,,,,,,,,,,,,,,,,,,,,
7880,2019,3,24,1,30,3.5,0,0,0,1.6,,,,,,,,,,,,,,,,,,,,,,,,,,,,,,,,,,,,
7881,2019,3,24,1,45,3.3000000000000003,0,0,0,1.6,,,,,,,,,,,,,,,,,,,,,,,,,,,,,,,,,,,,
7882,2019,3,24,2,0,3.1,0,0,0,1.6,,,,,,,,,,,,,,,,,,,,,,,,,,,,,,,,,,,,
7883,2019,3,24,2,15,3,0,0,0,1.6,,,,,,,,,,,,,,,,,,,,,,,,,,,,,,,,,,,,
7884,2019,3,24,2,30,2.8000000000000003,0,0,0,1.6,,,,,,,,,,,,,,,,,,,,,,,,,,,,,,,,,,,,
7885,2019,3,24,2,45,2.7,0,0,0,1.6,,,,,,,,,,,,,,,,,,,,,,,,,,,,,,,,,,,,
7886,2019,3,24,3,0,2.6,0,0,0,1.6,,,,,,,,,,,,,,,,,,,,,,,,,,,,,,,,,,,,
7887,2019,3,24,3,15,2.5,0,0,0,1.6,,,,,,,,,,,,,,,,,,,,,,,,,,,,,,,,,,,,
7888,2019,3,24,3,30,2.5,0,0,0,1.6,,,,,,,,,,,,,,,,,,,,,,,,,,,,,,,,,,,,
7889,2019,3,24,3,45,2.5,0,0,0,1.6,,,,,,,,,,,,,,,,,,,,,,,,,,,,,,,,,,,,
7890,2019,3,24,4,0,2.4000000000000004,0,0,0,1.6,,,,,,,,,,,,,,,,,,,,,,,,,,,,,,,,,,,,
7891,2019,3,24,4,15,2.4000000000000004,0,0,0,1.6,,,,,,,,,,,,,,,,,,,,,,,,,,,,,,,,,,,,
7892,2019,3,24,4,30,2.4000000000000004,0,0,0,1.7000000000000002,,,,,,,,,,,,,,,,,,,,,,,,,,,,,,,,,,,,
7893,2019,3,24,4,45,2.4000000000000004,0,0,0,1.8,,,,,,,,,,,,,,,,,,,,,,,,,,,,,,,,,,,,
7894,2019,3,24,5,0,2.4000000000000004,0,0,0,1.8,,,,,,,,,,,,,,,,,,,,,,,,,,,,,,,,,,,,
7895,2019,3,24,5,15,2.3000000000000003,0,0,0,1.8,,,,,,,,,,,,,,,,,,,,,,,,,,,,,,,,,,,,
7896,2019,3,24,5,30,2.3000000000000003,0,0,0,1.8,,,,,,,,,,,,,,,,,,,,,,,,,,,,,,,,,,,,
7897,2019,3,24,5,45,2.2,0,0,0,1.7000000000000002,,,,,,,,,,,,,,,,,,,,,,,,,,,,,,,,,,,,
7898,2019,3,24,6,0,2.2,0,0,0,1.7000000000000002,,,,,,,,,,,,,,,,,,,,,,,,,,,,,,,,,,,,
7899,2019,3,24,6,15,2.3000000000000003,0,0,0,1.7000000000000002,,,,,,,,,,,,,,,,,,,,,,,,,,,,,,,,,,,,
7900,2019,3,24,6,30,2.5,21,62,24,1.7000000000000002,,,,,,,,,,,,,,,,,,,,,,,,,,,,,,,,,,,,
7901,2019,3,24,6,45,2.6,37,149,50,1.7000000000000002,,,,,,,,,,,,,,,,,,,,,,,,,,,,,,,,,,,,
7902,2019,3,24,7,0,2.8000000000000003,51,239,82,1.6,,,,,,,,,,,,,,,,,,,,,,,,,,,,,,,,,,,,
7903,2019,3,24,7,15,3.2,64,319,117,1.6,,,,,,,,,,,,,,,,,,,,,,,,,,,,,,,,,,,,
7904,2019,3,24,7,30,3.6,11,0,11,1.6,,,,,,,,,,,,,,,,,,,,,,,,,,,,,,,,,,,,
7905,2019,3,24,7,45,4,14,0,14,1.6,,,,,,,,,,,,,,,,,,,,,,,,,,,,,,,,,,,,
7906,2019,3,24,8,0,4.5,17,0,17,1.6,,,,,,,,,,,,,,,,,,,,,,,,,,,,,,,,,,,,
7907,2019,3,24,8,15,5.1000000000000005,21,0,21,1.5,,,,,,,,,,,,,,,,,,,,,,,,,,,,,,,,,,,,
7908,2019,3,24,8,30,5.7,24,0,24,1.4000000000000001,,,,,,,,,,,,,,,,,,,,,,,,,,,,,,,,,,,,
7909,2019,3,24,8,45,6.4,27,0,27,1.4000000000000001,,,,,,,,,,,,,,,,,,,,,,,,,,,,,,,,,,,,
7910,2019,3,24,9,0,7,31,0,31,1.3,,,,,,,,,,,,,,,,,,,,,,,,,,,,,,,,,,,,
7911,2019,3,24,9,15,7.5,34,0,34,1.2000000000000002,,,,,,,,,,,,,,,,,,,,,,,,,,,,,,,,,,,,
7912,2019,3,24,9,30,8,38,0,38,1.2000000000000002,,,,,,,,,,,,,,,,,,,,,,,,,,,,,,,,,,,,
7913,2019,3,24,9,45,8.4,41,0,41,1.1,,,,,,,,,,,,,,,,,,,,,,,,,,,,,,,,,,,,
7914,2019,3,24,10,0,8.9,44,0,44,1.1,,,,,,,,,,,,,,,,,,,,,,,,,,,,,,,,,,,,
7915,2019,3,24,10,15,9.200000000000001,46,0,46,1.2000000000000002,,,,,,,,,,,,,,,,,,,,,,,,,,,,,,,,,,,,
7916,2019,3,24,10,30,9.4,145,0,145,1.2000000000000002,,,,,,,,,,,,,,,,,,,,,,,,,,,,,,,,,,,,
7917,2019,3,24,10,45,9.700000000000001,152,0,152,1.3,,,,,,,,,,,,,,,,,,,,,,,,,,,,,,,,,,,,
7918,2019,3,24,11,0,9.9,158,0,158,1.3,,,,,,,,,,,,,,,,,,,,,,,,,,,,,,,,,,,,
7919,2019,3,24,11,15,10.100000000000001,164,0,164,1.4000000000000001,,,,,,,,,,,,,,,,,,,,,,,,,,,,,,,,,,,,
7920,2019,3,24,11,30,10.200000000000001,167,1,168,1.5,,,,,,,,,,,,,,,,,,,,,,,,,,,,,,,,,,,,
7921,2019,3,24,11,45,10.4,225,17,236,1.5,,,,,,,,,,,,,,,,,,,,,,,,,,,,,,,,,,,,
7922,2019,3,24,12,0,10.5,183,4,186,1.6,,,,,,,,,,,,,,,,,,,,,,,,,,,,,,,,,,,,
7923,2019,3,24,12,15,10.600000000000001,88,0,88,1.7000000000000002,,,,,,,,,,,,,,,,,,,,,,,,,,,,,,,,,,,,
7924,2019,3,24,12,30,10.700000000000001,183,4,185,1.7000000000000002,,,,,,,,,,,,,,,,,,,,,,,,,,,,,,,,,,,,
7925,2019,3,24,12,45,10.8,290,98,352,1.8,,,,,,,,,,,,,,,,,,,,,,,,,,,,,,,,,,,,
7926,2019,3,24,13,0,10.8,292,146,384,1.9000000000000001,,,,,,,,,,,,,,,,,,,,,,,,,,,,,,,,,,,,
7927,2019,3,24,13,15,10.9,286,202,411,1.9000000000000001,,,,,,,,,,,,,,,,,,,,,,,,,,,,,,,,,,,,
7928,2019,3,24,13,30,10.9,281,161,379,2,,,,,,,,,,,,,,,,,,,,,,,,,,,,,,,,,,,,
7929,2019,3,24,13,45,10.9,274,154,366,2.1,,,,,,,,,,,,,,,,,,,,,,,,,,,,,,,,,,,,
7930,2019,3,24,14,0,10.9,262,201,379,2.2,,,,,,,,,,,,,,,,,,,,,,,,,,,,,,,,,,,,
7931,2019,3,24,14,15,10.9,254,145,336,2.2,,,,,,,,,,,,,,,,,,,,,,,,,,,,,,,,,,,,
7932,2019,3,24,14,30,10.8,240,206,352,2.3000000000000003,,,,,,,,,,,,,,,,,,,,,,,,,,,,,,,,,,,,
7933,2019,3,24,14,45,10.700000000000001,191,19,201,2.4000000000000004,,,,,,,,,,,,,,,,,,,,,,,,,,,,,,,,,,,,
7934,2019,3,24,15,0,10.700000000000001,216,115,273,2.5,,,,,,,,,,,,,,,,,,,,,,,,,,,,,,,,,,,,
7935,2019,3,24,15,15,10.5,115,0,115,2.5,,,,,,,,,,,,,,,,,,,,,,,,,,,,,,,,,,,,
7936,2019,3,24,15,30,10.4,141,0,141,2.5,,,,,,,,,,,,,,,,,,,,,,,,,,,,,,,,,,,,
7937,2019,3,24,15,45,10.200000000000001,158,35,172,2.5,,,,,,,,,,,,,,,,,,,,,,,,,,,,,,,,,,,,
7938,2019,3,24,16,0,10.100000000000001,71,0,71,2.5,,,,,,,,,,,,,,,,,,,,,,,,,,,,,,,,,,,,
7939,2019,3,24,16,15,9.700000000000001,135,59,155,2.2,,,,,,,,,,,,,,,,,,,,,,,,,,,,,,,,,,,,
7940,2019,3,24,16,30,9.3,115,248,191,2,,,,,,,,,,,,,,,,,,,,,,,,,,,,,,,,,,,,
7941,2019,3,24,16,45,8.8,70,0,70,1.7000000000000002,,,,,,,,,,,,,,,,,,,,,,,,,,,,,,,,,,,,
7942,2019,3,24,17,0,8.4,57,0,57,1.4000000000000001,,,,,,,,,,,,,,,,,,,,,,,,,,,,,,,,,,,,
7943,2019,3,24,17,15,7.6000000000000005,45,0,45,1.4000000000000001,,,,,,,,,,,,,,,,,,,,,,,,,,,,,,,,,,,,
7944,2019,3,24,17,30,6.7,23,0,23,1.3,,,,,,,,,,,,,,,,,,,,,,,,,,,,,,,,,,,,
7945,2019,3,24,17,45,5.9,26,0,26,1.2000000000000002,,,,,,,,,,,,,,,,,,,,,,,,,,,,,,,,,,,,
7946,2019,3,24,18,0,5,10,0,10,1.2000000000000002,,,,,,,,,,,,,,,,,,,,,,,,,,,,,,,,,,,,
7947,2019,3,24,18,15,4.7,5,0,5,1.2000000000000002,,,,,,,,,,,,,,,,,,,,,,,,,,,,,,,,,,,,
7948,2019,3,24,18,30,4.4,0,0,0,1.2000000000000002,,,,,,,,,,,,,,,,,,,,,,,,,,,,,,,,,,,,
7949,2019,3,24,18,45,4.1000000000000005,0,0,0,1.3,,,,,,,,,,,,,,,,,,,,,,,,,,,,,,,,,,,,
7950,2019,3,24,19,0,3.7,0,0,0,1.3,,,,,,,,,,,,,,,,,,,,,,,,,,,,,,,,,,,,
7951,2019,3,24,19,15,3.5,0,0,0,1.4000000000000001,,,,,,,,,,,,,,,,,,,,,,,,,,,,,,,,,,,,
7952,2019,3,24,19,30,3.3000000000000003,0,0,0,1.4000000000000001,,,,,,,,,,,,,,,,,,,,,,,,,,,,,,,,,,,,
7953,2019,3,24,19,45,3.1,0,0,0,1.5,,,,,,,,,,,,,,,,,,,,,,,,,,,,,,,,,,,,
7954,2019,3,24,20,0,3,0,0,0,1.5,,,,,,,,,,,,,,,,,,,,,,,,,,,,,,,,,,,,
7955,2019,3,24,20,15,2.8000000000000003,0,0,0,1.6,,,,,,,,,,,,,,,,,,,,,,,,,,,,,,,,,,,,
7956,2019,3,24,20,30,2.7,0,0,0,1.6,,,,,,,,,,,,,,,,,,,,,,,,,,,,,,,,,,,,
7957,2019,3,24,20,45,2.5,0,0,0,1.7000000000000002,,,,,,,,,,,,,,,,,,,,,,,,,,,,,,,,,,,,
7958,2019,3,24,21,0,2.4000000000000004,0,0,0,1.7000000000000002,,,,,,,,,,,,,,,,,,,,,,,,,,,,,,,,,,,,
7959,2019,3,24,21,15,2.2,0,0,0,1.7000000000000002,,,,,,,,,,,,,,,,,,,,,,,,,,,,,,,,,,,,
7960,2019,3,24,21,30,2.1,0,0,0,1.8,,,,,,,,,,,,,,,,,,,,,,,,,,,,,,,,,,,,
7961,2019,3,24,21,45,1.9000000000000001,0,0,0,1.8,,,,,,,,,,,,,,,,,,,,,,,,,,,,,,,,,,,,
7962,2019,3,24,22,0,1.8,0,0,0,1.8,,,,,,,,,,,,,,,,,,,,,,,,,,,,,,,,,,,,
7963,2019,3,24,22,15,1.6,0,0,0,1.8,,,,,,,,,,,,,,,,,,,,,,,,,,,,,,,,,,,,
7964,2019,3,24,22,30,1.5,0,0,0,1.8,,,,,,,,,,,,,,,,,,,,,,,,,,,,,,,,,,,,
7965,2019,3,24,22,45,1.3,0,0,0,1.9000000000000001,,,,,,,,,,,,,,,,,,,,,,,,,,,,,,,,,,,,
7966,2019,3,24,23,0,1.2000000000000002,0,0,0,1.9000000000000001,,,,,,,,,,,,,,,,,,,,,,,,,,,,,,,,,,,,
7967,2019,3,24,23,15,1.1,0,0,0,1.9000000000000001,,,,,,,,,,,,,,,,,,,,,,,,,,,,,,,,,,,,
7968,2019,3,24,23,30,1,0,0,0,1.9000000000000001,,,,,,,,,,,,,,,,,,,,,,,,,,,,,,,,,,,,
7969,2019,3,24,23,45,0.8,0,0,0,2,,,,,,,,,,,,,,,,,,,,,,,,,,,,,,,,,,,,
7970,2019,3,25,0,0,0.7000000000000001,0,0,0,2,,,,,,,,,,,,,,,,,,,,,,,,,,,,,,,,,,,,
7971,2019,3,25,0,15,0.7000000000000001,0,0,0,2,,,,,,,,,,,,,,,,,,,,,,,,,,,,,,,,,,,,
7972,2019,3,25,0,30,0.7000000000000001,0,0,0,2,,,,,,,,,,,,,,,,,,,,,,,,,,,,,,,,,,,,
7973,2019,3,25,0,45,0.7000000000000001,0,0,0,2,,,,,,,,,,,,,,,,,,,,,,,,,,,,,,,,,,,,
7974,2019,3,25,1,0,0.4,0,0,0,2.2,,,,,,,,,,,,,,,,,,,,,,,,,,,,,,,,,,,,
7975,2019,3,25,1,15,0.4,0,0,0,2.3000000000000003,,,,,,,,,,,,,,,,,,,,,,,,,,,,,,,,,,,,
7976,2019,3,25,1,30,0.30000000000000004,0,0,0,2.4000000000000004,,,,,,,,,,,,,,,,,,,,,,,,,,,,,,,,,,,,
7977,2019,3,25,1,45,0.30000000000000004,0,0,0,2.5,,,,,,,,,,,,,,,,,,,,,,,,,,,,,,,,,,,,
7978,2019,3,25,2,0,0.2,0,0,0,2.6,,,,,,,,,,,,,,,,,,,,,,,,,,,,,,,,,,,,
7979,2019,3,25,2,15,0.2,0,0,0,2.7,,,,,,,,,,,,,,,,,,,,,,,,,,,,,,,,,,,,
7980,2019,3,25,2,30,0.2,0,0,0,2.8000000000000003,,,,,,,,,,,,,,,,,,,,,,,,,,,,,,,,,,,,
7981,2019,3,25,2,45,0.2,0,0,0,2.9000000000000004,,,,,,,,,,,,,,,,,,,,,,,,,,,,,,,,,,,,
7982,2019,3,25,3,0,0.2,0,0,0,3.1,,,,,,,,,,,,,,,,,,,,,,,,,,,,,,,,,,,,
7983,2019,3,25,3,15,0.30000000000000004,0,0,0,3.3000000000000003,,,,,,,,,,,,,,,,,,,,,,,,,,,,,,,,,,,,
7984,2019,3,25,3,30,0.4,0,0,0,3.5,,,,,,,,,,,,,,,,,,,,,,,,,,,,,,,,,,,,
7985,2019,3,25,3,45,0.6000000000000001,0,0,0,3.7,,,,,,,,,,,,,,,,,,,,,,,,,,,,,,,,,,,,
7986,2019,3,25,4,0,0.7000000000000001,0,0,0,3.9000000000000004,,,,,,,,,,,,,,,,,,,,,,,,,,,,,,,,,,,,
7987,2019,3,25,4,15,0.8,0,0,0,4,,,,,,,,,,,,,,,,,,,,,,,,,,,,,,,,,,,,
7988,2019,3,25,4,30,0.9,0,0,0,4.2,,,,,,,,,,,,,,,,,,,,,,,,,,,,,,,,,,,,
7989,2019,3,25,4,45,1,0,0,0,4.4,,,,,,,,,,,,,,,,,,,,,,,,,,,,,,,,,,,,
7990,2019,3,25,5,0,1.1,0,0,0,4.6000000000000005,,,,,,,,,,,,,,,,,,,,,,,,,,,,,,,,,,,,
7991,2019,3,25,5,15,1.3,0,0,0,4.800000000000001,,,,,,,,,,,,,,,,,,,,,,,,,,,,,,,,,,,,
7992,2019,3,25,5,30,1.5,0,0,0,5,,,,,,,,,,,,,,,,,,,,,,,,,,,,,,,,,,,,
7993,2019,3,25,5,45,1.7000000000000002,0,0,0,5.2,,,,,,,,,,,,,,,,,,,,,,,,,,,,,,,,,,,,
7994,2019,3,25,6,0,1.9000000000000001,0,0,0,5.4,,,,,,,,,,,,,,,,,,,,,,,,,,,,,,,,,,,,
7995,2019,3,25,6,15,2.1,0,0,0,5.4,,,,,,,,,,,,,,,,,,,,,,,,,,,,,,,,,,,,
7996,2019,3,25,6,30,2.3000000000000003,3,0,3,5.4,,,,,,,,,,,,,,,,,,,,,,,,,,,,,,,,,,,,
7997,2019,3,25,6,45,2.6,5,0,5,5.4,,,,,,,,,,,,,,,,,,,,,,,,,,,,,,,,,,,,
7998,2019,3,25,7,0,2.8000000000000003,7,0,7,5.300000000000001,,,,,,,,,,,,,,,,,,,,,,,,,,,,,,,,,,,,
7999,2019,3,25,7,15,3.1,9,0,9,5.5,,,,,,,,,,,,,,,,,,,,,,,,,,,,,,,,,,,,
8000,2019,3,25,7,30,3.3000000000000003,12,0,12,5.6000000000000005,,,,,,,,,,,,,,,,,,,,,,,,,,,,,,,,,,,,
8001,2019,3,25,7,45,3.6,9,0,9,5.7,,,,,,,,,,,,,,,,,,,,,,,,,,,,,,,,,,,,
8002,2019,3,25,8,0,3.9000000000000004,10,0,10,5.800000000000001,,,,,,,,,,,,,,,,,,,,,,,,,,,,,,,,,,,,
8003,2019,3,25,8,15,4.1000000000000005,21,0,21,6,,,,,,,,,,,,,,,,,,,,,,,,,,,,,,,,,,,,
8004,2019,3,25,8,30,4.3,25,0,25,6.1000000000000005,,,,,,,,,,,,,,,,,,,,,,,,,,,,,,,,,,,,
8005,2019,3,25,8,45,4.5,28,0,28,6.2,,,,,,,,,,,,,,,,,,,,,,,,,,,,,,,,,,,,
8006,2019,3,25,9,0,4.7,102,0,102,6.300000000000001,,,,,,,,,,,,,,,,,,,,,,,,,,,,,,,,,,,,
8007,2019,3,25,9,15,4.9,179,41,198,6.300000000000001,,,,,,,,,,,,,,,,,,,,,,,,,,,,,,,,,,,,
8008,2019,3,25,9,30,5,124,696,458,6.300000000000001,,,,,,,,,,,,,,,,,,,,,,,,,,,,,,,,,,,,
8009,2019,3,25,9,45,5.1000000000000005,223,136,292,6.2,,,,,,,,,,,,,,,,,,,,,,,,,,,,,,,,,,,,
8010,2019,3,25,10,0,5.2,159,0,159,6.2,,,,,,,,,,,,,,,,,,,,,,,,,,,,,,,,,,,,
8011,2019,3,25,10,15,5.300000000000001,144,718,541,6.2,,,,,,,,,,,,,,,,,,,,,,,,,,,,,,,,,,,,
8012,2019,3,25,10,30,5.5,237,46,263,6.1000000000000005,,,,,,,,,,,,,,,,,,,,,,,,,,,,,,,,,,,,
8013,2019,3,25,10,45,5.6000000000000005,133,0,133,6.1000000000000005,,,,,,,,,,,,,,,,,,,,,,,,,,,,,,,,,,,,
8014,2019,3,25,11,0,5.7,92,0,92,6.1000000000000005,,,,,,,,,,,,,,,,,,,,,,,,,,,,,,,,,,,,
8015,2019,3,25,11,15,5.7,249,36,271,6,,,,,,,,,,,,,,,,,,,,,,,,,,,,,,,,,,,,
8016,2019,3,25,11,30,5.7,269,54,302,5.9,,,,,,,,,,,,,,,,,,,,,,,,,,,,,,,,,,,,
8017,2019,3,25,11,45,5.800000000000001,222,15,232,5.800000000000001,,,,,,,,,,,,,,,,,,,,,,,,,,,,,,,,,,,,
8018,2019,3,25,12,0,5.800000000000001,43,0,43,5.800000000000001,,,,,,,,,,,,,,,,,,,,,,,,,,,,,,,,,,,,
8019,2019,3,25,12,15,5.9,50,0,50,5.7,,,,,,,,,,,,,,,,,,,,,,,,,,,,,,,,,,,,
8020,2019,3,25,12,30,5.9,100,0,100,5.6000000000000005,,,,,,,,,,,,,,,,,,,,,,,,,,,,,,,,,,,,
8021,2019,3,25,12,45,6,116,0,116,5.5,,,,,,,,,,,,,,,,,,,,,,,,,,,,,,,,,,,,
8022,2019,3,25,13,0,6,210,11,217,5.4,,,,,,,,,,,,,,,,,,,,,,,,,,,,,,,,,,,,
8023,2019,3,25,13,15,6.1000000000000005,134,0,134,5.4,,,,,,,,,,,,,,,,,,,,,,,,,,,,,,,,,,,,
8024,2019,3,25,13,30,6.1000000000000005,55,0,55,5.300000000000001,,,,,,,,,,,,,,,,,,,,,,,,,,,,,,,,,,,,
8025,2019,3,25,13,45,6.2,277,146,365,5.2,,,,,,,,,,,,,,,,,,,,,,,,,,,,,,,,,,,,
8026,2019,3,25,14,0,6.300000000000001,267,184,375,5.2,,,,,,,,,,,,,,,,,,,,,,,,,,,,,,,,,,,,
8027,2019,3,25,14,15,6.300000000000001,158,0,158,5.1000000000000005,,,,,,,,,,,,,,,,,,,,,,,,,,,,,,,,,,,,
8028,2019,3,25,14,30,6.300000000000001,196,451,442,5,,,,,,,,,,,,,,,,,,,,,,,,,,,,,,,,,,,,
8029,2019,3,25,14,45,6.300000000000001,190,428,415,4.9,,,,,,,,,,,,,,,,,,,,,,,,,,,,,,,,,,,,
8030,2019,3,25,15,0,6.4,180,419,389,4.9,,,,,,,,,,,,,,,,,,,,,,,,,,,,,,,,,,,,
8031,2019,3,25,15,15,6.300000000000001,182,343,344,4.7,,,,,,,,,,,,,,,,,,,,,,,,,,,,,,,,,,,,
8032,2019,3,25,15,30,6.2,130,528,364,4.6000000000000005,,,,,,,,,,,,,,,,,,,,,,,,,,,,,,,,,,,,
8033,2019,3,25,15,45,6.1000000000000005,138,2,139,4.4,,,,,,,,,,,,,,,,,,,,,,,,,,,,,,,,,,,,
8034,2019,3,25,16,0,6,123,561,337,4.3,,,,,,,,,,,,,,,,,,,,,,,,,,,,,,,,,,,,
8035,2019,3,25,16,15,5.800000000000001,116,526,299,3.9000000000000004,,,,,,,,,,,,,,,,,,,,,,,,,,,,,,,,,,,,
8036,2019,3,25,16,30,5.6000000000000005,99,0,99,3.6,,,,,,,,,,,,,,,,,,,,,,,,,,,,,,,,,,,,
8037,2019,3,25,16,45,5.4,89,505,228,3.3000000000000003,,,,,,,,,,,,,,,,,,,,,,,,,,,,,,,,,,,,
8038,2019,3,25,17,0,5.2,66,0,66,3,,,,,,,,,,,,,,,,,,,,,,,,,,,,,,,,,,,,
8039,2019,3,25,17,15,4.800000000000001,51,0,51,2.8000000000000003,,,,,,,,,,,,,,,,,,,,,,,,,,,,,,,,,,,,
8040,2019,3,25,17,30,4.3,62,318,113,2.6,,,,,,,,,,,,,,,,,,,,,,,,,,,,,,,,,,,,
8041,2019,3,25,17,45,3.9000000000000004,47,275,80,2.4000000000000004,,,,,,,,,,,,,,,,,,,,,,,,,,,,,,,,,,,,
8042,2019,3,25,18,0,3.5,16,0,16,2.2,,,,,,,,,,,,,,,,,,,,,,,,,,,,,,,,,,,,
8043,2019,3,25,18,15,3.3000000000000003,8,0,8,2.2,,,,,,,,,,,,,,,,,,,,,,,,,,,,,,,,,,,,
8044,2019,3,25,18,30,3.1,0,0,0,2.2,,,,,,,,,,,,,,,,,,,,,,,,,,,,,,,,,,,,
8045,2019,3,25,18,45,2.9000000000000004,0,0,0,2.2,,,,,,,,,,,,,,,,,,,,,,,,,,,,,,,,,,,,
8046,2019,3,25,19,0,2.7,0,0,0,2.3000000000000003,,,,,,,,,,,,,,,,,,,,,,,,,,,,,,,,,,,,
8047,2019,3,25,19,15,2.6,0,0,0,2.3000000000000003,,,,,,,,,,,,,,,,,,,,,,,,,,,,,,,,,,,,
8048,2019,3,25,19,30,2.5,0,0,0,2.4000000000000004,,,,,,,,,,,,,,,,,,,,,,,,,,,,,,,,,,,,
8049,2019,3,25,19,45,2.4000000000000004,0,0,0,2.4000000000000004,,,,,,,,,,,,,,,,,,,,,,,,,,,,,,,,,,,,
8050,2019,3,25,20,0,2.3000000000000003,0,0,0,2.5,,,,,,,,,,,,,,,,,,,,,,,,,,,,,,,,,,,,
8051,2019,3,25,20,15,2.2,0,0,0,2.6,,,,,,,,,,,,,,,,,,,,,,,,,,,,,,,,,,,,
8052,2019,3,25,20,30,2.2,0,0,0,2.6,,,,,,,,,,,,,,,,,,,,,,,,,,,,,,,,,,,,
8053,2019,3,25,20,45,2.1,0,0,0,2.7,,,,,,,,,,,,,,,,,,,,,,,,,,,,,,,,,,,,
8054,2019,3,25,21,0,2,0,0,0,2.7,,,,,,,,,,,,,,,,,,,,,,,,,,,,,,,,,,,,
8055,2019,3,25,21,15,1.9000000000000001,0,0,0,2.7,,,,,,,,,,,,,,,,,,,,,,,,,,,,,,,,,,,,
8056,2019,3,25,21,30,1.8,0,0,0,2.7,,,,,,,,,,,,,,,,,,,,,,,,,,,,,,,,,,,,
8057,2019,3,25,21,45,1.7000000000000002,0,0,0,2.7,,,,,,,,,,,,,,,,,,,,,,,,,,,,,,,,,,,,
8058,2019,3,25,22,0,1.6,0,0,0,2.8000000000000003,,,,,,,,,,,,,,,,,,,,,,,,,,,,,,,,,,,,
8059,2019,3,25,22,15,1.6,0,0,0,2.7,,,,,,,,,,,,,,,,,,,,,,,,,,,,,,,,,,,,
8060,2019,3,25,22,30,1.5,0,0,0,2.7,,,,,,,,,,,,,,,,,,,,,,,,,,,,,,,,,,,,
8061,2019,3,25,22,45,1.5,0,0,0,2.7,,,,,,,,,,,,,,,,,,,,,,,,,,,,,,,,,,,,
8062,2019,3,25,23,0,1.4000000000000001,0,0,0,2.7,,,,,,,,,,,,,,,,,,,,,,,,,,,,,,,,,,,,
8063,2019,3,25,23,15,1.4000000000000001,0,0,0,2.8000000000000003,,,,,,,,,,,,,,,,,,,,,,,,,,,,,,,,,,,,
8064,2019,3,25,23,30,1.4000000000000001,0,0,0,3,,,,,,,,,,,,,,,,,,,,,,,,,,,,,,,,,,,,
8065,2019,3,25,23,45,1.5,0,0,0,3.1,,,,,,,,,,,,,,,,,,,,,,,,,,,,,,,,,,,,
8066,2019,3,26,0,0,1.5,0,0,0,3.2,,,,,,,,,,,,,,,,,,,,,,,,,,,,,,,,,,,,
8067,2019,3,26,0,15,1.5,0,0,0,3.2,,,,,,,,,,,,,,,,,,,,,,,,,,,,,,,,,,,,
8068,2019,3,26,0,30,1.5,0,0,0,3.2,,,,,,,,,,,,,,,,,,,,,,,,,,,,,,,,,,,,
8069,2019,3,26,0,45,1.5,0,0,0,3.2,,,,,,,,,,,,,,,,,,,,,,,,,,,,,,,,,,,,
8070,2019,3,26,1,0,1.7000000000000002,0,0,0,3.4000000000000004,,,,,,,,,,,,,,,,,,,,,,,,,,,,,,,,,,,,
8071,2019,3,26,1,15,1.7000000000000002,0,0,0,3.4000000000000004,,,,,,,,,,,,,,,,,,,,,,,,,,,,,,,,,,,,
8072,2019,3,26,1,30,1.6,0,0,0,3.3000000000000003,,,,,,,,,,,,,,,,,,,,,,,,,,,,,,,,,,,,
8073,2019,3,26,1,45,1.6,0,0,0,3.3000000000000003,,,,,,,,,,,,,,,,,,,,,,,,,,,,,,,,,,,,
8074,2019,3,26,2,0,1.6,0,0,0,3.2,,,,,,,,,,,,,,,,,,,,,,,,,,,,,,,,,,,,
8075,2019,3,26,2,15,1.6,0,0,0,3.2,,,,,,,,,,,,,,,,,,,,,,,,,,,,,,,,,,,,
8076,2019,3,26,2,30,1.5,0,0,0,3.2,,,,,,,,,,,,,,,,,,,,,,,,,,,,,,,,,,,,
8077,2019,3,26,2,45,1.5,0,0,0,3.2,,,,,,,,,,,,,,,,,,,,,,,,,,,,,,,,,,,,
8078,2019,3,26,3,0,1.5,0,0,0,3.2,,,,,,,,,,,,,,,,,,,,,,,,,,,,,,,,,,,,
8079,2019,3,26,3,15,1.6,0,0,0,3.3000000000000003,,,,,,,,,,,,,,,,,,,,,,,,,,,,,,,,,,,,
8080,2019,3,26,3,30,1.6,0,0,0,3.3000000000000003,,,,,,,,,,,,,,,,,,,,,,,,,,,,,,,,,,,,
8081,2019,3,26,3,45,1.7000000000000002,0,0,0,3.3000000000000003,,,,,,,,,,,,,,,,,,,,,,,,,,,,,,,,,,,,
8082,2019,3,26,4,0,1.7000000000000002,0,0,0,3.3000000000000003,,,,,,,,,,,,,,,,,,,,,,,,,,,,,,,,,,,,
8083,2019,3,26,4,15,1.8,0,0,0,3.4000000000000004,,,,,,,,,,,,,,,,,,,,,,,,,,,,,,,,,,,,
8084,2019,3,26,4,30,1.8,0,0,0,3.5,,,,,,,,,,,,,,,,,,,,,,,,,,,,,,,,,,,,
8085,2019,3,26,4,45,1.8,0,0,0,3.6,,,,,,,,,,,,,,,,,,,,,,,,,,,,,,,,,,,,
8086,2019,3,26,5,0,1.9000000000000001,0,0,0,3.6,,,,,,,,,,,,,,,,,,,,,,,,,,,,,,,,,,,,
8087,2019,3,26,5,15,1.9000000000000001,0,0,0,3.7,,,,,,,,,,,,,,,,,,,,,,,,,,,,,,,,,,,,
8088,2019,3,26,5,30,1.9000000000000001,0,0,0,3.8000000000000003,,,,,,,,,,,,,,,,,,,,,,,,,,,,,,,,,,,,
8089,2019,3,26,5,45,1.9000000000000001,0,0,0,3.8000000000000003,,,,,,,,,,,,,,,,,,,,,,,,,,,,,,,,,,,,
8090,2019,3,26,6,0,1.9000000000000001,0,0,0,3.9000000000000004,,,,,,,,,,,,,,,,,,,,,,,,,,,,,,,,,,,,
8091,2019,3,26,6,15,2,12,68,14,4.1000000000000005,,,,,,,,,,,,,,,,,,,,,,,,,,,,,,,,,,,,
8092,2019,3,26,6,30,2.1,25,188,36,4.2,,,,,,,,,,,,,,,,,,,,,,,,,,,,,,,,,,,,
8093,2019,3,26,6,45,2.2,39,261,65,4.3,,,,,,,,,,,,,,,,,,,,,,,,,,,,,,,,,,,,
8094,2019,3,26,7,0,2.2,50,355,99,4.5,,,,,,,,,,,,,,,,,,,,,,,,,,,,,,,,,,,,
8095,2019,3,26,7,15,2.4000000000000004,60,433,137,4.6000000000000005,,,,,,,,,,,,,,,,,,,,,,,,,,,,,,,,,,,,
8096,2019,3,26,7,30,2.6,69,498,177,4.800000000000001,,,,,,,,,,,,,,,,,,,,,,,,,,,,,,,,,,,,
8097,2019,3,26,7,45,2.8000000000000003,15,0,15,5,,,,,,,,,,,,,,,,,,,,,,,,,,,,,,,,,,,,
8098,2019,3,26,8,0,3,18,0,18,5.2,,,,,,,,,,,,,,,,,,,,,,,,,,,,,,,,,,,,
8099,2019,3,26,8,15,3.4000000000000004,22,0,22,5.300000000000001,,,,,,,,,,,,,,,,,,,,,,,,,,,,,,,,,,,,
8100,2019,3,26,8,30,3.7,25,0,25,5.5,,,,,,,,,,,,,,,,,,,,,,,,,,,,,,,,,,,,
8101,2019,3,26,8,45,4,29,0,29,5.6000000000000005,,,,,,,,,,,,,,,,,,,,,,,,,,,,,,,,,,,,
8102,2019,3,26,9,0,4.4,32,0,32,5.800000000000001,,,,,,,,,,,,,,,,,,,,,,,,,,,,,,,,,,,,
8103,2019,3,26,9,15,4.800000000000001,36,0,36,5.9,,,,,,,,,,,,,,,,,,,,,,,,,,,,,,,,,,,,
8104,2019,3,26,9,30,5.2,148,0,148,6,,,,,,,,,,,,,,,,,,,,,,,,,,,,,,,,,,,,
8105,2019,3,26,9,45,5.6000000000000005,203,37,221,6.1000000000000005,,,,,,,,,,,,,,,,,,,,,,,,,,,,,,,,,,,,
8106,2019,3,26,10,0,6,239,174,332,6.2,,,,,,,,,,,,,,,,,,,,,,,,,,,,,,,,,,,,
8107,2019,3,26,10,15,6.4,239,64,275,6.300000000000001,,,,,,,,,,,,,,,,,,,,,,,,,,,,,,,,,,,,
8108,2019,3,26,10,30,6.800000000000001,263,166,359,6.4,,,,,,,,,,,,,,,,,,,,,,,,,,,,,,,,,,,,
8109,2019,3,26,10,45,7.2,273,172,375,6.5,,,,,,,,,,,,,,,,,,,,,,,,,,,,,,,,,,,,
8110,2019,3,26,11,0,7.6000000000000005,281,182,392,6.6000000000000005,,,,,,,,,,,,,,,,,,,,,,,,,,,,,,,,,,,,
8111,2019,3,26,11,15,7.800000000000001,208,11,215,6.6000000000000005,,,,,,,,,,,,,,,,,,,,,,,,,,,,,,,,,,,,
8112,2019,3,26,11,30,8,151,0,151,6.7,,,,,,,,,,,,,,,,,,,,,,,,,,,,,,,,,,,,
8113,2019,3,26,11,45,8.3,268,45,297,6.800000000000001,,,,,,,,,,,,,,,,,,,,,,,,,,,,,,,,,,,,
8114,2019,3,26,12,0,8.5,241,22,255,6.800000000000001,,,,,,,,,,,,,,,,,,,,,,,,,,,,,,,,,,,,
8115,2019,3,26,12,15,8.6,302,196,429,6.800000000000001,,,,,,,,,,,,,,,,,,,,,,,,,,,,,,,,,,,,
8116,2019,3,26,12,30,8.6,190,5,193,6.800000000000001,,,,,,,,,,,,,,,,,,,,,,,,,,,,,,,,,,,,
8117,2019,3,26,12,45,8.6,174,2,176,6.800000000000001,,,,,,,,,,,,,,,,,,,,,,,,,,,,,,,,,,,,
8118,2019,3,26,13,0,8.6,213,11,220,6.800000000000001,,,,,,,,,,,,,,,,,,,,,,,,,,,,,,,,,,,,
8119,2019,3,26,13,15,8.5,137,0,137,6.800000000000001,,,,,,,,,,,,,,,,,,,,,,,,,,,,,,,,,,,,
8120,2019,3,26,13,30,8.4,54,0,54,6.800000000000001,,,,,,,,,,,,,,,,,,,,,,,,,,,,,,,,,,,,
8121,2019,3,26,13,45,8.3,76,0,76,6.800000000000001,,,,,,,,,,,,,,,,,,,,,,,,,,,,,,,,,,,,
8122,2019,3,26,14,0,8.200000000000001,244,343,446,6.800000000000001,,,,,,,,,,,,,,,,,,,,,,,,,,,,,,,,,,,,
8123,2019,3,26,14,15,8,239,50,267,6.7,,,,,,,,,,,,,,,,,,,,,,,,,,,,,,,,,,,,
8124,2019,3,26,14,30,7.800000000000001,137,0,137,6.6000000000000005,,,,,,,,,,,,,,,,,,,,,,,,,,,,,,,,,,,,
8125,2019,3,26,14,45,7.7,123,0,123,6.5,,,,,,,,,,,,,,,,,,,,,,,,,,,,,,,,,,,,
8126,2019,3,26,15,0,7.5,171,9,175,6.5,,,,,,,,,,,,,,,,,,,,,,,,,,,,,,,,,,,,
8127,2019,3,26,15,15,7.300000000000001,39,0,39,6.300000000000001,,,,,,,,,,,,,,,,,,,,,,,,,,,,,,,,,,,,
8128,2019,3,26,15,30,7.1000000000000005,116,0,116,6.1000000000000005,,,,,,,,,,,,,,,,,,,,,,,,,,,,,,,,,,,,
8129,2019,3,26,15,45,7,108,0,108,5.9,,,,,,,,,,,,,,,,,,,,,,,,,,,,,,,,,,,,
8130,2019,3,26,16,0,6.800000000000001,28,0,28,5.7,,,,,,,,,,,,,,,,,,,,,,,,,,,,,,,,,,,,
8131,2019,3,26,16,15,6.7,15,0,15,5.4,,,,,,,,,,,,,,,,,,,,,,,,,,,,,,,,,,,,
8132,2019,3,26,16,30,6.5,11,0,11,5.1000000000000005,,,,,,,,,,,,,,,,,,,,,,,,,,,,,,,,,,,,
8133,2019,3,26,16,45,6.4,17,0,17,4.800000000000001,,,,,,,,,,,,,,,,,,,,,,,,,,,,,,,,,,,,
8134,2019,3,26,17,0,6.2,14,0,14,4.5,,,,,,,,,,,,,,,,,,,,,,,,,,,,,,,,,,,,
8135,2019,3,26,17,15,6,11,0,11,4.4,,,,,,,,,,,,,,,,,,,,,,,,,,,,,,,,,,,,
8136,2019,3,26,17,30,5.800000000000001,9,0,9,4.2,,,,,,,,,,,,,,,,,,,,,,,,,,,,,,,,,,,,
8137,2019,3,26,17,45,5.6000000000000005,6,0,6,4,,,,,,,,,,,,,,,,,,,,,,,,,,,,,,,,,,,,
8138,2019,3,26,18,0,5.4,4,0,4,3.8000000000000003,,,,,,,,,,,,,,,,,,,,,,,,,,,,,,,,,,,,
8139,2019,3,26,18,15,5.300000000000001,3,0,3,3.7,,,,,,,,,,,,,,,,,,,,,,,,,,,,,,,,,,,,
8140,2019,3,26,18,30,5.2,0,0,0,3.7,,,,,,,,,,,,,,,,,,,,,,,,,,,,,,,,,,,,
8141,2019,3,26,18,45,5.1000000000000005,0,0,0,3.6,,,,,,,,,,,,,,,,,,,,,,,,,,,,,,,,,,,,
8142,2019,3,26,19,0,5,0,0,0,3.5,,,,,,,,,,,,,,,,,,,,,,,,,,,,,,,,,,,,
8143,2019,3,26,19,15,4.9,0,0,0,3.5,,,,,,,,,,,,,,,,,,,,,,,,,,,,,,,,,,,,
8144,2019,3,26,19,30,4.9,0,0,0,3.4000000000000004,,,,,,,,,,,,,,,,,,,,,,,,,,,,,,,,,,,,
8145,2019,3,26,19,45,4.800000000000001,0,0,0,3.4000000000000004,,,,,,,,,,,,,,,,,,,,,,,,,,,,,,,,,,,,
8146,2019,3,26,20,0,4.800000000000001,0,0,0,3.4000000000000004,,,,,,,,,,,,,,,,,,,,,,,,,,,,,,,,,,,,
8147,2019,3,26,20,15,4.7,0,0,0,3.3000000000000003,,,,,,,,,,,,,,,,,,,,,,,,,,,,,,,,,,,,
8148,2019,3,26,20,30,4.7,0,0,0,3.3000000000000003,,,,,,,,,,,,,,,,,,,,,,,,,,,,,,,,,,,,
8149,2019,3,26,20,45,4.6000000000000005,0,0,0,3.3000000000000003,,,,,,,,,,,,,,,,,,,,,,,,,,,,,,,,,,,,
8150,2019,3,26,21,0,4.6000000000000005,0,0,0,3.3000000000000003,,,,,,,,,,,,,,,,,,,,,,,,,,,,,,,,,,,,
8151,2019,3,26,21,15,4.5,0,0,0,3.3000000000000003,,,,,,,,,,,,,,,,,,,,,,,,,,,,,,,,,,,,
8152,2019,3,26,21,30,4.5,0,0,0,3.3000000000000003,,,,,,,,,,,,,,,,,,,,,,,,,,,,,,,,,,,,
8153,2019,3,26,21,45,4.4,0,0,0,3.3000000000000003,,,,,,,,,,,,,,,,,,,,,,,,,,,,,,,,,,,,
8154,2019,3,26,22,0,4.4,0,0,0,3.3000000000000003,,,,,,,,,,,,,,,,,,,,,,,,,,,,,,,,,,,,
8155,2019,3,26,22,15,4.4,0,0,0,3.3000000000000003,,,,,,,,,,,,,,,,,,,,,,,,,,,,,,,,,,,,
8156,2019,3,26,22,30,4.4,0,0,0,3.3000000000000003,,,,,,,,,,,,,,,,,,,,,,,,,,,,,,,,,,,,
8157,2019,3,26,22,45,4.4,0,0,0,3.3000000000000003,,,,,,,,,,,,,,,,,,,,,,,,,,,,,,,,,,,,
8158,2019,3,26,23,0,4.3,0,0,0,3.4000000000000004,,,,,,,,,,,,,,,,,,,,,,,,,,,,,,,,,,,,
8159,2019,3,26,23,15,4.3,0,0,0,3.3000000000000003,,,,,,,,,,,,,,,,,,,,,,,,,,,,,,,,,,,,
8160,2019,3,26,23,30,4.3,0,0,0,3.3000000000000003,,,,,,,,,,,,,,,,,,,,,,,,,,,,,,,,,,,,
8161,2019,3,26,23,45,4.2,0,0,0,3.3000000000000003,,,,,,,,,,,,,,,,,,,,,,,,,,,,,,,,,,,,
8162,2019,3,27,0,0,4.2,0,0,0,3.3000000000000003,,,,,,,,,,,,,,,,,,,,,,,,,,,,,,,,,,,,
8163,2019,3,27,0,15,4.2,0,0,0,3.3000000000000003,,,,,,,,,,,,,,,,,,,,,,,,,,,,,,,,,,,,
8164,2019,3,27,0,30,4.2,0,0,0,3.3000000000000003,,,,,,,,,,,,,,,,,,,,,,,,,,,,,,,,,,,,
8165,2019,3,27,0,45,4.2,0,0,0,3.3000000000000003,,,,,,,,,,,,,,,,,,,,,,,,,,,,,,,,,,,,
8166,2019,3,27,1,0,4.1000000000000005,0,0,0,3.1,,,,,,,,,,,,,,,,,,,,,,,,,,,,,,,,,,,,
8167,2019,3,27,1,15,4,0,0,0,3.1,,,,,,,,,,,,,,,,,,,,,,,,,,,,,,,,,,,,
8168,2019,3,27,1,30,4,0,0,0,3,,,,,,,,,,,,,,,,,,,,,,,,,,,,,,,,,,,,
8169,2019,3,27,1,45,3.9000000000000004,0,0,0,2.9000000000000004,,,,,,,,,,,,,,,,,,,,,,,,,,,,,,,,,,,,
8170,2019,3,27,2,0,3.9000000000000004,0,0,0,2.8000000000000003,,,,,,,,,,,,,,,,,,,,,,,,,,,,,,,,,,,,
8171,2019,3,27,2,15,3.9000000000000004,0,0,0,2.8000000000000003,,,,,,,,,,,,,,,,,,,,,,,,,,,,,,,,,,,,
8172,2019,3,27,2,30,3.9000000000000004,0,0,0,2.8000000000000003,,,,,,,,,,,,,,,,,,,,,,,,,,,,,,,,,,,,
8173,2019,3,27,2,45,3.9000000000000004,0,0,0,2.7,,,,,,,,,,,,,,,,,,,,,,,,,,,,,,,,,,,,
8174,2019,3,27,3,0,3.9000000000000004,0,0,0,2.7,,,,,,,,,,,,,,,,,,,,,,,,,,,,,,,,,,,,
8175,2019,3,27,3,15,3.8000000000000003,0,0,0,2.7,,,,,,,,,,,,,,,,,,,,,,,,,,,,,,,,,,,,
8176,2019,3,27,3,30,3.8000000000000003,0,0,0,2.6,,,,,,,,,,,,,,,,,,,,,,,,,,,,,,,,,,,,
8177,2019,3,27,3,45,3.8000000000000003,0,0,0,2.6,,,,,,,,,,,,,,,,,,,,,,,,,,,,,,,,,,,,
8178,2019,3,27,4,0,3.8000000000000003,0,0,0,2.5,,,,,,,,,,,,,,,,,,,,,,,,,,,,,,,,,,,,
8179,2019,3,27,4,15,3.7,0,0,0,2.5,,,,,,,,,,,,,,,,,,,,,,,,,,,,,,,,,,,,
8180,2019,3,27,4,30,3.7,0,0,0,2.5,,,,,,,,,,,,,,,,,,,,,,,,,,,,,,,,,,,,
8181,2019,3,27,4,45,3.7,0,0,0,2.5,,,,,,,,,,,,,,,,,,,,,,,,,,,,,,,,,,,,
8182,2019,3,27,5,0,3.6,0,0,0,2.4000000000000004,,,,,,,,,,,,,,,,,,,,,,,,,,,,,,,,,,,,
8183,2019,3,27,5,15,3.6,0,0,0,2.5,,,,,,,,,,,,,,,,,,,,,,,,,,,,,,,,,,,,
8184,2019,3,27,5,30,3.7,0,0,0,2.5,,,,,,,,,,,,,,,,,,,,,,,,,,,,,,,,,,,,
8185,2019,3,27,5,45,3.7,0,0,0,2.6,,,,,,,,,,,,,,,,,,,,,,,,,,,,,,,,,,,,
8186,2019,3,27,6,0,3.7,0,0,0,2.6,,,,,,,,,,,,,,,,,,,,,,,,,,,,,,,,,,,,
8187,2019,3,27,6,15,3.8000000000000003,2,0,2,2.7,,,,,,,,,,,,,,,,,,,,,,,,,,,,,,,,,,,,
8188,2019,3,27,6,30,4,4,0,4,2.8000000000000003,,,,,,,,,,,,,,,,,,,,,,,,,,,,,,,,,,,,
8189,2019,3,27,6,45,4.1000000000000005,5,0,5,2.8000000000000003,,,,,,,,,,,,,,,,,,,,,,,,,,,,,,,,,,,,
8190,2019,3,27,7,0,4.3,7,0,7,2.9000000000000004,,,,,,,,,,,,,,,,,,,,,,,,,,,,,,,,,,,,
8191,2019,3,27,7,15,4.5,10,0,10,3,,,,,,,,,,,,,,,,,,,,,,,,,,,,,,,,,,,,
8192,2019,3,27,7,30,4.7,13,0,13,3,,,,,,,,,,,,,,,,,,,,,,,,,,,,,,,,,,,,
8193,2019,3,27,7,45,4.9,16,0,16,3.1,,,,,,,,,,,,,,,,,,,,,,,,,,,,,,,,,,,,
8194,2019,3,27,8,0,5.1000000000000005,19,0,19,3.2,,,,,,,,,,,,,,,,,,,,,,,,,,,,,,,,,,,,
8195,2019,3,27,8,15,5.300000000000001,22,0,22,3.2,,,,,,,,,,,,,,,,,,,,,,,,,,,,,,,,,,,,
8196,2019,3,27,8,30,5.5,26,0,26,3.3000000000000003,,,,,,,,,,,,,,,,,,,,,,,,,,,,,,,,,,,,
8197,2019,3,27,8,45,5.800000000000001,29,0,29,3.3000000000000003,,,,,,,,,,,,,,,,,,,,,,,,,,,,,,,,,,,,
8198,2019,3,27,9,0,6,32,0,32,3.3000000000000003,,,,,,,,,,,,,,,,,,,,,,,,,,,,,,,,,,,,
8199,2019,3,27,9,15,6.300000000000001,41,0,41,3.4000000000000004,,,,,,,,,,,,,,,,,,,,,,,,,,,,,,,,,,,,
8200,2019,3,27,9,30,6.5,96,0,96,3.5,,,,,,,,,,,,,,,,,,,,,,,,,,,,,,,,,,,,
8201,2019,3,27,9,45,6.800000000000001,92,0,92,3.6,,,,,,,,,,,,,,,,,,,,,,,,,,,,,,,,,,,,
8202,2019,3,27,10,0,7.1000000000000005,123,0,123,3.7,,,,,,,,,,,,,,,,,,,,,,,,,,,,,,,,,,,,
8203,2019,3,27,10,15,7.6000000000000005,131,0,131,3.8000000000000003,,,,,,,,,,,,,,,,,,,,,,,,,,,,,,,,,,,,
8204,2019,3,27,10,30,8.1,180,5,183,3.9000000000000004,,,,,,,,,,,,,,,,,,,,,,,,,,,,,,,,,,,,
8205,2019,3,27,10,45,8.6,226,23,240,4,,,,,,,,,,,,,,,,,,,,,,,,,,,,,,,,,,,,
8206,2019,3,27,11,0,9.1,252,41,277,4.1000000000000005,,,,,,,,,,,,,,,,,,,,,,,,,,,,,,,,,,,,
8207,2019,3,27,11,15,9.4,271,59,308,4.1000000000000005,,,,,,,,,,,,,,,,,,,,,,,,,,,,,,,,,,,,
8208,2019,3,27,11,30,9.8,285,77,334,4.1000000000000005,,,,,,,,,,,,,,,,,,,,,,,,,,,,,,,,,,,,
8209,2019,3,27,11,45,10.100000000000001,289,77,339,4.2,,,,,,,,,,,,,,,,,,,,,,,,,,,,,,,,,,,,
8210,2019,3,27,12,0,10.4,299,100,364,4.2,,,,,,,,,,,,,,,,,,,,,,,,,,,,,,,,,,,,
8211,2019,3,27,12,15,10.5,295,84,350,4.2,,,,,,,,,,,,,,,,,,,,,,,,,,,,,,,,,,,,
8212,2019,3,27,12,30,10.600000000000001,299,98,363,4.2,,,,,,,,,,,,,,,,,,,,,,,,,,,,,,,,,,,,
8213,2019,3,27,12,45,10.8,300,218,442,4.1000000000000005,,,,,,,,,,,,,,,,,,,,,,,,,,,,,,,,,,,,
8214,2019,3,27,13,0,10.9,298,117,373,4.1000000000000005,,,,,,,,,,,,,,,,,,,,,,,,,,,,,,,,,,,,
8215,2019,3,27,13,15,10.9,289,96,350,4.1000000000000005,,,,,,,,,,,,,,,,,,,,,,,,,,,,,,,,,,,,
8216,2019,3,27,13,30,10.9,236,24,251,4.1000000000000005,,,,,,,,,,,,,,,,,,,,,,,,,,,,,,,,,,,,
8217,2019,3,27,13,45,10.9,245,36,267,4.1000000000000005,,,,,,,,,,,,,,,,,,,,,,,,,,,,,,,,,,,,
8218,2019,3,27,14,0,11,224,23,238,4.1000000000000005,,,,,,,,,,,,,,,,,,,,,,,,,,,,,,,,,,,,
8219,2019,3,27,14,15,10.9,210,19,221,4,,,,,,,,,,,,,,,,,,,,,,,,,,,,,,,,,,,,
8220,2019,3,27,14,30,10.8,218,32,236,4,,,,,,,,,,,,,,,,,,,,,,,,,,,,,,,,,,,,
8221,2019,3,27,14,45,10.700000000000001,229,76,270,4,,,,,,,,,,,,,,,,,,,,,,,,,,,,,,,,,,,,
8222,2019,3,27,15,0,10.700000000000001,223,119,283,3.9000000000000004,,,,,,,,,,,,,,,,,,,,,,,,,,,,,,,,,,,,
8223,2019,3,27,15,15,10.5,205,87,247,3.8000000000000003,,,,,,,,,,,,,,,,,,,,,,,,,,,,,,,,,,,,
8224,2019,3,27,15,30,10.4,130,0,130,3.8000000000000003,,,,,,,,,,,,,,,,,,,,,,,,,,,,,,,,,,,,
8225,2019,3,27,15,45,10.3,138,1,139,3.7,,,,,,,,,,,,,,,,,,,,,,,,,,,,,,,,,,,,
8226,2019,3,27,16,0,10.100000000000001,141,16,147,3.6,,,,,,,,,,,,,,,,,,,,,,,,,,,,,,,,,,,,
8227,2019,3,27,16,15,9.8,145,141,195,3.4000000000000004,,,,,,,,,,,,,,,,,,,,,,,,,,,,,,,,,,,,
8228,2019,3,27,16,30,9.600000000000001,123,44,137,3.1,,,,,,,,,,,,,,,,,,,,,,,,,,,,,,,,,,,,
8229,2019,3,27,16,45,9.3,56,0,56,2.9000000000000004,,,,,,,,,,,,,,,,,,,,,,,,,,,,,,,,,,,,
8230,2019,3,27,17,0,9,45,0,45,2.7,,,,,,,,,,,,,,,,,,,,,,,,,,,,,,,,,,,,
8231,2019,3,27,17,15,8.6,35,0,35,2.5,,,,,,,,,,,,,,,,,,,,,,,,,,,,,,,,,,,,
8232,2019,3,27,17,30,8.200000000000001,27,0,27,2.4000000000000004,,,,,,,,,,,,,,,,,,,,,,,,,,,,,,,,,,,,
8233,2019,3,27,17,45,7.800000000000001,19,0,19,2.3000000000000003,,,,,,,,,,,,,,,,,,,,,,,,,,,,,,,,,,,,
8234,2019,3,27,18,0,7.4,12,0,12,2.2,,,,,,,,,,,,,,,,,,,,,,,,,,,,,,,,,,,,
8235,2019,3,27,18,15,7.300000000000001,7,0,7,2.3000000000000003,,,,,,,,,,,,,,,,,,,,,,,,,,,,,,,,,,,,
8236,2019,3,27,18,30,7.2,0,0,0,2.4000000000000004,,,,,,,,,,,,,,,,,,,,,,,,,,,,,,,,,,,,
8237,2019,3,27,18,45,7.1000000000000005,0,0,0,2.5,,,,,,,,,,,,,,,,,,,,,,,,,,,,,,,,,,,,
8238,2019,3,27,19,0,7.1000000000000005,0,0,0,2.6,,,,,,,,,,,,,,,,,,,,,,,,,,,,,,,,,,,,
8239,2019,3,27,19,15,7,0,0,0,2.6,,,,,,,,,,,,,,,,,,,,,,,,,,,,,,,,,,,,
8240,2019,3,27,19,30,7,0,0,0,2.7,,,,,,,,,,,,,,,,,,,,,,,,,,,,,,,,,,,,
8241,2019,3,27,19,45,6.9,0,0,0,2.7,,,,,,,,,,,,,,,,,,,,,,,,,,,,,,,,,,,,
8242,2019,3,27,20,0,6.9,0,0,0,2.8000000000000003,,,,,,,,,,,,,,,,,,,,,,,,,,,,,,,,,,,,
8243,2019,3,27,20,15,6.9,0,0,0,2.8000000000000003,,,,,,,,,,,,,,,,,,,,,,,,,,,,,,,,,,,,
8244,2019,3,27,20,30,6.800000000000001,0,0,0,2.9000000000000004,,,,,,,,,,,,,,,,,,,,,,,,,,,,,,,,,,,,
8245,2019,3,27,20,45,6.800000000000001,0,0,0,2.9000000000000004,,,,,,,,,,,,,,,,,,,,,,,,,,,,,,,,,,,,
8246,2019,3,27,21,0,6.7,0,0,0,3,,,,,,,,,,,,,,,,,,,,,,,,,,,,,,,,,,,,
8247,2019,3,27,21,15,6.7,0,0,0,3,,,,,,,,,,,,,,,,,,,,,,,,,,,,,,,,,,,,
8248,2019,3,27,21,30,6.7,0,0,0,3,,,,,,,,,,,,,,,,,,,,,,,,,,,,,,,,,,,,
8249,2019,3,27,21,45,6.6000000000000005,0,0,0,3,,,,,,,,,,,,,,,,,,,,,,,,,,,,,,,,,,,,
8250,2019,3,27,22,0,6.6000000000000005,0,0,0,3,,,,,,,,,,,,,,,,,,,,,,,,,,,,,,,,,,,,
8251,2019,3,27,22,15,6.6000000000000005,0,0,0,3,,,,,,,,,,,,,,,,,,,,,,,,,,,,,,,,,,,,
8252,2019,3,27,22,30,6.6000000000000005,0,0,0,3,,,,,,,,,,,,,,,,,,,,,,,,,,,,,,,,,,,,
8253,2019,3,27,22,45,6.5,0,0,0,3,,,,,,,,,,,,,,,,,,,,,,,,,,,,,,,,,,,,
8254,2019,3,27,23,0,6.5,0,0,0,3,,,,,,,,,,,,,,,,,,,,,,,,,,,,,,,,,,,,
8255,2019,3,27,23,15,6.5,0,0,0,3,,,,,,,,,,,,,,,,,,,,,,,,,,,,,,,,,,,,
8256,2019,3,27,23,30,6.6000000000000005,0,0,0,3,,,,,,,,,,,,,,,,,,,,,,,,,,,,,,,,,,,,
8257,2019,3,27,23,45,6.6000000000000005,0,0,0,3,,,,,,,,,,,,,,,,,,,,,,,,,,,,,,,,,,,,
8258,2019,3,28,0,0,6.6000000000000005,0,0,0,3,,,,,,,,,,,,,,,,,,,,,,,,,,,,,,,,,,,,
8259,2019,3,28,0,15,6.6000000000000005,0,0,0,3,,,,,,,,,,,,,,,,,,,,,,,,,,,,,,,,,,,,
8260,2019,3,28,0,30,6.6000000000000005,0,0,0,3,,,,,,,,,,,,,,,,,,,,,,,,,,,,,,,,,,,,
8261,2019,3,28,0,45,6.6000000000000005,0,0,0,3,,,,,,,,,,,,,,,,,,,,,,,,,,,,,,,,,,,,
8262,2019,3,28,1,0,6.5,0,0,0,2.8000000000000003,,,,,,,,,,,,,,,,,,,,,,,,,,,,,,,,,,,,
8263,2019,3,28,1,15,6.5,0,0,0,2.8000000000000003,,,,,,,,,,,,,,,,,,,,,,,,,,,,,,,,,,,,
8264,2019,3,28,1,30,6.5,0,0,0,2.8000000000000003,,,,,,,,,,,,,,,,,,,,,,,,,,,,,,,,,,,,
8265,2019,3,28,1,45,6.4,0,0,0,2.8000000000000003,,,,,,,,,,,,,,,,,,,,,,,,,,,,,,,,,,,,
8266,2019,3,28,2,0,6.4,0,0,0,2.7,,,,,,,,,,,,,,,,,,,,,,,,,,,,,,,,,,,,
8267,2019,3,28,2,15,6.4,0,0,0,2.7,,,,,,,,,,,,,,,,,,,,,,,,,,,,,,,,,,,,
8268,2019,3,28,2,30,6.300000000000001,0,0,0,2.7,,,,,,,,,,,,,,,,,,,,,,,,,,,,,,,,,,,,
8269,2019,3,28,2,45,6.300000000000001,0,0,0,2.7,,,,,,,,,,,,,,,,,,,,,,,,,,,,,,,,,,,,
8270,2019,3,28,3,0,6.300000000000001,0,0,0,2.7,,,,,,,,,,,,,,,,,,,,,,,,,,,,,,,,,,,,
8271,2019,3,28,3,15,6.2,0,0,0,2.7,,,,,,,,,,,,,,,,,,,,,,,,,,,,,,,,,,,,
8272,2019,3,28,3,30,6.2,0,0,0,2.7,,,,,,,,,,,,,,,,,,,,,,,,,,,,,,,,,,,,
8273,2019,3,28,3,45,6.1000000000000005,0,0,0,2.7,,,,,,,,,,,,,,,,,,,,,,,,,,,,,,,,,,,,
8274,2019,3,28,4,0,6.1000000000000005,0,0,0,2.7,,,,,,,,,,,,,,,,,,,,,,,,,,,,,,,,,,,,
8275,2019,3,28,4,15,6,0,0,0,2.7,,,,,,,,,,,,,,,,,,,,,,,,,,,,,,,,,,,,
8276,2019,3,28,4,30,6,0,0,0,2.7,,,,,,,,,,,,,,,,,,,,,,,,,,,,,,,,,,,,
8277,2019,3,28,4,45,5.9,0,0,0,2.7,,,,,,,,,,,,,,,,,,,,,,,,,,,,,,,,,,,,
8278,2019,3,28,5,0,5.9,0,0,0,2.7,,,,,,,,,,,,,,,,,,,,,,,,,,,,,,,,,,,,
8279,2019,3,28,5,15,5.9,0,0,0,2.7,,,,,,,,,,,,,,,,,,,,,,,,,,,,,,,,,,,,
8280,2019,3,28,5,30,5.9,0,0,0,2.7,,,,,,,,,,,,,,,,,,,,,,,,,,,,,,,,,,,,
8281,2019,3,28,5,45,5.9,0,0,0,2.8000000000000003,,,,,,,,,,,,,,,,,,,,,,,,,,,,,,,,,,,,
8282,2019,3,28,6,0,6,0,0,0,2.8000000000000003,,,,,,,,,,,,,,,,,,,,,,,,,,,,,,,,,,,,
8283,2019,3,28,6,15,6.2,2,0,2,2.9000000000000004,,,,,,,,,,,,,,,,,,,,,,,,,,,,,,,,,,,,
8284,2019,3,28,6,30,6.4,4,0,4,3.1,,,,,,,,,,,,,,,,,,,,,,,,,,,,,,,,,,,,
8285,2019,3,28,6,45,6.6000000000000005,5,0,5,3.2,,,,,,,,,,,,,,,,,,,,,,,,,,,,,,,,,,,,
8286,2019,3,28,7,0,6.800000000000001,7,0,7,3.3000000000000003,,,,,,,,,,,,,,,,,,,,,,,,,,,,,,,,,,,,
8287,2019,3,28,7,15,7.1000000000000005,10,0,10,3.4000000000000004,,,,,,,,,,,,,,,,,,,,,,,,,,,,,,,,,,,,
8288,2019,3,28,7,30,7.4,12,0,12,3.5,,,,,,,,,,,,,,,,,,,,,,,,,,,,,,,,,,,,
8289,2019,3,28,7,45,7.7,15,0,15,3.5,,,,,,,,,,,,,,,,,,,,,,,,,,,,,,,,,,,,
8290,2019,3,28,8,0,8,19,0,19,3.6,,,,,,,,,,,,,,,,,,,,,,,,,,,,,,,,,,,,
8291,2019,3,28,8,15,8.4,22,0,22,3.7,,,,,,,,,,,,,,,,,,,,,,,,,,,,,,,,,,,,
8292,2019,3,28,8,30,8.700000000000001,25,0,25,3.8000000000000003,,,,,,,,,,,,,,,,,,,,,,,,,,,,,,,,,,,,
8293,2019,3,28,8,45,9.1,29,0,29,3.8000000000000003,,,,,,,,,,,,,,,,,,,,,,,,,,,,,,,,,,,,
8294,2019,3,28,9,0,9.4,32,0,32,3.9000000000000004,,,,,,,,,,,,,,,,,,,,,,,,,,,,,,,,,,,,
8295,2019,3,28,9,15,9.700000000000001,35,0,35,3.9000000000000004,,,,,,,,,,,,,,,,,,,,,,,,,,,,,,,,,,,,
8296,2019,3,28,9,30,9.9,77,0,77,3.9000000000000004,,,,,,,,,,,,,,,,,,,,,,,,,,,,,,,,,,,,
8297,2019,3,28,9,45,10.200000000000001,42,0,42,3.8000000000000003,,,,,,,,,,,,,,,,,,,,,,,,,,,,,,,,,,,,
8298,2019,3,28,10,0,10.5,60,0,60,3.8000000000000003,,,,,,,,,,,,,,,,,,,,,,,,,,,,,,,,,,,,
8299,2019,3,28,10,15,10.700000000000001,112,0,112,3.8000000000000003,,,,,,,,,,,,,,,,,,,,,,,,,,,,,,,,,,,,
8300,2019,3,28,10,30,10.9,215,19,226,3.7,,,,,,,,,,,,,,,,,,,,,,,,,,,,,,,,,,,,
8301,2019,3,28,10,45,11.100000000000001,259,57,294,3.6,,,,,,,,,,,,,,,,,,,,,,,,,,,,,,,,,,,,
8302,2019,3,28,11,0,11.3,249,35,271,3.6,,,,,,,,,,,,,,,,,,,,,,,,,,,,,,,,,,,,
8303,2019,3,28,11,15,11.5,243,26,260,3.5,,,,,,,,,,,,,,,,,,,,,,,,,,,,,,,,,,,,
8304,2019,3,28,11,30,11.8,242,23,256,3.5,,,,,,,,,,,,,,,,,,,,,,,,,,,,,,,,,,,,
8305,2019,3,28,11,45,12,260,34,282,3.4000000000000004,,,,,,,,,,,,,,,,,,,,,,,,,,,,,,,,,,,,
8306,2019,3,28,12,0,12.200000000000001,261,32,282,3.4000000000000004,,,,,,,,,,,,,,,,,,,,,,,,,,,,,,,,,,,,
8307,2019,3,28,12,15,12.3,197,6,201,3.4000000000000004,,,,,,,,,,,,,,,,,,,,,,,,,,,,,,,,,,,,
8308,2019,3,28,12,30,12.5,218,11,226,3.4000000000000004,,,,,,,,,,,,,,,,,,,,,,,,,,,,,,,,,,,,
8309,2019,3,28,12,45,12.600000000000001,250,26,267,3.4000000000000004,,,,,,,,,,,,,,,,,,,,,,,,,,,,,,,,,,,,
8310,2019,3,28,13,0,12.700000000000001,245,24,260,3.3000000000000003,,,,,,,,,,,,,,,,,,,,,,,,,,,,,,,,,,,,
8311,2019,3,28,13,15,12.700000000000001,233,19,245,3.4000000000000004,,,,,,,,,,,,,,,,,,,,,,,,,,,,,,,,,,,,
8312,2019,3,28,13,30,12.700000000000001,189,5,192,3.4000000000000004,,,,,,,,,,,,,,,,,,,,,,,,,,,,,,,,,,,,
8313,2019,3,28,13,45,12.700000000000001,184,4,187,3.4000000000000004,,,,,,,,,,,,,,,,,,,,,,,,,,,,,,,,,,,,
8314,2019,3,28,14,0,12.700000000000001,153,0,153,3.4000000000000004,,,,,,,,,,,,,,,,,,,,,,,,,,,,,,,,,,,,
8315,2019,3,28,14,15,12.600000000000001,102,0,102,3.4000000000000004,,,,,,,,,,,,,,,,,,,,,,,,,,,,,,,,,,,,
8316,2019,3,28,14,30,12.4,84,0,84,3.3000000000000003,,,,,,,,,,,,,,,,,,,,,,,,,,,,,,,,,,,,
8317,2019,3,28,14,45,12.3,62,0,62,3.3000000000000003,,,,,,,,,,,,,,,,,,,,,,,,,,,,,,,,,,,,
8318,2019,3,28,15,0,12.200000000000001,47,0,47,3.3000000000000003,,,,,,,,,,,,,,,,,,,,,,,,,,,,,,,,,,,,
8319,2019,3,28,15,15,12,38,0,38,3.2,,,,,,,,,,,,,,,,,,,,,,,,,,,,,,,,,,,,
8320,2019,3,28,15,30,11.8,60,0,60,3.1,,,,,,,,,,,,,,,,,,,,,,,,,,,,,,,,,,,,
8321,2019,3,28,15,45,11.600000000000001,88,0,88,3,,,,,,,,,,,,,,,,,,,,,,,,,,,,,,,,,,,,
8322,2019,3,28,16,0,11.4,111,0,111,2.9000000000000004,,,,,,,,,,,,,,,,,,,,,,,,,,,,,,,,,,,,
8323,2019,3,28,16,15,11.200000000000001,86,649,320,2.6,,,,,,,,,,,,,,,,,,,,,,,,,,,,,,,,,,,,
8324,2019,3,28,16,30,10.9,81,615,281,2.4000000000000004,,,,,,,,,,,,,,,,,,,,,,,,,,,,,,,,,,,,
8325,2019,3,28,16,45,10.700000000000001,76,576,242,2.1,,,,,,,,,,,,,,,,,,,,,,,,,,,,,,,,,,,,
8326,2019,3,28,17,0,10.4,56,0,56,1.9000000000000001,,,,,,,,,,,,,,,,,,,,,,,,,,,,,,,,,,,,
8327,2019,3,28,17,15,10,44,0,44,1.7000000000000002,,,,,,,,,,,,,,,,,,,,,,,,,,,,,,,,,,,,
8328,2019,3,28,17,30,9.600000000000001,33,0,33,1.5,,,,,,,,,,,,,,,,,,,,,,,,,,,,,,,,,,,,
8329,2019,3,28,17,45,9.200000000000001,24,0,24,1.3,,,,,,,,,,,,,,,,,,,,,,,,,,,,,,,,,,,,
8330,2019,3,28,18,0,8.8,15,0,15,1.1,,,,,,,,,,,,,,,,,,,,,,,,,,,,,,,,,,,,
8331,2019,3,28,18,15,8.6,22,152,31,1.1,,,,,,,,,,,,,,,,,,,,,,,,,,,,,,,,,,,,
8332,2019,3,28,18,30,8.4,10,49,11,1,,,,,,,,,,,,,,,,,,,,,,,,,,,,,,,,,,,,
8333,2019,3,28,18,45,8.200000000000001,0,0,0,1,,,,,,,,,,,,,,,,,,,,,,,,,,,,,,,,,,,,
8334,2019,3,28,19,0,8,0,0,0,0.9,,,,,,,,,,,,,,,,,,,,,,,,,,,,,,,,,,,,
8335,2019,3,28,19,15,7.9,0,0,0,0.9,,,,,,,,,,,,,,,,,,,,,,,,,,,,,,,,,,,,
8336,2019,3,28,19,30,7.7,0,0,0,0.9,,,,,,,,,,,,,,,,,,,,,,,,,,,,,,,,,,,,
8337,2019,3,28,19,45,7.6000000000000005,0,0,0,0.8,,,,,,,,,,,,,,,,,,,,,,,,,,,,,,,,,,,,
8338,2019,3,28,20,0,7.4,0,0,0,0.8,,,,,,,,,,,,,,,,,,,,,,,,,,,,,,,,,,,,
8339,2019,3,28,20,15,7.4,0,0,0,0.8,,,,,,,,,,,,,,,,,,,,,,,,,,,,,,,,,,,,
8340,2019,3,28,20,30,7.300000000000001,0,0,0,0.8,,,,,,,,,,,,,,,,,,,,,,,,,,,,,,,,,,,,
8341,2019,3,28,20,45,7.2,0,0,0,0.8,,,,,,,,,,,,,,,,,,,,,,,,,,,,,,,,,,,,
8342,2019,3,28,21,0,7.1000000000000005,0,0,0,0.8,,,,,,,,,,,,,,,,,,,,,,,,,,,,,,,,,,,,
8343,2019,3,28,21,15,7.1000000000000005,0,0,0,0.8,,,,,,,,,,,,,,,,,,,,,,,,,,,,,,,,,,,,
8344,2019,3,28,21,30,7.2,0,0,0,0.8,,,,,,,,,,,,,,,,,,,,,,,,,,,,,,,,,,,,
8345,2019,3,28,21,45,7.2,0,0,0,0.7000000000000001,,,,,,,,,,,,,,,,,,,,,,,,,,,,,,,,,,,,
8346,2019,3,28,22,0,7.2,0,0,0,0.7000000000000001,,,,,,,,,,,,,,,,,,,,,,,,,,,,,,,,,,,,
8347,2019,3,28,22,15,7.2,0,0,0,0.7000000000000001,,,,,,,,,,,,,,,,,,,,,,,,,,,,,,,,,,,,
8348,2019,3,28,22,30,7.300000000000001,0,0,0,0.7000000000000001,,,,,,,,,,,,,,,,,,,,,,,,,,,,,,,,,,,,
8349,2019,3,28,22,45,7.300000000000001,0,0,0,0.6000000000000001,,,,,,,,,,,,,,,,,,,,,,,,,,,,,,,,,,,,
8350,2019,3,28,23,0,7.4,0,0,0,0.6000000000000001,,,,,,,,,,,,,,,,,,,,,,,,,,,,,,,,,,,,
8351,2019,3,28,23,15,7.4,0,0,0,0.6000000000000001,,,,,,,,,,,,,,,,,,,,,,,,,,,,,,,,,,,,
8352,2019,3,28,23,30,7.5,0,0,0,0.5,,,,,,,,,,,,,,,,,,,,,,,,,,,,,,,,,,,,
8353,2019,3,28,23,45,7.5,0,0,0,0.5,,,,,,,,,,,,,,,,,,,,,,,,,,,,,,,,,,,,
8354,2019,3,29,0,0,7.5,0,0,0,0.5,,,,,,,,,,,,,,,,,,,,,,,,,,,,,,,,,,,,
8355,2019,3,29,0,15,7.5,0,0,0,0.5,,,,,,,,,,,,,,,,,,,,,,,,,,,,,,,,,,,,
8356,2019,3,29,0,30,7.5,0,0,0,0.5,,,,,,,,,,,,,,,,,,,,,,,,,,,,,,,,,,,,
8357,2019,3,29,0,45,7.5,0,0,0,0.5,,,,,,,,,,,,,,,,,,,,,,,,,,,,,,,,,,,,
8358,2019,3,29,1,0,7.6000000000000005,0,0,0,0.4,,,,,,,,,,,,,,,,,,,,,,,,,,,,,,,,,,,,
8359,2019,3,29,1,15,7.5,0,0,0,0.4,,,,,,,,,,,,,,,,,,,,,,,,,,,,,,,,,,,,
8360,2019,3,29,1,30,7.5,0,0,0,0.4,,,,,,,,,,,,,,,,,,,,,,,,,,,,,,,,,,,,
8361,2019,3,29,1,45,7.4,0,0,0,0.5,,,,,,,,,,,,,,,,,,,,,,,,,,,,,,,,,,,,
8362,2019,3,29,2,0,7.300000000000001,0,0,0,0.5,,,,,,,,,,,,,,,,,,,,,,,,,,,,,,,,,,,,
8363,2019,3,29,2,15,7.300000000000001,0,0,0,0.5,,,,,,,,,,,,,,,,,,,,,,,,,,,,,,,,,,,,
8364,2019,3,29,2,30,7.2,0,0,0,0.6000000000000001,,,,,,,,,,,,,,,,,,,,,,,,,,,,,,,,,,,,
8365,2019,3,29,2,45,7.1000000000000005,0,0,0,0.6000000000000001,,,,,,,,,,,,,,,,,,,,,,,,,,,,,,,,,,,,
8366,2019,3,29,3,0,7,0,0,0,0.6000000000000001,,,,,,,,,,,,,,,,,,,,,,,,,,,,,,,,,,,,
8367,2019,3,29,3,15,7,0,0,0,0.7000000000000001,,,,,,,,,,,,,,,,,,,,,,,,,,,,,,,,,,,,
8368,2019,3,29,3,30,6.9,0,0,0,0.7000000000000001,,,,,,,,,,,,,,,,,,,,,,,,,,,,,,,,,,,,
8369,2019,3,29,3,45,6.9,0,0,0,0.7000000000000001,,,,,,,,,,,,,,,,,,,,,,,,,,,,,,,,,,,,
8370,2019,3,29,4,0,6.800000000000001,0,0,0,0.7000000000000001,,,,,,,,,,,,,,,,,,,,,,,,,,,,,,,,,,,,
8371,2019,3,29,4,15,6.800000000000001,0,0,0,0.7000000000000001,,,,,,,,,,,,,,,,,,,,,,,,,,,,,,,,,,,,
8372,2019,3,29,4,30,6.800000000000001,0,0,0,0.7000000000000001,,,,,,,,,,,,,,,,,,,,,,,,,,,,,,,,,,,,
8373,2019,3,29,4,45,6.800000000000001,0,0,0,0.7000000000000001,,,,,,,,,,,,,,,,,,,,,,,,,,,,,,,,,,,,
8374,2019,3,29,5,0,6.7,0,0,0,0.7000000000000001,,,,,,,,,,,,,,,,,,,,,,,,,,,,,,,,,,,,
8375,2019,3,29,5,15,6.800000000000001,0,0,0,0.7000000000000001,,,,,,,,,,,,,,,,,,,,,,,,,,,,,,,,,,,,
8376,2019,3,29,5,30,6.9,0,0,0,0.7000000000000001,,,,,,,,,,,,,,,,,,,,,,,,,,,,,,,,,,,,
8377,2019,3,29,5,45,7,0,0,0,0.6000000000000001,,,,,,,,,,,,,,,,,,,,,,,,,,,,,,,,,,,,
8378,2019,3,29,6,0,7.1000000000000005,0,0,0,0.6000000000000001,,,,,,,,,,,,,,,,,,,,,,,,,,,,,,,,,,,,
8379,2019,3,29,6,15,7.4,17,132,22,0.7000000000000001,,,,,,,,,,,,,,,,,,,,,,,,,,,,,,,,,,,,
8380,2019,3,29,6,30,7.7,28,249,48,0.8,,,,,,,,,,,,,,,,,,,,,,,,,,,,,,,,,,,,
8381,2019,3,29,6,45,8.1,39,352,80,0.9,,,,,,,,,,,,,,,,,,,,,,,,,,,,,,,,,,,,
8382,2019,3,29,7,0,8.4,48,435,116,1,,,,,,,,,,,,,,,,,,,,,,,,,,,,,,,,,,,,
8383,2019,3,29,7,15,8.8,56,508,155,1,,,,,,,,,,,,,,,,,,,,,,,,,,,,,,,,,,,,
8384,2019,3,29,7,30,9.200000000000001,63,566,195,0.9,,,,,,,,,,,,,,,,,,,,,,,,,,,,,,,,,,,,
8385,2019,3,29,7,45,9.600000000000001,16,0,16,0.9,,,,,,,,,,,,,,,,,,,,,,,,,,,,,,,,,,,,
8386,2019,3,29,8,0,10,20,0,20,0.9,,,,,,,,,,,,,,,,,,,,,,,,,,,,,,,,,,,,
8387,2019,3,29,8,15,10.3,23,0,23,0.9,,,,,,,,,,,,,,,,,,,,,,,,,,,,,,,,,,,,
8388,2019,3,29,8,30,10.700000000000001,27,0,27,0.9,,,,,,,,,,,,,,,,,,,,,,,,,,,,,,,,,,,,
8389,2019,3,29,8,45,11,30,0,30,0.9,,,,,,,,,,,,,,,,,,,,,,,,,,,,,,,,,,,,
8390,2019,3,29,9,0,11.3,34,0,34,1,,,,,,,,,,,,,,,,,,,,,,,,,,,,,,,,,,,,
8391,2019,3,29,9,15,11.600000000000001,37,0,37,1,,,,,,,,,,,,,,,,,,,,,,,,,,,,,,,,,,,,
8392,2019,3,29,9,30,11.8,41,0,41,1.1,,,,,,,,,,,,,,,,,,,,,,,,,,,,,,,,,,,,
8393,2019,3,29,9,45,12,44,0,44,1.1,,,,,,,,,,,,,,,,,,,,,,,,,,,,,,,,,,,,
8394,2019,3,29,10,0,12.200000000000001,47,0,47,1.2000000000000002,,,,,,,,,,,,,,,,,,,,,,,,,,,,,,,,,,,,
8395,2019,3,29,10,15,12.5,49,0,49,1.2000000000000002,,,,,,,,,,,,,,,,,,,,,,,,,,,,,,,,,,,,
8396,2019,3,29,10,30,12.700000000000001,52,0,52,1.2000000000000002,,,,,,,,,,,,,,,,,,,,,,,,,,,,,,,,,,,,
8397,2019,3,29,10,45,12.9,54,0,54,1.3,,,,,,,,,,,,,,,,,,,,,,,,,,,,,,,,,,,,
8398,2019,3,29,11,0,13.100000000000001,56,0,56,1.3,,,,,,,,,,,,,,,,,,,,,,,,,,,,,,,,,,,,
8399,2019,3,29,11,15,13.3,210,10,216,1.4000000000000001,,,,,,,,,,,,,,,,,,,,,,,,,,,,,,,,,,,,
8400,2019,3,29,11,30,13.5,214,11,221,1.4000000000000001,,,,,,,,,,,,,,,,,,,,,,,,,,,,,,,,,,,,
8401,2019,3,29,11,45,13.700000000000001,254,27,271,1.5,,,,,,,,,,,,,,,,,,,,,,,,,,,,,,,,,,,,
8402,2019,3,29,12,0,13.9,256,28,274,1.5,,,,,,,,,,,,,,,,,,,,,,,,,,,,,,,,,,,,
8403,2019,3,29,12,15,14,300,81,353,1.6,,,,,,,,,,,,,,,,,,,,,,,,,,,,,,,,,,,,
8404,2019,3,29,12,30,14.100000000000001,307,106,377,1.6,,,,,,,,,,,,,,,,,,,,,,,,,,,,,,,,,,,,
8405,2019,3,29,12,45,14.3,303,100,369,1.7000000000000002,,,,,,,,,,,,,,,,,,,,,,,,,,,,,,,,,,,,
8406,2019,3,29,13,0,14.4,306,164,413,1.7000000000000002,,,,,,,,,,,,,,,,,,,,,,,,,,,,,,,,,,,,
8407,2019,3,29,13,15,14.5,299,193,424,1.7000000000000002,,,,,,,,,,,,,,,,,,,,,,,,,,,,,,,,,,,,
8408,2019,3,29,13,30,14.5,281,280,459,1.8,,,,,,,,,,,,,,,,,,,,,,,,,,,,,,,,,,,,
8409,2019,3,29,13,45,14.600000000000001,154,666,568,1.8,,,,,,,,,,,,,,,,,,,,,,,,,,,,,,,,,,,,
8410,2019,3,29,14,0,14.600000000000001,256,320,450,1.8,,,,,,,,,,,,,,,,,,,,,,,,,,,,,,,,,,,,
8411,2019,3,29,14,15,14.600000000000001,242,337,440,1.8,,,,,,,,,,,,,,,,,,,,,,,,,,,,,,,,,,,,
8412,2019,3,29,14,30,14.600000000000001,101,840,577,1.8,,,,,,,,,,,,,,,,,,,,,,,,,,,,,,,,,,,,
8413,2019,3,29,14,45,14.600000000000001,96,838,551,1.8,,,,,,,,,,,,,,,,,,,,,,,,,,,,,,,,,,,,
8414,2019,3,29,15,0,14.600000000000001,94,824,521,1.8,,,,,,,,,,,,,,,,,,,,,,,,,,,,,,,,,,,,
8415,2019,3,29,15,15,14.4,91,809,489,1.8,,,,,,,,,,,,,,,,,,,,,,,,,,,,,,,,,,,,
8416,2019,3,29,15,30,14.3,89,791,454,1.9000000000000001,,,,,,,,,,,,,,,,,,,,,,,,,,,,,,,,,,,,
8417,2019,3,29,15,45,14.200000000000001,84,776,419,1.9000000000000001,,,,,,,,,,,,,,,,,,,,,,,,,,,,,,,,,,,,
8418,2019,3,29,16,0,14,81,753,381,1.9000000000000001,,,,,,,,,,,,,,,,,,,,,,,,,,,,,,,,,,,,
8419,2019,3,29,16,15,13.600000000000001,77,726,342,1.7000000000000002,,,,,,,,,,,,,,,,,,,,,,,,,,,,,,,,,,,,
8420,2019,3,29,16,30,13.3,73,694,302,1.5,,,,,,,,,,,,,,,,,,,,,,,,,,,,,,,,,,,,
8421,2019,3,29,16,45,12.9,67,663,262,1.3,,,,,,,,,,,,,,,,,,,,,,,,,,,,,,,,,,,,
8422,2019,3,29,17,0,12.5,62,620,221,1.1,,,,,,,,,,,,,,,,,,,,,,,,,,,,,,,,,,,,
8423,2019,3,29,17,15,11.700000000000001,56,570,181,1.1,,,,,,,,,,,,,,,,,,,,,,,,,,,,,,,,,,,,
8424,2019,3,29,17,30,10.9,50,508,141,1.1,,,,,,,,,,,,,,,,,,,,,,,,,,,,,,,,,,,,
8425,2019,3,29,17,45,10.100000000000001,42,439,103,1.1,,,,,,,,,,,,,,,,,,,,,,,,,,,,,,,,,,,,
8426,2019,3,29,18,0,9.4,33,349,68,1,,,,,,,,,,,,,,,,,,,,,,,,,,,,,,,,,,,,
8427,2019,3,29,18,15,9,23,242,38,1.1,,,,,,,,,,,,,,,,,,,,,,,,,,,,,,,,,,,,
8428,2019,3,29,18,30,8.700000000000001,12,112,15,1.1,,,,,,,,,,,,,,,,,,,,,,,,,,,,,,,,,,,,
8429,2019,3,29,18,45,8.4,0,0,0,1.1,,,,,,,,,,,,,,,,,,,,,,,,,,,,,,,,,,,,
8430,2019,3,29,19,0,8,0,0,0,1.2000000000000002,,,,,,,,,,,,,,,,,,,,,,,,,,,,,,,,,,,,
8431,2019,3,29,19,15,7.800000000000001,0,0,0,1.2000000000000002,,,,,,,,,,,,,,,,,,,,,,,,,,,,,,,,,,,,
8432,2019,3,29,19,30,7.6000000000000005,0,0,0,1.2000000000000002,,,,,,,,,,,,,,,,,,,,,,,,,,,,,,,,,,,,
8433,2019,3,29,19,45,7.4,0,0,0,1.2000000000000002,,,,,,,,,,,,,,,,,,,,,,,,,,,,,,,,,,,,
8434,2019,3,29,20,0,7.2,0,0,0,1.2000000000000002,,,,,,,,,,,,,,,,,,,,,,,,,,,,,,,,,,,,
8435,2019,3,29,20,15,7.1000000000000005,0,0,0,1.2000000000000002,,,,,,,,,,,,,,,,,,,,,,,,,,,,,,,,,,,,
8436,2019,3,29,20,30,6.9,0,0,0,1.2000000000000002,,,,,,,,,,,,,,,,,,,,,,,,,,,,,,,,,,,,
8437,2019,3,29,20,45,6.7,0,0,0,1.2000000000000002,,,,,,,,,,,,,,,,,,,,,,,,,,,,,,,,,,,,
8438,2019,3,29,21,0,6.5,0,0,0,1.2000000000000002,,,,,,,,,,,,,,,,,,,,,,,,,,,,,,,,,,,,
8439,2019,3,29,21,15,6.4,0,0,0,1.2000000000000002,,,,,,,,,,,,,,,,,,,,,,,,,,,,,,,,,,,,
8440,2019,3,29,21,30,6.2,0,0,0,1.2000000000000002,,,,,,,,,,,,,,,,,,,,,,,,,,,,,,,,,,,,
8441,2019,3,29,21,45,6.1000000000000005,0,0,0,1.2000000000000002,,,,,,,,,,,,,,,,,,,,,,,,,,,,,,,,,,,,
8442,2019,3,29,22,0,5.9,0,0,0,1.2000000000000002,,,,,,,,,,,,,,,,,,,,,,,,,,,,,,,,,,,,
8443,2019,3,29,22,15,5.800000000000001,0,0,0,1.2000000000000002,,,,,,,,,,,,,,,,,,,,,,,,,,,,,,,,,,,,
8444,2019,3,29,22,30,5.6000000000000005,0,0,0,1.2000000000000002,,,,,,,,,,,,,,,,,,,,,,,,,,,,,,,,,,,,
8445,2019,3,29,22,45,5.5,0,0,0,1.3,,,,,,,,,,,,,,,,,,,,,,,,,,,,,,,,,,,,
8446,2019,3,29,23,0,5.300000000000001,0,0,0,1.3,,,,,,,,,,,,,,,,,,,,,,,,,,,,,,,,,,,,
8447,2019,3,29,23,15,5.2,0,0,0,1.3,,,,,,,,,,,,,,,,,,,,,,,,,,,,,,,,,,,,
8448,2019,3,29,23,30,5.1000000000000005,0,0,0,1.3,,,,,,,,,,,,,,,,,,,,,,,,,,,,,,,,,,,,
8449,2019,3,29,23,45,4.9,0,0,0,1.3,,,,,,,,,,,,,,,,,,,,,,,,,,,,,,,,,,,,
8450,2019,3,30,0,0,4.800000000000001,0,0,0,1.3,,,,,,,,,,,,,,,,,,,,,,,,,,,,,,,,,,,,
8451,2019,3,30,0,15,4.800000000000001,0,0,0,1.3,,,,,,,,,,,,,,,,,,,,,,,,,,,,,,,,,,,,
8452,2019,3,30,0,30,4.800000000000001,0,0,0,1.3,,,,,,,,,,,,,,,,,,,,,,,,,,,,,,,,,,,,
8453,2019,3,30,0,45,4.800000000000001,0,0,0,1.3,,,,,,,,,,,,,,,,,,,,,,,,,,,,,,,,,,,,
8454,2019,3,30,1,0,4.3,0,0,0,1.3,,,,,,,,,,,,,,,,,,,,,,,,,,,,,,,,,,,,
8455,2019,3,30,1,15,4.2,0,0,0,1.3,,,,,,,,,,,,,,,,,,,,,,,,,,,,,,,,,,,,
8456,2019,3,30,1,30,4.1000000000000005,0,0,0,1.3,,,,,,,,,,,,,,,,,,,,,,,,,,,,,,,,,,,,
8457,2019,3,30,1,45,4.1000000000000005,0,0,0,1.3,,,,,,,,,,,,,,,,,,,,,,,,,,,,,,,,,,,,
8458,2019,3,30,2,0,4,0,0,0,1.3,,,,,,,,,,,,,,,,,,,,,,,,,,,,,,,,,,,,
8459,2019,3,30,2,15,3.9000000000000004,0,0,0,1.3,,,,,,,,,,,,,,,,,,,,,,,,,,,,,,,,,,,,
8460,2019,3,30,2,30,3.8000000000000003,0,0,0,1.4000000000000001,,,,,,,,,,,,,,,,,,,,,,,,,,,,,,,,,,,,
8461,2019,3,30,2,45,3.8000000000000003,0,0,0,1.4000000000000001,,,,,,,,,,,,,,,,,,,,,,,,,,,,,,,,,,,,
8462,2019,3,30,3,0,3.7,0,0,0,1.4000000000000001,,,,,,,,,,,,,,,,,,,,,,,,,,,,,,,,,,,,
8463,2019,3,30,3,15,3.6,0,0,0,1.4000000000000001,,,,,,,,,,,,,,,,,,,,,,,,,,,,,,,,,,,,
8464,2019,3,30,3,30,3.6,0,0,0,1.4000000000000001,,,,,,,,,,,,,,,,,,,,,,,,,,,,,,,,,,,,
8465,2019,3,30,3,45,3.5,0,0,0,1.5,,,,,,,,,,,,,,,,,,,,,,,,,,,,,,,,,,,,
8466,2019,3,30,4,0,3.5,0,0,0,1.5,,,,,,,,,,,,,,,,,,,,,,,,,,,,,,,,,,,,
8467,2019,3,30,4,15,3.4000000000000004,0,0,0,1.5,,,,,,,,,,,,,,,,,,,,,,,,,,,,,,,,,,,,
8468,2019,3,30,4,30,3.4000000000000004,0,0,0,1.6,,,,,,,,,,,,,,,,,,,,,,,,,,,,,,,,,,,,
8469,2019,3,30,4,45,3.3000000000000003,0,0,0,1.6,,,,,,,,,,,,,,,,,,,,,,,,,,,,,,,,,,,,
8470,2019,3,30,5,0,3.3000000000000003,0,0,0,1.6,,,,,,,,,,,,,,,,,,,,,,,,,,,,,,,,,,,,
8471,2019,3,30,5,15,3.5,0,0,0,1.7000000000000002,,,,,,,,,,,,,,,,,,,,,,,,,,,,,,,,,,,,
8472,2019,3,30,5,30,3.8000000000000003,0,0,0,1.8,,,,,,,,,,,,,,,,,,,,,,,,,,,,,,,,,,,,
8473,2019,3,30,5,45,4,0,0,0,1.8,,,,,,,,,,,,,,,,,,,,,,,,,,,,,,,,,,,,
8474,2019,3,30,6,0,4.2,0,0,0,1.9000000000000001,,,,,,,,,,,,,,,,,,,,,,,,,,,,,,,,,,,,
8475,2019,3,30,6,15,4.9,18,181,26,2.2,,,,,,,,,,,,,,,,,,,,,,,,,,,,,,,,,,,,
8476,2019,3,30,6,30,5.6000000000000005,29,301,54,2.5,,,,,,,,,,,,,,,,,,,,,,,,,,,,,,,,,,,,
8477,2019,3,30,6,45,6.300000000000001,38,404,88,2.7,,,,,,,,,,,,,,,,,,,,,,,,,,,,,,,,,,,,
8478,2019,3,30,7,0,7,46,485,125,3,,,,,,,,,,,,,,,,,,,,,,,,,,,,,,,,,,,,
8479,2019,3,30,7,15,7.6000000000000005,53,552,164,3,,,,,,,,,,,,,,,,,,,,,,,,,,,,,,,,,,,,
8480,2019,3,30,7,30,8.200000000000001,86,21,91,2.9000000000000004,,,,,,,,,,,,,,,,,,,,,,,,,,,,,,,,,,,,
8481,2019,3,30,7,45,8.700000000000001,104,36,114,2.8000000000000003,,,,,,,,,,,,,,,,,,,,,,,,,,,,,,,,,,,,
8482,2019,3,30,8,0,9.3,69,692,287,2.8000000000000003,,,,,,,,,,,,,,,,,,,,,,,,,,,,,,,,,,,,
8483,2019,3,30,8,15,10.200000000000001,73,725,328,2.8000000000000003,,,,,,,,,,,,,,,,,,,,,,,,,,,,,,,,,,,,
8484,2019,3,30,8,30,11.100000000000001,77,754,368,2.8000000000000003,,,,,,,,,,,,,,,,,,,,,,,,,,,,,,,,,,,,
8485,2019,3,30,8,45,12,82,774,406,2.8000000000000003,,,,,,,,,,,,,,,,,,,,,,,,,,,,,,,,,,,,
8486,2019,3,30,9,0,12.9,182,266,302,2.8000000000000003,,,,,,,,,,,,,,,,,,,,,,,,,,,,,,,,,,,,
8487,2019,3,30,9,15,13.5,190,317,342,3,,,,,,,,,,,,,,,,,,,,,,,,,,,,,,,,,,,,
8488,2019,3,30,9,30,14.200000000000001,90,825,510,3.1,,,,,,,,,,,,,,,,,,,,,,,,,,,,,,,,,,,,
8489,2019,3,30,9,45,14.9,96,828,539,3.3000000000000003,,,,,,,,,,,,,,,,,,,,,,,,,,,,,,,,,,,,
8490,2019,3,30,10,0,15.5,99,840,568,3.4000000000000004,,,,,,,,,,,,,,,,,,,,,,,,,,,,,,,,,,,,
8491,2019,3,30,10,15,15.700000000000001,100,851,595,3.4000000000000004,,,,,,,,,,,,,,,,,,,,,,,,,,,,,,,,,,,,
8492,2019,3,30,10,30,16,102,860,619,3.5,,,,,,,,,,,,,,,,,,,,,,,,,,,,,,,,,,,,
8493,2019,3,30,10,45,16.2,104,867,639,3.5,,,,,,,,,,,,,,,,,,,,,,,,,,,,,,,,,,,,
8494,2019,3,30,11,0,16.400000000000002,105,873,658,3.6,,,,,,,,,,,,,,,,,,,,,,,,,,,,,,,,,,,,
8495,2019,3,30,11,15,16.6,106,878,673,3.6,,,,,,,,,,,,,,,,,,,,,,,,,,,,,,,,,,,,
8496,2019,3,30,11,30,16.8,240,470,547,3.6,,,,,,,,,,,,,,,,,,,,,,,,,,,,,,,,,,,,
8497,2019,3,30,11,45,16.900000000000002,108,884,693,3.6,,,,,,,,,,,,,,,,,,,,,,,,,,,,,,,,,,,,
8498,2019,3,30,12,0,17.1,108,885,699,3.7,,,,,,,,,,,,,,,,,,,,,,,,,,,,,,,,,,,,
8499,2019,3,30,12,15,17.2,108,882,698,3.7,,,,,,,,,,,,,,,,,,,,,,,,,,,,,,,,,,,,
8500,2019,3,30,12,30,17.3,108,882,698,3.7,,,,,,,,,,,,,,,,,,,,,,,,,,,,,,,,,,,,
8501,2019,3,30,12,45,17.5,113,869,691,3.7,,,,,,,,,,,,,,,,,,,,,,,,,,,,,,,,,,,,
8502,2019,3,30,13,0,17.6,113,866,684,3.7,,,,,,,,,,,,,,,,,,,,,,,,,,,,,,,,,,,,
8503,2019,3,30,13,15,17.6,112,863,673,3.7,,,,,,,,,,,,,,,,,,,,,,,,,,,,,,,,,,,,
8504,2019,3,30,13,30,17.6,111,858,660,3.7,,,,,,,,,,,,,,,,,,,,,,,,,,,,,,,,,,,,
8505,2019,3,30,13,45,17.7,112,846,642,3.7,,,,,,,,,,,,,,,,,,,,,,,,,,,,,,,,,,,,
8506,2019,3,30,14,0,17.7,111,839,623,3.6,,,,,,,,,,,,,,,,,,,,,,,,,,,,,,,,,,,,
8507,2019,3,30,14,15,17.6,109,826,598,3.6,,,,,,,,,,,,,,,,,,,,,,,,,,,,,,,,,,,,
8508,2019,3,30,14,30,17.6,107,816,573,3.6,,,,,,,,,,,,,,,,,,,,,,,,,,,,,,,,,,,,
8509,2019,3,30,14,45,17.5,108,795,544,3.5,,,,,,,,,,,,,,,,,,,,,,,,,,,,,,,,,,,,
8510,2019,3,30,15,0,17.400000000000002,105,781,514,3.5,,,,,,,,,,,,,,,,,,,,,,,,,,,,,,,,,,,,
8511,2019,3,30,15,15,17.3,103,765,482,3.3000000000000003,,,,,,,,,,,,,,,,,,,,,,,,,,,,,,,,,,,,
8512,2019,3,30,15,30,17.1,100,743,447,3.1,,,,,,,,,,,,,,,,,,,,,,,,,,,,,,,,,,,,
8513,2019,3,30,15,45,16.900000000000002,99,712,410,3,,,,,,,,,,,,,,,,,,,,,,,,,,,,,,,,,,,,
8514,2019,3,30,16,0,16.7,95,688,372,2.8000000000000003,,,,,,,,,,,,,,,,,,,,,,,,,,,,,,,,,,,,
8515,2019,3,30,16,15,16.2,90,659,334,2.5,,,,,,,,,,,,,,,,,,,,,,,,,,,,,,,,,,,,
8516,2019,3,30,16,30,15.600000000000001,128,240,208,2.1,,,,,,,,,,,,,,,,,,,,,,,,,,,,,,,,,,,,
8517,2019,3,30,16,45,15.100000000000001,117,117,152,1.8,,,,,,,,,,,,,,,,,,,,,,,,,,,,,,,,,,,,
8518,2019,3,30,17,0,14.5,100,94,125,1.4000000000000001,,,,,,,,,,,,,,,,,,,,,,,,,,,,,,,,,,,,
8519,2019,3,30,17,15,13.700000000000001,83,72,99,1.4000000000000001,,,,,,,,,,,,,,,,,,,,,,,,,,,,,,,,,,,,
8520,2019,3,30,17,30,12.9,66,49,75,1.4000000000000001,,,,,,,,,,,,,,,,,,,,,,,,,,,,,,,,,,,,
8521,2019,3,30,17,45,12.100000000000001,50,27,54,1.4000000000000001,,,,,,,,,,,,,,,,,,,,,,,,,,,,,,,,,,,,
8522,2019,3,30,18,0,11.3,34,3,35,1.4000000000000001,,,,,,,,,,,,,,,,,,,,,,,,,,,,,,,,,,,,
8523,2019,3,30,18,15,11,25,169,36,1.4000000000000001,,,,,,,,,,,,,,,,,,,,,,,,,,,,,,,,,,,,
8524,2019,3,30,18,30,10.700000000000001,12,69,14,1.4000000000000001,,,,,,,,,,,,,,,,,,,,,,,,,,,,,,,,,,,,
8525,2019,3,30,18,45,10.4,0,0,0,1.4000000000000001,,,,,,,,,,,,,,,,,,,,,,,,,,,,,,,,,,,,
8526,2019,3,30,19,0,10.100000000000001,0,0,0,1.5,,,,,,,,,,,,,,,,,,,,,,,,,,,,,,,,,,,,
8527,2019,3,30,19,15,9.9,0,0,0,1.5,,,,,,,,,,,,,,,,,,,,,,,,,,,,,,,,,,,,
8528,2019,3,30,19,30,9.8,0,0,0,1.5,,,,,,,,,,,,,,,,,,,,,,,,,,,,,,,,,,,,
8529,2019,3,30,19,45,9.600000000000001,0,0,0,1.5,,,,,,,,,,,,,,,,,,,,,,,,,,,,,,,,,,,,
8530,2019,3,30,20,0,9.4,0,0,0,1.6,,,,,,,,,,,,,,,,,,,,,,,,,,,,,,,,,,,,
8531,2019,3,30,20,15,9.200000000000001,0,0,0,1.6,,,,,,,,,,,,,,,,,,,,,,,,,,,,,,,,,,,,
8532,2019,3,30,20,30,9.1,0,0,0,1.6,,,,,,,,,,,,,,,,,,,,,,,,,,,,,,,,,,,,
8533,2019,3,30,20,45,8.9,0,0,0,1.6,,,,,,,,,,,,,,,,,,,,,,,,,,,,,,,,,,,,
8534,2019,3,30,21,0,8.700000000000001,0,0,0,1.6,,,,,,,,,,,,,,,,,,,,,,,,,,,,,,,,,,,,
8535,2019,3,30,21,15,8.6,0,0,0,1.6,,,,,,,,,,,,,,,,,,,,,,,,,,,,,,,,,,,,
8536,2019,3,30,21,30,8.4,0,0,0,1.6,,,,,,,,,,,,,,,,,,,,,,,,,,,,,,,,,,,,
8537,2019,3,30,21,45,8.3,0,0,0,1.6,,,,,,,,,,,,,,,,,,,,,,,,,,,,,,,,,,,,
8538,2019,3,30,22,0,8.1,0,0,0,1.7000000000000002,,,,,,,,,,,,,,,,,,,,,,,,,,,,,,,,,,,,
8539,2019,3,30,22,15,7.9,0,0,0,1.7000000000000002,,,,,,,,,,,,,,,,,,,,,,,,,,,,,,,,,,,,
8540,2019,3,30,22,30,7.7,0,0,0,1.7000000000000002,,,,,,,,,,,,,,,,,,,,,,,,,,,,,,,,,,,,
8541,2019,3,30,22,45,7.5,0,0,0,1.7000000000000002,,,,,,,,,,,,,,,,,,,,,,,,,,,,,,,,,,,,
8542,2019,3,30,23,0,7.300000000000001,0,0,0,1.7000000000000002,,,,,,,,,,,,,,,,,,,,,,,,,,,,,,,,,,,,
8543,2019,3,30,23,15,7.1000000000000005,0,0,0,1.7000000000000002,,,,,,,,,,,,,,,,,,,,,,,,,,,,,,,,,,,,
8544,2019,3,30,23,30,6.9,0,0,0,1.7000000000000002,,,,,,,,,,,,,,,,,,,,,,,,,,,,,,,,,,,,
8545,2019,3,30,23,45,6.7,0,0,0,1.7000000000000002,,,,,,,,,,,,,,,,,,,,,,,,,,,,,,,,,,,,
8546,2019,3,31,0,0,6.5,0,0,0,1.7000000000000002,,,,,,,,,,,,,,,,,,,,,,,,,,,,,,,,,,,,
8547,2019,3,31,0,15,6.5,0,0,0,1.7000000000000002,,,,,,,,,,,,,,,,,,,,,,,,,,,,,,,,,,,,
8548,2019,3,31,0,30,6.5,0,0,0,1.7000000000000002,,,,,,,,,,,,,,,,,,,,,,,,,,,,,,,,,,,,
8549,2019,3,31,0,45,6.5,0,0,0,1.7000000000000002,,,,,,,,,,,,,,,,,,,,,,,,,,,,,,,,,,,,
8550,2019,3,31,1,0,5.800000000000001,0,0,0,1.7000000000000002,,,,,,,,,,,,,,,,,,,,,,,,,,,,,,,,,,,,
8551,2019,3,31,1,15,5.7,0,0,0,1.7000000000000002,,,,,,,,,,,,,,,,,,,,,,,,,,,,,,,,,,,,
8552,2019,3,31,1,30,5.5,0,0,0,1.7000000000000002,,,,,,,,,,,,,,,,,,,,,,,,,,,,,,,,,,,,
8553,2019,3,31,1,45,5.300000000000001,0,0,0,1.7000000000000002,,,,,,,,,,,,,,,,,,,,,,,,,,,,,,,,,,,,
8554,2019,3,31,2,0,5.1000000000000005,0,0,0,1.7000000000000002,,,,,,,,,,,,,,,,,,,,,,,,,,,,,,,,,,,,
8555,2019,3,31,2,15,4.9,0,0,0,1.6,,,,,,,,,,,,,,,,,,,,,,,,,,,,,,,,,,,,
8556,2019,3,31,2,30,4.800000000000001,0,0,0,1.6,,,,,,,,,,,,,,,,,,,,,,,,,,,,,,,,,,,,
8557,2019,3,31,2,45,4.6000000000000005,0,0,0,1.6,,,,,,,,,,,,,,,,,,,,,,,,,,,,,,,,,,,,
8558,2019,3,31,3,0,4.5,0,0,0,1.6,,,,,,,,,,,,,,,,,,,,,,,,,,,,,,,,,,,,
8559,2019,3,31,3,15,4.5,0,0,0,1.7000000000000002,,,,,,,,,,,,,,,,,,,,,,,,,,,,,,,,,,,,
8560,2019,3,31,3,30,4.5,0,0,0,1.7000000000000002,,,,,,,,,,,,,,,,,,,,,,,,,,,,,,,,,,,,
8561,2019,3,31,3,45,4.5,0,0,0,1.8,,,,,,,,,,,,,,,,,,,,,,,,,,,,,,,,,,,,
8562,2019,3,31,4,0,4.4,0,0,0,1.8,,,,,,,,,,,,,,,,,,,,,,,,,,,,,,,,,,,,
8563,2019,3,31,4,15,4.4,0,0,0,1.9000000000000001,,,,,,,,,,,,,,,,,,,,,,,,,,,,,,,,,,,,
8564,2019,3,31,4,30,4.3,0,0,0,2,,,,,,,,,,,,,,,,,,,,,,,,,,,,,,,,,,,,
8565,2019,3,31,4,45,4.2,0,0,0,2.1,,,,,,,,,,,,,,,,,,,,,,,,,,,,,,,,,,,,
8566,2019,3,31,5,0,4.2,0,0,0,2.2,,,,,,,,,,,,,,,,,,,,,,,,,,,,,,,,,,,,
8567,2019,3,31,5,15,4.3,0,0,0,2.2,,,,,,,,,,,,,,,,,,,,,,,,,,,,,,,,,,,,
8568,2019,3,31,5,30,4.3,0,0,0,2.2,,,,,,,,,,,,,,,,,,,,,,,,,,,,,,,,,,,,
8569,2019,3,31,5,45,4.4,0,0,0,2.3000000000000003,,,,,,,,,,,,,,,,,,,,,,,,,,,,,,,,,,,,
8570,2019,3,31,6,0,4.5,0,0,0,2.3000000000000003,,,,,,,,,,,,,,,,,,,,,,,,,,,,,,,,,,,,
8571,2019,3,31,6,15,4.800000000000001,17,40,19,2.5,,,,,,,,,,,,,,,,,,,,,,,,,,,,,,,,,,,,
8572,2019,3,31,6,30,5.1000000000000005,4,0,4,2.6,,,,,,,,,,,,,,,,,,,,,,,,,,,,,,,,,,,,
8573,2019,3,31,6,45,5.4,6,0,6,2.7,,,,,,,,,,,,,,,,,,,,,,,,,,,,,,,,,,,,
8574,2019,3,31,7,0,5.7,9,0,9,2.9000000000000004,,,,,,,,,,,,,,,,,,,,,,,,,,,,,,,,,,,,
8575,2019,3,31,7,15,6.1000000000000005,11,0,11,3,,,,,,,,,,,,,,,,,,,,,,,,,,,,,,,,,,,,
8576,2019,3,31,7,30,6.6000000000000005,14,0,14,3.1,,,,,,,,,,,,,,,,,,,,,,,,,,,,,,,,,,,,
8577,2019,3,31,7,45,7,17,0,17,3.2,,,,,,,,,,,,,,,,,,,,,,,,,,,,,,,,,,,,
8578,2019,3,31,8,0,7.4,20,0,20,3.3000000000000003,,,,,,,,,,,,,,,,,,,,,,,,,,,,,,,,,,,,
8579,2019,3,31,8,15,7.800000000000001,24,0,24,3.4000000000000004,,,,,,,,,,,,,,,,,,,,,,,,,,,,,,,,,,,,
8580,2019,3,31,8,30,8.200000000000001,27,0,27,3.5,,,,,,,,,,,,,,,,,,,,,,,,,,,,,,,,,,,,
8581,2019,3,31,8,45,8.6,31,0,31,3.6,,,,,,,,,,,,,,,,,,,,,,,,,,,,,,,,,,,,
8582,2019,3,31,9,0,9,34,0,34,3.7,,,,,,,,,,,,,,,,,,,,,,,,,,,,,,,,,,,,
8583,2019,3,31,9,15,9.200000000000001,38,0,38,3.7,,,,,,,,,,,,,,,,,,,,,,,,,,,,,,,,,,,,
8584,2019,3,31,9,30,9.4,198,30,214,3.7,,,,,,,,,,,,,,,,,,,,,,,,,,,,,,,,,,,,
8585,2019,3,31,9,45,9.600000000000001,212,34,231,3.7,,,,,,,,,,,,,,,,,,,,,,,,,,,,,,,,,,,,
8586,2019,3,31,10,0,9.8,47,0,47,3.8000000000000003,,,,,,,,,,,,,,,,,,,,,,,,,,,,,,,,,,,,
8587,2019,3,31,10,15,10,50,0,50,3.7,,,,,,,,,,,,,,,,,,,,,,,,,,,,,,,,,,,,
8588,2019,3,31,10,30,10.100000000000001,52,0,52,3.7,,,,,,,,,,,,,,,,,,,,,,,,,,,,,,,,,,,,
8589,2019,3,31,10,45,10.3,54,0,54,3.7,,,,,,,,,,,,,,,,,,,,,,,,,,,,,,,,,,,,
8590,2019,3,31,11,0,10.4,99,0,99,3.7,,,,,,,,,,,,,,,,,,,,,,,,,,,,,,,,,,,,
8591,2019,3,31,11,15,10.5,102,0,102,3.7,,,,,,,,,,,,,,,,,,,,,,,,,,,,,,,,,,,,
8592,2019,3,31,11,30,10.700000000000001,59,0,59,3.6,,,,,,,,,,,,,,,,,,,,,,,,,,,,,,,,,,,,
8593,2019,3,31,11,45,10.8,59,0,59,3.6,,,,,,,,,,,,,,,,,,,,,,,,,,,,,,,,,,,,
8594,2019,3,31,12,0,10.9,59,0,59,3.6,,,,,,,,,,,,,,,,,,,,,,,,,,,,,,,,,,,,
8595,2019,3,31,12,15,11,60,0,60,3.5,,,,,,,,,,,,,,,,,,,,,,,,,,,,,,,,,,,,
8596,2019,3,31,12,30,11.100000000000001,60,0,60,3.5,,,,,,,,,,,,,,,,,,,,,,,,,,,,,,,,,,,,
8597,2019,3,31,12,45,11.200000000000001,61,0,61,3.5,,,,,,,,,,,,,,,,,,,,,,,,,,,,,,,,,,,,
8598,2019,3,31,13,0,11.3,60,0,60,3.4000000000000004,,,,,,,,,,,,,,,,,,,,,,,,,,,,,,,,,,,,
8599,2019,3,31,13,15,11.3,80,0,80,3.4000000000000004,,,,,,,,,,,,,,,,,,,,,,,,,,,,,,,,,,,,
8600,2019,3,31,13,30,11.4,80,0,80,3.4000000000000004,,,,,,,,,,,,,,,,,,,,,,,,,,,,,,,,,,,,
8601,2019,3,31,13,45,11.4,55,0,55,3.4000000000000004,,,,,,,,,,,,,,,,,,,,,,,,,,,,,,,,,,,,
8602,2019,3,31,14,0,11.5,107,0,107,3.3000000000000003,,,,,,,,,,,,,,,,,,,,,,,,,,,,,,,,,,,,
8603,2019,3,31,14,15,11.4,230,28,247,3.3000000000000003,,,,,,,,,,,,,,,,,,,,,,,,,,,,,,,,,,,,
8604,2019,3,31,14,30,11.4,241,53,272,3.2,,,,,,,,,,,,,,,,,,,,,,,,,,,,,,,,,,,,
8605,2019,3,31,14,45,11.3,68,0,68,3.2,,,,,,,,,,,,,,,,,,,,,,,,,,,,,,,,,,,,
8606,2019,3,31,15,0,11.3,43,0,43,3.1,,,,,,,,,,,,,,,,,,,,,,,,,,,,,,,,,,,,
8607,2019,3,31,15,15,11.200000000000001,193,355,370,3.1,,,,,,,,,,,,,,,,,,,,,,,,,,,,,,,,,,,,
8608,2019,3,31,15,30,11,139,0,139,3,,,,,,,,,,,,,,,,,,,,,,,,,,,,,,,,,,,,
8609,2019,3,31,15,45,10.9,50,0,50,3,,,,,,,,,,,,,,,,,,,,,,,,,,,,,,,,,,,,
8610,2019,3,31,16,0,10.8,61,0,61,2.9000000000000004,,,,,,,,,,,,,,,,,,,,,,,,,,,,,,,,,,,,
8611,2019,3,31,16,15,10.4,134,335,260,2.7,,,,,,,,,,,,,,,,,,,,,,,,,,,,,,,,,,,,
8612,2019,3,31,16,30,10.100000000000001,99,463,257,2.5,,,,,,,,,,,,,,,,,,,,,,,,,,,,,,,,,,,,
8613,2019,3,31,16,45,9.8,101,348,206,2.2,,,,,,,,,,,,,,,,,,,,,,,,,,,,,,,,,,,,
8614,2019,3,31,17,0,9.4,89,319,173,2,,,,,,,,,,,,,,,,,,,,,,,,,,,,,,,,,,,,
8615,2019,3,31,17,15,8.6,76,288,141,1.8,,,,,,,,,,,,,,,,,,,,,,,,,,,,,,,,,,,,
8616,2019,3,31,17,30,7.800000000000001,63,252,110,1.7000000000000002,,,,,,,,,,,,,,,,,,,,,,,,,,,,,,,,,,,,
8617,2019,3,31,17,45,7,15,0,15,1.5,,,,,,,,,,,,,,,,,,,,,,,,,,,,,,,,,,,,
8618,2019,3,31,18,0,6.2,10,0,10,1.3,,,,,,,,,,,,,,,,,,,,,,,,,,,,,,,,,,,,
8619,2019,3,31,18,15,5.7,7,0,7,1.4000000000000001,,,,,,,,,,,,,,,,,,,,,,,,,,,,,,,,,,,,
8620,2019,3,31,18,30,5.300000000000001,15,87,18,1.4000000000000001,,,,,,,,,,,,,,,,,,,,,,,,,,,,,,,,,,,,
8621,2019,3,31,18,45,4.9,0,0,0,1.5,,,,,,,,,,,,,,,,,,,,,,,,,,,,,,,,,,,,
8622,2019,3,31,19,0,4.5,0,0,0,1.5,,,,,,,,,,,,,,,,,,,,,,,,,,,,,,,,,,,,
8623,2019,3,31,19,15,4.3,0,0,0,1.6,,,,,,,,,,,,,,,,,,,,,,,,,,,,,,,,,,,,
8624,2019,3,31,19,30,4,0,0,0,1.6,,,,,,,,,,,,,,,,,,,,,,,,,,,,,,,,,,,,
8625,2019,3,31,19,45,3.8000000000000003,0,0,0,1.7000000000000002,,,,,,,,,,,,,,,,,,,,,,,,,,,,,,,,,,,,
8626,2019,3,31,20,0,3.5,0,0,0,1.7000000000000002,,,,,,,,,,,,,,,,,,,,,,,,,,,,,,,,,,,,
8627,2019,3,31,20,15,3.3000000000000003,0,0,0,1.8,,,,,,,,,,,,,,,,,,,,,,,,,,,,,,,,,,,,
8628,2019,3,31,20,30,3.1,0,0,0,1.8,,,,,,,,,,,,,,,,,,,,,,,,,,,,,,,,,,,,
8629,2019,3,31,20,45,2.8000000000000003,0,0,0,1.9000000000000001,,,,,,,,,,,,,,,,,,,,,,,,,,,,,,,,,,,,
8630,2019,3,31,21,0,2.6,0,0,0,1.9000000000000001,,,,,,,,,,,,,,,,,,,,,,,,,,,,,,,,,,,,
8631,2019,3,31,21,15,2.4000000000000004,0,0,0,1.9000000000000001,,,,,,,,,,,,,,,,,,,,,,,,,,,,,,,,,,,,
8632,2019,3,31,21,30,2.2,0,0,0,1.9000000000000001,,,,,,,,,,,,,,,,,,,,,,,,,,,,,,,,,,,,
8633,2019,3,31,21,45,1.9000000000000001,0,0,0,2,,,,,,,,,,,,,,,,,,,,,,,,,,,,,,,,,,,,
8634,2019,3,31,22,0,1.7000000000000002,0,0,0,2,,,,,,,,,,,,,,,,,,,,,,,,,,,,,,,,,,,,
8635,2019,3,31,22,15,1.5,0,0,0,2,,,,,,,,,,,,,,,,,,,,,,,,,,,,,,,,,,,,
8636,2019,3,31,22,30,1.3,0,0,0,2,,,,,,,,,,,,,,,,,,,,,,,,,,,,,,,,,,,,
8637,2019,3,31,22,45,1.1,0,0,0,2,,,,,,,,,,,,,,,,,,,,,,,,,,,,,,,,,,,,
8638,2019,3,31,23,0,0.9,0,0,0,2,,,,,,,,,,,,,,,,,,,,,,,,,,,,,,,,,,,,
8639,2019,3,31,23,15,0.7000000000000001,0,0,0,2,,,,,,,,,,,,,,,,,,,,,,,,,,,,,,,,,,,,
8640,2019,3,31,23,30,0.5,0,0,0,2,,,,,,,,,,,,,,,,,,,,,,,,,,,,,,,,,,,,
8641,2019,3,31,23,45,0.30000000000000004,0,0,0,1.9000000000000001,,,,,,,,,,,,,,,,,,,,,,,,,,,,,,,,,,,,
8642,2019,4,1,0,0,0.1,0,0,0,1.9000000000000001,,,,,,,,,,,,,,,,,,,,,,,,,,,,,,,,,,,,
8643,2019,4,1,0,15,0.1,0,0,0,1.9000000000000001,,,,,,,,,,,,,,,,,,,,,,,,,,,,,,,,,,,,
8644,2019,4,1,0,30,0.1,0,0,0,1.9000000000000001,,,,,,,,,,,,,,,,,,,,,,,,,,,,,,,,,,,,
8645,2019,4,1,0,45,0.1,0,0,0,1.9000000000000001,,,,,,,,,,,,,,,,,,,,,,,,,,,,,,,,,,,,
8646,2019,4,1,1,0,-0.7000000000000001,0,0,0,1.8,,,,,,,,,,,,,,,,,,,,,,,,,,,,,,,,,,,,
8647,2019,4,1,1,15,-0.9,0,0,0,1.7000000000000002,,,,,,,,,,,,,,,,,,,,,,,,,,,,,,,,,,,,
8648,2019,4,1,1,30,-1.1,0,0,0,1.7000000000000002,,,,,,,,,,,,,,,,,,,,,,,,,,,,,,,,,,,,
8649,2019,4,1,1,45,-1.2000000000000002,0,0,0,1.7000000000000002,,,,,,,,,,,,,,,,,,,,,,,,,,,,,,,,,,,,
8650,2019,4,1,2,0,-1.4000000000000001,0,0,0,1.7000000000000002,,,,,,,,,,,,,,,,,,,,,,,,,,,,,,,,,,,,
8651,2019,4,1,2,15,-1.5,0,0,0,1.7000000000000002,,,,,,,,,,,,,,,,,,,,,,,,,,,,,,,,,,,,
8652,2019,4,1,2,30,-1.7000000000000002,0,0,0,1.6,,,,,,,,,,,,,,,,,,,,,,,,,,,,,,,,,,,,
8653,2019,4,1,2,45,-1.8,0,0,0,1.6,,,,,,,,,,,,,,,,,,,,,,,,,,,,,,,,,,,,
8654,2019,4,1,3,0,-2,0,0,0,1.6,,,,,,,,,,,,,,,,,,,,,,,,,,,,,,,,,,,,
8655,2019,4,1,3,15,-2.1,0,0,0,1.6,,,,,,,,,,,,,,,,,,,,,,,,,,,,,,,,,,,,
8656,2019,4,1,3,30,-2.2,0,0,0,1.6,,,,,,,,,,,,,,,,,,,,,,,,,,,,,,,,,,,,
8657,2019,4,1,3,45,-2.4000000000000004,0,0,0,1.6,,,,,,,,,,,,,,,,,,,,,,,,,,,,,,,,,,,,
8658,2019,4,1,4,0,-2.5,0,0,0,1.6,,,,,,,,,,,,,,,,,,,,,,,,,,,,,,,,,,,,
8659,2019,4,1,4,15,-2.6,0,0,0,1.6,,,,,,,,,,,,,,,,,,,,,,,,,,,,,,,,,,,,
8660,2019,4,1,4,30,-2.7,0,0,0,1.6,,,,,,,,,,,,,,,,,,,,,,,,,,,,,,,,,,,,
8661,2019,4,1,4,45,-2.8000000000000003,0,0,0,1.6,,,,,,,,,,,,,,,,,,,,,,,,,,,,,,,,,,,,
8662,2019,4,1,5,0,-2.9000000000000004,0,0,0,1.6,,,,,,,,,,,,,,,,,,,,,,,,,,,,,,,,,,,,
8663,2019,4,1,5,15,-2.6,0,0,0,1.7000000000000002,,,,,,,,,,,,,,,,,,,,,,,,,,,,,,,,,,,,
8664,2019,4,1,5,30,-2.3000000000000003,0,0,0,1.8,,,,,,,,,,,,,,,,,,,,,,,,,,,,,,,,,,,,
8665,2019,4,1,5,45,-2,0,0,0,2,,,,,,,,,,,,,,,,,,,,,,,,,,,,,,,,,,,,
8666,2019,4,1,6,0,-1.7000000000000002,11,80,13,2.1,,,,,,,,,,,,,,,,,,,,,,,,,,,,,,,,,,,,
8667,2019,4,1,6,15,-1.2000000000000002,22,222,35,2.3000000000000003,,,,,,,,,,,,,,,,,,,,,,,,,,,,,,,,,,,,
8668,2019,4,1,6,30,-0.6000000000000001,33,348,66,2.5,,,,,,,,,,,,,,,,,,,,,,,,,,,,,,,,,,,,
8669,2019,4,1,6,45,0,42,452,103,2.6,,,,,,,,,,,,,,,,,,,,,,,,,,,,,,,,,,,,
8670,2019,4,1,7,0,0.5,49,532,142,2.8000000000000003,,,,,,,,,,,,,,,,,,,,,,,,,,,,,,,,,,,,
8671,2019,4,1,7,15,1.3,56,598,184,3,,,,,,,,,,,,,,,,,,,,,,,,,,,,,,,,,,,,
8672,2019,4,1,7,30,2.1,61,652,226,3.2,,,,,,,,,,,,,,,,,,,,,,,,,,,,,,,,,,,,
8673,2019,4,1,7,45,2.9000000000000004,66,700,269,3.4000000000000004,,,,,,,,,,,,,,,,,,,,,,,,,,,,,,,,,,,,
8674,2019,4,1,8,0,3.7,70,738,312,3.6,,,,,,,,,,,,,,,,,,,,,,,,,,,,,,,,,,,,
8675,2019,4,1,8,15,4.4,74,770,354,3.8000000000000003,,,,,,,,,,,,,,,,,,,,,,,,,,,,,,,,,,,,
8676,2019,4,1,8,30,5.1000000000000005,78,797,395,3.9000000000000004,,,,,,,,,,,,,,,,,,,,,,,,,,,,,,,,,,,,
8677,2019,4,1,8,45,5.800000000000001,80,822,434,4.1000000000000005,,,,,,,,,,,,,,,,,,,,,,,,,,,,,,,,,,,,
8678,2019,4,1,9,0,6.4,83,842,473,4.3,,,,,,,,,,,,,,,,,,,,,,,,,,,,,,,,,,,,
8679,2019,4,1,9,15,6.9,85,860,508,4.3,,,,,,,,,,,,,,,,,,,,,,,,,,,,,,,,,,,,
8680,2019,4,1,9,30,7.300000000000001,88,875,543,4.3,,,,,,,,,,,,,,,,,,,,,,,,,,,,,,,,,,,,
8681,2019,4,1,9,45,7.7,91,885,574,4.3,,,,,,,,,,,,,,,,,,,,,,,,,,,,,,,,,,,,
8682,2019,4,1,10,0,8.1,92,897,604,4.3,,,,,,,,,,,,,,,,,,,,,,,,,,,,,,,,,,,,
8683,2019,4,1,10,15,8.4,94,907,631,4.3,,,,,,,,,,,,,,,,,,,,,,,,,,,,,,,,,,,,
8684,2019,4,1,10,30,8.8,95,915,655,4.3,,,,,,,,,,,,,,,,,,,,,,,,,,,,,,,,,,,,
8685,2019,4,1,10,45,9.1,96,924,677,4.4,,,,,,,,,,,,,,,,,,,,,,,,,,,,,,,,,,,,
8686,2019,4,1,11,0,9.4,97,929,695,4.4,,,,,,,,,,,,,,,,,,,,,,,,,,,,,,,,,,,,
8687,2019,4,1,11,15,9.700000000000001,98,934,711,4.4,,,,,,,,,,,,,,,,,,,,,,,,,,,,,,,,,,,,
8688,2019,4,1,11,30,9.9,99,938,723,4.4,,,,,,,,,,,,,,,,,,,,,,,,,,,,,,,,,,,,
8689,2019,4,1,11,45,10.200000000000001,99,941,732,4.5,,,,,,,,,,,,,,,,,,,,,,,,,,,,,,,,,,,,
8690,2019,4,1,12,0,10.4,99,943,738,4.5,,,,,,,,,,,,,,,,,,,,,,,,,,,,,,,,,,,,
8691,2019,4,1,12,15,10.600000000000001,99,944,740,4.5,,,,,,,,,,,,,,,,,,,,,,,,,,,,,,,,,,,,
8692,2019,4,1,12,30,10.700000000000001,99,944,739,4.6000000000000005,,,,,,,,,,,,,,,,,,,,,,,,,,,,,,,,,,,,
8693,2019,4,1,12,45,10.9,97,947,736,4.6000000000000005,,,,,,,,,,,,,,,,,,,,,,,,,,,,,,,,,,,,
8694,2019,4,1,13,0,11.100000000000001,96,945,728,4.6000000000000005,,,,,,,,,,,,,,,,,,,,,,,,,,,,,,,,,,,,
8695,2019,4,1,13,15,11.100000000000001,96,942,718,4.6000000000000005,,,,,,,,,,,,,,,,,,,,,,,,,,,,,,,,,,,,
8696,2019,4,1,13,30,11.200000000000001,95,937,704,4.6000000000000005,,,,,,,,,,,,,,,,,,,,,,,,,,,,,,,,,,,,
8697,2019,4,1,13,45,11.3,94,932,686,4.7,,,,,,,,,,,,,,,,,,,,,,,,,,,,,,,,,,,,
8698,2019,4,1,14,0,11.4,93,925,666,4.7,,,,,,,,,,,,,,,,,,,,,,,,,,,,,,,,,,,,
8699,2019,4,1,14,15,11.3,92,918,643,4.7,,,,,,,,,,,,,,,,,,,,,,,,,,,,,,,,,,,,
8700,2019,4,1,14,30,11.3,90,900,612,4.7,,,,,,,,,,,,,,,,,,,,,,,,,,,,,,,,,,,,
8701,2019,4,1,14,45,11.200000000000001,88,889,583,4.6000000000000005,,,,,,,,,,,,,,,,,,,,,,,,,,,,,,,,,,,,
8702,2019,4,1,15,0,11.200000000000001,86,877,553,4.6000000000000005,,,,,,,,,,,,,,,,,,,,,,,,,,,,,,,,,,,,
8703,2019,4,1,15,15,11.100000000000001,84,862,519,4.6000000000000005,,,,,,,,,,,,,,,,,,,,,,,,,,,,,,,,,,,,
8704,2019,4,1,15,30,10.9,82,846,484,4.5,,,,,,,,,,,,,,,,,,,,,,,,,,,,,,,,,,,,
8705,2019,4,1,15,45,10.8,79,827,447,4.5,,,,,,,,,,,,,,,,,,,,,,,,,,,,,,,,,,,,
8706,2019,4,1,16,0,10.600000000000001,76,805,409,4.5,,,,,,,,,,,,,,,,,,,,,,,,,,,,,,,,,,,,
8707,2019,4,1,16,15,10.200000000000001,73,780,368,4.2,,,,,,,,,,,,,,,,,,,,,,,,,,,,,,,,,,,,
8708,2019,4,1,16,30,9.9,70,750,327,3.9000000000000004,,,,,,,,,,,,,,,,,,,,,,,,,,,,,,,,,,,,
8709,2019,4,1,16,45,9.5,66,714,285,3.7,,,,,,,,,,,,,,,,,,,,,,,,,,,,,,,,,,,,
8710,2019,4,1,17,0,9.1,61,673,243,3.4000000000000004,,,,,,,,,,,,,,,,,,,,,,,,,,,,,,,,,,,,
8711,2019,4,1,17,15,8.200000000000001,56,624,201,3.2,,,,,,,,,,,,,,,,,,,,,,,,,,,,,,,,,,,,
8712,2019,4,1,17,30,7.300000000000001,50,566,159,3,,,,,,,,,,,,,,,,,,,,,,,,,,,,,,,,,,,,
8713,2019,4,1,17,45,6.5,44,491,119,2.7,,,,,,,,,,,,,,,,,,,,,,,,,,,,,,,,,,,,
8714,2019,4,1,18,0,5.6000000000000005,35,402,81,2.5,,,,,,,,,,,,,,,,,,,,,,,,,,,,,,,,,,,,
8715,2019,4,1,18,15,5.300000000000001,26,291,48,2.5,,,,,,,,,,,,,,,,,,,,,,,,,,,,,,,,,,,,
8716,2019,4,1,18,30,4.9,15,152,21,2.6,,,,,,,,,,,,,,,,,,,,,,,,,,,,,,,,,,,,
8717,2019,4,1,18,45,4.6000000000000005,0,0,0,2.7,,,,,,,,,,,,,,,,,,,,,,,,,,,,,,,,,,,,
8718,2019,4,1,19,0,4.3,0,0,0,2.8000000000000003,,,,,,,,,,,,,,,,,,,,,,,,,,,,,,,,,,,,
8719,2019,4,1,19,15,4.1000000000000005,0,0,0,2.9000000000000004,,,,,,,,,,,,,,,,,,,,,,,,,,,,,,,,,,,,
8720,2019,4,1,19,30,3.9000000000000004,0,0,0,2.9000000000000004,,,,,,,,,,,,,,,,,,,,,,,,,,,,,,,,,,,,
8721,2019,4,1,19,45,3.8000000000000003,0,0,0,3,,,,,,,,,,,,,,,,,,,,,,,,,,,,,,,,,,,,
8722,2019,4,1,20,0,3.6,0,0,0,3,,,,,,,,,,,,,,,,,,,,,,,,,,,,,,,,,,,,
8723,2019,4,1,20,15,3.4000000000000004,0,0,0,3,,,,,,,,,,,,,,,,,,,,,,,,,,,,,,,,,,,,
8724,2019,4,1,20,30,3.2,0,0,0,3,,,,,,,,,,,,,,,,,,,,,,,,,,,,,,,,,,,,
8725,2019,4,1,20,45,3,0,0,0,3,,,,,,,,,,,,,,,,,,,,,,,,,,,,,,,,,,,,
8726,2019,4,1,21,0,2.8000000000000003,0,0,0,3,,,,,,,,,,,,,,,,,,,,,,,,,,,,,,,,,,,,
8727,2019,4,1,21,15,2.7,0,0,0,3,,,,,,,,,,,,,,,,,,,,,,,,,,,,,,,,,,,,
8728,2019,4,1,21,30,2.6,0,0,0,3,,,,,,,,,,,,,,,,,,,,,,,,,,,,,,,,,,,,
8729,2019,4,1,21,45,2.4000000000000004,0,0,0,3,,,,,,,,,,,,,,,,,,,,,,,,,,,,,,,,,,,,
8730,2019,4,1,22,0,2.3000000000000003,0,0,0,3,,,,,,,,,,,,,,,,,,,,,,,,,,,,,,,,,,,,
8731,2019,4,1,22,15,2.1,0,0,0,3,,,,,,,,,,,,,,,,,,,,,,,,,,,,,,,,,,,,
8732,2019,4,1,22,30,2,0,0,0,3,,,,,,,,,,,,,,,,,,,,,,,,,,,,,,,,,,,,
8733,2019,4,1,22,45,1.8,0,0,0,2.9000000000000004,,,,,,,,,,,,,,,,,,,,,,,,,,,,,,,,,,,,
8734,2019,4,1,23,0,1.7000000000000002,0,0,0,2.9000000000000004,,,,,,,,,,,,,,,,,,,,,,,,,,,,,,,,,,,,
8735,2019,4,1,23,15,1.5,0,0,0,2.9000000000000004,,,,,,,,,,,,,,,,,,,,,,,,,,,,,,,,,,,,
8736,2019,4,1,23,30,1.3,0,0,0,2.8000000000000003,,,,,,,,,,,,,,,,,,,,,,,,,,,,,,,,,,,,
8737,2019,4,1,23,45,1.1,0,0,0,2.7,,,,,,,,,,,,,,,,,,,,,,,,,,,,,,,,,,,,
8738,2019,4,2,0,0,1,0,0,0,2.7,,,,,,,,,,,,,,,,,,,,,,,,,,,,,,,,,,,,
8739,2019,4,2,0,15,1,0,0,0,2.7,,,,,,,,,,,,,,,,,,,,,,,,,,,,,,,,,,,,
8740,2019,4,2,0,30,1,0,0,0,2.7,,,,,,,,,,,,,,,,,,,,,,,,,,,,,,,,,,,,
8741,2019,4,2,0,45,1,0,0,0,2.7,,,,,,,,,,,,,,,,,,,,,,,,,,,,,,,,,,,,
8742,2019,4,2,1,0,0.4,0,0,0,2.6,,,,,,,,,,,,,,,,,,,,,,,,,,,,,,,,,,,,
8743,2019,4,2,1,15,0.30000000000000004,0,0,0,2.6,,,,,,,,,,,,,,,,,,,,,,,,,,,,,,,,,,,,
8744,2019,4,2,1,30,0.2,0,0,0,2.6,,,,,,,,,,,,,,,,,,,,,,,,,,,,,,,,,,,,
8745,2019,4,2,1,45,0.1,0,0,0,2.5,,,,,,,,,,,,,,,,,,,,,,,,,,,,,,,,,,,,
8746,2019,4,2,2,0,0,0,0,0,2.5,,,,,,,,,,,,,,,,,,,,,,,,,,,,,,,,,,,,
8747,2019,4,2,2,15,-0.1,0,0,0,2.5,,,,,,,,,,,,,,,,,,,,,,,,,,,,,,,,,,,,
8748,2019,4,2,2,30,-0.2,0,0,0,2.5,,,,,,,,,,,,,,,,,,,,,,,,,,,,,,,,,,,,
8749,2019,4,2,2,45,-0.30000000000000004,0,0,0,2.5,,,,,,,,,,,,,,,,,,,,,,,,,,,,,,,,,,,,
8750,2019,4,2,3,0,-0.4,0,0,0,2.5,,,,,,,,,,,,,,,,,,,,,,,,,,,,,,,,,,,,
8751,2019,4,2,3,15,-0.4,0,0,0,2.5,,,,,,,,,,,,,,,,,,,,,,,,,,,,,,,,,,,,
8752,2019,4,2,3,30,-0.5,0,0,0,2.5,,,,,,,,,,,,,,,,,,,,,,,,,,,,,,,,,,,,
8753,2019,4,2,3,45,-0.6000000000000001,0,0,0,2.5,,,,,,,,,,,,,,,,,,,,,,,,,,,,,,,,,,,,
8754,2019,4,2,4,0,-0.6000000000000001,0,0,0,2.5,,,,,,,,,,,,,,,,,,,,,,,,,,,,,,,,,,,,
8755,2019,4,2,4,15,-0.7000000000000001,0,0,0,2.5,,,,,,,,,,,,,,,,,,,,,,,,,,,,,,,,,,,,
8756,2019,4,2,4,30,-0.7000000000000001,0,0,0,2.5,,,,,,,,,,,,,,,,,,,,,,,,,,,,,,,,,,,,
8757,2019,4,2,4,45,-0.8,0,0,0,2.5,,,,,,,,,,,,,,,,,,,,,,,,,,,,,,,,,,,,
8758,2019,4,2,5,0,-0.9,0,0,0,2.5,,,,,,,,,,,,,,,,,,,,,,,,,,,,,,,,,,,,
8759,2019,4,2,5,15,-0.6000000000000001,0,0,0,2.6,,,,,,,,,,,,,,,,,,,,,,,,,,,,,,,,,,,,
8760,2019,4,2,5,30,-0.4,0,0,0,2.6,,,,,,,,,,,,,,,,,,,,,,,,,,,,,,,,,,,,
8761,2019,4,2,5,45,-0.1,0,0,0,2.7,,,,,,,,,,,,,,,,,,,,,,,,,,,,,,,,,,,,
8762,2019,4,2,6,0,0.1,11,80,13,2.8000000000000003,,,,,,,,,,,,,,,,,,,,,,,,,,,,,,,,,,,,
8763,2019,4,2,6,15,0.7000000000000001,23,194,35,2.8000000000000003,,,,,,,,,,,,,,,,,,,,,,,,,,,,,,,,,,,,
8764,2019,4,2,6,30,1.3,35,299,65,2.9000000000000004,,,,,,,,,,,,,,,,,,,,,,,,,,,,,,,,,,,,
8765,2019,4,2,6,45,1.9000000000000001,45,385,99,3,,,,,,,,,,,,,,,,,,,,,,,,,,,,,,,,,,,,
8766,2019,4,2,7,0,2.5,54,459,137,3.1,,,,,,,,,,,,,,,,,,,,,,,,,,,,,,,,,,,,
8767,2019,4,2,7,15,3.3000000000000003,62,522,177,3.1,,,,,,,,,,,,,,,,,,,,,,,,,,,,,,,,,,,,
8768,2019,4,2,7,30,4,69,575,218,3,,,,,,,,,,,,,,,,,,,,,,,,,,,,,,,,,,,,
8769,2019,4,2,7,45,4.7,78,607,258,3,,,,,,,,,,,,,,,,,,,,,,,,,,,,,,,,,,,,
8770,2019,4,2,8,0,5.4,84,646,299,2.9000000000000004,,,,,,,,,,,,,,,,,,,,,,,,,,,,,,,,,,,,
8771,2019,4,2,8,15,6.300000000000001,89,675,338,3,,,,,,,,,,,,,,,,,,,,,,,,,,,,,,,,,,,,
8772,2019,4,2,8,30,7.2,93,704,377,3,,,,,,,,,,,,,,,,,,,,,,,,,,,,,,,,,,,,
8773,2019,4,2,8,45,8.1,101,716,413,3.1,,,,,,,,,,,,,,,,,,,,,,,,,,,,,,,,,,,,
8774,2019,4,2,9,0,9,105,738,450,3.1,,,,,,,,,,,,,,,,,,,,,,,,,,,,,,,,,,,,
8775,2019,4,2,9,15,9.700000000000001,108,758,485,3.2,,,,,,,,,,,,,,,,,,,,,,,,,,,,,,,,,,,,
8776,2019,4,2,9,30,10.5,111,775,519,3.3000000000000003,,,,,,,,,,,,,,,,,,,,,,,,,,,,,,,,,,,,
8777,2019,4,2,9,45,11.200000000000001,117,782,548,3.3000000000000003,,,,,,,,,,,,,,,,,,,,,,,,,,,,,,,,,,,,
8778,2019,4,2,10,0,11.9,121,795,578,3.4000000000000004,,,,,,,,,,,,,,,,,,,,,,,,,,,,,,,,,,,,
8779,2019,4,2,10,15,12.4,123,802,601,3.5,,,,,,,,,,,,,,,,,,,,,,,,,,,,,,,,,,,,
8780,2019,4,2,10,30,12.9,125,811,625,3.6,,,,,,,,,,,,,,,,,,,,,,,,,,,,,,,,,,,,
8781,2019,4,2,10,45,13.4,132,806,643,3.6,,,,,,,,,,,,,,,,,,,,,,,,,,,,,,,,,,,,
8782,2019,4,2,11,0,13.8,133,813,661,3.7,,,,,,,,,,,,,,,,,,,,,,,,,,,,,,,,,,,,
8783,2019,4,2,11,15,14.100000000000001,134,815,673,3.7,,,,,,,,,,,,,,,,,,,,,,,,,,,,,,,,,,,,
8784,2019,4,2,11,30,14.4,268,420,550,3.7,,,,,,,,,,,,,,,,,,,,,,,,,,,,,,,,,,,,
8785,2019,4,2,11,45,14.600000000000001,214,569,599,3.8000000000000003,,,,,,,,,,,,,,,,,,,,,,,,,,,,,,,,,,,,
8786,2019,4,2,12,0,14.9,228,533,592,3.8000000000000003,,,,,,,,,,,,,,,,,,,,,,,,,,,,,,,,,,,,
8787,2019,4,2,12,15,15,213,579,609,3.8000000000000003,,,,,,,,,,,,,,,,,,,,,,,,,,,,,,,,,,,,
8788,2019,4,2,12,30,15.200000000000001,226,540,595,3.7,,,,,,,,,,,,,,,,,,,,,,,,,,,,,,,,,,,,
8789,2019,4,2,12,45,15.3,288,364,536,3.7,,,,,,,,,,,,,,,,,,,,,,,,,,,,,,,,,,,,
8790,2019,4,2,13,0,15.4,289,348,524,3.7,,,,,,,,,,,,,,,,,,,,,,,,,,,,,,,,,,,,
8791,2019,4,2,13,15,15.4,281,360,520,3.6,,,,,,,,,,,,,,,,,,,,,,,,,,,,,,,,,,,,
8792,2019,4,2,13,30,15.3,272,368,513,3.6,,,,,,,,,,,,,,,,,,,,,,,,,,,,,,,,,,,,
8793,2019,4,2,13,45,15.3,250,424,521,3.5,,,,,,,,,,,,,,,,,,,,,,,,,,,,,,,,,,,,
8794,2019,4,2,14,0,15.3,267,321,467,3.5,,,,,,,,,,,,,,,,,,,,,,,,,,,,,,,,,,,,
8795,2019,4,2,14,15,15.100000000000001,277,188,391,3.4000000000000004,,,,,,,,,,,,,,,,,,,,,,,,,,,,,,,,,,,,
8796,2019,4,2,14,30,15,261,230,395,3.3000000000000003,,,,,,,,,,,,,,,,,,,,,,,,,,,,,,,,,,,,
8797,2019,4,2,14,45,14.9,238,59,271,3.2,,,,,,,,,,,,,,,,,,,,,,,,,,,,,,,,,,,,
8798,2019,4,2,15,0,14.8,166,3,168,3.1,,,,,,,,,,,,,,,,,,,,,,,,,,,,,,,,,,,,
8799,2019,4,2,15,15,14.5,186,20,196,2.9000000000000004,,,,,,,,,,,,,,,,,,,,,,,,,,,,,,,,,,,,
8800,2019,4,2,15,30,14.3,190,39,209,2.7,,,,,,,,,,,,,,,,,,,,,,,,,,,,,,,,,,,,
8801,2019,4,2,15,45,14,138,0,138,2.5,,,,,,,,,,,,,,,,,,,,,,,,,,,,,,,,,,,,
8802,2019,4,2,16,0,13.8,175,114,223,2.3000000000000003,,,,,,,,,,,,,,,,,,,,,,,,,,,,,,,,,,,,
8803,2019,4,2,16,15,13.4,158,101,196,2.3000000000000003,,,,,,,,,,,,,,,,,,,,,,,,,,,,,,,,,,,,
8804,2019,4,2,16,30,13,141,146,191,2.2,,,,,,,,,,,,,,,,,,,,,,,,,,,,,,,,,,,,
8805,2019,4,2,16,45,12.600000000000001,124,128,163,2.2,,,,,,,,,,,,,,,,,,,,,,,,,,,,,,,,,,,,
8806,2019,4,2,17,0,12.200000000000001,101,220,162,2.1,,,,,,,,,,,,,,,,,,,,,,,,,,,,,,,,,,,,
8807,2019,4,2,17,15,11.8,86,194,132,2.2,,,,,,,,,,,,,,,,,,,,,,,,,,,,,,,,,,,,
8808,2019,4,2,17,30,11.5,71,167,104,2.2,,,,,,,,,,,,,,,,,,,,,,,,,,,,,,,,,,,,
8809,2019,4,2,17,45,11.100000000000001,56,139,78,2.2,,,,,,,,,,,,,,,,,,,,,,,,,,,,,,,,,,,,
8810,2019,4,2,18,0,10.8,41,111,54,2.3000000000000003,,,,,,,,,,,,,,,,,,,,,,,,,,,,,,,,,,,,
8811,2019,4,2,18,15,10.700000000000001,27,74,33,2.3000000000000003,,,,,,,,,,,,,,,,,,,,,,,,,,,,,,,,,,,,
8812,2019,4,2,18,30,10.600000000000001,14,16,15,2.4000000000000004,,,,,,,,,,,,,,,,,,,,,,,,,,,,,,,,,,,,
8813,2019,4,2,18,45,10.5,0,0,0,2.4000000000000004,,,,,,,,,,,,,,,,,,,,,,,,,,,,,,,,,,,,
8814,2019,4,2,19,0,10.4,0,0,0,2.5,,,,,,,,,,,,,,,,,,,,,,,,,,,,,,,,,,,,
8815,2019,4,2,19,15,10.4,0,0,0,2.5,,,,,,,,,,,,,,,,,,,,,,,,,,,,,,,,,,,,
8816,2019,4,2,19,30,10.4,0,0,0,2.6,,,,,,,,,,,,,,,,,,,,,,,,,,,,,,,,,,,,
8817,2019,4,2,19,45,10.4,0,0,0,2.6,,,,,,,,,,,,,,,,,,,,,,,,,,,,,,,,,,,,
8818,2019,4,2,20,0,10.4,0,0,0,2.7,,,,,,,,,,,,,,,,,,,,,,,,,,,,,,,,,,,,
8819,2019,4,2,20,15,10.200000000000001,0,0,0,2.6,,,,,,,,,,,,,,,,,,,,,,,,,,,,,,,,,,,,
8820,2019,4,2,20,30,10.100000000000001,0,0,0,2.6,,,,,,,,,,,,,,,,,,,,,,,,,,,,,,,,,,,,
8821,2019,4,2,20,45,10,0,0,0,2.5,,,,,,,,,,,,,,,,,,,,,,,,,,,,,,,,,,,,
8822,2019,4,2,21,0,9.9,0,0,0,2.5,,,,,,,,,,,,,,,,,,,,,,,,,,,,,,,,,,,,
8823,2019,4,2,21,15,9.700000000000001,0,0,0,2.4000000000000004,,,,,,,,,,,,,,,,,,,,,,,,,,,,,,,,,,,,
8824,2019,4,2,21,30,9.600000000000001,0,0,0,2.4000000000000004,,,,,,,,,,,,,,,,,,,,,,,,,,,,,,,,,,,,
8825,2019,4,2,21,45,9.4,0,0,0,2.3000000000000003,,,,,,,,,,,,,,,,,,,,,,,,,,,,,,,,,,,,
8826,2019,4,2,22,0,9.3,0,0,0,2.3000000000000003,,,,,,,,,,,,,,,,,,,,,,,,,,,,,,,,,,,,
8827,2019,4,2,22,15,9.200000000000001,0,0,0,2.3000000000000003,,,,,,,,,,,,,,,,,,,,,,,,,,,,,,,,,,,,
8828,2019,4,2,22,30,9.1,0,0,0,2.3000000000000003,,,,,,,,,,,,,,,,,,,,,,,,,,,,,,,,,,,,
8829,2019,4,2,22,45,9,0,0,0,2.2,,,,,,,,,,,,,,,,,,,,,,,,,,,,,,,,,,,,
8830,2019,4,2,23,0,8.9,0,0,0,2.2,,,,,,,,,,,,,,,,,,,,,,,,,,,,,,,,,,,,
8831,2019,4,2,23,15,8.9,0,0,0,2.4000000000000004,,,,,,,,,,,,,,,,,,,,,,,,,,,,,,,,,,,,
8832,2019,4,2,23,30,8.9,0,0,0,2.5,,,,,,,,,,,,,,,,,,,,,,,,,,,,,,,,,,,,
8833,2019,4,2,23,45,9,0,0,0,2.6,,,,,,,,,,,,,,,,,,,,,,,,,,,,,,,,,,,,
8834,2019,4,3,0,0,9,0,0,0,2.8000000000000003,,,,,,,,,,,,,,,,,,,,,,,,,,,,,,,,,,,,
8835,2019,4,3,0,15,9,0,0,0,2.8000000000000003,,,,,,,,,,,,,,,,,,,,,,,,,,,,,,,,,,,,
8836,2019,4,3,0,30,9,0,0,0,2.8000000000000003,,,,,,,,,,,,,,,,,,,,,,,,,,,,,,,,,,,,
8837,2019,4,3,0,45,9,0,0,0,2.8000000000000003,,,,,,,,,,,,,,,,,,,,,,,,,,,,,,,,,,,,
8838,2019,4,3,1,0,9.200000000000001,0,0,0,3.3000000000000003,,,,,,,,,,,,,,,,,,,,,,,,,,,,,,,,,,,,
8839,2019,4,3,1,15,9.200000000000001,0,0,0,3.2,,,,,,,,,,,,,,,,,,,,,,,,,,,,,,,,,,,,
8840,2019,4,3,1,30,9.1,0,0,0,3.1,,,,,,,,,,,,,,,,,,,,,,,,,,,,,,,,,,,,
8841,2019,4,3,1,45,9.1,0,0,0,3,,,,,,,,,,,,,,,,,,,,,,,,,,,,,,,,,,,,
8842,2019,4,3,2,0,9,0,0,0,2.9000000000000004,,,,,,,,,,,,,,,,,,,,,,,,,,,,,,,,,,,,
8843,2019,4,3,2,15,8.8,0,0,0,2.6,,,,,,,,,,,,,,,,,,,,,,,,,,,,,,,,,,,,
8844,2019,4,3,2,30,8.6,0,0,0,2.2,,,,,,,,,,,,,,,,,,,,,,,,,,,,,,,,,,,,
8845,2019,4,3,2,45,8.4,0,0,0,1.9000000000000001,,,,,,,,,,,,,,,,,,,,,,,,,,,,,,,,,,,,
8846,2019,4,3,3,0,8.200000000000001,0,0,0,1.6,,,,,,,,,,,,,,,,,,,,,,,,,,,,,,,,,,,,
8847,2019,4,3,3,15,8.1,0,0,0,1.4000000000000001,,,,,,,,,,,,,,,,,,,,,,,,,,,,,,,,,,,,
8848,2019,4,3,3,30,8,0,0,0,1.2000000000000002,,,,,,,,,,,,,,,,,,,,,,,,,,,,,,,,,,,,
8849,2019,4,3,3,45,7.9,0,0,0,1.1,,,,,,,,,,,,,,,,,,,,,,,,,,,,,,,,,,,,
8850,2019,4,3,4,0,7.800000000000001,0,0,0,0.9,,,,,,,,,,,,,,,,,,,,,,,,,,,,,,,,,,,,
8851,2019,4,3,4,15,7.9,0,0,0,0.9,,,,,,,,,,,,,,,,,,,,,,,,,,,,,,,,,,,,
8852,2019,4,3,4,30,8.1,0,0,0,0.8,,,,,,,,,,,,,,,,,,,,,,,,,,,,,,,,,,,,
8853,2019,4,3,4,45,8.200000000000001,0,0,0,0.8,,,,,,,,,,,,,,,,,,,,,,,,,,,,,,,,,,,,
8854,2019,4,3,5,0,8.4,0,0,0,0.7000000000000001,,,,,,,,,,,,,,,,,,,,,,,,,,,,,,,,,,,,
8855,2019,4,3,5,15,8.5,0,0,0,0.6000000000000001,,,,,,,,,,,,,,,,,,,,,,,,,,,,,,,,,,,,
8856,2019,4,3,5,30,8.6,0,0,0,0.6000000000000001,,,,,,,,,,,,,,,,,,,,,,,,,,,,,,,,,,,,
8857,2019,4,3,5,45,8.700000000000001,0,0,0,0.5,,,,,,,,,,,,,,,,,,,,,,,,,,,,,,,,,,,,
8858,2019,4,3,6,0,8.8,2,0,2,0.5,,,,,,,,,,,,,,,,,,,,,,,,,,,,,,,,,,,,
8859,2019,4,3,6,15,9,5,0,5,0.5,,,,,,,,,,,,,,,,,,,,,,,,,,,,,,,,,,,,
8860,2019,4,3,6,30,9.1,6,0,6,0.6000000000000001,,,,,,,,,,,,,,,,,,,,,,,,,,,,,,,,,,,,
8861,2019,4,3,6,45,9.200000000000001,7,0,7,0.7000000000000001,,,,,,,,,,,,,,,,,,,,,,,,,,,,,,,,,,,,
8862,2019,4,3,7,0,9.3,8,0,8,0.7000000000000001,,,,,,,,,,,,,,,,,,,,,,,,,,,,,,,,,,,,
8863,2019,4,3,7,15,9.600000000000001,9,0,9,0.9,,,,,,,,,,,,,,,,,,,,,,,,,,,,,,,,,,,,
8864,2019,4,3,7,30,9.8,11,0,11,1.1,,,,,,,,,,,,,,,,,,,,,,,,,,,,,,,,,,,,
8865,2019,4,3,7,45,10.100000000000001,13,0,13,1.4000000000000001,,,,,,,,,,,,,,,,,,,,,,,,,,,,,,,,,,,,
8866,2019,4,3,8,0,10.4,15,0,15,1.6,,,,,,,,,,,,,,,,,,,,,,,,,,,,,,,,,,,,
8867,2019,4,3,8,15,10.600000000000001,17,0,17,1.6,,,,,,,,,,,,,,,,,,,,,,,,,,,,,,,,,,,,
8868,2019,4,3,8,30,10.9,19,0,19,1.6,,,,,,,,,,,,,,,,,,,,,,,,,,,,,,,,,,,,
8869,2019,4,3,8,45,11.200000000000001,22,0,22,1.7000000000000002,,,,,,,,,,,,,,,,,,,,,,,,,,,,,,,,,,,,
8870,2019,4,3,9,0,11.5,24,0,24,1.7000000000000002,,,,,,,,,,,,,,,,,,,,,,,,,,,,,,,,,,,,
8871,2019,4,3,9,15,11.8,22,0,22,1.7000000000000002,,,,,,,,,,,,,,,,,,,,,,,,,,,,,,,,,,,,
8872,2019,4,3,9,30,12.100000000000001,39,0,39,1.6,,,,,,,,,,,,,,,,,,,,,,,,,,,,,,,,,,,,
8873,2019,4,3,9,45,12.5,140,0,140,1.6,,,,,,,,,,,,,,,,,,,,,,,,,,,,,,,,,,,,
8874,2019,4,3,10,0,12.8,111,0,111,1.5,,,,,,,,,,,,,,,,,,,,,,,,,,,,,,,,,,,,
8875,2019,4,3,10,15,13.100000000000001,223,21,236,1.5,,,,,,,,,,,,,,,,,,,,,,,,,,,,,,,,,,,,
8876,2019,4,3,10,30,13.3,163,1,164,1.5,,,,,,,,,,,,,,,,,,,,,,,,,,,,,,,,,,,,
8877,2019,4,3,10,45,13.600000000000001,268,47,299,1.5,,,,,,,,,,,,,,,,,,,,,,,,,,,,,,,,,,,,
8878,2019,4,3,11,0,13.8,263,35,286,1.5,,,,,,,,,,,,,,,,,,,,,,,,,,,,,,,,,,,,
8879,2019,4,3,11,15,14,264,32,285,1.5,,,,,,,,,,,,,,,,,,,,,,,,,,,,,,,,,,,,
8880,2019,4,3,11,30,14.200000000000001,319,141,415,1.6,,,,,,,,,,,,,,,,,,,,,,,,,,,,,,,,,,,,
8881,2019,4,3,11,45,14.3,320,112,396,1.6,,,,,,,,,,,,,,,,,,,,,,,,,,,,,,,,,,,,
8882,2019,4,3,12,0,14.5,296,52,332,1.6,,,,,,,,,,,,,,,,,,,,,,,,,,,,,,,,,,,,
8883,2019,4,3,12,15,14.600000000000001,301,57,340,1.6,,,,,,,,,,,,,,,,,,,,,,,,,,,,,,,,,,,,
8884,2019,4,3,12,30,14.700000000000001,327,170,444,1.7000000000000002,,,,,,,,,,,,,,,,,,,,,,,,,,,,,,,,,,,,
8885,2019,4,3,12,45,14.8,325,156,432,1.7000000000000002,,,,,,,,,,,,,,,,,,,,,,,,,,,,,,,,,,,,
8886,2019,4,3,13,0,14.9,269,31,290,1.7000000000000002,,,,,,,,,,,,,,,,,,,,,,,,,,,,,,,,,,,,
8887,2019,4,3,13,15,14.9,151,0,151,1.7000000000000002,,,,,,,,,,,,,,,,,,,,,,,,,,,,,,,,,,,,
8888,2019,4,3,13,30,14.9,248,24,264,1.8,,,,,,,,,,,,,,,,,,,,,,,,,,,,,,,,,,,,
8889,2019,4,3,13,45,15,295,238,448,1.8,,,,,,,,,,,,,,,,,,,,,,,,,,,,,,,,,,,,
8890,2019,4,3,14,0,15,288,223,428,1.8,,,,,,,,,,,,,,,,,,,,,,,,,,,,,,,,,,,,
8891,2019,4,3,14,15,14.9,272,256,428,1.8,,,,,,,,,,,,,,,,,,,,,,,,,,,,,,,,,,,,
8892,2019,4,3,14,30,14.8,257,274,418,1.8,,,,,,,,,,,,,,,,,,,,,,,,,,,,,,,,,,,,
8893,2019,4,3,14,45,14.8,254,201,367,1.7000000000000002,,,,,,,,,,,,,,,,,,,,,,,,,,,,,,,,,,,,
8894,2019,4,3,15,0,14.700000000000001,172,518,452,1.7000000000000002,,,,,,,,,,,,,,,,,,,,,,,,,,,,,,,,,,,,
8895,2019,4,3,15,15,14.5,190,404,397,1.6,,,,,,,,,,,,,,,,,,,,,,,,,,,,,,,,,,,,
8896,2019,4,3,15,30,14.4,185,358,358,1.4000000000000001,,,,,,,,,,,,,,,,,,,,,,,,,,,,,,,,,,,,
8897,2019,4,3,15,45,14.3,161,402,343,1.3,,,,,,,,,,,,,,,,,,,,,,,,,,,,,,,,,,,,
8898,2019,4,3,16,0,14.100000000000001,150,377,309,1.2000000000000002,,,,,,,,,,,,,,,,,,,,,,,,,,,,,,,,,,,,
8899,2019,4,3,16,15,13.8,151,440,322,1.1,,,,,,,,,,,,,,,,,,,,,,,,,,,,,,,,,,,,
8900,2019,4,3,16,30,13.5,141,184,206,0.9,,,,,,,,,,,,,,,,,,,,,,,,,,,,,,,,,,,,
8901,2019,4,3,16,45,13.200000000000001,117,27,125,0.8,,,,,,,,,,,,,,,,,,,,,,,,,,,,,,,,,,,,
8902,2019,4,3,17,0,12.9,115,340,210,0.7000000000000001,,,,,,,,,,,,,,,,,,,,,,,,,,,,,,,,,,,,
8903,2019,4,3,17,15,12.4,101,296,172,0.7000000000000001,,,,,,,,,,,,,,,,,,,,,,,,,,,,,,,,,,,,
8904,2019,4,3,17,30,12,73,42,82,0.8,,,,,,,,,,,,,,,,,,,,,,,,,,,,,,,,,,,,
8905,2019,4,3,17,45,11.5,68,209,102,0.8,,,,,,,,,,,,,,,,,,,,,,,,,,,,,,,,,,,,
8906,2019,4,3,18,0,11,50,150,69,0.9,,,,,,,,,,,,,,,,,,,,,,,,,,,,,,,,,,,,
8907,2019,4,3,18,15,10.600000000000001,32,91,40,1,,,,,,,,,,,,,,,,,,,,,,,,,,,,,,,,,,,,
8908,2019,4,3,18,30,10.3,11,0,11,1,,,,,,,,,,,,,,,,,,,,,,,,,,,,,,,,,,,,
8909,2019,4,3,18,45,9.9,0,0,0,1.1,,,,,,,,,,,,,,,,,,,,,,,,,,,,,,,,,,,,
8910,2019,4,3,19,0,9.600000000000001,0,0,0,1.1,,,,,,,,,,,,,,,,,,,,,,,,,,,,,,,,,,,,
8911,2019,4,3,19,15,9.4,0,0,0,1.2000000000000002,,,,,,,,,,,,,,,,,,,,,,,,,,,,,,,,,,,,
8912,2019,4,3,19,30,9.200000000000001,0,0,0,1.2000000000000002,,,,,,,,,,,,,,,,,,,,,,,,,,,,,,,,,,,,
8913,2019,4,3,19,45,9,0,0,0,1.2000000000000002,,,,,,,,,,,,,,,,,,,,,,,,,,,,,,,,,,,,
8914,2019,4,3,20,0,8.8,0,0,0,1.3,,,,,,,,,,,,,,,,,,,,,,,,,,,,,,,,,,,,
8915,2019,4,3,20,15,8.700000000000001,0,0,0,1.3,,,,,,,,,,,,,,,,,,,,,,,,,,,,,,,,,,,,
8916,2019,4,3,20,30,8.6,0,0,0,1.4000000000000001,,,,,,,,,,,,,,,,,,,,,,,,,,,,,,,,,,,,
8917,2019,4,3,20,45,8.5,0,0,0,1.4000000000000001,,,,,,,,,,,,,,,,,,,,,,,,,,,,,,,,,,,,
8918,2019,4,3,21,0,8.3,0,0,0,1.5,,,,,,,,,,,,,,,,,,,,,,,,,,,,,,,,,,,,
8919,2019,4,3,21,15,8.200000000000001,0,0,0,1.5,,,,,,,,,,,,,,,,,,,,,,,,,,,,,,,,,,,,
8920,2019,4,3,21,30,8.1,0,0,0,1.5,,,,,,,,,,,,,,,,,,,,,,,,,,,,,,,,,,,,
8921,2019,4,3,21,45,7.9,0,0,0,1.5,,,,,,,,,,,,,,,,,,,,,,,,,,,,,,,,,,,,
8922,2019,4,3,22,0,7.800000000000001,0,0,0,1.5,,,,,,,,,,,,,,,,,,,,,,,,,,,,,,,,,,,,
8923,2019,4,3,22,15,7.7,0,0,0,1.5,,,,,,,,,,,,,,,,,,,,,,,,,,,,,,,,,,,,
8924,2019,4,3,22,30,7.5,0,0,0,1.5,,,,,,,,,,,,,,,,,,,,,,,,,,,,,,,,,,,,
8925,2019,4,3,22,45,7.4,0,0,0,1.5,,,,,,,,,,,,,,,,,,,,,,,,,,,,,,,,,,,,
8926,2019,4,3,23,0,7.2,0,0,0,1.5,,,,,,,,,,,,,,,,,,,,,,,,,,,,,,,,,,,,
8927,2019,4,3,23,15,7.2,0,0,0,1.4000000000000001,,,,,,,,,,,,,,,,,,,,,,,,,,,,,,,,,,,,
8928,2019,4,3,23,30,7.1000000000000005,0,0,0,1.3,,,,,,,,,,,,,,,,,,,,,,,,,,,,,,,,,,,,
8929,2019,4,3,23,45,7,0,0,0,1.3,,,,,,,,,,,,,,,,,,,,,,,,,,,,,,,,,,,,
8930,2019,4,4,0,0,6.9,0,0,0,1.2000000000000002,,,,,,,,,,,,,,,,,,,,,,,,,,,,,,,,,,,,
8931,2019,4,4,0,15,6.9,0,0,0,1.2000000000000002,,,,,,,,,,,,,,,,,,,,,,,,,,,,,,,,,,,,
8932,2019,4,4,0,30,6.9,0,0,0,1.2000000000000002,,,,,,,,,,,,,,,,,,,,,,,,,,,,,,,,,,,,
8933,2019,4,4,0,45,6.9,0,0,0,1.2000000000000002,,,,,,,,,,,,,,,,,,,,,,,,,,,,,,,,,,,,
8934,2019,4,4,1,0,6.6000000000000005,0,0,0,0.7000000000000001,,,,,,,,,,,,,,,,,,,,,,,,,,,,,,,,,,,,
8935,2019,4,4,1,15,6.5,0,0,0,0.9,,,,,,,,,,,,,,,,,,,,,,,,,,,,,,,,,,,,
8936,2019,4,4,1,30,6.4,0,0,0,1,,,,,,,,,,,,,,,,,,,,,,,,,,,,,,,,,,,,
8937,2019,4,4,1,45,6.300000000000001,0,0,0,1.1,,,,,,,,,,,,,,,,,,,,,,,,,,,,,,,,,,,,
8938,2019,4,4,2,0,6.2,0,0,0,1.3,,,,,,,,,,,,,,,,,,,,,,,,,,,,,,,,,,,,
8939,2019,4,4,2,15,6.2,0,0,0,1.5,,,,,,,,,,,,,,,,,,,,,,,,,,,,,,,,,,,,
8940,2019,4,4,2,30,6.2,0,0,0,1.7000000000000002,,,,,,,,,,,,,,,,,,,,,,,,,,,,,,,,,,,,
8941,2019,4,4,2,45,6.1000000000000005,0,0,0,1.9000000000000001,,,,,,,,,,,,,,,,,,,,,,,,,,,,,,,,,,,,
8942,2019,4,4,3,0,6.1000000000000005,0,0,0,2.1,,,,,,,,,,,,,,,,,,,,,,,,,,,,,,,,,,,,
8943,2019,4,4,3,15,6,0,0,0,2.2,,,,,,,,,,,,,,,,,,,,,,,,,,,,,,,,,,,,
8944,2019,4,4,3,30,5.9,0,0,0,2.2,,,,,,,,,,,,,,,,,,,,,,,,,,,,,,,,,,,,
8945,2019,4,4,3,45,5.9,0,0,0,2.3000000000000003,,,,,,,,,,,,,,,,,,,,,,,,,,,,,,,,,,,,
8946,2019,4,4,4,0,5.800000000000001,0,0,0,2.4000000000000004,,,,,,,,,,,,,,,,,,,,,,,,,,,,,,,,,,,,
8947,2019,4,4,4,15,5.7,0,0,0,2.4000000000000004,,,,,,,,,,,,,,,,,,,,,,,,,,,,,,,,,,,,
8948,2019,4,4,4,30,5.7,0,0,0,2.5,,,,,,,,,,,,,,,,,,,,,,,,,,,,,,,,,,,,
8949,2019,4,4,4,45,5.6000000000000005,0,0,0,2.5,,,,,,,,,,,,,,,,,,,,,,,,,,,,,,,,,,,,
8950,2019,4,4,5,0,5.5,0,0,0,2.6,,,,,,,,,,,,,,,,,,,,,,,,,,,,,,,,,,,,
8951,2019,4,4,5,15,5.5,0,0,0,2.6,,,,,,,,,,,,,,,,,,,,,,,,,,,,,,,,,,,,
8952,2019,4,4,5,30,5.4,0,0,0,2.6,,,,,,,,,,,,,,,,,,,,,,,,,,,,,,,,,,,,
8953,2019,4,4,5,45,5.4,0,0,0,2.6,,,,,,,,,,,,,,,,,,,,,,,,,,,,,,,,,,,,
8954,2019,4,4,6,0,5.4,3,0,3,2.5,,,,,,,,,,,,,,,,,,,,,,,,,,,,,,,,,,,,
8955,2019,4,4,6,15,5.4,5,0,5,2.5,,,,,,,,,,,,,,,,,,,,,,,,,,,,,,,,,,,,
8956,2019,4,4,6,30,5.5,6,0,6,2.4000000000000004,,,,,,,,,,,,,,,,,,,,,,,,,,,,,,,,,,,,
8957,2019,4,4,6,45,5.5,7,0,7,2.4000000000000004,,,,,,,,,,,,,,,,,,,,,,,,,,,,,,,,,,,,
8958,2019,4,4,7,0,5.6000000000000005,8,0,8,2.3000000000000003,,,,,,,,,,,,,,,,,,,,,,,,,,,,,,,,,,,,
8959,2019,4,4,7,15,5.7,10,0,10,2.2,,,,,,,,,,,,,,,,,,,,,,,,,,,,,,,,,,,,
8960,2019,4,4,7,30,5.800000000000001,11,0,11,2.1,,,,,,,,,,,,,,,,,,,,,,,,,,,,,,,,,,,,
8961,2019,4,4,7,45,6,14,0,14,2,,,,,,,,,,,,,,,,,,,,,,,,,,,,,,,,,,,,
8962,2019,4,4,8,0,6.1000000000000005,115,378,246,1.9000000000000001,,,,,,,,,,,,,,,,,,,,,,,,,,,,,,,,,,,,
8963,2019,4,4,8,15,6.300000000000001,143,29,154,1.8,,,,,,,,,,,,,,,,,,,,,,,,,,,,,,,,,,,,
8964,2019,4,4,8,30,6.5,30,0,30,1.7000000000000002,,,,,,,,,,,,,,,,,,,,,,,,,,,,,,,,,,,,
8965,2019,4,4,8,45,6.7,33,0,33,1.7000000000000002,,,,,,,,,,,,,,,,,,,,,,,,,,,,,,,,,,,,
8966,2019,4,4,9,0,6.9,37,0,37,1.6,,,,,,,,,,,,,,,,,,,,,,,,,,,,,,,,,,,,
8967,2019,4,4,9,15,7.2,41,0,41,1.6,,,,,,,,,,,,,,,,,,,,,,,,,,,,,,,,,,,,
8968,2019,4,4,9,30,7.5,44,0,44,1.6,,,,,,,,,,,,,,,,,,,,,,,,,,,,,,,,,,,,
8969,2019,4,4,9,45,7.800000000000001,47,0,47,1.6,,,,,,,,,,,,,,,,,,,,,,,,,,,,,,,,,,,,
8970,2019,4,4,10,0,8,50,0,50,1.6,,,,,,,,,,,,,,,,,,,,,,,,,,,,,,,,,,,,
8971,2019,4,4,10,15,8.4,53,0,53,1.7000000000000002,,,,,,,,,,,,,,,,,,,,,,,,,,,,,,,,,,,,
8972,2019,4,4,10,30,8.9,84,0,84,1.8,,,,,,,,,,,,,,,,,,,,,,,,,,,,,,,,,,,,
8973,2019,4,4,10,45,9.3,87,0,87,1.8,,,,,,,,,,,,,,,,,,,,,,,,,,,,,,,,,,,,
8974,2019,4,4,11,0,9.700000000000001,90,0,90,1.9000000000000001,,,,,,,,,,,,,,,,,,,,,,,,,,,,,,,,,,,,
8975,2019,4,4,11,15,10.100000000000001,92,0,92,1.9000000000000001,,,,,,,,,,,,,,,,,,,,,,,,,,,,,,,,,,,,
8976,2019,4,4,11,30,10.5,127,0,127,2,,,,,,,,,,,,,,,,,,,,,,,,,,,,,,,,,,,,
8977,2019,4,4,11,45,11,145,0,145,2,,,,,,,,,,,,,,,,,,,,,,,,,,,,,,,,,,,,
8978,2019,4,4,12,0,11.4,180,4,183,2.1,,,,,,,,,,,,,,,,,,,,,,,,,,,,,,,,,,,,
8979,2019,4,4,12,15,11.8,155,1,155,2.1,,,,,,,,,,,,,,,,,,,,,,,,,,,,,,,,,,,,
8980,2019,4,4,12,30,12.3,124,0,124,2.2,,,,,,,,,,,,,,,,,,,,,,,,,,,,,,,,,,,,
8981,2019,4,4,12,45,12.700000000000001,133,0,133,2.2,,,,,,,,,,,,,,,,,,,,,,,,,,,,,,,,,,,,
8982,2019,4,4,13,0,13.100000000000001,151,0,151,2.3000000000000003,,,,,,,,,,,,,,,,,,,,,,,,,,,,,,,,,,,,
8983,2019,4,4,13,15,13.5,205,9,211,2.3000000000000003,,,,,,,,,,,,,,,,,,,,,,,,,,,,,,,,,,,,
8984,2019,4,4,13,30,13.8,228,15,238,2.3000000000000003,,,,,,,,,,,,,,,,,,,,,,,,,,,,,,,,,,,,
8985,2019,4,4,13,45,14.200000000000001,275,49,306,2.3000000000000003,,,,,,,,,,,,,,,,,,,,,,,,,,,,,,,,,,,,
8986,2019,4,4,14,0,14.5,289,99,351,2.2,,,,,,,,,,,,,,,,,,,,,,,,,,,,,,,,,,,,
8987,2019,4,4,14,15,14.700000000000001,284,145,373,2.2,,,,,,,,,,,,,,,,,,,,,,,,,,,,,,,,,,,,
8988,2019,4,4,14,30,15,143,730,576,2.1,,,,,,,,,,,,,,,,,,,,,,,,,,,,,,,,,,,,
8989,2019,4,4,14,45,15.200000000000001,241,305,415,2,,,,,,,,,,,,,,,,,,,,,,,,,,,,,,,,,,,,
8990,2019,4,4,15,0,15.4,180,500,452,1.9000000000000001,,,,,,,,,,,,,,,,,,,,,,,,,,,,,,,,,,,,
8991,2019,4,4,15,15,15.4,171,492,426,1.8,,,,,,,,,,,,,,,,,,,,,,,,,,,,,,,,,,,,
8992,2019,4,4,15,30,15.4,169,444,386,1.8,,,,,,,,,,,,,,,,,,,,,,,,,,,,,,,,,,,,
8993,2019,4,4,15,45,15.5,193,209,289,1.7000000000000002,,,,,,,,,,,,,,,,,,,,,,,,,,,,,,,,,,,,
8994,2019,4,4,16,0,15.5,142,435,327,1.6,,,,,,,,,,,,,,,,,,,,,,,,,,,,,,,,,,,,
8995,2019,4,4,16,15,15.200000000000001,124,448,300,1.6,,,,,,,,,,,,,,,,,,,,,,,,,,,,,,,,,,,,
8996,2019,4,4,16,30,14.8,145,146,197,1.6,,,,,,,,,,,,,,,,,,,,,,,,,,,,,,,,,,,,
8997,2019,4,4,16,45,14.5,104,0,104,1.5,,,,,,,,,,,,,,,,,,,,,,,,,,,,,,,,,,,,
8998,2019,4,4,17,0,14.200000000000001,86,0,86,1.5,,,,,,,,,,,,,,,,,,,,,,,,,,,,,,,,,,,,
8999,2019,4,4,17,15,13.5,69,0,69,1.7000000000000002,,,,,,,,,,,,,,,,,,,,,,,,,,,,,,,,,,,,
9000,2019,4,4,17,30,12.9,54,0,54,1.8,,,,,,,,,,,,,,,,,,,,,,,,,,,,,,,,,,,,
9001,2019,4,4,17,45,12.3,40,0,40,1.9000000000000001,,,,,,,,,,,,,,,,,,,,,,,,,,,,,,,,,,,,
9002,2019,4,4,18,0,11.700000000000001,28,0,28,2,,,,,,,,,,,,,,,,,,,,,,,,,,,,,,,,,,,,
9003,2019,4,4,18,15,11.4,17,0,17,2.2,,,,,,,,,,,,,,,,,,,,,,,,,,,,,,,,,,,,
9004,2019,4,4,18,30,11.100000000000001,19,75,22,2.3000000000000003,,,,,,,,,,,,,,,,,,,,,,,,,,,,,,,,,,,,
9005,2019,4,4,18,45,10.8,0,0,0,2.4000000000000004,,,,,,,,,,,,,,,,,,,,,,,,,,,,,,,,,,,,
9006,2019,4,4,19,0,10.5,0,0,0,2.5,,,,,,,,,,,,,,,,,,,,,,,,,,,,,,,,,,,,
9007,2019,4,4,19,15,10.200000000000001,0,0,0,2.5,,,,,,,,,,,,,,,,,,,,,,,,,,,,,,,,,,,,
9008,2019,4,4,19,30,10,0,0,0,2.6,,,,,,,,,,,,,,,,,,,,,,,,,,,,,,,,,,,,
9009,2019,4,4,19,45,9.8,0,0,0,2.6,,,,,,,,,,,,,,,,,,,,,,,,,,,,,,,,,,,,
9010,2019,4,4,20,0,9.5,0,0,0,2.6,,,,,,,,,,,,,,,,,,,,,,,,,,,,,,,,,,,,
9011,2019,4,4,20,15,9.3,0,0,0,2.6,,,,,,,,,,,,,,,,,,,,,,,,,,,,,,,,,,,,
9012,2019,4,4,20,30,9,0,0,0,2.6,,,,,,,,,,,,,,,,,,,,,,,,,,,,,,,,,,,,
9013,2019,4,4,20,45,8.8,0,0,0,2.7,,,,,,,,,,,,,,,,,,,,,,,,,,,,,,,,,,,,
9014,2019,4,4,21,0,8.5,0,0,0,2.7,,,,,,,,,,,,,,,,,,,,,,,,,,,,,,,,,,,,
9015,2019,4,4,21,15,8.3,0,0,0,2.7,,,,,,,,,,,,,,,,,,,,,,,,,,,,,,,,,,,,
9016,2019,4,4,21,30,8.1,0,0,0,2.7,,,,,,,,,,,,,,,,,,,,,,,,,,,,,,,,,,,,
9017,2019,4,4,21,45,7.9,0,0,0,2.7,,,,,,,,,,,,,,,,,,,,,,,,,,,,,,,,,,,,
9018,2019,4,4,22,0,7.7,0,0,0,2.7,,,,,,,,,,,,,,,,,,,,,,,,,,,,,,,,,,,,
9019,2019,4,4,22,15,7.6000000000000005,0,0,0,2.8000000000000003,,,,,,,,,,,,,,,,,,,,,,,,,,,,,,,,,,,,
9020,2019,4,4,22,30,7.4,0,0,0,2.9000000000000004,,,,,,,,,,,,,,,,,,,,,,,,,,,,,,,,,,,,
9021,2019,4,4,22,45,7.300000000000001,0,0,0,3,,,,,,,,,,,,,,,,,,,,,,,,,,,,,,,,,,,,
9022,2019,4,4,23,0,7.2,0,0,0,3.1,,,,,,,,,,,,,,,,,,,,,,,,,,,,,,,,,,,,
9023,2019,4,4,23,15,7,0,0,0,3.2,,,,,,,,,,,,,,,,,,,,,,,,,,,,,,,,,,,,
9024,2019,4,4,23,30,6.9,0,0,0,3.4000000000000004,,,,,,,,,,,,,,,,,,,,,,,,,,,,,,,,,,,,
9025,2019,4,4,23,45,6.800000000000001,0,0,0,3.6,,,,,,,,,,,,,,,,,,,,,,,,,,,,,,,,,,,,
9026,2019,4,5,0,0,6.7,0,0,0,3.7,,,,,,,,,,,,,,,,,,,,,,,,,,,,,,,,,,,,
9027,2019,4,5,0,15,6.7,0,0,0,3.7,,,,,,,,,,,,,,,,,,,,,,,,,,,,,,,,,,,,
9028,2019,4,5,0,30,6.7,0,0,0,3.7,,,,,,,,,,,,,,,,,,,,,,,,,,,,,,,,,,,,
9029,2019,4,5,0,45,6.7,0,0,0,3.7,,,,,,,,,,,,,,,,,,,,,,,,,,,,,,,,,,,,
9030,2019,4,5,1,0,6.2,0,0,0,3.7,,,,,,,,,,,,,,,,,,,,,,,,,,,,,,,,,,,,
9031,2019,4,5,1,15,6.2,0,0,0,3.7,,,,,,,,,,,,,,,,,,,,,,,,,,,,,,,,,,,,
9032,2019,4,5,1,30,6.2,0,0,0,3.6,,,,,,,,,,,,,,,,,,,,,,,,,,,,,,,,,,,,
9033,2019,4,5,1,45,6.1000000000000005,0,0,0,3.6,,,,,,,,,,,,,,,,,,,,,,,,,,,,,,,,,,,,
9034,2019,4,5,2,0,6.1000000000000005,0,0,0,3.5,,,,,,,,,,,,,,,,,,,,,,,,,,,,,,,,,,,,
9035,2019,4,5,2,15,6.1000000000000005,0,0,0,3.4000000000000004,,,,,,,,,,,,,,,,,,,,,,,,,,,,,,,,,,,,
9036,2019,4,5,2,30,6.1000000000000005,0,0,0,3.4000000000000004,,,,,,,,,,,,,,,,,,,,,,,,,,,,,,,,,,,,
9037,2019,4,5,2,45,6,0,0,0,3.3000000000000003,,,,,,,,,,,,,,,,,,,,,,,,,,,,,,,,,,,,
9038,2019,4,5,3,0,6,0,0,0,3.2,,,,,,,,,,,,,,,,,,,,,,,,,,,,,,,,,,,,
9039,2019,4,5,3,15,6,0,0,0,3.2,,,,,,,,,,,,,,,,,,,,,,,,,,,,,,,,,,,,
9040,2019,4,5,3,30,5.9,0,0,0,3.1,,,,,,,,,,,,,,,,,,,,,,,,,,,,,,,,,,,,
9041,2019,4,5,3,45,5.9,0,0,0,3.1,,,,,,,,,,,,,,,,,,,,,,,,,,,,,,,,,,,,
9042,2019,4,5,4,0,5.9,0,0,0,3,,,,,,,,,,,,,,,,,,,,,,,,,,,,,,,,,,,,
9043,2019,4,5,4,15,5.9,0,0,0,3,,,,,,,,,,,,,,,,,,,,,,,,,,,,,,,,,,,,
9044,2019,4,5,4,30,5.9,0,0,0,3,,,,,,,,,,,,,,,,,,,,,,,,,,,,,,,,,,,,
9045,2019,4,5,4,45,5.9,0,0,0,3,,,,,,,,,,,,,,,,,,,,,,,,,,,,,,,,,,,,
9046,2019,4,5,5,0,5.9,0,0,0,3,,,,,,,,,,,,,,,,,,,,,,,,,,,,,,,,,,,,
9047,2019,4,5,5,15,6,0,0,0,3,,,,,,,,,,,,,,,,,,,,,,,,,,,,,,,,,,,,
9048,2019,4,5,5,30,6.1000000000000005,0,0,0,3,,,,,,,,,,,,,,,,,,,,,,,,,,,,,,,,,,,,
9049,2019,4,5,5,45,6.1000000000000005,0,0,0,3,,,,,,,,,,,,,,,,,,,,,,,,,,,,,,,,,,,,
9050,2019,4,5,6,0,6.2,2,0,2,3,,,,,,,,,,,,,,,,,,,,,,,,,,,,,,,,,,,,
9051,2019,4,5,6,15,6.300000000000001,4,0,4,3,,,,,,,,,,,,,,,,,,,,,,,,,,,,,,,,,,,,
9052,2019,4,5,6,30,6.4,6,0,6,3,,,,,,,,,,,,,,,,,,,,,,,,,,,,,,,,,,,,
9053,2019,4,5,6,45,6.5,8,0,8,3,,,,,,,,,,,,,,,,,,,,,,,,,,,,,,,,,,,,
9054,2019,4,5,7,0,6.6000000000000005,10,0,10,3.1,,,,,,,,,,,,,,,,,,,,,,,,,,,,,,,,,,,,
9055,2019,4,5,7,15,6.7,13,0,13,3,,,,,,,,,,,,,,,,,,,,,,,,,,,,,,,,,,,,
9056,2019,4,5,7,30,6.9,16,0,16,3,,,,,,,,,,,,,,,,,,,,,,,,,,,,,,,,,,,,
9057,2019,4,5,7,45,7,11,0,11,2.9000000000000004,,,,,,,,,,,,,,,,,,,,,,,,,,,,,,,,,,,,
9058,2019,4,5,8,0,7.2,13,0,13,2.9000000000000004,,,,,,,,,,,,,,,,,,,,,,,,,,,,,,,,,,,,
9059,2019,4,5,8,15,7.300000000000001,15,0,15,2.8000000000000003,,,,,,,,,,,,,,,,,,,,,,,,,,,,,,,,,,,,
9060,2019,4,5,8,30,7.5,17,0,17,2.7,,,,,,,,,,,,,,,,,,,,,,,,,,,,,,,,,,,,
9061,2019,4,5,8,45,7.7,19,0,19,2.6,,,,,,,,,,,,,,,,,,,,,,,,,,,,,,,,,,,,
9062,2019,4,5,9,0,7.9,21,0,21,2.5,,,,,,,,,,,,,,,,,,,,,,,,,,,,,,,,,,,,
9063,2019,4,5,9,15,8,23,0,23,2.4000000000000004,,,,,,,,,,,,,,,,,,,,,,,,,,,,,,,,,,,,
9064,2019,4,5,9,30,8.200000000000001,25,0,25,2.3000000000000003,,,,,,,,,,,,,,,,,,,,,,,,,,,,,,,,,,,,
9065,2019,4,5,9,45,8.4,28,0,28,2.2,,,,,,,,,,,,,,,,,,,,,,,,,,,,,,,,,,,,
9066,2019,4,5,10,0,8.6,30,0,30,2,,,,,,,,,,,,,,,,,,,,,,,,,,,,,,,,,,,,
9067,2019,4,5,10,15,8.8,32,0,32,1.9000000000000001,,,,,,,,,,,,,,,,,,,,,,,,,,,,,,,,,,,,
9068,2019,4,5,10,30,9,34,0,34,1.8,,,,,,,,,,,,,,,,,,,,,,,,,,,,,,,,,,,,
9069,2019,4,5,10,45,9.200000000000001,36,0,36,1.6,,,,,,,,,,,,,,,,,,,,,,,,,,,,,,,,,,,,
9070,2019,4,5,11,0,9.3,38,0,38,1.5,,,,,,,,,,,,,,,,,,,,,,,,,,,,,,,,,,,,
9071,2019,4,5,11,15,9.5,39,0,39,1.4000000000000001,,,,,,,,,,,,,,,,,,,,,,,,,,,,,,,,,,,,
9072,2019,4,5,11,30,9.700000000000001,40,0,40,1.3,,,,,,,,,,,,,,,,,,,,,,,,,,,,,,,,,,,,
9073,2019,4,5,11,45,9.8,41,0,41,1.2000000000000002,,,,,,,,,,,,,,,,,,,,,,,,,,,,,,,,,,,,
9074,2019,4,5,12,0,10,42,0,42,1.1,,,,,,,,,,,,,,,,,,,,,,,,,,,,,,,,,,,,
9075,2019,4,5,12,15,10.200000000000001,85,0,85,1.1,,,,,,,,,,,,,,,,,,,,,,,,,,,,,,,,,,,,
9076,2019,4,5,12,30,10.4,114,0,114,1,,,,,,,,,,,,,,,,,,,,,,,,,,,,,,,,,,,,
9077,2019,4,5,12,45,10.600000000000001,137,0,137,0.9,,,,,,,,,,,,,,,,,,,,,,,,,,,,,,,,,,,,
9078,2019,4,5,13,0,10.8,166,2,167,0.9,,,,,,,,,,,,,,,,,,,,,,,,,,,,,,,,,,,,
9079,2019,4,5,13,15,10.9,169,2,171,0.9,,,,,,,,,,,,,,,,,,,,,,,,,,,,,,,,,,,,
9080,2019,4,5,13,30,11.100000000000001,163,1,164,0.9,,,,,,,,,,,,,,,,,,,,,,,,,,,,,,,,,,,,
9081,2019,4,5,13,45,11.200000000000001,125,0,125,0.9,,,,,,,,,,,,,,,,,,,,,,,,,,,,,,,,,,,,
9082,2019,4,5,14,0,11.3,99,0,99,0.9,,,,,,,,,,,,,,,,,,,,,,,,,,,,,,,,,,,,
9083,2019,4,5,14,15,11.4,106,0,106,0.9,,,,,,,,,,,,,,,,,,,,,,,,,,,,,,,,,,,,
9084,2019,4,5,14,30,11.4,107,0,107,0.9,,,,,,,,,,,,,,,,,,,,,,,,,,,,,,,,,,,,
9085,2019,4,5,14,45,11.5,121,0,121,0.9,,,,,,,,,,,,,,,,,,,,,,,,,,,,,,,,,,,,
9086,2019,4,5,15,0,11.5,91,0,91,0.9,,,,,,,,,,,,,,,,,,,,,,,,,,,,,,,,,,,,
9087,2019,4,5,15,15,11.5,121,0,121,0.9,,,,,,,,,,,,,,,,,,,,,,,,,,,,,,,,,,,,
9088,2019,4,5,15,30,11.5,151,0,151,0.9,,,,,,,,,,,,,,,,,,,,,,,,,,,,,,,,,,,,
9089,2019,4,5,15,45,11.5,191,447,398,0.9,,,,,,,,,,,,,,,,,,,,,,,,,,,,,,,,,,,,
9090,2019,4,5,16,0,11.5,181,421,362,0.9,,,,,,,,,,,,,,,,,,,,,,,,,,,,,,,,,,,,
9091,2019,4,5,16,15,11.4,165,127,215,0.9,,,,,,,,,,,,,,,,,,,,,,,,,,,,,,,,,,,,
9092,2019,4,5,16,30,11.3,147,105,185,0.9,,,,,,,,,,,,,,,,,,,,,,,,,,,,,,,,,,,,
9093,2019,4,5,16,45,11.200000000000001,102,0,102,0.8,,,,,,,,,,,,,,,,,,,,,,,,,,,,,,,,,,,,
9094,2019,4,5,17,0,11,58,0,58,0.8,,,,,,,,,,,,,,,,,,,,,,,,,,,,,,,,,,,,
9095,2019,4,5,17,15,10.5,47,0,47,0.8,,,,,,,,,,,,,,,,,,,,,,,,,,,,,,,,,,,,
9096,2019,4,5,17,30,9.9,37,0,37,0.7000000000000001,,,,,,,,,,,,,,,,,,,,,,,,,,,,,,,,,,,,
9097,2019,4,5,17,45,9.4,28,0,28,0.7000000000000001,,,,,,,,,,,,,,,,,,,,,,,,,,,,,,,,,,,,
9098,2019,4,5,18,0,8.8,20,0,20,0.7000000000000001,,,,,,,,,,,,,,,,,,,,,,,,,,,,,,,,,,,,
9099,2019,4,5,18,15,8.4,13,0,13,0.7000000000000001,,,,,,,,,,,,,,,,,,,,,,,,,,,,,,,,,,,,
9100,2019,4,5,18,30,7.9,7,0,7,0.8,,,,,,,,,,,,,,,,,,,,,,,,,,,,,,,,,,,,
9101,2019,4,5,18,45,7.5,0,0,0,0.9,,,,,,,,,,,,,,,,,,,,,,,,,,,,,,,,,,,,
9102,2019,4,5,19,0,7,0,0,0,0.9,,,,,,,,,,,,,,,,,,,,,,,,,,,,,,,,,,,,
9103,2019,4,5,19,15,6.800000000000001,0,0,0,1,,,,,,,,,,,,,,,,,,,,,,,,,,,,,,,,,,,,
9104,2019,4,5,19,30,6.6000000000000005,0,0,0,1,,,,,,,,,,,,,,,,,,,,,,,,,,,,,,,,,,,,
9105,2019,4,5,19,45,6.4,0,0,0,1,,,,,,,,,,,,,,,,,,,,,,,,,,,,,,,,,,,,
9106,2019,4,5,20,0,6.2,0,0,0,1,,,,,,,,,,,,,,,,,,,,,,,,,,,,,,,,,,,,
9107,2019,4,5,20,15,6,0,0,0,1,,,,,,,,,,,,,,,,,,,,,,,,,,,,,,,,,,,,
9108,2019,4,5,20,30,5.9,0,0,0,1.1,,,,,,,,,,,,,,,,,,,,,,,,,,,,,,,,,,,,
9109,2019,4,5,20,45,5.800000000000001,0,0,0,1.1,,,,,,,,,,,,,,,,,,,,,,,,,,,,,,,,,,,,
9110,2019,4,5,21,0,5.6000000000000005,0,0,0,1.1,,,,,,,,,,,,,,,,,,,,,,,,,,,,,,,,,,,,
9111,2019,4,5,21,15,5.6000000000000005,0,0,0,1.1,,,,,,,,,,,,,,,,,,,,,,,,,,,,,,,,,,,,
9112,2019,4,5,21,30,5.6000000000000005,0,0,0,1.1,,,,,,,,,,,,,,,,,,,,,,,,,,,,,,,,,,,,
9113,2019,4,5,21,45,5.6000000000000005,0,0,0,1,,,,,,,,,,,,,,,,,,,,,,,,,,,,,,,,,,,,
9114,2019,4,5,22,0,5.6000000000000005,0,0,0,1,,,,,,,,,,,,,,,,,,,,,,,,,,,,,,,,,,,,
9115,2019,4,5,22,15,5.6000000000000005,0,0,0,1.1,,,,,,,,,,,,,,,,,,,,,,,,,,,,,,,,,,,,
9116,2019,4,5,22,30,5.7,0,0,0,1.1,,,,,,,,,,,,,,,,,,,,,,,,,,,,,,,,,,,,
9117,2019,4,5,22,45,5.7,0,0,0,1.1,,,,,,,,,,,,,,,,,,,,,,,,,,,,,,,,,,,,
9118,2019,4,5,23,0,5.800000000000001,0,0,0,1.2000000000000002,,,,,,,,,,,,,,,,,,,,,,,,,,,,,,,,,,,,
9119,2019,4,5,23,15,5.800000000000001,0,0,0,1.3,,,,,,,,,,,,,,,,,,,,,,,,,,,,,,,,,,,,
9120,2019,4,5,23,30,5.9,0,0,0,1.5,,,,,,,,,,,,,,,,,,,,,,,,,,,,,,,,,,,,
9121,2019,4,5,23,45,5.9,0,0,0,1.6,,,,,,,,,,,,,,,,,,,,,,,,,,,,,,,,,,,,
9122,2019,4,6,0,0,6,0,0,0,1.8,,,,,,,,,,,,,,,,,,,,,,,,,,,,,,,,,,,,
9123,2019,4,6,0,15,6,0,0,0,1.8,,,,,,,,,,,,,,,,,,,,,,,,,,,,,,,,,,,,
9124,2019,4,6,0,30,6,0,0,0,1.8,,,,,,,,,,,,,,,,,,,,,,,,,,,,,,,,,,,,
9125,2019,4,6,0,45,6,0,0,0,1.8,,,,,,,,,,,,,,,,,,,,,,,,,,,,,,,,,,,,
9126,2019,4,6,1,0,6,0,0,0,1.9000000000000001,,,,,,,,,,,,,,,,,,,,,,,,,,,,,,,,,,,,
9127,2019,4,6,1,15,6,0,0,0,1.9000000000000001,,,,,,,,,,,,,,,,,,,,,,,,,,,,,,,,,,,,
9128,2019,4,6,1,30,6,0,0,0,1.8,,,,,,,,,,,,,,,,,,,,,,,,,,,,,,,,,,,,
9129,2019,4,6,1,45,6,0,0,0,1.8,,,,,,,,,,,,,,,,,,,,,,,,,,,,,,,,,,,,
9130,2019,4,6,2,0,6,0,0,0,1.7000000000000002,,,,,,,,,,,,,,,,,,,,,,,,,,,,,,,,,,,,
9131,2019,4,6,2,15,6,0,0,0,1.7000000000000002,,,,,,,,,,,,,,,,,,,,,,,,,,,,,,,,,,,,
9132,2019,4,6,2,30,6,0,0,0,1.6,,,,,,,,,,,,,,,,,,,,,,,,,,,,,,,,,,,,
9133,2019,4,6,2,45,6,0,0,0,1.6,,,,,,,,,,,,,,,,,,,,,,,,,,,,,,,,,,,,
9134,2019,4,6,3,0,6,0,0,0,1.5,,,,,,,,,,,,,,,,,,,,,,,,,,,,,,,,,,,,
9135,2019,4,6,3,15,5.9,0,0,0,1.5,,,,,,,,,,,,,,,,,,,,,,,,,,,,,,,,,,,,
9136,2019,4,6,3,30,5.9,0,0,0,1.4000000000000001,,,,,,,,,,,,,,,,,,,,,,,,,,,,,,,,,,,,
9137,2019,4,6,3,45,5.9,0,0,0,1.3,,,,,,,,,,,,,,,,,,,,,,,,,,,,,,,,,,,,
9138,2019,4,6,4,0,5.9,0,0,0,1.3,,,,,,,,,,,,,,,,,,,,,,,,,,,,,,,,,,,,
9139,2019,4,6,4,15,5.800000000000001,0,0,0,1.2000000000000002,,,,,,,,,,,,,,,,,,,,,,,,,,,,,,,,,,,,
9140,2019,4,6,4,30,5.800000000000001,0,0,0,1.1,,,,,,,,,,,,,,,,,,,,,,,,,,,,,,,,,,,,
9141,2019,4,6,4,45,5.7,0,0,0,1.1,,,,,,,,,,,,,,,,,,,,,,,,,,,,,,,,,,,,
9142,2019,4,6,5,0,5.7,0,0,0,1,,,,,,,,,,,,,,,,,,,,,,,,,,,,,,,,,,,,
9143,2019,4,6,5,15,5.7,0,0,0,0.9,,,,,,,,,,,,,,,,,,,,,,,,,,,,,,,,,,,,
9144,2019,4,6,5,30,5.7,0,0,0,0.9,,,,,,,,,,,,,,,,,,,,,,,,,,,,,,,,,,,,
9145,2019,4,6,5,45,5.800000000000001,0,0,0,0.8,,,,,,,,,,,,,,,,,,,,,,,,,,,,,,,,,,,,
9146,2019,4,6,6,0,5.800000000000001,3,0,3,0.7000000000000001,,,,,,,,,,,,,,,,,,,,,,,,,,,,,,,,,,,,
9147,2019,4,6,6,15,6,4,0,4,0.7000000000000001,,,,,,,,,,,,,,,,,,,,,,,,,,,,,,,,,,,,
9148,2019,4,6,6,30,6.2,53,151,72,0.7000000000000001,,,,,,,,,,,,,,,,,,,,,,,,,,,,,,,,,,,,
9149,2019,4,6,6,45,6.300000000000001,71,217,106,0.6000000000000001,,,,,,,,,,,,,,,,,,,,,,,,,,,,,,,,,,,,
9150,2019,4,6,7,0,6.5,86,274,142,0.6000000000000001,,,,,,,,,,,,,,,,,,,,,,,,,,,,,,,,,,,,
9151,2019,4,6,7,15,6.9,101,326,180,0.6000000000000001,,,,,,,,,,,,,,,,,,,,,,,,,,,,,,,,,,,,
9152,2019,4,6,7,30,7.2,17,0,17,0.6000000000000001,,,,,,,,,,,,,,,,,,,,,,,,,,,,,,,,,,,,
9153,2019,4,6,7,45,7.6000000000000005,21,0,21,0.6000000000000001,,,,,,,,,,,,,,,,,,,,,,,,,,,,,,,,,,,,
9154,2019,4,6,8,0,8,24,0,24,0.5,,,,,,,,,,,,,,,,,,,,,,,,,,,,,,,,,,,,
9155,2019,4,6,8,15,8.700000000000001,28,0,28,0.6000000000000001,,,,,,,,,,,,,,,,,,,,,,,,,,,,,,,,,,,,
9156,2019,4,6,8,30,9.4,32,0,32,0.6000000000000001,,,,,,,,,,,,,,,,,,,,,,,,,,,,,,,,,,,,
9157,2019,4,6,8,45,10.100000000000001,36,0,36,0.6000000000000001,,,,,,,,,,,,,,,,,,,,,,,,,,,,,,,,,,,,
9158,2019,4,6,9,0,10.8,39,0,39,0.6000000000000001,,,,,,,,,,,,,,,,,,,,,,,,,,,,,,,,,,,,
9159,2019,4,6,9,15,11.700000000000001,229,157,311,0.8,,,,,,,,,,,,,,,,,,,,,,,,,,,,,,,,,,,,
9160,2019,4,6,9,30,12.600000000000001,244,167,336,1,,,,,,,,,,,,,,,,,,,,,,,,,,,,,,,,,,,,
9161,2019,4,6,9,45,13.5,259,174,359,1.1,,,,,,,,,,,,,,,,,,,,,,,,,,,,,,,,,,,,
9162,2019,4,6,10,0,14.3,272,182,380,1.3,,,,,,,,,,,,,,,,,,,,,,,,,,,,,,,,,,,,
9163,2019,4,6,10,15,15.100000000000001,284,188,401,1.6,,,,,,,,,,,,,,,,,,,,,,,,,,,,,,,,,,,,
9164,2019,4,6,10,30,15.8,164,726,626,1.8,,,,,,,,,,,,,,,,,,,,,,,,,,,,,,,,,,,,
9165,2019,4,6,10,45,16.6,158,747,647,2.1,,,,,,,,,,,,,,,,,,,,,,,,,,,,,,,,,,,,
9166,2019,4,6,11,0,17.400000000000002,160,754,665,2.3000000000000003,,,,,,,,,,,,,,,,,,,,,,,,,,,,,,,,,,,,
9167,2019,4,6,11,15,17.7,161,760,679,2.5,,,,,,,,,,,,,,,,,,,,,,,,,,,,,,,,,,,,
9168,2019,4,6,11,30,18,163,767,693,2.6,,,,,,,,,,,,,,,,,,,,,,,,,,,,,,,,,,,,
9169,2019,4,6,11,45,18.3,157,784,703,2.7,,,,,,,,,,,,,,,,,,,,,,,,,,,,,,,,,,,,
9170,2019,4,6,12,0,18.6,158,785,709,2.8000000000000003,,,,,,,,,,,,,,,,,,,,,,,,,,,,,,,,,,,,
9171,2019,4,6,12,15,18.7,156,786,709,2.9000000000000004,,,,,,,,,,,,,,,,,,,,,,,,,,,,,,,,,,,,
9172,2019,4,6,12,30,18.900000000000002,156,786,708,3.1,,,,,,,,,,,,,,,,,,,,,,,,,,,,,,,,,,,,
9173,2019,4,6,12,45,19.1,159,778,702,3.2,,,,,,,,,,,,,,,,,,,,,,,,,,,,,,,,,,,,
9174,2019,4,6,13,0,19.200000000000003,158,775,695,3.3000000000000003,,,,,,,,,,,,,,,,,,,,,,,,,,,,,,,,,,,,
9175,2019,4,6,13,15,19.3,157,771,684,3.3000000000000003,,,,,,,,,,,,,,,,,,,,,,,,,,,,,,,,,,,,
9176,2019,4,6,13,30,19.400000000000002,156,766,671,3.4000000000000004,,,,,,,,,,,,,,,,,,,,,,,,,,,,,,,,,,,,
9177,2019,4,6,13,45,19.400000000000002,154,759,654,3.5,,,,,,,,,,,,,,,,,,,,,,,,,,,,,,,,,,,,
9178,2019,4,6,14,0,19.5,152,751,634,3.5,,,,,,,,,,,,,,,,,,,,,,,,,,,,,,,,,,,,
9179,2019,4,6,14,15,19.5,150,741,612,3.6,,,,,,,,,,,,,,,,,,,,,,,,,,,,,,,,,,,,
9180,2019,4,6,14,30,19.5,146,730,586,3.6,,,,,,,,,,,,,,,,,,,,,,,,,,,,,,,,,,,,
9181,2019,4,6,14,45,19.400000000000002,145,712,557,3.6,,,,,,,,,,,,,,,,,,,,,,,,,,,,,,,,,,,,
9182,2019,4,6,15,0,19.400000000000002,142,697,528,3.6,,,,,,,,,,,,,,,,,,,,,,,,,,,,,,,,,,,,
9183,2019,4,6,15,15,19.200000000000003,138,680,496,3.5,,,,,,,,,,,,,,,,,,,,,,,,,,,,,,,,,,,,
9184,2019,4,6,15,30,19,134,661,463,3.4000000000000004,,,,,,,,,,,,,,,,,,,,,,,,,,,,,,,,,,,,
9185,2019,4,6,15,45,18.900000000000002,131,631,426,3.3000000000000003,,,,,,,,,,,,,,,,,,,,,,,,,,,,,,,,,,,,
9186,2019,4,6,16,0,18.7,126,606,389,3.2,,,,,,,,,,,,,,,,,,,,,,,,,,,,,,,,,,,,
9187,2019,4,6,16,15,18.2,120,578,351,2.9000000000000004,,,,,,,,,,,,,,,,,,,,,,,,,,,,,,,,,,,,
9188,2019,4,6,16,30,17.7,114,546,313,2.6,,,,,,,,,,,,,,,,,,,,,,,,,,,,,,,,,,,,
9189,2019,4,6,16,45,17.2,107,507,274,2.3000000000000003,,,,,,,,,,,,,,,,,,,,,,,,,,,,,,,,,,,,
9190,2019,4,6,17,0,16.7,98,466,234,2,,,,,,,,,,,,,,,,,,,,,,,,,,,,,,,,,,,,
9191,2019,4,6,17,15,15.9,89,420,195,2,,,,,,,,,,,,,,,,,,,,,,,,,,,,,,,,,,,,
9192,2019,4,6,17,30,15.100000000000001,78,367,156,2,,,,,,,,,,,,,,,,,,,,,,,,,,,,,,,,,,,,
9193,2019,4,6,17,45,14.3,65,310,120,2,,,,,,,,,,,,,,,,,,,,,,,,,,,,,,,,,,,,
9194,2019,4,6,18,0,13.5,52,243,85,2,,,,,,,,,,,,,,,,,,,,,,,,,,,,,,,,,,,,
9195,2019,4,6,18,15,13.200000000000001,37,168,53,2.1,,,,,,,,,,,,,,,,,,,,,,,,,,,,,,,,,,,,
9196,2019,4,6,18,30,12.8,22,91,27,2.2,,,,,,,,,,,,,,,,,,,,,,,,,,,,,,,,,,,,
9197,2019,4,6,18,45,12.4,8,28,9,2.2,,,,,,,,,,,,,,,,,,,,,,,,,,,,,,,,,,,,
9198,2019,4,6,19,0,12.100000000000001,0,0,0,2.3000000000000003,,,,,,,,,,,,,,,,,,,,,,,,,,,,,,,,,,,,
9199,2019,4,6,19,15,11.9,0,0,0,2.4000000000000004,,,,,,,,,,,,,,,,,,,,,,,,,,,,,,,,,,,,
9200,2019,4,6,19,30,11.700000000000001,0,0,0,2.4000000000000004,,,,,,,,,,,,,,,,,,,,,,,,,,,,,,,,,,,,
9201,2019,4,6,19,45,11.5,0,0,0,2.5,,,,,,,,,,,,,,,,,,,,,,,,,,,,,,,,,,,,
9202,2019,4,6,20,0,11.3,0,0,0,2.5,,,,,,,,,,,,,,,,,,,,,,,,,,,,,,,,,,,,
9203,2019,4,6,20,15,11,0,0,0,2.4000000000000004,,,,,,,,,,,,,,,,,,,,,,,,,,,,,,,,,,,,
9204,2019,4,6,20,30,10.700000000000001,0,0,0,2.4000000000000004,,,,,,,,,,,,,,,,,,,,,,,,,,,,,,,,,,,,
9205,2019,4,6,20,45,10.5,0,0,0,2.3000000000000003,,,,,,,,,,,,,,,,,,,,,,,,,,,,,,,,,,,,
9206,2019,4,6,21,0,10.200000000000001,0,0,0,2.2,,,,,,,,,,,,,,,,,,,,,,,,,,,,,,,,,,,,
9207,2019,4,6,21,15,9.9,0,0,0,2.1,,,,,,,,,,,,,,,,,,,,,,,,,,,,,,,,,,,,
9208,2019,4,6,21,30,9.600000000000001,0,0,0,2,,,,,,,,,,,,,,,,,,,,,,,,,,,,,,,,,,,,
9209,2019,4,6,21,45,9.3,0,0,0,1.9000000000000001,,,,,,,,,,,,,,,,,,,,,,,,,,,,,,,,,,,,
9210,2019,4,6,22,0,9,0,0,0,1.8,,,,,,,,,,,,,,,,,,,,,,,,,,,,,,,,,,,,
9211,2019,4,6,22,15,8.8,0,0,0,1.7000000000000002,,,,,,,,,,,,,,,,,,,,,,,,,,,,,,,,,,,,
9212,2019,4,6,22,30,8.5,0,0,0,1.6,,,,,,,,,,,,,,,,,,,,,,,,,,,,,,,,,,,,
9213,2019,4,6,22,45,8.3,0,0,0,1.6,,,,,,,,,,,,,,,,,,,,,,,,,,,,,,,,,,,,
9214,2019,4,6,23,0,8,0,0,0,1.5,,,,,,,,,,,,,,,,,,,,,,,,,,,,,,,,,,,,
9215,2019,4,6,23,15,7.9,0,0,0,1.4000000000000001,,,,,,,,,,,,,,,,,,,,,,,,,,,,,,,,,,,,
9216,2019,4,6,23,30,7.7,0,0,0,1.4000000000000001,,,,,,,,,,,,,,,,,,,,,,,,,,,,,,,,,,,,
9217,2019,4,6,23,45,7.5,0,0,0,1.3,,,,,,,,,,,,,,,,,,,,,,,,,,,,,,,,,,,,
9218,2019,4,7,0,0,7.300000000000001,0,0,0,1.3,,,,,,,,,,,,,,,,,,,,,,,,,,,,,,,,,,,,
9219,2019,4,7,0,15,7.300000000000001,0,0,0,1.3,,,,,,,,,,,,,,,,,,,,,,,,,,,,,,,,,,,,
9220,2019,4,7,0,30,7.300000000000001,0,0,0,1.3,,,,,,,,,,,,,,,,,,,,,,,,,,,,,,,,,,,,
9221,2019,4,7,0,45,7.300000000000001,0,0,0,1.3,,,,,,,,,,,,,,,,,,,,,,,,,,,,,,,,,,,,
9222,2019,4,7,1,0,6.7,0,0,0,1.2000000000000002,,,,,,,,,,,,,,,,,,,,,,,,,,,,,,,,,,,,
9223,2019,4,7,1,15,6.6000000000000005,0,0,0,1.2000000000000002,,,,,,,,,,,,,,,,,,,,,,,,,,,,,,,,,,,,
9224,2019,4,7,1,30,6.5,0,0,0,1.1,,,,,,,,,,,,,,,,,,,,,,,,,,,,,,,,,,,,
9225,2019,4,7,1,45,6.4,0,0,0,1.1,,,,,,,,,,,,,,,,,,,,,,,,,,,,,,,,,,,,
9226,2019,4,7,2,0,6.300000000000001,0,0,0,1.1,,,,,,,,,,,,,,,,,,,,,,,,,,,,,,,,,,,,
9227,2019,4,7,2,15,6.2,0,0,0,1.1,,,,,,,,,,,,,,,,,,,,,,,,,,,,,,,,,,,,
9228,2019,4,7,2,30,6.1000000000000005,0,0,0,1.1,,,,,,,,,,,,,,,,,,,,,,,,,,,,,,,,,,,,
9229,2019,4,7,2,45,6.1000000000000005,0,0,0,1.1,,,,,,,,,,,,,,,,,,,,,,,,,,,,,,,,,,,,
9230,2019,4,7,3,0,6,0,0,0,1.1,,,,,,,,,,,,,,,,,,,,,,,,,,,,,,,,,,,,
9231,2019,4,7,3,15,5.9,0,0,0,1.1,,,,,,,,,,,,,,,,,,,,,,,,,,,,,,,,,,,,
9232,2019,4,7,3,30,5.800000000000001,0,0,0,1.1,,,,,,,,,,,,,,,,,,,,,,,,,,,,,,,,,,,,
9233,2019,4,7,3,45,5.800000000000001,0,0,0,1,,,,,,,,,,,,,,,,,,,,,,,,,,,,,,,,,,,,
9234,2019,4,7,4,0,5.7,0,0,0,1,,,,,,,,,,,,,,,,,,,,,,,,,,,,,,,,,,,,
9235,2019,4,7,4,15,5.6000000000000005,0,0,0,1,,,,,,,,,,,,,,,,,,,,,,,,,,,,,,,,,,,,
9236,2019,4,7,4,30,5.6000000000000005,0,0,0,1,,,,,,,,,,,,,,,,,,,,,,,,,,,,,,,,,,,,
9237,2019,4,7,4,45,5.5,0,0,0,1,,,,,,,,,,,,,,,,,,,,,,,,,,,,,,,,,,,,
9238,2019,4,7,5,0,5.5,0,0,0,1,,,,,,,,,,,,,,,,,,,,,,,,,,,,,,,,,,,,
9239,2019,4,7,5,15,5.800000000000001,0,0,0,1.1,,,,,,,,,,,,,,,,,,,,,,,,,,,,,,,,,,,,
9240,2019,4,7,5,30,6.2,0,0,0,1.1,,,,,,,,,,,,,,,,,,,,,,,,,,,,,,,,,,,,
9241,2019,4,7,5,45,6.6000000000000005,0,0,0,1.2000000000000002,,,,,,,,,,,,,,,,,,,,,,,,,,,,,,,,,,,,
9242,2019,4,7,6,0,7,20,66,24,1.3,,,,,,,,,,,,,,,,,,,,,,,,,,,,,,,,,,,,
9243,2019,4,7,6,15,7.4,37,135,49,1.5,,,,,,,,,,,,,,,,,,,,,,,,,,,,,,,,,,,,
9244,2019,4,7,6,30,7.800000000000001,54,206,81,1.6,,,,,,,,,,,,,,,,,,,,,,,,,,,,,,,,,,,,
9245,2019,4,7,6,45,8.200000000000001,68,278,116,1.8,,,,,,,,,,,,,,,,,,,,,,,,,,,,,,,,,,,,
9246,2019,4,7,7,0,8.6,82,337,152,1.9000000000000001,,,,,,,,,,,,,,,,,,,,,,,,,,,,,,,,,,,,
9247,2019,4,7,7,15,9.200000000000001,94,391,191,2,,,,,,,,,,,,,,,,,,,,,,,,,,,,,,,,,,,,
9248,2019,4,7,7,30,9.8,104,438,230,2,,,,,,,,,,,,,,,,,,,,,,,,,,,,,,,,,,,,
9249,2019,4,7,7,45,10.4,112,487,271,2.1,,,,,,,,,,,,,,,,,,,,,,,,,,,,,,,,,,,,
9250,2019,4,7,8,0,11,121,524,310,2.2,,,,,,,,,,,,,,,,,,,,,,,,,,,,,,,,,,,,
9251,2019,4,7,8,15,11.8,127,556,348,2.5,,,,,,,,,,,,,,,,,,,,,,,,,,,,,,,,,,,,
9252,2019,4,7,8,30,12.600000000000001,134,585,386,2.8000000000000003,,,,,,,,,,,,,,,,,,,,,,,,,,,,,,,,,,,,
9253,2019,4,7,8,45,13.4,140,609,423,3.1,,,,,,,,,,,,,,,,,,,,,,,,,,,,,,,,,,,,
9254,2019,4,7,9,0,14.200000000000001,146,631,459,3.4000000000000004,,,,,,,,,,,,,,,,,,,,,,,,,,,,,,,,,,,,
9255,2019,4,7,9,15,14.600000000000001,151,651,493,3.5,,,,,,,,,,,,,,,,,,,,,,,,,,,,,,,,,,,,
9256,2019,4,7,9,30,15.100000000000001,155,669,525,3.6,,,,,,,,,,,,,,,,,,,,,,,,,,,,,,,,,,,,
9257,2019,4,7,9,45,15.600000000000001,158,687,555,3.7,,,,,,,,,,,,,,,,,,,,,,,,,,,,,,,,,,,,
9258,2019,4,7,10,0,16,162,700,583,3.8000000000000003,,,,,,,,,,,,,,,,,,,,,,,,,,,,,,,,,,,,
9259,2019,4,7,10,15,16.3,165,712,608,3.9000000000000004,,,,,,,,,,,,,,,,,,,,,,,,,,,,,,,,,,,,
9260,2019,4,7,10,30,16.6,167,722,631,3.9000000000000004,,,,,,,,,,,,,,,,,,,,,,,,,,,,,,,,,,,,
9261,2019,4,7,10,45,16.8,170,730,651,4,,,,,,,,,,,,,,,,,,,,,,,,,,,,,,,,,,,,
9262,2019,4,7,11,0,17.1,172,737,668,4,,,,,,,,,,,,,,,,,,,,,,,,,,,,,,,,,,,,
9263,2019,4,7,11,15,17.3,173,743,683,4,,,,,,,,,,,,,,,,,,,,,,,,,,,,,,,,,,,,
9264,2019,4,7,11,30,17.400000000000002,175,747,694,4,,,,,,,,,,,,,,,,,,,,,,,,,,,,,,,,,,,,
9265,2019,4,7,11,45,17.6,175,751,702,4,,,,,,,,,,,,,,,,,,,,,,,,,,,,,,,,,,,,
9266,2019,4,7,12,0,17.8,176,752,707,4,,,,,,,,,,,,,,,,,,,,,,,,,,,,,,,,,,,,
9267,2019,4,7,12,15,17.8,176,753,709,4,,,,,,,,,,,,,,,,,,,,,,,,,,,,,,,,,,,,
9268,2019,4,7,12,30,17.900000000000002,176,753,708,3.9000000000000004,,,,,,,,,,,,,,,,,,,,,,,,,,,,,,,,,,,,
9269,2019,4,7,12,45,18,188,727,699,3.9000000000000004,,,,,,,,,,,,,,,,,,,,,,,,,,,,,,,,,,,,
9270,2019,4,7,13,0,18,187,724,691,3.9000000000000004,,,,,,,,,,,,,,,,,,,,,,,,,,,,,,,,,,,,
9271,2019,4,7,13,15,18,185,720,681,3.9000000000000004,,,,,,,,,,,,,,,,,,,,,,,,,,,,,,,,,,,,
9272,2019,4,7,13,30,18,183,712,665,3.9000000000000004,,,,,,,,,,,,,,,,,,,,,,,,,,,,,,,,,,,,
9273,2019,4,7,13,45,18,182,702,648,3.8000000000000003,,,,,,,,,,,,,,,,,,,,,,,,,,,,,,,,,,,,
9274,2019,4,7,14,0,18,180,694,628,3.8000000000000003,,,,,,,,,,,,,,,,,,,,,,,,,,,,,,,,,,,,
9275,2019,4,7,14,15,18,177,684,606,3.8000000000000003,,,,,,,,,,,,,,,,,,,,,,,,,,,,,,,,,,,,
9276,2019,4,7,14,30,17.900000000000002,174,672,582,3.7,,,,,,,,,,,,,,,,,,,,,,,,,,,,,,,,,,,,
9277,2019,4,7,14,45,17.8,172,655,554,3.7,,,,,,,,,,,,,,,,,,,,,,,,,,,,,,,,,,,,
9278,2019,4,7,15,0,17.7,167,639,524,3.7,,,,,,,,,,,,,,,,,,,,,,,,,,,,,,,,,,,,
9279,2019,4,7,15,15,17.6,163,622,493,3.6,,,,,,,,,,,,,,,,,,,,,,,,,,,,,,,,,,,,
9280,2019,4,7,15,30,17.400000000000002,157,602,459,3.5,,,,,,,,,,,,,,,,,,,,,,,,,,,,,,,,,,,,
9281,2019,4,7,15,45,17.3,152,576,424,3.4000000000000004,,,,,,,,,,,,,,,,,,,,,,,,,,,,,,,,,,,,
9282,2019,4,7,16,0,17.2,146,551,387,3.3000000000000003,,,,,,,,,,,,,,,,,,,,,,,,,,,,,,,,,,,,
9283,2019,4,7,16,15,16.8,138,523,350,2.9000000000000004,,,,,,,,,,,,,,,,,,,,,,,,,,,,,,,,,,,,
9284,2019,4,7,16,30,16.400000000000002,130,491,311,2.6,,,,,,,,,,,,,,,,,,,,,,,,,,,,,,,,,,,,
9285,2019,4,7,16,45,16,120,456,272,2.2,,,,,,,,,,,,,,,,,,,,,,,,,,,,,,,,,,,,
9286,2019,4,7,17,0,15.600000000000001,110,416,233,1.9000000000000001,,,,,,,,,,,,,,,,,,,,,,,,,,,,,,,,,,,,
9287,2019,4,7,17,15,14.8,99,371,194,1.8,,,,,,,,,,,,,,,,,,,,,,,,,,,,,,,,,,,,
9288,2019,4,7,17,30,14,86,321,156,1.6,,,,,,,,,,,,,,,,,,,,,,,,,,,,,,,,,,,,
9289,2019,4,7,17,45,13.200000000000001,72,267,120,1.5,,,,,,,,,,,,,,,,,,,,,,,,,,,,,,,,,,,,
9290,2019,4,7,18,0,12.4,56,206,85,1.4000000000000001,,,,,,,,,,,,,,,,,,,,,,,,,,,,,,,,,,,,
9291,2019,4,7,18,15,12,39,141,54,1.4000000000000001,,,,,,,,,,,,,,,,,,,,,,,,,,,,,,,,,,,,
9292,2019,4,7,18,30,11.600000000000001,23,75,27,1.4000000000000001,,,,,,,,,,,,,,,,,,,,,,,,,,,,,,,,,,,,
9293,2019,4,7,18,45,11.200000000000001,8,23,9,1.4000000000000001,,,,,,,,,,,,,,,,,,,,,,,,,,,,,,,,,,,,
9294,2019,4,7,19,0,10.700000000000001,0,0,0,1.4000000000000001,,,,,,,,,,,,,,,,,,,,,,,,,,,,,,,,,,,,
9295,2019,4,7,19,15,10.600000000000001,0,0,0,1.4000000000000001,,,,,,,,,,,,,,,,,,,,,,,,,,,,,,,,,,,,
9296,2019,4,7,19,30,10.4,0,0,0,1.4000000000000001,,,,,,,,,,,,,,,,,,,,,,,,,,,,,,,,,,,,
9297,2019,4,7,19,45,10.200000000000001,0,0,0,1.4000000000000001,,,,,,,,,,,,,,,,,,,,,,,,,,,,,,,,,,,,
9298,2019,4,7,20,0,10,0,0,0,1.4000000000000001,,,,,,,,,,,,,,,,,,,,,,,,,,,,,,,,,,,,
9299,2019,4,7,20,15,9.8,0,0,0,1.4000000000000001,,,,,,,,,,,,,,,,,,,,,,,,,,,,,,,,,,,,
9300,2019,4,7,20,30,9.700000000000001,0,0,0,1.4000000000000001,,,,,,,,,,,,,,,,,,,,,,,,,,,,,,,,,,,,
9301,2019,4,7,20,45,9.5,0,0,0,1.4000000000000001,,,,,,,,,,,,,,,,,,,,,,,,,,,,,,,,,,,,
9302,2019,4,7,21,0,9.3,0,0,0,1.4000000000000001,,,,,,,,,,,,,,,,,,,,,,,,,,,,,,,,,,,,
9303,2019,4,7,21,15,9.1,0,0,0,1.4000000000000001,,,,,,,,,,,,,,,,,,,,,,,,,,,,,,,,,,,,
9304,2019,4,7,21,30,8.9,0,0,0,1.4000000000000001,,,,,,,,,,,,,,,,,,,,,,,,,,,,,,,,,,,,
9305,2019,4,7,21,45,8.700000000000001,0,0,0,1.4000000000000001,,,,,,,,,,,,,,,,,,,,,,,,,,,,,,,,,,,,
9306,2019,4,7,22,0,8.6,0,0,0,1.4000000000000001,,,,,,,,,,,,,,,,,,,,,,,,,,,,,,,,,,,,
9307,2019,4,7,22,15,8.4,0,0,0,1.4000000000000001,,,,,,,,,,,,,,,,,,,,,,,,,,,,,,,,,,,,
9308,2019,4,7,22,30,8.200000000000001,0,0,0,1.3,,,,,,,,,,,,,,,,,,,,,,,,,,,,,,,,,,,,
9309,2019,4,7,22,45,8,0,0,0,1.3,,,,,,,,,,,,,,,,,,,,,,,,,,,,,,,,,,,,
9310,2019,4,7,23,0,7.800000000000001,0,0,0,1.3,,,,,,,,,,,,,,,,,,,,,,,,,,,,,,,,,,,,
9311,2019,4,7,23,15,7.6000000000000005,0,0,0,1.3,,,,,,,,,,,,,,,,,,,,,,,,,,,,,,,,,,,,
9312,2019,4,7,23,30,7.4,0,0,0,1.3,,,,,,,,,,,,,,,,,,,,,,,,,,,,,,,,,,,,
9313,2019,4,7,23,45,7.2,0,0,0,1.3,,,,,,,,,,,,,,,,,,,,,,,,,,,,,,,,,,,,
9314,2019,4,8,0,0,7,0,0,0,1.2000000000000002,,,,,,,,,,,,,,,,,,,,,,,,,,,,,,,,,,,,
9315,2019,4,8,0,15,7,0,0,0,1.2000000000000002,,,,,,,,,,,,,,,,,,,,,,,,,,,,,,,,,,,,
9316,2019,4,8,0,30,7,0,0,0,1.2000000000000002,,,,,,,,,,,,,,,,,,,,,,,,,,,,,,,,,,,,
9317,2019,4,8,0,45,7,0,0,0,1.2000000000000002,,,,,,,,,,,,,,,,,,,,,,,,,,,,,,,,,,,,
9318,2019,4,8,1,0,6.5,0,0,0,1.1,,,,,,,,,,,,,,,,,,,,,,,,,,,,,,,,,,,,
9319,2019,4,8,1,15,6.4,0,0,0,1.1,,,,,,,,,,,,,,,,,,,,,,,,,,,,,,,,,,,,
9320,2019,4,8,1,30,6.300000000000001,0,0,0,1.1,,,,,,,,,,,,,,,,,,,,,,,,,,,,,,,,,,,,
9321,2019,4,8,1,45,6.2,0,0,0,1.1,,,,,,,,,,,,,,,,,,,,,,,,,,,,,,,,,,,,
9322,2019,4,8,2,0,6.1000000000000005,0,0,0,1,,,,,,,,,,,,,,,,,,,,,,,,,,,,,,,,,,,,
9323,2019,4,8,2,15,6,0,0,0,1,,,,,,,,,,,,,,,,,,,,,,,,,,,,,,,,,,,,
9324,2019,4,8,2,30,6,0,0,0,1,,,,,,,,,,,,,,,,,,,,,,,,,,,,,,,,,,,,
9325,2019,4,8,2,45,5.9,0,0,0,1,,,,,,,,,,,,,,,,,,,,,,,,,,,,,,,,,,,,
9326,2019,4,8,3,0,5.800000000000001,0,0,0,1,,,,,,,,,,,,,,,,,,,,,,,,,,,,,,,,,,,,
9327,2019,4,8,3,15,5.800000000000001,0,0,0,1,,,,,,,,,,,,,,,,,,,,,,,,,,,,,,,,,,,,
9328,2019,4,8,3,30,5.7,0,0,0,1,,,,,,,,,,,,,,,,,,,,,,,,,,,,,,,,,,,,
9329,2019,4,8,3,45,5.6000000000000005,0,0,0,0.9,,,,,,,,,,,,,,,,,,,,,,,,,,,,,,,,,,,,
9330,2019,4,8,4,0,5.5,0,0,0,0.9,,,,,,,,,,,,,,,,,,,,,,,,,,,,,,,,,,,,
9331,2019,4,8,4,15,5.5,0,0,0,0.9,,,,,,,,,,,,,,,,,,,,,,,,,,,,,,,,,,,,
9332,2019,4,8,4,30,5.4,0,0,0,0.9,,,,,,,,,,,,,,,,,,,,,,,,,,,,,,,,,,,,
9333,2019,4,8,4,45,5.4,0,0,0,0.9,,,,,,,,,,,,,,,,,,,,,,,,,,,,,,,,,,,,
9334,2019,4,8,5,0,5.300000000000001,0,0,0,0.9,,,,,,,,,,,,,,,,,,,,,,,,,,,,,,,,,,,,
9335,2019,4,8,5,15,5.6000000000000005,0,0,0,0.9,,,,,,,,,,,,,,,,,,,,,,,,,,,,,,,,,,,,
9336,2019,4,8,5,30,5.800000000000001,0,0,0,0.8,,,,,,,,,,,,,,,,,,,,,,,,,,,,,,,,,,,,
9337,2019,4,8,5,45,6.1000000000000005,7,17,7,0.8,,,,,,,,,,,,,,,,,,,,,,,,,,,,,,,,,,,,
9338,2019,4,8,6,0,6.300000000000001,12,0,12,0.8,,,,,,,,,,,,,,,,,,,,,,,,,,,,,,,,,,,,
9339,2019,4,8,6,15,6.800000000000001,23,0,23,0.9,,,,,,,,,,,,,,,,,,,,,,,,,,,,,,,,,,,,
9340,2019,4,8,6,30,7.2,54,198,81,1,,,,,,,,,,,,,,,,,,,,,,,,,,,,,,,,,,,,
9341,2019,4,8,6,45,7.7,69,270,116,1.2000000000000002,,,,,,,,,,,,,,,,,,,,,,,,,,,,,,,,,,,,
9342,2019,4,8,7,0,8.1,68,0,68,1.3,,,,,,,,,,,,,,,,,,,,,,,,,,,,,,,,,,,,
9343,2019,4,8,7,15,8.700000000000001,94,379,191,1.3,,,,,,,,,,,,,,,,,,,,,,,,,,,,,,,,,,,,
9344,2019,4,8,7,30,9.200000000000001,103,11,106,1.3,,,,,,,,,,,,,,,,,,,,,,,,,,,,,,,,,,,,
9345,2019,4,8,7,45,9.700000000000001,132,145,180,1.3,,,,,,,,,,,,,,,,,,,,,,,,,,,,,,,,,,,,
9346,2019,4,8,8,0,10.3,147,192,218,1.3,,,,,,,,,,,,,,,,,,,,,,,,,,,,,,,,,,,,
9347,2019,4,8,8,15,11.100000000000001,127,554,350,1.5,,,,,,,,,,,,,,,,,,,,,,,,,,,,,,,,,,,,
9348,2019,4,8,8,30,12,133,582,388,1.6,,,,,,,,,,,,,,,,,,,,,,,,,,,,,,,,,,,,
9349,2019,4,8,8,45,12.8,136,617,426,1.7000000000000002,,,,,,,,,,,,,,,,,,,,,,,,,,,,,,,,,,,,
9350,2019,4,8,9,0,13.600000000000001,140,639,460,1.9000000000000001,,,,,,,,,,,,,,,,,,,,,,,,,,,,,,,,,,,,
9351,2019,4,8,9,15,14.3,145,659,494,2,,,,,,,,,,,,,,,,,,,,,,,,,,,,,,,,,,,,
9352,2019,4,8,9,30,15,149,676,526,2.2,,,,,,,,,,,,,,,,,,,,,,,,,,,,,,,,,,,,
9353,2019,4,8,9,45,15.600000000000001,141,721,562,2.3000000000000003,,,,,,,,,,,,,,,,,,,,,,,,,,,,,,,,,,,,
9354,2019,4,8,10,0,16.3,144,734,590,2.5,,,,,,,,,,,,,,,,,,,,,,,,,,,,,,,,,,,,
9355,2019,4,8,10,15,16.6,146,745,615,2.5,,,,,,,,,,,,,,,,,,,,,,,,,,,,,,,,,,,,
9356,2019,4,8,10,30,16.900000000000002,149,755,638,2.5,,,,,,,,,,,,,,,,,,,,,,,,,,,,,,,,,,,,
9357,2019,4,8,10,45,17.1,150,764,658,2.5,,,,,,,,,,,,,,,,,,,,,,,,,,,,,,,,,,,,
9358,2019,4,8,11,0,17.400000000000002,152,771,675,2.5,,,,,,,,,,,,,,,,,,,,,,,,,,,,,,,,,,,,
9359,2019,4,8,11,15,17.6,153,776,689,2.5,,,,,,,,,,,,,,,,,,,,,,,,,,,,,,,,,,,,
9360,2019,4,8,11,30,17.7,154,780,701,2.5,,,,,,,,,,,,,,,,,,,,,,,,,,,,,,,,,,,,
9361,2019,4,8,11,45,17.900000000000002,157,779,708,2.5,,,,,,,,,,,,,,,,,,,,,,,,,,,,,,,,,,,,
9362,2019,4,8,12,0,18,158,780,713,2.5,,,,,,,,,,,,,,,,,,,,,,,,,,,,,,,,,,,,
9363,2019,4,8,12,15,18.1,158,781,714,2.4000000000000004,,,,,,,,,,,,,,,,,,,,,,,,,,,,,,,,,,,,
9364,2019,4,8,12,30,18.2,158,781,713,2.4000000000000004,,,,,,,,,,,,,,,,,,,,,,,,,,,,,,,,,,,,
9365,2019,4,8,12,45,18.3,167,759,704,2.4000000000000004,,,,,,,,,,,,,,,,,,,,,,,,,,,,,,,,,,,,
9366,2019,4,8,13,0,18.400000000000002,168,756,698,2.4000000000000004,,,,,,,,,,,,,,,,,,,,,,,,,,,,,,,,,,,,
9367,2019,4,8,13,15,18.400000000000002,167,752,688,2.4000000000000004,,,,,,,,,,,,,,,,,,,,,,,,,,,,,,,,,,,,
9368,2019,4,8,13,30,18.400000000000002,166,746,674,2.3000000000000003,,,,,,,,,,,,,,,,,,,,,,,,,,,,,,,,,,,,
9369,2019,4,8,13,45,18.5,171,725,654,2.3000000000000003,,,,,,,,,,,,,,,,,,,,,,,,,,,,,,,,,,,,
9370,2019,4,8,14,0,18.5,169,717,635,2.3000000000000003,,,,,,,,,,,,,,,,,,,,,,,,,,,,,,,,,,,,
9371,2019,4,8,14,15,18.400000000000002,166,707,613,2.3000000000000003,,,,,,,,,,,,,,,,,,,,,,,,,,,,,,,,,,,,
9372,2019,4,8,14,30,18.400000000000002,163,696,588,2.3000000000000003,,,,,,,,,,,,,,,,,,,,,,,,,,,,,,,,,,,,
9373,2019,4,8,14,45,18.400000000000002,165,669,558,2.3000000000000003,,,,,,,,,,,,,,,,,,,,,,,,,,,,,,,,,,,,
9374,2019,4,8,15,0,18.3,161,654,529,2.4000000000000004,,,,,,,,,,,,,,,,,,,,,,,,,,,,,,,,,,,,
9375,2019,4,8,15,15,18.2,158,637,499,2.3000000000000003,,,,,,,,,,,,,,,,,,,,,,,,,,,,,,,,,,,,
9376,2019,4,8,15,30,18,153,617,465,2.2,,,,,,,,,,,,,,,,,,,,,,,,,,,,,,,,,,,,
9377,2019,4,8,15,45,17.900000000000002,155,571,427,2.2,,,,,,,,,,,,,,,,,,,,,,,,,,,,,,,,,,,,
9378,2019,4,8,16,0,17.7,148,546,390,2.1,,,,,,,,,,,,,,,,,,,,,,,,,,,,,,,,,,,,
9379,2019,4,8,16,15,17.3,141,518,353,1.9000000000000001,,,,,,,,,,,,,,,,,,,,,,,,,,,,,,,,,,,,
9380,2019,4,8,16,30,16.8,133,486,314,1.7000000000000002,,,,,,,,,,,,,,,,,,,,,,,,,,,,,,,,,,,,
9381,2019,4,8,16,45,16.400000000000002,128,427,272,1.5,,,,,,,,,,,,,,,,,,,,,,,,,,,,,,,,,,,,
9382,2019,4,8,17,0,16,117,388,234,1.3,,,,,,,,,,,,,,,,,,,,,,,,,,,,,,,,,,,,
9383,2019,4,8,17,15,15.3,105,343,195,1.3,,,,,,,,,,,,,,,,,,,,,,,,,,,,,,,,,,,,
9384,2019,4,8,17,30,14.600000000000001,91,295,157,1.4000000000000001,,,,,,,,,,,,,,,,,,,,,,,,,,,,,,,,,,,,
9385,2019,4,8,17,45,13.9,78,233,121,1.4000000000000001,,,,,,,,,,,,,,,,,,,,,,,,,,,,,,,,,,,,
9386,2019,4,8,18,0,13.200000000000001,61,176,86,1.5,,,,,,,,,,,,,,,,,,,,,,,,,,,,,,,,,,,,
9387,2019,4,8,18,15,12.8,43,117,55,1.7000000000000002,,,,,,,,,,,,,,,,,,,,,,,,,,,,,,,,,,,,
9388,2019,4,8,18,30,12.4,24,60,28,1.8,,,,,,,,,,,,,,,,,,,,,,,,,,,,,,,,,,,,
9389,2019,4,8,18,45,12,9,16,9,2,,,,,,,,,,,,,,,,,,,,,,,,,,,,,,,,,,,,
9390,2019,4,8,19,0,11.5,0,0,0,2.1,,,,,,,,,,,,,,,,,,,,,,,,,,,,,,,,,,,,
9391,2019,4,8,19,15,11.3,0,0,0,2.3000000000000003,,,,,,,,,,,,,,,,,,,,,,,,,,,,,,,,,,,,
9392,2019,4,8,19,30,11,0,0,0,2.4000000000000004,,,,,,,,,,,,,,,,,,,,,,,,,,,,,,,,,,,,
9393,2019,4,8,19,45,10.700000000000001,0,0,0,2.6,,,,,,,,,,,,,,,,,,,,,,,,,,,,,,,,,,,,
9394,2019,4,8,20,0,10.4,0,0,0,2.8000000000000003,,,,,,,,,,,,,,,,,,,,,,,,,,,,,,,,,,,,
9395,2019,4,8,20,15,10.100000000000001,0,0,0,2.8000000000000003,,,,,,,,,,,,,,,,,,,,,,,,,,,,,,,,,,,,
9396,2019,4,8,20,30,9.8,0,0,0,2.9000000000000004,,,,,,,,,,,,,,,,,,,,,,,,,,,,,,,,,,,,
9397,2019,4,8,20,45,9.5,0,0,0,3,,,,,,,,,,,,,,,,,,,,,,,,,,,,,,,,,,,,
9398,2019,4,8,21,0,9.1,0,0,0,3.1,,,,,,,,,,,,,,,,,,,,,,,,,,,,,,,,,,,,
9399,2019,4,8,21,15,8.8,0,0,0,3.1,,,,,,,,,,,,,,,,,,,,,,,,,,,,,,,,,,,,
9400,2019,4,8,21,30,8.5,0,0,0,3.2,,,,,,,,,,,,,,,,,,,,,,,,,,,,,,,,,,,,
9401,2019,4,8,21,45,8.200000000000001,0,0,0,3.2,,,,,,,,,,,,,,,,,,,,,,,,,,,,,,,,,,,,
9402,2019,4,8,22,0,7.9,0,0,0,3.2,,,,,,,,,,,,,,,,,,,,,,,,,,,,,,,,,,,,
9403,2019,4,8,22,15,7.6000000000000005,0,0,0,3.2,,,,,,,,,,,,,,,,,,,,,,,,,,,,,,,,,,,,
9404,2019,4,8,22,30,7.300000000000001,0,0,0,3.1,,,,,,,,,,,,,,,,,,,,,,,,,,,,,,,,,,,,
9405,2019,4,8,22,45,6.9,0,0,0,3.1,,,,,,,,,,,,,,,,,,,,,,,,,,,,,,,,,,,,
9406,2019,4,8,23,0,6.6000000000000005,0,0,0,3,,,,,,,,,,,,,,,,,,,,,,,,,,,,,,,,,,,,
9407,2019,4,8,23,15,6.4,0,0,0,2.9000000000000004,,,,,,,,,,,,,,,,,,,,,,,,,,,,,,,,,,,,
9408,2019,4,8,23,30,6.1000000000000005,0,0,0,2.8000000000000003,,,,,,,,,,,,,,,,,,,,,,,,,,,,,,,,,,,,
9409,2019,4,8,23,45,5.800000000000001,0,0,0,2.7,,,,,,,,,,,,,,,,,,,,,,,,,,,,,,,,,,,,
9410,2019,4,9,0,0,5.6000000000000005,0,0,0,2.6,,,,,,,,,,,,,,,,,,,,,,,,,,,,,,,,,,,,
9411,2019,4,9,0,15,5.6000000000000005,0,0,0,2.6,,,,,,,,,,,,,,,,,,,,,,,,,,,,,,,,,,,,
9412,2019,4,9,0,30,5.6000000000000005,0,0,0,2.6,,,,,,,,,,,,,,,,,,,,,,,,,,,,,,,,,,,,
9413,2019,4,9,0,45,5.6000000000000005,0,0,0,2.6,,,,,,,,,,,,,,,,,,,,,,,,,,,,,,,,,,,,
9414,2019,4,9,1,0,4.800000000000001,0,0,0,2.3000000000000003,,,,,,,,,,,,,,,,,,,,,,,,,,,,,,,,,,,,
9415,2019,4,9,1,15,4.6000000000000005,0,0,0,2.3000000000000003,,,,,,,,,,,,,,,,,,,,,,,,,,,,,,,,,,,,
9416,2019,4,9,1,30,4.4,0,0,0,2.3000000000000003,,,,,,,,,,,,,,,,,,,,,,,,,,,,,,,,,,,,
9417,2019,4,9,1,45,4.3,0,0,0,2.3000000000000003,,,,,,,,,,,,,,,,,,,,,,,,,,,,,,,,,,,,
9418,2019,4,9,2,0,4.1000000000000005,0,0,0,2.3000000000000003,,,,,,,,,,,,,,,,,,,,,,,,,,,,,,,,,,,,
9419,2019,4,9,2,15,4,0,0,0,2.3000000000000003,,,,,,,,,,,,,,,,,,,,,,,,,,,,,,,,,,,,
9420,2019,4,9,2,30,3.9000000000000004,0,0,0,2.3000000000000003,,,,,,,,,,,,,,,,,,,,,,,,,,,,,,,,,,,,
9421,2019,4,9,2,45,3.9000000000000004,0,0,0,2.4000000000000004,,,,,,,,,,,,,,,,,,,,,,,,,,,,,,,,,,,,
9422,2019,4,9,3,0,3.8000000000000003,0,0,0,2.4000000000000004,,,,,,,,,,,,,,,,,,,,,,,,,,,,,,,,,,,,
9423,2019,4,9,3,15,3.7,0,0,0,2.5,,,,,,,,,,,,,,,,,,,,,,,,,,,,,,,,,,,,
9424,2019,4,9,3,30,3.6,0,0,0,2.6,,,,,,,,,,,,,,,,,,,,,,,,,,,,,,,,,,,,
9425,2019,4,9,3,45,3.6,0,0,0,2.7,,,,,,,,,,,,,,,,,,,,,,,,,,,,,,,,,,,,
9426,2019,4,9,4,0,3.5,0,0,0,2.8000000000000003,,,,,,,,,,,,,,,,,,,,,,,,,,,,,,,,,,,,
9427,2019,4,9,4,15,3.5,0,0,0,2.8000000000000003,,,,,,,,,,,,,,,,,,,,,,,,,,,,,,,,,,,,
9428,2019,4,9,4,30,3.4000000000000004,0,0,0,2.9000000000000004,,,,,,,,,,,,,,,,,,,,,,,,,,,,,,,,,,,,
9429,2019,4,9,4,45,3.3000000000000003,0,0,0,2.9000000000000004,,,,,,,,,,,,,,,,,,,,,,,,,,,,,,,,,,,,
9430,2019,4,9,5,0,3.3000000000000003,0,0,0,3,,,,,,,,,,,,,,,,,,,,,,,,,,,,,,,,,,,,
9431,2019,4,9,5,15,3.3000000000000003,0,0,0,3,,,,,,,,,,,,,,,,,,,,,,,,,,,,,,,,,,,,
9432,2019,4,9,5,30,3.3000000000000003,0,0,0,3,,,,,,,,,,,,,,,,,,,,,,,,,,,,,,,,,,,,
9433,2019,4,9,5,45,3.3000000000000003,8,11,8,3.1,,,,,,,,,,,,,,,,,,,,,,,,,,,,,,,,,,,,
9434,2019,4,9,6,0,3.4000000000000004,23,46,26,3.1,,,,,,,,,,,,,,,,,,,,,,,,,,,,,,,,,,,,
9435,2019,4,9,6,15,3.5,42,95,52,3.1,,,,,,,,,,,,,,,,,,,,,,,,,,,,,,,,,,,,
9436,2019,4,9,6,30,3.6,62,149,83,3.1,,,,,,,,,,,,,,,,,,,,,,,,,,,,,,,,,,,,
9437,2019,4,9,6,45,3.7,82,194,117,3.2,,,,,,,,,,,,,,,,,,,,,,,,,,,,,,,,,,,,
9438,2019,4,9,7,0,3.8000000000000003,100,244,154,3.2,,,,,,,,,,,,,,,,,,,,,,,,,,,,,,,,,,,,
9439,2019,4,9,7,15,4.1000000000000005,15,0,15,3.2,,,,,,,,,,,,,,,,,,,,,,,,,,,,,,,,,,,,
9440,2019,4,9,7,30,4.3,19,0,19,3.2,,,,,,,,,,,,,,,,,,,,,,,,,,,,,,,,,,,,
9441,2019,4,9,7,45,4.5,22,0,22,3.2,,,,,,,,,,,,,,,,,,,,,,,,,,,,,,,,,,,,
9442,2019,4,9,8,0,4.800000000000001,26,0,26,3.3000000000000003,,,,,,,,,,,,,,,,,,,,,,,,,,,,,,,,,,,,
9443,2019,4,9,8,15,5.2,30,0,30,3.3000000000000003,,,,,,,,,,,,,,,,,,,,,,,,,,,,,,,,,,,,
9444,2019,4,9,8,30,5.6000000000000005,34,0,34,3.3000000000000003,,,,,,,,,,,,,,,,,,,,,,,,,,,,,,,,,,,,
9445,2019,4,9,8,45,6,37,0,37,3.3000000000000003,,,,,,,,,,,,,,,,,,,,,,,,,,,,,,,,,,,,
9446,2019,4,9,9,0,6.4,41,0,41,3.3000000000000003,,,,,,,,,,,,,,,,,,,,,,,,,,,,,,,,,,,,
9447,2019,4,9,9,15,6.9,45,0,45,3.4000000000000004,,,,,,,,,,,,,,,,,,,,,,,,,,,,,,,,,,,,
9448,2019,4,9,9,30,7.4,48,0,48,3.4000000000000004,,,,,,,,,,,,,,,,,,,,,,,,,,,,,,,,,,,,
9449,2019,4,9,9,45,7.9,259,246,404,3.4000000000000004,,,,,,,,,,,,,,,,,,,,,,,,,,,,,,,,,,,,
9450,2019,4,9,10,0,8.5,271,255,428,3.4000000000000004,,,,,,,,,,,,,,,,,,,,,,,,,,,,,,,,,,,,
9451,2019,4,9,10,15,9,282,263,449,3.4000000000000004,,,,,,,,,,,,,,,,,,,,,,,,,,,,,,,,,,,,
9452,2019,4,9,10,30,9.5,292,270,468,3.5,,,,,,,,,,,,,,,,,,,,,,,,,,,,,,,,,,,,
9453,2019,4,9,10,45,10,301,275,485,3.5,,,,,,,,,,,,,,,,,,,,,,,,,,,,,,,,,,,,
9454,2019,4,9,11,0,10.5,309,280,500,3.5,,,,,,,,,,,,,,,,,,,,,,,,,,,,,,,,,,,,
9455,2019,4,9,11,15,10.9,315,284,512,3.6,,,,,,,,,,,,,,,,,,,,,,,,,,,,,,,,,,,,
9456,2019,4,9,11,30,11.200000000000001,202,712,704,3.6,,,,,,,,,,,,,,,,,,,,,,,,,,,,,,,,,,,,
9457,2019,4,9,11,45,11.5,194,733,715,3.6,,,,,,,,,,,,,,,,,,,,,,,,,,,,,,,,,,,,
9458,2019,4,9,12,0,11.9,194,735,720,3.6,,,,,,,,,,,,,,,,,,,,,,,,,,,,,,,,,,,,
9459,2019,4,9,12,15,12.100000000000001,195,736,722,3.7,,,,,,,,,,,,,,,,,,,,,,,,,,,,,,,,,,,,
9460,2019,4,9,12,30,12.3,309,354,563,3.7,,,,,,,,,,,,,,,,,,,,,,,,,,,,,,,,,,,,
9461,2019,4,9,12,45,12.5,318,313,541,3.7,,,,,,,,,,,,,,,,,,,,,,,,,,,,,,,,,,,,
9462,2019,4,9,13,0,12.700000000000001,306,345,550,3.7,,,,,,,,,,,,,,,,,,,,,,,,,,,,,,,,,,,,
9463,2019,4,9,13,15,12.700000000000001,316,282,512,3.8000000000000003,,,,,,,,,,,,,,,,,,,,,,,,,,,,,,,,,,,,
9464,2019,4,9,13,30,12.8,310,278,501,3.8000000000000003,,,,,,,,,,,,,,,,,,,,,,,,,,,,,,,,,,,,
9465,2019,4,9,13,45,12.9,303,273,486,3.8000000000000003,,,,,,,,,,,,,,,,,,,,,,,,,,,,,,,,,,,,
9466,2019,4,9,14,0,12.9,294,270,471,3.8000000000000003,,,,,,,,,,,,,,,,,,,,,,,,,,,,,,,,,,,,
9467,2019,4,9,14,15,12.9,175,708,625,3.8000000000000003,,,,,,,,,,,,,,,,,,,,,,,,,,,,,,,,,,,,
9468,2019,4,9,14,30,12.8,281,195,401,3.8000000000000003,,,,,,,,,,,,,,,,,,,,,,,,,,,,,,,,,,,,
9469,2019,4,9,14,45,12.8,254,287,424,3.9000000000000004,,,,,,,,,,,,,,,,,,,,,,,,,,,,,,,,,,,,
9470,2019,4,9,15,0,12.700000000000001,237,302,409,3.9000000000000004,,,,,,,,,,,,,,,,,,,,,,,,,,,,,,,,,,,,
9471,2019,4,9,15,15,12.600000000000001,228,271,374,3.9000000000000004,,,,,,,,,,,,,,,,,,,,,,,,,,,,,,,,,,,,
9472,2019,4,9,15,30,12.4,149,652,481,3.9000000000000004,,,,,,,,,,,,,,,,,,,,,,,,,,,,,,,,,,,,
9473,2019,4,9,15,45,12.3,137,650,448,3.9000000000000004,,,,,,,,,,,,,,,,,,,,,,,,,,,,,,,,,,,,
9474,2019,4,9,16,0,12.100000000000001,131,626,411,3.8000000000000003,,,,,,,,,,,,,,,,,,,,,,,,,,,,,,,,,,,,
9475,2019,4,9,16,15,11.8,125,599,372,3.7,,,,,,,,,,,,,,,,,,,,,,,,,,,,,,,,,,,,
9476,2019,4,9,16,30,11.5,119,571,335,3.6,,,,,,,,,,,,,,,,,,,,,,,,,,,,,,,,,,,,
9477,2019,4,9,16,45,11.200000000000001,128,264,218,3.5,,,,,,,,,,,,,,,,,,,,,,,,,,,,,,,,,,,,
9478,2019,4,9,17,0,11,97,520,255,3.4000000000000004,,,,,,,,,,,,,,,,,,,,,,,,,,,,,,,,,,,,
9479,2019,4,9,17,15,10.3,88,475,214,3.1,,,,,,,,,,,,,,,,,,,,,,,,,,,,,,,,,,,,
9480,2019,4,9,17,30,9.600000000000001,79,422,175,2.8000000000000003,,,,,,,,,,,,,,,,,,,,,,,,,,,,,,,,,,,,
9481,2019,4,9,17,45,8.9,68,141,94,2.6,,,,,,,,,,,,,,,,,,,,,,,,,,,,,,,,,,,,
9482,2019,4,9,18,0,8.200000000000001,52,105,68,2.3000000000000003,,,,,,,,,,,,,,,,,,,,,,,,,,,,,,,,,,,,
9483,2019,4,9,18,15,7.6000000000000005,37,69,45,2.3000000000000003,,,,,,,,,,,,,,,,,,,,,,,,,,,,,,,,,,,,
9484,2019,4,9,18,30,7.1000000000000005,24,14,25,2.3000000000000003,,,,,,,,,,,,,,,,,,,,,,,,,,,,,,,,,,,,
9485,2019,4,9,18,45,6.6000000000000005,9,10,9,2.4000000000000004,,,,,,,,,,,,,,,,,,,,,,,,,,,,,,,,,,,,
9486,2019,4,9,19,0,6.1000000000000005,0,0,0,2.4000000000000004,,,,,,,,,,,,,,,,,,,,,,,,,,,,,,,,,,,,
9487,2019,4,9,19,15,5.9,0,0,0,2.5,,,,,,,,,,,,,,,,,,,,,,,,,,,,,,,,,,,,
9488,2019,4,9,19,30,5.6000000000000005,0,0,0,2.6,,,,,,,,,,,,,,,,,,,,,,,,,,,,,,,,,,,,
9489,2019,4,9,19,45,5.4,0,0,0,2.7,,,,,,,,,,,,,,,,,,,,,,,,,,,,,,,,,,,,
9490,2019,4,9,20,0,5.2,0,0,0,2.7,,,,,,,,,,,,,,,,,,,,,,,,,,,,,,,,,,,,
9491,2019,4,9,20,15,5,0,0,0,2.7,,,,,,,,,,,,,,,,,,,,,,,,,,,,,,,,,,,,
9492,2019,4,9,20,30,4.7,0,0,0,2.7,,,,,,,,,,,,,,,,,,,,,,,,,,,,,,,,,,,,
9493,2019,4,9,20,45,4.4,0,0,0,2.7,,,,,,,,,,,,,,,,,,,,,,,,,,,,,,,,,,,,
9494,2019,4,9,21,0,4.2,0,0,0,2.6,,,,,,,,,,,,,,,,,,,,,,,,,,,,,,,,,,,,
9495,2019,4,9,21,15,4,0,0,0,2.6,,,,,,,,,,,,,,,,,,,,,,,,,,,,,,,,,,,,
9496,2019,4,9,21,30,3.7,0,0,0,2.5,,,,,,,,,,,,,,,,,,,,,,,,,,,,,,,,,,,,
9497,2019,4,9,21,45,3.5,0,0,0,2.5,,,,,,,,,,,,,,,,,,,,,,,,,,,,,,,,,,,,
9498,2019,4,9,22,0,3.2,0,0,0,2.4000000000000004,,,,,,,,,,,,,,,,,,,,,,,,,,,,,,,,,,,,
9499,2019,4,9,22,15,3,0,0,0,2.4000000000000004,,,,,,,,,,,,,,,,,,,,,,,,,,,,,,,,,,,,
9500,2019,4,9,22,30,2.8000000000000003,0,0,0,2.3000000000000003,,,,,,,,,,,,,,,,,,,,,,,,,,,,,,,,,,,,
9501,2019,4,9,22,45,2.5,0,0,0,2.3000000000000003,,,,,,,,,,,,,,,,,,,,,,,,,,,,,,,,,,,,
9502,2019,4,9,23,0,2.3000000000000003,0,0,0,2.2,,,,,,,,,,,,,,,,,,,,,,,,,,,,,,,,,,,,
9503,2019,4,9,23,15,2.1,0,0,0,2.2,,,,,,,,,,,,,,,,,,,,,,,,,,,,,,,,,,,,
9504,2019,4,9,23,30,1.8,0,0,0,2.2,,,,,,,,,,,,,,,,,,,,,,,,,,,,,,,,,,,,
9505,2019,4,9,23,45,1.6,0,0,0,2.1,,,,,,,,,,,,,,,,,,,,,,,,,,,,,,,,,,,,
9506,2019,4,10,0,0,1.4000000000000001,0,0,0,2.1,,,,,,,,,,,,,,,,,,,,,,,,,,,,,,,,,,,,
9507,2019,4,10,0,15,1.4000000000000001,0,0,0,2.1,,,,,,,,,,,,,,,,,,,,,,,,,,,,,,,,,,,,
9508,2019,4,10,0,30,1.4000000000000001,0,0,0,2.1,,,,,,,,,,,,,,,,,,,,,,,,,,,,,,,,,,,,
9509,2019,4,10,0,45,1.4000000000000001,0,0,0,2.1,,,,,,,,,,,,,,,,,,,,,,,,,,,,,,,,,,,,
9510,2019,4,10,1,0,0.6000000000000001,0,0,0,1.9000000000000001,,,,,,,,,,,,,,,,,,,,,,,,,,,,,,,,,,,,
9511,2019,4,10,1,15,0.5,0,0,0,2,,,,,,,,,,,,,,,,,,,,,,,,,,,,,,,,,,,,
9512,2019,4,10,1,30,0.4,0,0,0,2,,,,,,,,,,,,,,,,,,,,,,,,,,,,,,,,,,,,
9513,2019,4,10,1,45,0.4,0,0,0,2,,,,,,,,,,,,,,,,,,,,,,,,,,,,,,,,,,,,
9514,2019,4,10,2,0,0.30000000000000004,0,0,0,2,,,,,,,,,,,,,,,,,,,,,,,,,,,,,,,,,,,,
9515,2019,4,10,2,15,0.30000000000000004,0,0,0,2.1,,,,,,,,,,,,,,,,,,,,,,,,,,,,,,,,,,,,
9516,2019,4,10,2,30,0.4,0,0,0,2.2,,,,,,,,,,,,,,,,,,,,,,,,,,,,,,,,,,,,
9517,2019,4,10,2,45,0.4,0,0,0,2.3000000000000003,,,,,,,,,,,,,,,,,,,,,,,,,,,,,,,,,,,,
9518,2019,4,10,3,0,0.4,0,0,0,2.4000000000000004,,,,,,,,,,,,,,,,,,,,,,,,,,,,,,,,,,,,
9519,2019,4,10,3,15,0.4,0,0,0,2.4000000000000004,,,,,,,,,,,,,,,,,,,,,,,,,,,,,,,,,,,,
9520,2019,4,10,3,30,0.4,0,0,0,2.4000000000000004,,,,,,,,,,,,,,,,,,,,,,,,,,,,,,,,,,,,
9521,2019,4,10,3,45,0.30000000000000004,0,0,0,2.4000000000000004,,,,,,,,,,,,,,,,,,,,,,,,,,,,,,,,,,,,
9522,2019,4,10,4,0,0.30000000000000004,0,0,0,2.4000000000000004,,,,,,,,,,,,,,,,,,,,,,,,,,,,,,,,,,,,
9523,2019,4,10,4,15,0.2,0,0,0,2.4000000000000004,,,,,,,,,,,,,,,,,,,,,,,,,,,,,,,,,,,,
9524,2019,4,10,4,30,0.1,0,0,0,2.4000000000000004,,,,,,,,,,,,,,,,,,,,,,,,,,,,,,,,,,,,
9525,2019,4,10,4,45,0.1,0,0,0,2.4000000000000004,,,,,,,,,,,,,,,,,,,,,,,,,,,,,,,,,,,,
9526,2019,4,10,5,0,0,0,0,0,2.3000000000000003,,,,,,,,,,,,,,,,,,,,,,,,,,,,,,,,,,,,
9527,2019,4,10,5,15,0.1,0,0,0,2.4000000000000004,,,,,,,,,,,,,,,,,,,,,,,,,,,,,,,,,,,,
9528,2019,4,10,5,30,0.2,0,0,0,2.4000000000000004,,,,,,,,,,,,,,,,,,,,,,,,,,,,,,,,,,,,
9529,2019,4,10,5,45,0.30000000000000004,14,90,17,2.5,,,,,,,,,,,,,,,,,,,,,,,,,,,,,,,,,,,,
9530,2019,4,10,6,0,0.4,27,202,41,2.5,,,,,,,,,,,,,,,,,,,,,,,,,,,,,,,,,,,,
9531,2019,4,10,6,15,0.9,39,305,72,2.6,,,,,,,,,,,,,,,,,,,,,,,,,,,,,,,,,,,,
9532,2019,4,10,6,30,1.3,49,393,107,2.6,,,,,,,,,,,,,,,,,,,,,,,,,,,,,,,,,,,,
9533,2019,4,10,6,45,1.8,57,478,147,2.7,,,,,,,,,,,,,,,,,,,,,,,,,,,,,,,,,,,,
9534,2019,4,10,7,0,2.3000000000000003,65,540,187,2.8000000000000003,,,,,,,,,,,,,,,,,,,,,,,,,,,,,,,,,,,,
9535,2019,4,10,7,15,2.9000000000000004,90,0,90,2.8000000000000003,,,,,,,,,,,,,,,,,,,,,,,,,,,,,,,,,,,,
9536,2019,4,10,7,30,3.5,107,10,110,2.9000000000000004,,,,,,,,,,,,,,,,,,,,,,,,,,,,,,,,,,,,
9537,2019,4,10,7,45,4.2,136,87,166,3,,,,,,,,,,,,,,,,,,,,,,,,,,,,,,,,,,,,
9538,2019,4,10,8,0,4.800000000000001,154,102,193,3.1,,,,,,,,,,,,,,,,,,,,,,,,,,,,,,,,,,,,
9539,2019,4,10,8,15,5.4,164,251,268,3.2,,,,,,,,,,,,,,,,,,,,,,,,,,,,,,,,,,,,
9540,2019,4,10,8,30,5.9,93,770,438,3.2,,,,,,,,,,,,,,,,,,,,,,,,,,,,,,,,,,,,
9541,2019,4,10,8,45,6.5,96,794,477,3.3000000000000003,,,,,,,,,,,,,,,,,,,,,,,,,,,,,,,,,,,,
9542,2019,4,10,9,0,7.1000000000000005,99,813,514,3.4000000000000004,,,,,,,,,,,,,,,,,,,,,,,,,,,,,,,,,,,,
9543,2019,4,10,9,15,7.5,102,829,550,3.4000000000000004,,,,,,,,,,,,,,,,,,,,,,,,,,,,,,,,,,,,
9544,2019,4,10,9,30,7.9,104,843,583,3.5,,,,,,,,,,,,,,,,,,,,,,,,,,,,,,,,,,,,
9545,2019,4,10,9,45,8.3,107,853,614,3.5,,,,,,,,,,,,,,,,,,,,,,,,,,,,,,,,,,,,
9546,2019,4,10,10,0,8.700000000000001,109,864,642,3.6,,,,,,,,,,,,,,,,,,,,,,,,,,,,,,,,,,,,
9547,2019,4,10,10,15,8.9,266,349,490,3.6,,,,,,,,,,,,,,,,,,,,,,,,,,,,,,,,,,,,
9548,2019,4,10,10,30,9.200000000000001,294,274,474,3.6,,,,,,,,,,,,,,,,,,,,,,,,,,,,,,,,,,,,
9549,2019,4,10,10,45,9.5,303,280,491,3.6,,,,,,,,,,,,,,,,,,,,,,,,,,,,,,,,,,,,
9550,2019,4,10,11,0,9.700000000000001,207,8,213,3.6,,,,,,,,,,,,,,,,,,,,,,,,,,,,,,,,,,,,
9551,2019,4,10,11,15,9.9,257,21,272,3.6,,,,,,,,,,,,,,,,,,,,,,,,,,,,,,,,,,,,
9552,2019,4,10,11,30,10.100000000000001,225,11,233,3.6,,,,,,,,,,,,,,,,,,,,,,,,,,,,,,,,,,,,
9553,2019,4,10,11,45,10.3,228,12,236,3.6,,,,,,,,,,,,,,,,,,,,,,,,,,,,,,,,,,,,
9554,2019,4,10,12,0,10.5,268,23,284,3.6,,,,,,,,,,,,,,,,,,,,,,,,,,,,,,,,,,,,
9555,2019,4,10,12,15,10.600000000000001,269,23,285,3.6,,,,,,,,,,,,,,,,,,,,,,,,,,,,,,,,,,,,
9556,2019,4,10,12,30,10.8,290,34,314,3.6,,,,,,,,,,,,,,,,,,,,,,,,,,,,,,,,,,,,
9557,2019,4,10,12,45,10.9,310,53,348,3.6,,,,,,,,,,,,,,,,,,,,,,,,,,,,,,,,,,,,
9558,2019,4,10,13,0,11,329,94,396,3.6,,,,,,,,,,,,,,,,,,,,,,,,,,,,,,,,,,,,
9559,2019,4,10,13,15,11,257,21,272,3.6,,,,,,,,,,,,,,,,,,,,,,,,,,,,,,,,,,,,
9560,2019,4,10,13,30,11.100000000000001,323,120,406,3.6,,,,,,,,,,,,,,,,,,,,,,,,,,,,,,,,,,,,
9561,2019,4,10,13,45,11.100000000000001,263,29,283,3.6,,,,,,,,,,,,,,,,,,,,,,,,,,,,,,,,,,,,
9562,2019,4,10,14,0,11.100000000000001,307,185,429,3.6,,,,,,,,,,,,,,,,,,,,,,,,,,,,,,,,,,,,
9563,2019,4,10,14,15,11.100000000000001,147,0,147,3.6,,,,,,,,,,,,,,,,,,,,,,,,,,,,,,,,,,,,
9564,2019,4,10,14,30,11,278,95,337,3.6,,,,,,,,,,,,,,,,,,,,,,,,,,,,,,,,,,,,
9565,2019,4,10,14,45,11,270,126,345,3.6,,,,,,,,,,,,,,,,,,,,,,,,,,,,,,,,,,,,
9566,2019,4,10,15,0,10.9,194,12,200,3.6,,,,,,,,,,,,,,,,,,,,,,,,,,,,,,,,,,,,
9567,2019,4,10,15,15,10.700000000000001,221,321,395,3.6,,,,,,,,,,,,,,,,,,,,,,,,,,,,,,,,,,,,
9568,2019,4,10,15,30,10.600000000000001,202,37,221,3.6,,,,,,,,,,,,,,,,,,,,,,,,,,,,,,,,,,,,
9569,2019,4,10,15,45,10.4,204,81,243,3.6,,,,,,,,,,,,,,,,,,,,,,,,,,,,,,,,,,,,
9570,2019,4,10,16,0,10.3,96,757,437,3.6,,,,,,,,,,,,,,,,,,,,,,,,,,,,,,,,,,,,
9571,2019,4,10,16,15,10,174,121,225,3.5,,,,,,,,,,,,,,,,,,,,,,,,,,,,,,,,,,,,
9572,2019,4,10,16,30,9.8,150,51,170,3.4000000000000004,,,,,,,,,,,,,,,,,,,,,,,,,,,,,,,,,,,,
9573,2019,4,10,16,45,9.5,86,661,314,3.3000000000000003,,,,,,,,,,,,,,,,,,,,,,,,,,,,,,,,,,,,
9574,2019,4,10,17,0,9.200000000000001,80,623,272,3.2,,,,,,,,,,,,,,,,,,,,,,,,,,,,,,,,,,,,
9575,2019,4,10,17,15,8.6,74,579,230,2.9000000000000004,,,,,,,,,,,,,,,,,,,,,,,,,,,,,,,,,,,,
9576,2019,4,10,17,30,8,67,528,189,2.6,,,,,,,,,,,,,,,,,,,,,,,,,,,,,,,,,,,,
9577,2019,4,10,17,45,7.4,60,459,148,2.3000000000000003,,,,,,,,,,,,,,,,,,,,,,,,,,,,,,,,,,,,
9578,2019,4,10,18,0,6.7,51,388,110,2,,,,,,,,,,,,,,,,,,,,,,,,,,,,,,,,,,,,
9579,2019,4,10,18,15,6.300000000000001,40,303,74,2.1,,,,,,,,,,,,,,,,,,,,,,,,,,,,,,,,,,,,
9580,2019,4,10,18,30,5.9,17,0,17,2.1,,,,,,,,,,,,,,,,,,,,,,,,,,,,,,,,,,,,
9581,2019,4,10,18,45,5.5,16,86,19,2.2,,,,,,,,,,,,,,,,,,,,,,,,,,,,,,,,,,,,
9582,2019,4,10,19,0,5.1000000000000005,0,0,0,2.2,,,,,,,,,,,,,,,,,,,,,,,,,,,,,,,,,,,,
9583,2019,4,10,19,15,5,0,0,0,2.3000000000000003,,,,,,,,,,,,,,,,,,,,,,,,,,,,,,,,,,,,
9584,2019,4,10,19,30,4.800000000000001,0,0,0,2.4000000000000004,,,,,,,,,,,,,,,,,,,,,,,,,,,,,,,,,,,,
9585,2019,4,10,19,45,4.7,0,0,0,2.5,,,,,,,,,,,,,,,,,,,,,,,,,,,,,,,,,,,,
9586,2019,4,10,20,0,4.6000000000000005,0,0,0,2.6,,,,,,,,,,,,,,,,,,,,,,,,,,,,,,,,,,,,
9587,2019,4,10,20,15,4.4,0,0,0,2.6,,,,,,,,,,,,,,,,,,,,,,,,,,,,,,,,,,,,
9588,2019,4,10,20,30,4.2,0,0,0,2.6,,,,,,,,,,,,,,,,,,,,,,,,,,,,,,,,,,,,
9589,2019,4,10,20,45,4,0,0,0,2.6,,,,,,,,,,,,,,,,,,,,,,,,,,,,,,,,,,,,
9590,2019,4,10,21,0,3.8000000000000003,0,0,0,2.6,,,,,,,,,,,,,,,,,,,,,,,,,,,,,,,,,,,,
9591,2019,4,10,21,15,3.6,0,0,0,2.6,,,,,,,,,,,,,,,,,,,,,,,,,,,,,,,,,,,,
9592,2019,4,10,21,30,3.3000000000000003,0,0,0,2.6,,,,,,,,,,,,,,,,,,,,,,,,,,,,,,,,,,,,
9593,2019,4,10,21,45,3.1,0,0,0,2.6,,,,,,,,,,,,,,,,,,,,,,,,,,,,,,,,,,,,
9594,2019,4,10,22,0,2.9000000000000004,0,0,0,2.6,,,,,,,,,,,,,,,,,,,,,,,,,,,,,,,,,,,,
9595,2019,4,10,22,15,2.6,0,0,0,2.5,,,,,,,,,,,,,,,,,,,,,,,,,,,,,,,,,,,,
9596,2019,4,10,22,30,2.3000000000000003,0,0,0,2.5,,,,,,,,,,,,,,,,,,,,,,,,,,,,,,,,,,,,
9597,2019,4,10,22,45,2.1,0,0,0,2.5,,,,,,,,,,,,,,,,,,,,,,,,,,,,,,,,,,,,
9598,2019,4,10,23,0,1.8,0,0,0,2.4000000000000004,,,,,,,,,,,,,,,,,,,,,,,,,,,,,,,,,,,,
9599,2019,4,10,23,15,1.6,0,0,0,2.4000000000000004,,,,,,,,,,,,,,,,,,,,,,,,,,,,,,,,,,,,
9600,2019,4,10,23,30,1.3,0,0,0,2.3000000000000003,,,,,,,,,,,,,,,,,,,,,,,,,,,,,,,,,,,,
9601,2019,4,10,23,45,1,0,0,0,2.3000000000000003,,,,,,,,,,,,,,,,,,,,,,,,,,,,,,,,,,,,
9602,2019,4,11,0,0,0.8,0,0,0,2.2,,,,,,,,,,,,,,,,,,,,,,,,,,,,,,,,,,,,
9603,2019,4,11,0,15,0.8,0,0,0,2.2,,,,,,,,,,,,,,,,,,,,,,,,,,,,,,,,,,,,
9604,2019,4,11,0,30,0.8,0,0,0,2.2,,,,,,,,,,,,,,,,,,,,,,,,,,,,,,,,,,,,
9605,2019,4,11,0,45,0.8,0,0,0,2.2,,,,,,,,,,,,,,,,,,,,,,,,,,,,,,,,,,,,
9606,2019,4,11,1,0,-0.2,0,0,0,2.1,,,,,,,,,,,,,,,,,,,,,,,,,,,,,,,,,,,,
9607,2019,4,11,1,15,-0.30000000000000004,0,0,0,2,,,,,,,,,,,,,,,,,,,,,,,,,,,,,,,,,,,,
9608,2019,4,11,1,30,-0.5,0,0,0,2,,,,,,,,,,,,,,,,,,,,,,,,,,,,,,,,,,,,
9609,2019,4,11,1,45,-0.7000000000000001,0,0,0,1.9000000000000001,,,,,,,,,,,,,,,,,,,,,,,,,,,,,,,,,,,,
9610,2019,4,11,2,0,-0.9,0,0,0,1.9000000000000001,,,,,,,,,,,,,,,,,,,,,,,,,,,,,,,,,,,,
9611,2019,4,11,2,15,-1,0,0,0,1.9000000000000001,,,,,,,,,,,,,,,,,,,,,,,,,,,,,,,,,,,,
9612,2019,4,11,2,30,-1.2000000000000002,0,0,0,1.8,,,,,,,,,,,,,,,,,,,,,,,,,,,,,,,,,,,,
9613,2019,4,11,2,45,-1.4000000000000001,0,0,0,1.8,,,,,,,,,,,,,,,,,,,,,,,,,,,,,,,,,,,,
9614,2019,4,11,3,0,-1.5,0,0,0,1.7000000000000002,,,,,,,,,,,,,,,,,,,,,,,,,,,,,,,,,,,,
9615,2019,4,11,3,15,-1.7000000000000002,0,0,0,1.7000000000000002,,,,,,,,,,,,,,,,,,,,,,,,,,,,,,,,,,,,
9616,2019,4,11,3,30,-1.8,0,0,0,1.6,,,,,,,,,,,,,,,,,,,,,,,,,,,,,,,,,,,,
9617,2019,4,11,3,45,-2,0,0,0,1.6,,,,,,,,,,,,,,,,,,,,,,,,,,,,,,,,,,,,
9618,2019,4,11,4,0,-2.1,0,0,0,1.5,,,,,,,,,,,,,,,,,,,,,,,,,,,,,,,,,,,,
9619,2019,4,11,4,15,-2.2,0,0,0,1.5,,,,,,,,,,,,,,,,,,,,,,,,,,,,,,,,,,,,
9620,2019,4,11,4,30,-2.3000000000000003,0,0,0,1.5,,,,,,,,,,,,,,,,,,,,,,,,,,,,,,,,,,,,
9621,2019,4,11,4,45,-2.3000000000000003,0,0,0,1.5,,,,,,,,,,,,,,,,,,,,,,,,,,,,,,,,,,,,
9622,2019,4,11,5,0,-2.4000000000000004,0,0,0,1.5,,,,,,,,,,,,,,,,,,,,,,,,,,,,,,,,,,,,
9623,2019,4,11,5,15,-1.9000000000000001,0,0,0,1.7000000000000002,,,,,,,,,,,,,,,,,,,,,,,,,,,,,,,,,,,,
9624,2019,4,11,5,30,-1.4000000000000001,0,0,0,2,,,,,,,,,,,,,,,,,,,,,,,,,,,,,,,,,,,,
9625,2019,4,11,5,45,-1,2,0,2,2.2,,,,,,,,,,,,,,,,,,,,,,,,,,,,,,,,,,,,
9626,2019,4,11,6,0,-0.5,4,0,4,2.5,,,,,,,,,,,,,,,,,,,,,,,,,,,,,,,,,,,,
9627,2019,4,11,6,15,0.1,6,0,6,2.6,,,,,,,,,,,,,,,,,,,,,,,,,,,,,,,,,,,,
9628,2019,4,11,6,30,0.8,8,0,8,2.8000000000000003,,,,,,,,,,,,,,,,,,,,,,,,,,,,,,,,,,,,
9629,2019,4,11,6,45,1.4000000000000001,11,0,11,2.9000000000000004,,,,,,,,,,,,,,,,,,,,,,,,,,,,,,,,,,,,
9630,2019,4,11,7,0,2,13,0,13,3.1,,,,,,,,,,,,,,,,,,,,,,,,,,,,,,,,,,,,
9631,2019,4,11,7,15,2.6,17,0,17,3.3000000000000003,,,,,,,,,,,,,,,,,,,,,,,,,,,,,,,,,,,,
9632,2019,4,11,7,30,3.3000000000000003,20,0,20,3.5,,,,,,,,,,,,,,,,,,,,,,,,,,,,,,,,,,,,
9633,2019,4,11,7,45,3.9000000000000004,24,0,24,3.7,,,,,,,,,,,,,,,,,,,,,,,,,,,,,,,,,,,,
9634,2019,4,11,8,0,4.5,28,0,28,3.9000000000000004,,,,,,,,,,,,,,,,,,,,,,,,,,,,,,,,,,,,
9635,2019,4,11,8,15,4.800000000000001,31,0,31,3.9000000000000004,,,,,,,,,,,,,,,,,,,,,,,,,,,,,,,,,,,,
9636,2019,4,11,8,30,5.2,35,0,35,4,,,,,,,,,,,,,,,,,,,,,,,,,,,,,,,,,,,,
9637,2019,4,11,8,45,5.5,209,135,275,4.1000000000000005,,,,,,,,,,,,,,,,,,,,,,,,,,,,,,,,,,,,
9638,2019,4,11,9,0,5.800000000000001,226,146,301,4.1000000000000005,,,,,,,,,,,,,,,,,,,,,,,,,,,,,,,,,,,,
9639,2019,4,11,9,15,6.1000000000000005,242,156,327,4.1000000000000005,,,,,,,,,,,,,,,,,,,,,,,,,,,,,,,,,,,,
9640,2019,4,11,9,30,6.300000000000001,257,165,352,4.1000000000000005,,,,,,,,,,,,,,,,,,,,,,,,,,,,,,,,,,,,
9641,2019,4,11,9,45,6.6000000000000005,271,173,375,4.1000000000000005,,,,,,,,,,,,,,,,,,,,,,,,,,,,,,,,,,,,
9642,2019,4,11,10,0,6.800000000000001,285,174,393,4.1000000000000005,,,,,,,,,,,,,,,,,,,,,,,,,,,,,,,,,,,,
9643,2019,4,11,10,15,7,297,180,413,4.1000000000000005,,,,,,,,,,,,,,,,,,,,,,,,,,,,,,,,,,,,
9644,2019,4,11,10,30,7.300000000000001,308,186,431,4.1000000000000005,,,,,,,,,,,,,,,,,,,,,,,,,,,,,,,,,,,,
9645,2019,4,11,10,45,7.5,183,4,186,4.1000000000000005,,,,,,,,,,,,,,,,,,,,,,,,,,,,,,,,,,,,
9646,2019,4,11,11,0,7.7,189,5,192,4,,,,,,,,,,,,,,,,,,,,,,,,,,,,,,,,,,,,
9647,2019,4,11,11,15,7.9,126,0,126,4,,,,,,,,,,,,,,,,,,,,,,,,,,,,,,,,,,,,
9648,2019,4,11,11,30,8,128,0,128,4,,,,,,,,,,,,,,,,,,,,,,,,,,,,,,,,,,,,
9649,2019,4,11,11,45,8.200000000000001,162,2,163,4,,,,,,,,,,,,,,,,,,,,,,,,,,,,,,,,,,,,
9650,2019,4,11,12,0,8.4,163,2,165,4,,,,,,,,,,,,,,,,,,,,,,,,,,,,,,,,,,,,
9651,2019,4,11,12,15,8.4,129,0,129,4,,,,,,,,,,,,,,,,,,,,,,,,,,,,,,,,,,,,
9652,2019,4,11,12,30,8.5,191,5,195,4,,,,,,,,,,,,,,,,,,,,,,,,,,,,,,,,,,,,
9653,2019,4,11,12,45,8.6,170,3,172,4,,,,,,,,,,,,,,,,,,,,,,,,,,,,,,,,,,,,
9654,2019,4,11,13,0,8.700000000000001,212,8,218,4,,,,,,,,,,,,,,,,,,,,,,,,,,,,,,,,,,,,
9655,2019,4,11,13,15,8.700000000000001,160,1,160,4,,,,,,,,,,,,,,,,,,,,,,,,,,,,,,,,,,,,
9656,2019,4,11,13,30,8.700000000000001,126,0,126,4,,,,,,,,,,,,,,,,,,,,,,,,,,,,,,,,,,,,
9657,2019,4,11,13,45,8.700000000000001,102,0,102,4,,,,,,,,,,,,,,,,,,,,,,,,,,,,,,,,,,,,
9658,2019,4,11,14,0,8.700000000000001,83,0,83,4,,,,,,,,,,,,,,,,,,,,,,,,,,,,,,,,,,,,
9659,2019,4,11,14,15,8.6,85,0,85,3.9000000000000004,,,,,,,,,,,,,,,,,,,,,,,,,,,,,,,,,,,,
9660,2019,4,11,14,30,8.4,72,0,72,3.9000000000000004,,,,,,,,,,,,,,,,,,,,,,,,,,,,,,,,,,,,
9661,2019,4,11,14,45,8.3,79,0,79,3.9000000000000004,,,,,,,,,,,,,,,,,,,,,,,,,,,,,,,,,,,,
9662,2019,4,11,15,0,8.200000000000001,75,0,75,3.9000000000000004,,,,,,,,,,,,,,,,,,,,,,,,,,,,,,,,,,,,
9663,2019,4,11,15,15,8,79,0,79,3.9000000000000004,,,,,,,,,,,,,,,,,,,,,,,,,,,,,,,,,,,,
9664,2019,4,11,15,30,7.800000000000001,62,0,62,3.8000000000000003,,,,,,,,,,,,,,,,,,,,,,,,,,,,,,,,,,,,
9665,2019,4,11,15,45,7.6000000000000005,42,0,42,3.8000000000000003,,,,,,,,,,,,,,,,,,,,,,,,,,,,,,,,,,,,
9666,2019,4,11,16,0,7.4,42,0,42,3.8000000000000003,,,,,,,,,,,,,,,,,,,,,,,,,,,,,,,,,,,,
9667,2019,4,11,16,15,7.1000000000000005,31,0,31,3.7,,,,,,,,,,,,,,,,,,,,,,,,,,,,,,,,,,,,
9668,2019,4,11,16,30,6.9,27,0,27,3.6,,,,,,,,,,,,,,,,,,,,,,,,,,,,,,,,,,,,
9669,2019,4,11,16,45,6.6000000000000005,24,0,24,3.6,,,,,,,,,,,,,,,,,,,,,,,,,,,,,,,,,,,,
9670,2019,4,11,17,0,6.300000000000001,20,0,20,3.5,,,,,,,,,,,,,,,,,,,,,,,,,,,,,,,,,,,,
9671,2019,4,11,17,15,5.9,17,0,17,3.2,,,,,,,,,,,,,,,,,,,,,,,,,,,,,,,,,,,,
9672,2019,4,11,17,30,5.6000000000000005,13,0,13,3,,,,,,,,,,,,,,,,,,,,,,,,,,,,,,,,,,,,
9673,2019,4,11,17,45,5.2,11,0,11,2.7,,,,,,,,,,,,,,,,,,,,,,,,,,,,,,,,,,,,
9674,2019,4,11,18,0,4.800000000000001,8,0,8,2.5,,,,,,,,,,,,,,,,,,,,,,,,,,,,,,,,,,,,
9675,2019,4,11,18,15,4.5,6,0,6,2.4000000000000004,,,,,,,,,,,,,,,,,,,,,,,,,,,,,,,,,,,,
9676,2019,4,11,18,30,4.2,4,0,4,2.3000000000000003,,,,,,,,,,,,,,,,,,,,,,,,,,,,,,,,,,,,
9677,2019,4,11,18,45,3.9000000000000004,2,0,2,2.3000000000000003,,,,,,,,,,,,,,,,,,,,,,,,,,,,,,,,,,,,
9678,2019,4,11,19,0,3.6,0,0,0,2.2,,,,,,,,,,,,,,,,,,,,,,,,,,,,,,,,,,,,
9679,2019,4,11,19,15,3.5,0,0,0,2.3000000000000003,,,,,,,,,,,,,,,,,,,,,,,,,,,,,,,,,,,,
9680,2019,4,11,19,30,3.4000000000000004,0,0,0,2.3000000000000003,,,,,,,,,,,,,,,,,,,,,,,,,,,,,,,,,,,,
9681,2019,4,11,19,45,3.3000000000000003,0,0,0,2.4000000000000004,,,,,,,,,,,,,,,,,,,,,,,,,,,,,,,,,,,,
9682,2019,4,11,20,0,3.2,0,0,0,2.5,,,,,,,,,,,,,,,,,,,,,,,,,,,,,,,,,,,,
9683,2019,4,11,20,15,3,0,0,0,2.5,,,,,,,,,,,,,,,,,,,,,,,,,,,,,,,,,,,,
9684,2019,4,11,20,30,2.9000000000000004,0,0,0,2.5,,,,,,,,,,,,,,,,,,,,,,,,,,,,,,,,,,,,
9685,2019,4,11,20,45,2.7,0,0,0,2.5,,,,,,,,,,,,,,,,,,,,,,,,,,,,,,,,,,,,
9686,2019,4,11,21,0,2.6,0,0,0,2.5,,,,,,,,,,,,,,,,,,,,,,,,,,,,,,,,,,,,
9687,2019,4,11,21,15,2.4000000000000004,0,0,0,2.5,,,,,,,,,,,,,,,,,,,,,,,,,,,,,,,,,,,,
9688,2019,4,11,21,30,2.3000000000000003,0,0,0,2.4000000000000004,,,,,,,,,,,,,,,,,,,,,,,,,,,,,,,,,,,,
9689,2019,4,11,21,45,2.2,0,0,0,2.4000000000000004,,,,,,,,,,,,,,,,,,,,,,,,,,,,,,,,,,,,
9690,2019,4,11,22,0,2,0,0,0,2.4000000000000004,,,,,,,,,,,,,,,,,,,,,,,,,,,,,,,,,,,,
9691,2019,4,11,22,15,1.9000000000000001,0,0,0,2.3000000000000003,,,,,,,,,,,,,,,,,,,,,,,,,,,,,,,,,,,,
9692,2019,4,11,22,30,1.7000000000000002,0,0,0,2.3000000000000003,,,,,,,,,,,,,,,,,,,,,,,,,,,,,,,,,,,,
9693,2019,4,11,22,45,1.6,0,0,0,2.2,,,,,,,,,,,,,,,,,,,,,,,,,,,,,,,,,,,,
9694,2019,4,11,23,0,1.4000000000000001,0,0,0,2.2,,,,,,,,,,,,,,,,,,,,,,,,,,,,,,,,,,,,
9695,2019,4,11,23,15,1.3,0,0,0,2.2,,,,,,,,,,,,,,,,,,,,,,,,,,,,,,,,,,,,
9696,2019,4,11,23,30,1.1,0,0,0,2.2,,,,,,,,,,,,,,,,,,,,,,,,,,,,,,,,,,,,
9697,2019,4,11,23,45,1,0,0,0,2.1,,,,,,,,,,,,,,,,,,,,,,,,,,,,,,,,,,,,
9698,2019,4,12,0,0,0.8,0,0,0,2.1,,,,,,,,,,,,,,,,,,,,,,,,,,,,,,,,,,,,
9699,2019,4,12,0,15,0.8,0,0,0,2.1,,,,,,,,,,,,,,,,,,,,,,,,,,,,,,,,,,,,
9700,2019,4,12,0,30,0.8,0,0,0,2.1,,,,,,,,,,,,,,,,,,,,,,,,,,,,,,,,,,,,
9701,2019,4,12,0,45,0.8,0,0,0,2.1,,,,,,,,,,,,,,,,,,,,,,,,,,,,,,,,,,,,
9702,2019,4,12,1,0,0.30000000000000004,0,0,0,2.1,,,,,,,,,,,,,,,,,,,,,,,,,,,,,,,,,,,,
9703,2019,4,12,1,15,0.2,0,0,0,2.1,,,,,,,,,,,,,,,,,,,,,,,,,,,,,,,,,,,,
9704,2019,4,12,1,30,0.1,0,0,0,2.1,,,,,,,,,,,,,,,,,,,,,,,,,,,,,,,,,,,,
9705,2019,4,12,1,45,0,0,0,0,2.2,,,,,,,,,,,,,,,,,,,,,,,,,,,,,,,,,,,,
9706,2019,4,12,2,0,-0.1,0,0,0,2.2,,,,,,,,,,,,,,,,,,,,,,,,,,,,,,,,,,,,
9707,2019,4,12,2,15,-0.1,0,0,0,2.2,,,,,,,,,,,,,,,,,,,,,,,,,,,,,,,,,,,,
9708,2019,4,12,2,30,-0.2,0,0,0,2.2,,,,,,,,,,,,,,,,,,,,,,,,,,,,,,,,,,,,
9709,2019,4,12,2,45,-0.2,0,0,0,2.2,,,,,,,,,,,,,,,,,,,,,,,,,,,,,,,,,,,,
9710,2019,4,12,3,0,-0.30000000000000004,0,0,0,2.2,,,,,,,,,,,,,,,,,,,,,,,,,,,,,,,,,,,,
9711,2019,4,12,3,15,-0.30000000000000004,0,0,0,2.2,,,,,,,,,,,,,,,,,,,,,,,,,,,,,,,,,,,,
9712,2019,4,12,3,30,-0.4,0,0,0,2.2,,,,,,,,,,,,,,,,,,,,,,,,,,,,,,,,,,,,
9713,2019,4,12,3,45,-0.4,0,0,0,2.2,,,,,,,,,,,,,,,,,,,,,,,,,,,,,,,,,,,,
9714,2019,4,12,4,0,-0.5,0,0,0,2.2,,,,,,,,,,,,,,,,,,,,,,,,,,,,,,,,,,,,
9715,2019,4,12,4,15,-0.5,0,0,0,2.3000000000000003,,,,,,,,,,,,,,,,,,,,,,,,,,,,,,,,,,,,
9716,2019,4,12,4,30,-0.5,0,0,0,2.3000000000000003,,,,,,,,,,,,,,,,,,,,,,,,,,,,,,,,,,,,
9717,2019,4,12,4,45,-0.5,0,0,0,2.3000000000000003,,,,,,,,,,,,,,,,,,,,,,,,,,,,,,,,,,,,
9718,2019,4,12,5,0,-0.6000000000000001,0,0,0,2.3000000000000003,,,,,,,,,,,,,,,,,,,,,,,,,,,,,,,,,,,,
9719,2019,4,12,5,15,-0.4,0,0,0,2.5,,,,,,,,,,,,,,,,,,,,,,,,,,,,,,,,,,,,
9720,2019,4,12,5,30,-0.2,0,0,0,2.6,,,,,,,,,,,,,,,,,,,,,,,,,,,,,,,,,,,,
9721,2019,4,12,5,45,-0.1,3,0,3,2.7,,,,,,,,,,,,,,,,,,,,,,,,,,,,,,,,,,,,
9722,2019,4,12,6,0,0.1,4,0,4,2.8000000000000003,,,,,,,,,,,,,,,,,,,,,,,,,,,,,,,,,,,,
9723,2019,4,12,6,15,0.5,6,0,6,2.9000000000000004,,,,,,,,,,,,,,,,,,,,,,,,,,,,,,,,,,,,
9724,2019,4,12,6,30,0.8,8,0,8,3,,,,,,,,,,,,,,,,,,,,,,,,,,,,,,,,,,,,
9725,2019,4,12,6,45,1.2000000000000002,11,0,11,3.1,,,,,,,,,,,,,,,,,,,,,,,,,,,,,,,,,,,,
9726,2019,4,12,7,0,1.5,14,0,14,3.2,,,,,,,,,,,,,,,,,,,,,,,,,,,,,,,,,,,,
9727,2019,4,12,7,15,1.9000000000000001,17,0,17,3.3000000000000003,,,,,,,,,,,,,,,,,,,,,,,,,,,,,,,,,,,,
9728,2019,4,12,7,30,2.2,20,0,20,3.4000000000000004,,,,,,,,,,,,,,,,,,,,,,,,,,,,,,,,,,,,
9729,2019,4,12,7,45,2.6,24,0,24,3.5,,,,,,,,,,,,,,,,,,,,,,,,,,,,,,,,,,,,
9730,2019,4,12,8,0,2.9000000000000004,28,0,28,3.6,,,,,,,,,,,,,,,,,,,,,,,,,,,,,,,,,,,,
9731,2019,4,12,8,15,3.1,32,0,32,3.6,,,,,,,,,,,,,,,,,,,,,,,,,,,,,,,,,,,,
9732,2019,4,12,8,30,3.3000000000000003,36,0,36,3.6,,,,,,,,,,,,,,,,,,,,,,,,,,,,,,,,,,,,
9733,2019,4,12,8,45,3.5,39,0,39,3.6,,,,,,,,,,,,,,,,,,,,,,,,,,,,,,,,,,,,
9734,2019,4,12,9,0,3.7,43,0,43,3.6,,,,,,,,,,,,,,,,,,,,,,,,,,,,,,,,,,,,
9735,2019,4,12,9,15,3.9000000000000004,47,0,47,3.6,,,,,,,,,,,,,,,,,,,,,,,,,,,,,,,,,,,,
9736,2019,4,12,9,30,4.1000000000000005,50,0,50,3.6,,,,,,,,,,,,,,,,,,,,,,,,,,,,,,,,,,,,
9737,2019,4,12,9,45,4.2,53,0,53,3.7,,,,,,,,,,,,,,,,,,,,,,,,,,,,,,,,,,,,
9738,2019,4,12,10,0,4.4,56,0,56,3.7,,,,,,,,,,,,,,,,,,,,,,,,,,,,,,,,,,,,
9739,2019,4,12,10,15,4.6000000000000005,58,0,58,3.7,,,,,,,,,,,,,,,,,,,,,,,,,,,,,,,,,,,,
9740,2019,4,12,10,30,4.7,61,0,61,3.7,,,,,,,,,,,,,,,,,,,,,,,,,,,,,,,,,,,,
9741,2019,4,12,10,45,4.9,63,0,63,3.7,,,,,,,,,,,,,,,,,,,,,,,,,,,,,,,,,,,,
9742,2019,4,12,11,0,5,64,0,64,3.7,,,,,,,,,,,,,,,,,,,,,,,,,,,,,,,,,,,,
9743,2019,4,12,11,15,5.2,65,0,65,3.7,,,,,,,,,,,,,,,,,,,,,,,,,,,,,,,,,,,,
9744,2019,4,12,11,30,5.300000000000001,66,0,66,3.7,,,,,,,,,,,,,,,,,,,,,,,,,,,,,,,,,,,,
9745,2019,4,12,11,45,5.4,67,0,67,3.7,,,,,,,,,,,,,,,,,,,,,,,,,,,,,,,,,,,,
9746,2019,4,12,12,0,5.5,69,0,69,3.7,,,,,,,,,,,,,,,,,,,,,,,,,,,,,,,,,,,,
9747,2019,4,12,12,15,5.5,69,0,69,3.7,,,,,,,,,,,,,,,,,,,,,,,,,,,,,,,,,,,,
9748,2019,4,12,12,30,5.6000000000000005,68,0,68,3.7,,,,,,,,,,,,,,,,,,,,,,,,,,,,,,,,,,,,
9749,2019,4,12,12,45,5.6000000000000005,68,0,68,3.7,,,,,,,,,,,,,,,,,,,,,,,,,,,,,,,,,,,,
9750,2019,4,12,13,0,5.7,67,0,67,3.7,,,,,,,,,,,,,,,,,,,,,,,,,,,,,,,,,,,,
9751,2019,4,12,13,15,5.7,66,0,66,3.7,,,,,,,,,,,,,,,,,,,,,,,,,,,,,,,,,,,,
9752,2019,4,12,13,30,5.6000000000000005,64,0,64,3.6,,,,,,,,,,,,,,,,,,,,,,,,,,,,,,,,,,,,
9753,2019,4,12,13,45,5.6000000000000005,73,0,73,3.6,,,,,,,,,,,,,,,,,,,,,,,,,,,,,,,,,,,,
9754,2019,4,12,14,0,5.6000000000000005,115,0,115,3.6,,,,,,,,,,,,,,,,,,,,,,,,,,,,,,,,,,,,
9755,2019,4,12,14,15,5.5,126,0,126,3.5,,,,,,,,,,,,,,,,,,,,,,,,,,,,,,,,,,,,
9756,2019,4,12,14,30,5.4,56,0,56,3.5,,,,,,,,,,,,,,,,,,,,,,,,,,,,,,,,,,,,
9757,2019,4,12,14,45,5.4,54,0,54,3.5,,,,,,,,,,,,,,,,,,,,,,,,,,,,,,,,,,,,
9758,2019,4,12,15,0,5.300000000000001,51,0,51,3.4000000000000004,,,,,,,,,,,,,,,,,,,,,,,,,,,,,,,,,,,,
9759,2019,4,12,15,15,5.2,47,0,47,3.4000000000000004,,,,,,,,,,,,,,,,,,,,,,,,,,,,,,,,,,,,
9760,2019,4,12,15,30,5.1000000000000005,44,0,44,3.3000000000000003,,,,,,,,,,,,,,,,,,,,,,,,,,,,,,,,,,,,
9761,2019,4,12,15,45,5,40,0,40,3.2,,,,,,,,,,,,,,,,,,,,,,,,,,,,,,,,,,,,
9762,2019,4,12,16,0,4.800000000000001,36,0,36,3.2,,,,,,,,,,,,,,,,,,,,,,,,,,,,,,,,,,,,
9763,2019,4,12,16,15,4.7,32,0,32,3.1,,,,,,,,,,,,,,,,,,,,,,,,,,,,,,,,,,,,
9764,2019,4,12,16,30,4.5,28,0,28,3,,,,,,,,,,,,,,,,,,,,,,,,,,,,,,,,,,,,
9765,2019,4,12,16,45,4.3,24,0,24,2.9000000000000004,,,,,,,,,,,,,,,,,,,,,,,,,,,,,,,,,,,,
9766,2019,4,12,17,0,4.1000000000000005,21,0,21,2.8000000000000003,,,,,,,,,,,,,,,,,,,,,,,,,,,,,,,,,,,,
9767,2019,4,12,17,15,3.8000000000000003,17,0,17,2.5,,,,,,,,,,,,,,,,,,,,,,,,,,,,,,,,,,,,
9768,2019,4,12,17,30,3.5,14,0,14,2.2,,,,,,,,,,,,,,,,,,,,,,,,,,,,,,,,,,,,
9769,2019,4,12,17,45,3.2,11,0,11,1.9000000000000001,,,,,,,,,,,,,,,,,,,,,,,,,,,,,,,,,,,,
9770,2019,4,12,18,0,2.8000000000000003,8,0,8,1.6,,,,,,,,,,,,,,,,,,,,,,,,,,,,,,,,,,,,
9771,2019,4,12,18,15,2.5,6,0,6,1.5,,,,,,,,,,,,,,,,,,,,,,,,,,,,,,,,,,,,
9772,2019,4,12,18,30,2.2,4,0,4,1.4000000000000001,,,,,,,,,,,,,,,,,,,,,,,,,,,,,,,,,,,,
9773,2019,4,12,18,45,1.8,3,0,3,1.3,,,,,,,,,,,,,,,,,,,,,,,,,,,,,,,,,,,,
9774,2019,4,12,19,0,1.5,0,0,0,1.2000000000000002,,,,,,,,,,,,,,,,,,,,,,,,,,,,,,,,,,,,
9775,2019,4,12,19,15,1.4000000000000001,0,0,0,1.2000000000000002,,,,,,,,,,,,,,,,,,,,,,,,,,,,,,,,,,,,
9776,2019,4,12,19,30,1.3,0,0,0,1.2000000000000002,,,,,,,,,,,,,,,,,,,,,,,,,,,,,,,,,,,,
9777,2019,4,12,19,45,1.2000000000000002,0,0,0,1.3,,,,,,,,,,,,,,,,,,,,,,,,,,,,,,,,,,,,
9778,2019,4,12,20,0,1.2000000000000002,0,0,0,1.3,,,,,,,,,,,,,,,,,,,,,,,,,,,,,,,,,,,,
9779,2019,4,12,20,15,1.1,0,0,0,1.3,,,,,,,,,,,,,,,,,,,,,,,,,,,,,,,,,,,,
9780,2019,4,12,20,30,1,0,0,0,1.3,,,,,,,,,,,,,,,,,,,,,,,,,,,,,,,,,,,,
9781,2019,4,12,20,45,1,0,0,0,1.3,,,,,,,,,,,,,,,,,,,,,,,,,,,,,,,,,,,,
9782,2019,4,12,21,0,0.9,0,0,0,1.3,,,,,,,,,,,,,,,,,,,,,,,,,,,,,,,,,,,,
9783,2019,4,12,21,15,0.8,0,0,0,1.3,,,,,,,,,,,,,,,,,,,,,,,,,,,,,,,,,,,,
9784,2019,4,12,21,30,0.8,0,0,0,1.3,,,,,,,,,,,,,,,,,,,,,,,,,,,,,,,,,,,,
9785,2019,4,12,21,45,0.7000000000000001,0,0,0,1.3,,,,,,,,,,,,,,,,,,,,,,,,,,,,,,,,,,,,
9786,2019,4,12,22,0,0.6000000000000001,0,0,0,1.3,,,,,,,,,,,,,,,,,,,,,,,,,,,,,,,,,,,,
9787,2019,4,12,22,15,0.5,0,0,0,1.3,,,,,,,,,,,,,,,,,,,,,,,,,,,,,,,,,,,,
9788,2019,4,12,22,30,0.4,0,0,0,1.3,,,,,,,,,,,,,,,,,,,,,,,,,,,,,,,,,,,,
9789,2019,4,12,22,45,0.30000000000000004,0,0,0,1.3,,,,,,,,,,,,,,,,,,,,,,,,,,,,,,,,,,,,
9790,2019,4,12,23,0,0.2,0,0,0,1.3,,,,,,,,,,,,,,,,,,,,,,,,,,,,,,,,,,,,
9791,2019,4,12,23,15,0,0,0,0,1.2000000000000002,,,,,,,,,,,,,,,,,,,,,,,,,,,,,,,,,,,,
9792,2019,4,12,23,30,-0.1,0,0,0,1.2000000000000002,,,,,,,,,,,,,,,,,,,,,,,,,,,,,,,,,,,,
9793,2019,4,12,23,45,-0.30000000000000004,0,0,0,1.2000000000000002,,,,,,,,,,,,,,,,,,,,,,,,,,,,,,,,,,,,
9794,2019,4,13,0,0,-0.4,0,0,0,1.2000000000000002,,,,,,,,,,,,,,,,,,,,,,,,,,,,,,,,,,,,
9795,2019,4,13,0,15,-0.4,0,0,0,1.2000000000000002,,,,,,,,,,,,,,,,,,,,,,,,,,,,,,,,,,,,
9796,2019,4,13,0,30,-0.4,0,0,0,1.2000000000000002,,,,,,,,,,,,,,,,,,,,,,,,,,,,,,,,,,,,
9797,2019,4,13,0,45,-0.4,0,0,0,1.2000000000000002,,,,,,,,,,,,,,,,,,,,,,,,,,,,,,,,,,,,
9798,2019,4,13,1,0,-0.5,0,0,0,1.1,,,,,,,,,,,,,,,,,,,,,,,,,,,,,,,,,,,,
9799,2019,4,13,1,15,-0.5,0,0,0,1.1,,,,,,,,,,,,,,,,,,,,,,,,,,,,,,,,,,,,
9800,2019,4,13,1,30,-0.5,0,0,0,1.2000000000000002,,,,,,,,,,,,,,,,,,,,,,,,,,,,,,,,,,,,
9801,2019,4,13,1,45,-0.5,0,0,0,1.2000000000000002,,,,,,,,,,,,,,,,,,,,,,,,,,,,,,,,,,,,
9802,2019,4,13,2,0,-0.5,0,0,0,1.2000000000000002,,,,,,,,,,,,,,,,,,,,,,,,,,,,,,,,,,,,
9803,2019,4,13,2,15,-0.5,0,0,0,1.2000000000000002,,,,,,,,,,,,,,,,,,,,,,,,,,,,,,,,,,,,
9804,2019,4,13,2,30,-0.5,0,0,0,1.3,,,,,,,,,,,,,,,,,,,,,,,,,,,,,,,,,,,,
9805,2019,4,13,2,45,-0.5,0,0,0,1.3,,,,,,,,,,,,,,,,,,,,,,,,,,,,,,,,,,,,
9806,2019,4,13,3,0,-0.5,0,0,0,1.3,,,,,,,,,,,,,,,,,,,,,,,,,,,,,,,,,,,,
9807,2019,4,13,3,15,-0.5,0,0,0,1.4000000000000001,,,,,,,,,,,,,,,,,,,,,,,,,,,,,,,,,,,,
9808,2019,4,13,3,30,-0.5,0,0,0,1.4000000000000001,,,,,,,,,,,,,,,,,,,,,,,,,,,,,,,,,,,,
9809,2019,4,13,3,45,-0.5,0,0,0,1.4000000000000001,,,,,,,,,,,,,,,,,,,,,,,,,,,,,,,,,,,,
9810,2019,4,13,4,0,-0.5,0,0,0,1.5,,,,,,,,,,,,,,,,,,,,,,,,,,,,,,,,,,,,
9811,2019,4,13,4,15,-0.5,0,0,0,1.5,,,,,,,,,,,,,,,,,,,,,,,,,,,,,,,,,,,,
9812,2019,4,13,4,30,-0.5,0,0,0,1.6,,,,,,,,,,,,,,,,,,,,,,,,,,,,,,,,,,,,
9813,2019,4,13,4,45,-0.5,0,0,0,1.7000000000000002,,,,,,,,,,,,,,,,,,,,,,,,,,,,,,,,,,,,
9814,2019,4,13,5,0,-0.5,0,0,0,1.7000000000000002,,,,,,,,,,,,,,,,,,,,,,,,,,,,,,,,,,,,
9815,2019,4,13,5,15,-0.4,0,0,0,1.8,,,,,,,,,,,,,,,,,,,,,,,,,,,,,,,,,,,,
9816,2019,4,13,5,30,-0.2,0,0,0,2,,,,,,,,,,,,,,,,,,,,,,,,,,,,,,,,,,,,
9817,2019,4,13,5,45,-0.1,3,0,3,2.1,,,,,,,,,,,,,,,,,,,,,,,,,,,,,,,,,,,,
9818,2019,4,13,6,0,0,4,0,4,2.2,,,,,,,,,,,,,,,,,,,,,,,,,,,,,,,,,,,,
9819,2019,4,13,6,15,0.2,6,0,6,2.3000000000000003,,,,,,,,,,,,,,,,,,,,,,,,,,,,,,,,,,,,
9820,2019,4,13,6,30,0.4,9,0,9,2.4000000000000004,,,,,,,,,,,,,,,,,,,,,,,,,,,,,,,,,,,,
9821,2019,4,13,6,45,0.6000000000000001,11,0,11,2.5,,,,,,,,,,,,,,,,,,,,,,,,,,,,,,,,,,,,
9822,2019,4,13,7,0,0.9,14,0,14,2.5,,,,,,,,,,,,,,,,,,,,,,,,,,,,,,,,,,,,
9823,2019,4,13,7,15,1.1,17,0,17,2.6,,,,,,,,,,,,,,,,,,,,,,,,,,,,,,,,,,,,
9824,2019,4,13,7,30,1.4000000000000001,21,0,21,2.7,,,,,,,,,,,,,,,,,,,,,,,,,,,,,,,,,,,,
9825,2019,4,13,7,45,1.6,24,0,24,2.8000000000000003,,,,,,,,,,,,,,,,,,,,,,,,,,,,,,,,,,,,
9826,2019,4,13,8,0,1.9000000000000001,28,0,28,2.9000000000000004,,,,,,,,,,,,,,,,,,,,,,,,,,,,,,,,,,,,
9827,2019,4,13,8,15,2.1,32,0,32,3,,,,,,,,,,,,,,,,,,,,,,,,,,,,,,,,,,,,
9828,2019,4,13,8,30,2.4000000000000004,36,0,36,3.1,,,,,,,,,,,,,,,,,,,,,,,,,,,,,,,,,,,,
9829,2019,4,13,8,45,2.7,40,0,40,3.1,,,,,,,,,,,,,,,,,,,,,,,,,,,,,,,,,,,,
9830,2019,4,13,9,0,2.9000000000000004,44,0,44,3.2,,,,,,,,,,,,,,,,,,,,,,,,,,,,,,,,,,,,
9831,2019,4,13,9,15,3.2,47,0,47,3.2,,,,,,,,,,,,,,,,,,,,,,,,,,,,,,,,,,,,
9832,2019,4,13,9,30,3.5,51,0,51,3.2,,,,,,,,,,,,,,,,,,,,,,,,,,,,,,,,,,,,
9833,2019,4,13,9,45,3.8000000000000003,54,0,54,3.3000000000000003,,,,,,,,,,,,,,,,,,,,,,,,,,,,,,,,,,,,
9834,2019,4,13,10,0,4,57,0,57,3.3000000000000003,,,,,,,,,,,,,,,,,,,,,,,,,,,,,,,,,,,,
9835,2019,4,13,10,15,4.3,59,0,59,3.3000000000000003,,,,,,,,,,,,,,,,,,,,,,,,,,,,,,,,,,,,
9836,2019,4,13,10,30,4.5,61,0,61,3.3000000000000003,,,,,,,,,,,,,,,,,,,,,,,,,,,,,,,,,,,,
9837,2019,4,13,10,45,4.800000000000001,76,0,76,3.3000000000000003,,,,,,,,,,,,,,,,,,,,,,,,,,,,,,,,,,,,
9838,2019,4,13,11,0,5,65,0,65,3.3000000000000003,,,,,,,,,,,,,,,,,,,,,,,,,,,,,,,,,,,,
9839,2019,4,13,11,15,5.300000000000001,98,0,98,3.2,,,,,,,,,,,,,,,,,,,,,,,,,,,,,,,,,,,,
9840,2019,4,13,11,30,5.5,67,0,67,3.2,,,,,,,,,,,,,,,,,,,,,,,,,,,,,,,,,,,,
9841,2019,4,13,11,45,5.7,67,0,67,3.2,,,,,,,,,,,,,,,,,,,,,,,,,,,,,,,,,,,,
9842,2019,4,13,12,0,5.9,68,0,68,3.2,,,,,,,,,,,,,,,,,,,,,,,,,,,,,,,,,,,,
9843,2019,4,13,12,15,6,68,0,68,3.2,,,,,,,,,,,,,,,,,,,,,,,,,,,,,,,,,,,,
9844,2019,4,13,12,30,6.2,69,0,69,3.2,,,,,,,,,,,,,,,,,,,,,,,,,,,,,,,,,,,,
9845,2019,4,13,12,45,6.300000000000001,69,0,69,3.2,,,,,,,,,,,,,,,,,,,,,,,,,,,,,,,,,,,,
9846,2019,4,13,13,0,6.5,67,0,67,3.2,,,,,,,,,,,,,,,,,,,,,,,,,,,,,,,,,,,,
9847,2019,4,13,13,15,6.5,66,0,66,3.2,,,,,,,,,,,,,,,,,,,,,,,,,,,,,,,,,,,,
9848,2019,4,13,13,30,6.5,133,0,133,3.2,,,,,,,,,,,,,,,,,,,,,,,,,,,,,,,,,,,,
9849,2019,4,13,13,45,6.5,231,14,240,3.2,,,,,,,,,,,,,,,,,,,,,,,,,,,,,,,,,,,,
9850,2019,4,13,14,0,6.6000000000000005,265,32,286,3.2,,,,,,,,,,,,,,,,,,,,,,,,,,,,,,,,,,,,
9851,2019,4,13,14,15,6.5,268,42,296,3.2,,,,,,,,,,,,,,,,,,,,,,,,,,,,,,,,,,,,
9852,2019,4,13,14,30,6.4,220,16,230,3.2,,,,,,,,,,,,,,,,,,,,,,,,,,,,,,,,,,,,
9853,2019,4,13,14,45,6.4,190,7,194,3.2,,,,,,,,,,,,,,,,,,,,,,,,,,,,,,,,,,,,
9854,2019,4,13,15,0,6.300000000000001,177,4,180,3.2,,,,,,,,,,,,,,,,,,,,,,,,,,,,,,,,,,,,
9855,2019,4,13,15,15,6.2,170,3,172,3.2,,,,,,,,,,,,,,,,,,,,,,,,,,,,,,,,,,,,
9856,2019,4,13,15,30,6.1000000000000005,200,28,215,3.1,,,,,,,,,,,,,,,,,,,,,,,,,,,,,,,,,,,,
9857,2019,4,13,15,45,6.1000000000000005,211,92,257,3.1,,,,,,,,,,,,,,,,,,,,,,,,,,,,,,,,,,,,
9858,2019,4,13,16,0,6,180,37,197,3.1,,,,,,,,,,,,,,,,,,,,,,,,,,,,,,,,,,,,
9859,2019,4,13,16,15,5.800000000000001,153,16,160,2.9000000000000004,,,,,,,,,,,,,,,,,,,,,,,,,,,,,,,,,,,,
9860,2019,4,13,16,30,5.7,94,0,94,2.8000000000000003,,,,,,,,,,,,,,,,,,,,,,,,,,,,,,,,,,,,
9861,2019,4,13,16,45,5.6000000000000005,71,0,71,2.7,,,,,,,,,,,,,,,,,,,,,,,,,,,,,,,,,,,,
9862,2019,4,13,17,0,5.4,37,0,37,2.6,,,,,,,,,,,,,,,,,,,,,,,,,,,,,,,,,,,,
9863,2019,4,13,17,15,5,22,0,22,2.3000000000000003,,,,,,,,,,,,,,,,,,,,,,,,,,,,,,,,,,,,
9864,2019,4,13,17,30,4.6000000000000005,18,0,18,2,,,,,,,,,,,,,,,,,,,,,,,,,,,,,,,,,,,,
9865,2019,4,13,17,45,4.2,14,0,14,1.7000000000000002,,,,,,,,,,,,,,,,,,,,,,,,,,,,,,,,,,,,
9866,2019,4,13,18,0,3.8000000000000003,11,0,11,1.5,,,,,,,,,,,,,,,,,,,,,,,,,,,,,,,,,,,,
9867,2019,4,13,18,15,3.5,8,0,8,1.5,,,,,,,,,,,,,,,,,,,,,,,,,,,,,,,,,,,,
9868,2019,4,13,18,30,3.1,5,0,5,1.5,,,,,,,,,,,,,,,,,,,,,,,,,,,,,,,,,,,,
9869,2019,4,13,18,45,2.8000000000000003,3,0,3,1.5,,,,,,,,,,,,,,,,,,,,,,,,,,,,,,,,,,,,
9870,2019,4,13,19,0,2.4000000000000004,0,0,0,1.5,,,,,,,,,,,,,,,,,,,,,,,,,,,,,,,,,,,,
9871,2019,4,13,19,15,2.3000000000000003,0,0,0,1.6,,,,,,,,,,,,,,,,,,,,,,,,,,,,,,,,,,,,
9872,2019,4,13,19,30,2.2,0,0,0,1.6,,,,,,,,,,,,,,,,,,,,,,,,,,,,,,,,,,,,
9873,2019,4,13,19,45,2.1,0,0,0,1.7000000000000002,,,,,,,,,,,,,,,,,,,,,,,,,,,,,,,,,,,,
9874,2019,4,13,20,0,1.9000000000000001,0,0,0,1.8,,,,,,,,,,,,,,,,,,,,,,,,,,,,,,,,,,,,
9875,2019,4,13,20,15,1.8,0,0,0,1.8,,,,,,,,,,,,,,,,,,,,,,,,,,,,,,,,,,,,
9876,2019,4,13,20,30,1.6,0,0,0,1.8,,,,,,,,,,,,,,,,,,,,,,,,,,,,,,,,,,,,
9877,2019,4,13,20,45,1.5,0,0,0,1.8,,,,,,,,,,,,,,,,,,,,,,,,,,,,,,,,,,,,
9878,2019,4,13,21,0,1.3,0,0,0,1.9000000000000001,,,,,,,,,,,,,,,,,,,,,,,,,,,,,,,,,,,,
9879,2019,4,13,21,15,1.1,0,0,0,1.8,,,,,,,,,,,,,,,,,,,,,,,,,,,,,,,,,,,,
9880,2019,4,13,21,30,1,0,0,0,1.8,,,,,,,,,,,,,,,,,,,,,,,,,,,,,,,,,,,,
9881,2019,4,13,21,45,0.8,0,0,0,1.8,,,,,,,,,,,,,,,,,,,,,,,,,,,,,,,,,,,,
9882,2019,4,13,22,0,0.6000000000000001,0,0,0,1.8,,,,,,,,,,,,,,,,,,,,,,,,,,,,,,,,,,,,
9883,2019,4,13,22,15,0.5,0,0,0,1.8,,,,,,,,,,,,,,,,,,,,,,,,,,,,,,,,,,,,
9884,2019,4,13,22,30,0.4,0,0,0,1.7000000000000002,,,,,,,,,,,,,,,,,,,,,,,,,,,,,,,,,,,,
9885,2019,4,13,22,45,0.2,0,0,0,1.7000000000000002,,,,,,,,,,,,,,,,,,,,,,,,,,,,,,,,,,,,
9886,2019,4,13,23,0,0.1,0,0,0,1.7000000000000002,,,,,,,,,,,,,,,,,,,,,,,,,,,,,,,,,,,,
9887,2019,4,13,23,15,-0.1,0,0,0,1.6,,,,,,,,,,,,,,,,,,,,,,,,,,,,,,,,,,,,
9888,2019,4,13,23,30,-0.2,0,0,0,1.6,,,,,,,,,,,,,,,,,,,,,,,,,,,,,,,,,,,,
9889,2019,4,13,23,45,-0.4,0,0,0,1.5,,,,,,,,,,,,,,,,,,,,,,,,,,,,,,,,,,,,
9890,2019,4,14,0,0,-0.6000000000000001,0,0,0,1.5,,,,,,,,,,,,,,,,,,,,,,,,,,,,,,,,,,,,
9891,2019,4,14,0,15,-0.6000000000000001,0,0,0,1.5,,,,,,,,,,,,,,,,,,,,,,,,,,,,,,,,,,,,
9892,2019,4,14,0,30,-0.6000000000000001,0,0,0,1.5,,,,,,,,,,,,,,,,,,,,,,,,,,,,,,,,,,,,
9893,2019,4,14,0,45,-0.6000000000000001,0,0,0,1.5,,,,,,,,,,,,,,,,,,,,,,,,,,,,,,,,,,,,
9894,2019,4,14,1,0,-1,0,0,0,1.4000000000000001,,,,,,,,,,,,,,,,,,,,,,,,,,,,,,,,,,,,
9895,2019,4,14,1,15,-1,0,0,0,1.4000000000000001,,,,,,,,,,,,,,,,,,,,,,,,,,,,,,,,,,,,
9896,2019,4,14,1,30,-1,0,0,0,1.3,,,,,,,,,,,,,,,,,,,,,,,,,,,,,,,,,,,,
9897,2019,4,14,1,45,-0.9,0,0,0,1.3,,,,,,,,,,,,,,,,,,,,,,,,,,,,,,,,,,,,
9898,2019,4,14,2,0,-0.9,0,0,0,1.3,,,,,,,,,,,,,,,,,,,,,,,,,,,,,,,,,,,,
9899,2019,4,14,2,15,-0.9,0,0,0,1.3,,,,,,,,,,,,,,,,,,,,,,,,,,,,,,,,,,,,
9900,2019,4,14,2,30,-0.9,0,0,0,1.3,,,,,,,,,,,,,,,,,,,,,,,,,,,,,,,,,,,,
9901,2019,4,14,2,45,-0.9,0,0,0,1.3,,,,,,,,,,,,,,,,,,,,,,,,,,,,,,,,,,,,
9902,2019,4,14,3,0,-0.9,0,0,0,1.4000000000000001,,,,,,,,,,,,,,,,,,,,,,,,,,,,,,,,,,,,
9903,2019,4,14,3,15,-0.9,0,0,0,1.4000000000000001,,,,,,,,,,,,,,,,,,,,,,,,,,,,,,,,,,,,
9904,2019,4,14,3,30,-0.8,0,0,0,1.4000000000000001,,,,,,,,,,,,,,,,,,,,,,,,,,,,,,,,,,,,
9905,2019,4,14,3,45,-0.8,0,0,0,1.4000000000000001,,,,,,,,,,,,,,,,,,,,,,,,,,,,,,,,,,,,
9906,2019,4,14,4,0,-0.8,0,0,0,1.5,,,,,,,,,,,,,,,,,,,,,,,,,,,,,,,,,,,,
9907,2019,4,14,4,15,-0.7000000000000001,0,0,0,1.6,,,,,,,,,,,,,,,,,,,,,,,,,,,,,,,,,,,,
9908,2019,4,14,4,30,-0.6000000000000001,0,0,0,1.7000000000000002,,,,,,,,,,,,,,,,,,,,,,,,,,,,,,,,,,,,
9909,2019,4,14,4,45,-0.4,0,0,0,1.9000000000000001,,,,,,,,,,,,,,,,,,,,,,,,,,,,,,,,,,,,
9910,2019,4,14,5,0,-0.30000000000000004,0,0,0,2,,,,,,,,,,,,,,,,,,,,,,,,,,,,,,,,,,,,
9911,2019,4,14,5,15,-0.1,0,0,0,2.2,,,,,,,,,,,,,,,,,,,,,,,,,,,,,,,,,,,,
9912,2019,4,14,5,30,0.2,0,0,0,2.4000000000000004,,,,,,,,,,,,,,,,,,,,,,,,,,,,,,,,,,,,
9913,2019,4,14,5,45,0.4,3,0,3,2.6,,,,,,,,,,,,,,,,,,,,,,,,,,,,,,,,,,,,
9914,2019,4,14,6,0,0.6000000000000001,5,0,5,2.8000000000000003,,,,,,,,,,,,,,,,,,,,,,,,,,,,,,,,,,,,
9915,2019,4,14,6,15,0.8,7,0,7,2.8000000000000003,,,,,,,,,,,,,,,,,,,,,,,,,,,,,,,,,,,,
9916,2019,4,14,6,30,1,9,0,9,2.8000000000000003,,,,,,,,,,,,,,,,,,,,,,,,,,,,,,,,,,,,
9917,2019,4,14,6,45,1.2000000000000002,12,0,12,2.9000000000000004,,,,,,,,,,,,,,,,,,,,,,,,,,,,,,,,,,,,
9918,2019,4,14,7,0,1.4000000000000001,14,0,14,2.9000000000000004,,,,,,,,,,,,,,,,,,,,,,,,,,,,,,,,,,,,
9919,2019,4,14,7,15,1.6,18,0,18,2.9000000000000004,,,,,,,,,,,,,,,,,,,,,,,,,,,,,,,,,,,,
9920,2019,4,14,7,30,1.8,21,0,21,3,,,,,,,,,,,,,,,,,,,,,,,,,,,,,,,,,,,,
9921,2019,4,14,7,45,2,26,0,26,3.1,,,,,,,,,,,,,,,,,,,,,,,,,,,,,,,,,,,,
9922,2019,4,14,8,0,2.3000000000000003,29,0,29,3.1,,,,,,,,,,,,,,,,,,,,,,,,,,,,,,,,,,,,
9923,2019,4,14,8,15,2.4000000000000004,33,0,33,3.2,,,,,,,,,,,,,,,,,,,,,,,,,,,,,,,,,,,,
9924,2019,4,14,8,30,2.5,20,0,20,3.2,,,,,,,,,,,,,,,,,,,,,,,,,,,,,,,,,,,,
9925,2019,4,14,8,45,2.7,22,0,22,3.3000000000000003,,,,,,,,,,,,,,,,,,,,,,,,,,,,,,,,,,,,
9926,2019,4,14,9,0,2.8000000000000003,25,0,25,3.3000000000000003,,,,,,,,,,,,,,,,,,,,,,,,,,,,,,,,,,,,
9927,2019,4,14,9,15,2.9000000000000004,37,0,37,3.4000000000000004,,,,,,,,,,,,,,,,,,,,,,,,,,,,,,,,,,,,
9928,2019,4,14,9,30,3,41,0,41,3.4000000000000004,,,,,,,,,,,,,,,,,,,,,,,,,,,,,,,,,,,,
9929,2019,4,14,9,45,3,38,0,38,3.4000000000000004,,,,,,,,,,,,,,,,,,,,,,,,,,,,,,,,,,,,
9930,2019,4,14,10,0,3.1,44,0,44,3.5,,,,,,,,,,,,,,,,,,,,,,,,,,,,,,,,,,,,
9931,2019,4,14,10,15,3.2,90,0,90,3.5,,,,,,,,,,,,,,,,,,,,,,,,,,,,,,,,,,,,
9932,2019,4,14,10,30,3.2,90,0,90,3.5,,,,,,,,,,,,,,,,,,,,,,,,,,,,,,,,,,,,
9933,2019,4,14,10,45,3.2,61,0,61,3.6,,,,,,,,,,,,,,,,,,,,,,,,,,,,,,,,,,,,
9934,2019,4,14,11,0,3.3000000000000003,92,0,92,3.6,,,,,,,,,,,,,,,,,,,,,,,,,,,,,,,,,,,,
9935,2019,4,14,11,15,3.4000000000000004,76,0,76,3.6,,,,,,,,,,,,,,,,,,,,,,,,,,,,,,,,,,,,
9936,2019,4,14,11,30,3.5,61,0,61,3.6,,,,,,,,,,,,,,,,,,,,,,,,,,,,,,,,,,,,
9937,2019,4,14,11,45,3.6,73,0,73,3.6,,,,,,,,,,,,,,,,,,,,,,,,,,,,,,,,,,,,
9938,2019,4,14,12,0,3.6,87,0,87,3.6,,,,,,,,,,,,,,,,,,,,,,,,,,,,,,,,,,,,
9939,2019,4,14,12,15,3.8000000000000003,67,0,67,3.6,,,,,,,,,,,,,,,,,,,,,,,,,,,,,,,,,,,,
9940,2019,4,14,12,30,3.9000000000000004,107,0,107,3.6,,,,,,,,,,,,,,,,,,,,,,,,,,,,,,,,,,,,
9941,2019,4,14,12,45,4,70,0,70,3.6,,,,,,,,,,,,,,,,,,,,,,,,,,,,,,,,,,,,
9942,2019,4,14,13,0,4.1000000000000005,67,0,67,3.6,,,,,,,,,,,,,,,,,,,,,,,,,,,,,,,,,,,,
9943,2019,4,14,13,15,4.3,65,0,65,3.6,,,,,,,,,,,,,,,,,,,,,,,,,,,,,,,,,,,,
9944,2019,4,14,13,30,4.4,64,0,64,3.6,,,,,,,,,,,,,,,,,,,,,,,,,,,,,,,,,,,,
9945,2019,4,14,13,45,4.6000000000000005,62,0,62,3.5,,,,,,,,,,,,,,,,,,,,,,,,,,,,,,,,,,,,
9946,2019,4,14,14,0,4.7,62,0,62,3.5,,,,,,,,,,,,,,,,,,,,,,,,,,,,,,,,,,,,
9947,2019,4,14,14,15,4.800000000000001,59,0,59,3.4000000000000004,,,,,,,,,,,,,,,,,,,,,,,,,,,,,,,,,,,,
9948,2019,4,14,14,30,4.9,57,0,57,3.4000000000000004,,,,,,,,,,,,,,,,,,,,,,,,,,,,,,,,,,,,
9949,2019,4,14,14,45,5.1000000000000005,53,0,53,3.3000000000000003,,,,,,,,,,,,,,,,,,,,,,,,,,,,,,,,,,,,
9950,2019,4,14,15,0,5.2,49,0,49,3.2,,,,,,,,,,,,,,,,,,,,,,,,,,,,,,,,,,,,
9951,2019,4,14,15,15,5.300000000000001,46,0,46,3.1,,,,,,,,,,,,,,,,,,,,,,,,,,,,,,,,,,,,
9952,2019,4,14,15,30,5.4,43,0,43,3,,,,,,,,,,,,,,,,,,,,,,,,,,,,,,,,,,,,
9953,2019,4,14,15,45,5.5,39,0,39,2.9000000000000004,,,,,,,,,,,,,,,,,,,,,,,,,,,,,,,,,,,,
9954,2019,4,14,16,0,5.5,36,0,36,2.8000000000000003,,,,,,,,,,,,,,,,,,,,,,,,,,,,,,,,,,,,
9955,2019,4,14,16,15,5.6000000000000005,32,0,32,2.7,,,,,,,,,,,,,,,,,,,,,,,,,,,,,,,,,,,,
9956,2019,4,14,16,30,5.6000000000000005,28,0,28,2.6,,,,,,,,,,,,,,,,,,,,,,,,,,,,,,,,,,,,
9957,2019,4,14,16,45,5.7,24,0,24,2.4000000000000004,,,,,,,,,,,,,,,,,,,,,,,,,,,,,,,,,,,,
9958,2019,4,14,17,0,5.7,21,0,21,2.3000000000000003,,,,,,,,,,,,,,,,,,,,,,,,,,,,,,,,,,,,
9959,2019,4,14,17,15,5.5,18,0,18,2.2,,,,,,,,,,,,,,,,,,,,,,,,,,,,,,,,,,,,
9960,2019,4,14,17,30,5.300000000000001,14,0,14,2,,,,,,,,,,,,,,,,,,,,,,,,,,,,,,,,,,,,
9961,2019,4,14,17,45,5.1000000000000005,11,0,11,1.9000000000000001,,,,,,,,,,,,,,,,,,,,,,,,,,,,,,,,,,,,
9962,2019,4,14,18,0,4.9,9,0,9,1.7000000000000002,,,,,,,,,,,,,,,,,,,,,,,,,,,,,,,,,,,,
9963,2019,4,14,18,15,4.7,7,0,7,1.7000000000000002,,,,,,,,,,,,,,,,,,,,,,,,,,,,,,,,,,,,
9964,2019,4,14,18,30,4.5,5,0,5,1.7000000000000002,,,,,,,,,,,,,,,,,,,,,,,,,,,,,,,,,,,,
9965,2019,4,14,18,45,4.2,3,0,3,1.8,,,,,,,,,,,,,,,,,,,,,,,,,,,,,,,,,,,,
9966,2019,4,14,19,0,4,0,0,0,1.8,,,,,,,,,,,,,,,,,,,,,,,,,,,,,,,,,,,,
9967,2019,4,14,19,15,4,0,0,0,1.8,,,,,,,,,,,,,,,,,,,,,,,,,,,,,,,,,,,,
9968,2019,4,14,19,30,4,0,0,0,1.9000000000000001,,,,,,,,,,,,,,,,,,,,,,,,,,,,,,,,,,,,
9969,2019,4,14,19,45,4,0,0,0,2,,,,,,,,,,,,,,,,,,,,,,,,,,,,,,,,,,,,
9970,2019,4,14,20,0,4,0,0,0,2,,,,,,,,,,,,,,,,,,,,,,,,,,,,,,,,,,,,
9971,2019,4,14,20,15,3.9000000000000004,0,0,0,2,,,,,,,,,,,,,,,,,,,,,,,,,,,,,,,,,,,,
9972,2019,4,14,20,30,3.8000000000000003,0,0,0,2,,,,,,,,,,,,,,,,,,,,,,,,,,,,,,,,,,,,
9973,2019,4,14,20,45,3.8000000000000003,0,0,0,2.1,,,,,,,,,,,,,,,,,,,,,,,,,,,,,,,,,,,,
9974,2019,4,14,21,0,3.7,0,0,0,2.1,,,,,,,,,,,,,,,,,,,,,,,,,,,,,,,,,,,,
9975,2019,4,14,21,15,3.5,0,0,0,2.1,,,,,,,,,,,,,,,,,,,,,,,,,,,,,,,,,,,,
9976,2019,4,14,21,30,3.4000000000000004,0,0,0,2,,,,,,,,,,,,,,,,,,,,,,,,,,,,,,,,,,,,
9977,2019,4,14,21,45,3.3000000000000003,0,0,0,2,,,,,,,,,,,,,,,,,,,,,,,,,,,,,,,,,,,,
9978,2019,4,14,22,0,3.2,0,0,0,2,,,,,,,,,,,,,,,,,,,,,,,,,,,,,,,,,,,,
9979,2019,4,14,22,15,3,0,0,0,2,,,,,,,,,,,,,,,,,,,,,,,,,,,,,,,,,,,,
9980,2019,4,14,22,30,2.9000000000000004,0,0,0,2,,,,,,,,,,,,,,,,,,,,,,,,,,,,,,,,,,,,
9981,2019,4,14,22,45,2.8000000000000003,0,0,0,2,,,,,,,,,,,,,,,,,,,,,,,,,,,,,,,,,,,,
9982,2019,4,14,23,0,2.6,0,0,0,2,,,,,,,,,,,,,,,,,,,,,,,,,,,,,,,,,,,,
9983,2019,4,14,23,15,2.5,0,0,0,2,,,,,,,,,,,,,,,,,,,,,,,,,,,,,,,,,,,,
9984,2019,4,14,23,30,2.4000000000000004,0,0,0,1.9000000000000001,,,,,,,,,,,,,,,,,,,,,,,,,,,,,,,,,,,,
9985,2019,4,14,23,45,2.3000000000000003,0,0,0,1.9000000000000001,,,,,,,,,,,,,,,,,,,,,,,,,,,,,,,,,,,,
9986,2019,4,15,0,0,2.1,0,0,0,1.9000000000000001,,,,,,,,,,,,,,,,,,,,,,,,,,,,,,,,,,,,
9987,2019,4,15,0,15,2.1,0,0,0,1.9000000000000001,,,,,,,,,,,,,,,,,,,,,,,,,,,,,,,,,,,,
9988,2019,4,15,0,30,2.1,0,0,0,1.9000000000000001,,,,,,,,,,,,,,,,,,,,,,,,,,,,,,,,,,,,
9989,2019,4,15,0,45,2.1,0,0,0,1.9000000000000001,,,,,,,,,,,,,,,,,,,,,,,,,,,,,,,,,,,,
9990,2019,4,15,1,0,1.7000000000000002,0,0,0,1.9000000000000001,,,,,,,,,,,,,,,,,,,,,,,,,,,,,,,,,,,,
9991,2019,4,15,1,15,1.6,0,0,0,1.9000000000000001,,,,,,,,,,,,,,,,,,,,,,,,,,,,,,,,,,,,
9992,2019,4,15,1,30,1.6,0,0,0,1.9000000000000001,,,,,,,,,,,,,,,,,,,,,,,,,,,,,,,,,,,,
9993,2019,4,15,1,45,1.5,0,0,0,1.9000000000000001,,,,,,,,,,,,,,,,,,,,,,,,,,,,,,,,,,,,
9994,2019,4,15,2,0,1.4000000000000001,0,0,0,1.9000000000000001,,,,,,,,,,,,,,,,,,,,,,,,,,,,,,,,,,,,
9995,2019,4,15,2,15,1.2000000000000002,0,0,0,1.8,,,,,,,,,,,,,,,,,,,,,,,,,,,,,,,,,,,,
9996,2019,4,15,2,30,1,0,0,0,1.7000000000000002,,,,,,,,,,,,,,,,,,,,,,,,,,,,,,,,,,,,
9997,2019,4,15,2,45,0.8,0,0,0,1.5,,,,,,,,,,,,,,,,,,,,,,,,,,,,,,,,,,,,
9998,2019,4,15,3,0,0.7000000000000001,0,0,0,1.4000000000000001,,,,,,,,,,,,,,,,,,,,,,,,,,,,,,,,,,,,
9999,2019,4,15,3,15,0.4,0,0,0,1.4000000000000001,,,,,,,,,,,,,,,,,,,,,,,,,,,,,,,,,,,,
10000,2019,4,15,3,30,0.2,0,0,0,1.3,,,,,,,,,,,,,,,,,,,,,,,,,,,,,,,,,,,,
10001,2019,4,15,3,45,-0.1,0,0,0,1.3,,,,,,,,,,,,,,,,,,,,,,,,,,,,,,,,,,,,
10002,2019,4,15,4,0,-0.30000000000000004,0,0,0,1.3,,,,,,,,,,,,,,,,,,,,,,,,,,,,,,,,,,,,
10003,2019,4,15,4,15,-0.5,0,0,0,1.2000000000000002,,,,,,,,,,,,,,,,,,,,,,,,,,,,,,,,,,,,
10004,2019,4,15,4,30,-0.6000000000000001,0,0,0,1.2000000000000002,,,,,,,,,,,,,,,,,,,,,,,,,,,,,,,,,,,,
10005,2019,4,15,4,45,-0.8,0,0,0,1.2000000000000002,,,,,,,,,,,,,,,,,,,,,,,,,,,,,,,,,,,,
10006,2019,4,15,5,0,-0.9,0,0,0,1.2000000000000002,,,,,,,,,,,,,,,,,,,,,,,,,,,,,,,,,,,,
10007,2019,4,15,5,15,-0.4,0,0,0,1.4000000000000001,,,,,,,,,,,,,,,,,,,,,,,,,,,,,,,,,,,,
10008,2019,4,15,5,30,0,10,51,11,1.6,,,,,,,,,,,,,,,,,,,,,,,,,,,,,,,,,,,,
10009,2019,4,15,5,45,0.5,22,152,31,1.9000000000000001,,,,,,,,,,,,,,,,,,,,,,,,,,,,,,,,,,,,
10010,2019,4,15,6,0,1,34,253,58,2.1,,,,,,,,,,,,,,,,,,,,,,,,,,,,,,,,,,,,
10011,2019,4,15,6,15,1.4000000000000001,44,342,91,2.1,,,,,,,,,,,,,,,,,,,,,,,,,,,,,,,,,,,,
10012,2019,4,15,6,30,1.9000000000000001,54,418,127,2.2,,,,,,,,,,,,,,,,,,,,,,,,,,,,,,,,,,,,
10013,2019,4,15,6,45,2.3000000000000003,60,492,166,2.2,,,,,,,,,,,,,,,,,,,,,,,,,,,,,,,,,,,,
10014,2019,4,15,7,0,2.8000000000000003,67,546,206,2.3000000000000003,,,,,,,,,,,,,,,,,,,,,,,,,,,,,,,,,,,,
10015,2019,4,15,7,15,3.4000000000000004,74,593,247,2.3000000000000003,,,,,,,,,,,,,,,,,,,,,,,,,,,,,,,,,,,,
10016,2019,4,15,7,30,3.9000000000000004,79,633,289,2.3000000000000003,,,,,,,,,,,,,,,,,,,,,,,,,,,,,,,,,,,,
10017,2019,4,15,7,45,4.5,83,679,333,2.4000000000000004,,,,,,,,,,,,,,,,,,,,,,,,,,,,,,,,,,,,
10018,2019,4,15,8,0,5,87,709,374,2.4000000000000004,,,,,,,,,,,,,,,,,,,,,,,,,,,,,,,,,,,,
10019,2019,4,15,8,15,5.7,91,735,414,2.5,,,,,,,,,,,,,,,,,,,,,,,,,,,,,,,,,,,,
10020,2019,4,15,8,30,6.300000000000001,95,758,454,2.6,,,,,,,,,,,,,,,,,,,,,,,,,,,,,,,,,,,,
10021,2019,4,15,8,45,6.9,96,786,493,2.7,,,,,,,,,,,,,,,,,,,,,,,,,,,,,,,,,,,,
10022,2019,4,15,9,0,7.6000000000000005,99,803,529,2.9000000000000004,,,,,,,,,,,,,,,,,,,,,,,,,,,,,,,,,,,,
10023,2019,4,15,9,15,8.3,101,818,564,3.1,,,,,,,,,,,,,,,,,,,,,,,,,,,,,,,,,,,,
10024,2019,4,15,9,30,9,104,832,597,3.3000000000000003,,,,,,,,,,,,,,,,,,,,,,,,,,,,,,,,,,,,
10025,2019,4,15,9,45,9.700000000000001,104,848,628,3.6,,,,,,,,,,,,,,,,,,,,,,,,,,,,,,,,,,,,
10026,2019,4,15,10,0,10.4,106,858,656,3.8000000000000003,,,,,,,,,,,,,,,,,,,,,,,,,,,,,,,,,,,,
10027,2019,4,15,10,15,10.8,107,867,681,3.9000000000000004,,,,,,,,,,,,,,,,,,,,,,,,,,,,,,,,,,,,
10028,2019,4,15,10,30,11.200000000000001,109,874,704,3.9000000000000004,,,,,,,,,,,,,,,,,,,,,,,,,,,,,,,,,,,,
10029,2019,4,15,10,45,11.600000000000001,110,881,724,4,,,,,,,,,,,,,,,,,,,,,,,,,,,,,,,,,,,,
10030,2019,4,15,11,0,12,111,886,741,4,,,,,,,,,,,,,,,,,,,,,,,,,,,,,,,,,,,,
10031,2019,4,15,11,15,12.3,112,890,755,4,,,,,,,,,,,,,,,,,,,,,,,,,,,,,,,,,,,,
10032,2019,4,15,11,30,12.5,112,894,766,3.9000000000000004,,,,,,,,,,,,,,,,,,,,,,,,,,,,,,,,,,,,
10033,2019,4,15,11,45,12.700000000000001,112,897,774,3.9000000000000004,,,,,,,,,,,,,,,,,,,,,,,,,,,,,,,,,,,,
10034,2019,4,15,12,0,12.9,112,898,779,3.8000000000000003,,,,,,,,,,,,,,,,,,,,,,,,,,,,,,,,,,,,
10035,2019,4,15,12,15,13.100000000000001,112,899,780,3.8000000000000003,,,,,,,,,,,,,,,,,,,,,,,,,,,,,,,,,,,,
10036,2019,4,15,12,30,13.200000000000001,112,898,778,3.7,,,,,,,,,,,,,,,,,,,,,,,,,,,,,,,,,,,,
10037,2019,4,15,12,45,13.3,113,895,773,3.6,,,,,,,,,,,,,,,,,,,,,,,,,,,,,,,,,,,,
10038,2019,4,15,13,0,13.5,112,893,765,3.6,,,,,,,,,,,,,,,,,,,,,,,,,,,,,,,,,,,,
10039,2019,4,15,13,15,13.5,112,890,754,3.5,,,,,,,,,,,,,,,,,,,,,,,,,,,,,,,,,,,,
10040,2019,4,15,13,30,13.600000000000001,111,885,740,3.5,,,,,,,,,,,,,,,,,,,,,,,,,,,,,,,,,,,,
10041,2019,4,15,13,45,13.600000000000001,110,879,722,3.4000000000000004,,,,,,,,,,,,,,,,,,,,,,,,,,,,,,,,,,,,
10042,2019,4,15,14,0,13.700000000000001,109,873,702,3.4000000000000004,,,,,,,,,,,,,,,,,,,,,,,,,,,,,,,,,,,,
10043,2019,4,15,14,15,13.600000000000001,108,865,679,3.4000000000000004,,,,,,,,,,,,,,,,,,,,,,,,,,,,,,,,,,,,
10044,2019,4,15,14,30,13.600000000000001,106,857,654,3.3000000000000003,,,,,,,,,,,,,,,,,,,,,,,,,,,,,,,,,,,,
10045,2019,4,15,14,45,13.5,104,846,625,3.3000000000000003,,,,,,,,,,,,,,,,,,,,,,,,,,,,,,,,,,,,
10046,2019,4,15,15,0,13.5,102,834,595,3.3000000000000003,,,,,,,,,,,,,,,,,,,,,,,,,,,,,,,,,,,,
10047,2019,4,15,15,15,13.3,100,821,562,3.3000000000000003,,,,,,,,,,,,,,,,,,,,,,,,,,,,,,,,,,,,
10048,2019,4,15,15,30,13.200000000000001,97,805,528,3.3000000000000003,,,,,,,,,,,,,,,,,,,,,,,,,,,,,,,,,,,,
10049,2019,4,15,15,45,13,94,790,491,3.3000000000000003,,,,,,,,,,,,,,,,,,,,,,,,,,,,,,,,,,,,
10050,2019,4,15,16,0,12.9,91,770,453,3.3000000000000003,,,,,,,,,,,,,,,,,,,,,,,,,,,,,,,,,,,,
10051,2019,4,15,16,15,12.600000000000001,87,748,414,3.1,,,,,,,,,,,,,,,,,,,,,,,,,,,,,,,,,,,,
10052,2019,4,15,16,30,12.3,83,722,374,3,,,,,,,,,,,,,,,,,,,,,,,,,,,,,,,,,,,,
10053,2019,4,15,16,45,12,79,693,333,2.8000000000000003,,,,,,,,,,,,,,,,,,,,,,,,,,,,,,,,,,,,
10054,2019,4,15,17,0,11.700000000000001,74,659,291,2.6,,,,,,,,,,,,,,,,,,,,,,,,,,,,,,,,,,,,
10055,2019,4,15,17,15,10.9,69,620,249,2.4000000000000004,,,,,,,,,,,,,,,,,,,,,,,,,,,,,,,,,,,,
10056,2019,4,15,17,30,10,63,574,208,2.1,,,,,,,,,,,,,,,,,,,,,,,,,,,,,,,,,,,,
10057,2019,4,15,17,45,9.200000000000001,57,521,167,1.9000000000000001,,,,,,,,,,,,,,,,,,,,,,,,,,,,,,,,,,,,
10058,2019,4,15,18,0,8.3,49,456,128,1.6,,,,,,,,,,,,,,,,,,,,,,,,,,,,,,,,,,,,
10059,2019,4,15,18,15,7.7,41,380,92,1.7000000000000002,,,,,,,,,,,,,,,,,,,,,,,,,,,,,,,,,,,,
10060,2019,4,15,18,30,7.1000000000000005,31,288,59,1.7000000000000002,,,,,,,,,,,,,,,,,,,,,,,,,,,,,,,,,,,,
10061,2019,4,15,18,45,6.5,21,181,31,1.8,,,,,,,,,,,,,,,,,,,,,,,,,,,,,,,,,,,,
10062,2019,4,15,19,0,5.800000000000001,10,68,11,1.8,,,,,,,,,,,,,,,,,,,,,,,,,,,,,,,,,,,,
10063,2019,4,15,19,15,5.7,0,0,0,1.9000000000000001,,,,,,,,,,,,,,,,,,,,,,,,,,,,,,,,,,,,
10064,2019,4,15,19,30,5.5,0,0,0,1.9000000000000001,,,,,,,,,,,,,,,,,,,,,,,,,,,,,,,,,,,,
10065,2019,4,15,19,45,5.300000000000001,0,0,0,2,,,,,,,,,,,,,,,,,,,,,,,,,,,,,,,,,,,,
10066,2019,4,15,20,0,5.1000000000000005,0,0,0,2.1,,,,,,,,,,,,,,,,,,,,,,,,,,,,,,,,,,,,
10067,2019,4,15,20,15,4.9,0,0,0,2.1,,,,,,,,,,,,,,,,,,,,,,,,,,,,,,,,,,,,
10068,2019,4,15,20,30,4.7,0,0,0,2.1,,,,,,,,,,,,,,,,,,,,,,,,,,,,,,,,,,,,
10069,2019,4,15,20,45,4.6000000000000005,0,0,0,2.1,,,,,,,,,,,,,,,,,,,,,,,,,,,,,,,,,,,,
10070,2019,4,15,21,0,4.4,0,0,0,2.2,,,,,,,,,,,,,,,,,,,,,,,,,,,,,,,,,,,,
10071,2019,4,15,21,15,4.2,0,0,0,2.2,,,,,,,,,,,,,,,,,,,,,,,,,,,,,,,,,,,,
10072,2019,4,15,21,30,3.9000000000000004,0,0,0,2.2,,,,,,,,,,,,,,,,,,,,,,,,,,,,,,,,,,,,
10073,2019,4,15,21,45,3.7,0,0,0,2.2,,,,,,,,,,,,,,,,,,,,,,,,,,,,,,,,,,,,
10074,2019,4,15,22,0,3.5,0,0,0,2.2,,,,,,,,,,,,,,,,,,,,,,,,,,,,,,,,,,,,
10075,2019,4,15,22,15,3.3000000000000003,0,0,0,2.1,,,,,,,,,,,,,,,,,,,,,,,,,,,,,,,,,,,,
10076,2019,4,15,22,30,3.1,0,0,0,2.1,,,,,,,,,,,,,,,,,,,,,,,,,,,,,,,,,,,,
10077,2019,4,15,22,45,2.8000000000000003,0,0,0,2.1,,,,,,,,,,,,,,,,,,,,,,,,,,,,,,,,,,,,
10078,2019,4,15,23,0,2.6,0,0,0,2,,,,,,,,,,,,,,,,,,,,,,,,,,,,,,,,,,,,
10079,2019,4,15,23,15,2.4000000000000004,0,0,0,2,,,,,,,,,,,,,,,,,,,,,,,,,,,,,,,,,,,,
10080,2019,4,15,23,30,2.2,0,0,0,1.9000000000000001,,,,,,,,,,,,,,,,,,,,,,,,,,,,,,,,,,,,
10081,2019,4,15,23,45,2,0,0,0,1.9000000000000001,,,,,,,,,,,,,,,,,,,,,,,,,,,,,,,,,,,,
10082,2019,4,16,0,0,1.7000000000000002,0,0,0,1.8,,,,,,,,,,,,,,,,,,,,,,,,,,,,,,,,,,,,
10083,2019,4,16,0,15,1.7000000000000002,0,0,0,1.8,,,,,,,,,,,,,,,,,,,,,,,,,,,,,,,,,,,,
10084,2019,4,16,0,30,1.7000000000000002,0,0,0,1.8,,,,,,,,,,,,,,,,,,,,,,,,,,,,,,,,,,,,
10085,2019,4,16,0,45,1.7000000000000002,0,0,0,1.8,,,,,,,,,,,,,,,,,,,,,,,,,,,,,,,,,,,,
10086,2019,4,16,1,0,1,0,0,0,1.7000000000000002,,,,,,,,,,,,,,,,,,,,,,,,,,,,,,,,,,,,
10087,2019,4,16,1,15,0.8,0,0,0,1.6,,,,,,,,,,,,,,,,,,,,,,,,,,,,,,,,,,,,
10088,2019,4,16,1,30,0.6000000000000001,0,0,0,1.6,,,,,,,,,,,,,,,,,,,,,,,,,,,,,,,,,,,,
10089,2019,4,16,1,45,0.5,0,0,0,1.5,,,,,,,,,,,,,,,,,,,,,,,,,,,,,,,,,,,,
10090,2019,4,16,2,0,0.30000000000000004,0,0,0,1.5,,,,,,,,,,,,,,,,,,,,,,,,,,,,,,,,,,,,
10091,2019,4,16,2,15,0.2,0,0,0,1.5,,,,,,,,,,,,,,,,,,,,,,,,,,,,,,,,,,,,
10092,2019,4,16,2,30,0,0,0,0,1.5,,,,,,,,,,,,,,,,,,,,,,,,,,,,,,,,,,,,
10093,2019,4,16,2,45,-0.1,0,0,0,1.4000000000000001,,,,,,,,,,,,,,,,,,,,,,,,,,,,,,,,,,,,
10094,2019,4,16,3,0,-0.2,0,0,0,1.4000000000000001,,,,,,,,,,,,,,,,,,,,,,,,,,,,,,,,,,,,
10095,2019,4,16,3,15,-0.4,0,0,0,1.4000000000000001,,,,,,,,,,,,,,,,,,,,,,,,,,,,,,,,,,,,
10096,2019,4,16,3,30,-0.5,0,0,0,1.4000000000000001,,,,,,,,,,,,,,,,,,,,,,,,,,,,,,,,,,,,
10097,2019,4,16,3,45,-0.6000000000000001,0,0,0,1.4000000000000001,,,,,,,,,,,,,,,,,,,,,,,,,,,,,,,,,,,,
10098,2019,4,16,4,0,-0.7000000000000001,0,0,0,1.4000000000000001,,,,,,,,,,,,,,,,,,,,,,,,,,,,,,,,,,,,
10099,2019,4,16,4,15,-0.8,0,0,0,1.3,,,,,,,,,,,,,,,,,,,,,,,,,,,,,,,,,,,,
10100,2019,4,16,4,30,-0.8,0,0,0,1.3,,,,,,,,,,,,,,,,,,,,,,,,,,,,,,,,,,,,
10101,2019,4,16,4,45,-0.9,0,0,0,1.3,,,,,,,,,,,,,,,,,,,,,,,,,,,,,,,,,,,,
10102,2019,4,16,5,0,-0.9,0,0,0,1.3,,,,,,,,,,,,,,,,,,,,,,,,,,,,,,,,,,,,
10103,2019,4,16,5,15,-0.30000000000000004,0,0,0,1.5,,,,,,,,,,,,,,,,,,,,,,,,,,,,,,,,,,,,
10104,2019,4,16,5,30,0.4,11,84,14,1.8,,,,,,,,,,,,,,,,,,,,,,,,,,,,,,,,,,,,
10105,2019,4,16,5,45,1,23,195,35,2,,,,,,,,,,,,,,,,,,,,,,,,,,,,,,,,,,,,
10106,2019,4,16,6,0,1.6,33,299,64,2.2,,,,,,,,,,,,,,,,,,,,,,,,,,,,,,,,,,,,
10107,2019,4,16,6,15,2.2,43,388,98,2.3000000000000003,,,,,,,,,,,,,,,,,,,,,,,,,,,,,,,,,,,,
10108,2019,4,16,6,30,2.7,52,462,135,2.4000000000000004,,,,,,,,,,,,,,,,,,,,,,,,,,,,,,,,,,,,
10109,2019,4,16,6,45,3.3000000000000003,59,525,175,2.5,,,,,,,,,,,,,,,,,,,,,,,,,,,,,,,,,,,,
10110,2019,4,16,7,0,3.8000000000000003,66,578,215,2.6,,,,,,,,,,,,,,,,,,,,,,,,,,,,,,,,,,,,
10111,2019,4,16,7,15,4.6000000000000005,71,623,257,2.7,,,,,,,,,,,,,,,,,,,,,,,,,,,,,,,,,,,,
10112,2019,4,16,7,30,5.4,77,661,299,2.8000000000000003,,,,,,,,,,,,,,,,,,,,,,,,,,,,,,,,,,,,
10113,2019,4,16,7,45,6.300000000000001,81,695,341,2.9000000000000004,,,,,,,,,,,,,,,,,,,,,,,,,,,,,,,,,,,,
10114,2019,4,16,8,0,7.1000000000000005,86,724,382,3,,,,,,,,,,,,,,,,,,,,,,,,,,,,,,,,,,,,
10115,2019,4,16,8,15,8,90,749,423,3.2,,,,,,,,,,,,,,,,,,,,,,,,,,,,,,,,,,,,
10116,2019,4,16,8,30,8.8,93,771,462,3.4000000000000004,,,,,,,,,,,,,,,,,,,,,,,,,,,,,,,,,,,,
10117,2019,4,16,8,45,9.700000000000001,97,789,500,3.6,,,,,,,,,,,,,,,,,,,,,,,,,,,,,,,,,,,,
10118,2019,4,16,9,0,10.600000000000001,100,806,536,3.8000000000000003,,,,,,,,,,,,,,,,,,,,,,,,,,,,,,,,,,,,
10119,2019,4,16,9,15,11.100000000000001,102,817,568,3.9000000000000004,,,,,,,,,,,,,,,,,,,,,,,,,,,,,,,,,,,,
10120,2019,4,16,9,30,11.600000000000001,104,831,601,3.9000000000000004,,,,,,,,,,,,,,,,,,,,,,,,,,,,,,,,,,,,
10121,2019,4,16,9,45,12.100000000000001,109,836,630,4,,,,,,,,,,,,,,,,,,,,,,,,,,,,,,,,,,,,
10122,2019,4,16,10,0,12.600000000000001,111,846,657,4.1000000000000005,,,,,,,,,,,,,,,,,,,,,,,,,,,,,,,,,,,,
10123,2019,4,16,10,15,12.9,113,855,683,4.1000000000000005,,,,,,,,,,,,,,,,,,,,,,,,,,,,,,,,,,,,
10124,2019,4,16,10,30,13.200000000000001,114,862,705,4.1000000000000005,,,,,,,,,,,,,,,,,,,,,,,,,,,,,,,,,,,,
10125,2019,4,16,10,45,13.5,116,868,725,4,,,,,,,,,,,,,,,,,,,,,,,,,,,,,,,,,,,,
10126,2019,4,16,11,0,13.8,117,873,742,4,,,,,,,,,,,,,,,,,,,,,,,,,,,,,,,,,,,,
10127,2019,4,16,11,15,14.100000000000001,118,878,756,4,,,,,,,,,,,,,,,,,,,,,,,,,,,,,,,,,,,,
10128,2019,4,16,11,30,14.3,119,881,767,4,,,,,,,,,,,,,,,,,,,,,,,,,,,,,,,,,,,,
10129,2019,4,16,11,45,14.5,119,883,775,4,,,,,,,,,,,,,,,,,,,,,,,,,,,,,,,,,,,,
10130,2019,4,16,12,0,14.700000000000001,119,885,779,4,,,,,,,,,,,,,,,,,,,,,,,,,,,,,,,,,,,,
10131,2019,4,16,12,15,14.9,120,885,781,4,,,,,,,,,,,,,,,,,,,,,,,,,,,,,,,,,,,,
10132,2019,4,16,12,30,15.100000000000001,120,885,780,3.9000000000000004,,,,,,,,,,,,,,,,,,,,,,,,,,,,,,,,,,,,
10133,2019,4,16,12,45,15.200000000000001,121,880,774,3.9000000000000004,,,,,,,,,,,,,,,,,,,,,,,,,,,,,,,,,,,,
10134,2019,4,16,13,0,15.4,120,878,766,3.9000000000000004,,,,,,,,,,,,,,,,,,,,,,,,,,,,,,,,,,,,
10135,2019,4,16,13,15,15.4,120,875,755,3.9000000000000004,,,,,,,,,,,,,,,,,,,,,,,,,,,,,,,,,,,,
10136,2019,4,16,13,30,15.5,119,870,740,3.9000000000000004,,,,,,,,,,,,,,,,,,,,,,,,,,,,,,,,,,,,
10137,2019,4,16,13,45,15.600000000000001,117,861,720,3.8000000000000003,,,,,,,,,,,,,,,,,,,,,,,,,,,,,,,,,,,,
10138,2019,4,16,14,0,15.700000000000001,116,855,700,3.8000000000000003,,,,,,,,,,,,,,,,,,,,,,,,,,,,,,,,,,,,
10139,2019,4,16,14,15,15.600000000000001,115,847,677,3.8000000000000003,,,,,,,,,,,,,,,,,,,,,,,,,,,,,,,,,,,,
10140,2019,4,16,14,30,15.600000000000001,113,838,652,3.7,,,,,,,,,,,,,,,,,,,,,,,,,,,,,,,,,,,,
10141,2019,4,16,14,45,15.600000000000001,111,828,624,3.7,,,,,,,,,,,,,,,,,,,,,,,,,,,,,,,,,,,,
10142,2019,4,16,15,0,15.600000000000001,108,816,594,3.6,,,,,,,,,,,,,,,,,,,,,,,,,,,,,,,,,,,,
10143,2019,4,16,15,15,15.5,106,803,561,3.6,,,,,,,,,,,,,,,,,,,,,,,,,,,,,,,,,,,,
10144,2019,4,16,15,30,15.4,103,787,527,3.6,,,,,,,,,,,,,,,,,,,,,,,,,,,,,,,,,,,,
10145,2019,4,16,15,45,15.3,99,772,491,3.5,,,,,,,,,,,,,,,,,,,,,,,,,,,,,,,,,,,,
10146,2019,4,16,16,0,15.100000000000001,96,752,453,3.5,,,,,,,,,,,,,,,,,,,,,,,,,,,,,,,,,,,,
10147,2019,4,16,16,15,14.8,92,730,414,3.3000000000000003,,,,,,,,,,,,,,,,,,,,,,,,,,,,,,,,,,,,
10148,2019,4,16,16,30,14.5,88,704,374,3.1,,,,,,,,,,,,,,,,,,,,,,,,,,,,,,,,,,,,
10149,2019,4,16,16,45,14.100000000000001,82,679,333,2.9000000000000004,,,,,,,,,,,,,,,,,,,,,,,,,,,,,,,,,,,,
10150,2019,4,16,17,0,13.8,78,645,292,2.7,,,,,,,,,,,,,,,,,,,,,,,,,,,,,,,,,,,,
10151,2019,4,16,17,15,12.9,72,606,251,2.5,,,,,,,,,,,,,,,,,,,,,,,,,,,,,,,,,,,,
10152,2019,4,16,17,30,12.100000000000001,66,561,210,2.3000000000000003,,,,,,,,,,,,,,,,,,,,,,,,,,,,,,,,,,,,
10153,2019,4,16,17,45,11.3,59,514,170,2.2,,,,,,,,,,,,,,,,,,,,,,,,,,,,,,,,,,,,
10154,2019,4,16,18,0,10.4,51,451,131,2,,,,,,,,,,,,,,,,,,,,,,,,,,,,,,,,,,,,
10155,2019,4,16,18,15,9.8,42,377,94,2.1,,,,,,,,,,,,,,,,,,,,,,,,,,,,,,,,,,,,
10156,2019,4,16,18,30,9.200000000000001,33,289,61,2.1,,,,,,,,,,,,,,,,,,,,,,,,,,,,,,,,,,,,
10157,2019,4,16,18,45,8.6,22,192,33,2.2,,,,,,,,,,,,,,,,,,,,,,,,,,,,,,,,,,,,
10158,2019,4,16,19,0,8,11,81,13,2.3000000000000003,,,,,,,,,,,,,,,,,,,,,,,,,,,,,,,,,,,,
10159,2019,4,16,19,15,7.800000000000001,0,0,0,2.4000000000000004,,,,,,,,,,,,,,,,,,,,,,,,,,,,,,,,,,,,
10160,2019,4,16,19,30,7.7,0,0,0,2.4000000000000004,,,,,,,,,,,,,,,,,,,,,,,,,,,,,,,,,,,,
10161,2019,4,16,19,45,7.5,0,0,0,2.5,,,,,,,,,,,,,,,,,,,,,,,,,,,,,,,,,,,,
10162,2019,4,16,20,0,7.300000000000001,0,0,0,2.6,,,,,,,,,,,,,,,,,,,,,,,,,,,,,,,,,,,,
10163,2019,4,16,20,15,7,0,0,0,2.6,,,,,,,,,,,,,,,,,,,,,,,,,,,,,,,,,,,,
10164,2019,4,16,20,30,6.800000000000001,0,0,0,2.6,,,,,,,,,,,,,,,,,,,,,,,,,,,,,,,,,,,,
10165,2019,4,16,20,45,6.6000000000000005,0,0,0,2.6,,,,,,,,,,,,,,,,,,,,,,,,,,,,,,,,,,,,
10166,2019,4,16,21,0,6.4,0,0,0,2.6,,,,,,,,,,,,,,,,,,,,,,,,,,,,,,,,,,,,
10167,2019,4,16,21,15,6.1000000000000005,0,0,0,2.6,,,,,,,,,,,,,,,,,,,,,,,,,,,,,,,,,,,,
10168,2019,4,16,21,30,5.9,0,0,0,2.6,,,,,,,,,,,,,,,,,,,,,,,,,,,,,,,,,,,,
10169,2019,4,16,21,45,5.7,0,0,0,2.5,,,,,,,,,,,,,,,,,,,,,,,,,,,,,,,,,,,,
10170,2019,4,16,22,0,5.5,0,0,0,2.5,,,,,,,,,,,,,,,,,,,,,,,,,,,,,,,,,,,,
10171,2019,4,16,22,15,5.300000000000001,0,0,0,2.5,,,,,,,,,,,,,,,,,,,,,,,,,,,,,,,,,,,,
10172,2019,4,16,22,30,5.1000000000000005,0,0,0,2.5,,,,,,,,,,,,,,,,,,,,,,,,,,,,,,,,,,,,
10173,2019,4,16,22,45,4.800000000000001,0,0,0,2.4000000000000004,,,,,,,,,,,,,,,,,,,,,,,,,,,,,,,,,,,,
10174,2019,4,16,23,0,4.6000000000000005,0,0,0,2.4000000000000004,,,,,,,,,,,,,,,,,,,,,,,,,,,,,,,,,,,,
10175,2019,4,16,23,15,4.4,0,0,0,2.3000000000000003,,,,,,,,,,,,,,,,,,,,,,,,,,,,,,,,,,,,
10176,2019,4,16,23,30,4.1000000000000005,0,0,0,2.2,,,,,,,,,,,,,,,,,,,,,,,,,,,,,,,,,,,,
10177,2019,4,16,23,45,3.9000000000000004,0,0,0,2.1,,,,,,,,,,,,,,,,,,,,,,,,,,,,,,,,,,,,
10178,2019,4,17,0,0,3.6,0,0,0,2,,,,,,,,,,,,,,,,,,,,,,,,,,,,,,,,,,,,
10179,2019,4,17,0,15,3.6,0,0,0,2,,,,,,,,,,,,,,,,,,,,,,,,,,,,,,,,,,,,
10180,2019,4,17,0,30,3.6,0,0,0,2,,,,,,,,,,,,,,,,,,,,,,,,,,,,,,,,,,,,
10181,2019,4,17,0,45,3.6,0,0,0,2,,,,,,,,,,,,,,,,,,,,,,,,,,,,,,,,,,,,
10182,2019,4,17,1,0,2.7,0,0,0,1.8,,,,,,,,,,,,,,,,,,,,,,,,,,,,,,,,,,,,
10183,2019,4,17,1,15,2.6,0,0,0,1.8,,,,,,,,,,,,,,,,,,,,,,,,,,,,,,,,,,,,
10184,2019,4,17,1,30,2.4000000000000004,0,0,0,1.8,,,,,,,,,,,,,,,,,,,,,,,,,,,,,,,,,,,,
10185,2019,4,17,1,45,2.2,0,0,0,1.7000000000000002,,,,,,,,,,,,,,,,,,,,,,,,,,,,,,,,,,,,
10186,2019,4,17,2,0,2,0,0,0,1.7000000000000002,,,,,,,,,,,,,,,,,,,,,,,,,,,,,,,,,,,,
10187,2019,4,17,2,15,1.9000000000000001,0,0,0,1.7000000000000002,,,,,,,,,,,,,,,,,,,,,,,,,,,,,,,,,,,,
10188,2019,4,17,2,30,1.7000000000000002,0,0,0,1.7000000000000002,,,,,,,,,,,,,,,,,,,,,,,,,,,,,,,,,,,,
10189,2019,4,17,2,45,1.5,0,0,0,1.7000000000000002,,,,,,,,,,,,,,,,,,,,,,,,,,,,,,,,,,,,
10190,2019,4,17,3,0,1.4000000000000001,0,0,0,1.7000000000000002,,,,,,,,,,,,,,,,,,,,,,,,,,,,,,,,,,,,
10191,2019,4,17,3,15,1.2000000000000002,0,0,0,1.7000000000000002,,,,,,,,,,,,,,,,,,,,,,,,,,,,,,,,,,,,
10192,2019,4,17,3,30,1.1,0,0,0,1.7000000000000002,,,,,,,,,,,,,,,,,,,,,,,,,,,,,,,,,,,,
10193,2019,4,17,3,45,0.9,0,0,0,1.7000000000000002,,,,,,,,,,,,,,,,,,,,,,,,,,,,,,,,,,,,
10194,2019,4,17,4,0,0.7000000000000001,0,0,0,1.7000000000000002,,,,,,,,,,,,,,,,,,,,,,,,,,,,,,,,,,,,
10195,2019,4,17,4,15,0.7000000000000001,0,0,0,1.8,,,,,,,,,,,,,,,,,,,,,,,,,,,,,,,,,,,,
10196,2019,4,17,4,30,0.7000000000000001,0,0,0,1.9000000000000001,,,,,,,,,,,,,,,,,,,,,,,,,,,,,,,,,,,,
10197,2019,4,17,4,45,0.7000000000000001,0,0,0,2,,,,,,,,,,,,,,,,,,,,,,,,,,,,,,,,,,,,
10198,2019,4,17,5,0,0.7000000000000001,0,0,0,2.1,,,,,,,,,,,,,,,,,,,,,,,,,,,,,,,,,,,,
10199,2019,4,17,5,15,1.1,0,0,0,2.3000000000000003,,,,,,,,,,,,,,,,,,,,,,,,,,,,,,,,,,,,
10200,2019,4,17,5,30,1.6,13,105,16,2.5,,,,,,,,,,,,,,,,,,,,,,,,,,,,,,,,,,,,
10201,2019,4,17,5,45,2.1,24,225,40,2.7,,,,,,,,,,,,,,,,,,,,,,,,,,,,,,,,,,,,
10202,2019,4,17,6,0,2.5,35,329,70,2.9000000000000004,,,,,,,,,,,,,,,,,,,,,,,,,,,,,,,,,,,,
10203,2019,4,17,6,15,3,44,416,105,2.8000000000000003,,,,,,,,,,,,,,,,,,,,,,,,,,,,,,,,,,,,
10204,2019,4,17,6,30,3.5,52,488,142,2.8000000000000003,,,,,,,,,,,,,,,,,,,,,,,,,,,,,,,,,,,,
10205,2019,4,17,6,45,4,58,556,183,2.8000000000000003,,,,,,,,,,,,,,,,,,,,,,,,,,,,,,,,,,,,
10206,2019,4,17,7,0,4.6000000000000005,64,613,226,2.8000000000000003,,,,,,,,,,,,,,,,,,,,,,,,,,,,,,,,,,,,
10207,2019,4,17,7,15,5.4,69,656,269,3,,,,,,,,,,,,,,,,,,,,,,,,,,,,,,,,,,,,
10208,2019,4,17,7,30,6.300000000000001,74,693,311,3.1,,,,,,,,,,,,,,,,,,,,,,,,,,,,,,,,,,,,
10209,2019,4,17,7,45,7.2,78,731,354,3.2,,,,,,,,,,,,,,,,,,,,,,,,,,,,,,,,,,,,
10210,2019,4,17,8,0,8.1,82,758,396,3.4000000000000004,,,,,,,,,,,,,,,,,,,,,,,,,,,,,,,,,,,,
10211,2019,4,17,8,15,9,85,782,437,3.6,,,,,,,,,,,,,,,,,,,,,,,,,,,,,,,,,,,,
10212,2019,4,17,8,30,9.9,88,803,476,3.9000000000000004,,,,,,,,,,,,,,,,,,,,,,,,,,,,,,,,,,,,
10213,2019,4,17,8,45,10.8,91,823,515,4.1000000000000005,,,,,,,,,,,,,,,,,,,,,,,,,,,,,,,,,,,,
10214,2019,4,17,9,0,11.700000000000001,93,840,552,4.4,,,,,,,,,,,,,,,,,,,,,,,,,,,,,,,,,,,,
10215,2019,4,17,9,15,12.3,96,854,587,4.5,,,,,,,,,,,,,,,,,,,,,,,,,,,,,,,,,,,,
10216,2019,4,17,9,30,12.8,98,866,620,4.5,,,,,,,,,,,,,,,,,,,,,,,,,,,,,,,,,,,,
10217,2019,4,17,9,45,13.4,100,876,650,4.6000000000000005,,,,,,,,,,,,,,,,,,,,,,,,,,,,,,,,,,,,
10218,2019,4,17,10,0,13.9,102,886,678,4.7,,,,,,,,,,,,,,,,,,,,,,,,,,,,,,,,,,,,
10219,2019,4,17,10,15,14.200000000000001,103,894,703,4.7,,,,,,,,,,,,,,,,,,,,,,,,,,,,,,,,,,,,
10220,2019,4,17,10,30,14.600000000000001,105,901,726,4.6000000000000005,,,,,,,,,,,,,,,,,,,,,,,,,,,,,,,,,,,,
10221,2019,4,17,10,45,14.9,106,907,746,4.6000000000000005,,,,,,,,,,,,,,,,,,,,,,,,,,,,,,,,,,,,
10222,2019,4,17,11,0,15.200000000000001,107,912,763,4.6000000000000005,,,,,,,,,,,,,,,,,,,,,,,,,,,,,,,,,,,,
10223,2019,4,17,11,15,15.4,108,916,777,4.5,,,,,,,,,,,,,,,,,,,,,,,,,,,,,,,,,,,,
10224,2019,4,17,11,30,15.700000000000001,108,919,788,4.5,,,,,,,,,,,,,,,,,,,,,,,,,,,,,,,,,,,,
10225,2019,4,17,11,45,15.9,109,921,796,4.5,,,,,,,,,,,,,,,,,,,,,,,,,,,,,,,,,,,,
10226,2019,4,17,12,0,16.1,109,922,801,4.4,,,,,,,,,,,,,,,,,,,,,,,,,,,,,,,,,,,,
10227,2019,4,17,12,15,16.2,109,922,802,4.4,,,,,,,,,,,,,,,,,,,,,,,,,,,,,,,,,,,,
10228,2019,4,17,12,30,16.400000000000002,109,922,800,4.3,,,,,,,,,,,,,,,,,,,,,,,,,,,,,,,,,,,,
10229,2019,4,17,12,45,16.5,109,920,795,4.3,,,,,,,,,,,,,,,,,,,,,,,,,,,,,,,,,,,,
10230,2019,4,17,13,0,16.7,108,918,787,4.2,,,,,,,,,,,,,,,,,,,,,,,,,,,,,,,,,,,,
10231,2019,4,17,13,15,16.8,108,915,775,4.2,,,,,,,,,,,,,,,,,,,,,,,,,,,,,,,,,,,,
10232,2019,4,17,13,30,16.8,107,911,762,4.1000000000000005,,,,,,,,,,,,,,,,,,,,,,,,,,,,,,,,,,,,
10233,2019,4,17,13,45,16.900000000000002,107,905,744,4,,,,,,,,,,,,,,,,,,,,,,,,,,,,,,,,,,,,
10234,2019,4,17,14,0,16.900000000000002,106,894,720,4,,,,,,,,,,,,,,,,,,,,,,,,,,,,,,,,,,,,
10235,2019,4,17,14,15,16.900000000000002,104,886,697,3.9000000000000004,,,,,,,,,,,,,,,,,,,,,,,,,,,,,,,,,,,,
10236,2019,4,17,14,30,16.900000000000002,103,878,671,3.9000000000000004,,,,,,,,,,,,,,,,,,,,,,,,,,,,,,,,,,,,
10237,2019,4,17,14,45,16.900000000000002,102,866,642,3.8000000000000003,,,,,,,,,,,,,,,,,,,,,,,,,,,,,,,,,,,,
10238,2019,4,17,15,0,16.900000000000002,100,854,611,3.8000000000000003,,,,,,,,,,,,,,,,,,,,,,,,,,,,,,,,,,,,
10239,2019,4,17,15,15,16.7,98,842,578,3.7,,,,,,,,,,,,,,,,,,,,,,,,,,,,,,,,,,,,
10240,2019,4,17,15,30,16.6,95,827,543,3.7,,,,,,,,,,,,,,,,,,,,,,,,,,,,,,,,,,,,
10241,2019,4,17,15,45,16.5,94,801,503,3.7,,,,,,,,,,,,,,,,,,,,,,,,,,,,,,,,,,,,
10242,2019,4,17,16,0,16.3,91,782,466,3.6,,,,,,,,,,,,,,,,,,,,,,,,,,,,,,,,,,,,
10243,2019,4,17,16,15,16,88,760,426,3.4000000000000004,,,,,,,,,,,,,,,,,,,,,,,,,,,,,,,,,,,,
10244,2019,4,17,16,30,15.700000000000001,84,735,385,3.2,,,,,,,,,,,,,,,,,,,,,,,,,,,,,,,,,,,,
10245,2019,4,17,16,45,15.3,82,699,343,2.9000000000000004,,,,,,,,,,,,,,,,,,,,,,,,,,,,,,,,,,,,
10246,2019,4,17,17,0,15,77,661,299,2.7,,,,,,,,,,,,,,,,,,,,,,,,,,,,,,,,,,,,
10247,2019,4,17,17,15,14.200000000000001,72,623,258,2.5,,,,,,,,,,,,,,,,,,,,,,,,,,,,,,,,,,,,
10248,2019,4,17,17,30,13.5,66,578,216,2.3000000000000003,,,,,,,,,,,,,,,,,,,,,,,,,,,,,,,,,,,,
10249,2019,4,17,17,45,12.700000000000001,61,516,175,2.1,,,,,,,,,,,,,,,,,,,,,,,,,,,,,,,,,,,,
10250,2019,4,17,18,0,11.9,53,451,135,1.9000000000000001,,,,,,,,,,,,,,,,,,,,,,,,,,,,,,,,,,,,
10251,2019,4,17,18,15,11.4,45,377,98,1.9000000000000001,,,,,,,,,,,,,,,,,,,,,,,,,,,,,,,,,,,,
10252,2019,4,17,18,30,10.8,35,289,64,2,,,,,,,,,,,,,,,,,,,,,,,,,,,,,,,,,,,,
10253,2019,4,17,18,45,10.3,24,183,36,2,,,,,,,,,,,,,,,,,,,,,,,,,,,,,,,,,,,,
10254,2019,4,17,19,0,9.700000000000001,12,77,14,2.1,,,,,,,,,,,,,,,,,,,,,,,,,,,,,,,,,,,,
10255,2019,4,17,19,15,9.5,0,0,0,2.1,,,,,,,,,,,,,,,,,,,,,,,,,,,,,,,,,,,,
10256,2019,4,17,19,30,9.4,0,0,0,2.1,,,,,,,,,,,,,,,,,,,,,,,,,,,,,,,,,,,,
10257,2019,4,17,19,45,9.200000000000001,0,0,0,2.2,,,,,,,,,,,,,,,,,,,,,,,,,,,,,,,,,,,,
10258,2019,4,17,20,0,9.1,0,0,0,2.2,,,,,,,,,,,,,,,,,,,,,,,,,,,,,,,,,,,,
10259,2019,4,17,20,15,8.9,0,0,0,2.2,,,,,,,,,,,,,,,,,,,,,,,,,,,,,,,,,,,,
10260,2019,4,17,20,30,8.700000000000001,0,0,0,2.1,,,,,,,,,,,,,,,,,,,,,,,,,,,,,,,,,,,,
10261,2019,4,17,20,45,8.5,0,0,0,2.1,,,,,,,,,,,,,,,,,,,,,,,,,,,,,,,,,,,,
10262,2019,4,17,21,0,8.3,0,0,0,2.1,,,,,,,,,,,,,,,,,,,,,,,,,,,,,,,,,,,,
10263,2019,4,17,21,15,8.1,0,0,0,2.1,,,,,,,,,,,,,,,,,,,,,,,,,,,,,,,,,,,,
10264,2019,4,17,21,30,7.800000000000001,0,0,0,2,,,,,,,,,,,,,,,,,,,,,,,,,,,,,,,,,,,,
10265,2019,4,17,21,45,7.6000000000000005,0,0,0,2,,,,,,,,,,,,,,,,,,,,,,,,,,,,,,,,,,,,
10266,2019,4,17,22,0,7.4,0,0,0,1.9000000000000001,,,,,,,,,,,,,,,,,,,,,,,,,,,,,,,,,,,,
10267,2019,4,17,22,15,7.1000000000000005,0,0,0,1.9000000000000001,,,,,,,,,,,,,,,,,,,,,,,,,,,,,,,,,,,,
10268,2019,4,17,22,30,6.9,0,0,0,1.8,,,,,,,,,,,,,,,,,,,,,,,,,,,,,,,,,,,,
10269,2019,4,17,22,45,6.7,0,0,0,1.7000000000000002,,,,,,,,,,,,,,,,,,,,,,,,,,,,,,,,,,,,
10270,2019,4,17,23,0,6.4,0,0,0,1.7000000000000002,,,,,,,,,,,,,,,,,,,,,,,,,,,,,,,,,,,,
10271,2019,4,17,23,15,6.2,0,0,0,1.6,,,,,,,,,,,,,,,,,,,,,,,,,,,,,,,,,,,,
10272,2019,4,17,23,30,6,0,0,0,1.5,,,,,,,,,,,,,,,,,,,,,,,,,,,,,,,,,,,,
10273,2019,4,17,23,45,5.800000000000001,0,0,0,1.5,,,,,,,,,,,,,,,,,,,,,,,,,,,,,,,,,,,,
10274,2019,4,18,0,0,5.6000000000000005,0,0,0,1.4000000000000001,,,,,,,,,,,,,,,,,,,,,,,,,,,,,,,,,,,,
10275,2019,4,18,0,15,5.6000000000000005,0,0,0,1.4000000000000001,,,,,,,,,,,,,,,,,,,,,,,,,,,,,,,,,,,,
10276,2019,4,18,0,30,5.6000000000000005,0,0,0,1.4000000000000001,,,,,,,,,,,,,,,,,,,,,,,,,,,,,,,,,,,,
10277,2019,4,18,0,45,5.6000000000000005,0,0,0,1.4000000000000001,,,,,,,,,,,,,,,,,,,,,,,,,,,,,,,,,,,,
10278,2019,4,18,1,0,4.9,0,0,0,1.3,,,,,,,,,,,,,,,,,,,,,,,,,,,,,,,,,,,,
10279,2019,4,18,1,15,4.800000000000001,0,0,0,1.3,,,,,,,,,,,,,,,,,,,,,,,,,,,,,,,,,,,,
10280,2019,4,18,1,30,4.6000000000000005,0,0,0,1.3,,,,,,,,,,,,,,,,,,,,,,,,,,,,,,,,,,,,
10281,2019,4,18,1,45,4.5,0,0,0,1.2000000000000002,,,,,,,,,,,,,,,,,,,,,,,,,,,,,,,,,,,,
10282,2019,4,18,2,0,4.4,0,0,0,1.2000000000000002,,,,,,,,,,,,,,,,,,,,,,,,,,,,,,,,,,,,
10283,2019,4,18,2,15,4.2,0,0,0,1.2000000000000002,,,,,,,,,,,,,,,,,,,,,,,,,,,,,,,,,,,,
10284,2019,4,18,2,30,4.1000000000000005,0,0,0,1.2000000000000002,,,,,,,,,,,,,,,,,,,,,,,,,,,,,,,,,,,,
10285,2019,4,18,2,45,4,0,0,0,1.2000000000000002,,,,,,,,,,,,,,,,,,,,,,,,,,,,,,,,,,,,
10286,2019,4,18,3,0,3.9000000000000004,0,0,0,1.2000000000000002,,,,,,,,,,,,,,,,,,,,,,,,,,,,,,,,,,,,
10287,2019,4,18,3,15,3.7,0,0,0,1.2000000000000002,,,,,,,,,,,,,,,,,,,,,,,,,,,,,,,,,,,,
10288,2019,4,18,3,30,3.6,0,0,0,1.2000000000000002,,,,,,,,,,,,,,,,,,,,,,,,,,,,,,,,,,,,
10289,2019,4,18,3,45,3.5,0,0,0,1.2000000000000002,,,,,,,,,,,,,,,,,,,,,,,,,,,,,,,,,,,,
10290,2019,4,18,4,0,3.3000000000000003,0,0,0,1.2000000000000002,,,,,,,,,,,,,,,,,,,,,,,,,,,,,,,,,,,,
10291,2019,4,18,4,15,3.3000000000000003,0,0,0,1.2000000000000002,,,,,,,,,,,,,,,,,,,,,,,,,,,,,,,,,,,,
10292,2019,4,18,4,30,3.2,0,0,0,1.2000000000000002,,,,,,,,,,,,,,,,,,,,,,,,,,,,,,,,,,,,
10293,2019,4,18,4,45,3.2,0,0,0,1.2000000000000002,,,,,,,,,,,,,,,,,,,,,,,,,,,,,,,,,,,,
10294,2019,4,18,5,0,3.1,0,0,0,1.2000000000000002,,,,,,,,,,,,,,,,,,,,,,,,,,,,,,,,,,,,
10295,2019,4,18,5,15,3.8000000000000003,0,0,0,1.3,,,,,,,,,,,,,,,,,,,,,,,,,,,,,,,,,,,,
10296,2019,4,18,5,30,4.4,14,75,17,1.4000000000000001,,,,,,,,,,,,,,,,,,,,,,,,,,,,,,,,,,,,
10297,2019,4,18,5,45,5.1000000000000005,27,166,39,1.5,,,,,,,,,,,,,,,,,,,,,,,,,,,,,,,,,,,,
10298,2019,4,18,6,0,5.7,39,261,69,1.6,,,,,,,,,,,,,,,,,,,,,,,,,,,,,,,,,,,,
10299,2019,4,18,6,15,6.300000000000001,50,344,102,1.8,,,,,,,,,,,,,,,,,,,,,,,,,,,,,,,,,,,,
10300,2019,4,18,6,30,6.800000000000001,60,416,140,2,,,,,,,,,,,,,,,,,,,,,,,,,,,,,,,,,,,,
10301,2019,4,18,6,45,7.4,69,474,178,2.2,,,,,,,,,,,,,,,,,,,,,,,,,,,,,,,,,,,,
10302,2019,4,18,7,0,8,76,527,219,2.3000000000000003,,,,,,,,,,,,,,,,,,,,,,,,,,,,,,,,,,,,
10303,2019,4,18,7,15,8.6,83,573,260,2.3000000000000003,,,,,,,,,,,,,,,,,,,,,,,,,,,,,,,,,,,,
10304,2019,4,18,7,30,9.3,89,613,301,2.3000000000000003,,,,,,,,,,,,,,,,,,,,,,,,,,,,,,,,,,,,
10305,2019,4,18,7,45,10,94,647,343,2.3000000000000003,,,,,,,,,,,,,,,,,,,,,,,,,,,,,,,,,,,,
10306,2019,4,18,8,0,10.600000000000001,99,677,384,2.3000000000000003,,,,,,,,,,,,,,,,,,,,,,,,,,,,,,,,,,,,
10307,2019,4,18,8,15,11.5,104,704,424,2.6,,,,,,,,,,,,,,,,,,,,,,,,,,,,,,,,,,,,
10308,2019,4,18,8,30,12.4,108,727,463,2.9000000000000004,,,,,,,,,,,,,,,,,,,,,,,,,,,,,,,,,,,,
10309,2019,4,18,8,45,13.3,111,748,500,3.1,,,,,,,,,,,,,,,,,,,,,,,,,,,,,,,,,,,,
10310,2019,4,18,9,0,14.200000000000001,115,766,536,3.4000000000000004,,,,,,,,,,,,,,,,,,,,,,,,,,,,,,,,,,,,
10311,2019,4,18,9,15,14.9,118,781,571,3.6,,,,,,,,,,,,,,,,,,,,,,,,,,,,,,,,,,,,
10312,2019,4,18,9,30,15.700000000000001,120,795,603,3.9000000000000004,,,,,,,,,,,,,,,,,,,,,,,,,,,,,,,,,,,,
10313,2019,4,18,9,45,16.400000000000002,126,800,631,4.1000000000000005,,,,,,,,,,,,,,,,,,,,,,,,,,,,,,,,,,,,
10314,2019,4,18,10,0,17.1,128,811,659,4.3,,,,,,,,,,,,,,,,,,,,,,,,,,,,,,,,,,,,
10315,2019,4,18,10,15,17.400000000000002,130,820,684,4.5,,,,,,,,,,,,,,,,,,,,,,,,,,,,,,,,,,,,
10316,2019,4,18,10,30,17.7,132,828,707,4.6000000000000005,,,,,,,,,,,,,,,,,,,,,,,,,,,,,,,,,,,,
10317,2019,4,18,10,45,18,133,836,727,4.7,,,,,,,,,,,,,,,,,,,,,,,,,,,,,,,,,,,,
10318,2019,4,18,11,0,18.400000000000002,134,842,743,4.800000000000001,,,,,,,,,,,,,,,,,,,,,,,,,,,,,,,,,,,,
10319,2019,4,18,11,15,18.5,136,846,758,4.800000000000001,,,,,,,,,,,,,,,,,,,,,,,,,,,,,,,,,,,,
10320,2019,4,18,11,30,18.7,137,850,769,4.9,,,,,,,,,,,,,,,,,,,,,,,,,,,,,,,,,,,,
10321,2019,4,18,11,45,18.8,135,855,777,4.9,,,,,,,,,,,,,,,,,,,,,,,,,,,,,,,,,,,,
10322,2019,4,18,12,0,19,136,857,782,5,,,,,,,,,,,,,,,,,,,,,,,,,,,,,,,,,,,,
10323,2019,4,18,12,15,19.1,136,857,783,5,,,,,,,,,,,,,,,,,,,,,,,,,,,,,,,,,,,,
10324,2019,4,18,12,30,19.200000000000003,136,857,781,5,,,,,,,,,,,,,,,,,,,,,,,,,,,,,,,,,,,,
10325,2019,4,18,12,45,19.3,139,848,775,5,,,,,,,,,,,,,,,,,,,,,,,,,,,,,,,,,,,,
10326,2019,4,18,13,0,19.3,138,845,766,4.9,,,,,,,,,,,,,,,,,,,,,,,,,,,,,,,,,,,,
10327,2019,4,18,13,15,19.3,138,842,755,4.9,,,,,,,,,,,,,,,,,,,,,,,,,,,,,,,,,,,,
10328,2019,4,18,13,30,19.3,137,837,741,4.9,,,,,,,,,,,,,,,,,,,,,,,,,,,,,,,,,,,,
10329,2019,4,18,13,45,19.3,135,832,724,4.800000000000001,,,,,,,,,,,,,,,,,,,,,,,,,,,,,,,,,,,,
10330,2019,4,18,14,0,19.3,134,825,704,4.800000000000001,,,,,,,,,,,,,,,,,,,,,,,,,,,,,,,,,,,,
10331,2019,4,18,14,15,19.3,133,817,682,4.7,,,,,,,,,,,,,,,,,,,,,,,,,,,,,,,,,,,,
10332,2019,4,18,14,30,19.200000000000003,131,807,656,4.7,,,,,,,,,,,,,,,,,,,,,,,,,,,,,,,,,,,,
10333,2019,4,18,14,45,19.1,128,798,629,4.6000000000000005,,,,,,,,,,,,,,,,,,,,,,,,,,,,,,,,,,,,
10334,2019,4,18,15,0,19,125,785,598,4.6000000000000005,,,,,,,,,,,,,,,,,,,,,,,,,,,,,,,,,,,,
10335,2019,4,18,15,15,18.900000000000002,122,767,563,4.5,,,,,,,,,,,,,,,,,,,,,,,,,,,,,,,,,,,,
10336,2019,4,18,15,30,18.7,119,751,529,4.4,,,,,,,,,,,,,,,,,,,,,,,,,,,,,,,,,,,,
10337,2019,4,18,15,45,18.5,114,737,494,4.2,,,,,,,,,,,,,,,,,,,,,,,,,,,,,,,,,,,,
10338,2019,4,18,16,0,18.400000000000002,110,716,456,4.1000000000000005,,,,,,,,,,,,,,,,,,,,,,,,,,,,,,,,,,,,
10339,2019,4,18,16,15,18,106,693,417,3.8000000000000003,,,,,,,,,,,,,,,,,,,,,,,,,,,,,,,,,,,,
10340,2019,4,18,16,30,17.6,101,666,377,3.5,,,,,,,,,,,,,,,,,,,,,,,,,,,,,,,,,,,,
10341,2019,4,18,16,45,17.2,94,643,337,3.3000000000000003,,,,,,,,,,,,,,,,,,,,,,,,,,,,,,,,,,,,
10342,2019,4,18,17,0,16.900000000000002,89,609,296,3,,,,,,,,,,,,,,,,,,,,,,,,,,,,,,,,,,,,
10343,2019,4,18,17,15,16.1,83,569,255,2.8000000000000003,,,,,,,,,,,,,,,,,,,,,,,,,,,,,,,,,,,,
10344,2019,4,18,17,30,15.3,76,523,214,2.5,,,,,,,,,,,,,,,,,,,,,,,,,,,,,,,,,,,,
10345,2019,4,18,17,45,14.5,67,481,175,2.3000000000000003,,,,,,,,,,,,,,,,,,,,,,,,,,,,,,,,,,,,
10346,2019,4,18,18,0,13.700000000000001,58,419,136,2.1,,,,,,,,,,,,,,,,,,,,,,,,,,,,,,,,,,,,
10347,2019,4,18,18,15,13.100000000000001,49,346,99,2.1,,,,,,,,,,,,,,,,,,,,,,,,,,,,,,,,,,,,
10348,2019,4,18,18,30,12.5,38,262,66,2.1,,,,,,,,,,,,,,,,,,,,,,,,,,,,,,,,,,,,
10349,2019,4,18,18,45,11.9,26,173,37,2.2,,,,,,,,,,,,,,,,,,,,,,,,,,,,,,,,,,,,
10350,2019,4,18,19,0,11.3,13,73,16,2.2,,,,,,,,,,,,,,,,,,,,,,,,,,,,,,,,,,,,
10351,2019,4,18,19,15,11.100000000000001,0,0,0,2.2,,,,,,,,,,,,,,,,,,,,,,,,,,,,,,,,,,,,
10352,2019,4,18,19,30,10.9,0,0,0,2.3000000000000003,,,,,,,,,,,,,,,,,,,,,,,,,,,,,,,,,,,,
10353,2019,4,18,19,45,10.8,0,0,0,2.3000000000000003,,,,,,,,,,,,,,,,,,,,,,,,,,,,,,,,,,,,
10354,2019,4,18,20,0,10.600000000000001,0,0,0,2.4000000000000004,,,,,,,,,,,,,,,,,,,,,,,,,,,,,,,,,,,,
10355,2019,4,18,20,15,10.4,0,0,0,2.4000000000000004,,,,,,,,,,,,,,,,,,,,,,,,,,,,,,,,,,,,
10356,2019,4,18,20,30,10.200000000000001,0,0,0,2.4000000000000004,,,,,,,,,,,,,,,,,,,,,,,,,,,,,,,,,,,,
10357,2019,4,18,20,45,10,0,0,0,2.4000000000000004,,,,,,,,,,,,,,,,,,,,,,,,,,,,,,,,,,,,
10358,2019,4,18,21,0,9.8,0,0,0,2.3000000000000003,,,,,,,,,,,,,,,,,,,,,,,,,,,,,,,,,,,,
10359,2019,4,18,21,15,9.600000000000001,0,0,0,2.3000000000000003,,,,,,,,,,,,,,,,,,,,,,,,,,,,,,,,,,,,
10360,2019,4,18,21,30,9.4,0,0,0,2.3000000000000003,,,,,,,,,,,,,,,,,,,,,,,,,,,,,,,,,,,,
10361,2019,4,18,21,45,9.200000000000001,0,0,0,2.3000000000000003,,,,,,,,,,,,,,,,,,,,,,,,,,,,,,,,,,,,
10362,2019,4,18,22,0,8.9,0,0,0,2.2,,,,,,,,,,,,,,,,,,,,,,,,,,,,,,,,,,,,
10363,2019,4,18,22,15,8.700000000000001,0,0,0,2.2,,,,,,,,,,,,,,,,,,,,,,,,,,,,,,,,,,,,
10364,2019,4,18,22,30,8.5,0,0,0,2.1,,,,,,,,,,,,,,,,,,,,,,,,,,,,,,,,,,,,
10365,2019,4,18,22,45,8.3,0,0,0,2.1,,,,,,,,,,,,,,,,,,,,,,,,,,,,,,,,,,,,
10366,2019,4,18,23,0,8.1,0,0,0,2,,,,,,,,,,,,,,,,,,,,,,,,,,,,,,,,,,,,
10367,2019,4,18,23,15,7.9,0,0,0,2,,,,,,,,,,,,,,,,,,,,,,,,,,,,,,,,,,,,
10368,2019,4,18,23,30,7.7,0,0,0,1.9000000000000001,,,,,,,,,,,,,,,,,,,,,,,,,,,,,,,,,,,,
10369,2019,4,18,23,45,7.5,0,0,0,1.9000000000000001,,,,,,,,,,,,,,,,,,,,,,,,,,,,,,,,,,,,
10370,2019,4,19,0,0,7.300000000000001,0,0,0,1.8,,,,,,,,,,,,,,,,,,,,,,,,,,,,,,,,,,,,
10371,2019,4,19,0,15,7.300000000000001,0,0,0,1.8,,,,,,,,,,,,,,,,,,,,,,,,,,,,,,,,,,,,
10372,2019,4,19,0,30,7.300000000000001,0,0,0,1.8,,,,,,,,,,,,,,,,,,,,,,,,,,,,,,,,,,,,
10373,2019,4,19,0,45,7.300000000000001,0,0,0,1.8,,,,,,,,,,,,,,,,,,,,,,,,,,,,,,,,,,,,
10374,2019,4,19,1,0,6.6000000000000005,0,0,0,1.6,,,,,,,,,,,,,,,,,,,,,,,,,,,,,,,,,,,,
10375,2019,4,19,1,15,6.4,0,0,0,1.6,,,,,,,,,,,,,,,,,,,,,,,,,,,,,,,,,,,,
10376,2019,4,19,1,30,6.300000000000001,0,0,0,1.6,,,,,,,,,,,,,,,,,,,,,,,,,,,,,,,,,,,,
10377,2019,4,19,1,45,6.1000000000000005,0,0,0,1.5,,,,,,,,,,,,,,,,,,,,,,,,,,,,,,,,,,,,
10378,2019,4,19,2,0,6,0,0,0,1.5,,,,,,,,,,,,,,,,,,,,,,,,,,,,,,,,,,,,
10379,2019,4,19,2,15,5.800000000000001,0,0,0,1.5,,,,,,,,,,,,,,,,,,,,,,,,,,,,,,,,,,,,
10380,2019,4,19,2,30,5.7,0,0,0,1.4000000000000001,,,,,,,,,,,,,,,,,,,,,,,,,,,,,,,,,,,,
10381,2019,4,19,2,45,5.5,0,0,0,1.4000000000000001,,,,,,,,,,,,,,,,,,,,,,,,,,,,,,,,,,,,
10382,2019,4,19,3,0,5.4,0,0,0,1.4000000000000001,,,,,,,,,,,,,,,,,,,,,,,,,,,,,,,,,,,,
10383,2019,4,19,3,15,5.300000000000001,0,0,0,1.4000000000000001,,,,,,,,,,,,,,,,,,,,,,,,,,,,,,,,,,,,
10384,2019,4,19,3,30,5.1000000000000005,0,0,0,1.4000000000000001,,,,,,,,,,,,,,,,,,,,,,,,,,,,,,,,,,,,
10385,2019,4,19,3,45,5,0,0,0,1.3,,,,,,,,,,,,,,,,,,,,,,,,,,,,,,,,,,,,
10386,2019,4,19,4,0,4.9,0,0,0,1.3,,,,,,,,,,,,,,,,,,,,,,,,,,,,,,,,,,,,
10387,2019,4,19,4,15,4.9,0,0,0,1.3,,,,,,,,,,,,,,,,,,,,,,,,,,,,,,,,,,,,
10388,2019,4,19,4,30,4.800000000000001,0,0,0,1.3,,,,,,,,,,,,,,,,,,,,,,,,,,,,,,,,,,,,
10389,2019,4,19,4,45,4.800000000000001,0,0,0,1.3,,,,,,,,,,,,,,,,,,,,,,,,,,,,,,,,,,,,
10390,2019,4,19,5,0,4.800000000000001,0,0,0,1.3,,,,,,,,,,,,,,,,,,,,,,,,,,,,,,,,,,,,
10391,2019,4,19,5,15,5.5,0,0,0,1.5,,,,,,,,,,,,,,,,,,,,,,,,,,,,,,,,,,,,
10392,2019,4,19,5,30,6.300000000000001,16,109,21,1.6,,,,,,,,,,,,,,,,,,,,,,,,,,,,,,,,,,,,
10393,2019,4,19,5,45,7,28,218,45,1.8,,,,,,,,,,,,,,,,,,,,,,,,,,,,,,,,,,,,
10394,2019,4,19,6,0,7.7,39,315,76,2,,,,,,,,,,,,,,,,,,,,,,,,,,,,,,,,,,,,
10395,2019,4,19,6,15,8.3,48,397,111,2.1,,,,,,,,,,,,,,,,,,,,,,,,,,,,,,,,,,,,
10396,2019,4,19,6,30,8.9,57,468,149,2.2,,,,,,,,,,,,,,,,,,,,,,,,,,,,,,,,,,,,
10397,2019,4,19,6,45,9.5,64,530,189,2.3000000000000003,,,,,,,,,,,,,,,,,,,,,,,,,,,,,,,,,,,,
10398,2019,4,19,7,0,10,70,580,230,2.4000000000000004,,,,,,,,,,,,,,,,,,,,,,,,,,,,,,,,,,,,
10399,2019,4,19,7,15,10.8,76,623,271,2.4000000000000004,,,,,,,,,,,,,,,,,,,,,,,,,,,,,,,,,,,,
10400,2019,4,19,7,30,11.600000000000001,81,660,313,2.4000000000000004,,,,,,,,,,,,,,,,,,,,,,,,,,,,,,,,,,,,
10401,2019,4,19,7,45,12.3,85,695,355,2.4000000000000004,,,,,,,,,,,,,,,,,,,,,,,,,,,,,,,,,,,,
10402,2019,4,19,8,0,13.100000000000001,89,722,396,2.4000000000000004,,,,,,,,,,,,,,,,,,,,,,,,,,,,,,,,,,,,
10403,2019,4,19,8,15,14,93,747,436,2.6,,,,,,,,,,,,,,,,,,,,,,,,,,,,,,,,,,,,
10404,2019,4,19,8,30,14.9,96,768,475,2.8000000000000003,,,,,,,,,,,,,,,,,,,,,,,,,,,,,,,,,,,,
10405,2019,4,19,8,45,15.8,99,789,513,3,,,,,,,,,,,,,,,,,,,,,,,,,,,,,,,,,,,,
10406,2019,4,19,9,0,16.7,102,805,549,3.3000000000000003,,,,,,,,,,,,,,,,,,,,,,,,,,,,,,,,,,,,
10407,2019,4,19,9,15,17.2,105,820,584,3.4000000000000004,,,,,,,,,,,,,,,,,,,,,,,,,,,,,,,,,,,,
10408,2019,4,19,9,30,17.8,107,832,616,3.5,,,,,,,,,,,,,,,,,,,,,,,,,,,,,,,,,,,,
10409,2019,4,19,9,45,18.3,114,837,646,3.6,,,,,,,,,,,,,,,,,,,,,,,,,,,,,,,,,,,,
10410,2019,4,19,10,0,18.8,116,847,674,3.8000000000000003,,,,,,,,,,,,,,,,,,,,,,,,,,,,,,,,,,,,
10411,2019,4,19,10,15,19.1,117,855,699,3.8000000000000003,,,,,,,,,,,,,,,,,,,,,,,,,,,,,,,,,,,,
10412,2019,4,19,10,30,19.400000000000002,119,863,722,3.9000000000000004,,,,,,,,,,,,,,,,,,,,,,,,,,,,,,,,,,,,
10413,2019,4,19,10,45,19.700000000000003,119,872,742,3.9000000000000004,,,,,,,,,,,,,,,,,,,,,,,,,,,,,,,,,,,,
10414,2019,4,19,11,0,20,120,877,759,4,,,,,,,,,,,,,,,,,,,,,,,,,,,,,,,,,,,,
10415,2019,4,19,11,15,20.200000000000003,120,881,772,4,,,,,,,,,,,,,,,,,,,,,,,,,,,,,,,,,,,,
10416,2019,4,19,11,30,20.3,121,885,783,3.9000000000000004,,,,,,,,,,,,,,,,,,,,,,,,,,,,,,,,,,,,
10417,2019,4,19,11,45,20.5,120,891,792,3.9000000000000004,,,,,,,,,,,,,,,,,,,,,,,,,,,,,,,,,,,,
10418,2019,4,19,12,0,20.700000000000003,120,892,796,3.9000000000000004,,,,,,,,,,,,,,,,,,,,,,,,,,,,,,,,,,,,
10419,2019,4,19,12,15,20.8,120,892,797,3.9000000000000004,,,,,,,,,,,,,,,,,,,,,,,,,,,,,,,,,,,,
10420,2019,4,19,12,30,20.900000000000002,120,892,795,3.9000000000000004,,,,,,,,,,,,,,,,,,,,,,,,,,,,,,,,,,,,
10421,2019,4,19,12,45,21,117,895,792,3.9000000000000004,,,,,,,,,,,,,,,,,,,,,,,,,,,,,,,,,,,,
10422,2019,4,19,13,0,21.1,117,892,783,3.9000000000000004,,,,,,,,,,,,,,,,,,,,,,,,,,,,,,,,,,,,
10423,2019,4,19,13,15,21.1,116,889,772,3.8000000000000003,,,,,,,,,,,,,,,,,,,,,,,,,,,,,,,,,,,,
10424,2019,4,19,13,30,21.1,115,885,758,3.8000000000000003,,,,,,,,,,,,,,,,,,,,,,,,,,,,,,,,,,,,
10425,2019,4,19,13,45,21.200000000000003,113,882,741,3.8000000000000003,,,,,,,,,,,,,,,,,,,,,,,,,,,,,,,,,,,,
10426,2019,4,19,14,0,21.200000000000003,112,876,721,3.7,,,,,,,,,,,,,,,,,,,,,,,,,,,,,,,,,,,,
10427,2019,4,19,14,15,21.1,110,869,698,3.7,,,,,,,,,,,,,,,,,,,,,,,,,,,,,,,,,,,,
10428,2019,4,19,14,30,21,108,860,671,3.6,,,,,,,,,,,,,,,,,,,,,,,,,,,,,,,,,,,,
10429,2019,4,19,14,45,21,106,851,643,3.6,,,,,,,,,,,,,,,,,,,,,,,,,,,,,,,,,,,,
10430,2019,4,19,15,0,20.900000000000002,104,840,613,3.6,,,,,,,,,,,,,,,,,,,,,,,,,,,,,,,,,,,,
10431,2019,4,19,15,15,20.700000000000003,101,827,580,3.4000000000000004,,,,,,,,,,,,,,,,,,,,,,,,,,,,,,,,,,,,
10432,2019,4,19,15,30,20.5,99,813,546,3.3000000000000003,,,,,,,,,,,,,,,,,,,,,,,,,,,,,,,,,,,,
10433,2019,4,19,15,45,20.3,96,797,509,3.2,,,,,,,,,,,,,,,,,,,,,,,,,,,,,,,,,,,,
10434,2019,4,19,16,0,20.1,93,778,471,3.1,,,,,,,,,,,,,,,,,,,,,,,,,,,,,,,,,,,,
10435,2019,4,19,16,15,19.700000000000003,89,757,432,2.8000000000000003,,,,,,,,,,,,,,,,,,,,,,,,,,,,,,,,,,,,
10436,2019,4,19,16,30,19.3,86,732,391,2.5,,,,,,,,,,,,,,,,,,,,,,,,,,,,,,,,,,,,
10437,2019,4,19,16,45,18.8,81,706,350,2.2,,,,,,,,,,,,,,,,,,,,,,,,,,,,,,,,,,,,
10438,2019,4,19,17,0,18.400000000000002,77,674,309,1.9000000000000001,,,,,,,,,,,,,,,,,,,,,,,,,,,,,,,,,,,,
10439,2019,4,19,17,15,17.5,72,637,267,1.9000000000000001,,,,,,,,,,,,,,,,,,,,,,,,,,,,,,,,,,,,
10440,2019,4,19,17,30,16.7,66,594,225,1.8,,,,,,,,,,,,,,,,,,,,,,,,,,,,,,,,,,,,
10441,2019,4,19,17,45,15.8,60,546,184,1.7000000000000002,,,,,,,,,,,,,,,,,,,,,,,,,,,,,,,,,,,,
10442,2019,4,19,18,0,15,52,487,145,1.6,,,,,,,,,,,,,,,,,,,,,,,,,,,,,,,,,,,,
10443,2019,4,19,18,15,14.3,44,417,107,1.6,,,,,,,,,,,,,,,,,,,,,,,,,,,,,,,,,,,,
10444,2019,4,19,18,30,13.600000000000001,35,334,72,1.7000000000000002,,,,,,,,,,,,,,,,,,,,,,,,,,,,,,,,,,,,
10445,2019,4,19,18,45,12.9,25,238,42,1.7000000000000002,,,,,,,,,,,,,,,,,,,,,,,,,,,,,,,,,,,,
10446,2019,4,19,19,0,12.200000000000001,14,126,19,1.8,,,,,,,,,,,,,,,,,,,,,,,,,,,,,,,,,,,,
10447,2019,4,19,19,15,12,0,0,0,1.8,,,,,,,,,,,,,,,,,,,,,,,,,,,,,,,,,,,,
10448,2019,4,19,19,30,11.8,0,0,0,1.8,,,,,,,,,,,,,,,,,,,,,,,,,,,,,,,,,,,,
10449,2019,4,19,19,45,11.5,0,0,0,1.9000000000000001,,,,,,,,,,,,,,,,,,,,,,,,,,,,,,,,,,,,
10450,2019,4,19,20,0,11.3,0,0,0,1.9000000000000001,,,,,,,,,,,,,,,,,,,,,,,,,,,,,,,,,,,,
10451,2019,4,19,20,15,11.100000000000001,0,0,0,1.9000000000000001,,,,,,,,,,,,,,,,,,,,,,,,,,,,,,,,,,,,
10452,2019,4,19,20,30,10.8,0,0,0,2,,,,,,,,,,,,,,,,,,,,,,,,,,,,,,,,,,,,
10453,2019,4,19,20,45,10.600000000000001,0,0,0,2,,,,,,,,,,,,,,,,,,,,,,,,,,,,,,,,,,,,
10454,2019,4,19,21,0,10.4,0,0,0,2,,,,,,,,,,,,,,,,,,,,,,,,,,,,,,,,,,,,
10455,2019,4,19,21,15,10.100000000000001,0,0,0,2,,,,,,,,,,,,,,,,,,,,,,,,,,,,,,,,,,,,
10456,2019,4,19,21,30,9.8,0,0,0,2,,,,,,,,,,,,,,,,,,,,,,,,,,,,,,,,,,,,
10457,2019,4,19,21,45,9.5,0,0,0,1.9000000000000001,,,,,,,,,,,,,,,,,,,,,,,,,,,,,,,,,,,,
10458,2019,4,19,22,0,9.3,0,0,0,1.9000000000000001,,,,,,,,,,,,,,,,,,,,,,,,,,,,,,,,,,,,
10459,2019,4,19,22,15,9,0,0,0,1.9000000000000001,,,,,,,,,,,,,,,,,,,,,,,,,,,,,,,,,,,,
10460,2019,4,19,22,30,8.700000000000001,0,0,0,1.9000000000000001,,,,,,,,,,,,,,,,,,,,,,,,,,,,,,,,,,,,
10461,2019,4,19,22,45,8.4,0,0,0,1.9000000000000001,,,,,,,,,,,,,,,,,,,,,,,,,,,,,,,,,,,,
10462,2019,4,19,23,0,8.200000000000001,0,0,0,1.8,,,,,,,,,,,,,,,,,,,,,,,,,,,,,,,,,,,,
10463,2019,4,19,23,15,7.9,0,0,0,1.8,,,,,,,,,,,,,,,,,,,,,,,,,,,,,,,,,,,,
10464,2019,4,19,23,30,7.6000000000000005,0,0,0,1.7000000000000002,,,,,,,,,,,,,,,,,,,,,,,,,,,,,,,,,,,,
10465,2019,4,19,23,45,7.300000000000001,0,0,0,1.7000000000000002,,,,,,,,,,,,,,,,,,,,,,,,,,,,,,,,,,,,
10466,2019,4,20,0,0,7,0,0,0,1.6,,,,,,,,,,,,,,,,,,,,,,,,,,,,,,,,,,,,
10467,2019,4,20,0,15,7,0,0,0,1.6,,,,,,,,,,,,,,,,,,,,,,,,,,,,,,,,,,,,
10468,2019,4,20,0,30,7,0,0,0,1.6,,,,,,,,,,,,,,,,,,,,,,,,,,,,,,,,,,,,
10469,2019,4,20,0,45,7,0,0,0,1.6,,,,,,,,,,,,,,,,,,,,,,,,,,,,,,,,,,,,
10470,2019,4,20,1,0,6.1000000000000005,0,0,0,1.4000000000000001,,,,,,,,,,,,,,,,,,,,,,,,,,,,,,,,,,,,
10471,2019,4,20,1,15,5.9,0,0,0,1.3,,,,,,,,,,,,,,,,,,,,,,,,,,,,,,,,,,,,
10472,2019,4,20,1,30,5.7,0,0,0,1.3,,,,,,,,,,,,,,,,,,,,,,,,,,,,,,,,,,,,
10473,2019,4,20,1,45,5.6000000000000005,0,0,0,1.3,,,,,,,,,,,,,,,,,,,,,,,,,,,,,,,,,,,,
10474,2019,4,20,2,0,5.4,0,0,0,1.2000000000000002,,,,,,,,,,,,,,,,,,,,,,,,,,,,,,,,,,,,
10475,2019,4,20,2,15,5.300000000000001,0,0,0,1.2000000000000002,,,,,,,,,,,,,,,,,,,,,,,,,,,,,,,,,,,,
10476,2019,4,20,2,30,5.1000000000000005,0,0,0,1.2000000000000002,,,,,,,,,,,,,,,,,,,,,,,,,,,,,,,,,,,,
10477,2019,4,20,2,45,5,0,0,0,1.1,,,,,,,,,,,,,,,,,,,,,,,,,,,,,,,,,,,,
10478,2019,4,20,3,0,4.800000000000001,0,0,0,1.1,,,,,,,,,,,,,,,,,,,,,,,,,,,,,,,,,,,,
10479,2019,4,20,3,15,4.7,0,0,0,1.1,,,,,,,,,,,,,,,,,,,,,,,,,,,,,,,,,,,,
10480,2019,4,20,3,30,4.6000000000000005,0,0,0,1,,,,,,,,,,,,,,,,,,,,,,,,,,,,,,,,,,,,
10481,2019,4,20,3,45,4.5,0,0,0,1,,,,,,,,,,,,,,,,,,,,,,,,,,,,,,,,,,,,
10482,2019,4,20,4,0,4.4,0,0,0,1,,,,,,,,,,,,,,,,,,,,,,,,,,,,,,,,,,,,
10483,2019,4,20,4,15,4.4,0,0,0,1,,,,,,,,,,,,,,,,,,,,,,,,,,,,,,,,,,,,
10484,2019,4,20,4,30,4.4,0,0,0,0.9,,,,,,,,,,,,,,,,,,,,,,,,,,,,,,,,,,,,
10485,2019,4,20,4,45,4.4,0,0,0,0.9,,,,,,,,,,,,,,,,,,,,,,,,,,,,,,,,,,,,
10486,2019,4,20,5,0,4.3,0,0,0,0.9,,,,,,,,,,,,,,,,,,,,,,,,,,,,,,,,,,,,
10487,2019,4,20,5,15,4.9,0,0,0,1,,,,,,,,,,,,,,,,,,,,,,,,,,,,,,,,,,,,
10488,2019,4,20,5,30,5.4,17,153,24,1.1,,,,,,,,,,,,,,,,,,,,,,,,,,,,,,,,,,,,
10489,2019,4,20,5,45,5.9,28,257,50,1.2000000000000002,,,,,,,,,,,,,,,,,,,,,,,,,,,,,,,,,,,,
10490,2019,4,20,6,0,6.4,39,350,82,1.3,,,,,,,,,,,,,,,,,,,,,,,,,,,,,,,,,,,,
10491,2019,4,20,6,15,6.9,48,428,117,1.3,,,,,,,,,,,,,,,,,,,,,,,,,,,,,,,,,,,,
10492,2019,4,20,6,30,7.4,56,495,155,1.3,,,,,,,,,,,,,,,,,,,,,,,,,,,,,,,,,,,,
10493,2019,4,20,6,45,7.800000000000001,62,555,196,1.4000000000000001,,,,,,,,,,,,,,,,,,,,,,,,,,,,,,,,,,,,
10494,2019,4,20,7,0,8.3,68,603,237,1.4000000000000001,,,,,,,,,,,,,,,,,,,,,,,,,,,,,,,,,,,,
10495,2019,4,20,7,15,9,74,644,279,1.5,,,,,,,,,,,,,,,,,,,,,,,,,,,,,,,,,,,,
10496,2019,4,20,7,30,9.700000000000001,79,680,321,1.5,,,,,,,,,,,,,,,,,,,,,,,,,,,,,,,,,,,,
10497,2019,4,20,7,45,10.5,83,713,363,1.6,,,,,,,,,,,,,,,,,,,,,,,,,,,,,,,,,,,,
10498,2019,4,20,8,0,11.200000000000001,87,739,404,1.6,,,,,,,,,,,,,,,,,,,,,,,,,,,,,,,,,,,,
10499,2019,4,20,8,15,11.9,91,763,445,1.7000000000000002,,,,,,,,,,,,,,,,,,,,,,,,,,,,,,,,,,,,
10500,2019,4,20,8,30,12.5,95,784,485,1.8,,,,,,,,,,,,,,,,,,,,,,,,,,,,,,,,,,,,
10501,2019,4,20,8,45,13.200000000000001,98,800,522,1.9000000000000001,,,,,,,,,,,,,,,,,,,,,,,,,,,,,,,,,,,,
10502,2019,4,20,9,0,13.9,101,816,558,1.9000000000000001,,,,,,,,,,,,,,,,,,,,,,,,,,,,,,,,,,,,
10503,2019,4,20,9,15,14.600000000000001,104,830,593,2,,,,,,,,,,,,,,,,,,,,,,,,,,,,,,,,,,,,
10504,2019,4,20,9,30,15.3,106,843,625,2.1,,,,,,,,,,,,,,,,,,,,,,,,,,,,,,,,,,,,
10505,2019,4,20,9,45,15.9,108,853,655,2.1,,,,,,,,,,,,,,,,,,,,,,,,,,,,,,,,,,,,
10506,2019,4,20,10,0,16.6,110,862,682,2.2,,,,,,,,,,,,,,,,,,,,,,,,,,,,,,,,,,,,
10507,2019,4,20,10,15,17.2,112,871,707,2.2,,,,,,,,,,,,,,,,,,,,,,,,,,,,,,,,,,,,
10508,2019,4,20,10,30,17.8,113,878,730,2.2,,,,,,,,,,,,,,,,,,,,,,,,,,,,,,,,,,,,
10509,2019,4,20,10,45,18.5,115,882,749,2.2,,,,,,,,,,,,,,,,,,,,,,,,,,,,,,,,,,,,
10510,2019,4,20,11,0,19.1,116,887,766,2.2,,,,,,,,,,,,,,,,,,,,,,,,,,,,,,,,,,,,
10511,2019,4,20,11,15,19.3,117,891,779,2.1,,,,,,,,,,,,,,,,,,,,,,,,,,,,,,,,,,,,
10512,2019,4,20,11,30,19.6,118,894,790,2.1,,,,,,,,,,,,,,,,,,,,,,,,,,,,,,,,,,,,
10513,2019,4,20,11,45,19.8,120,893,798,2,,,,,,,,,,,,,,,,,,,,,,,,,,,,,,,,,,,,
10514,2019,4,20,12,0,20.1,121,894,802,2,,,,,,,,,,,,,,,,,,,,,,,,,,,,,,,,,,,,
10515,2019,4,20,12,15,20.200000000000003,121,895,803,2,,,,,,,,,,,,,,,,,,,,,,,,,,,,,,,,,,,,
10516,2019,4,20,12,30,20.400000000000002,120,894,801,1.9000000000000001,,,,,,,,,,,,,,,,,,,,,,,,,,,,,,,,,,,,
10517,2019,4,20,12,45,20.5,198,687,718,1.9000000000000001,,,,,,,,,,,,,,,,,,,,,,,,,,,,,,,,,,,,
10518,2019,4,20,13,0,20.6,234,596,681,1.8,,,,,,,,,,,,,,,,,,,,,,,,,,,,,,,,,,,,
10519,2019,4,20,13,15,20.700000000000003,275,468,622,1.8,,,,,,,,,,,,,,,,,,,,,,,,,,,,,,,,,,,,
10520,2019,4,20,13,30,20.700000000000003,175,712,694,1.9000000000000001,,,,,,,,,,,,,,,,,,,,,,,,,,,,,,,,,,,,
10521,2019,4,20,13,45,20.700000000000003,172,706,677,1.9000000000000001,,,,,,,,,,,,,,,,,,,,,,,,,,,,,,,,,,,,
10522,2019,4,20,14,0,20.700000000000003,126,851,720,1.9000000000000001,,,,,,,,,,,,,,,,,,,,,,,,,,,,,,,,,,,,
10523,2019,4,20,14,15,20.700000000000003,124,844,698,1.9000000000000001,,,,,,,,,,,,,,,,,,,,,,,,,,,,,,,,,,,,
10524,2019,4,20,14,30,20.6,122,835,672,1.9000000000000001,,,,,,,,,,,,,,,,,,,,,,,,,,,,,,,,,,,,
10525,2019,4,20,14,45,20.6,122,821,643,2,,,,,,,,,,,,,,,,,,,,,,,,,,,,,,,,,,,,
10526,2019,4,20,15,0,20.5,119,809,612,2,,,,,,,,,,,,,,,,,,,,,,,,,,,,,,,,,,,,
10527,2019,4,20,15,15,20.400000000000002,117,795,580,2.1,,,,,,,,,,,,,,,,,,,,,,,,,,,,,,,,,,,,
10528,2019,4,20,15,30,20.200000000000003,113,776,542,2.1,,,,,,,,,,,,,,,,,,,,,,,,,,,,,,,,,,,,
10529,2019,4,20,15,45,20,110,758,506,2.2,,,,,,,,,,,,,,,,,,,,,,,,,,,,,,,,,,,,
10530,2019,4,20,16,0,19.900000000000002,172,414,375,2.2,,,,,,,,,,,,,,,,,,,,,,,,,,,,,,,,,,,,
10531,2019,4,20,16,15,19.400000000000002,103,715,429,2.1,,,,,,,,,,,,,,,,,,,,,,,,,,,,,,,,,,,,
10532,2019,4,20,16,30,19,98,689,389,2,,,,,,,,,,,,,,,,,,,,,,,,,,,,,,,,,,,,
10533,2019,4,20,16,45,18.6,93,664,348,1.9000000000000001,,,,,,,,,,,,,,,,,,,,,,,,,,,,,,,,,,,,
10534,2019,4,20,17,0,18.2,87,630,307,1.8,,,,,,,,,,,,,,,,,,,,,,,,,,,,,,,,,,,,
10535,2019,4,20,17,15,17.3,82,592,265,1.7000000000000002,,,,,,,,,,,,,,,,,,,,,,,,,,,,,,,,,,,,
10536,2019,4,20,17,30,16.400000000000002,75,552,225,1.6,,,,,,,,,,,,,,,,,,,,,,,,,,,,,,,,,,,,
10537,2019,4,20,17,45,15.600000000000001,68,505,185,1.6,,,,,,,,,,,,,,,,,,,,,,,,,,,,,,,,,,,,
10538,2019,4,20,18,0,14.700000000000001,60,444,145,1.5,,,,,,,,,,,,,,,,,,,,,,,,,,,,,,,,,,,,
10539,2019,4,20,18,15,14,51,374,109,1.6,,,,,,,,,,,,,,,,,,,,,,,,,,,,,,,,,,,,
10540,2019,4,20,18,30,13.200000000000001,41,291,74,1.7000000000000002,,,,,,,,,,,,,,,,,,,,,,,,,,,,,,,,,,,,
10541,2019,4,20,18,45,12.5,29,199,44,1.7000000000000002,,,,,,,,,,,,,,,,,,,,,,,,,,,,,,,,,,,,
10542,2019,4,20,19,0,11.700000000000001,16,95,20,1.8,,,,,,,,,,,,,,,,,,,,,,,,,,,,,,,,,,,,
10543,2019,4,20,19,15,11.4,0,0,0,1.8,,,,,,,,,,,,,,,,,,,,,,,,,,,,,,,,,,,,
10544,2019,4,20,19,30,11.100000000000001,0,0,0,1.8,,,,,,,,,,,,,,,,,,,,,,,,,,,,,,,,,,,,
10545,2019,4,20,19,45,10.8,0,0,0,1.8,,,,,,,,,,,,,,,,,,,,,,,,,,,,,,,,,,,,
10546,2019,4,20,20,0,10.5,0,0,0,1.9000000000000001,,,,,,,,,,,,,,,,,,,,,,,,,,,,,,,,,,,,
10547,2019,4,20,20,15,10.200000000000001,0,0,0,1.8,,,,,,,,,,,,,,,,,,,,,,,,,,,,,,,,,,,,
10548,2019,4,20,20,30,10,0,0,0,1.8,,,,,,,,,,,,,,,,,,,,,,,,,,,,,,,,,,,,
10549,2019,4,20,20,45,9.700000000000001,0,0,0,1.8,,,,,,,,,,,,,,,,,,,,,,,,,,,,,,,,,,,,
10550,2019,4,20,21,0,9.4,0,0,0,1.7000000000000002,,,,,,,,,,,,,,,,,,,,,,,,,,,,,,,,,,,,
10551,2019,4,20,21,15,9.1,0,0,0,1.7000000000000002,,,,,,,,,,,,,,,,,,,,,,,,,,,,,,,,,,,,
10552,2019,4,20,21,30,8.8,0,0,0,1.6,,,,,,,,,,,,,,,,,,,,,,,,,,,,,,,,,,,,
10553,2019,4,20,21,45,8.6,0,0,0,1.6,,,,,,,,,,,,,,,,,,,,,,,,,,,,,,,,,,,,
10554,2019,4,20,22,0,8.3,0,0,0,1.6,,,,,,,,,,,,,,,,,,,,,,,,,,,,,,,,,,,,
10555,2019,4,20,22,15,8,0,0,0,1.5,,,,,,,,,,,,,,,,,,,,,,,,,,,,,,,,,,,,
10556,2019,4,20,22,30,7.800000000000001,0,0,0,1.5,,,,,,,,,,,,,,,,,,,,,,,,,,,,,,,,,,,,
10557,2019,4,20,22,45,7.5,0,0,0,1.4000000000000001,,,,,,,,,,,,,,,,,,,,,,,,,,,,,,,,,,,,
10558,2019,4,20,23,0,7.2,0,0,0,1.4000000000000001,,,,,,,,,,,,,,,,,,,,,,,,,,,,,,,,,,,,
10559,2019,4,20,23,15,7,0,0,0,1.4000000000000001,,,,,,,,,,,,,,,,,,,,,,,,,,,,,,,,,,,,
10560,2019,4,20,23,30,6.800000000000001,0,0,0,1.3,,,,,,,,,,,,,,,,,,,,,,,,,,,,,,,,,,,,
10561,2019,4,20,23,45,6.6000000000000005,0,0,0,1.3,,,,,,,,,,,,,,,,,,,,,,,,,,,,,,,,,,,,
10562,2019,4,21,0,0,6.300000000000001,0,0,0,1.3,,,,,,,,,,,,,,,,,,,,,,,,,,,,,,,,,,,,
10563,2019,4,21,0,15,6.300000000000001,0,0,0,1.3,,,,,,,,,,,,,,,,,,,,,,,,,,,,,,,,,,,,
10564,2019,4,21,0,30,6.300000000000001,0,0,0,1.3,,,,,,,,,,,,,,,,,,,,,,,,,,,,,,,,,,,,
10565,2019,4,21,0,45,6.300000000000001,0,0,0,1.3,,,,,,,,,,,,,,,,,,,,,,,,,,,,,,,,,,,,
10566,2019,4,21,1,0,5.6000000000000005,0,0,0,1.2000000000000002,,,,,,,,,,,,,,,,,,,,,,,,,,,,,,,,,,,,
10567,2019,4,21,1,15,5.4,0,0,0,1.2000000000000002,,,,,,,,,,,,,,,,,,,,,,,,,,,,,,,,,,,,
10568,2019,4,21,1,30,5.300000000000001,0,0,0,1.1,,,,,,,,,,,,,,,,,,,,,,,,,,,,,,,,,,,,
10569,2019,4,21,1,45,5.2,0,0,0,1.1,,,,,,,,,,,,,,,,,,,,,,,,,,,,,,,,,,,,
10570,2019,4,21,2,0,5,0,0,0,1.1,,,,,,,,,,,,,,,,,,,,,,,,,,,,,,,,,,,,
10571,2019,4,21,2,15,4.9,0,0,0,1.1,,,,,,,,,,,,,,,,,,,,,,,,,,,,,,,,,,,,
10572,2019,4,21,2,30,4.9,0,0,0,1.1,,,,,,,,,,,,,,,,,,,,,,,,,,,,,,,,,,,,
10573,2019,4,21,2,45,4.800000000000001,0,0,0,1.1,,,,,,,,,,,,,,,,,,,,,,,,,,,,,,,,,,,,
10574,2019,4,21,3,0,4.7,0,0,0,1.1,,,,,,,,,,,,,,,,,,,,,,,,,,,,,,,,,,,,
10575,2019,4,21,3,15,4.6000000000000005,0,0,0,1.1,,,,,,,,,,,,,,,,,,,,,,,,,,,,,,,,,,,,
10576,2019,4,21,3,30,4.6000000000000005,0,0,0,1.1,,,,,,,,,,,,,,,,,,,,,,,,,,,,,,,,,,,,
10577,2019,4,21,3,45,4.5,0,0,0,1.1,,,,,,,,,,,,,,,,,,,,,,,,,,,,,,,,,,,,
10578,2019,4,21,4,0,4.4,0,0,0,1.1,,,,,,,,,,,,,,,,,,,,,,,,,,,,,,,,,,,,
10579,2019,4,21,4,15,4.4,0,0,0,1.1,,,,,,,,,,,,,,,,,,,,,,,,,,,,,,,,,,,,
10580,2019,4,21,4,30,4.4,0,0,0,1,,,,,,,,,,,,,,,,,,,,,,,,,,,,,,,,,,,,
10581,2019,4,21,4,45,4.4,0,0,0,1,,,,,,,,,,,,,,,,,,,,,,,,,,,,,,,,,,,,
10582,2019,4,21,5,0,4.4,0,0,0,1,,,,,,,,,,,,,,,,,,,,,,,,,,,,,,,,,,,,
10583,2019,4,21,5,15,5,0,0,0,1.1,,,,,,,,,,,,,,,,,,,,,,,,,,,,,,,,,,,,
10584,2019,4,21,5,30,5.7,20,158,28,1.1,,,,,,,,,,,,,,,,,,,,,,,,,,,,,,,,,,,,
10585,2019,4,21,5,45,6.300000000000001,31,272,55,1.2000000000000002,,,,,,,,,,,,,,,,,,,,,,,,,,,,,,,,,,,,
10586,2019,4,21,6,0,6.9,41,366,88,1.3,,,,,,,,,,,,,,,,,,,,,,,,,,,,,,,,,,,,
10587,2019,4,21,6,15,7.5,50,446,125,1.3,,,,,,,,,,,,,,,,,,,,,,,,,,,,,,,,,,,,
10588,2019,4,21,6,30,8,58,512,164,1.4000000000000001,,,,,,,,,,,,,,,,,,,,,,,,,,,,,,,,,,,,
10589,2019,4,21,6,45,8.6,64,575,205,1.5,,,,,,,,,,,,,,,,,,,,,,,,,,,,,,,,,,,,
10590,2019,4,21,7,0,9.1,70,622,247,1.6,,,,,,,,,,,,,,,,,,,,,,,,,,,,,,,,,,,,
10591,2019,4,21,7,15,9.9,75,663,289,1.6,,,,,,,,,,,,,,,,,,,,,,,,,,,,,,,,,,,,
10592,2019,4,21,7,30,10.700000000000001,80,698,332,1.6,,,,,,,,,,,,,,,,,,,,,,,,,,,,,,,,,,,,
10593,2019,4,21,7,45,11.4,82,733,374,1.6,,,,,,,,,,,,,,,,,,,,,,,,,,,,,,,,,,,,
10594,2019,4,21,8,0,12.200000000000001,86,760,415,1.6,,,,,,,,,,,,,,,,,,,,,,,,,,,,,,,,,,,,
10595,2019,4,21,8,15,13.100000000000001,89,782,456,1.8,,,,,,,,,,,,,,,,,,,,,,,,,,,,,,,,,,,,
10596,2019,4,21,8,30,14.100000000000001,92,803,496,2,,,,,,,,,,,,,,,,,,,,,,,,,,,,,,,,,,,,
10597,2019,4,21,8,45,15.100000000000001,95,822,534,2.1,,,,,,,,,,,,,,,,,,,,,,,,,,,,,,,,,,,,
10598,2019,4,21,9,0,16,97,838,570,2.3000000000000003,,,,,,,,,,,,,,,,,,,,,,,,,,,,,,,,,,,,
10599,2019,4,21,9,15,16.6,100,851,605,2.4000000000000004,,,,,,,,,,,,,,,,,,,,,,,,,,,,,,,,,,,,
10600,2019,4,21,9,30,17.1,102,863,637,2.5,,,,,,,,,,,,,,,,,,,,,,,,,,,,,,,,,,,,
10601,2019,4,21,9,45,17.7,105,870,666,2.5,,,,,,,,,,,,,,,,,,,,,,,,,,,,,,,,,,,,
10602,2019,4,21,10,0,18.3,107,879,694,2.6,,,,,,,,,,,,,,,,,,,,,,,,,,,,,,,,,,,,
10603,2019,4,21,10,15,18.5,108,883,716,2.6,,,,,,,,,,,,,,,,,,,,,,,,,,,,,,,,,,,,
10604,2019,4,21,10,30,18.7,109,890,738,2.6,,,,,,,,,,,,,,,,,,,,,,,,,,,,,,,,,,,,
10605,2019,4,21,10,45,19,111,894,757,2.6,,,,,,,,,,,,,,,,,,,,,,,,,,,,,,,,,,,,
10606,2019,4,21,11,0,19.200000000000003,112,899,774,2.5,,,,,,,,,,,,,,,,,,,,,,,,,,,,,,,,,,,,
10607,2019,4,21,11,15,19.400000000000002,113,902,788,2.5,,,,,,,,,,,,,,,,,,,,,,,,,,,,,,,,,,,,
10608,2019,4,21,11,30,19.6,114,905,799,2.5,,,,,,,,,,,,,,,,,,,,,,,,,,,,,,,,,,,,
10609,2019,4,21,11,45,19.700000000000003,115,907,806,2.5,,,,,,,,,,,,,,,,,,,,,,,,,,,,,,,,,,,,
10610,2019,4,21,12,0,19.900000000000002,115,908,810,2.4000000000000004,,,,,,,,,,,,,,,,,,,,,,,,,,,,,,,,,,,,
10611,2019,4,21,12,15,20,115,908,812,2.4000000000000004,,,,,,,,,,,,,,,,,,,,,,,,,,,,,,,,,,,,
10612,2019,4,21,12,30,20.1,115,908,810,2.4000000000000004,,,,,,,,,,,,,,,,,,,,,,,,,,,,,,,,,,,,
10613,2019,4,21,12,45,20.200000000000003,111,915,807,2.4000000000000004,,,,,,,,,,,,,,,,,,,,,,,,,,,,,,,,,,,,
10614,2019,4,21,13,0,20.3,110,912,798,2.3000000000000003,,,,,,,,,,,,,,,,,,,,,,,,,,,,,,,,,,,,
10615,2019,4,21,13,15,20.3,109,909,787,2.3000000000000003,,,,,,,,,,,,,,,,,,,,,,,,,,,,,,,,,,,,
10616,2019,4,21,13,30,20.3,108,901,769,2.3000000000000003,,,,,,,,,,,,,,,,,,,,,,,,,,,,,,,,,,,,
10617,2019,4,21,13,45,20.400000000000002,107,896,752,2.3000000000000003,,,,,,,,,,,,,,,,,,,,,,,,,,,,,,,,,,,,
10618,2019,4,21,14,0,20.400000000000002,106,890,732,2.3000000000000003,,,,,,,,,,,,,,,,,,,,,,,,,,,,,,,,,,,,
10619,2019,4,21,14,15,20.3,105,883,709,2.3000000000000003,,,,,,,,,,,,,,,,,,,,,,,,,,,,,,,,,,,,
10620,2019,4,21,14,30,20.3,103,875,683,2.3000000000000003,,,,,,,,,,,,,,,,,,,,,,,,,,,,,,,,,,,,
10621,2019,4,21,14,45,20.200000000000003,101,868,655,2.3000000000000003,,,,,,,,,,,,,,,,,,,,,,,,,,,,,,,,,,,,
10622,2019,4,21,15,0,20.200000000000003,99,857,625,2.2,,,,,,,,,,,,,,,,,,,,,,,,,,,,,,,,,,,,
10623,2019,4,21,15,15,20.1,97,845,592,2.2,,,,,,,,,,,,,,,,,,,,,,,,,,,,,,,,,,,,
10624,2019,4,21,15,30,19.900000000000002,94,831,557,2.2,,,,,,,,,,,,,,,,,,,,,,,,,,,,,,,,,,,,
10625,2019,4,21,15,45,19.8,90,821,522,2.2,,,,,,,,,,,,,,,,,,,,,,,,,,,,,,,,,,,,
10626,2019,4,21,16,0,19.700000000000003,87,803,483,2.2,,,,,,,,,,,,,,,,,,,,,,,,,,,,,,,,,,,,
10627,2019,4,21,16,15,19.400000000000002,84,783,444,2.1,,,,,,,,,,,,,,,,,,,,,,,,,,,,,,,,,,,,
10628,2019,4,21,16,30,19,80,760,404,1.9000000000000001,,,,,,,,,,,,,,,,,,,,,,,,,,,,,,,,,,,,
10629,2019,4,21,16,45,18.7,75,740,363,1.8,,,,,,,,,,,,,,,,,,,,,,,,,,,,,,,,,,,,
10630,2019,4,21,17,0,18.400000000000002,71,711,321,1.6,,,,,,,,,,,,,,,,,,,,,,,,,,,,,,,,,,,,
10631,2019,4,21,17,15,17.5,67,676,279,1.5,,,,,,,,,,,,,,,,,,,,,,,,,,,,,,,,,,,,
10632,2019,4,21,17,30,16.7,62,636,237,1.4000000000000001,,,,,,,,,,,,,,,,,,,,,,,,,,,,,,,,,,,,
10633,2019,4,21,17,45,15.8,56,596,197,1.3,,,,,,,,,,,,,,,,,,,,,,,,,,,,,,,,,,,,
10634,2019,4,21,18,0,14.9,50,540,156,1.2000000000000002,,,,,,,,,,,,,,,,,,,,,,,,,,,,,,,,,,,,
10635,2019,4,21,18,15,14.200000000000001,43,474,118,1.3,,,,,,,,,,,,,,,,,,,,,,,,,,,,,,,,,,,,
10636,2019,4,21,18,30,13.4,35,393,82,1.3,,,,,,,,,,,,,,,,,,,,,,,,,,,,,,,,,,,,
10637,2019,4,21,18,45,12.600000000000001,26,301,50,1.4000000000000001,,,,,,,,,,,,,,,,,,,,,,,,,,,,,,,,,,,,
10638,2019,4,21,19,0,11.9,16,185,24,1.5,,,,,,,,,,,,,,,,,,,,,,,,,,,,,,,,,,,,
10639,2019,4,21,19,15,11.600000000000001,0,0,0,1.5,,,,,,,,,,,,,,,,,,,,,,,,,,,,,,,,,,,,
10640,2019,4,21,19,30,11.4,0,0,0,1.5,,,,,,,,,,,,,,,,,,,,,,,,,,,,,,,,,,,,
10641,2019,4,21,19,45,11.100000000000001,0,0,0,1.6,,,,,,,,,,,,,,,,,,,,,,,,,,,,,,,,,,,,
10642,2019,4,21,20,0,10.9,0,0,0,1.6,,,,,,,,,,,,,,,,,,,,,,,,,,,,,,,,,,,,
10643,2019,4,21,20,15,10.700000000000001,0,0,0,1.6,,,,,,,,,,,,,,,,,,,,,,,,,,,,,,,,,,,,
10644,2019,4,21,20,30,10.5,0,0,0,1.6,,,,,,,,,,,,,,,,,,,,,,,,,,,,,,,,,,,,
10645,2019,4,21,20,45,10.3,0,0,0,1.7000000000000002,,,,,,,,,,,,,,,,,,,,,,,,,,,,,,,,,,,,
10646,2019,4,21,21,0,10.100000000000001,0,0,0,1.7000000000000002,,,,,,,,,,,,,,,,,,,,,,,,,,,,,,,,,,,,
10647,2019,4,21,21,15,9.9,0,0,0,1.7000000000000002,,,,,,,,,,,,,,,,,,,,,,,,,,,,,,,,,,,,
10648,2019,4,21,21,30,9.700000000000001,0,0,0,1.7000000000000002,,,,,,,,,,,,,,,,,,,,,,,,,,,,,,,,,,,,
10649,2019,4,21,21,45,9.4,0,0,0,1.6,,,,,,,,,,,,,,,,,,,,,,,,,,,,,,,,,,,,
10650,2019,4,21,22,0,9.200000000000001,0,0,0,1.6,,,,,,,,,,,,,,,,,,,,,,,,,,,,,,,,,,,,
10651,2019,4,21,22,15,9,0,0,0,1.6,,,,,,,,,,,,,,,,,,,,,,,,,,,,,,,,,,,,
10652,2019,4,21,22,30,8.8,0,0,0,1.6,,,,,,,,,,,,,,,,,,,,,,,,,,,,,,,,,,,,
10653,2019,4,21,22,45,8.6,0,0,0,1.6,,,,,,,,,,,,,,,,,,,,,,,,,,,,,,,,,,,,
10654,2019,4,21,23,0,8.3,0,0,0,1.5,,,,,,,,,,,,,,,,,,,,,,,,,,,,,,,,,,,,
10655,2019,4,21,23,15,8.1,0,0,0,1.5,,,,,,,,,,,,,,,,,,,,,,,,,,,,,,,,,,,,
10656,2019,4,21,23,30,7.9,0,0,0,1.5,,,,,,,,,,,,,,,,,,,,,,,,,,,,,,,,,,,,
10657,2019,4,21,23,45,7.7,0,0,0,1.5,,,,,,,,,,,,,,,,,,,,,,,,,,,,,,,,,,,,
10658,2019,4,22,0,0,7.5,0,0,0,1.5,,,,,,,,,,,,,,,,,,,,,,,,,,,,,,,,,,,,
10659,2019,4,22,0,15,7.5,0,0,0,1.5,,,,,,,,,,,,,,,,,,,,,,,,,,,,,,,,,,,,
10660,2019,4,22,0,30,7.5,0,0,0,1.5,,,,,,,,,,,,,,,,,,,,,,,,,,,,,,,,,,,,
10661,2019,4,22,0,45,7.5,0,0,0,1.5,,,,,,,,,,,,,,,,,,,,,,,,,,,,,,,,,,,,
10662,2019,4,22,1,0,6.800000000000001,0,0,0,1.5,,,,,,,,,,,,,,,,,,,,,,,,,,,,,,,,,,,,
10663,2019,4,22,1,15,6.6000000000000005,0,0,0,1.5,,,,,,,,,,,,,,,,,,,,,,,,,,,,,,,,,,,,
10664,2019,4,22,1,30,6.4,0,0,0,1.5,,,,,,,,,,,,,,,,,,,,,,,,,,,,,,,,,,,,
10665,2019,4,22,1,45,6.2,0,0,0,1.5,,,,,,,,,,,,,,,,,,,,,,,,,,,,,,,,,,,,
10666,2019,4,22,2,0,6.1000000000000005,0,0,0,1.4000000000000001,,,,,,,,,,,,,,,,,,,,,,,,,,,,,,,,,,,,
10667,2019,4,22,2,15,5.9,0,0,0,1.4000000000000001,,,,,,,,,,,,,,,,,,,,,,,,,,,,,,,,,,,,
10668,2019,4,22,2,30,5.7,0,0,0,1.4000000000000001,,,,,,,,,,,,,,,,,,,,,,,,,,,,,,,,,,,,
10669,2019,4,22,2,45,5.6000000000000005,0,0,0,1.4000000000000001,,,,,,,,,,,,,,,,,,,,,,,,,,,,,,,,,,,,
10670,2019,4,22,3,0,5.4,0,0,0,1.4000000000000001,,,,,,,,,,,,,,,,,,,,,,,,,,,,,,,,,,,,
10671,2019,4,22,3,15,5.2,0,0,0,1.4000000000000001,,,,,,,,,,,,,,,,,,,,,,,,,,,,,,,,,,,,
10672,2019,4,22,3,30,5.1000000000000005,0,0,0,1.4000000000000001,,,,,,,,,,,,,,,,,,,,,,,,,,,,,,,,,,,,
10673,2019,4,22,3,45,4.9,0,0,0,1.4000000000000001,,,,,,,,,,,,,,,,,,,,,,,,,,,,,,,,,,,,
10674,2019,4,22,4,0,4.800000000000001,0,0,0,1.4000000000000001,,,,,,,,,,,,,,,,,,,,,,,,,,,,,,,,,,,,
10675,2019,4,22,4,15,4.800000000000001,0,0,0,1.5,,,,,,,,,,,,,,,,,,,,,,,,,,,,,,,,,,,,
10676,2019,4,22,4,30,4.800000000000001,0,0,0,1.5,,,,,,,,,,,,,,,,,,,,,,,,,,,,,,,,,,,,
10677,2019,4,22,4,45,4.800000000000001,0,0,0,1.5,,,,,,,,,,,,,,,,,,,,,,,,,,,,,,,,,,,,
10678,2019,4,22,5,0,4.800000000000001,0,0,0,1.5,,,,,,,,,,,,,,,,,,,,,,,,,,,,,,,,,,,,
10679,2019,4,22,5,15,5.4,10,68,11,1.8,,,,,,,,,,,,,,,,,,,,,,,,,,,,,,,,,,,,
10680,2019,4,22,5,30,6,21,181,31,2,,,,,,,,,,,,,,,,,,,,,,,,,,,,,,,,,,,,
10681,2019,4,22,5,45,6.6000000000000005,31,287,58,2.3000000000000003,,,,,,,,,,,,,,,,,,,,,,,,,,,,,,,,,,,,
10682,2019,4,22,6,0,7.300000000000001,41,380,91,2.5,,,,,,,,,,,,,,,,,,,,,,,,,,,,,,,,,,,,
10683,2019,4,22,6,15,7.800000000000001,49,457,128,2.6,,,,,,,,,,,,,,,,,,,,,,,,,,,,,,,,,,,,
10684,2019,4,22,6,30,8.3,56,522,167,2.6,,,,,,,,,,,,,,,,,,,,,,,,,,,,,,,,,,,,
10685,2019,4,22,6,45,8.9,63,575,207,2.7,,,,,,,,,,,,,,,,,,,,,,,,,,,,,,,,,,,,
10686,2019,4,22,7,0,9.4,69,621,249,2.7,,,,,,,,,,,,,,,,,,,,,,,,,,,,,,,,,,,,
10687,2019,4,22,7,15,10.200000000000001,74,661,291,2.9000000000000004,,,,,,,,,,,,,,,,,,,,,,,,,,,,,,,,,,,,
10688,2019,4,22,7,30,11,79,696,334,3.1,,,,,,,,,,,,,,,,,,,,,,,,,,,,,,,,,,,,
10689,2019,4,22,7,45,11.8,83,726,375,3.4000000000000004,,,,,,,,,,,,,,,,,,,,,,,,,,,,,,,,,,,,
10690,2019,4,22,8,0,12.600000000000001,87,752,417,3.6,,,,,,,,,,,,,,,,,,,,,,,,,,,,,,,,,,,,
10691,2019,4,22,8,15,13.3,90,775,457,3.9000000000000004,,,,,,,,,,,,,,,,,,,,,,,,,,,,,,,,,,,,
10692,2019,4,22,8,30,13.9,93,795,496,4.1000000000000005,,,,,,,,,,,,,,,,,,,,,,,,,,,,,,,,,,,,
10693,2019,4,22,8,45,14.600000000000001,95,816,534,4.4,,,,,,,,,,,,,,,,,,,,,,,,,,,,,,,,,,,,
10694,2019,4,22,9,0,15.3,97,831,570,4.7,,,,,,,,,,,,,,,,,,,,,,,,,,,,,,,,,,,,
10695,2019,4,22,9,15,15.700000000000001,100,845,605,4.800000000000001,,,,,,,,,,,,,,,,,,,,,,,,,,,,,,,,,,,,
10696,2019,4,22,9,30,16,101,857,636,5,,,,,,,,,,,,,,,,,,,,,,,,,,,,,,,,,,,,
10697,2019,4,22,9,45,16.400000000000002,96,885,670,5.1000000000000005,,,,,,,,,,,,,,,,,,,,,,,,,,,,,,,,,,,,
10698,2019,4,22,10,0,16.7,97,893,698,5.2,,,,,,,,,,,,,,,,,,,,,,,,,,,,,,,,,,,,
10699,2019,4,22,10,15,16.900000000000002,99,901,723,5.300000000000001,,,,,,,,,,,,,,,,,,,,,,,,,,,,,,,,,,,,
10700,2019,4,22,10,30,17.1,100,907,745,5.4,,,,,,,,,,,,,,,,,,,,,,,,,,,,,,,,,,,,
10701,2019,4,22,10,45,17.3,99,917,766,5.4,,,,,,,,,,,,,,,,,,,,,,,,,,,,,,,,,,,,
10702,2019,4,22,11,0,17.5,100,922,782,5.5,,,,,,,,,,,,,,,,,,,,,,,,,,,,,,,,,,,,
10703,2019,4,22,11,15,17.6,100,925,796,5.5,,,,,,,,,,,,,,,,,,,,,,,,,,,,,,,,,,,,
10704,2019,4,22,11,30,17.7,101,928,806,5.6000000000000005,,,,,,,,,,,,,,,,,,,,,,,,,,,,,,,,,,,,
10705,2019,4,22,11,45,17.8,98,941,819,5.7,,,,,,,,,,,,,,,,,,,,,,,,,,,,,,,,,,,,
10706,2019,4,22,12,0,17.900000000000002,98,942,823,5.7,,,,,,,,,,,,,,,,,,,,,,,,,,,,,,,,,,,,
10707,2019,4,22,12,15,17.900000000000002,98,942,824,5.800000000000001,,,,,,,,,,,,,,,,,,,,,,,,,,,,,,,,,,,,
10708,2019,4,22,12,30,18,98,942,822,5.800000000000001,,,,,,,,,,,,,,,,,,,,,,,,,,,,,,,,,,,,
10709,2019,4,22,12,45,18,94,948,819,5.9,,,,,,,,,,,,,,,,,,,,,,,,,,,,,,,,,,,,
10710,2019,4,22,13,0,18,93,946,811,5.9,,,,,,,,,,,,,,,,,,,,,,,,,,,,,,,,,,,,
10711,2019,4,22,13,15,17.900000000000002,93,943,799,6,,,,,,,,,,,,,,,,,,,,,,,,,,,,,,,,,,,,
10712,2019,4,22,13,30,17.900000000000002,92,944,788,6.1000000000000005,,,,,,,,,,,,,,,,,,,,,,,,,,,,,,,,,,,,
10713,2019,4,22,13,45,17.8,94,936,770,6.1000000000000005,,,,,,,,,,,,,,,,,,,,,,,,,,,,,,,,,,,,
10714,2019,4,22,14,0,17.7,93,931,750,6.2,,,,,,,,,,,,,,,,,,,,,,,,,,,,,,,,,,,,
10715,2019,4,22,14,15,17.6,92,924,727,6.2,,,,,,,,,,,,,,,,,,,,,,,,,,,,,,,,,,,,
10716,2019,4,22,14,30,17.5,91,917,701,6.2,,,,,,,,,,,,,,,,,,,,,,,,,,,,,,,,,,,,
10717,2019,4,22,14,45,17.3,92,902,671,6.300000000000001,,,,,,,,,,,,,,,,,,,,,,,,,,,,,,,,,,,,
10718,2019,4,22,15,0,17.2,91,892,641,6.300000000000001,,,,,,,,,,,,,,,,,,,,,,,,,,,,,,,,,,,,
10719,2019,4,22,15,15,17,89,880,608,6.300000000000001,,,,,,,,,,,,,,,,,,,,,,,,,,,,,,,,,,,,
10720,2019,4,22,15,30,16.8,87,868,573,6.300000000000001,,,,,,,,,,,,,,,,,,,,,,,,,,,,,,,,,,,,
10721,2019,4,22,15,45,16.5,86,849,535,6.4,,,,,,,,,,,,,,,,,,,,,,,,,,,,,,,,,,,,
10722,2019,4,22,16,0,16.3,83,832,497,6.4,,,,,,,,,,,,,,,,,,,,,,,,,,,,,,,,,,,,
10723,2019,4,22,16,15,16,80,813,457,6.300000000000001,,,,,,,,,,,,,,,,,,,,,,,,,,,,,,,,,,,,
10724,2019,4,22,16,30,15.700000000000001,77,791,416,6.300000000000001,,,,,,,,,,,,,,,,,,,,,,,,,,,,,,,,,,,,
10725,2019,4,22,16,45,15.3,74,764,374,6.2,,,,,,,,,,,,,,,,,,,,,,,,,,,,,,,,,,,,
10726,2019,4,22,17,0,15,70,736,332,6.2,,,,,,,,,,,,,,,,,,,,,,,,,,,,,,,,,,,,
10727,2019,4,22,17,15,14.5,66,702,289,6,,,,,,,,,,,,,,,,,,,,,,,,,,,,,,,,,,,,
10728,2019,4,22,17,30,14.100000000000001,62,664,247,5.800000000000001,,,,,,,,,,,,,,,,,,,,,,,,,,,,,,,,,,,,
10729,2019,4,22,17,45,13.600000000000001,57,613,204,5.7,,,,,,,,,,,,,,,,,,,,,,,,,,,,,,,,,,,,
10730,2019,4,22,18,0,13.200000000000001,51,559,164,5.5,,,,,,,,,,,,,,,,,,,,,,,,,,,,,,,,,,,,
10731,2019,4,22,18,15,12.700000000000001,44,495,124,5.4,,,,,,,,,,,,,,,,,,,,,,,,,,,,,,,,,,,,
10732,2019,4,22,18,30,12.200000000000001,36,418,88,5.300000000000001,,,,,,,,,,,,,,,,,,,,,,,,,,,,,,,,,,,,
10733,2019,4,22,18,45,11.700000000000001,28,313,55,5.2,,,,,,,,,,,,,,,,,,,,,,,,,,,,,,,,,,,,
10734,2019,4,22,19,0,11.200000000000001,18,202,27,5.1000000000000005,,,,,,,,,,,,,,,,,,,,,,,,,,,,,,,,,,,,
10735,2019,4,22,19,15,11,0,0,0,5.1000000000000005,,,,,,,,,,,,,,,,,,,,,,,,,,,,,,,,,,,,
10736,2019,4,22,19,30,10.700000000000001,0,0,0,5.1000000000000005,,,,,,,,,,,,,,,,,,,,,,,,,,,,,,,,,,,,
10737,2019,4,22,19,45,10.5,0,0,0,5.1000000000000005,,,,,,,,,,,,,,,,,,,,,,,,,,,,,,,,,,,,
10738,2019,4,22,20,0,10.200000000000001,0,0,0,5,,,,,,,,,,,,,,,,,,,,,,,,,,,,,,,,,,,,
10739,2019,4,22,20,15,10.100000000000001,0,0,0,5,,,,,,,,,,,,,,,,,,,,,,,,,,,,,,,,,,,,
10740,2019,4,22,20,30,9.9,0,0,0,5,,,,,,,,,,,,,,,,,,,,,,,,,,,,,,,,,,,,
10741,2019,4,22,20,45,9.8,0,0,0,5,,,,,,,,,,,,,,,,,,,,,,,,,,,,,,,,,,,,
10742,2019,4,22,21,0,9.600000000000001,0,0,0,5,,,,,,,,,,,,,,,,,,,,,,,,,,,,,,,,,,,,
10743,2019,4,22,21,15,9.5,0,0,0,4.9,,,,,,,,,,,,,,,,,,,,,,,,,,,,,,,,,,,,
10744,2019,4,22,21,30,9.4,0,0,0,4.9,,,,,,,,,,,,,,,,,,,,,,,,,,,,,,,,,,,,
10745,2019,4,22,21,45,9.3,0,0,0,4.9,,,,,,,,,,,,,,,,,,,,,,,,,,,,,,,,,,,,
10746,2019,4,22,22,0,9.200000000000001,0,0,0,4.9,,,,,,,,,,,,,,,,,,,,,,,,,,,,,,,,,,,,
10747,2019,4,22,22,15,9.200000000000001,0,0,0,4.9,,,,,,,,,,,,,,,,,,,,,,,,,,,,,,,,,,,,
10748,2019,4,22,22,30,9.200000000000001,0,0,0,4.9,,,,,,,,,,,,,,,,,,,,,,,,,,,,,,,,,,,,
10749,2019,4,22,22,45,9.200000000000001,0,0,0,4.800000000000001,,,,,,,,,,,,,,,,,,,,,,,,,,,,,,,,,,,,
10750,2019,4,22,23,0,9.1,0,0,0,4.800000000000001,,,,,,,,,,,,,,,,,,,,,,,,,,,,,,,,,,,,
10751,2019,4,22,23,15,9.1,0,0,0,4.800000000000001,,,,,,,,,,,,,,,,,,,,,,,,,,,,,,,,,,,,
10752,2019,4,22,23,30,9.1,0,0,0,4.800000000000001,,,,,,,,,,,,,,,,,,,,,,,,,,,,,,,,,,,,
10753,2019,4,22,23,45,9.1,0,0,0,4.800000000000001,,,,,,,,,,,,,,,,,,,,,,,,,,,,,,,,,,,,
10754,2019,4,23,0,0,9,0,0,0,4.800000000000001,,,,,,,,,,,,,,,,,,,,,,,,,,,,,,,,,,,,
10755,2019,4,23,0,15,9,0,0,0,4.800000000000001,,,,,,,,,,,,,,,,,,,,,,,,,,,,,,,,,,,,
10756,2019,4,23,0,30,9,0,0,0,4.800000000000001,,,,,,,,,,,,,,,,,,,,,,,,,,,,,,,,,,,,
10757,2019,4,23,0,45,9,0,0,0,4.800000000000001,,,,,,,,,,,,,,,,,,,,,,,,,,,,,,,,,,,,
10758,2019,4,23,1,0,8.8,0,0,0,4.7,,,,,,,,,,,,,,,,,,,,,,,,,,,,,,,,,,,,
10759,2019,4,23,1,15,8.700000000000001,0,0,0,4.7,,,,,,,,,,,,,,,,,,,,,,,,,,,,,,,,,,,,
10760,2019,4,23,1,30,8.6,0,0,0,4.7,,,,,,,,,,,,,,,,,,,,,,,,,,,,,,,,,,,,
10761,2019,4,23,1,45,8.5,0,0,0,4.7,,,,,,,,,,,,,,,,,,,,,,,,,,,,,,,,,,,,
10762,2019,4,23,2,0,8.4,0,0,0,4.7,,,,,,,,,,,,,,,,,,,,,,,,,,,,,,,,,,,,
10763,2019,4,23,2,15,8.3,0,0,0,4.7,,,,,,,,,,,,,,,,,,,,,,,,,,,,,,,,,,,,
10764,2019,4,23,2,30,8.200000000000001,0,0,0,4.7,,,,,,,,,,,,,,,,,,,,,,,,,,,,,,,,,,,,
10765,2019,4,23,2,45,8,0,0,0,4.7,,,,,,,,,,,,,,,,,,,,,,,,,,,,,,,,,,,,
10766,2019,4,23,3,0,7.9,0,0,0,4.7,,,,,,,,,,,,,,,,,,,,,,,,,,,,,,,,,,,,
10767,2019,4,23,3,15,7.800000000000001,0,0,0,4.6000000000000005,,,,,,,,,,,,,,,,,,,,,,,,,,,,,,,,,,,,
10768,2019,4,23,3,30,7.6000000000000005,0,0,0,4.6000000000000005,,,,,,,,,,,,,,,,,,,,,,,,,,,,,,,,,,,,
10769,2019,4,23,3,45,7.4,0,0,0,4.6000000000000005,,,,,,,,,,,,,,,,,,,,,,,,,,,,,,,,,,,,
10770,2019,4,23,4,0,7.2,0,0,0,4.5,,,,,,,,,,,,,,,,,,,,,,,,,,,,,,,,,,,,
10771,2019,4,23,4,15,7.1000000000000005,0,0,0,4.5,,,,,,,,,,,,,,,,,,,,,,,,,,,,,,,,,,,,
10772,2019,4,23,4,30,7,0,0,0,4.5,,,,,,,,,,,,,,,,,,,,,,,,,,,,,,,,,,,,
10773,2019,4,23,4,45,6.800000000000001,0,0,0,4.5,,,,,,,,,,,,,,,,,,,,,,,,,,,,,,,,,,,,
10774,2019,4,23,5,0,6.7,0,0,0,4.4,,,,,,,,,,,,,,,,,,,,,,,,,,,,,,,,,,,,
10775,2019,4,23,5,15,6.9,11,73,13,4.5,,,,,,,,,,,,,,,,,,,,,,,,,,,,,,,,,,,,
10776,2019,4,23,5,30,7.1000000000000005,23,173,33,4.5,,,,,,,,,,,,,,,,,,,,,,,,,,,,,,,,,,,,
10777,2019,4,23,5,45,7.300000000000001,35,261,61,4.6000000000000005,,,,,,,,,,,,,,,,,,,,,,,,,,,,,,,,,,,,
10778,2019,4,23,6,0,7.5,46,346,94,4.7,,,,,,,,,,,,,,,,,,,,,,,,,,,,,,,,,,,,
10779,2019,4,23,6,15,8.1,56,419,130,4.9,,,,,,,,,,,,,,,,,,,,,,,,,,,,,,,,,,,,
10780,2019,4,23,6,30,8.6,64,478,168,5.1000000000000005,,,,,,,,,,,,,,,,,,,,,,,,,,,,,,,,,,,,
10781,2019,4,23,6,45,9.200000000000001,73,525,207,5.4,,,,,,,,,,,,,,,,,,,,,,,,,,,,,,,,,,,,
10782,2019,4,23,7,0,9.700000000000001,80,571,248,5.6000000000000005,,,,,,,,,,,,,,,,,,,,,,,,,,,,,,,,,,,,
10783,2019,4,23,7,15,10.4,86,611,289,5.800000000000001,,,,,,,,,,,,,,,,,,,,,,,,,,,,,,,,,,,,
10784,2019,4,23,7,30,11,92,646,331,6,,,,,,,,,,,,,,,,,,,,,,,,,,,,,,,,,,,,
10785,2019,4,23,7,45,11.700000000000001,99,667,371,6.2,,,,,,,,,,,,,,,,,,,,,,,,,,,,,,,,,,,,
10786,2019,4,23,8,0,12.3,104,691,410,6.4,,,,,,,,,,,,,,,,,,,,,,,,,,,,,,,,,,,,
10787,2019,4,23,8,15,12.9,109,715,451,6.5,,,,,,,,,,,,,,,,,,,,,,,,,,,,,,,,,,,,
10788,2019,4,23,8,30,13.4,113,736,489,6.6000000000000005,,,,,,,,,,,,,,,,,,,,,,,,,,,,,,,,,,,,
10789,2019,4,23,8,45,14,122,739,523,6.7,,,,,,,,,,,,,,,,,,,,,,,,,,,,,,,,,,,,
10790,2019,4,23,9,0,14.5,125,752,557,6.9,,,,,,,,,,,,,,,,,,,,,,,,,,,,,,,,,,,,
10791,2019,4,23,9,15,15,129,768,591,7,,,,,,,,,,,,,,,,,,,,,,,,,,,,,,,,,,,,
10792,2019,4,23,9,30,15.4,131,781,622,7.1000000000000005,,,,,,,,,,,,,,,,,,,,,,,,,,,,,,,,,,,,
10793,2019,4,23,9,45,15.8,136,785,649,7.2,,,,,,,,,,,,,,,,,,,,,,,,,,,,,,,,,,,,
10794,2019,4,23,10,0,16.3,138,795,676,7.300000000000001,,,,,,,,,,,,,,,,,,,,,,,,,,,,,,,,,,,,
10795,2019,4,23,10,15,16.6,141,804,701,7.4,,,,,,,,,,,,,,,,,,,,,,,,,,,,,,,,,,,,
10796,2019,4,23,10,30,17,143,812,723,7.4,,,,,,,,,,,,,,,,,,,,,,,,,,,,,,,,,,,,
10797,2019,4,23,10,45,17.3,158,788,734,7.5,,,,,,,,,,,,,,,,,,,,,,,,,,,,,,,,,,,,
10798,2019,4,23,11,0,17.7,160,793,750,7.5,,,,,,,,,,,,,,,,,,,,,,,,,,,,,,,,,,,,
10799,2019,4,23,11,15,17.900000000000002,161,798,764,7.5,,,,,,,,,,,,,,,,,,,,,,,,,,,,,,,,,,,,
10800,2019,4,23,11,30,18.1,163,801,775,7.5,,,,,,,,,,,,,,,,,,,,,,,,,,,,,,,,,,,,
10801,2019,4,23,11,45,18.400000000000002,181,769,773,7.5,,,,,,,,,,,,,,,,,,,,,,,,,,,,,,,,,,,,
10802,2019,4,23,12,0,18.6,181,771,777,7.5,,,,,,,,,,,,,,,,,,,,,,,,,,,,,,,,,,,,
10803,2019,4,23,12,15,18.7,181,771,779,7.5,,,,,,,,,,,,,,,,,,,,,,,,,,,,,,,,,,,,
10804,2019,4,23,12,30,18.8,339,359,616,7.4,,,,,,,,,,,,,,,,,,,,,,,,,,,,,,,,,,,,
10805,2019,4,23,12,45,19,362,260,561,7.4,,,,,,,,,,,,,,,,,,,,,,,,,,,,,,,,,,,,
10806,2019,4,23,13,0,19.1,367,140,474,7.300000000000001,,,,,,,,,,,,,,,,,,,,,,,,,,,,,,,,,,,,
10807,2019,4,23,13,15,19.1,333,58,376,7.300000000000001,,,,,,,,,,,,,,,,,,,,,,,,,,,,,,,,,,,,
10808,2019,4,23,13,30,19.1,300,35,326,7.2,,,,,,,,,,,,,,,,,,,,,,,,,,,,,,,,,,,,
10809,2019,4,23,13,45,19.1,288,32,311,7.1000000000000005,,,,,,,,,,,,,,,,,,,,,,,,,,,,,,,,,,,,
10810,2019,4,23,14,0,19.1,173,4,175,7.1000000000000005,,,,,,,,,,,,,,,,,,,,,,,,,,,,,,,,,,,,
10811,2019,4,23,14,15,19,227,13,236,7,,,,,,,,,,,,,,,,,,,,,,,,,,,,,,,,,,,,
10812,2019,4,23,14,30,18.900000000000002,182,5,185,6.800000000000001,,,,,,,,,,,,,,,,,,,,,,,,,,,,,,,,,,,,
10813,2019,4,23,14,45,18.7,115,0,115,6.7,,,,,,,,,,,,,,,,,,,,,,,,,,,,,,,,,,,,
10814,2019,4,23,15,0,18.6,251,40,275,6.6000000000000005,,,,,,,,,,,,,,,,,,,,,,,,,,,,,,,,,,,,
10815,2019,4,23,15,15,18.400000000000002,268,164,366,6.5,,,,,,,,,,,,,,,,,,,,,,,,,,,,,,,,,,,,
10816,2019,4,23,15,30,18.3,198,555,511,6.5,,,,,,,,,,,,,,,,,,,,,,,,,,,,,,,,,,,,
10817,2019,4,23,15,45,18.1,208,492,470,6.4,,,,,,,,,,,,,,,,,,,,,,,,,,,,,,,,,,,,
10818,2019,4,23,16,0,17.900000000000002,199,466,433,6.300000000000001,,,,,,,,,,,,,,,,,,,,,,,,,,,,,,,,,,,,
10819,2019,4,23,16,15,17.7,197,198,289,6.2,,,,,,,,,,,,,,,,,,,,,,,,,,,,,,,,,,,,
10820,2019,4,23,16,30,17.5,181,411,359,6.2,,,,,,,,,,,,,,,,,,,,,,,,,,,,,,,,,,,,
10821,2019,4,23,16,45,17.2,172,372,319,6.1000000000000005,,,,,,,,,,,,,,,,,,,,,,,,,,,,,,,,,,,,
10822,2019,4,23,17,0,17,160,337,281,6.1000000000000005,,,,,,,,,,,,,,,,,,,,,,,,,,,,,,,,,,,,
10823,2019,4,23,17,15,16.7,145,299,241,6.1000000000000005,,,,,,,,,,,,,,,,,,,,,,,,,,,,,,,,,,,,
10824,2019,4,23,17,30,16.400000000000002,130,257,203,6,,,,,,,,,,,,,,,,,,,,,,,,,,,,,,,,,,,,
10825,2019,4,23,17,45,16,111,231,168,6,,,,,,,,,,,,,,,,,,,,,,,,,,,,,,,,,,,,
10826,2019,4,23,18,0,15.700000000000001,94,182,131,5.9,,,,,,,,,,,,,,,,,,,,,,,,,,,,,,,,,,,,
10827,2019,4,23,18,15,15.3,75,132,97,5.9,,,,,,,,,,,,,,,,,,,,,,,,,,,,,,,,,,,,
10828,2019,4,23,18,30,14.9,42,18,45,5.9,,,,,,,,,,,,,,,,,,,,,,,,,,,,,,,,,,,,
10829,2019,4,23,18,45,14.5,34,41,38,5.9,,,,,,,,,,,,,,,,,,,,,,,,,,,,,,,,,,,,
10830,2019,4,23,19,0,14.100000000000001,15,11,16,5.800000000000001,,,,,,,,,,,,,,,,,,,,,,,,,,,,,,,,,,,,
10831,2019,4,23,19,15,13.8,0,0,0,5.7,,,,,,,,,,,,,,,,,,,,,,,,,,,,,,,,,,,,
10832,2019,4,23,19,30,13.5,0,0,0,5.7,,,,,,,,,,,,,,,,,,,,,,,,,,,,,,,,,,,,
10833,2019,4,23,19,45,13.100000000000001,0,0,0,5.6000000000000005,,,,,,,,,,,,,,,,,,,,,,,,,,,,,,,,,,,,
10834,2019,4,23,20,0,12.8,0,0,0,5.5,,,,,,,,,,,,,,,,,,,,,,,,,,,,,,,,,,,,
10835,2019,4,23,20,15,12.5,0,0,0,5.4,,,,,,,,,,,,,,,,,,,,,,,,,,,,,,,,,,,,
10836,2019,4,23,20,30,12.200000000000001,0,0,0,5.300000000000001,,,,,,,,,,,,,,,,,,,,,,,,,,,,,,,,,,,,
10837,2019,4,23,20,45,11.9,0,0,0,5.2,,,,,,,,,,,,,,,,,,,,,,,,,,,,,,,,,,,,
10838,2019,4,23,21,0,11.600000000000001,0,0,0,5,,,,,,,,,,,,,,,,,,,,,,,,,,,,,,,,,,,,
10839,2019,4,23,21,15,11.4,0,0,0,4.9,,,,,,,,,,,,,,,,,,,,,,,,,,,,,,,,,,,,
10840,2019,4,23,21,30,11.200000000000001,0,0,0,4.7,,,,,,,,,,,,,,,,,,,,,,,,,,,,,,,,,,,,
10841,2019,4,23,21,45,10.9,0,0,0,4.6000000000000005,,,,,,,,,,,,,,,,,,,,,,,,,,,,,,,,,,,,
10842,2019,4,23,22,0,10.700000000000001,0,0,0,4.5,,,,,,,,,,,,,,,,,,,,,,,,,,,,,,,,,,,,
10843,2019,4,23,22,15,10.5,0,0,0,4.4,,,,,,,,,,,,,,,,,,,,,,,,,,,,,,,,,,,,
10844,2019,4,23,22,30,10.4,0,0,0,4.3,,,,,,,,,,,,,,,,,,,,,,,,,,,,,,,,,,,,
10845,2019,4,23,22,45,10.200000000000001,0,0,0,4.2,,,,,,,,,,,,,,,,,,,,,,,,,,,,,,,,,,,,
10846,2019,4,23,23,0,10.100000000000001,0,0,0,4.1000000000000005,,,,,,,,,,,,,,,,,,,,,,,,,,,,,,,,,,,,
10847,2019,4,23,23,15,10,0,0,0,4.1000000000000005,,,,,,,,,,,,,,,,,,,,,,,,,,,,,,,,,,,,
10848,2019,4,23,23,30,9.9,0,0,0,4,,,,,,,,,,,,,,,,,,,,,,,,,,,,,,,,,,,,
10849,2019,4,23,23,45,9.8,0,0,0,4,,,,,,,,,,,,,,,,,,,,,,,,,,,,,,,,,,,,
10850,2019,4,24,0,0,9.700000000000001,0,0,0,3.9000000000000004,,,,,,,,,,,,,,,,,,,,,,,,,,,,,,,,,,,,
10851,2019,4,24,0,15,9.700000000000001,0,0,0,3.9000000000000004,,,,,,,,,,,,,,,,,,,,,,,,,,,,,,,,,,,,
10852,2019,4,24,0,30,9.700000000000001,0,0,0,3.9000000000000004,,,,,,,,,,,,,,,,,,,,,,,,,,,,,,,,,,,,
10853,2019,4,24,0,45,9.700000000000001,0,0,0,3.9000000000000004,,,,,,,,,,,,,,,,,,,,,,,,,,,,,,,,,,,,
10854,2019,4,24,1,0,9.5,0,0,0,3.7,,,,,,,,,,,,,,,,,,,,,,,,,,,,,,,,,,,,
10855,2019,4,24,1,15,9.5,0,0,0,3.6,,,,,,,,,,,,,,,,,,,,,,,,,,,,,,,,,,,,
10856,2019,4,24,1,30,9.4,0,0,0,3.6,,,,,,,,,,,,,,,,,,,,,,,,,,,,,,,,,,,,
10857,2019,4,24,1,45,9.3,0,0,0,3.5,,,,,,,,,,,,,,,,,,,,,,,,,,,,,,,,,,,,
10858,2019,4,24,2,0,9.3,0,0,0,3.4000000000000004,,,,,,,,,,,,,,,,,,,,,,,,,,,,,,,,,,,,
10859,2019,4,24,2,15,9.200000000000001,0,0,0,3.3000000000000003,,,,,,,,,,,,,,,,,,,,,,,,,,,,,,,,,,,,
10860,2019,4,24,2,30,9.1,0,0,0,3.2,,,,,,,,,,,,,,,,,,,,,,,,,,,,,,,,,,,,
10861,2019,4,24,2,45,9.1,0,0,0,3.2,,,,,,,,,,,,,,,,,,,,,,,,,,,,,,,,,,,,
10862,2019,4,24,3,0,9,0,0,0,3.1,,,,,,,,,,,,,,,,,,,,,,,,,,,,,,,,,,,,
10863,2019,4,24,3,15,8.9,0,0,0,3,,,,,,,,,,,,,,,,,,,,,,,,,,,,,,,,,,,,
10864,2019,4,24,3,30,8.9,0,0,0,3,,,,,,,,,,,,,,,,,,,,,,,,,,,,,,,,,,,,
10865,2019,4,24,3,45,8.8,0,0,0,3,,,,,,,,,,,,,,,,,,,,,,,,,,,,,,,,,,,,
10866,2019,4,24,4,0,8.700000000000001,0,0,0,2.9000000000000004,,,,,,,,,,,,,,,,,,,,,,,,,,,,,,,,,,,,
10867,2019,4,24,4,15,8.700000000000001,0,0,0,2.9000000000000004,,,,,,,,,,,,,,,,,,,,,,,,,,,,,,,,,,,,
10868,2019,4,24,4,30,8.700000000000001,0,0,0,3,,,,,,,,,,,,,,,,,,,,,,,,,,,,,,,,,,,,
10869,2019,4,24,4,45,8.700000000000001,0,0,0,3,,,,,,,,,,,,,,,,,,,,,,,,,,,,,,,,,,,,
10870,2019,4,24,5,0,8.700000000000001,0,0,0,3,,,,,,,,,,,,,,,,,,,,,,,,,,,,,,,,,,,,
10871,2019,4,24,5,15,9,3,0,3,3.1,,,,,,,,,,,,,,,,,,,,,,,,,,,,,,,,,,,,
10872,2019,4,24,5,30,9.3,3,0,3,3.1,,,,,,,,,,,,,,,,,,,,,,,,,,,,,,,,,,,,
10873,2019,4,24,5,45,9.600000000000001,5,0,5,3.2,,,,,,,,,,,,,,,,,,,,,,,,,,,,,,,,,,,,
10874,2019,4,24,6,0,9.9,40,0,40,3.3000000000000003,,,,,,,,,,,,,,,,,,,,,,,,,,,,,,,,,,,,
10875,2019,4,24,6,15,10.3,9,0,9,3.3000000000000003,,,,,,,,,,,,,,,,,,,,,,,,,,,,,,,,,,,,
10876,2019,4,24,6,30,10.8,12,0,12,3.4000000000000004,,,,,,,,,,,,,,,,,,,,,,,,,,,,,,,,,,,,
10877,2019,4,24,6,45,11.3,15,0,15,3.4000000000000004,,,,,,,,,,,,,,,,,,,,,,,,,,,,,,,,,,,,
10878,2019,4,24,7,0,11.8,18,0,18,3.4000000000000004,,,,,,,,,,,,,,,,,,,,,,,,,,,,,,,,,,,,
10879,2019,4,24,7,15,12.4,21,0,21,3.5,,,,,,,,,,,,,,,,,,,,,,,,,,,,,,,,,,,,
10880,2019,4,24,7,30,13,151,90,185,3.5,,,,,,,,,,,,,,,,,,,,,,,,,,,,,,,,,,,,
10881,2019,4,24,7,45,13.600000000000001,168,189,246,3.5,,,,,,,,,,,,,,,,,,,,,,,,,,,,,,,,,,,,
10882,2019,4,24,8,0,14.200000000000001,176,283,303,3.5,,,,,,,,,,,,,,,,,,,,,,,,,,,,,,,,,,,,
10883,2019,4,24,8,15,14.8,190,304,337,3.5,,,,,,,,,,,,,,,,,,,,,,,,,,,,,,,,,,,,
10884,2019,4,24,8,30,15.5,207,307,365,3.5,,,,,,,,,,,,,,,,,,,,,,,,,,,,,,,,,,,,
10885,2019,4,24,8,45,16.1,215,350,407,3.6,,,,,,,,,,,,,,,,,,,,,,,,,,,,,,,,,,,,
10886,2019,4,24,9,0,16.8,238,322,424,3.6,,,,,,,,,,,,,,,,,,,,,,,,,,,,,,,,,,,,
10887,2019,4,24,9,15,17.3,250,336,454,3.6,,,,,,,,,,,,,,,,,,,,,,,,,,,,,,,,,,,,
10888,2019,4,24,9,30,17.900000000000002,228,535,567,3.7,,,,,,,,,,,,,,,,,,,,,,,,,,,,,,,,,,,,
10889,2019,4,24,9,45,18.400000000000002,268,378,516,3.7,,,,,,,,,,,,,,,,,,,,,,,,,,,,,,,,,,,,
10890,2019,4,24,10,0,19,281,374,536,3.8000000000000003,,,,,,,,,,,,,,,,,,,,,,,,,,,,,,,,,,,,
10891,2019,4,24,10,15,19.400000000000002,292,377,556,3.8000000000000003,,,,,,,,,,,,,,,,,,,,,,,,,,,,,,,,,,,,
10892,2019,4,24,10,30,19.8,168,736,697,3.9000000000000004,,,,,,,,,,,,,,,,,,,,,,,,,,,,,,,,,,,,
10893,2019,4,24,10,45,20.200000000000003,161,760,720,3.9000000000000004,,,,,,,,,,,,,,,,,,,,,,,,,,,,,,,,,,,,
10894,2019,4,24,11,0,20.700000000000003,163,766,736,3.9000000000000004,,,,,,,,,,,,,,,,,,,,,,,,,,,,,,,,,,,,
10895,2019,4,24,11,15,21,164,770,749,4,,,,,,,,,,,,,,,,,,,,,,,,,,,,,,,,,,,,
10896,2019,4,24,11,30,21.3,163,774,757,4,,,,,,,,,,,,,,,,,,,,,,,,,,,,,,,,,,,,
10897,2019,4,24,11,45,21.6,154,797,771,4,,,,,,,,,,,,,,,,,,,,,,,,,,,,,,,,,,,,
10898,2019,4,24,12,0,22,155,798,775,4,,,,,,,,,,,,,,,,,,,,,,,,,,,,,,,,,,,,
10899,2019,4,24,12,15,22.200000000000003,155,799,776,4,,,,,,,,,,,,,,,,,,,,,,,,,,,,,,,,,,,,
10900,2019,4,24,12,30,22.400000000000002,154,798,774,4,,,,,,,,,,,,,,,,,,,,,,,,,,,,,,,,,,,,
10901,2019,4,24,12,45,22.700000000000003,137,829,777,4,,,,,,,,,,,,,,,,,,,,,,,,,,,,,,,,,,,,
10902,2019,4,24,13,0,22.900000000000002,136,827,769,4,,,,,,,,,,,,,,,,,,,,,,,,,,,,,,,,,,,,
10903,2019,4,24,13,15,23.1,135,823,757,4,,,,,,,,,,,,,,,,,,,,,,,,,,,,,,,,,,,,
10904,2019,4,24,13,30,23.200000000000003,134,819,743,3.9000000000000004,,,,,,,,,,,,,,,,,,,,,,,,,,,,,,,,,,,,
10905,2019,4,24,13,45,23.3,128,824,729,3.9000000000000004,,,,,,,,,,,,,,,,,,,,,,,,,,,,,,,,,,,,
10906,2019,4,24,14,0,23.5,126,817,709,3.9000000000000004,,,,,,,,,,,,,,,,,,,,,,,,,,,,,,,,,,,,
10907,2019,4,24,14,15,23.5,125,809,686,3.9000000000000004,,,,,,,,,,,,,,,,,,,,,,,,,,,,,,,,,,,,
10908,2019,4,24,14,30,23.5,123,800,661,3.9000000000000004,,,,,,,,,,,,,,,,,,,,,,,,,,,,,,,,,,,,
10909,2019,4,24,14,45,23.5,116,801,636,3.8000000000000003,,,,,,,,,,,,,,,,,,,,,,,,,,,,,,,,,,,,
10910,2019,4,24,15,0,23.5,114,789,606,3.8000000000000003,,,,,,,,,,,,,,,,,,,,,,,,,,,,,,,,,,,,
10911,2019,4,24,15,15,23.400000000000002,112,776,575,3.7,,,,,,,,,,,,,,,,,,,,,,,,,,,,,,,,,,,,
10912,2019,4,24,15,30,23.3,109,761,541,3.7,,,,,,,,,,,,,,,,,,,,,,,,,,,,,,,,,,,,
10913,2019,4,24,15,45,23.1,101,759,508,3.6,,,,,,,,,,,,,,,,,,,,,,,,,,,,,,,,,,,,
10914,2019,4,24,16,0,23,98,740,471,3.5,,,,,,,,,,,,,,,,,,,,,,,,,,,,,,,,,,,,
10915,2019,4,24,16,15,22.6,95,719,433,3.3000000000000003,,,,,,,,,,,,,,,,,,,,,,,,,,,,,,,,,,,,
10916,2019,4,24,16,30,22.200000000000003,91,694,394,3.1,,,,,,,,,,,,,,,,,,,,,,,,,,,,,,,,,,,,
10917,2019,4,24,16,45,21.900000000000002,81,689,357,2.9000000000000004,,,,,,,,,,,,,,,,,,,,,,,,,,,,,,,,,,,,
10918,2019,4,24,17,0,21.5,77,659,316,2.7,,,,,,,,,,,,,,,,,,,,,,,,,,,,,,,,,,,,
10919,2019,4,24,17,15,20.900000000000002,73,624,275,2.6,,,,,,,,,,,,,,,,,,,,,,,,,,,,,,,,,,,,
10920,2019,4,24,17,30,20.200000000000003,68,583,235,2.5,,,,,,,,,,,,,,,,,,,,,,,,,,,,,,,,,,,,
10921,2019,4,24,17,45,19.5,59,557,197,2.5,,,,,,,,,,,,,,,,,,,,,,,,,,,,,,,,,,,,
10922,2019,4,24,18,0,18.900000000000002,76,132,104,2.4000000000000004,,,,,,,,,,,,,,,,,,,,,,,,,,,,,,,,,,,,
10923,2019,4,24,18,15,18.3,61,99,77,2.4000000000000004,,,,,,,,,,,,,,,,,,,,,,,,,,,,,,,,,,,,
10924,2019,4,24,18,30,17.7,45,68,54,2.5,,,,,,,,,,,,,,,,,,,,,,,,,,,,,,,,,,,,
10925,2019,4,24,18,45,17.2,24,0,24,2.6,,,,,,,,,,,,,,,,,,,,,,,,,,,,,,,,,,,,
10926,2019,4,24,19,0,16.6,14,0,14,2.6,,,,,,,,,,,,,,,,,,,,,,,,,,,,,,,,,,,,
10927,2019,4,24,19,15,16.3,9,53,11,2.7,,,,,,,,,,,,,,,,,,,,,,,,,,,,,,,,,,,,
10928,2019,4,24,19,30,16,0,0,0,2.7,,,,,,,,,,,,,,,,,,,,,,,,,,,,,,,,,,,,
10929,2019,4,24,19,45,15.700000000000001,0,0,0,2.8000000000000003,,,,,,,,,,,,,,,,,,,,,,,,,,,,,,,,,,,,
10930,2019,4,24,20,0,15.5,0,0,0,2.8000000000000003,,,,,,,,,,,,,,,,,,,,,,,,,,,,,,,,,,,,
10931,2019,4,24,20,15,15.200000000000001,0,0,0,2.7,,,,,,,,,,,,,,,,,,,,,,,,,,,,,,,,,,,,
10932,2019,4,24,20,30,14.9,0,0,0,2.7,,,,,,,,,,,,,,,,,,,,,,,,,,,,,,,,,,,,
10933,2019,4,24,20,45,14.700000000000001,0,0,0,2.6,,,,,,,,,,,,,,,,,,,,,,,,,,,,,,,,,,,,
10934,2019,4,24,21,0,14.4,0,0,0,2.5,,,,,,,,,,,,,,,,,,,,,,,,,,,,,,,,,,,,
10935,2019,4,24,21,15,14.3,0,0,0,2.5,,,,,,,,,,,,,,,,,,,,,,,,,,,,,,,,,,,,
10936,2019,4,24,21,30,14.100000000000001,0,0,0,2.4000000000000004,,,,,,,,,,,,,,,,,,,,,,,,,,,,,,,,,,,,
10937,2019,4,24,21,45,13.9,0,0,0,2.3000000000000003,,,,,,,,,,,,,,,,,,,,,,,,,,,,,,,,,,,,
10938,2019,4,24,22,0,13.8,0,0,0,2.3000000000000003,,,,,,,,,,,,,,,,,,,,,,,,,,,,,,,,,,,,
10939,2019,4,24,22,15,13.700000000000001,0,0,0,2.7,,,,,,,,,,,,,,,,,,,,,,,,,,,,,,,,,,,,
10940,2019,4,24,22,30,13.700000000000001,0,0,0,3.1,,,,,,,,,,,,,,,,,,,,,,,,,,,,,,,,,,,,
10941,2019,4,24,22,45,13.700000000000001,0,0,0,3.5,,,,,,,,,,,,,,,,,,,,,,,,,,,,,,,,,,,,
10942,2019,4,24,23,0,13.600000000000001,0,0,0,3.9000000000000004,,,,,,,,,,,,,,,,,,,,,,,,,,,,,,,,,,,,
10943,2019,4,24,23,15,13.3,0,0,0,4.1000000000000005,,,,,,,,,,,,,,,,,,,,,,,,,,,,,,,,,,,,
10944,2019,4,24,23,30,12.9,0,0,0,4.3,,,,,,,,,,,,,,,,,,,,,,,,,,,,,,,,,,,,
10945,2019,4,24,23,45,12.600000000000001,0,0,0,4.5,,,,,,,,,,,,,,,,,,,,,,,,,,,,,,,,,,,,
10946,2019,4,25,0,0,12.200000000000001,0,0,0,4.7,,,,,,,,,,,,,,,,,,,,,,,,,,,,,,,,,,,,
10947,2019,4,25,0,15,12.200000000000001,0,0,0,4.7,,,,,,,,,,,,,,,,,,,,,,,,,,,,,,,,,,,,
10948,2019,4,25,0,30,12.200000000000001,0,0,0,4.7,,,,,,,,,,,,,,,,,,,,,,,,,,,,,,,,,,,,
10949,2019,4,25,0,45,12.200000000000001,0,0,0,4.7,,,,,,,,,,,,,,,,,,,,,,,,,,,,,,,,,,,,
10950,2019,4,25,1,0,10.600000000000001,0,0,0,3.4000000000000004,,,,,,,,,,,,,,,,,,,,,,,,,,,,,,,,,,,,
10951,2019,4,25,1,15,10.3,0,0,0,3.1,,,,,,,,,,,,,,,,,,,,,,,,,,,,,,,,,,,,
10952,2019,4,25,1,30,10,0,0,0,2.7,,,,,,,,,,,,,,,,,,,,,,,,,,,,,,,,,,,,
10953,2019,4,25,1,45,9.700000000000001,0,0,0,2.3000000000000003,,,,,,,,,,,,,,,,,,,,,,,,,,,,,,,,,,,,
10954,2019,4,25,2,0,9.4,0,0,0,1.9000000000000001,,,,,,,,,,,,,,,,,,,,,,,,,,,,,,,,,,,,
10955,2019,4,25,2,15,8.9,0,0,0,1.8,,,,,,,,,,,,,,,,,,,,,,,,,,,,,,,,,,,,
10956,2019,4,25,2,30,8.4,0,0,0,1.6,,,,,,,,,,,,,,,,,,,,,,,,,,,,,,,,,,,,
10957,2019,4,25,2,45,8,0,0,0,1.5,,,,,,,,,,,,,,,,,,,,,,,,,,,,,,,,,,,,
10958,2019,4,25,3,0,7.5,0,0,0,1.4000000000000001,,,,,,,,,,,,,,,,,,,,,,,,,,,,,,,,,,,,
10959,2019,4,25,3,15,7.2,0,0,0,1.4000000000000001,,,,,,,,,,,,,,,,,,,,,,,,,,,,,,,,,,,,
10960,2019,4,25,3,30,6.9,0,0,0,1.4000000000000001,,,,,,,,,,,,,,,,,,,,,,,,,,,,,,,,,,,,
10961,2019,4,25,3,45,6.6000000000000005,0,0,0,1.4000000000000001,,,,,,,,,,,,,,,,,,,,,,,,,,,,,,,,,,,,
10962,2019,4,25,4,0,6.300000000000001,0,0,0,1.4000000000000001,,,,,,,,,,,,,,,,,,,,,,,,,,,,,,,,,,,,
10963,2019,4,25,4,15,6.4,0,0,0,1.4000000000000001,,,,,,,,,,,,,,,,,,,,,,,,,,,,,,,,,,,,
10964,2019,4,25,4,30,6.4,0,0,0,1.5,,,,,,,,,,,,,,,,,,,,,,,,,,,,,,,,,,,,
10965,2019,4,25,4,45,6.5,0,0,0,1.5,,,,,,,,,,,,,,,,,,,,,,,,,,,,,,,,,,,,
10966,2019,4,25,5,0,6.6000000000000005,0,0,0,1.6,,,,,,,,,,,,,,,,,,,,,,,,,,,,,,,,,,,,
10967,2019,4,25,5,15,7.2,15,123,19,1.9000000000000001,,,,,,,,,,,,,,,,,,,,,,,,,,,,,,,,,,,,
10968,2019,4,25,5,30,7.800000000000001,15,0,15,2.2,,,,,,,,,,,,,,,,,,,,,,,,,,,,,,,,,,,,
10969,2019,4,25,5,45,8.4,26,0,26,2.5,,,,,,,,,,,,,,,,,,,,,,,,,,,,,,,,,,,,
10970,2019,4,25,6,0,9,40,0,40,2.8000000000000003,,,,,,,,,,,,,,,,,,,,,,,,,,,,,,,,,,,,
10971,2019,4,25,6,15,9.5,57,0,57,2.7,,,,,,,,,,,,,,,,,,,,,,,,,,,,,,,,,,,,
10972,2019,4,25,6,30,10.100000000000001,73,0,73,2.7,,,,,,,,,,,,,,,,,,,,,,,,,,,,,,,,,,,,
10973,2019,4,25,6,45,10.600000000000001,90,4,91,2.7,,,,,,,,,,,,,,,,,,,,,,,,,,,,,,,,,,,,
10974,2019,4,25,7,0,11.200000000000001,107,15,112,2.6,,,,,,,,,,,,,,,,,,,,,,,,,,,,,,,,,,,,
10975,2019,4,25,7,15,11.9,132,215,205,2.6,,,,,,,,,,,,,,,,,,,,,,,,,,,,,,,,,,,,
10976,2019,4,25,7,30,12.600000000000001,133,350,265,2.5,,,,,,,,,,,,,,,,,,,,,,,,,,,,,,,,,,,,
10977,2019,4,25,7,45,13.3,150,345,294,2.5,,,,,,,,,,,,,,,,,,,,,,,,,,,,,,,,,,,,
10978,2019,4,25,8,0,14.100000000000001,181,260,299,2.4000000000000004,,,,,,,,,,,,,,,,,,,,,,,,,,,,,,,,,,,,
10979,2019,4,25,8,15,14.700000000000001,164,441,379,2.4000000000000004,,,,,,,,,,,,,,,,,,,,,,,,,,,,,,,,,,,,
10980,2019,4,25,8,30,15.3,175,461,415,2.5,,,,,,,,,,,,,,,,,,,,,,,,,,,,,,,,,,,,
10981,2019,4,25,8,45,15.9,105,786,539,2.5,,,,,,,,,,,,,,,,,,,,,,,,,,,,,,,,,,,,
10982,2019,4,25,9,0,16.5,108,801,574,2.5,,,,,,,,,,,,,,,,,,,,,,,,,,,,,,,,,,,,
10983,2019,4,25,9,15,16.900000000000002,110,812,606,2.6,,,,,,,,,,,,,,,,,,,,,,,,,,,,,,,,,,,,
10984,2019,4,25,9,30,17.2,112,824,637,2.6,,,,,,,,,,,,,,,,,,,,,,,,,,,,,,,,,,,,
10985,2019,4,25,9,45,17.6,102,861,672,2.6,,,,,,,,,,,,,,,,,,,,,,,,,,,,,,,,,,,,
10986,2019,4,25,10,0,18,104,869,699,2.6,,,,,,,,,,,,,,,,,,,,,,,,,,,,,,,,,,,,
10987,2019,4,25,10,15,18.5,105,877,723,2.7,,,,,,,,,,,,,,,,,,,,,,,,,,,,,,,,,,,,
10988,2019,4,25,10,30,18.900000000000002,106,883,745,2.7,,,,,,,,,,,,,,,,,,,,,,,,,,,,,,,,,,,,
10989,2019,4,25,10,45,19.400000000000002,99,905,767,2.8000000000000003,,,,,,,,,,,,,,,,,,,,,,,,,,,,,,,,,,,,
10990,2019,4,25,11,0,19.8,99,909,783,2.8000000000000003,,,,,,,,,,,,,,,,,,,,,,,,,,,,,,,,,,,,
10991,2019,4,25,11,15,20.200000000000003,100,912,796,2.9000000000000004,,,,,,,,,,,,,,,,,,,,,,,,,,,,,,,,,,,,
10992,2019,4,25,11,30,20.5,101,915,807,2.9000000000000004,,,,,,,,,,,,,,,,,,,,,,,,,,,,,,,,,,,,
10993,2019,4,25,11,45,20.8,99,920,814,3,,,,,,,,,,,,,,,,,,,,,,,,,,,,,,,,,,,,
10994,2019,4,25,12,0,21.1,99,921,818,3.1,,,,,,,,,,,,,,,,,,,,,,,,,,,,,,,,,,,,
10995,2019,4,25,12,15,21.3,99,921,819,3.2,,,,,,,,,,,,,,,,,,,,,,,,,,,,,,,,,,,,
10996,2019,4,25,12,30,21.5,99,921,817,3.2,,,,,,,,,,,,,,,,,,,,,,,,,,,,,,,,,,,,
10997,2019,4,25,12,45,21.8,95,925,813,3.3000000000000003,,,,,,,,,,,,,,,,,,,,,,,,,,,,,,,,,,,,
10998,2019,4,25,13,0,22,95,923,805,3.4000000000000004,,,,,,,,,,,,,,,,,,,,,,,,,,,,,,,,,,,,
10999,2019,4,25,13,15,22.1,95,921,794,3.5,,,,,,,,,,,,,,,,,,,,,,,,,,,,,,,,,,,,
11000,2019,4,25,13,30,22.3,94,917,779,3.5,,,,,,,,,,,,,,,,,,,,,,,,,,,,,,,,,,,,
11001,2019,4,25,13,45,22.400000000000002,92,914,762,3.6,,,,,,,,,,,,,,,,,,,,,,,,,,,,,,,,,,,,
11002,2019,4,25,14,0,22.6,91,909,742,3.7,,,,,,,,,,,,,,,,,,,,,,,,,,,,,,,,,,,,
11003,2019,4,25,14,15,22.700000000000003,90,902,720,3.7,,,,,,,,,,,,,,,,,,,,,,,,,,,,,,,,,,,,
11004,2019,4,25,14,30,22.700000000000003,89,895,694,3.7,,,,,,,,,,,,,,,,,,,,,,,,,,,,,,,,,,,,
11005,2019,4,25,14,45,22.8,88,885,666,3.8000000000000003,,,,,,,,,,,,,,,,,,,,,,,,,,,,,,,,,,,,
11006,2019,4,25,15,0,22.900000000000002,87,876,636,3.8000000000000003,,,,,,,,,,,,,,,,,,,,,,,,,,,,,,,,,,,,
11007,2019,4,25,15,15,22.8,235,382,464,3.7,,,,,,,,,,,,,,,,,,,,,,,,,,,,,,,,,,,,
11008,2019,4,25,15,30,22.700000000000003,224,366,433,3.7,,,,,,,,,,,,,,,,,,,,,,,,,,,,,,,,,,,,
11009,2019,4,25,15,45,22.6,134,619,469,3.6,,,,,,,,,,,,,,,,,,,,,,,,,,,,,,,,,,,,
11010,2019,4,25,16,0,22.6,167,472,407,3.5,,,,,,,,,,,,,,,,,,,,,,,,,,,,,,,,,,,,
11011,2019,4,25,16,15,22.200000000000003,78,793,455,3.3000000000000003,,,,,,,,,,,,,,,,,,,,,,,,,,,,,,,,,,,,
11012,2019,4,25,16,30,21.8,75,772,415,3.1,,,,,,,,,,,,,,,,,,,,,,,,,,,,,,,,,,,,
11013,2019,4,25,16,45,21.5,142,357,287,2.9000000000000004,,,,,,,,,,,,,,,,,,,,,,,,,,,,,,,,,,,,
11014,2019,4,25,17,0,21.1,71,711,332,2.7,,,,,,,,,,,,,,,,,,,,,,,,,,,,,,,,,,,,
11015,2019,4,25,17,15,20.5,74,583,266,2.7,,,,,,,,,,,,,,,,,,,,,,,,,,,,,,,,,,,,
11016,2019,4,25,17,30,19.900000000000002,61,594,233,2.7,,,,,,,,,,,,,,,,,,,,,,,,,,,,,,,,,,,,
11017,2019,4,25,17,45,19.200000000000003,56,551,194,2.6,,,,,,,,,,,,,,,,,,,,,,,,,,,,,,,,,,,,
11018,2019,4,25,18,0,18.6,50,502,157,2.6,,,,,,,,,,,,,,,,,,,,,,,,,,,,,,,,,,,,
11019,2019,4,25,18,15,18.2,44,449,122,2.7,,,,,,,,,,,,,,,,,,,,,,,,,,,,,,,,,,,,
11020,2019,4,25,18,30,17.7,37,390,89,2.8000000000000003,,,,,,,,,,,,,,,,,,,,,,,,,,,,,,,,,,,,
11021,2019,4,25,18,45,17.2,31,302,60,2.9000000000000004,,,,,,,,,,,,,,,,,,,,,,,,,,,,,,,,,,,,
11022,2019,4,25,19,0,16.8,21,201,33,3,,,,,,,,,,,,,,,,,,,,,,,,,,,,,,,,,,,,
11023,2019,4,25,19,15,16.6,11,90,13,3.2,,,,,,,,,,,,,,,,,,,,,,,,,,,,,,,,,,,,
11024,2019,4,25,19,30,16.5,0,0,0,3.3000000000000003,,,,,,,,,,,,,,,,,,,,,,,,,,,,,,,,,,,,
11025,2019,4,25,19,45,16.3,0,0,0,3.4000000000000004,,,,,,,,,,,,,,,,,,,,,,,,,,,,,,,,,,,,
11026,2019,4,25,20,0,16.2,0,0,0,3.6,,,,,,,,,,,,,,,,,,,,,,,,,,,,,,,,,,,,
11027,2019,4,25,20,15,16,0,0,0,3.6,,,,,,,,,,,,,,,,,,,,,,,,,,,,,,,,,,,,
11028,2019,4,25,20,30,15.8,0,0,0,3.6,,,,,,,,,,,,,,,,,,,,,,,,,,,,,,,,,,,,
11029,2019,4,25,20,45,15.600000000000001,0,0,0,3.6,,,,,,,,,,,,,,,,,,,,,,,,,,,,,,,,,,,,
11030,2019,4,25,21,0,15.4,0,0,0,3.6,,,,,,,,,,,,,,,,,,,,,,,,,,,,,,,,,,,,
11031,2019,4,25,21,15,15.200000000000001,0,0,0,3.5,,,,,,,,,,,,,,,,,,,,,,,,,,,,,,,,,,,,
11032,2019,4,25,21,30,15,0,0,0,3.5,,,,,,,,,,,,,,,,,,,,,,,,,,,,,,,,,,,,
11033,2019,4,25,21,45,14.8,0,0,0,3.4000000000000004,,,,,,,,,,,,,,,,,,,,,,,,,,,,,,,,,,,,
11034,2019,4,25,22,0,14.600000000000001,0,0,0,3.3000000000000003,,,,,,,,,,,,,,,,,,,,,,,,,,,,,,,,,,,,
11035,2019,4,25,22,15,14.4,0,0,0,3.3000000000000003,,,,,,,,,,,,,,,,,,,,,,,,,,,,,,,,,,,,
11036,2019,4,25,22,30,14.200000000000001,0,0,0,3.2,,,,,,,,,,,,,,,,,,,,,,,,,,,,,,,,,,,,
11037,2019,4,25,22,45,14.100000000000001,0,0,0,3.1,,,,,,,,,,,,,,,,,,,,,,,,,,,,,,,,,,,,
11038,2019,4,25,23,0,13.9,0,0,0,3,,,,,,,,,,,,,,,,,,,,,,,,,,,,,,,,,,,,
11039,2019,4,25,23,15,13.700000000000001,0,0,0,2.9000000000000004,,,,,,,,,,,,,,,,,,,,,,,,,,,,,,,,,,,,
11040,2019,4,25,23,30,13.5,0,0,0,2.8000000000000003,,,,,,,,,,,,,,,,,,,,,,,,,,,,,,,,,,,,
11041,2019,4,25,23,45,13.3,0,0,0,2.6,,,,,,,,,,,,,,,,,,,,,,,,,,,,,,,,,,,,
11042,2019,4,26,0,0,13.100000000000001,0,0,0,2.5,,,,,,,,,,,,,,,,,,,,,,,,,,,,,,,,,,,,
11043,2019,4,26,0,15,13.100000000000001,0,0,0,2.5,,,,,,,,,,,,,,,,,,,,,,,,,,,,,,,,,,,,
11044,2019,4,26,0,30,13.100000000000001,0,0,0,2.5,,,,,,,,,,,,,,,,,,,,,,,,,,,,,,,,,,,,
11045,2019,4,26,0,45,13.100000000000001,0,0,0,2.5,,,,,,,,,,,,,,,,,,,,,,,,,,,,,,,,,,,,
11046,2019,4,26,1,0,12.200000000000001,0,0,0,1.9000000000000001,,,,,,,,,,,,,,,,,,,,,,,,,,,,,,,,,,,,
11047,2019,4,26,1,15,11.9,0,0,0,1.8,,,,,,,,,,,,,,,,,,,,,,,,,,,,,,,,,,,,
11048,2019,4,26,1,30,11.700000000000001,0,0,0,1.6,,,,,,,,,,,,,,,,,,,,,,,,,,,,,,,,,,,,
11049,2019,4,26,1,45,11.5,0,0,0,1.5,,,,,,,,,,,,,,,,,,,,,,,,,,,,,,,,,,,,
11050,2019,4,26,2,0,11.200000000000001,0,0,0,1.3,,,,,,,,,,,,,,,,,,,,,,,,,,,,,,,,,,,,
11051,2019,4,26,2,15,11.100000000000001,0,0,0,1.3,,,,,,,,,,,,,,,,,,,,,,,,,,,,,,,,,,,,
11052,2019,4,26,2,30,10.9,0,0,0,1.2000000000000002,,,,,,,,,,,,,,,,,,,,,,,,,,,,,,,,,,,,
11053,2019,4,26,2,45,10.8,0,0,0,1.2000000000000002,,,,,,,,,,,,,,,,,,,,,,,,,,,,,,,,,,,,
11054,2019,4,26,3,0,10.600000000000001,0,0,0,1.1,,,,,,,,,,,,,,,,,,,,,,,,,,,,,,,,,,,,
11055,2019,4,26,3,15,10.600000000000001,0,0,0,1.3,,,,,,,,,,,,,,,,,,,,,,,,,,,,,,,,,,,,
11056,2019,4,26,3,30,10.600000000000001,0,0,0,1.4000000000000001,,,,,,,,,,,,,,,,,,,,,,,,,,,,,,,,,,,,
11057,2019,4,26,3,45,10.5,0,0,0,1.6,,,,,,,,,,,,,,,,,,,,,,,,,,,,,,,,,,,,
11058,2019,4,26,4,0,10.5,0,0,0,1.7000000000000002,,,,,,,,,,,,,,,,,,,,,,,,,,,,,,,,,,,,
11059,2019,4,26,4,15,10.600000000000001,0,0,0,2.1,,,,,,,,,,,,,,,,,,,,,,,,,,,,,,,,,,,,
11060,2019,4,26,4,30,10.700000000000001,0,0,0,2.4000000000000004,,,,,,,,,,,,,,,,,,,,,,,,,,,,,,,,,,,,
11061,2019,4,26,4,45,10.8,0,0,0,2.8000000000000003,,,,,,,,,,,,,,,,,,,,,,,,,,,,,,,,,,,,
11062,2019,4,26,5,0,11,0,0,0,3.2,,,,,,,,,,,,,,,,,,,,,,,,,,,,,,,,,,,,
11063,2019,4,26,5,15,11.100000000000001,15,96,19,3.4000000000000004,,,,,,,,,,,,,,,,,,,,,,,,,,,,,,,,,,,,
11064,2019,4,26,5,30,11.3,13,0,13,3.7,,,,,,,,,,,,,,,,,,,,,,,,,,,,,,,,,,,,
11065,2019,4,26,5,45,11.5,38,277,69,3.9000000000000004,,,,,,,,,,,,,,,,,,,,,,,,,,,,,,,,,,,,
11066,2019,4,26,6,0,11.700000000000001,48,358,102,4.2,,,,,,,,,,,,,,,,,,,,,,,,,,,,,,,,,,,,
11067,2019,4,26,6,15,12,42,0,42,4.3,,,,,,,,,,,,,,,,,,,,,,,,,,,,,,,,,,,,
11068,2019,4,26,6,30,12.3,55,0,55,4.5,,,,,,,,,,,,,,,,,,,,,,,,,,,,,,,,,,,,
11069,2019,4,26,6,45,12.600000000000001,69,0,69,4.6000000000000005,,,,,,,,,,,,,,,,,,,,,,,,,,,,,,,,,,,,
11070,2019,4,26,7,0,12.9,109,14,113,4.7,,,,,,,,,,,,,,,,,,,,,,,,,,,,,,,,,,,,
11071,2019,4,26,7,15,13.200000000000001,138,110,177,4.800000000000001,,,,,,,,,,,,,,,,,,,,,,,,,,,,,,,,,,,,
11072,2019,4,26,7,30,13.600000000000001,133,362,272,4.800000000000001,,,,,,,,,,,,,,,,,,,,,,,,,,,,,,,,,,,,
11073,2019,4,26,7,45,14,145,386,308,4.9,,,,,,,,,,,,,,,,,,,,,,,,,,,,,,,,,,,,
11074,2019,4,26,8,0,14.3,157,412,345,4.9,,,,,,,,,,,,,,,,,,,,,,,,,,,,,,,,,,,,
11075,2019,4,26,8,15,14.700000000000001,193,310,346,4.9,,,,,,,,,,,,,,,,,,,,,,,,,,,,,,,,,,,,
11076,2019,4,26,8,30,15,207,330,380,4.9,,,,,,,,,,,,,,,,,,,,,,,,,,,,,,,,,,,,
11077,2019,4,26,8,45,15.4,227,313,401,4.800000000000001,,,,,,,,,,,,,,,,,,,,,,,,,,,,,,,,,,,,
11078,2019,4,26,9,0,15.700000000000001,212,440,470,4.800000000000001,,,,,,,,,,,,,,,,,,,,,,,,,,,,,,,,,,,,
11079,2019,4,26,9,15,16,238,398,483,4.800000000000001,,,,,,,,,,,,,,,,,,,,,,,,,,,,,,,,,,,,
11080,2019,4,26,9,30,16.3,252,400,508,4.7,,,,,,,,,,,,,,,,,,,,,,,,,,,,,,,,,,,,
11081,2019,4,26,9,45,16.7,262,414,538,4.7,,,,,,,,,,,,,,,,,,,,,,,,,,,,,,,,,,,,
11082,2019,4,26,10,0,17,263,436,564,4.7,,,,,,,,,,,,,,,,,,,,,,,,,,,,,,,,,,,,
11083,2019,4,26,10,15,17.2,318,288,523,4.6000000000000005,,,,,,,,,,,,,,,,,,,,,,,,,,,,,,,,,,,,
11084,2019,4,26,10,30,17.400000000000002,330,286,537,4.6000000000000005,,,,,,,,,,,,,,,,,,,,,,,,,,,,,,,,,,,,
11085,2019,4,26,10,45,17.6,355,151,467,4.6000000000000005,,,,,,,,,,,,,,,,,,,,,,,,,,,,,,,,,,,,
11086,2019,4,26,11,0,17.8,357,107,438,4.6000000000000005,,,,,,,,,,,,,,,,,,,,,,,,,,,,,,,,,,,,
11087,2019,4,26,11,15,17.900000000000002,354,283,572,4.6000000000000005,,,,,,,,,,,,,,,,,,,,,,,,,,,,,,,,,,,,
11088,2019,4,26,11,30,18,313,422,640,4.6000000000000005,,,,,,,,,,,,,,,,,,,,,,,,,,,,,,,,,,,,
11089,2019,4,26,11,45,18.1,340,373,632,4.6000000000000005,,,,,,,,,,,,,,,,,,,,,,,,,,,,,,,,,,,,
11090,2019,4,26,12,0,18.2,345,356,624,4.6000000000000005,,,,,,,,,,,,,,,,,,,,,,,,,,,,,,,,,,,,
11091,2019,4,26,12,15,18.1,314,431,652,4.6000000000000005,,,,,,,,,,,,,,,,,,,,,,,,,,,,,,,,,,,,
11092,2019,4,26,12,30,18,343,361,626,4.6000000000000005,,,,,,,,,,,,,,,,,,,,,,,,,,,,,,,,,,,,
11093,2019,4,26,12,45,17.900000000000002,339,366,624,4.7,,,,,,,,,,,,,,,,,,,,,,,,,,,,,,,,,,,,
11094,2019,4,26,13,0,17.8,348,320,595,4.7,,,,,,,,,,,,,,,,,,,,,,,,,,,,,,,,,,,,
11095,2019,4,26,13,15,17.5,360,104,439,4.7,,,,,,,,,,,,,,,,,,,,,,,,,,,,,,,,,,,,
11096,2019,4,26,13,30,17.1,269,20,283,4.800000000000001,,,,,,,,,,,,,,,,,,,,,,,,,,,,,,,,,,,,
11097,2019,4,26,13,45,16.8,346,106,423,4.800000000000001,,,,,,,,,,,,,,,,,,,,,,,,,,,,,,,,,,,,
11098,2019,4,26,14,0,16.400000000000002,237,14,247,4.9,,,,,,,,,,,,,,,,,,,,,,,,,,,,,,,,,,,,
11099,2019,4,26,14,15,16,168,3,169,4.9,,,,,,,,,,,,,,,,,,,,,,,,,,,,,,,,,,,,
11100,2019,4,26,14,30,15.5,78,0,78,5,,,,,,,,,,,,,,,,,,,,,,,,,,,,,,,,,,,,
11101,2019,4,26,14,45,15,85,0,85,5,,,,,,,,,,,,,,,,,,,,,,,,,,,,,,,,,,,,
11102,2019,4,26,15,0,14.5,277,76,325,5.1000000000000005,,,,,,,,,,,,,,,,,,,,,,,,,,,,,,,,,,,,
11103,2019,4,26,15,15,14.100000000000001,263,78,310,5.1000000000000005,,,,,,,,,,,,,,,,,,,,,,,,,,,,,,,,,,,,
11104,2019,4,26,15,30,13.700000000000001,165,2,166,5.2,,,,,,,,,,,,,,,,,,,,,,,,,,,,,,,,,,,,
11105,2019,4,26,15,45,13.4,235,224,357,5.2,,,,,,,,,,,,,,,,,,,,,,,,,,,,,,,,,,,,
11106,2019,4,26,16,0,13,36,0,36,5.2,,,,,,,,,,,,,,,,,,,,,,,,,,,,,,,,,,,,
11107,2019,4,26,16,15,12.700000000000001,81,0,81,5.2,,,,,,,,,,,,,,,,,,,,,,,,,,,,,,,,,,,,
11108,2019,4,26,16,30,12.4,76,0,76,5.1000000000000005,,,,,,,,,,,,,,,,,,,,,,,,,,,,,,,,,,,,
11109,2019,4,26,16,45,12.100000000000001,85,0,85,5.1000000000000005,,,,,,,,,,,,,,,,,,,,,,,,,,,,,,,,,,,,
11110,2019,4,26,17,0,11.700000000000001,144,230,229,5.1000000000000005,,,,,,,,,,,,,,,,,,,,,,,,,,,,,,,,,,,,
11111,2019,4,26,17,15,11.5,123,256,208,4.9,,,,,,,,,,,,,,,,,,,,,,,,,,,,,,,,,,,,
11112,2019,4,26,17,30,11.200000000000001,76,0,76,4.800000000000001,,,,,,,,,,,,,,,,,,,,,,,,,,,,,,,,,,,,
11113,2019,4,26,17,45,10.9,62,0,62,4.6000000000000005,,,,,,,,,,,,,,,,,,,,,,,,,,,,,,,,,,,,
11114,2019,4,26,18,0,10.700000000000001,50,0,50,4.4,,,,,,,,,,,,,,,,,,,,,,,,,,,,,,,,,,,,
11115,2019,4,26,18,15,10.5,39,0,39,4.3,,,,,,,,,,,,,,,,,,,,,,,,,,,,,,,,,,,,
11116,2019,4,26,18,30,10.3,29,0,29,4.1000000000000005,,,,,,,,,,,,,,,,,,,,,,,,,,,,,,,,,,,,
11117,2019,4,26,18,45,10.100000000000001,21,0,21,4,,,,,,,,,,,,,,,,,,,,,,,,,,,,,,,,,,,,
11118,2019,4,26,19,0,9.8,13,0,13,3.8000000000000003,,,,,,,,,,,,,,,,,,,,,,,,,,,,,,,,,,,,
11119,2019,4,26,19,15,9.700000000000001,9,11,9,3.8000000000000003,,,,,,,,,,,,,,,,,,,,,,,,,,,,,,,,,,,,
11120,2019,4,26,19,30,9.600000000000001,0,0,0,3.7,,,,,,,,,,,,,,,,,,,,,,,,,,,,,,,,,,,,
11121,2019,4,26,19,45,9.5,0,0,0,3.6,,,,,,,,,,,,,,,,,,,,,,,,,,,,,,,,,,,,
11122,2019,4,26,20,0,9.4,0,0,0,3.5,,,,,,,,,,,,,,,,,,,,,,,,,,,,,,,,,,,,
11123,2019,4,26,20,15,9.3,0,0,0,3.4000000000000004,,,,,,,,,,,,,,,,,,,,,,,,,,,,,,,,,,,,
11124,2019,4,26,20,30,9.200000000000001,0,0,0,3.3000000000000003,,,,,,,,,,,,,,,,,,,,,,,,,,,,,,,,,,,,
11125,2019,4,26,20,45,9.1,0,0,0,3.3000000000000003,,,,,,,,,,,,,,,,,,,,,,,,,,,,,,,,,,,,
11126,2019,4,26,21,0,9,0,0,0,3.2,,,,,,,,,,,,,,,,,,,,,,,,,,,,,,,,,,,,
11127,2019,4,26,21,15,9,0,0,0,3.1,,,,,,,,,,,,,,,,,,,,,,,,,,,,,,,,,,,,
11128,2019,4,26,21,30,8.9,0,0,0,3,,,,,,,,,,,,,,,,,,,,,,,,,,,,,,,,,,,,
11129,2019,4,26,21,45,8.9,0,0,0,3,,,,,,,,,,,,,,,,,,,,,,,,,,,,,,,,,,,,
11130,2019,4,26,22,0,8.8,0,0,0,2.9000000000000004,,,,,,,,,,,,,,,,,,,,,,,,,,,,,,,,,,,,
11131,2019,4,26,22,15,8.8,0,0,0,2.8000000000000003,,,,,,,,,,,,,,,,,,,,,,,,,,,,,,,,,,,,
11132,2019,4,26,22,30,8.700000000000001,0,0,0,2.8000000000000003,,,,,,,,,,,,,,,,,,,,,,,,,,,,,,,,,,,,
11133,2019,4,26,22,45,8.700000000000001,0,0,0,2.7,,,,,,,,,,,,,,,,,,,,,,,,,,,,,,,,,,,,
11134,2019,4,26,23,0,8.6,0,0,0,2.7,,,,,,,,,,,,,,,,,,,,,,,,,,,,,,,,,,,,
11135,2019,4,26,23,15,8.6,0,0,0,2.6,,,,,,,,,,,,,,,,,,,,,,,,,,,,,,,,,,,,
11136,2019,4,26,23,30,8.6,0,0,0,2.6,,,,,,,,,,,,,,,,,,,,,,,,,,,,,,,,,,,,
11137,2019,4,26,23,45,8.6,0,0,0,2.6,,,,,,,,,,,,,,,,,,,,,,,,,,,,,,,,,,,,
11138,2019,4,27,0,0,8.6,0,0,0,2.5,,,,,,,,,,,,,,,,,,,,,,,,,,,,,,,,,,,,
11139,2019,4,27,0,15,8.6,0,0,0,2.5,,,,,,,,,,,,,,,,,,,,,,,,,,,,,,,,,,,,
11140,2019,4,27,0,30,8.6,0,0,0,2.5,,,,,,,,,,,,,,,,,,,,,,,,,,,,,,,,,,,,
11141,2019,4,27,0,45,8.6,0,0,0,2.5,,,,,,,,,,,,,,,,,,,,,,,,,,,,,,,,,,,,
11142,2019,4,27,1,0,8.4,0,0,0,2.1,,,,,,,,,,,,,,,,,,,,,,,,,,,,,,,,,,,,
11143,2019,4,27,1,15,8.200000000000001,0,0,0,1.9000000000000001,,,,,,,,,,,,,,,,,,,,,,,,,,,,,,,,,,,,
11144,2019,4,27,1,30,8.1,0,0,0,1.8,,,,,,,,,,,,,,,,,,,,,,,,,,,,,,,,,,,,
11145,2019,4,27,1,45,8,0,0,0,1.7000000000000002,,,,,,,,,,,,,,,,,,,,,,,,,,,,,,,,,,,,
11146,2019,4,27,2,0,7.9,0,0,0,1.5,,,,,,,,,,,,,,,,,,,,,,,,,,,,,,,,,,,,
11147,2019,4,27,2,15,7.800000000000001,0,0,0,1.5,,,,,,,,,,,,,,,,,,,,,,,,,,,,,,,,,,,,
11148,2019,4,27,2,30,7.7,0,0,0,1.5,,,,,,,,,,,,,,,,,,,,,,,,,,,,,,,,,,,,
11149,2019,4,27,2,45,7.6000000000000005,0,0,0,1.5,,,,,,,,,,,,,,,,,,,,,,,,,,,,,,,,,,,,
11150,2019,4,27,3,0,7.5,0,0,0,1.4000000000000001,,,,,,,,,,,,,,,,,,,,,,,,,,,,,,,,,,,,
11151,2019,4,27,3,15,7.4,0,0,0,1.5,,,,,,,,,,,,,,,,,,,,,,,,,,,,,,,,,,,,
11152,2019,4,27,3,30,7.4,0,0,0,1.6,,,,,,,,,,,,,,,,,,,,,,,,,,,,,,,,,,,,
11153,2019,4,27,3,45,7.300000000000001,0,0,0,1.8,,,,,,,,,,,,,,,,,,,,,,,,,,,,,,,,,,,,
11154,2019,4,27,4,0,7.300000000000001,0,0,0,1.9000000000000001,,,,,,,,,,,,,,,,,,,,,,,,,,,,,,,,,,,,
11155,2019,4,27,4,15,7.300000000000001,0,0,0,2,,,,,,,,,,,,,,,,,,,,,,,,,,,,,,,,,,,,
11156,2019,4,27,4,30,7.300000000000001,0,0,0,2.1,,,,,,,,,,,,,,,,,,,,,,,,,,,,,,,,,,,,
11157,2019,4,27,4,45,7.300000000000001,0,0,0,2.3000000000000003,,,,,,,,,,,,,,,,,,,,,,,,,,,,,,,,,,,,
11158,2019,4,27,5,0,7.300000000000001,0,0,0,2.4000000000000004,,,,,,,,,,,,,,,,,,,,,,,,,,,,,,,,,,,,
11159,2019,4,27,5,15,7.5,13,0,13,2.5,,,,,,,,,,,,,,,,,,,,,,,,,,,,,,,,,,,,
11160,2019,4,27,5,30,7.800000000000001,27,19,28,2.7,,,,,,,,,,,,,,,,,,,,,,,,,,,,,,,,,,,,
11161,2019,4,27,5,45,8,40,60,47,2.8000000000000003,,,,,,,,,,,,,,,,,,,,,,,,,,,,,,,,,,,,
11162,2019,4,27,6,0,8.3,55,93,70,2.9000000000000004,,,,,,,,,,,,,,,,,,,,,,,,,,,,,,,,,,,,
11163,2019,4,27,6,15,8.700000000000001,71,124,95,2.9000000000000004,,,,,,,,,,,,,,,,,,,,,,,,,,,,,,,,,,,,
11164,2019,4,27,6,30,9.200000000000001,87,155,123,2.9000000000000004,,,,,,,,,,,,,,,,,,,,,,,,,,,,,,,,,,,,
11165,2019,4,27,6,45,9.700000000000001,78,521,221,2.9000000000000004,,,,,,,,,,,,,,,,,,,,,,,,,,,,,,,,,,,,
11166,2019,4,27,7,0,10.200000000000001,84,566,261,2.9000000000000004,,,,,,,,,,,,,,,,,,,,,,,,,,,,,,,,,,,,
11167,2019,4,27,7,15,10.9,89,604,301,3,,,,,,,,,,,,,,,,,,,,,,,,,,,,,,,,,,,,
11168,2019,4,27,7,30,11.5,95,637,342,3,,,,,,,,,,,,,,,,,,,,,,,,,,,,,,,,,,,,
11169,2019,4,27,7,45,12.200000000000001,97,679,386,3.1,,,,,,,,,,,,,,,,,,,,,,,,,,,,,,,,,,,,
11170,2019,4,27,8,0,12.9,101,704,426,3.1,,,,,,,,,,,,,,,,,,,,,,,,,,,,,,,,,,,,
11171,2019,4,27,8,15,13.4,105,727,465,3.2,,,,,,,,,,,,,,,,,,,,,,,,,,,,,,,,,,,,
11172,2019,4,27,8,30,14,109,747,504,3.2,,,,,,,,,,,,,,,,,,,,,,,,,,,,,,,,,,,,
11173,2019,4,27,8,45,14.5,108,777,543,3.3000000000000003,,,,,,,,,,,,,,,,,,,,,,,,,,,,,,,,,,,,
11174,2019,4,27,9,0,15.100000000000001,111,792,578,3.4000000000000004,,,,,,,,,,,,,,,,,,,,,,,,,,,,,,,,,,,,
11175,2019,4,27,9,15,15.3,227,443,502,3.4000000000000004,,,,,,,,,,,,,,,,,,,,,,,,,,,,,,,,,,,,
11176,2019,4,27,9,30,15.600000000000001,273,54,307,3.5,,,,,,,,,,,,,,,,,,,,,,,,,,,,,,,,,,,,
11177,2019,4,27,9,45,15.8,297,74,347,3.5,,,,,,,,,,,,,,,,,,,,,,,,,,,,,,,,,,,,
11178,2019,4,27,10,0,16,311,79,365,3.6,,,,,,,,,,,,,,,,,,,,,,,,,,,,,,,,,,,,
11179,2019,4,27,10,15,16.1,335,134,431,3.6,,,,,,,,,,,,,,,,,,,,,,,,,,,,,,,,,,,,
11180,2019,4,27,10,30,16.2,347,189,485,3.7,,,,,,,,,,,,,,,,,,,,,,,,,,,,,,,,,,,,
11181,2019,4,27,10,45,16.3,345,266,543,3.8000000000000003,,,,,,,,,,,,,,,,,,,,,,,,,,,,,,,,,,,,
11182,2019,4,27,11,0,16.400000000000002,344,71,398,3.8000000000000003,,,,,,,,,,,,,,,,,,,,,,,,,,,,,,,,,,,,
11183,2019,4,27,11,15,16.400000000000002,280,21,296,3.9000000000000004,,,,,,,,,,,,,,,,,,,,,,,,,,,,,,,,,,,,
11184,2019,4,27,11,30,16.400000000000002,335,48,372,4,,,,,,,,,,,,,,,,,,,,,,,,,,,,,,,,,,,,
11185,2019,4,27,11,45,16.400000000000002,359,73,417,4,,,,,,,,,,,,,,,,,,,,,,,,,,,,,,,,,,,,
11186,2019,4,27,12,0,16.400000000000002,352,61,400,4.1000000000000005,,,,,,,,,,,,,,,,,,,,,,,,,,,,,,,,,,,,
11187,2019,4,27,12,15,16.400000000000002,274,18,288,4.1000000000000005,,,,,,,,,,,,,,,,,,,,,,,,,,,,,,,,,,,,
11188,2019,4,27,12,30,16.400000000000002,216,9,223,4.2,,,,,,,,,,,,,,,,,,,,,,,,,,,,,,,,,,,,
11189,2019,4,27,12,45,16.400000000000002,170,4,173,4.2,,,,,,,,,,,,,,,,,,,,,,,,,,,,,,,,,,,,
11190,2019,4,27,13,0,16.400000000000002,137,0,137,4.2,,,,,,,,,,,,,,,,,,,,,,,,,,,,,,,,,,,,
11191,2019,4,27,13,15,16.3,232,11,240,4.2,,,,,,,,,,,,,,,,,,,,,,,,,,,,,,,,,,,,
11192,2019,4,27,13,30,16.3,189,6,194,4.2,,,,,,,,,,,,,,,,,,,,,,,,,,,,,,,,,,,,
11193,2019,4,27,13,45,16.2,81,0,81,4.2,,,,,,,,,,,,,,,,,,,,,,,,,,,,,,,,,,,,
11194,2019,4,27,14,0,16.2,104,0,104,4.2,,,,,,,,,,,,,,,,,,,,,,,,,,,,,,,,,,,,
11195,2019,4,27,14,15,16.1,332,173,453,4.2,,,,,,,,,,,,,,,,,,,,,,,,,,,,,,,,,,,,
11196,2019,4,27,14,30,16,315,221,466,4.2,,,,,,,,,,,,,,,,,,,,,,,,,,,,,,,,,,,,
11197,2019,4,27,14,45,15.9,305,175,421,4.2,,,,,,,,,,,,,,,,,,,,,,,,,,,,,,,,,,,,
11198,2019,4,27,15,0,15.9,239,26,256,4.2,,,,,,,,,,,,,,,,,,,,,,,,,,,,,,,,,,,,
11199,2019,4,27,15,15,15.600000000000001,271,103,334,4.1000000000000005,,,,,,,,,,,,,,,,,,,,,,,,,,,,,,,,,,,,
11200,2019,4,27,15,30,15.4,107,0,107,4.1000000000000005,,,,,,,,,,,,,,,,,,,,,,,,,,,,,,,,,,,,
11201,2019,4,27,15,45,15.100000000000001,30,0,30,4,,,,,,,,,,,,,,,,,,,,,,,,,,,,,,,,,,,,
11202,2019,4,27,16,0,14.9,144,0,144,3.9000000000000004,,,,,,,,,,,,,,,,,,,,,,,,,,,,,,,,,,,,
11203,2019,4,27,16,15,14.4,128,0,128,3.8000000000000003,,,,,,,,,,,,,,,,,,,,,,,,,,,,,,,,,,,,
11204,2019,4,27,16,30,14,151,9,155,3.7,,,,,,,,,,,,,,,,,,,,,,,,,,,,,,,,,,,,
11205,2019,4,27,16,45,13.600000000000001,32,0,32,3.6,,,,,,,,,,,,,,,,,,,,,,,,,,,,,,,,,,,,
11206,2019,4,27,17,0,13.200000000000001,150,81,180,3.5,,,,,,,,,,,,,,,,,,,,,,,,,,,,,,,,,,,,
11207,2019,4,27,17,15,12.700000000000001,81,0,81,3.4000000000000004,,,,,,,,,,,,,,,,,,,,,,,,,,,,,,,,,,,,
11208,2019,4,27,17,30,12.200000000000001,20,0,20,3.3000000000000003,,,,,,,,,,,,,,,,,,,,,,,,,,,,,,,,,,,,
11209,2019,4,27,17,45,11.8,17,0,17,3.3000000000000003,,,,,,,,,,,,,,,,,,,,,,,,,,,,,,,,,,,,
11210,2019,4,27,18,0,11.3,14,0,14,3.2,,,,,,,,,,,,,,,,,,,,,,,,,,,,,,,,,,,,
11211,2019,4,27,18,15,10.9,12,0,12,3.2,,,,,,,,,,,,,,,,,,,,,,,,,,,,,,,,,,,,
11212,2019,4,27,18,30,10.5,10,0,10,3.1,,,,,,,,,,,,,,,,,,,,,,,,,,,,,,,,,,,,
11213,2019,4,27,18,45,10.100000000000001,8,0,8,3.1,,,,,,,,,,,,,,,,,,,,,,,,,,,,,,,,,,,,
11214,2019,4,27,19,0,9.700000000000001,3,0,3,3.1,,,,,,,,,,,,,,,,,,,,,,,,,,,,,,,,,,,,
11215,2019,4,27,19,15,9.4,2,0,2,3.1,,,,,,,,,,,,,,,,,,,,,,,,,,,,,,,,,,,,
11216,2019,4,27,19,30,9.200000000000001,0,0,0,3.1,,,,,,,,,,,,,,,,,,,,,,,,,,,,,,,,,,,,
11217,2019,4,27,19,45,8.9,0,0,0,3,,,,,,,,,,,,,,,,,,,,,,,,,,,,,,,,,,,,
11218,2019,4,27,20,0,8.6,0,0,0,3,,,,,,,,,,,,,,,,,,,,,,,,,,,,,,,,,,,,
11219,2019,4,27,20,15,8.4,0,0,0,2.9000000000000004,,,,,,,,,,,,,,,,,,,,,,,,,,,,,,,,,,,,
11220,2019,4,27,20,30,8.200000000000001,0,0,0,2.9000000000000004,,,,,,,,,,,,,,,,,,,,,,,,,,,,,,,,,,,,
11221,2019,4,27,20,45,8,0,0,0,2.8000000000000003,,,,,,,,,,,,,,,,,,,,,,,,,,,,,,,,,,,,
11222,2019,4,27,21,0,7.9,0,0,0,2.8000000000000003,,,,,,,,,,,,,,,,,,,,,,,,,,,,,,,,,,,,
11223,2019,4,27,21,15,7.7,0,0,0,2.8000000000000003,,,,,,,,,,,,,,,,,,,,,,,,,,,,,,,,,,,,
11224,2019,4,27,21,30,7.6000000000000005,0,0,0,2.7,,,,,,,,,,,,,,,,,,,,,,,,,,,,,,,,,,,,
11225,2019,4,27,21,45,7.5,0,0,0,2.7,,,,,,,,,,,,,,,,,,,,,,,,,,,,,,,,,,,,
11226,2019,4,27,22,0,7.4,0,0,0,2.7,,,,,,,,,,,,,,,,,,,,,,,,,,,,,,,,,,,,
11227,2019,4,27,22,15,7.300000000000001,0,0,0,2.6,,,,,,,,,,,,,,,,,,,,,,,,,,,,,,,,,,,,
11228,2019,4,27,22,30,7.300000000000001,0,0,0,2.5,,,,,,,,,,,,,,,,,,,,,,,,,,,,,,,,,,,,
11229,2019,4,27,22,45,7.2,0,0,0,2.4000000000000004,,,,,,,,,,,,,,,,,,,,,,,,,,,,,,,,,,,,
11230,2019,4,27,23,0,7.1000000000000005,0,0,0,2.3000000000000003,,,,,,,,,,,,,,,,,,,,,,,,,,,,,,,,,,,,
11231,2019,4,27,23,15,7.1000000000000005,0,0,0,2.3000000000000003,,,,,,,,,,,,,,,,,,,,,,,,,,,,,,,,,,,,
11232,2019,4,27,23,30,7,0,0,0,2.2,,,,,,,,,,,,,,,,,,,,,,,,,,,,,,,,,,,,
11233,2019,4,27,23,45,6.9,0,0,0,2.2,,,,,,,,,,,,,,,,,,,,,,,,,,,,,,,,,,,,
11234,2019,4,28,0,0,6.800000000000001,0,0,0,2.1,,,,,,,,,,,,,,,,,,,,,,,,,,,,,,,,,,,,
11235,2019,4,28,0,15,6.800000000000001,0,0,0,2.1,,,,,,,,,,,,,,,,,,,,,,,,,,,,,,,,,,,,
11236,2019,4,28,0,30,6.800000000000001,0,0,0,2.1,,,,,,,,,,,,,,,,,,,,,,,,,,,,,,,,,,,,
11237,2019,4,28,0,45,6.800000000000001,0,0,0,2.1,,,,,,,,,,,,,,,,,,,,,,,,,,,,,,,,,,,,
11238,2019,4,28,1,0,6.7,0,0,0,2.3000000000000003,,,,,,,,,,,,,,,,,,,,,,,,,,,,,,,,,,,,
11239,2019,4,28,1,15,6.6000000000000005,0,0,0,2.3000000000000003,,,,,,,,,,,,,,,,,,,,,,,,,,,,,,,,,,,,
11240,2019,4,28,1,30,6.6000000000000005,0,0,0,2.4000000000000004,,,,,,,,,,,,,,,,,,,,,,,,,,,,,,,,,,,,
11241,2019,4,28,1,45,6.6000000000000005,0,0,0,2.4000000000000004,,,,,,,,,,,,,,,,,,,,,,,,,,,,,,,,,,,,
11242,2019,4,28,2,0,6.5,0,0,0,2.4000000000000004,,,,,,,,,,,,,,,,,,,,,,,,,,,,,,,,,,,,
11243,2019,4,28,2,15,6.5,0,0,0,2.4000000000000004,,,,,,,,,,,,,,,,,,,,,,,,,,,,,,,,,,,,
11244,2019,4,28,2,30,6.4,0,0,0,2.4000000000000004,,,,,,,,,,,,,,,,,,,,,,,,,,,,,,,,,,,,
11245,2019,4,28,2,45,6.4,0,0,0,2.3000000000000003,,,,,,,,,,,,,,,,,,,,,,,,,,,,,,,,,,,,
11246,2019,4,28,3,0,6.300000000000001,0,0,0,2.3000000000000003,,,,,,,,,,,,,,,,,,,,,,,,,,,,,,,,,,,,
11247,2019,4,28,3,15,6.2,0,0,0,2.3000000000000003,,,,,,,,,,,,,,,,,,,,,,,,,,,,,,,,,,,,
11248,2019,4,28,3,30,6.2,0,0,0,2.3000000000000003,,,,,,,,,,,,,,,,,,,,,,,,,,,,,,,,,,,,
11249,2019,4,28,3,45,6.1000000000000005,0,0,0,2.3000000000000003,,,,,,,,,,,,,,,,,,,,,,,,,,,,,,,,,,,,
11250,2019,4,28,4,0,6.1000000000000005,0,0,0,2.3000000000000003,,,,,,,,,,,,,,,,,,,,,,,,,,,,,,,,,,,,
11251,2019,4,28,4,15,6.1000000000000005,0,0,0,2.3000000000000003,,,,,,,,,,,,,,,,,,,,,,,,,,,,,,,,,,,,
11252,2019,4,28,4,30,6.1000000000000005,0,0,0,2.3000000000000003,,,,,,,,,,,,,,,,,,,,,,,,,,,,,,,,,,,,
11253,2019,4,28,4,45,6.2,0,0,0,2.3000000000000003,,,,,,,,,,,,,,,,,,,,,,,,,,,,,,,,,,,,
11254,2019,4,28,5,0,6.2,0,0,0,2.3000000000000003,,,,,,,,,,,,,,,,,,,,,,,,,,,,,,,,,,,,
11255,2019,4,28,5,15,6.4,3,0,3,2.4000000000000004,,,,,,,,,,,,,,,,,,,,,,,,,,,,,,,,,,,,
11256,2019,4,28,5,30,6.5,4,0,4,2.5,,,,,,,,,,,,,,,,,,,,,,,,,,,,,,,,,,,,
11257,2019,4,28,5,45,6.7,6,0,6,2.6,,,,,,,,,,,,,,,,,,,,,,,,,,,,,,,,,,,,
11258,2019,4,28,6,0,6.9,8,0,8,2.7,,,,,,,,,,,,,,,,,,,,,,,,,,,,,,,,,,,,
11259,2019,4,28,6,15,7.1000000000000005,11,0,11,2.7,,,,,,,,,,,,,,,,,,,,,,,,,,,,,,,,,,,,
11260,2019,4,28,6,30,7.4,14,0,14,2.8000000000000003,,,,,,,,,,,,,,,,,,,,,,,,,,,,,,,,,,,,
11261,2019,4,28,6,45,7.6000000000000005,17,0,17,2.8000000000000003,,,,,,,,,,,,,,,,,,,,,,,,,,,,,,,,,,,,
11262,2019,4,28,7,0,7.9,20,0,20,2.8000000000000003,,,,,,,,,,,,,,,,,,,,,,,,,,,,,,,,,,,,
11263,2019,4,28,7,15,8.200000000000001,35,0,35,2.8000000000000003,,,,,,,,,,,,,,,,,,,,,,,,,,,,,,,,,,,,
11264,2019,4,28,7,30,8.6,27,0,27,2.8000000000000003,,,,,,,,,,,,,,,,,,,,,,,,,,,,,,,,,,,,
11265,2019,4,28,7,45,8.9,31,0,31,2.8000000000000003,,,,,,,,,,,,,,,,,,,,,,,,,,,,,,,,,,,,
11266,2019,4,28,8,0,9.3,36,0,36,2.8000000000000003,,,,,,,,,,,,,,,,,,,,,,,,,,,,,,,,,,,,
11267,2019,4,28,8,15,9.5,40,0,40,2.8000000000000003,,,,,,,,,,,,,,,,,,,,,,,,,,,,,,,,,,,,
11268,2019,4,28,8,30,9.8,44,0,44,2.8000000000000003,,,,,,,,,,,,,,,,,,,,,,,,,,,,,,,,,,,,
11269,2019,4,28,8,45,10.100000000000001,47,0,47,2.8000000000000003,,,,,,,,,,,,,,,,,,,,,,,,,,,,,,,,,,,,
11270,2019,4,28,9,0,10.4,77,0,77,2.8000000000000003,,,,,,,,,,,,,,,,,,,,,,,,,,,,,,,,,,,,
11271,2019,4,28,9,15,10.600000000000001,187,6,191,2.8000000000000003,,,,,,,,,,,,,,,,,,,,,,,,,,,,,,,,,,,,
11272,2019,4,28,9,30,10.8,179,4,182,2.8000000000000003,,,,,,,,,,,,,,,,,,,,,,,,,,,,,,,,,,,,
11273,2019,4,28,9,45,11,129,0,129,2.8000000000000003,,,,,,,,,,,,,,,,,,,,,,,,,,,,,,,,,,,,
11274,2019,4,28,10,0,11.200000000000001,208,8,214,2.8000000000000003,,,,,,,,,,,,,,,,,,,,,,,,,,,,,,,,,,,,
11275,2019,4,28,10,15,11.4,266,23,282,2.7,,,,,,,,,,,,,,,,,,,,,,,,,,,,,,,,,,,,
11276,2019,4,28,10,30,11.5,197,7,202,2.7,,,,,,,,,,,,,,,,,,,,,,,,,,,,,,,,,,,,
11277,2019,4,28,10,45,11.700000000000001,357,132,456,2.7,,,,,,,,,,,,,,,,,,,,,,,,,,,,,,,,,,,,
11278,2019,4,28,11,0,11.9,343,67,394,2.6,,,,,,,,,,,,,,,,,,,,,,,,,,,,,,,,,,,,
11279,2019,4,28,11,15,12,299,28,320,2.6,,,,,,,,,,,,,,,,,,,,,,,,,,,,,,,,,,,,
11280,2019,4,28,11,30,12.200000000000001,359,76,419,2.6,,,,,,,,,,,,,,,,,,,,,,,,,,,,,,,,,,,,
11281,2019,4,28,11,45,12.3,375,242,565,2.6,,,,,,,,,,,,,,,,,,,,,,,,,,,,,,,,,,,,
11282,2019,4,28,12,0,12.4,378,234,563,2.6,,,,,,,,,,,,,,,,,,,,,,,,,,,,,,,,,,,,
11283,2019,4,28,12,15,12.5,383,133,489,2.6,,,,,,,,,,,,,,,,,,,,,,,,,,,,,,,,,,,,
11284,2019,4,28,12,30,12.700000000000001,372,93,446,2.6,,,,,,,,,,,,,,,,,,,,,,,,,,,,,,,,,,,,
11285,2019,4,28,12,45,12.8,357,69,411,2.6,,,,,,,,,,,,,,,,,,,,,,,,,,,,,,,,,,,,
11286,2019,4,28,13,0,12.9,270,18,284,2.6,,,,,,,,,,,,,,,,,,,,,,,,,,,,,,,,,,,,
11287,2019,4,28,13,15,12.9,193,6,198,2.6,,,,,,,,,,,,,,,,,,,,,,,,,,,,,,,,,,,,
11288,2019,4,28,13,30,12.9,221,10,228,2.6,,,,,,,,,,,,,,,,,,,,,,,,,,,,,,,,,,,,
11289,2019,4,28,13,45,13,202,7,208,2.6,,,,,,,,,,,,,,,,,,,,,,,,,,,,,,,,,,,,
11290,2019,4,28,14,0,13,265,22,281,2.6,,,,,,,,,,,,,,,,,,,,,,,,,,,,,,,,,,,,
11291,2019,4,28,14,15,13,247,17,259,2.6,,,,,,,,,,,,,,,,,,,,,,,,,,,,,,,,,,,,
11292,2019,4,28,14,30,13,255,24,272,2.6,,,,,,,,,,,,,,,,,,,,,,,,,,,,,,,,,,,,
11293,2019,4,28,14,45,13,287,63,329,2.6,,,,,,,,,,,,,,,,,,,,,,,,,,,,,,,,,,,,
11294,2019,4,28,15,0,12.9,290,118,365,2.6,,,,,,,,,,,,,,,,,,,,,,,,,,,,,,,,,,,,
11295,2019,4,28,15,15,12.9,269,86,322,2.6,,,,,,,,,,,,,,,,,,,,,,,,,,,,,,,,,,,,
11296,2019,4,28,15,30,12.8,243,298,416,2.6,,,,,,,,,,,,,,,,,,,,,,,,,,,,,,,,,,,,
11297,2019,4,28,15,45,12.8,235,242,368,2.6,,,,,,,,,,,,,,,,,,,,,,,,,,,,,,,,,,,,
11298,2019,4,28,16,0,12.700000000000001,222,206,329,2.6,,,,,,,,,,,,,,,,,,,,,,,,,,,,,,,,,,,,
11299,2019,4,28,16,15,12.600000000000001,195,54,221,2.5,,,,,,,,,,,,,,,,,,,,,,,,,,,,,,,,,,,,
11300,2019,4,28,16,30,12.5,170,324,315,2.5,,,,,,,,,,,,,,,,,,,,,,,,,,,,,,,,,,,,
11301,2019,4,28,16,45,12.3,142,383,301,2.4000000000000004,,,,,,,,,,,,,,,,,,,,,,,,,,,,,,,,,,,,
11302,2019,4,28,17,0,12.200000000000001,136,317,256,2.4000000000000004,,,,,,,,,,,,,,,,,,,,,,,,,,,,,,,,,,,,
11303,2019,4,28,17,15,11.9,117,329,229,2.1,,,,,,,,,,,,,,,,,,,,,,,,,,,,,,,,,,,,
11304,2019,4,28,17,30,11.600000000000001,117,138,158,1.9000000000000001,,,,,,,,,,,,,,,,,,,,,,,,,,,,,,,,,,,,
11305,2019,4,28,17,45,11.3,100,114,130,1.6,,,,,,,,,,,,,,,,,,,,,,,,,,,,,,,,,,,,
11306,2019,4,28,18,0,11,76,248,132,1.4000000000000001,,,,,,,,,,,,,,,,,,,,,,,,,,,,,,,,,,,,
11307,2019,4,28,18,15,10.5,66,65,78,1.3,,,,,,,,,,,,,,,,,,,,,,,,,,,,,,,,,,,,
11308,2019,4,28,18,30,10,50,41,56,1.2000000000000002,,,,,,,,,,,,,,,,,,,,,,,,,,,,,,,,,,,,
11309,2019,4,28,18,45,9.5,35,16,37,1.1,,,,,,,,,,,,,,,,,,,,,,,,,,,,,,,,,,,,
11310,2019,4,28,19,0,8.9,21,0,21,1,,,,,,,,,,,,,,,,,,,,,,,,,,,,,,,,,,,,
11311,2019,4,28,19,15,8.700000000000001,9,0,9,1,,,,,,,,,,,,,,,,,,,,,,,,,,,,,,,,,,,,
11312,2019,4,28,19,30,8.5,0,0,0,1,,,,,,,,,,,,,,,,,,,,,,,,,,,,,,,,,,,,
11313,2019,4,28,19,45,8.3,0,0,0,1.1,,,,,,,,,,,,,,,,,,,,,,,,,,,,,,,,,,,,
11314,2019,4,28,20,0,8.1,0,0,0,1.1,,,,,,,,,,,,,,,,,,,,,,,,,,,,,,,,,,,,
11315,2019,4,28,20,15,7.9,0,0,0,1.1,,,,,,,,,,,,,,,,,,,,,,,,,,,,,,,,,,,,
11316,2019,4,28,20,30,7.800000000000001,0,0,0,1.1,,,,,,,,,,,,,,,,,,,,,,,,,,,,,,,,,,,,
11317,2019,4,28,20,45,7.6000000000000005,0,0,0,1.2000000000000002,,,,,,,,,,,,,,,,,,,,,,,,,,,,,,,,,,,,
11318,2019,4,28,21,0,7.4,0,0,0,1.2000000000000002,,,,,,,,,,,,,,,,,,,,,,,,,,,,,,,,,,,,
11319,2019,4,28,21,15,7.300000000000001,0,0,0,1.2000000000000002,,,,,,,,,,,,,,,,,,,,,,,,,,,,,,,,,,,,
11320,2019,4,28,21,30,7.1000000000000005,0,0,0,1.3,,,,,,,,,,,,,,,,,,,,,,,,,,,,,,,,,,,,
11321,2019,4,28,21,45,7,0,0,0,1.3,,,,,,,,,,,,,,,,,,,,,,,,,,,,,,,,,,,,
11322,2019,4,28,22,0,6.9,0,0,0,1.3,,,,,,,,,,,,,,,,,,,,,,,,,,,,,,,,,,,,
11323,2019,4,28,22,15,6.800000000000001,0,0,0,1.4000000000000001,,,,,,,,,,,,,,,,,,,,,,,,,,,,,,,,,,,,
11324,2019,4,28,22,30,6.7,0,0,0,1.4000000000000001,,,,,,,,,,,,,,,,,,,,,,,,,,,,,,,,,,,,
11325,2019,4,28,22,45,6.7,0,0,0,1.4000000000000001,,,,,,,,,,,,,,,,,,,,,,,,,,,,,,,,,,,,
11326,2019,4,28,23,0,6.6000000000000005,0,0,0,1.5,,,,,,,,,,,,,,,,,,,,,,,,,,,,,,,,,,,,
11327,2019,4,28,23,15,6.6000000000000005,0,0,0,1.5,,,,,,,,,,,,,,,,,,,,,,,,,,,,,,,,,,,,
11328,2019,4,28,23,30,6.6000000000000005,0,0,0,1.6,,,,,,,,,,,,,,,,,,,,,,,,,,,,,,,,,,,,
11329,2019,4,28,23,45,6.6000000000000005,0,0,0,1.6,,,,,,,,,,,,,,,,,,,,,,,,,,,,,,,,,,,,
11330,2019,4,29,0,0,6.6000000000000005,0,0,0,1.7000000000000002,,,,,,,,,,,,,,,,,,,,,,,,,,,,,,,,,,,,
11331,2019,4,29,0,15,6.6000000000000005,0,0,0,1.7000000000000002,,,,,,,,,,,,,,,,,,,,,,,,,,,,,,,,,,,,
11332,2019,4,29,0,30,6.6000000000000005,0,0,0,1.7000000000000002,,,,,,,,,,,,,,,,,,,,,,,,,,,,,,,,,,,,
11333,2019,4,29,0,45,6.6000000000000005,0,0,0,1.7000000000000002,,,,,,,,,,,,,,,,,,,,,,,,,,,,,,,,,,,,
11334,2019,4,29,1,0,6.5,0,0,0,1.8,,,,,,,,,,,,,,,,,,,,,,,,,,,,,,,,,,,,
11335,2019,4,29,1,15,6.5,0,0,0,1.8,,,,,,,,,,,,,,,,,,,,,,,,,,,,,,,,,,,,
11336,2019,4,29,1,30,6.5,0,0,0,1.9000000000000001,,,,,,,,,,,,,,,,,,,,,,,,,,,,,,,,,,,,
11337,2019,4,29,1,45,6.4,0,0,0,1.9000000000000001,,,,,,,,,,,,,,,,,,,,,,,,,,,,,,,,,,,,
11338,2019,4,29,2,0,6.4,0,0,0,2,,,,,,,,,,,,,,,,,,,,,,,,,,,,,,,,,,,,
11339,2019,4,29,2,15,6.4,0,0,0,2,,,,,,,,,,,,,,,,,,,,,,,,,,,,,,,,,,,,
11340,2019,4,29,2,30,6.300000000000001,0,0,0,2.1,,,,,,,,,,,,,,,,,,,,,,,,,,,,,,,,,,,,
11341,2019,4,29,2,45,6.300000000000001,0,0,0,2.2,,,,,,,,,,,,,,,,,,,,,,,,,,,,,,,,,,,,
11342,2019,4,29,3,0,6.300000000000001,0,0,0,2.3000000000000003,,,,,,,,,,,,,,,,,,,,,,,,,,,,,,,,,,,,
11343,2019,4,29,3,15,6.2,0,0,0,2.4000000000000004,,,,,,,,,,,,,,,,,,,,,,,,,,,,,,,,,,,,
11344,2019,4,29,3,30,6.2,0,0,0,2.5,,,,,,,,,,,,,,,,,,,,,,,,,,,,,,,,,,,,
11345,2019,4,29,3,45,6.1000000000000005,0,0,0,2.7,,,,,,,,,,,,,,,,,,,,,,,,,,,,,,,,,,,,
11346,2019,4,29,4,0,6.1000000000000005,0,0,0,2.8000000000000003,,,,,,,,,,,,,,,,,,,,,,,,,,,,,,,,,,,,
11347,2019,4,29,4,15,6,0,0,0,2.9000000000000004,,,,,,,,,,,,,,,,,,,,,,,,,,,,,,,,,,,,
11348,2019,4,29,4,30,6,0,0,0,3,,,,,,,,,,,,,,,,,,,,,,,,,,,,,,,,,,,,
11349,2019,4,29,4,45,6,0,0,0,3.1,,,,,,,,,,,,,,,,,,,,,,,,,,,,,,,,,,,,
11350,2019,4,29,5,0,5.9,1,0,1,3.3000000000000003,,,,,,,,,,,,,,,,,,,,,,,,,,,,,,,,,,,,
11351,2019,4,29,5,15,6.1000000000000005,3,0,3,3.4000000000000004,,,,,,,,,,,,,,,,,,,,,,,,,,,,,,,,,,,,
11352,2019,4,29,5,30,6.300000000000001,4,0,4,3.6,,,,,,,,,,,,,,,,,,,,,,,,,,,,,,,,,,,,
11353,2019,4,29,5,45,6.5,6,0,6,3.8000000000000003,,,,,,,,,,,,,,,,,,,,,,,,,,,,,,,,,,,,
11354,2019,4,29,6,0,6.6000000000000005,8,0,8,4,,,,,,,,,,,,,,,,,,,,,,,,,,,,,,,,,,,,
11355,2019,4,29,6,15,6.9,11,0,11,4.1000000000000005,,,,,,,,,,,,,,,,,,,,,,,,,,,,,,,,,,,,
11356,2019,4,29,6,30,7.2,13,0,13,4.3,,,,,,,,,,,,,,,,,,,,,,,,,,,,,,,,,,,,
11357,2019,4,29,6,45,7.5,17,0,17,4.5,,,,,,,,,,,,,,,,,,,,,,,,,,,,,,,,,,,,
11358,2019,4,29,7,0,7.800000000000001,20,0,20,4.6000000000000005,,,,,,,,,,,,,,,,,,,,,,,,,,,,,,,,,,,,
11359,2019,4,29,7,15,8,23,0,23,4.800000000000001,,,,,,,,,,,,,,,,,,,,,,,,,,,,,,,,,,,,
11360,2019,4,29,7,30,8.200000000000001,27,0,27,5,,,,,,,,,,,,,,,,,,,,,,,,,,,,,,,,,,,,
11361,2019,4,29,7,45,8.5,31,0,31,5.2,,,,,,,,,,,,,,,,,,,,,,,,,,,,,,,,,,,,
11362,2019,4,29,8,0,8.700000000000001,35,0,35,5.4,,,,,,,,,,,,,,,,,,,,,,,,,,,,,,,,,,,,
11363,2019,4,29,8,15,8.8,40,0,40,5.4,,,,,,,,,,,,,,,,,,,,,,,,,,,,,,,,,,,,
11364,2019,4,29,8,30,9,44,0,44,5.5,,,,,,,,,,,,,,,,,,,,,,,,,,,,,,,,,,,,
11365,2019,4,29,8,45,9.1,33,0,33,5.5,,,,,,,,,,,,,,,,,,,,,,,,,,,,,,,,,,,,
11366,2019,4,29,9,0,9.200000000000001,52,0,52,5.6000000000000005,,,,,,,,,,,,,,,,,,,,,,,,,,,,,,,,,,,,
11367,2019,4,29,9,15,9.3,45,0,45,5.7,,,,,,,,,,,,,,,,,,,,,,,,,,,,,,,,,,,,
11368,2019,4,29,9,30,9.4,44,0,44,5.7,,,,,,,,,,,,,,,,,,,,,,,,,,,,,,,,,,,,
11369,2019,4,29,9,45,9.4,61,0,61,5.800000000000001,,,,,,,,,,,,,,,,,,,,,,,,,,,,,,,,,,,,
11370,2019,4,29,10,0,9.5,72,0,72,5.800000000000001,,,,,,,,,,,,,,,,,,,,,,,,,,,,,,,,,,,,
11371,2019,4,29,10,15,9.5,98,0,98,5.800000000000001,,,,,,,,,,,,,,,,,,,,,,,,,,,,,,,,,,,,
11372,2019,4,29,10,30,9.5,79,0,79,5.800000000000001,,,,,,,,,,,,,,,,,,,,,,,,,,,,,,,,,,,,
11373,2019,4,29,10,45,9.600000000000001,58,0,58,5.800000000000001,,,,,,,,,,,,,,,,,,,,,,,,,,,,,,,,,,,,
11374,2019,4,29,11,0,9.600000000000001,71,0,71,5.800000000000001,,,,,,,,,,,,,,,,,,,,,,,,,,,,,,,,,,,,
11375,2019,4,29,11,15,9.600000000000001,70,0,70,5.7,,,,,,,,,,,,,,,,,,,,,,,,,,,,,,,,,,,,
11376,2019,4,29,11,30,9.700000000000001,70,0,70,5.7,,,,,,,,,,,,,,,,,,,,,,,,,,,,,,,,,,,,
11377,2019,4,29,11,45,9.700000000000001,71,0,71,5.6000000000000005,,,,,,,,,,,,,,,,,,,,,,,,,,,,,,,,,,,,
11378,2019,4,29,12,0,9.700000000000001,72,0,72,5.5,,,,,,,,,,,,,,,,,,,,,,,,,,,,,,,,,,,,
11379,2019,4,29,12,15,9.9,73,0,73,5.4,,,,,,,,,,,,,,,,,,,,,,,,,,,,,,,,,,,,
11380,2019,4,29,12,30,10,71,0,71,5.300000000000001,,,,,,,,,,,,,,,,,,,,,,,,,,,,,,,,,,,,
11381,2019,4,29,12,45,10.100000000000001,71,0,71,5.2,,,,,,,,,,,,,,,,,,,,,,,,,,,,,,,,,,,,
11382,2019,4,29,13,0,10.200000000000001,70,0,70,5.1000000000000005,,,,,,,,,,,,,,,,,,,,,,,,,,,,,,,,,,,,
11383,2019,4,29,13,15,10.3,69,0,69,4.9,,,,,,,,,,,,,,,,,,,,,,,,,,,,,,,,,,,,
11384,2019,4,29,13,30,10.5,68,0,68,4.800000000000001,,,,,,,,,,,,,,,,,,,,,,,,,,,,,,,,,,,,
11385,2019,4,29,13,45,10.700000000000001,66,0,66,4.7,,,,,,,,,,,,,,,,,,,,,,,,,,,,,,,,,,,,
11386,2019,4,29,14,0,10.9,64,0,64,4.6000000000000005,,,,,,,,,,,,,,,,,,,,,,,,,,,,,,,,,,,,
11387,2019,4,29,14,15,11.100000000000001,63,0,63,4.5,,,,,,,,,,,,,,,,,,,,,,,,,,,,,,,,,,,,
11388,2019,4,29,14,30,11.4,61,0,61,4.4,,,,,,,,,,,,,,,,,,,,,,,,,,,,,,,,,,,,
11389,2019,4,29,14,45,11.600000000000001,58,0,58,4.3,,,,,,,,,,,,,,,,,,,,,,,,,,,,,,,,,,,,
11390,2019,4,29,15,0,11.9,55,0,55,4.2,,,,,,,,,,,,,,,,,,,,,,,,,,,,,,,,,,,,
11391,2019,4,29,15,15,12.100000000000001,51,0,51,4.1000000000000005,,,,,,,,,,,,,,,,,,,,,,,,,,,,,,,,,,,,
11392,2019,4,29,15,30,12.4,48,0,48,4,,,,,,,,,,,,,,,,,,,,,,,,,,,,,,,,,,,,
11393,2019,4,29,15,45,12.700000000000001,44,0,44,3.9000000000000004,,,,,,,,,,,,,,,,,,,,,,,,,,,,,,,,,,,,
11394,2019,4,29,16,0,13,40,0,40,3.8000000000000003,,,,,,,,,,,,,,,,,,,,,,,,,,,,,,,,,,,,
11395,2019,4,29,16,15,13.100000000000001,69,0,69,3.6,,,,,,,,,,,,,,,,,,,,,,,,,,,,,,,,,,,,
11396,2019,4,29,16,30,13.200000000000001,148,5,151,3.4000000000000004,,,,,,,,,,,,,,,,,,,,,,,,,,,,,,,,,,,,
11397,2019,4,29,16,45,13.4,42,0,42,3.2,,,,,,,,,,,,,,,,,,,,,,,,,,,,,,,,,,,,
11398,2019,4,29,17,0,13.5,25,0,25,3.1,,,,,,,,,,,,,,,,,,,,,,,,,,,,,,,,,,,,
11399,2019,4,29,17,15,13.3,76,0,76,3,,,,,,,,,,,,,,,,,,,,,,,,,,,,,,,,,,,,
11400,2019,4,29,17,30,13.100000000000001,118,153,165,2.9000000000000004,,,,,,,,,,,,,,,,,,,,,,,,,,,,,,,,,,,,
11401,2019,4,29,17,45,12.9,91,5,92,2.8000000000000003,,,,,,,,,,,,,,,,,,,,,,,,,,,,,,,,,,,,
11402,2019,4,29,18,0,12.700000000000001,73,0,73,2.7,,,,,,,,,,,,,,,,,,,,,,,,,,,,,,,,,,,,
11403,2019,4,29,18,15,12.100000000000001,56,0,56,2.7,,,,,,,,,,,,,,,,,,,,,,,,,,,,,,,,,,,,
11404,2019,4,29,18,30,11.600000000000001,41,0,41,2.6,,,,,,,,,,,,,,,,,,,,,,,,,,,,,,,,,,,,
11405,2019,4,29,18,45,11,27,0,27,2.6,,,,,,,,,,,,,,,,,,,,,,,,,,,,,,,,,,,,
11406,2019,4,29,19,0,10.5,16,0,16,2.5,,,,,,,,,,,,,,,,,,,,,,,,,,,,,,,,,,,,
11407,2019,4,29,19,15,10.100000000000001,7,0,7,2.6,,,,,,,,,,,,,,,,,,,,,,,,,,,,,,,,,,,,
11408,2019,4,29,19,30,9.700000000000001,0,0,0,2.6,,,,,,,,,,,,,,,,,,,,,,,,,,,,,,,,,,,,
11409,2019,4,29,19,45,9.3,0,0,0,2.7,,,,,,,,,,,,,,,,,,,,,,,,,,,,,,,,,,,,
11410,2019,4,29,20,0,8.9,0,0,0,2.7,,,,,,,,,,,,,,,,,,,,,,,,,,,,,,,,,,,,
11411,2019,4,29,20,15,8.5,0,0,0,2.7,,,,,,,,,,,,,,,,,,,,,,,,,,,,,,,,,,,,
11412,2019,4,29,20,30,8,0,0,0,2.6,,,,,,,,,,,,,,,,,,,,,,,,,,,,,,,,,,,,
11413,2019,4,29,20,45,7.6000000000000005,0,0,0,2.6,,,,,,,,,,,,,,,,,,,,,,,,,,,,,,,,,,,,
11414,2019,4,29,21,0,7.1000000000000005,0,0,0,2.5,,,,,,,,,,,,,,,,,,,,,,,,,,,,,,,,,,,,
11415,2019,4,29,21,15,6.800000000000001,0,0,0,2.5,,,,,,,,,,,,,,,,,,,,,,,,,,,,,,,,,,,,
11416,2019,4,29,21,30,6.4,0,0,0,2.5,,,,,,,,,,,,,,,,,,,,,,,,,,,,,,,,,,,,
11417,2019,4,29,21,45,6.1000000000000005,0,0,0,2.5,,,,,,,,,,,,,,,,,,,,,,,,,,,,,,,,,,,,
11418,2019,4,29,22,0,5.7,0,0,0,2.4000000000000004,,,,,,,,,,,,,,,,,,,,,,,,,,,,,,,,,,,,
11419,2019,4,29,22,15,5.5,0,0,0,2.4000000000000004,,,,,,,,,,,,,,,,,,,,,,,,,,,,,,,,,,,,
11420,2019,4,29,22,30,5.2,0,0,0,2.5,,,,,,,,,,,,,,,,,,,,,,,,,,,,,,,,,,,,
11421,2019,4,29,22,45,4.9,0,0,0,2.5,,,,,,,,,,,,,,,,,,,,,,,,,,,,,,,,,,,,
11422,2019,4,29,23,0,4.7,0,0,0,2.5,,,,,,,,,,,,,,,,,,,,,,,,,,,,,,,,,,,,
11423,2019,4,29,23,15,4.5,0,0,0,2.5,,,,,,,,,,,,,,,,,,,,,,,,,,,,,,,,,,,,
11424,2019,4,29,23,30,4.3,0,0,0,2.5,,,,,,,,,,,,,,,,,,,,,,,,,,,,,,,,,,,,
11425,2019,4,29,23,45,4,0,0,0,2.5,,,,,,,,,,,,,,,,,,,,,,,,,,,,,,,,,,,,
11426,2019,4,30,0,0,3.8000000000000003,0,0,0,2.5,,,,,,,,,,,,,,,,,,,,,,,,,,,,,,,,,,,,
11427,2019,4,30,0,15,3.8000000000000003,0,0,0,2.5,,,,,,,,,,,,,,,,,,,,,,,,,,,,,,,,,,,,
11428,2019,4,30,0,30,3.8000000000000003,0,0,0,2.5,,,,,,,,,,,,,,,,,,,,,,,,,,,,,,,,,,,,
11429,2019,4,30,0,45,3.8000000000000003,0,0,0,2.5,,,,,,,,,,,,,,,,,,,,,,,,,,,,,,,,,,,,
11430,2019,4,30,1,0,3.1,0,0,0,2.6,,,,,,,,,,,,,,,,,,,,,,,,,,,,,,,,,,,,
11431,2019,4,30,1,15,2.9000000000000004,0,0,0,2.6,,,,,,,,,,,,,,,,,,,,,,,,,,,,,,,,,,,,
11432,2019,4,30,1,30,2.7,0,0,0,2.6,,,,,,,,,,,,,,,,,,,,,,,,,,,,,,,,,,,,
11433,2019,4,30,1,45,2.6,0,0,0,2.7,,,,,,,,,,,,,,,,,,,,,,,,,,,,,,,,,,,,
11434,2019,4,30,2,0,2.4000000000000004,0,0,0,2.7,,,,,,,,,,,,,,,,,,,,,,,,,,,,,,,,,,,,
11435,2019,4,30,2,15,2.3000000000000003,0,0,0,2.7,,,,,,,,,,,,,,,,,,,,,,,,,,,,,,,,,,,,
11436,2019,4,30,2,30,2.2,0,0,0,2.8000000000000003,,,,,,,,,,,,,,,,,,,,,,,,,,,,,,,,,,,,
11437,2019,4,30,2,45,2.1,0,0,0,2.8000000000000003,,,,,,,,,,,,,,,,,,,,,,,,,,,,,,,,,,,,
11438,2019,4,30,3,0,2,0,0,0,2.8000000000000003,,,,,,,,,,,,,,,,,,,,,,,,,,,,,,,,,,,,
11439,2019,4,30,3,15,1.9000000000000001,0,0,0,2.8000000000000003,,,,,,,,,,,,,,,,,,,,,,,,,,,,,,,,,,,,
11440,2019,4,30,3,30,1.8,0,0,0,2.9000000000000004,,,,,,,,,,,,,,,,,,,,,,,,,,,,,,,,,,,,
11441,2019,4,30,3,45,1.8,0,0,0,2.9000000000000004,,,,,,,,,,,,,,,,,,,,,,,,,,,,,,,,,,,,
11442,2019,4,30,4,0,1.7000000000000002,0,0,0,2.9000000000000004,,,,,,,,,,,,,,,,,,,,,,,,,,,,,,,,,,,,
11443,2019,4,30,4,15,1.8,0,0,0,3,,,,,,,,,,,,,,,,,,,,,,,,,,,,,,,,,,,,
11444,2019,4,30,4,30,1.8,0,0,0,3,,,,,,,,,,,,,,,,,,,,,,,,,,,,,,,,,,,,
11445,2019,4,30,4,45,1.8,0,0,0,3.1,,,,,,,,,,,,,,,,,,,,,,,,,,,,,,,,,,,,
11446,2019,4,30,5,0,1.8,12,54,13,3.2,,,,,,,,,,,,,,,,,,,,,,,,,,,,,,,,,,,,
11447,2019,4,30,5,15,2.1,23,161,32,3.2,,,,,,,,,,,,,,,,,,,,,,,,,,,,,,,,,,,,
11448,2019,4,30,5,30,2.4000000000000004,34,270,60,3.2,,,,,,,,,,,,,,,,,,,,,,,,,,,,,,,,,,,,
11449,2019,4,30,5,45,2.7,44,371,93,3.3000000000000003,,,,,,,,,,,,,,,,,,,,,,,,,,,,,,,,,,,,
11450,2019,4,30,6,0,3,52,451,129,3.3000000000000003,,,,,,,,,,,,,,,,,,,,,,,,,,,,,,,,,,,,
11451,2019,4,30,6,15,3.6,60,518,169,3.3000000000000003,,,,,,,,,,,,,,,,,,,,,,,,,,,,,,,,,,,,
11452,2019,4,30,6,30,4.1000000000000005,66,574,210,3.3000000000000003,,,,,,,,,,,,,,,,,,,,,,,,,,,,,,,,,,,,
11453,2019,4,30,6,45,4.7,71,629,252,3.3000000000000003,,,,,,,,,,,,,,,,,,,,,,,,,,,,,,,,,,,,
11454,2019,4,30,7,0,5.2,76,670,294,3.4000000000000004,,,,,,,,,,,,,,,,,,,,,,,,,,,,,,,,,,,,
11455,2019,4,30,7,15,6,81,705,337,3.5,,,,,,,,,,,,,,,,,,,,,,,,,,,,,,,,,,,,
11456,2019,4,30,7,30,6.7,85,736,380,3.5,,,,,,,,,,,,,,,,,,,,,,,,,,,,,,,,,,,,
11457,2019,4,30,7,45,7.5,88,767,423,3.6,,,,,,,,,,,,,,,,,,,,,,,,,,,,,,,,,,,,
11458,2019,4,30,8,0,8.200000000000001,91,790,465,3.7,,,,,,,,,,,,,,,,,,,,,,,,,,,,,,,,,,,,
11459,2019,4,30,8,15,8.9,94,810,505,3.8000000000000003,,,,,,,,,,,,,,,,,,,,,,,,,,,,,,,,,,,,
11460,2019,4,30,8,30,9.600000000000001,97,823,541,3.9000000000000004,,,,,,,,,,,,,,,,,,,,,,,,,,,,,,,,,,,,
11461,2019,4,30,8,45,10.3,99,840,579,4,,,,,,,,,,,,,,,,,,,,,,,,,,,,,,,,,,,,
11462,2019,4,30,9,0,10.9,101,854,615,4,,,,,,,,,,,,,,,,,,,,,,,,,,,,,,,,,,,,
11463,2019,4,30,9,15,11.4,104,866,649,4.1000000000000005,,,,,,,,,,,,,,,,,,,,,,,,,,,,,,,,,,,,
11464,2019,4,30,9,30,11.9,105,877,681,4.1000000000000005,,,,,,,,,,,,,,,,,,,,,,,,,,,,,,,,,,,,
11465,2019,4,30,9,45,12.4,107,888,711,4.1000000000000005,,,,,,,,,,,,,,,,,,,,,,,,,,,,,,,,,,,,
11466,2019,4,30,10,0,12.9,108,891,735,4.1000000000000005,,,,,,,,,,,,,,,,,,,,,,,,,,,,,,,,,,,,
11467,2019,4,30,10,15,13.3,110,898,759,4.1000000000000005,,,,,,,,,,,,,,,,,,,,,,,,,,,,,,,,,,,,
11468,2019,4,30,10,30,13.700000000000001,111,904,781,4.1000000000000005,,,,,,,,,,,,,,,,,,,,,,,,,,,,,,,,,,,,
11469,2019,4,30,10,45,14.100000000000001,114,905,799,4.1000000000000005,,,,,,,,,,,,,,,,,,,,,,,,,,,,,,,,,,,,
11470,2019,4,30,11,0,14.5,116,909,816,4,,,,,,,,,,,,,,,,,,,,,,,,,,,,,,,,,,,,
11471,2019,4,30,11,15,14.8,116,908,825,4,,,,,,,,,,,,,,,,,,,,,,,,,,,,,,,,,,,,
11472,2019,4,30,11,30,15.100000000000001,117,911,836,4,,,,,,,,,,,,,,,,,,,,,,,,,,,,,,,,,,,,
11473,2019,4,30,11,45,15.4,121,906,841,4,,,,,,,,,,,,,,,,,,,,,,,,,,,,,,,,,,,,
11474,2019,4,30,12,0,15.700000000000001,121,907,845,4,,,,,,,,,,,,,,,,,,,,,,,,,,,,,,,,,,,,
11475,2019,4,30,12,15,15.9,121,908,846,3.9000000000000004,,,,,,,,,,,,,,,,,,,,,,,,,,,,,,,,,,,,
11476,2019,4,30,12,30,16.1,121,903,840,3.9000000000000004,,,,,,,,,,,,,,,,,,,,,,,,,,,,,,,,,,,,
11477,2019,4,30,12,45,16.3,119,904,835,3.9000000000000004,,,,,,,,,,,,,,,,,,,,,,,,,,,,,,,,,,,,
11478,2019,4,30,13,0,16.6,119,902,827,3.9000000000000004,,,,,,,,,,,,,,,,,,,,,,,,,,,,,,,,,,,,
11479,2019,4,30,13,15,16.7,118,899,815,3.8000000000000003,,,,,,,,,,,,,,,,,,,,,,,,,,,,,,,,,,,,
11480,2019,4,30,13,30,16.8,116,895,800,3.8000000000000003,,,,,,,,,,,,,,,,,,,,,,,,,,,,,,,,,,,,
11481,2019,4,30,13,45,16.900000000000002,305,409,611,3.8000000000000003,,,,,,,,,,,,,,,,,,,,,,,,,,,,,,,,,,,,
11482,2019,4,30,14,0,17,308,384,590,3.8000000000000003,,,,,,,,,,,,,,,,,,,,,,,,,,,,,,,,,,,,
11483,2019,4,30,14,15,17.1,229,555,625,3.7,,,,,,,,,,,,,,,,,,,,,,,,,,,,,,,,,,,,
11484,2019,4,30,14,30,17.1,322,194,457,3.7,,,,,,,,,,,,,,,,,,,,,,,,,,,,,,,,,,,,
11485,2019,4,30,14,45,17.1,203,566,583,3.6,,,,,,,,,,,,,,,,,,,,,,,,,,,,,,,,,,,,
11486,2019,4,30,15,0,17.2,275,308,474,3.6,,,,,,,,,,,,,,,,,,,,,,,,,,,,,,,,,,,,
11487,2019,4,30,15,15,17.2,253,338,462,3.5,,,,,,,,,,,,,,,,,,,,,,,,,,,,,,,,,,,,
11488,2019,4,30,15,30,17.1,241,321,430,3.5,,,,,,,,,,,,,,,,,,,,,,,,,,,,,,,,,,,,
11489,2019,4,30,15,45,17.1,141,614,483,3.4000000000000004,,,,,,,,,,,,,,,,,,,,,,,,,,,,,,,,,,,,
11490,2019,4,30,16,0,17.1,101,781,511,3.4000000000000004,,,,,,,,,,,,,,,,,,,,,,,,,,,,,,,,,,,,
11491,2019,4,30,16,15,16.900000000000002,97,762,472,3.1,,,,,,,,,,,,,,,,,,,,,,,,,,,,,,,,,,,,
11492,2019,4,30,16,30,16.7,94,739,432,2.9000000000000004,,,,,,,,,,,,,,,,,,,,,,,,,,,,,,,,,,,,
11493,2019,4,30,16,45,16.5,91,708,390,2.7,,,,,,,,,,,,,,,,,,,,,,,,,,,,,,,,,,,,
11494,2019,4,30,17,0,16.400000000000002,87,679,348,2.4000000000000004,,,,,,,,,,,,,,,,,,,,,,,,,,,,,,,,,,,,
11495,2019,4,30,17,15,15.8,82,646,306,2.1,,,,,,,,,,,,,,,,,,,,,,,,,,,,,,,,,,,,
11496,2019,4,30,17,30,15.200000000000001,77,608,265,1.8,,,,,,,,,,,,,,,,,,,,,,,,,,,,,,,,,,,,
11497,2019,4,30,17,45,14.600000000000001,72,555,222,1.5,,,,,,,,,,,,,,,,,,,,,,,,,,,,,,,,,,,,
11498,2019,4,30,18,0,13.9,65,504,182,1.2000000000000002,,,,,,,,,,,,,,,,,,,,,,,,,,,,,,,,,,,,
11499,2019,4,30,18,15,13.200000000000001,58,445,143,1.2000000000000002,,,,,,,,,,,,,,,,,,,,,,,,,,,,,,,,,,,,
11500,2019,4,30,18,30,12.5,49,375,107,1.3,,,,,,,,,,,,,,,,,,,,,,,,,,,,,,,,,,,,
11501,2019,4,30,18,45,11.8,40,283,73,1.3,,,,,,,,,,,,,,,,,,,,,,,,,,,,,,,,,,,,
11502,2019,4,30,19,0,11.100000000000001,29,191,44,1.3,,,,,,,,,,,,,,,,,,,,,,,,,,,,,,,,,,,,
11503,2019,4,30,19,15,10.8,17,94,21,1.4000000000000001,,,,,,,,,,,,,,,,,,,,,,,,,,,,,,,,,,,,
11504,2019,4,30,19,30,10.600000000000001,0,0,0,1.5,,,,,,,,,,,,,,,,,,,,,,,,,,,,,,,,,,,,
11505,2019,4,30,19,45,10.3,0,0,0,1.5,,,,,,,,,,,,,,,,,,,,,,,,,,,,,,,,,,,,
11506,2019,4,30,20,0,10,0,0,0,1.6,,,,,,,,,,,,,,,,,,,,,,,,,,,,,,,,,,,,
11507,2019,4,30,20,15,9.9,0,0,0,1.6,,,,,,,,,,,,,,,,,,,,,,,,,,,,,,,,,,,,
11508,2019,4,30,20,30,9.700000000000001,0,0,0,1.7000000000000002,,,,,,,,,,,,,,,,,,,,,,,,,,,,,,,,,,,,
11509,2019,4,30,20,45,9.600000000000001,0,0,0,1.7000000000000002,,,,,,,,,,,,,,,,,,,,,,,,,,,,,,,,,,,,
11510,2019,4,30,21,0,9.4,0,0,0,1.8,,,,,,,,,,,,,,,,,,,,,,,,,,,,,,,,,,,,
11511,2019,4,30,21,15,9.3,0,0,0,1.8,,,,,,,,,,,,,,,,,,,,,,,,,,,,,,,,,,,,
11512,2019,4,30,21,30,9.1,0,0,0,1.8,,,,,,,,,,,,,,,,,,,,,,,,,,,,,,,,,,,,
11513,2019,4,30,21,45,9,0,0,0,1.8,,,,,,,,,,,,,,,,,,,,,,,,,,,,,,,,,,,,
11514,2019,4,30,22,0,8.9,0,0,0,1.8,,,,,,,,,,,,,,,,,,,,,,,,,,,,,,,,,,,,
11515,2019,4,30,22,15,8.8,0,0,0,1.8,,,,,,,,,,,,,,,,,,,,,,,,,,,,,,,,,,,,
11516,2019,4,30,22,30,8.8,0,0,0,1.8,,,,,,,,,,,,,,,,,,,,,,,,,,,,,,,,,,,,
11517,2019,4,30,22,45,8.8,0,0,0,1.8,,,,,,,,,,,,,,,,,,,,,,,,,,,,,,,,,,,,
11518,2019,4,30,23,0,8.700000000000001,0,0,0,1.8,,,,,,,,,,,,,,,,,,,,,,,,,,,,,,,,,,,,
11519,2019,4,30,23,15,8.700000000000001,0,0,0,1.8,,,,,,,,,,,,,,,,,,,,,,,,,,,,,,,,,,,,
11520,2019,4,30,23,30,8.700000000000001,0,0,0,1.8,,,,,,,,,,,,,,,,,,,,,,,,,,,,,,,,,,,,
11521,2019,4,30,23,45,8.700000000000001,0,0,0,1.8,,,,,,,,,,,,,,,,,,,,,,,,,,,,,,,,,,,,
11522,2019,5,1,0,0,8.700000000000001,0,0,0,1.8,,,,,,,,,,,,,,,,,,,,,,,,,,,,,,,,,,,,
11523,2019,5,1,0,15,8.700000000000001,0,0,0,1.8,,,,,,,,,,,,,,,,,,,,,,,,,,,,,,,,,,,,
11524,2019,5,1,0,30,8.700000000000001,0,0,0,1.8,,,,,,,,,,,,,,,,,,,,,,,,,,,,,,,,,,,,
11525,2019,5,1,0,45,8.700000000000001,0,0,0,1.8,,,,,,,,,,,,,,,,,,,,,,,,,,,,,,,,,,,,
11526,2019,5,1,1,0,8.700000000000001,0,0,0,2.2,,,,,,,,,,,,,,,,,,,,,,,,,,,,,,,,,,,,
11527,2019,5,1,1,15,8.700000000000001,0,0,0,2.3000000000000003,,,,,,,,,,,,,,,,,,,,,,,,,,,,,,,,,,,,
11528,2019,5,1,1,30,8.700000000000001,0,0,0,2.3000000000000003,,,,,,,,,,,,,,,,,,,,,,,,,,,,,,,,,,,,
11529,2019,5,1,1,45,8.700000000000001,0,0,0,2.4000000000000004,,,,,,,,,,,,,,,,,,,,,,,,,,,,,,,,,,,,
11530,2019,5,1,2,0,8.700000000000001,0,0,0,2.5,,,,,,,,,,,,,,,,,,,,,,,,,,,,,,,,,,,,
11531,2019,5,1,2,15,8.6,0,0,0,2.6,,,,,,,,,,,,,,,,,,,,,,,,,,,,,,,,,,,,
11532,2019,5,1,2,30,8.5,0,0,0,2.6,,,,,,,,,,,,,,,,,,,,,,,,,,,,,,,,,,,,
11533,2019,5,1,2,45,8.4,0,0,0,2.7,,,,,,,,,,,,,,,,,,,,,,,,,,,,,,,,,,,,
11534,2019,5,1,3,0,8.4,0,0,0,2.7,,,,,,,,,,,,,,,,,,,,,,,,,,,,,,,,,,,,
11535,2019,5,1,3,15,8.200000000000001,0,0,0,2.7,,,,,,,,,,,,,,,,,,,,,,,,,,,,,,,,,,,,
11536,2019,5,1,3,30,8.1,0,0,0,2.7,,,,,,,,,,,,,,,,,,,,,,,,,,,,,,,,,,,,
11537,2019,5,1,3,45,8,0,0,0,2.7,,,,,,,,,,,,,,,,,,,,,,,,,,,,,,,,,,,,
11538,2019,5,1,4,0,7.800000000000001,0,0,0,2.7,,,,,,,,,,,,,,,,,,,,,,,,,,,,,,,,,,,,
11539,2019,5,1,4,15,7.800000000000001,0,0,0,2.8000000000000003,,,,,,,,,,,,,,,,,,,,,,,,,,,,,,,,,,,,
11540,2019,5,1,4,30,7.7,0,0,0,2.9000000000000004,,,,,,,,,,,,,,,,,,,,,,,,,,,,,,,,,,,,
11541,2019,5,1,4,45,7.7,0,0,0,3,,,,,,,,,,,,,,,,,,,,,,,,,,,,,,,,,,,,
11542,2019,5,1,5,0,7.6000000000000005,2,0,2,3,,,,,,,,,,,,,,,,,,,,,,,,,,,,,,,,,,,,
11543,2019,5,1,5,15,7.7,3,0,3,3.1,,,,,,,,,,,,,,,,,,,,,,,,,,,,,,,,,,,,
11544,2019,5,1,5,30,7.800000000000001,5,0,5,3.2,,,,,,,,,,,,,,,,,,,,,,,,,,,,,,,,,,,,
11545,2019,5,1,5,45,7.9,7,0,7,3.3000000000000003,,,,,,,,,,,,,,,,,,,,,,,,,,,,,,,,,,,,
11546,2019,5,1,6,0,8,9,0,9,3.4000000000000004,,,,,,,,,,,,,,,,,,,,,,,,,,,,,,,,,,,,
11547,2019,5,1,6,15,8.200000000000001,11,0,11,3.5,,,,,,,,,,,,,,,,,,,,,,,,,,,,,,,,,,,,
11548,2019,5,1,6,30,8.4,14,0,14,3.6,,,,,,,,,,,,,,,,,,,,,,,,,,,,,,,,,,,,
11549,2019,5,1,6,45,8.6,17,0,17,3.7,,,,,,,,,,,,,,,,,,,,,,,,,,,,,,,,,,,,
11550,2019,5,1,7,0,8.8,31,0,31,3.7,,,,,,,,,,,,,,,,,,,,,,,,,,,,,,,,,,,,
11551,2019,5,1,7,15,9.200000000000001,86,0,86,3.8000000000000003,,,,,,,,,,,,,,,,,,,,,,,,,,,,,,,,,,,,
11552,2019,5,1,7,30,9.600000000000001,140,10,144,3.9000000000000004,,,,,,,,,,,,,,,,,,,,,,,,,,,,,,,,,,,,
11553,2019,5,1,7,45,10,174,50,196,3.9000000000000004,,,,,,,,,,,,,,,,,,,,,,,,,,,,,,,,,,,,
11554,2019,5,1,8,0,10.5,195,65,226,4,,,,,,,,,,,,,,,,,,,,,,,,,,,,,,,,,,,,
11555,2019,5,1,8,15,10.9,186,21,196,4,,,,,,,,,,,,,,,,,,,,,,,,,,,,,,,,,,,,
11556,2019,5,1,8,30,11.3,239,162,327,4.1000000000000005,,,,,,,,,,,,,,,,,,,,,,,,,,,,,,,,,,,,
11557,2019,5,1,8,45,11.8,256,126,329,4.1000000000000005,,,,,,,,,,,,,,,,,,,,,,,,,,,,,,,,,,,,
11558,2019,5,1,9,0,12.200000000000001,273,169,375,4.2,,,,,,,,,,,,,,,,,,,,,,,,,,,,,,,,,,,,
11559,2019,5,1,9,15,12.700000000000001,280,253,440,4.2,,,,,,,,,,,,,,,,,,,,,,,,,,,,,,,,,,,,
11560,2019,5,1,9,30,13.100000000000001,278,335,499,4.3,,,,,,,,,,,,,,,,,,,,,,,,,,,,,,,,,,,,
11561,2019,5,1,9,45,13.600000000000001,297,312,511,4.3,,,,,,,,,,,,,,,,,,,,,,,,,,,,,,,,,,,,
11562,2019,5,1,10,0,14,300,351,548,4.4,,,,,,,,,,,,,,,,,,,,,,,,,,,,,,,,,,,,
11563,2019,5,1,10,15,14.4,304,377,578,4.4,,,,,,,,,,,,,,,,,,,,,,,,,,,,,,,,,,,,
11564,2019,5,1,10,30,14.700000000000001,309,394,602,4.5,,,,,,,,,,,,,,,,,,,,,,,,,,,,,,,,,,,,
11565,2019,5,1,10,45,15.100000000000001,299,432,627,4.5,,,,,,,,,,,,,,,,,,,,,,,,,,,,,,,,,,,,
11566,2019,5,1,11,0,15.5,343,334,601,4.6000000000000005,,,,,,,,,,,,,,,,,,,,,,,,,,,,,,,,,,,,
11567,2019,5,1,11,15,15.700000000000001,329,395,638,4.6000000000000005,,,,,,,,,,,,,,,,,,,,,,,,,,,,,,,,,,,,
11568,2019,5,1,11,30,16,344,368,635,4.6000000000000005,,,,,,,,,,,,,,,,,,,,,,,,,,,,,,,,,,,,
11569,2019,5,1,11,45,16.3,312,444,667,4.7,,,,,,,,,,,,,,,,,,,,,,,,,,,,,,,,,,,,
11570,2019,5,1,12,0,16.6,291,510,700,4.7,,,,,,,,,,,,,,,,,,,,,,,,,,,,,,,,,,,,
11571,2019,5,1,12,15,16.8,142,847,821,4.800000000000001,,,,,,,,,,,,,,,,,,,,,,,,,,,,,,,,,,,,
11572,2019,5,1,12,30,17,142,846,819,4.800000000000001,,,,,,,,,,,,,,,,,,,,,,,,,,,,,,,,,,,,
11573,2019,5,1,12,45,17.2,141,846,814,4.800000000000001,,,,,,,,,,,,,,,,,,,,,,,,,,,,,,,,,,,,
11574,2019,5,1,13,0,17.3,140,844,805,4.800000000000001,,,,,,,,,,,,,,,,,,,,,,,,,,,,,,,,,,,,
11575,2019,5,1,13,15,17.400000000000002,139,841,794,4.9,,,,,,,,,,,,,,,,,,,,,,,,,,,,,,,,,,,,
11576,2019,5,1,13,30,17.5,138,836,780,4.9,,,,,,,,,,,,,,,,,,,,,,,,,,,,,,,,,,,,
11577,2019,5,1,13,45,17.7,141,826,762,4.9,,,,,,,,,,,,,,,,,,,,,,,,,,,,,,,,,,,,
11578,2019,5,1,14,0,17.8,139,820,743,4.9,,,,,,,,,,,,,,,,,,,,,,,,,,,,,,,,,,,,
11579,2019,5,1,14,15,17.7,137,812,720,4.9,,,,,,,,,,,,,,,,,,,,,,,,,,,,,,,,,,,,
11580,2019,5,1,14,30,17.7,135,804,695,4.9,,,,,,,,,,,,,,,,,,,,,,,,,,,,,,,,,,,,
11581,2019,5,1,14,45,17.7,139,782,665,4.9,,,,,,,,,,,,,,,,,,,,,,,,,,,,,,,,,,,,
11582,2019,5,1,15,0,17.7,136,771,635,4.800000000000001,,,,,,,,,,,,,,,,,,,,,,,,,,,,,,,,,,,,
11583,2019,5,1,15,15,17.6,133,758,603,4.800000000000001,,,,,,,,,,,,,,,,,,,,,,,,,,,,,,,,,,,,
11584,2019,5,1,15,30,17.5,130,743,569,4.7,,,,,,,,,,,,,,,,,,,,,,,,,,,,,,,,,,,,
11585,2019,5,1,15,45,17.400000000000002,135,705,530,4.7,,,,,,,,,,,,,,,,,,,,,,,,,,,,,,,,,,,,
11586,2019,5,1,16,0,17.3,131,686,493,4.6000000000000005,,,,,,,,,,,,,,,,,,,,,,,,,,,,,,,,,,,,
11587,2019,5,1,16,15,17.1,126,662,454,4.5,,,,,,,,,,,,,,,,,,,,,,,,,,,,,,,,,,,,
11588,2019,5,1,16,30,16.900000000000002,191,204,285,4.3,,,,,,,,,,,,,,,,,,,,,,,,,,,,,,,,,,,,
11589,2019,5,1,16,45,16.7,164,278,282,4.2,,,,,,,,,,,,,,,,,,,,,,,,,,,,,,,,,,,,
11590,2019,5,1,17,0,16.5,157,165,221,4,,,,,,,,,,,,,,,,,,,,,,,,,,,,,,,,,,,,
11591,2019,5,1,17,15,16,137,187,203,3.6,,,,,,,,,,,,,,,,,,,,,,,,,,,,,,,,,,,,
11592,2019,5,1,17,30,15.5,101,366,215,3.1,,,,,,,,,,,,,,,,,,,,,,,,,,,,,,,,,,,,
11593,2019,5,1,17,45,15,98,405,209,2.7,,,,,,,,,,,,,,,,,,,,,,,,,,,,,,,,,,,,
11594,2019,5,1,18,0,14.5,87,356,171,2.3000000000000003,,,,,,,,,,,,,,,,,,,,,,,,,,,,,,,,,,,,
11595,2019,5,1,18,15,13.700000000000001,75,300,134,2.1,,,,,,,,,,,,,,,,,,,,,,,,,,,,,,,,,,,,
11596,2019,5,1,18,30,12.9,62,239,100,1.9000000000000001,,,,,,,,,,,,,,,,,,,,,,,,,,,,,,,,,,,,
11597,2019,5,1,18,45,12.100000000000001,48,151,66,1.7000000000000002,,,,,,,,,,,,,,,,,,,,,,,,,,,,,,,,,,,,
11598,2019,5,1,19,0,11.4,32,89,39,1.5,,,,,,,,,,,,,,,,,,,,,,,,,,,,,,,,,,,,
11599,2019,5,1,19,15,11,16,36,18,1.5,,,,,,,,,,,,,,,,,,,,,,,,,,,,,,,,,,,,
11600,2019,5,1,19,30,10.700000000000001,0,0,0,1.6,,,,,,,,,,,,,,,,,,,,,,,,,,,,,,,,,,,,
11601,2019,5,1,19,45,10.4,0,0,0,1.6,,,,,,,,,,,,,,,,,,,,,,,,,,,,,,,,,,,,
11602,2019,5,1,20,0,10.100000000000001,0,0,0,1.6,,,,,,,,,,,,,,,,,,,,,,,,,,,,,,,,,,,,
11603,2019,5,1,20,15,9.8,0,0,0,1.6,,,,,,,,,,,,,,,,,,,,,,,,,,,,,,,,,,,,
11604,2019,5,1,20,30,9.600000000000001,0,0,0,1.6,,,,,,,,,,,,,,,,,,,,,,,,,,,,,,,,,,,,
11605,2019,5,1,20,45,9.4,0,0,0,1.6,,,,,,,,,,,,,,,,,,,,,,,,,,,,,,,,,,,,
11606,2019,5,1,21,0,9.200000000000001,0,0,0,1.7000000000000002,,,,,,,,,,,,,,,,,,,,,,,,,,,,,,,,,,,,
11607,2019,5,1,21,15,8.9,0,0,0,1.7000000000000002,,,,,,,,,,,,,,,,,,,,,,,,,,,,,,,,,,,,
11608,2019,5,1,21,30,8.700000000000001,0,0,0,1.7000000000000002,,,,,,,,,,,,,,,,,,,,,,,,,,,,,,,,,,,,
11609,2019,5,1,21,45,8.5,0,0,0,1.7000000000000002,,,,,,,,,,,,,,,,,,,,,,,,,,,,,,,,,,,,
11610,2019,5,1,22,0,8.3,0,0,0,1.7000000000000002,,,,,,,,,,,,,,,,,,,,,,,,,,,,,,,,,,,,
11611,2019,5,1,22,15,8,0,0,0,1.7000000000000002,,,,,,,,,,,,,,,,,,,,,,,,,,,,,,,,,,,,
11612,2019,5,1,22,30,7.800000000000001,0,0,0,1.7000000000000002,,,,,,,,,,,,,,,,,,,,,,,,,,,,,,,,,,,,
11613,2019,5,1,22,45,7.5,0,0,0,1.6,,,,,,,,,,,,,,,,,,,,,,,,,,,,,,,,,,,,
11614,2019,5,1,23,0,7.300000000000001,0,0,0,1.6,,,,,,,,,,,,,,,,,,,,,,,,,,,,,,,,,,,,
11615,2019,5,1,23,15,7.1000000000000005,0,0,0,1.6,,,,,,,,,,,,,,,,,,,,,,,,,,,,,,,,,,,,
11616,2019,5,1,23,30,6.9,0,0,0,1.6,,,,,,,,,,,,,,,,,,,,,,,,,,,,,,,,,,,,
11617,2019,5,1,23,45,6.6000000000000005,0,0,0,1.6,,,,,,,,,,,,,,,,,,,,,,,,,,,,,,,,,,,,
11618,2019,5,2,0,0,6.4,0,0,0,1.6,,,,,,,,,,,,,,,,,,,,,,,,,,,,,,,,,,,,
11619,2019,5,2,0,15,6.4,0,0,0,1.6,,,,,,,,,,,,,,,,,,,,,,,,,,,,,,,,,,,,
11620,2019,5,2,0,30,6.4,0,0,0,1.6,,,,,,,,,,,,,,,,,,,,,,,,,,,,,,,,,,,,
11621,2019,5,2,0,45,6.4,0,0,0,1.6,,,,,,,,,,,,,,,,,,,,,,,,,,,,,,,,,,,,
11622,2019,5,2,1,0,5.7,0,0,0,1.6,,,,,,,,,,,,,,,,,,,,,,,,,,,,,,,,,,,,
11623,2019,5,2,1,15,5.6000000000000005,0,0,0,1.7000000000000002,,,,,,,,,,,,,,,,,,,,,,,,,,,,,,,,,,,,
11624,2019,5,2,1,30,5.5,0,0,0,1.7000000000000002,,,,,,,,,,,,,,,,,,,,,,,,,,,,,,,,,,,,
11625,2019,5,2,1,45,5.4,0,0,0,1.7000000000000002,,,,,,,,,,,,,,,,,,,,,,,,,,,,,,,,,,,,
11626,2019,5,2,2,0,5.300000000000001,0,0,0,1.8,,,,,,,,,,,,,,,,,,,,,,,,,,,,,,,,,,,,
11627,2019,5,2,2,15,5.4,0,0,0,2,,,,,,,,,,,,,,,,,,,,,,,,,,,,,,,,,,,,
11628,2019,5,2,2,30,5.5,0,0,0,2.2,,,,,,,,,,,,,,,,,,,,,,,,,,,,,,,,,,,,
11629,2019,5,2,2,45,5.5,0,0,0,2.4000000000000004,,,,,,,,,,,,,,,,,,,,,,,,,,,,,,,,,,,,
11630,2019,5,2,3,0,5.6000000000000005,0,0,0,2.6,,,,,,,,,,,,,,,,,,,,,,,,,,,,,,,,,,,,
11631,2019,5,2,3,15,5.7,0,0,0,2.6,,,,,,,,,,,,,,,,,,,,,,,,,,,,,,,,,,,,
11632,2019,5,2,3,30,5.7,0,0,0,2.7,,,,,,,,,,,,,,,,,,,,,,,,,,,,,,,,,,,,
11633,2019,5,2,3,45,5.800000000000001,0,0,0,2.8000000000000003,,,,,,,,,,,,,,,,,,,,,,,,,,,,,,,,,,,,
11634,2019,5,2,4,0,5.800000000000001,0,0,0,2.9000000000000004,,,,,,,,,,,,,,,,,,,,,,,,,,,,,,,,,,,,
11635,2019,5,2,4,15,5.9,0,0,0,2.9000000000000004,,,,,,,,,,,,,,,,,,,,,,,,,,,,,,,,,,,,
11636,2019,5,2,4,30,5.9,0,0,0,3,,,,,,,,,,,,,,,,,,,,,,,,,,,,,,,,,,,,
11637,2019,5,2,4,45,6,0,0,0,3.1,,,,,,,,,,,,,,,,,,,,,,,,,,,,,,,,,,,,
11638,2019,5,2,5,0,6,9,11,10,3.1,,,,,,,,,,,,,,,,,,,,,,,,,,,,,,,,,,,,
11639,2019,5,2,5,15,6.2,24,43,27,3.3000000000000003,,,,,,,,,,,,,,,,,,,,,,,,,,,,,,,,,,,,
11640,2019,5,2,5,30,6.4,43,91,52,3.4000000000000004,,,,,,,,,,,,,,,,,,,,,,,,,,,,,,,,,,,,
11641,2019,5,2,5,45,6.5,61,172,85,3.6,,,,,,,,,,,,,,,,,,,,,,,,,,,,,,,,,,,,
11642,2019,5,2,6,0,6.7,75,232,117,3.7,,,,,,,,,,,,,,,,,,,,,,,,,,,,,,,,,,,,
11643,2019,5,2,6,15,7,90,289,154,3.9000000000000004,,,,,,,,,,,,,,,,,,,,,,,,,,,,,,,,,,,,
11644,2019,5,2,6,30,7.4,15,0,15,4.1000000000000005,,,,,,,,,,,,,,,,,,,,,,,,,,,,,,,,,,,,
11645,2019,5,2,6,45,7.7,18,0,18,4.2,,,,,,,,,,,,,,,,,,,,,,,,,,,,,,,,,,,,
11646,2019,5,2,7,0,8.1,22,0,22,4.4,,,,,,,,,,,,,,,,,,,,,,,,,,,,,,,,,,,,
11647,2019,5,2,7,15,8.6,26,0,26,4.4,,,,,,,,,,,,,,,,,,,,,,,,,,,,,,,,,,,,
11648,2019,5,2,7,30,9.1,150,24,160,4.5,,,,,,,,,,,,,,,,,,,,,,,,,,,,,,,,,,,,
11649,2019,5,2,7,45,9.600000000000001,168,31,182,4.6000000000000005,,,,,,,,,,,,,,,,,,,,,,,,,,,,,,,,,,,,
11650,2019,5,2,8,0,10.100000000000001,200,77,237,4.6000000000000005,,,,,,,,,,,,,,,,,,,,,,,,,,,,,,,,,,,,
11651,2019,5,2,8,15,10.600000000000001,223,121,286,4.6000000000000005,,,,,,,,,,,,,,,,,,,,,,,,,,,,,,,,,,,,
11652,2019,5,2,8,30,11.100000000000001,241,152,325,4.7,,,,,,,,,,,,,,,,,,,,,,,,,,,,,,,,,,,,
11653,2019,5,2,8,45,11.600000000000001,259,162,352,4.7,,,,,,,,,,,,,,,,,,,,,,,,,,,,,,,,,,,,
11654,2019,5,2,9,0,12.100000000000001,276,153,369,4.7,,,,,,,,,,,,,,,,,,,,,,,,,,,,,,,,,,,,
11655,2019,5,2,9,15,12.5,290,119,365,4.800000000000001,,,,,,,,,,,,,,,,,,,,,,,,,,,,,,,,,,,,
11656,2019,5,2,9,30,12.9,306,132,394,4.800000000000001,,,,,,,,,,,,,,,,,,,,,,,,,,,,,,,,,,,,
11657,2019,5,2,9,45,13.3,320,198,456,4.9,,,,,,,,,,,,,,,,,,,,,,,,,,,,,,,,,,,,
11658,2019,5,2,10,0,13.700000000000001,331,217,485,4.9,,,,,,,,,,,,,,,,,,,,,,,,,,,,,,,,,,,,
11659,2019,5,2,10,15,14,324,312,552,4.9,,,,,,,,,,,,,,,,,,,,,,,,,,,,,,,,,,,,
11660,2019,5,2,10,30,14.200000000000001,344,272,547,5,,,,,,,,,,,,,,,,,,,,,,,,,,,,,,,,,,,,
11661,2019,5,2,10,45,14.5,345,307,580,5,,,,,,,,,,,,,,,,,,,,,,,,,,,,,,,,,,,,
11662,2019,5,2,11,0,14.8,357,294,585,5,,,,,,,,,,,,,,,,,,,,,,,,,,,,,,,,,,,,
11663,2019,5,2,11,15,15,355,326,611,5,,,,,,,,,,,,,,,,,,,,,,,,,,,,,,,,,,,,
11664,2019,5,2,11,30,15.200000000000001,348,370,642,5,,,,,,,,,,,,,,,,,,,,,,,,,,,,,,,,,,,,
11665,2019,5,2,11,45,15.4,159,829,823,5,,,,,,,,,,,,,,,,,,,,,,,,,,,,,,,,,,,,
11666,2019,5,2,12,0,15.5,299,493,696,5,,,,,,,,,,,,,,,,,,,,,,,,,,,,,,,,,,,,
11667,2019,5,2,12,15,15.600000000000001,287,535,718,5,,,,,,,,,,,,,,,,,,,,,,,,,,,,,,,,,,,,
11668,2019,5,2,12,30,15.700000000000001,327,420,664,5,,,,,,,,,,,,,,,,,,,,,,,,,,,,,,,,,,,,
11669,2019,5,2,12,45,15.8,348,373,646,5,,,,,,,,,,,,,,,,,,,,,,,,,,,,,,,,,,,,
11670,2019,5,2,13,0,15.9,174,791,800,4.9,,,,,,,,,,,,,,,,,,,,,,,,,,,,,,,,,,,,
11671,2019,5,2,13,15,15.9,353,319,603,4.9,,,,,,,,,,,,,,,,,,,,,,,,,,,,,,,,,,,,
11672,2019,5,2,13,30,15.9,349,308,587,4.9,,,,,,,,,,,,,,,,,,,,,,,,,,,,,,,,,,,,
11673,2019,5,2,13,45,15.9,177,764,754,4.9,,,,,,,,,,,,,,,,,,,,,,,,,,,,,,,,,,,,
11674,2019,5,2,14,0,15.9,175,757,735,4.9,,,,,,,,,,,,,,,,,,,,,,,,,,,,,,,,,,,,
11675,2019,5,2,14,15,15.8,172,747,710,4.9,,,,,,,,,,,,,,,,,,,,,,,,,,,,,,,,,,,,
11676,2019,5,2,14,30,15.700000000000001,170,737,685,4.9,,,,,,,,,,,,,,,,,,,,,,,,,,,,,,,,,,,,
11677,2019,5,2,14,45,15.5,171,718,656,4.9,,,,,,,,,,,,,,,,,,,,,,,,,,,,,,,,,,,,
11678,2019,5,2,15,0,15.4,166,706,625,4.9,,,,,,,,,,,,,,,,,,,,,,,,,,,,,,,,,,,,
11679,2019,5,2,15,15,15.3,164,689,593,4.9,,,,,,,,,,,,,,,,,,,,,,,,,,,,,,,,,,,,
11680,2019,5,2,15,30,15.100000000000001,159,673,560,4.9,,,,,,,,,,,,,,,,,,,,,,,,,,,,,,,,,,,,
11681,2019,5,2,15,45,14.9,164,634,521,4.800000000000001,,,,,,,,,,,,,,,,,,,,,,,,,,,,,,,,,,,,
11682,2019,5,2,16,0,14.8,159,613,485,4.800000000000001,,,,,,,,,,,,,,,,,,,,,,,,,,,,,,,,,,,,
11683,2019,5,2,16,15,14.600000000000001,153,591,447,4.6000000000000005,,,,,,,,,,,,,,,,,,,,,,,,,,,,,,,,,,,,
11684,2019,5,2,16,30,14.4,146,565,408,4.5,,,,,,,,,,,,,,,,,,,,,,,,,,,,,,,,,,,,
11685,2019,5,2,16,45,14.100000000000001,143,521,366,4.4,,,,,,,,,,,,,,,,,,,,,,,,,,,,,,,,,,,,
11686,2019,5,2,17,0,13.9,138,15,144,4.2,,,,,,,,,,,,,,,,,,,,,,,,,,,,,,,,,,,,
11687,2019,5,2,17,15,13.600000000000001,88,0,88,4,,,,,,,,,,,,,,,,,,,,,,,,,,,,,,,,,,,,
11688,2019,5,2,17,30,13.3,69,0,69,3.7,,,,,,,,,,,,,,,,,,,,,,,,,,,,,,,,,,,,
11689,2019,5,2,17,45,13,22,0,22,3.5,,,,,,,,,,,,,,,,,,,,,,,,,,,,,,,,,,,,
11690,2019,5,2,18,0,12.700000000000001,18,0,18,3.3000000000000003,,,,,,,,,,,,,,,,,,,,,,,,,,,,,,,,,,,,
11691,2019,5,2,18,15,12.200000000000001,67,249,116,3.1,,,,,,,,,,,,,,,,,,,,,,,,,,,,,,,,,,,,
11692,2019,5,2,18,30,11.8,11,0,11,2.9000000000000004,,,,,,,,,,,,,,,,,,,,,,,,,,,,,,,,,,,,
11693,2019,5,2,18,45,11.3,8,0,8,2.8000000000000003,,,,,,,,,,,,,,,,,,,,,,,,,,,,,,,,,,,,
11694,2019,5,2,19,0,10.8,5,0,5,2.6,,,,,,,,,,,,,,,,,,,,,,,,,,,,,,,,,,,,
11695,2019,5,2,19,15,10.600000000000001,3,0,3,2.6,,,,,,,,,,,,,,,,,,,,,,,,,,,,,,,,,,,,
11696,2019,5,2,19,30,10.4,0,0,0,2.6,,,,,,,,,,,,,,,,,,,,,,,,,,,,,,,,,,,,
11697,2019,5,2,19,45,10.100000000000001,0,0,0,2.5,,,,,,,,,,,,,,,,,,,,,,,,,,,,,,,,,,,,
11698,2019,5,2,20,0,9.9,0,0,0,2.5,,,,,,,,,,,,,,,,,,,,,,,,,,,,,,,,,,,,
11699,2019,5,2,20,15,9.8,0,0,0,2.5,,,,,,,,,,,,,,,,,,,,,,,,,,,,,,,,,,,,
11700,2019,5,2,20,30,9.700000000000001,0,0,0,2.6,,,,,,,,,,,,,,,,,,,,,,,,,,,,,,,,,,,,
11701,2019,5,2,20,45,9.5,0,0,0,2.6,,,,,,,,,,,,,,,,,,,,,,,,,,,,,,,,,,,,
11702,2019,5,2,21,0,9.4,0,0,0,2.6,,,,,,,,,,,,,,,,,,,,,,,,,,,,,,,,,,,,
11703,2019,5,2,21,15,9.3,0,0,0,2.7,,,,,,,,,,,,,,,,,,,,,,,,,,,,,,,,,,,,
11704,2019,5,2,21,30,9.200000000000001,0,0,0,2.8000000000000003,,,,,,,,,,,,,,,,,,,,,,,,,,,,,,,,,,,,
11705,2019,5,2,21,45,9,0,0,0,2.8000000000000003,,,,,,,,,,,,,,,,,,,,,,,,,,,,,,,,,,,,
11706,2019,5,2,22,0,8.9,0,0,0,2.9000000000000004,,,,,,,,,,,,,,,,,,,,,,,,,,,,,,,,,,,,
11707,2019,5,2,22,15,8.8,0,0,0,2.9000000000000004,,,,,,,,,,,,,,,,,,,,,,,,,,,,,,,,,,,,
11708,2019,5,2,22,30,8.6,0,0,0,2.9000000000000004,,,,,,,,,,,,,,,,,,,,,,,,,,,,,,,,,,,,
11709,2019,5,2,22,45,8.5,0,0,0,2.9000000000000004,,,,,,,,,,,,,,,,,,,,,,,,,,,,,,,,,,,,
11710,2019,5,2,23,0,8.3,0,0,0,2.9000000000000004,,,,,,,,,,,,,,,,,,,,,,,,,,,,,,,,,,,,
11711,2019,5,2,23,15,8.1,0,0,0,2.9000000000000004,,,,,,,,,,,,,,,,,,,,,,,,,,,,,,,,,,,,
11712,2019,5,2,23,30,8,0,0,0,2.9000000000000004,,,,,,,,,,,,,,,,,,,,,,,,,,,,,,,,,,,,
11713,2019,5,2,23,45,7.800000000000001,0,0,0,2.9000000000000004,,,,,,,,,,,,,,,,,,,,,,,,,,,,,,,,,,,,
11714,2019,5,3,0,0,7.7,0,0,0,2.9000000000000004,,,,,,,,,,,,,,,,,,,,,,,,,,,,,,,,,,,,
11715,2019,5,3,0,15,7.7,0,0,0,2.9000000000000004,,,,,,,,,,,,,,,,,,,,,,,,,,,,,,,,,,,,
11716,2019,5,3,0,30,7.7,0,0,0,2.9000000000000004,,,,,,,,,,,,,,,,,,,,,,,,,,,,,,,,,,,,
11717,2019,5,3,0,45,7.7,0,0,0,2.9000000000000004,,,,,,,,,,,,,,,,,,,,,,,,,,,,,,,,,,,,
11718,2019,5,3,1,0,7.1000000000000005,0,0,0,3.1,,,,,,,,,,,,,,,,,,,,,,,,,,,,,,,,,,,,
11719,2019,5,3,1,15,6.9,0,0,0,3,,,,,,,,,,,,,,,,,,,,,,,,,,,,,,,,,,,,
11720,2019,5,3,1,30,6.7,0,0,0,3,,,,,,,,,,,,,,,,,,,,,,,,,,,,,,,,,,,,
11721,2019,5,3,1,45,6.6000000000000005,0,0,0,3,,,,,,,,,,,,,,,,,,,,,,,,,,,,,,,,,,,,
11722,2019,5,3,2,0,6.4,0,0,0,3,,,,,,,,,,,,,,,,,,,,,,,,,,,,,,,,,,,,
11723,2019,5,3,2,15,6.300000000000001,0,0,0,2.9000000000000004,,,,,,,,,,,,,,,,,,,,,,,,,,,,,,,,,,,,
11724,2019,5,3,2,30,6.1000000000000005,0,0,0,2.9000000000000004,,,,,,,,,,,,,,,,,,,,,,,,,,,,,,,,,,,,
11725,2019,5,3,2,45,6,0,0,0,2.8000000000000003,,,,,,,,,,,,,,,,,,,,,,,,,,,,,,,,,,,,
11726,2019,5,3,3,0,5.800000000000001,0,0,0,2.8000000000000003,,,,,,,,,,,,,,,,,,,,,,,,,,,,,,,,,,,,
11727,2019,5,3,3,15,5.7,0,0,0,2.8000000000000003,,,,,,,,,,,,,,,,,,,,,,,,,,,,,,,,,,,,
11728,2019,5,3,3,30,5.6000000000000005,0,0,0,2.8000000000000003,,,,,,,,,,,,,,,,,,,,,,,,,,,,,,,,,,,,
11729,2019,5,3,3,45,5.5,0,0,0,2.7,,,,,,,,,,,,,,,,,,,,,,,,,,,,,,,,,,,,
11730,2019,5,3,4,0,5.4,0,0,0,2.7,,,,,,,,,,,,,,,,,,,,,,,,,,,,,,,,,,,,
11731,2019,5,3,4,15,5.300000000000001,0,0,0,2.8000000000000003,,,,,,,,,,,,,,,,,,,,,,,,,,,,,,,,,,,,
11732,2019,5,3,4,30,5.300000000000001,0,0,0,2.8000000000000003,,,,,,,,,,,,,,,,,,,,,,,,,,,,,,,,,,,,
11733,2019,5,3,4,45,5.2,0,0,0,2.9000000000000004,,,,,,,,,,,,,,,,,,,,,,,,,,,,,,,,,,,,
11734,2019,5,3,5,0,5.2,6,0,6,2.9000000000000004,,,,,,,,,,,,,,,,,,,,,,,,,,,,,,,,,,,,
11735,2019,5,3,5,15,5.300000000000001,14,0,14,3,,,,,,,,,,,,,,,,,,,,,,,,,,,,,,,,,,,,
11736,2019,5,3,5,30,5.4,23,0,23,3.1,,,,,,,,,,,,,,,,,,,,,,,,,,,,,,,,,,,,
11737,2019,5,3,5,45,5.5,34,0,34,3.2,,,,,,,,,,,,,,,,,,,,,,,,,,,,,,,,,,,,
11738,2019,5,3,6,0,5.7,48,0,48,3.2,,,,,,,,,,,,,,,,,,,,,,,,,,,,,,,,,,,,
11739,2019,5,3,6,15,5.9,63,0,63,3.4000000000000004,,,,,,,,,,,,,,,,,,,,,,,,,,,,,,,,,,,,
11740,2019,5,3,6,30,6.2,80,0,80,3.6,,,,,,,,,,,,,,,,,,,,,,,,,,,,,,,,,,,,
11741,2019,5,3,6,45,6.5,99,0,99,3.8000000000000003,,,,,,,,,,,,,,,,,,,,,,,,,,,,,,,,,,,,
11742,2019,5,3,7,0,6.800000000000001,116,8,119,4,,,,,,,,,,,,,,,,,,,,,,,,,,,,,,,,,,,,
11743,2019,5,3,7,15,7.1000000000000005,151,89,184,4.1000000000000005,,,,,,,,,,,,,,,,,,,,,,,,,,,,,,,,,,,,
11744,2019,5,3,7,30,7.4,157,37,173,4.2,,,,,,,,,,,,,,,,,,,,,,,,,,,,,,,,,,,,
11745,2019,5,3,7,45,7.7,188,101,233,4.3,,,,,,,,,,,,,,,,,,,,,,,,,,,,,,,,,,,,
11746,2019,5,3,8,0,8,193,48,216,4.4,,,,,,,,,,,,,,,,,,,,,,,,,,,,,,,,,,,,
11747,2019,5,3,8,15,8.200000000000001,198,32,215,4.5,,,,,,,,,,,,,,,,,,,,,,,,,,,,,,,,,,,,
11748,2019,5,3,8,30,8.5,232,67,269,4.6000000000000005,,,,,,,,,,,,,,,,,,,,,,,,,,,,,,,,,,,,
11749,2019,5,3,8,45,8.700000000000001,261,146,346,4.6000000000000005,,,,,,,,,,,,,,,,,,,,,,,,,,,,,,,,,,,,
11750,2019,5,3,9,0,9,277,147,367,4.7,,,,,,,,,,,,,,,,,,,,,,,,,,,,,,,,,,,,
11751,2019,5,3,9,15,9.200000000000001,272,313,473,4.7,,,,,,,,,,,,,,,,,,,,,,,,,,,,,,,,,,,,
11752,2019,5,3,9,30,9.4,290,299,490,4.800000000000001,,,,,,,,,,,,,,,,,,,,,,,,,,,,,,,,,,,,
11753,2019,5,3,9,45,9.600000000000001,270,420,561,4.800000000000001,,,,,,,,,,,,,,,,,,,,,,,,,,,,,,,,,,,,
11754,2019,5,3,10,0,9.8,333,211,483,4.800000000000001,,,,,,,,,,,,,,,,,,,,,,,,,,,,,,,,,,,,
11755,2019,5,3,10,15,9.9,339,251,523,4.800000000000001,,,,,,,,,,,,,,,,,,,,,,,,,,,,,,,,,,,,
11756,2019,5,3,10,30,10,359,173,489,4.800000000000001,,,,,,,,,,,,,,,,,,,,,,,,,,,,,,,,,,,,
11757,2019,5,3,10,45,10.100000000000001,359,253,553,4.800000000000001,,,,,,,,,,,,,,,,,,,,,,,,,,,,,,,,,,,,
11758,2019,5,3,11,0,10.3,377,178,515,4.800000000000001,,,,,,,,,,,,,,,,,,,,,,,,,,,,,,,,,,,,
11759,2019,5,3,11,15,10.3,382,132,486,4.800000000000001,,,,,,,,,,,,,,,,,,,,,,,,,,,,,,,,,,,,
11760,2019,5,3,11,30,10.4,209,9,216,4.800000000000001,,,,,,,,,,,,,,,,,,,,,,,,,,,,,,,,,,,,
11761,2019,5,3,11,45,10.5,388,121,485,4.800000000000001,,,,,,,,,,,,,,,,,,,,,,,,,,,,,,,,,,,,
11762,2019,5,3,12,0,10.600000000000001,393,191,547,4.800000000000001,,,,,,,,,,,,,,,,,,,,,,,,,,,,,,,,,,,,
11763,2019,5,3,12,15,10.600000000000001,392,129,496,4.800000000000001,,,,,,,,,,,,,,,,,,,,,,,,,,,,,,,,,,,,
11764,2019,5,3,12,30,10.700000000000001,287,20,303,4.800000000000001,,,,,,,,,,,,,,,,,,,,,,,,,,,,,,,,,,,,
11765,2019,5,3,12,45,10.8,375,278,598,4.800000000000001,,,,,,,,,,,,,,,,,,,,,,,,,,,,,,,,,,,,
11766,2019,5,3,13,0,10.8,345,50,384,4.800000000000001,,,,,,,,,,,,,,,,,,,,,,,,,,,,,,,,,,,,
11767,2019,5,3,13,15,10.8,373,106,456,4.800000000000001,,,,,,,,,,,,,,,,,,,,,,,,,,,,,,,,,,,,
11768,2019,5,3,13,30,10.8,338,353,611,4.7,,,,,,,,,,,,,,,,,,,,,,,,,,,,,,,,,,,,
11769,2019,5,3,13,45,10.8,351,87,418,4.7,,,,,,,,,,,,,,,,,,,,,,,,,,,,,,,,,,,,
11770,2019,5,3,14,0,10.9,297,34,322,4.7,,,,,,,,,,,,,,,,,,,,,,,,,,,,,,,,,,,,
11771,2019,5,3,14,15,10.8,342,186,476,4.7,,,,,,,,,,,,,,,,,,,,,,,,,,,,,,,,,,,,
11772,2019,5,3,14,30,10.700000000000001,273,425,572,4.6000000000000005,,,,,,,,,,,,,,,,,,,,,,,,,,,,,,,,,,,,
11773,2019,5,3,14,45,10.700000000000001,281,44,310,4.6000000000000005,,,,,,,,,,,,,,,,,,,,,,,,,,,,,,,,,,,,
11774,2019,5,3,15,0,10.600000000000001,269,45,299,4.5,,,,,,,,,,,,,,,,,,,,,,,,,,,,,,,,,,,,
11775,2019,5,3,15,15,10.5,278,242,429,4.4,,,,,,,,,,,,,,,,,,,,,,,,,,,,,,,,,,,,
11776,2019,5,3,15,30,10.4,241,349,449,4.4,,,,,,,,,,,,,,,,,,,,,,,,,,,,,,,,,,,,
11777,2019,5,3,15,45,10.3,227,42,251,4.3,,,,,,,,,,,,,,,,,,,,,,,,,,,,,,,,,,,,
11778,2019,5,3,16,0,10.200000000000001,228,83,273,4.2,,,,,,,,,,,,,,,,,,,,,,,,,,,,,,,,,,,,
11779,2019,5,3,16,15,10.100000000000001,201,48,225,4.1000000000000005,,,,,,,,,,,,,,,,,,,,,,,,,,,,,,,,,,,,
11780,2019,5,3,16,30,9.9,171,23,182,4,,,,,,,,,,,,,,,,,,,,,,,,,,,,,,,,,,,,
11781,2019,5,3,16,45,9.8,117,0,117,3.8000000000000003,,,,,,,,,,,,,,,,,,,,,,,,,,,,,,,,,,,,
11782,2019,5,3,17,0,9.600000000000001,28,0,28,3.7,,,,,,,,,,,,,,,,,,,,,,,,,,,,,,,,,,,,
11783,2019,5,3,17,15,9.4,96,0,96,3.4000000000000004,,,,,,,,,,,,,,,,,,,,,,,,,,,,,,,,,,,,
11784,2019,5,3,17,30,9.200000000000001,106,345,216,3.1,,,,,,,,,,,,,,,,,,,,,,,,,,,,,,,,,,,,
11785,2019,5,3,17,45,9,107,137,146,2.9000000000000004,,,,,,,,,,,,,,,,,,,,,,,,,,,,,,,,,,,,
11786,2019,5,3,18,0,8.8,91,113,118,2.6,,,,,,,,,,,,,,,,,,,,,,,,,,,,,,,,,,,,
11787,2019,5,3,18,15,8.4,74,87,92,2.3000000000000003,,,,,,,,,,,,,,,,,,,,,,,,,,,,,,,,,,,,
11788,2019,5,3,18,30,8,58,61,68,2,,,,,,,,,,,,,,,,,,,,,,,,,,,,,,,,,,,,
11789,2019,5,3,18,45,7.6000000000000005,43,36,47,1.7000000000000002,,,,,,,,,,,,,,,,,,,,,,,,,,,,,,,,,,,,
11790,2019,5,3,19,0,7.2,29,6,30,1.4000000000000001,,,,,,,,,,,,,,,,,,,,,,,,,,,,,,,,,,,,
11791,2019,5,3,19,15,6.9,15,0,15,1.4000000000000001,,,,,,,,,,,,,,,,,,,,,,,,,,,,,,,,,,,,
11792,2019,5,3,19,30,6.7,10,40,11,1.3,,,,,,,,,,,,,,,,,,,,,,,,,,,,,,,,,,,,
11793,2019,5,3,19,45,6.5,0,0,0,1.3,,,,,,,,,,,,,,,,,,,,,,,,,,,,,,,,,,,,
11794,2019,5,3,20,0,6.300000000000001,0,0,0,1.3,,,,,,,,,,,,,,,,,,,,,,,,,,,,,,,,,,,,
11795,2019,5,3,20,15,6.1000000000000005,0,0,0,1.3,,,,,,,,,,,,,,,,,,,,,,,,,,,,,,,,,,,,
11796,2019,5,3,20,30,6,0,0,0,1.3,,,,,,,,,,,,,,,,,,,,,,,,,,,,,,,,,,,,
11797,2019,5,3,20,45,5.9,0,0,0,1.4000000000000001,,,,,,,,,,,,,,,,,,,,,,,,,,,,,,,,,,,,
11798,2019,5,3,21,0,5.800000000000001,0,0,0,1.4000000000000001,,,,,,,,,,,,,,,,,,,,,,,,,,,,,,,,,,,,
11799,2019,5,3,21,15,5.7,0,0,0,1.5,,,,,,,,,,,,,,,,,,,,,,,,,,,,,,,,,,,,
11800,2019,5,3,21,30,5.6000000000000005,0,0,0,1.5,,,,,,,,,,,,,,,,,,,,,,,,,,,,,,,,,,,,
11801,2019,5,3,21,45,5.5,0,0,0,1.5,,,,,,,,,,,,,,,,,,,,,,,,,,,,,,,,,,,,
11802,2019,5,3,22,0,5.4,0,0,0,1.6,,,,,,,,,,,,,,,,,,,,,,,,,,,,,,,,,,,,
11803,2019,5,3,22,15,5.4,0,0,0,1.6,,,,,,,,,,,,,,,,,,,,,,,,,,,,,,,,,,,,
11804,2019,5,3,22,30,5.4,0,0,0,1.7000000000000002,,,,,,,,,,,,,,,,,,,,,,,,,,,,,,,,,,,,
11805,2019,5,3,22,45,5.300000000000001,0,0,0,1.7000000000000002,,,,,,,,,,,,,,,,,,,,,,,,,,,,,,,,,,,,
11806,2019,5,3,23,0,5.300000000000001,0,0,0,1.8,,,,,,,,,,,,,,,,,,,,,,,,,,,,,,,,,,,,
11807,2019,5,3,23,15,5.300000000000001,0,0,0,1.9000000000000001,,,,,,,,,,,,,,,,,,,,,,,,,,,,,,,,,,,,
11808,2019,5,3,23,30,5.2,0,0,0,1.9000000000000001,,,,,,,,,,,,,,,,,,,,,,,,,,,,,,,,,,,,
11809,2019,5,3,23,45,5.2,0,0,0,2,,,,,,,,,,,,,,,,,,,,,,,,,,,,,,,,,,,,
11810,2019,5,4,0,0,5.2,0,0,0,2,,,,,,,,,,,,,,,,,,,,,,,,,,,,,,,,,,,,
11811,2019,5,4,0,15,5.2,0,0,0,2,,,,,,,,,,,,,,,,,,,,,,,,,,,,,,,,,,,,
11812,2019,5,4,0,30,5.2,0,0,0,2,,,,,,,,,,,,,,,,,,,,,,,,,,,,,,,,,,,,
11813,2019,5,4,0,45,5.2,0,0,0,2,,,,,,,,,,,,,,,,,,,,,,,,,,,,,,,,,,,,
11814,2019,5,4,1,0,4.7,0,0,0,2.2,,,,,,,,,,,,,,,,,,,,,,,,,,,,,,,,,,,,
11815,2019,5,4,1,15,4.6000000000000005,0,0,0,2.3000000000000003,,,,,,,,,,,,,,,,,,,,,,,,,,,,,,,,,,,,
11816,2019,5,4,1,30,4.4,0,0,0,2.3000000000000003,,,,,,,,,,,,,,,,,,,,,,,,,,,,,,,,,,,,
11817,2019,5,4,1,45,4.3,0,0,0,2.4000000000000004,,,,,,,,,,,,,,,,,,,,,,,,,,,,,,,,,,,,
11818,2019,5,4,2,0,4.1000000000000005,0,0,0,2.5,,,,,,,,,,,,,,,,,,,,,,,,,,,,,,,,,,,,
11819,2019,5,4,2,15,4,0,0,0,2.5,,,,,,,,,,,,,,,,,,,,,,,,,,,,,,,,,,,,
11820,2019,5,4,2,30,3.9000000000000004,0,0,0,2.5,,,,,,,,,,,,,,,,,,,,,,,,,,,,,,,,,,,,
11821,2019,5,4,2,45,3.8000000000000003,0,0,0,2.5,,,,,,,,,,,,,,,,,,,,,,,,,,,,,,,,,,,,
11822,2019,5,4,3,0,3.6,0,0,0,2.5,,,,,,,,,,,,,,,,,,,,,,,,,,,,,,,,,,,,
11823,2019,5,4,3,15,3.5,0,0,0,2.5,,,,,,,,,,,,,,,,,,,,,,,,,,,,,,,,,,,,
11824,2019,5,4,3,30,3.4000000000000004,0,0,0,2.4000000000000004,,,,,,,,,,,,,,,,,,,,,,,,,,,,,,,,,,,,
11825,2019,5,4,3,45,3.3000000000000003,0,0,0,2.4000000000000004,,,,,,,,,,,,,,,,,,,,,,,,,,,,,,,,,,,,
11826,2019,5,4,4,0,3.2,0,0,0,2.4000000000000004,,,,,,,,,,,,,,,,,,,,,,,,,,,,,,,,,,,,
11827,2019,5,4,4,15,3.2,0,0,0,2.4000000000000004,,,,,,,,,,,,,,,,,,,,,,,,,,,,,,,,,,,,
11828,2019,5,4,4,30,3.1,0,0,0,2.3000000000000003,,,,,,,,,,,,,,,,,,,,,,,,,,,,,,,,,,,,
11829,2019,5,4,4,45,3.1,0,0,0,2.3000000000000003,,,,,,,,,,,,,,,,,,,,,,,,,,,,,,,,,,,,
11830,2019,5,4,5,0,3,3,0,3,2.3000000000000003,,,,,,,,,,,,,,,,,,,,,,,,,,,,,,,,,,,,
11831,2019,5,4,5,15,3,5,0,5,2.3000000000000003,,,,,,,,,,,,,,,,,,,,,,,,,,,,,,,,,,,,
11832,2019,5,4,5,30,3.1,6,0,6,2.3000000000000003,,,,,,,,,,,,,,,,,,,,,,,,,,,,,,,,,,,,
11833,2019,5,4,5,45,3.1,7,0,7,2.4000000000000004,,,,,,,,,,,,,,,,,,,,,,,,,,,,,,,,,,,,
11834,2019,5,4,6,0,3.1,8,0,8,2.4000000000000004,,,,,,,,,,,,,,,,,,,,,,,,,,,,,,,,,,,,
11835,2019,5,4,6,15,3.2,9,0,9,2.4000000000000004,,,,,,,,,,,,,,,,,,,,,,,,,,,,,,,,,,,,
11836,2019,5,4,6,30,3.4000000000000004,11,0,11,2.5,,,,,,,,,,,,,,,,,,,,,,,,,,,,,,,,,,,,
11837,2019,5,4,6,45,3.5,12,0,12,2.5,,,,,,,,,,,,,,,,,,,,,,,,,,,,,,,,,,,,
11838,2019,5,4,7,0,3.6,14,0,14,2.5,,,,,,,,,,,,,,,,,,,,,,,,,,,,,,,,,,,,
11839,2019,5,4,7,15,3.8000000000000003,17,0,17,2.6,,,,,,,,,,,,,,,,,,,,,,,,,,,,,,,,,,,,
11840,2019,5,4,7,30,3.9000000000000004,19,0,19,2.6,,,,,,,,,,,,,,,,,,,,,,,,,,,,,,,,,,,,
11841,2019,5,4,7,45,4.1000000000000005,22,0,22,2.6,,,,,,,,,,,,,,,,,,,,,,,,,,,,,,,,,,,,
11842,2019,5,4,8,0,4.3,47,0,47,2.7,,,,,,,,,,,,,,,,,,,,,,,,,,,,,,,,,,,,
11843,2019,5,4,8,15,4.6000000000000005,102,0,102,2.7,,,,,,,,,,,,,,,,,,,,,,,,,,,,,,,,,,,,
11844,2019,5,4,8,30,4.800000000000001,102,0,102,2.7,,,,,,,,,,,,,,,,,,,,,,,,,,,,,,,,,,,,
11845,2019,5,4,8,45,5,118,0,118,2.7,,,,,,,,,,,,,,,,,,,,,,,,,,,,,,,,,,,,
11846,2019,5,4,9,0,5.300000000000001,108,0,108,2.7,,,,,,,,,,,,,,,,,,,,,,,,,,,,,,,,,,,,
11847,2019,5,4,9,15,5.5,109,0,109,2.7,,,,,,,,,,,,,,,,,,,,,,,,,,,,,,,,,,,,
11848,2019,5,4,9,30,5.800000000000001,102,0,102,2.7,,,,,,,,,,,,,,,,,,,,,,,,,,,,,,,,,,,,
11849,2019,5,4,9,45,6,160,2,161,2.7,,,,,,,,,,,,,,,,,,,,,,,,,,,,,,,,,,,,
11850,2019,5,4,10,0,6.300000000000001,289,36,315,2.7,,,,,,,,,,,,,,,,,,,,,,,,,,,,,,,,,,,,
11851,2019,5,4,10,15,6.5,321,57,363,2.8000000000000003,,,,,,,,,,,,,,,,,,,,,,,,,,,,,,,,,,,,
11852,2019,5,4,10,30,6.800000000000001,323,49,360,2.8000000000000003,,,,,,,,,,,,,,,,,,,,,,,,,,,,,,,,,,,,
11853,2019,5,4,10,45,7,347,67,398,2.8000000000000003,,,,,,,,,,,,,,,,,,,,,,,,,,,,,,,,,,,,
11854,2019,5,4,11,0,7.300000000000001,368,93,440,2.9000000000000004,,,,,,,,,,,,,,,,,,,,,,,,,,,,,,,,,,,,
11855,2019,5,4,11,15,7.5,373,89,444,2.9000000000000004,,,,,,,,,,,,,,,,,,,,,,,,,,,,,,,,,,,,
11856,2019,5,4,11,30,7.7,390,140,502,3,,,,,,,,,,,,,,,,,,,,,,,,,,,,,,,,,,,,
11857,2019,5,4,11,45,7.9,383,260,593,3,,,,,,,,,,,,,,,,,,,,,,,,,,,,,,,,,,,,
11858,2019,5,4,12,0,8.1,387,247,588,3,,,,,,,,,,,,,,,,,,,,,,,,,,,,,,,,,,,,
11859,2019,5,4,12,15,8.1,394,203,559,3.1,,,,,,,,,,,,,,,,,,,,,,,,,,,,,,,,,,,,
11860,2019,5,4,12,30,8.200000000000001,393,206,559,3.1,,,,,,,,,,,,,,,,,,,,,,,,,,,,,,,,,,,,
11861,2019,5,4,12,45,8.3,364,327,628,3.2,,,,,,,,,,,,,,,,,,,,,,,,,,,,,,,,,,,,
11862,2019,5,4,13,0,8.4,290,509,696,3.2,,,,,,,,,,,,,,,,,,,,,,,,,,,,,,,,,,,,
11863,2019,5,4,13,15,8.4,375,241,565,3.2,,,,,,,,,,,,,,,,,,,,,,,,,,,,,,,,,,,,
11864,2019,5,4,13,30,8.5,276,20,292,3.3000000000000003,,,,,,,,,,,,,,,,,,,,,,,,,,,,,,,,,,,,
11865,2019,5,4,13,45,8.5,351,82,413,3.3000000000000003,,,,,,,,,,,,,,,,,,,,,,,,,,,,,,,,,,,,
11866,2019,5,4,14,0,8.5,335,69,386,3.4000000000000004,,,,,,,,,,,,,,,,,,,,,,,,,,,,,,,,,,,,
11867,2019,5,4,14,15,8.5,272,24,289,3.4000000000000004,,,,,,,,,,,,,,,,,,,,,,,,,,,,,,,,,,,,
11868,2019,5,4,14,30,8.5,224,12,232,3.4000000000000004,,,,,,,,,,,,,,,,,,,,,,,,,,,,,,,,,,,,
11869,2019,5,4,14,45,8.5,309,90,370,3.5,,,,,,,,,,,,,,,,,,,,,,,,,,,,,,,,,,,,
11870,2019,5,4,15,0,8.5,282,309,485,3.5,,,,,,,,,,,,,,,,,,,,,,,,,,,,,,,,,,,,
11871,2019,5,4,15,15,8.4,244,400,496,3.5,,,,,,,,,,,,,,,,,,,,,,,,,,,,,,,,,,,,
11872,2019,5,4,15,30,8.3,99,0,99,3.5,,,,,,,,,,,,,,,,,,,,,,,,,,,,,,,,,,,,
11873,2019,5,4,15,45,8.200000000000001,50,0,50,3.4000000000000004,,,,,,,,,,,,,,,,,,,,,,,,,,,,,,,,,,,,
11874,2019,5,4,16,0,8.1,215,321,388,3.4000000000000004,,,,,,,,,,,,,,,,,,,,,,,,,,,,,,,,,,,,
11875,2019,5,4,16,15,7.9,89,731,459,3.3000000000000003,,,,,,,,,,,,,,,,,,,,,,,,,,,,,,,,,,,,
11876,2019,5,4,16,30,7.800000000000001,108,716,444,3.3000000000000003,,,,,,,,,,,,,,,,,,,,,,,,,,,,,,,,,,,,
11877,2019,5,4,16,45,7.6000000000000005,103,692,403,3.2,,,,,,,,,,,,,,,,,,,,,,,,,,,,,,,,,,,,
11878,2019,5,4,17,0,7.4,98,663,362,3.1,,,,,,,,,,,,,,,,,,,,,,,,,,,,,,,,,,,,
11879,2019,5,4,17,15,7.2,117,389,258,2.9000000000000004,,,,,,,,,,,,,,,,,,,,,,,,,,,,,,,,,,,,
11880,2019,5,4,17,30,7,112,312,213,2.7,,,,,,,,,,,,,,,,,,,,,,,,,,,,,,,,,,,,
11881,2019,5,4,17,45,6.7,83,418,202,2.5,,,,,,,,,,,,,,,,,,,,,,,,,,,,,,,,,,,,
11882,2019,5,4,18,0,6.5,73,377,166,2.3000000000000003,,,,,,,,,,,,,,,,,,,,,,,,,,,,,,,,,,,,
11883,2019,5,4,18,15,6.1000000000000005,63,335,132,2.1,,,,,,,,,,,,,,,,,,,,,,,,,,,,,,,,,,,,
11884,2019,5,4,18,30,5.6000000000000005,52,288,101,1.9000000000000001,,,,,,,,,,,,,,,,,,,,,,,,,,,,,,,,,,,,
11885,2019,5,4,18,45,5.2,42,234,72,1.7000000000000002,,,,,,,,,,,,,,,,,,,,,,,,,,,,,,,,,,,,
11886,2019,5,4,19,0,4.800000000000001,31,168,46,1.5,,,,,,,,,,,,,,,,,,,,,,,,,,,,,,,,,,,,
11887,2019,5,4,19,15,4.6000000000000005,20,72,24,1.6,,,,,,,,,,,,,,,,,,,,,,,,,,,,,,,,,,,,
11888,2019,5,4,19,30,4.4,12,39,12,1.7000000000000002,,,,,,,,,,,,,,,,,,,,,,,,,,,,,,,,,,,,
11889,2019,5,4,19,45,4.2,0,0,0,1.8,,,,,,,,,,,,,,,,,,,,,,,,,,,,,,,,,,,,
11890,2019,5,4,20,0,4,0,0,0,1.9000000000000001,,,,,,,,,,,,,,,,,,,,,,,,,,,,,,,,,,,,
11891,2019,5,4,20,15,3.9000000000000004,0,0,0,2,,,,,,,,,,,,,,,,,,,,,,,,,,,,,,,,,,,,
11892,2019,5,4,20,30,3.7,0,0,0,2,,,,,,,,,,,,,,,,,,,,,,,,,,,,,,,,,,,,
11893,2019,5,4,20,45,3.6,0,0,0,2.1,,,,,,,,,,,,,,,,,,,,,,,,,,,,,,,,,,,,
11894,2019,5,4,21,0,3.5,0,0,0,2.2,,,,,,,,,,,,,,,,,,,,,,,,,,,,,,,,,,,,
11895,2019,5,4,21,15,3.3000000000000003,0,0,0,2.2,,,,,,,,,,,,,,,,,,,,,,,,,,,,,,,,,,,,
11896,2019,5,4,21,30,3.1,0,0,0,2.2,,,,,,,,,,,,,,,,,,,,,,,,,,,,,,,,,,,,
11897,2019,5,4,21,45,2.9000000000000004,0,0,0,2.1,,,,,,,,,,,,,,,,,,,,,,,,,,,,,,,,,,,,
11898,2019,5,4,22,0,2.7,0,0,0,2.1,,,,,,,,,,,,,,,,,,,,,,,,,,,,,,,,,,,,
11899,2019,5,4,22,15,2.5,0,0,0,2.1,,,,,,,,,,,,,,,,,,,,,,,,,,,,,,,,,,,,
11900,2019,5,4,22,30,2.3000000000000003,0,0,0,2.1,,,,,,,,,,,,,,,,,,,,,,,,,,,,,,,,,,,,
11901,2019,5,4,22,45,2.2,0,0,0,2,,,,,,,,,,,,,,,,,,,,,,,,,,,,,,,,,,,,
11902,2019,5,4,23,0,2,0,0,0,2,,,,,,,,,,,,,,,,,,,,,,,,,,,,,,,,,,,,
11903,2019,5,4,23,15,1.8,0,0,0,2,,,,,,,,,,,,,,,,,,,,,,,,,,,,,,,,,,,,
11904,2019,5,4,23,30,1.6,0,0,0,1.9000000000000001,,,,,,,,,,,,,,,,,,,,,,,,,,,,,,,,,,,,
11905,2019,5,4,23,45,1.5,0,0,0,1.9000000000000001,,,,,,,,,,,,,,,,,,,,,,,,,,,,,,,,,,,,
11906,2019,5,5,0,0,1.3,0,0,0,1.9000000000000001,,,,,,,,,,,,,,,,,,,,,,,,,,,,,,,,,,,,
11907,2019,5,5,0,15,1.3,0,0,0,1.9000000000000001,,,,,,,,,,,,,,,,,,,,,,,,,,,,,,,,,,,,
11908,2019,5,5,0,30,1.3,0,0,0,1.9000000000000001,,,,,,,,,,,,,,,,,,,,,,,,,,,,,,,,,,,,
11909,2019,5,5,0,45,1.3,0,0,0,1.9000000000000001,,,,,,,,,,,,,,,,,,,,,,,,,,,,,,,,,,,,
11910,2019,5,5,1,0,0.7000000000000001,0,0,0,1.8,,,,,,,,,,,,,,,,,,,,,,,,,,,,,,,,,,,,
11911,2019,5,5,1,15,0.7000000000000001,0,0,0,1.8,,,,,,,,,,,,,,,,,,,,,,,,,,,,,,,,,,,,
11912,2019,5,5,1,30,0.7000000000000001,0,0,0,1.8,,,,,,,,,,,,,,,,,,,,,,,,,,,,,,,,,,,,
11913,2019,5,5,1,45,0.7000000000000001,0,0,0,1.8,,,,,,,,,,,,,,,,,,,,,,,,,,,,,,,,,,,,
11914,2019,5,5,2,0,0.7000000000000001,0,0,0,1.8,,,,,,,,,,,,,,,,,,,,,,,,,,,,,,,,,,,,
11915,2019,5,5,2,15,0.7000000000000001,0,0,0,2,,,,,,,,,,,,,,,,,,,,,,,,,,,,,,,,,,,,
11916,2019,5,5,2,30,0.8,0,0,0,2.1,,,,,,,,,,,,,,,,,,,,,,,,,,,,,,,,,,,,
11917,2019,5,5,2,45,0.8,0,0,0,2.3000000000000003,,,,,,,,,,,,,,,,,,,,,,,,,,,,,,,,,,,,
11918,2019,5,5,3,0,0.9,0,0,0,2.4000000000000004,,,,,,,,,,,,,,,,,,,,,,,,,,,,,,,,,,,,
11919,2019,5,5,3,15,0.8,0,0,0,2.4000000000000004,,,,,,,,,,,,,,,,,,,,,,,,,,,,,,,,,,,,
11920,2019,5,5,3,30,0.7000000000000001,0,0,0,2.3000000000000003,,,,,,,,,,,,,,,,,,,,,,,,,,,,,,,,,,,,
11921,2019,5,5,3,45,0.7000000000000001,0,0,0,2.3000000000000003,,,,,,,,,,,,,,,,,,,,,,,,,,,,,,,,,,,,
11922,2019,5,5,4,0,0.6000000000000001,0,0,0,2.2,,,,,,,,,,,,,,,,,,,,,,,,,,,,,,,,,,,,
11923,2019,5,5,4,15,0.6000000000000001,0,0,0,2.2,,,,,,,,,,,,,,,,,,,,,,,,,,,,,,,,,,,,
11924,2019,5,5,4,30,0.6000000000000001,0,0,0,2.2,,,,,,,,,,,,,,,,,,,,,,,,,,,,,,,,,,,,
11925,2019,5,5,4,45,0.7000000000000001,0,0,0,2.2,,,,,,,,,,,,,,,,,,,,,,,,,,,,,,,,,,,,
11926,2019,5,5,5,0,0.7000000000000001,8,0,8,2.3000000000000003,,,,,,,,,,,,,,,,,,,,,,,,,,,,,,,,,,,,
11927,2019,5,5,5,15,1,17,0,17,2.3000000000000003,,,,,,,,,,,,,,,,,,,,,,,,,,,,,,,,,,,,
11928,2019,5,5,5,30,1.3,28,0,28,2.3000000000000003,,,,,,,,,,,,,,,,,,,,,,,,,,,,,,,,,,,,
11929,2019,5,5,5,45,1.6,46,429,112,2.3000000000000003,,,,,,,,,,,,,,,,,,,,,,,,,,,,,,,,,,,,
11930,2019,5,5,6,0,1.9000000000000001,53,498,149,2.3000000000000003,,,,,,,,,,,,,,,,,,,,,,,,,,,,,,,,,,,,
11931,2019,5,5,6,15,2.5,59,557,188,2.4000000000000004,,,,,,,,,,,,,,,,,,,,,,,,,,,,,,,,,,,,
11932,2019,5,5,6,30,3,65,606,229,2.4000000000000004,,,,,,,,,,,,,,,,,,,,,,,,,,,,,,,,,,,,
11933,2019,5,5,6,45,3.6,68,664,273,2.4000000000000004,,,,,,,,,,,,,,,,,,,,,,,,,,,,,,,,,,,,
11934,2019,5,5,7,0,4.1000000000000005,73,700,315,2.5,,,,,,,,,,,,,,,,,,,,,,,,,,,,,,,,,,,,
11935,2019,5,5,7,15,4.7,77,731,358,2.5,,,,,,,,,,,,,,,,,,,,,,,,,,,,,,,,,,,,
11936,2019,5,5,7,30,5.300000000000001,81,759,400,2.6,,,,,,,,,,,,,,,,,,,,,,,,,,,,,,,,,,,,
11937,2019,5,5,7,45,5.9,81,800,447,2.6,,,,,,,,,,,,,,,,,,,,,,,,,,,,,,,,,,,,
11938,2019,5,5,8,0,6.5,84,821,488,2.7,,,,,,,,,,,,,,,,,,,,,,,,,,,,,,,,,,,,
11939,2019,5,5,8,15,6.9,86,839,528,2.7,,,,,,,,,,,,,,,,,,,,,,,,,,,,,,,,,,,,
11940,2019,5,5,8,30,7.2,89,856,567,2.7,,,,,,,,,,,,,,,,,,,,,,,,,,,,,,,,,,,,
11941,2019,5,5,8,45,7.6000000000000005,91,871,605,2.7,,,,,,,,,,,,,,,,,,,,,,,,,,,,,,,,,,,,
11942,2019,5,5,9,0,7.9,93,884,641,2.8000000000000003,,,,,,,,,,,,,,,,,,,,,,,,,,,,,,,,,,,,
11943,2019,5,5,9,15,8.200000000000001,95,895,674,2.8000000000000003,,,,,,,,,,,,,,,,,,,,,,,,,,,,,,,,,,,,
11944,2019,5,5,9,30,8.5,97,905,706,2.8000000000000003,,,,,,,,,,,,,,,,,,,,,,,,,,,,,,,,,,,,
11945,2019,5,5,9,45,8.8,320,103,392,2.8000000000000003,,,,,,,,,,,,,,,,,,,,,,,,,,,,,,,,,,,,
11946,2019,5,5,10,0,9.1,336,118,421,2.8000000000000003,,,,,,,,,,,,,,,,,,,,,,,,,,,,,,,,,,,,
11947,2019,5,5,10,15,9.4,343,96,414,2.8000000000000003,,,,,,,,,,,,,,,,,,,,,,,,,,,,,,,,,,,,
11948,2019,5,5,10,30,9.700000000000001,358,117,447,2.8000000000000003,,,,,,,,,,,,,,,,,,,,,,,,,,,,,,,,,,,,
11949,2019,5,5,10,45,10,368,120,460,2.8000000000000003,,,,,,,,,,,,,,,,,,,,,,,,,,,,,,,,,,,,
11950,2019,5,5,11,0,10.200000000000001,375,116,466,2.8000000000000003,,,,,,,,,,,,,,,,,,,,,,,,,,,,,,,,,,,,
11951,2019,5,5,11,15,10.4,350,55,393,2.8000000000000003,,,,,,,,,,,,,,,,,,,,,,,,,,,,,,,,,,,,
11952,2019,5,5,11,30,10.600000000000001,363,64,414,2.7,,,,,,,,,,,,,,,,,,,,,,,,,,,,,,,,,,,,
11953,2019,5,5,11,45,10.8,373,305,620,2.7,,,,,,,,,,,,,,,,,,,,,,,,,,,,,,,,,,,,
11954,2019,5,5,12,0,11.100000000000001,395,199,557,2.7,,,,,,,,,,,,,,,,,,,,,,,,,,,,,,,,,,,,
11955,2019,5,5,12,15,11.200000000000001,388,100,469,2.7,,,,,,,,,,,,,,,,,,,,,,,,,,,,,,,,,,,,
11956,2019,5,5,12,30,11.3,385,95,462,2.7,,,,,,,,,,,,,,,,,,,,,,,,,,,,,,,,,,,,
11957,2019,5,5,12,45,11.5,356,55,400,2.7,,,,,,,,,,,,,,,,,,,,,,,,,,,,,,,,,,,,
11958,2019,5,5,13,0,11.600000000000001,381,105,465,2.7,,,,,,,,,,,,,,,,,,,,,,,,,,,,,,,,,,,,
11959,2019,5,5,13,15,11.700000000000001,381,130,484,2.7,,,,,,,,,,,,,,,,,,,,,,,,,,,,,,,,,,,,
11960,2019,5,5,13,30,11.700000000000001,330,45,365,2.7,,,,,,,,,,,,,,,,,,,,,,,,,,,,,,,,,,,,
11961,2019,5,5,13,45,11.8,154,2,156,2.8000000000000003,,,,,,,,,,,,,,,,,,,,,,,,,,,,,,,,,,,,
11962,2019,5,5,14,0,11.9,304,37,331,2.8000000000000003,,,,,,,,,,,,,,,,,,,,,,,,,,,,,,,,,,,,
11963,2019,5,5,14,15,11.8,344,193,485,2.8000000000000003,,,,,,,,,,,,,,,,,,,,,,,,,,,,,,,,,,,,
11964,2019,5,5,14,30,11.8,330,124,418,2.9000000000000004,,,,,,,,,,,,,,,,,,,,,,,,,,,,,,,,,,,,
11965,2019,5,5,14,45,11.8,208,9,214,2.9000000000000004,,,,,,,,,,,,,,,,,,,,,,,,,,,,,,,,,,,,
11966,2019,5,5,15,0,11.700000000000001,160,1,160,3,,,,,,,,,,,,,,,,,,,,,,,,,,,,,,,,,,,,
11967,2019,5,5,15,15,11.600000000000001,234,24,250,3,,,,,,,,,,,,,,,,,,,,,,,,,,,,,,,,,,,,
11968,2019,5,5,15,30,11.5,259,69,300,3,,,,,,,,,,,,,,,,,,,,,,,,,,,,,,,,,,,,
11969,2019,5,5,15,45,11.4,241,64,278,3,,,,,,,,,,,,,,,,,,,,,,,,,,,,,,,,,,,,
11970,2019,5,5,16,0,11.3,194,19,204,3.1,,,,,,,,,,,,,,,,,,,,,,,,,,,,,,,,,,,,
11971,2019,5,5,16,15,11.100000000000001,198,38,217,3,,,,,,,,,,,,,,,,,,,,,,,,,,,,,,,,,,,,
11972,2019,5,5,16,30,10.9,173,23,184,3,,,,,,,,,,,,,,,,,,,,,,,,,,,,,,,,,,,,
11973,2019,5,5,16,45,10.700000000000001,164,31,178,3,,,,,,,,,,,,,,,,,,,,,,,,,,,,,,,,,,,,
11974,2019,5,5,17,0,10.5,150,296,269,3,,,,,,,,,,,,,,,,,,,,,,,,,,,,,,,,,,,,
11975,2019,5,5,17,15,10.200000000000001,126,341,250,2.8000000000000003,,,,,,,,,,,,,,,,,,,,,,,,,,,,,,,,,,,,
11976,2019,5,5,17,30,9.9,102,391,230,2.6,,,,,,,,,,,,,,,,,,,,,,,,,,,,,,,,,,,,
11977,2019,5,5,17,45,9.5,82,0,82,2.4000000000000004,,,,,,,,,,,,,,,,,,,,,,,,,,,,,,,,,,,,
11978,2019,5,5,18,0,9.200000000000001,66,0,66,2.2,,,,,,,,,,,,,,,,,,,,,,,,,,,,,,,,,,,,
11979,2019,5,5,18,15,8.5,51,0,51,2,,,,,,,,,,,,,,,,,,,,,,,,,,,,,,,,,,,,
11980,2019,5,5,18,30,7.9,39,0,39,1.8,,,,,,,,,,,,,,,,,,,,,,,,,,,,,,,,,,,,
11981,2019,5,5,18,45,7.300000000000001,28,0,28,1.7000000000000002,,,,,,,,,,,,,,,,,,,,,,,,,,,,,,,,,,,,
11982,2019,5,5,19,0,6.6000000000000005,18,0,18,1.5,,,,,,,,,,,,,,,,,,,,,,,,,,,,,,,,,,,,
11983,2019,5,5,19,15,6.4,10,0,10,1.6,,,,,,,,,,,,,,,,,,,,,,,,,,,,,,,,,,,,
11984,2019,5,5,19,30,6.1000000000000005,3,32,4,1.7000000000000002,,,,,,,,,,,,,,,,,,,,,,,,,,,,,,,,,,,,
11985,2019,5,5,19,45,5.9,0,0,0,1.8,,,,,,,,,,,,,,,,,,,,,,,,,,,,,,,,,,,,
11986,2019,5,5,20,0,5.7,0,0,0,1.8,,,,,,,,,,,,,,,,,,,,,,,,,,,,,,,,,,,,
11987,2019,5,5,20,15,5.6000000000000005,0,0,0,1.9000000000000001,,,,,,,,,,,,,,,,,,,,,,,,,,,,,,,,,,,,
11988,2019,5,5,20,30,5.4,0,0,0,2,,,,,,,,,,,,,,,,,,,,,,,,,,,,,,,,,,,,
11989,2019,5,5,20,45,5.300000000000001,0,0,0,2.1,,,,,,,,,,,,,,,,,,,,,,,,,,,,,,,,,,,,
11990,2019,5,5,21,0,5.2,0,0,0,2.2,,,,,,,,,,,,,,,,,,,,,,,,,,,,,,,,,,,,
11991,2019,5,5,21,15,5,0,0,0,2.2,,,,,,,,,,,,,,,,,,,,,,,,,,,,,,,,,,,,
11992,2019,5,5,21,30,4.800000000000001,0,0,0,2.2,,,,,,,,,,,,,,,,,,,,,,,,,,,,,,,,,,,,
11993,2019,5,5,21,45,4.7,0,0,0,2.2,,,,,,,,,,,,,,,,,,,,,,,,,,,,,,,,,,,,
11994,2019,5,5,22,0,4.5,0,0,0,2.2,,,,,,,,,,,,,,,,,,,,,,,,,,,,,,,,,,,,
11995,2019,5,5,22,15,4.3,0,0,0,2.1,,,,,,,,,,,,,,,,,,,,,,,,,,,,,,,,,,,,
11996,2019,5,5,22,30,4,0,0,0,2.1,,,,,,,,,,,,,,,,,,,,,,,,,,,,,,,,,,,,
11997,2019,5,5,22,45,3.8000000000000003,0,0,0,2.1,,,,,,,,,,,,,,,,,,,,,,,,,,,,,,,,,,,,
11998,2019,5,5,23,0,3.6,0,0,0,2,,,,,,,,,,,,,,,,,,,,,,,,,,,,,,,,,,,,
11999,2019,5,5,23,15,3.4000000000000004,0,0,0,2,,,,,,,,,,,,,,,,,,,,,,,,,,,,,,,,,,,,
12000,2019,5,5,23,30,3.1,0,0,0,2,,,,,,,,,,,,,,,,,,,,,,,,,,,,,,,,,,,,
12001,2019,5,5,23,45,2.9000000000000004,0,0,0,2,,,,,,,,,,,,,,,,,,,,,,,,,,,,,,,,,,,,
12002,2019,5,6,0,0,2.7,0,0,0,2,,,,,,,,,,,,,,,,,,,,,,,,,,,,,,,,,,,,
12003,2019,5,6,0,15,2.7,0,0,0,2,,,,,,,,,,,,,,,,,,,,,,,,,,,,,,,,,,,,
12004,2019,5,6,0,30,2.7,0,0,0,2,,,,,,,,,,,,,,,,,,,,,,,,,,,,,,,,,,,,
12005,2019,5,6,0,45,2.7,0,0,0,2,,,,,,,,,,,,,,,,,,,,,,,,,,,,,,,,,,,,
12006,2019,5,6,1,0,2,0,0,0,1.9000000000000001,,,,,,,,,,,,,,,,,,,,,,,,,,,,,,,,,,,,
12007,2019,5,6,1,15,1.8,0,0,0,1.9000000000000001,,,,,,,,,,,,,,,,,,,,,,,,,,,,,,,,,,,,
12008,2019,5,6,1,30,1.6,0,0,0,1.9000000000000001,,,,,,,,,,,,,,,,,,,,,,,,,,,,,,,,,,,,
12009,2019,5,6,1,45,1.5,0,0,0,1.8,,,,,,,,,,,,,,,,,,,,,,,,,,,,,,,,,,,,
12010,2019,5,6,2,0,1.3,0,0,0,1.8,,,,,,,,,,,,,,,,,,,,,,,,,,,,,,,,,,,,
12011,2019,5,6,2,15,1.1,0,0,0,1.8,,,,,,,,,,,,,,,,,,,,,,,,,,,,,,,,,,,,
12012,2019,5,6,2,30,1,0,0,0,1.7000000000000002,,,,,,,,,,,,,,,,,,,,,,,,,,,,,,,,,,,,
12013,2019,5,6,2,45,0.8,0,0,0,1.7000000000000002,,,,,,,,,,,,,,,,,,,,,,,,,,,,,,,,,,,,
12014,2019,5,6,3,0,0.6000000000000001,0,0,0,1.7000000000000002,,,,,,,,,,,,,,,,,,,,,,,,,,,,,,,,,,,,
12015,2019,5,6,3,15,0.5,0,0,0,1.6,,,,,,,,,,,,,,,,,,,,,,,,,,,,,,,,,,,,
12016,2019,5,6,3,30,0.30000000000000004,0,0,0,1.6,,,,,,,,,,,,,,,,,,,,,,,,,,,,,,,,,,,,
12017,2019,5,6,3,45,0.2,0,0,0,1.6,,,,,,,,,,,,,,,,,,,,,,,,,,,,,,,,,,,,
12018,2019,5,6,4,0,0.1,0,0,0,1.6,,,,,,,,,,,,,,,,,,,,,,,,,,,,,,,,,,,,
12019,2019,5,6,4,15,0.30000000000000004,0,0,0,1.7000000000000002,,,,,,,,,,,,,,,,,,,,,,,,,,,,,,,,,,,,
12020,2019,5,6,4,30,0.6000000000000001,0,0,0,1.9000000000000001,,,,,,,,,,,,,,,,,,,,,,,,,,,,,,,,,,,,
12021,2019,5,6,4,45,0.9,0,0,0,2.1,,,,,,,,,,,,,,,,,,,,,,,,,,,,,,,,,,,,
12022,2019,5,6,5,0,1.1,19,133,26,2.2,,,,,,,,,,,,,,,,,,,,,,,,,,,,,,,,,,,,
12023,2019,5,6,5,15,1.6,30,240,50,2.4000000000000004,,,,,,,,,,,,,,,,,,,,,,,,,,,,,,,,,,,,
12024,2019,5,6,5,30,2.1,40,336,80,2.6,,,,,,,,,,,,,,,,,,,,,,,,,,,,,,,,,,,,
12025,2019,5,6,5,45,2.6,48,420,115,2.8000000000000003,,,,,,,,,,,,,,,,,,,,,,,,,,,,,,,,,,,,
12026,2019,5,6,6,0,3.1,56,489,152,2.9000000000000004,,,,,,,,,,,,,,,,,,,,,,,,,,,,,,,,,,,,
12027,2019,5,6,6,15,3.9000000000000004,63,547,191,3.1,,,,,,,,,,,,,,,,,,,,,,,,,,,,,,,,,,,,
12028,2019,5,6,6,30,4.6000000000000005,63,0,63,3.2,,,,,,,,,,,,,,,,,,,,,,,,,,,,,,,,,,,,
12029,2019,5,6,6,45,5.300000000000001,77,0,77,3.3000000000000003,,,,,,,,,,,,,,,,,,,,,,,,,,,,,,,,,,,,
12030,2019,5,6,7,0,6,138,80,165,3.4000000000000004,,,,,,,,,,,,,,,,,,,,,,,,,,,,,,,,,,,,
12031,2019,5,6,7,15,6.5,152,218,237,3.6,,,,,,,,,,,,,,,,,,,,,,,,,,,,,,,,,,,,
12032,2019,5,6,7,30,6.9,169,235,268,3.7,,,,,,,,,,,,,,,,,,,,,,,,,,,,,,,,,,,,
12033,2019,5,6,7,45,7.300000000000001,87,775,444,3.8000000000000003,,,,,,,,,,,,,,,,,,,,,,,,,,,,,,,,,,,,
12034,2019,5,6,8,0,7.800000000000001,90,796,485,3.9000000000000004,,,,,,,,,,,,,,,,,,,,,,,,,,,,,,,,,,,,
12035,2019,5,6,8,15,8,93,815,525,4,,,,,,,,,,,,,,,,,,,,,,,,,,,,,,,,,,,,
12036,2019,5,6,8,30,8.3,220,37,241,4,,,,,,,,,,,,,,,,,,,,,,,,,,,,,,,,,,,,
12037,2019,5,6,8,45,8.6,186,7,190,4,,,,,,,,,,,,,,,,,,,,,,,,,,,,,,,,,,,,
12038,2019,5,6,9,0,8.8,277,99,339,4.1000000000000005,,,,,,,,,,,,,,,,,,,,,,,,,,,,,,,,,,,,
12039,2019,5,6,9,15,9,268,46,298,4.1000000000000005,,,,,,,,,,,,,,,,,,,,,,,,,,,,,,,,,,,,
12040,2019,5,6,9,30,9.3,305,90,366,4.1000000000000005,,,,,,,,,,,,,,,,,,,,,,,,,,,,,,,,,,,,
12041,2019,5,6,9,45,9.5,187,5,190,4.1000000000000005,,,,,,,,,,,,,,,,,,,,,,,,,,,,,,,,,,,,
12042,2019,5,6,10,0,9.700000000000001,87,0,87,4.1000000000000005,,,,,,,,,,,,,,,,,,,,,,,,,,,,,,,,,,,,
12043,2019,5,6,10,15,9.9,211,9,217,4.2,,,,,,,,,,,,,,,,,,,,,,,,,,,,,,,,,,,,
12044,2019,5,6,10,30,10.100000000000001,200,7,205,4.2,,,,,,,,,,,,,,,,,,,,,,,,,,,,,,,,,,,,
12045,2019,5,6,10,45,10.3,197,7,202,4.2,,,,,,,,,,,,,,,,,,,,,,,,,,,,,,,,,,,,
12046,2019,5,6,11,0,10.600000000000001,266,16,278,4.2,,,,,,,,,,,,,,,,,,,,,,,,,,,,,,,,,,,,
12047,2019,5,6,11,15,10.700000000000001,292,22,310,4.2,,,,,,,,,,,,,,,,,,,,,,,,,,,,,,,,,,,,
12048,2019,5,6,11,30,10.8,269,16,282,4.1000000000000005,,,,,,,,,,,,,,,,,,,,,,,,,,,,,,,,,,,,
12049,2019,5,6,11,45,11,391,114,483,4.1000000000000005,,,,,,,,,,,,,,,,,,,,,,,,,,,,,,,,,,,,
12050,2019,5,6,12,0,11.100000000000001,390,105,477,4.1000000000000005,,,,,,,,,,,,,,,,,,,,,,,,,,,,,,,,,,,,
12051,2019,5,6,12,15,11.200000000000001,333,35,361,4.1000000000000005,,,,,,,,,,,,,,,,,,,,,,,,,,,,,,,,,,,,
12052,2019,5,6,12,30,11.3,165,4,169,4.1000000000000005,,,,,,,,,,,,,,,,,,,,,,,,,,,,,,,,,,,,
12053,2019,5,6,12,45,11.4,158,3,160,4.1000000000000005,,,,,,,,,,,,,,,,,,,,,,,,,,,,,,,,,,,,
12054,2019,5,6,13,0,11.5,152,2,154,4.1000000000000005,,,,,,,,,,,,,,,,,,,,,,,,,,,,,,,,,,,,
12055,2019,5,6,13,15,11.5,186,6,191,4,,,,,,,,,,,,,,,,,,,,,,,,,,,,,,,,,,,,
12056,2019,5,6,13,30,11.5,178,5,182,4,,,,,,,,,,,,,,,,,,,,,,,,,,,,,,,,,,,,
12057,2019,5,6,13,45,11.5,162,3,164,4,,,,,,,,,,,,,,,,,,,,,,,,,,,,,,,,,,,,
12058,2019,5,6,14,0,11.5,198,7,203,4,,,,,,,,,,,,,,,,,,,,,,,,,,,,,,,,,,,,
12059,2019,5,6,14,15,11.4,323,64,370,3.9000000000000004,,,,,,,,,,,,,,,,,,,,,,,,,,,,,,,,,,,,
12060,2019,5,6,14,30,11.4,328,230,491,3.9000000000000004,,,,,,,,,,,,,,,,,,,,,,,,,,,,,,,,,,,,
12061,2019,5,6,14,45,11.3,292,53,328,3.9000000000000004,,,,,,,,,,,,,,,,,,,,,,,,,,,,,,,,,,,,
12062,2019,5,6,15,0,11.200000000000001,217,12,226,3.8000000000000003,,,,,,,,,,,,,,,,,,,,,,,,,,,,,,,,,,,,
12063,2019,5,6,15,15,11.100000000000001,156,0,156,3.8000000000000003,,,,,,,,,,,,,,,,,,,,,,,,,,,,,,,,,,,,
12064,2019,5,6,15,30,11,97,0,97,3.8000000000000003,,,,,,,,,,,,,,,,,,,,,,,,,,,,,,,,,,,,
12065,2019,5,6,15,45,10.9,160,1,161,3.7,,,,,,,,,,,,,,,,,,,,,,,,,,,,,,,,,,,,
12066,2019,5,6,16,0,10.8,171,6,175,3.7,,,,,,,,,,,,,,,,,,,,,,,,,,,,,,,,,,,,
12067,2019,5,6,16,15,10.600000000000001,132,0,132,3.6,,,,,,,,,,,,,,,,,,,,,,,,,,,,,,,,,,,,
12068,2019,5,6,16,30,10.5,118,0,118,3.5,,,,,,,,,,,,,,,,,,,,,,,,,,,,,,,,,,,,
12069,2019,5,6,16,45,10.3,105,0,105,3.5,,,,,,,,,,,,,,,,,,,,,,,,,,,,,,,,,,,,
12070,2019,5,6,17,0,10.100000000000001,111,0,111,3.4000000000000004,,,,,,,,,,,,,,,,,,,,,,,,,,,,,,,,,,,,
12071,2019,5,6,17,15,9.9,111,0,111,3.2,,,,,,,,,,,,,,,,,,,,,,,,,,,,,,,,,,,,
12072,2019,5,6,17,30,9.600000000000001,127,68,150,2.9000000000000004,,,,,,,,,,,,,,,,,,,,,,,,,,,,,,,,,,,,
12073,2019,5,6,17,45,9.3,110,63,129,2.7,,,,,,,,,,,,,,,,,,,,,,,,,,,,,,,,,,,,
12074,2019,5,6,18,0,9.1,93,47,105,2.4000000000000004,,,,,,,,,,,,,,,,,,,,,,,,,,,,,,,,,,,,
12075,2019,5,6,18,15,8.5,76,30,82,2.1,,,,,,,,,,,,,,,,,,,,,,,,,,,,,,,,,,,,
12076,2019,5,6,18,30,7.9,60,13,62,1.8,,,,,,,,,,,,,,,,,,,,,,,,,,,,,,,,,,,,
12077,2019,5,6,18,45,7.300000000000001,44,0,44,1.6,,,,,,,,,,,,,,,,,,,,,,,,,,,,,,,,,,,,
12078,2019,5,6,19,0,6.7,29,0,29,1.3,,,,,,,,,,,,,,,,,,,,,,,,,,,,,,,,,,,,
12079,2019,5,6,19,15,6.4,16,0,16,1.3,,,,,,,,,,,,,,,,,,,,,,,,,,,,,,,,,,,,
12080,2019,5,6,19,30,6.1000000000000005,6,1,6,1.3,,,,,,,,,,,,,,,,,,,,,,,,,,,,,,,,,,,,
12081,2019,5,6,19,45,5.800000000000001,0,0,0,1.2000000000000002,,,,,,,,,,,,,,,,,,,,,,,,,,,,,,,,,,,,
12082,2019,5,6,20,0,5.5,0,0,0,1.2000000000000002,,,,,,,,,,,,,,,,,,,,,,,,,,,,,,,,,,,,
12083,2019,5,6,20,15,5.4,0,0,0,1.2000000000000002,,,,,,,,,,,,,,,,,,,,,,,,,,,,,,,,,,,,
12084,2019,5,6,20,30,5.300000000000001,0,0,0,1.3,,,,,,,,,,,,,,,,,,,,,,,,,,,,,,,,,,,,
12085,2019,5,6,20,45,5.2,0,0,0,1.3,,,,,,,,,,,,,,,,,,,,,,,,,,,,,,,,,,,,
12086,2019,5,6,21,0,5.1000000000000005,0,0,0,1.3,,,,,,,,,,,,,,,,,,,,,,,,,,,,,,,,,,,,
12087,2019,5,6,21,15,5,0,0,0,1.3,,,,,,,,,,,,,,,,,,,,,,,,,,,,,,,,,,,,
12088,2019,5,6,21,30,4.9,0,0,0,1.3,,,,,,,,,,,,,,,,,,,,,,,,,,,,,,,,,,,,
12089,2019,5,6,21,45,4.9,0,0,0,1.3,,,,,,,,,,,,,,,,,,,,,,,,,,,,,,,,,,,,
12090,2019,5,6,22,0,4.800000000000001,0,0,0,1.3,,,,,,,,,,,,,,,,,,,,,,,,,,,,,,,,,,,,
12091,2019,5,6,22,15,4.7,0,0,0,1.3,,,,,,,,,,,,,,,,,,,,,,,,,,,,,,,,,,,,
12092,2019,5,6,22,30,4.7,0,0,0,1.4000000000000001,,,,,,,,,,,,,,,,,,,,,,,,,,,,,,,,,,,,
12093,2019,5,6,22,45,4.6000000000000005,0,0,0,1.4000000000000001,,,,,,,,,,,,,,,,,,,,,,,,,,,,,,,,,,,,
12094,2019,5,6,23,0,4.6000000000000005,0,0,0,1.4000000000000001,,,,,,,,,,,,,,,,,,,,,,,,,,,,,,,,,,,,
12095,2019,5,6,23,15,4.6000000000000005,0,0,0,1.4000000000000001,,,,,,,,,,,,,,,,,,,,,,,,,,,,,,,,,,,,
12096,2019,5,6,23,30,4.5,0,0,0,1.5,,,,,,,,,,,,,,,,,,,,,,,,,,,,,,,,,,,,
12097,2019,5,6,23,45,4.5,0,0,0,1.5,,,,,,,,,,,,,,,,,,,,,,,,,,,,,,,,,,,,
12098,2019,5,7,0,0,4.5,0,0,0,1.5,,,,,,,,,,,,,,,,,,,,,,,,,,,,,,,,,,,,
12099,2019,5,7,0,15,4.5,0,0,0,1.5,,,,,,,,,,,,,,,,,,,,,,,,,,,,,,,,,,,,
12100,2019,5,7,0,30,4.5,0,0,0,1.5,,,,,,,,,,,,,,,,,,,,,,,,,,,,,,,,,,,,
12101,2019,5,7,0,45,4.5,0,0,0,1.5,,,,,,,,,,,,,,,,,,,,,,,,,,,,,,,,,,,,
12102,2019,5,7,1,0,4.5,0,0,0,1.8,,,,,,,,,,,,,,,,,,,,,,,,,,,,,,,,,,,,
12103,2019,5,7,1,15,4.5,0,0,0,1.8,,,,,,,,,,,,,,,,,,,,,,,,,,,,,,,,,,,,
12104,2019,5,7,1,30,4.5,0,0,0,1.9000000000000001,,,,,,,,,,,,,,,,,,,,,,,,,,,,,,,,,,,,
12105,2019,5,7,1,45,4.5,0,0,0,1.9000000000000001,,,,,,,,,,,,,,,,,,,,,,,,,,,,,,,,,,,,
12106,2019,5,7,2,0,4.5,0,0,0,2,,,,,,,,,,,,,,,,,,,,,,,,,,,,,,,,,,,,
12107,2019,5,7,2,15,4.4,0,0,0,1.9000000000000001,,,,,,,,,,,,,,,,,,,,,,,,,,,,,,,,,,,,
12108,2019,5,7,2,30,4.4,0,0,0,1.9000000000000001,,,,,,,,,,,,,,,,,,,,,,,,,,,,,,,,,,,,
12109,2019,5,7,2,45,4.3,0,0,0,1.9000000000000001,,,,,,,,,,,,,,,,,,,,,,,,,,,,,,,,,,,,
12110,2019,5,7,3,0,4.3,0,0,0,1.8,,,,,,,,,,,,,,,,,,,,,,,,,,,,,,,,,,,,
12111,2019,5,7,3,15,4.2,0,0,0,1.8,,,,,,,,,,,,,,,,,,,,,,,,,,,,,,,,,,,,
12112,2019,5,7,3,30,4.1000000000000005,0,0,0,1.8,,,,,,,,,,,,,,,,,,,,,,,,,,,,,,,,,,,,
12113,2019,5,7,3,45,4.1000000000000005,0,0,0,1.8,,,,,,,,,,,,,,,,,,,,,,,,,,,,,,,,,,,,
12114,2019,5,7,4,0,4,0,0,0,1.9000000000000001,,,,,,,,,,,,,,,,,,,,,,,,,,,,,,,,,,,,
12115,2019,5,7,4,15,4,0,0,0,1.9000000000000001,,,,,,,,,,,,,,,,,,,,,,,,,,,,,,,,,,,,
12116,2019,5,7,4,30,4.1000000000000005,0,0,0,1.9000000000000001,,,,,,,,,,,,,,,,,,,,,,,,,,,,,,,,,,,,
12117,2019,5,7,4,45,4.2,0,0,0,2,,,,,,,,,,,,,,,,,,,,,,,,,,,,,,,,,,,,
12118,2019,5,7,5,0,4.2,8,0,8,2,,,,,,,,,,,,,,,,,,,,,,,,,,,,,,,,,,,,
12119,2019,5,7,5,15,4.3,14,0,14,2.1,,,,,,,,,,,,,,,,,,,,,,,,,,,,,,,,,,,,
12120,2019,5,7,5,30,4.5,21,0,21,2.1,,,,,,,,,,,,,,,,,,,,,,,,,,,,,,,,,,,,
12121,2019,5,7,5,45,4.6000000000000005,30,0,30,2.1,,,,,,,,,,,,,,,,,,,,,,,,,,,,,,,,,,,,
12122,2019,5,7,6,0,4.7,41,0,41,2.2,,,,,,,,,,,,,,,,,,,,,,,,,,,,,,,,,,,,
12123,2019,5,7,6,15,4.9,52,0,52,2.2,,,,,,,,,,,,,,,,,,,,,,,,,,,,,,,,,,,,
12124,2019,5,7,6,30,5.2,65,0,65,2.2,,,,,,,,,,,,,,,,,,,,,,,,,,,,,,,,,,,,
12125,2019,5,7,6,45,5.5,80,0,80,2.2,,,,,,,,,,,,,,,,,,,,,,,,,,,,,,,,,,,,
12126,2019,5,7,7,0,5.7,95,0,95,2.2,,,,,,,,,,,,,,,,,,,,,,,,,,,,,,,,,,,,
12127,2019,5,7,7,15,6.1000000000000005,111,0,111,2.2,,,,,,,,,,,,,,,,,,,,,,,,,,,,,,,,,,,,
12128,2019,5,7,7,30,6.4,162,34,177,2.2,,,,,,,,,,,,,,,,,,,,,,,,,,,,,,,,,,,,
12129,2019,5,7,7,45,6.800000000000001,104,714,435,2.2,,,,,,,,,,,,,,,,,,,,,,,,,,,,,,,,,,,,
12130,2019,5,7,8,0,7.1000000000000005,173,14,180,2.2,,,,,,,,,,,,,,,,,,,,,,,,,,,,,,,,,,,,
12131,2019,5,7,8,15,7.5,218,56,248,2.2,,,,,,,,,,,,,,,,,,,,,,,,,,,,,,,,,,,,
12132,2019,5,7,8,30,7.800000000000001,243,233,375,2.1,,,,,,,,,,,,,,,,,,,,,,,,,,,,,,,,,,,,
12133,2019,5,7,8,45,8.200000000000001,264,206,387,2.1,,,,,,,,,,,,,,,,,,,,,,,,,,,,,,,,,,,,
12134,2019,5,7,9,0,8.5,282,190,402,2,,,,,,,,,,,,,,,,,,,,,,,,,,,,,,,,,,,,
12135,2019,5,7,9,15,8.8,297,205,431,2,,,,,,,,,,,,,,,,,,,,,,,,,,,,,,,,,,,,
12136,2019,5,7,9,30,9.1,309,231,466,2,,,,,,,,,,,,,,,,,,,,,,,,,,,,,,,,,,,,
12137,2019,5,7,9,45,9.4,325,223,481,2,,,,,,,,,,,,,,,,,,,,,,,,,,,,,,,,,,,,
12138,2019,5,7,10,0,9.700000000000001,330,267,524,2,,,,,,,,,,,,,,,,,,,,,,,,,,,,,,,,,,,,
12139,2019,5,7,10,15,9.9,335,296,556,2,,,,,,,,,,,,,,,,,,,,,,,,,,,,,,,,,,,,
12140,2019,5,7,10,30,10.100000000000001,334,339,593,2,,,,,,,,,,,,,,,,,,,,,,,,,,,,,,,,,,,,
12141,2019,5,7,10,45,10.4,343,340,608,2.1,,,,,,,,,,,,,,,,,,,,,,,,,,,,,,,,,,,,
12142,2019,5,7,11,0,10.600000000000001,355,325,613,2.1,,,,,,,,,,,,,,,,,,,,,,,,,,,,,,,,,,,,
12143,2019,5,7,11,15,10.8,385,216,559,2.1,,,,,,,,,,,,,,,,,,,,,,,,,,,,,,,,,,,,
12144,2019,5,7,11,30,10.9,394,166,528,2.2,,,,,,,,,,,,,,,,,,,,,,,,,,,,,,,,,,,,
12145,2019,5,7,11,45,11.100000000000001,396,194,555,2.2,,,,,,,,,,,,,,,,,,,,,,,,,,,,,,,,,,,,
12146,2019,5,7,12,0,11.200000000000001,394,112,485,2.2,,,,,,,,,,,,,,,,,,,,,,,,,,,,,,,,,,,,
12147,2019,5,7,12,15,11.3,355,49,395,2.2,,,,,,,,,,,,,,,,,,,,,,,,,,,,,,,,,,,,
12148,2019,5,7,12,30,11.4,277,17,291,2.3000000000000003,,,,,,,,,,,,,,,,,,,,,,,,,,,,,,,,,,,,
12149,2019,5,7,12,45,11.5,282,18,297,2.3000000000000003,,,,,,,,,,,,,,,,,,,,,,,,,,,,,,,,,,,,
12150,2019,5,7,13,0,11.600000000000001,212,9,219,2.3000000000000003,,,,,,,,,,,,,,,,,,,,,,,,,,,,,,,,,,,,
12151,2019,5,7,13,15,11.700000000000001,136,0,136,2.3000000000000003,,,,,,,,,,,,,,,,,,,,,,,,,,,,,,,,,,,,
12152,2019,5,7,13,30,11.8,173,4,176,2.2,,,,,,,,,,,,,,,,,,,,,,,,,,,,,,,,,,,,
12153,2019,5,7,13,45,11.9,351,76,410,2.2,,,,,,,,,,,,,,,,,,,,,,,,,,,,,,,,,,,,
12154,2019,5,7,14,0,11.9,359,172,489,2.2,,,,,,,,,,,,,,,,,,,,,,,,,,,,,,,,,,,,
12155,2019,5,7,14,15,12,344,113,427,2.1,,,,,,,,,,,,,,,,,,,,,,,,,,,,,,,,,,,,
12156,2019,5,7,14,30,12,223,11,231,2.1,,,,,,,,,,,,,,,,,,,,,,,,,,,,,,,,,,,,
12157,2019,5,7,14,45,12,228,14,238,2,,,,,,,,,,,,,,,,,,,,,,,,,,,,,,,,,,,,
12158,2019,5,7,15,0,12,228,16,239,2,,,,,,,,,,,,,,,,,,,,,,,,,,,,,,,,,,,,
12159,2019,5,7,15,15,11.9,250,33,271,1.9000000000000001,,,,,,,,,,,,,,,,,,,,,,,,,,,,,,,,,,,,
12160,2019,5,7,15,30,11.9,231,28,248,1.8,,,,,,,,,,,,,,,,,,,,,,,,,,,,,,,,,,,,
12161,2019,5,7,15,45,11.8,224,32,242,1.8,,,,,,,,,,,,,,,,,,,,,,,,,,,,,,,,,,,,
12162,2019,5,7,16,0,11.700000000000001,240,165,330,1.7000000000000002,,,,,,,,,,,,,,,,,,,,,,,,,,,,,,,,,,,,
12163,2019,5,7,16,15,11.600000000000001,210,272,350,1.6,,,,,,,,,,,,,,,,,,,,,,,,,,,,,,,,,,,,
12164,2019,5,7,16,30,11.4,196,67,228,1.5,,,,,,,,,,,,,,,,,,,,,,,,,,,,,,,,,,,,
12165,2019,5,7,16,45,11.3,170,36,186,1.4000000000000001,,,,,,,,,,,,,,,,,,,,,,,,,,,,,,,,,,,,
12166,2019,5,7,17,0,11.200000000000001,92,0,92,1.4000000000000001,,,,,,,,,,,,,,,,,,,,,,,,,,,,,,,,,,,,
12167,2019,5,7,17,15,10.9,32,0,32,1.2000000000000002,,,,,,,,,,,,,,,,,,,,,,,,,,,,,,,,,,,,
12168,2019,5,7,17,30,10.700000000000001,36,0,36,1,,,,,,,,,,,,,,,,,,,,,,,,,,,,,,,,,,,,
12169,2019,5,7,17,45,10.5,23,0,23,0.8,,,,,,,,,,,,,,,,,,,,,,,,,,,,,,,,,,,,
12170,2019,5,7,18,0,10.200000000000001,19,0,19,0.7000000000000001,,,,,,,,,,,,,,,,,,,,,,,,,,,,,,,,,,,,
12171,2019,5,7,18,15,9.8,15,0,15,0.6000000000000001,,,,,,,,,,,,,,,,,,,,,,,,,,,,,,,,,,,,
12172,2019,5,7,18,30,9.5,12,0,12,0.6000000000000001,,,,,,,,,,,,,,,,,,,,,,,,,,,,,,,,,,,,
12173,2019,5,7,18,45,9.1,9,0,9,0.6000000000000001,,,,,,,,,,,,,,,,,,,,,,,,,,,,,,,,,,,,
12174,2019,5,7,19,0,8.700000000000001,6,0,6,0.6000000000000001,,,,,,,,,,,,,,,,,,,,,,,,,,,,,,,,,,,,
12175,2019,5,7,19,15,8.3,4,0,4,0.7000000000000001,,,,,,,,,,,,,,,,,,,,,,,,,,,,,,,,,,,,
12176,2019,5,7,19,30,8,2,0,2,0.7000000000000001,,,,,,,,,,,,,,,,,,,,,,,,,,,,,,,,,,,,
12177,2019,5,7,19,45,7.7,0,0,0,0.8,,,,,,,,,,,,,,,,,,,,,,,,,,,,,,,,,,,,
12178,2019,5,7,20,0,7.300000000000001,0,0,0,0.9,,,,,,,,,,,,,,,,,,,,,,,,,,,,,,,,,,,,
12179,2019,5,7,20,15,7,0,0,0,0.9,,,,,,,,,,,,,,,,,,,,,,,,,,,,,,,,,,,,
12180,2019,5,7,20,30,6.800000000000001,0,0,0,0.9,,,,,,,,,,,,,,,,,,,,,,,,,,,,,,,,,,,,
12181,2019,5,7,20,45,6.5,0,0,0,0.9,,,,,,,,,,,,,,,,,,,,,,,,,,,,,,,,,,,,
12182,2019,5,7,21,0,6.300000000000001,0,0,0,0.9,,,,,,,,,,,,,,,,,,,,,,,,,,,,,,,,,,,,
12183,2019,5,7,21,15,6,0,0,0,1,,,,,,,,,,,,,,,,,,,,,,,,,,,,,,,,,,,,
12184,2019,5,7,21,30,5.800000000000001,0,0,0,1,,,,,,,,,,,,,,,,,,,,,,,,,,,,,,,,,,,,
12185,2019,5,7,21,45,5.5,0,0,0,1,,,,,,,,,,,,,,,,,,,,,,,,,,,,,,,,,,,,
12186,2019,5,7,22,0,5.300000000000001,0,0,0,1.1,,,,,,,,,,,,,,,,,,,,,,,,,,,,,,,,,,,,
12187,2019,5,7,22,15,5.1000000000000005,0,0,0,1.1,,,,,,,,,,,,,,,,,,,,,,,,,,,,,,,,,,,,
12188,2019,5,7,22,30,4.9,0,0,0,1.2000000000000002,,,,,,,,,,,,,,,,,,,,,,,,,,,,,,,,,,,,
12189,2019,5,7,22,45,4.7,0,0,0,1.2000000000000002,,,,,,,,,,,,,,,,,,,,,,,,,,,,,,,,,,,,
12190,2019,5,7,23,0,4.5,0,0,0,1.3,,,,,,,,,,,,,,,,,,,,,,,,,,,,,,,,,,,,
12191,2019,5,7,23,15,4.3,0,0,0,1.3,,,,,,,,,,,,,,,,,,,,,,,,,,,,,,,,,,,,
12192,2019,5,7,23,30,4.2,0,0,0,1.3,,,,,,,,,,,,,,,,,,,,,,,,,,,,,,,,,,,,
12193,2019,5,7,23,45,4.1000000000000005,0,0,0,1.4000000000000001,,,,,,,,,,,,,,,,,,,,,,,,,,,,,,,,,,,,
12194,2019,5,8,0,0,3.9000000000000004,0,0,0,1.4000000000000001,,,,,,,,,,,,,,,,,,,,,,,,,,,,,,,,,,,,
12195,2019,5,8,0,15,3.9000000000000004,0,0,0,1.4000000000000001,,,,,,,,,,,,,,,,,,,,,,,,,,,,,,,,,,,,
12196,2019,5,8,0,30,3.9000000000000004,0,0,0,1.4000000000000001,,,,,,,,,,,,,,,,,,,,,,,,,,,,,,,,,,,,
12197,2019,5,8,0,45,3.9000000000000004,0,0,0,1.4000000000000001,,,,,,,,,,,,,,,,,,,,,,,,,,,,,,,,,,,,
12198,2019,5,8,1,0,3.4000000000000004,0,0,0,1.5,,,,,,,,,,,,,,,,,,,,,,,,,,,,,,,,,,,,
12199,2019,5,8,1,15,3.3000000000000003,0,0,0,1.5,,,,,,,,,,,,,,,,,,,,,,,,,,,,,,,,,,,,
12200,2019,5,8,1,30,3.2,0,0,0,1.5,,,,,,,,,,,,,,,,,,,,,,,,,,,,,,,,,,,,
12201,2019,5,8,1,45,3,0,0,0,1.5,,,,,,,,,,,,,,,,,,,,,,,,,,,,,,,,,,,,
12202,2019,5,8,2,0,2.9000000000000004,0,0,0,1.4000000000000001,,,,,,,,,,,,,,,,,,,,,,,,,,,,,,,,,,,,
12203,2019,5,8,2,15,2.8000000000000003,0,0,0,1.4000000000000001,,,,,,,,,,,,,,,,,,,,,,,,,,,,,,,,,,,,
12204,2019,5,8,2,30,2.7,0,0,0,1.4000000000000001,,,,,,,,,,,,,,,,,,,,,,,,,,,,,,,,,,,,
12205,2019,5,8,2,45,2.6,0,0,0,1.4000000000000001,,,,,,,,,,,,,,,,,,,,,,,,,,,,,,,,,,,,
12206,2019,5,8,3,0,2.5,0,0,0,1.4000000000000001,,,,,,,,,,,,,,,,,,,,,,,,,,,,,,,,,,,,
12207,2019,5,8,3,15,2.5,0,0,0,1.4000000000000001,,,,,,,,,,,,,,,,,,,,,,,,,,,,,,,,,,,,
12208,2019,5,8,3,30,2.5,0,0,0,1.4000000000000001,,,,,,,,,,,,,,,,,,,,,,,,,,,,,,,,,,,,
12209,2019,5,8,3,45,2.5,0,0,0,1.5,,,,,,,,,,,,,,,,,,,,,,,,,,,,,,,,,,,,
12210,2019,5,8,4,0,2.5,0,0,0,1.5,,,,,,,,,,,,,,,,,,,,,,,,,,,,,,,,,,,,
12211,2019,5,8,4,15,2.8000000000000003,0,0,0,1.6,,,,,,,,,,,,,,,,,,,,,,,,,,,,,,,,,,,,
12212,2019,5,8,4,30,3.1,0,0,0,1.6,,,,,,,,,,,,,,,,,,,,,,,,,,,,,,,,,,,,
12213,2019,5,8,4,45,3.4000000000000004,9,29,10,1.7000000000000002,,,,,,,,,,,,,,,,,,,,,,,,,,,,,,,,,,,,
12214,2019,5,8,5,0,3.6,10,0,10,1.8,,,,,,,,,,,,,,,,,,,,,,,,,,,,,,,,,,,,
12215,2019,5,8,5,15,4.1000000000000005,19,0,19,2,,,,,,,,,,,,,,,,,,,,,,,,,,,,,,,,,,,,
12216,2019,5,8,5,30,4.6000000000000005,30,0,30,2.2,,,,,,,,,,,,,,,,,,,,,,,,,,,,,,,,,,,,
12217,2019,5,8,5,45,5.1000000000000005,42,0,42,2.4000000000000004,,,,,,,,,,,,,,,,,,,,,,,,,,,,,,,,,,,,
12218,2019,5,8,6,0,5.6000000000000005,57,0,57,2.6,,,,,,,,,,,,,,,,,,,,,,,,,,,,,,,,,,,,
12219,2019,5,8,6,15,6.1000000000000005,50,0,50,2.6,,,,,,,,,,,,,,,,,,,,,,,,,,,,,,,,,,,,
12220,2019,5,8,6,30,6.6000000000000005,61,0,61,2.6,,,,,,,,,,,,,,,,,,,,,,,,,,,,,,,,,,,,
12221,2019,5,8,6,45,7.1000000000000005,105,0,105,2.6,,,,,,,,,,,,,,,,,,,,,,,,,,,,,,,,,,,,
12222,2019,5,8,7,0,7.7,142,95,176,2.6,,,,,,,,,,,,,,,,,,,,,,,,,,,,,,,,,,,,
12223,2019,5,8,7,15,8.4,143,22,152,2.8000000000000003,,,,,,,,,,,,,,,,,,,,,,,,,,,,,,,,,,,,
12224,2019,5,8,7,30,9.1,179,147,242,3,,,,,,,,,,,,,,,,,,,,,,,,,,,,,,,,,,,,
12225,2019,5,8,7,45,9.8,192,71,225,3.2,,,,,,,,,,,,,,,,,,,,,,,,,,,,,,,,,,,,
12226,2019,5,8,8,0,10.5,212,86,255,3.5,,,,,,,,,,,,,,,,,,,,,,,,,,,,,,,,,,,,
12227,2019,5,8,8,15,10.9,232,200,339,3.6,,,,,,,,,,,,,,,,,,,,,,,,,,,,,,,,,,,,
12228,2019,5,8,8,30,11.3,247,227,376,3.7,,,,,,,,,,,,,,,,,,,,,,,,,,,,,,,,,,,,
12229,2019,5,8,8,45,11.700000000000001,258,266,418,3.9000000000000004,,,,,,,,,,,,,,,,,,,,,,,,,,,,,,,,,,,,
12230,2019,5,8,9,0,12.100000000000001,277,252,436,4,,,,,,,,,,,,,,,,,,,,,,,,,,,,,,,,,,,,
12231,2019,5,8,9,15,12.200000000000001,298,221,443,4.1000000000000005,,,,,,,,,,,,,,,,,,,,,,,,,,,,,,,,,,,,
12232,2019,5,8,9,30,12.3,311,233,471,4.1000000000000005,,,,,,,,,,,,,,,,,,,,,,,,,,,,,,,,,,,,
12233,2019,5,8,9,45,12.4,323,91,387,4.1000000000000005,,,,,,,,,,,,,,,,,,,,,,,,,,,,,,,,,,,,
12234,2019,5,8,10,0,12.600000000000001,342,211,496,4.1000000000000005,,,,,,,,,,,,,,,,,,,,,,,,,,,,,,,,,,,,
12235,2019,5,8,10,15,12.700000000000001,353,116,440,4.2,,,,,,,,,,,,,,,,,,,,,,,,,,,,,,,,,,,,
12236,2019,5,8,10,30,12.9,368,146,479,4.3,,,,,,,,,,,,,,,,,,,,,,,,,,,,,,,,,,,,
12237,2019,5,8,10,45,13,303,445,651,4.4,,,,,,,,,,,,,,,,,,,,,,,,,,,,,,,,,,,,
12238,2019,5,8,11,0,13.100000000000001,351,350,628,4.5,,,,,,,,,,,,,,,,,,,,,,,,,,,,,,,,,,,,
12239,2019,5,8,11,15,13.5,353,53,396,4.6000000000000005,,,,,,,,,,,,,,,,,,,,,,,,,,,,,,,,,,,,
12240,2019,5,8,11,30,13.8,306,25,326,4.7,,,,,,,,,,,,,,,,,,,,,,,,,,,,,,,,,,,,
12241,2019,5,8,11,45,14.100000000000001,272,16,285,4.9,,,,,,,,,,,,,,,,,,,,,,,,,,,,,,,,,,,,
12242,2019,5,8,12,0,14.5,118,0,118,5,,,,,,,,,,,,,,,,,,,,,,,,,,,,,,,,,,,,
12243,2019,5,8,12,15,14.700000000000001,101,0,101,5.1000000000000005,,,,,,,,,,,,,,,,,,,,,,,,,,,,,,,,,,,,
12244,2019,5,8,12,30,15,135,0,135,5.2,,,,,,,,,,,,,,,,,,,,,,,,,,,,,,,,,,,,
12245,2019,5,8,12,45,15.200000000000001,214,9,222,5.300000000000001,,,,,,,,,,,,,,,,,,,,,,,,,,,,,,,,,,,,
12246,2019,5,8,13,0,15.4,134,0,134,5.300000000000001,,,,,,,,,,,,,,,,,,,,,,,,,,,,,,,,,,,,
12247,2019,5,8,13,15,15.3,183,6,188,5.300000000000001,,,,,,,,,,,,,,,,,,,,,,,,,,,,,,,,,,,,
12248,2019,5,8,13,30,15.200000000000001,135,0,135,5.2,,,,,,,,,,,,,,,,,,,,,,,,,,,,,,,,,,,,
12249,2019,5,8,13,45,15.200000000000001,119,0,119,5.2,,,,,,,,,,,,,,,,,,,,,,,,,,,,,,,,,,,,
12250,2019,5,8,14,0,15.100000000000001,156,2,157,5.1000000000000005,,,,,,,,,,,,,,,,,,,,,,,,,,,,,,,,,,,,
12251,2019,5,8,14,15,14.8,183,5,187,4.9,,,,,,,,,,,,,,,,,,,,,,,,,,,,,,,,,,,,
12252,2019,5,8,14,30,14.4,77,0,77,4.7,,,,,,,,,,,,,,,,,,,,,,,,,,,,,,,,,,,,
12253,2019,5,8,14,45,14.100000000000001,103,0,103,4.6000000000000005,,,,,,,,,,,,,,,,,,,,,,,,,,,,,,,,,,,,
12254,2019,5,8,15,0,13.8,111,0,111,4.4,,,,,,,,,,,,,,,,,,,,,,,,,,,,,,,,,,,,
12255,2019,5,8,15,15,13.600000000000001,41,0,41,4.3,,,,,,,,,,,,,,,,,,,,,,,,,,,,,,,,,,,,
12256,2019,5,8,15,30,13.4,45,0,45,4.2,,,,,,,,,,,,,,,,,,,,,,,,,,,,,,,,,,,,
12257,2019,5,8,15,45,13.200000000000001,100,0,100,4,,,,,,,,,,,,,,,,,,,,,,,,,,,,,,,,,,,,
12258,2019,5,8,16,0,13,29,0,29,3.9000000000000004,,,,,,,,,,,,,,,,,,,,,,,,,,,,,,,,,,,,
12259,2019,5,8,16,15,12.8,150,0,150,3.9000000000000004,,,,,,,,,,,,,,,,,,,,,,,,,,,,,,,,,,,,
12260,2019,5,8,16,30,12.600000000000001,130,0,130,3.8000000000000003,,,,,,,,,,,,,,,,,,,,,,,,,,,,,,,,,,,,
12261,2019,5,8,16,45,12.5,20,0,20,3.8000000000000003,,,,,,,,,,,,,,,,,,,,,,,,,,,,,,,,,,,,
12262,2019,5,8,17,0,12.3,148,21,157,3.7,,,,,,,,,,,,,,,,,,,,,,,,,,,,,,,,,,,,
12263,2019,5,8,17,15,12.100000000000001,121,0,121,3.7,,,,,,,,,,,,,,,,,,,,,,,,,,,,,,,,,,,,
12264,2019,5,8,17,30,11.9,133,118,173,3.6,,,,,,,,,,,,,,,,,,,,,,,,,,,,,,,,,,,,
12265,2019,5,8,17,45,11.700000000000001,53,0,53,3.6,,,,,,,,,,,,,,,,,,,,,,,,,,,,,,,,,,,,
12266,2019,5,8,18,0,11.5,44,0,44,3.6,,,,,,,,,,,,,,,,,,,,,,,,,,,,,,,,,,,,
12267,2019,5,8,18,15,11.3,66,0,66,3.5,,,,,,,,,,,,,,,,,,,,,,,,,,,,,,,,,,,,
12268,2019,5,8,18,30,11.100000000000001,50,0,50,3.5,,,,,,,,,,,,,,,,,,,,,,,,,,,,,,,,,,,,
12269,2019,5,8,18,45,10.8,36,0,36,3.4000000000000004,,,,,,,,,,,,,,,,,,,,,,,,,,,,,,,,,,,,
12270,2019,5,8,19,0,10.600000000000001,17,0,17,3.3000000000000003,,,,,,,,,,,,,,,,,,,,,,,,,,,,,,,,,,,,
12271,2019,5,8,19,15,10.4,11,0,11,3.3000000000000003,,,,,,,,,,,,,,,,,,,,,,,,,,,,,,,,,,,,
12272,2019,5,8,19,30,10.3,6,0,6,3.2,,,,,,,,,,,,,,,,,,,,,,,,,,,,,,,,,,,,
12273,2019,5,8,19,45,10.100000000000001,0,0,0,3.2,,,,,,,,,,,,,,,,,,,,,,,,,,,,,,,,,,,,
12274,2019,5,8,20,0,10,0,0,0,3.1,,,,,,,,,,,,,,,,,,,,,,,,,,,,,,,,,,,,
12275,2019,5,8,20,15,9.9,0,0,0,3.2,,,,,,,,,,,,,,,,,,,,,,,,,,,,,,,,,,,,
12276,2019,5,8,20,30,9.9,0,0,0,3.3000000000000003,,,,,,,,,,,,,,,,,,,,,,,,,,,,,,,,,,,,
12277,2019,5,8,20,45,9.8,0,0,0,3.3000000000000003,,,,,,,,,,,,,,,,,,,,,,,,,,,,,,,,,,,,
12278,2019,5,8,21,0,9.8,0,0,0,3.4000000000000004,,,,,,,,,,,,,,,,,,,,,,,,,,,,,,,,,,,,
12279,2019,5,8,21,15,9.700000000000001,0,0,0,3.3000000000000003,,,,,,,,,,,,,,,,,,,,,,,,,,,,,,,,,,,,
12280,2019,5,8,21,30,9.600000000000001,0,0,0,3.3000000000000003,,,,,,,,,,,,,,,,,,,,,,,,,,,,,,,,,,,,
12281,2019,5,8,21,45,9.600000000000001,0,0,0,3.3000000000000003,,,,,,,,,,,,,,,,,,,,,,,,,,,,,,,,,,,,
12282,2019,5,8,22,0,9.5,0,0,0,3.3000000000000003,,,,,,,,,,,,,,,,,,,,,,,,,,,,,,,,,,,,
12283,2019,5,8,22,15,9.5,0,0,0,3.2,,,,,,,,,,,,,,,,,,,,,,,,,,,,,,,,,,,,
12284,2019,5,8,22,30,9.4,0,0,0,3.1,,,,,,,,,,,,,,,,,,,,,,,,,,,,,,,,,,,,
12285,2019,5,8,22,45,9.4,0,0,0,3.1,,,,,,,,,,,,,,,,,,,,,,,,,,,,,,,,,,,,
12286,2019,5,8,23,0,9.3,0,0,0,3,,,,,,,,,,,,,,,,,,,,,,,,,,,,,,,,,,,,
12287,2019,5,8,23,15,9.3,0,0,0,2.9000000000000004,,,,,,,,,,,,,,,,,,,,,,,,,,,,,,,,,,,,
12288,2019,5,8,23,30,9.200000000000001,0,0,0,2.9000000000000004,,,,,,,,,,,,,,,,,,,,,,,,,,,,,,,,,,,,
12289,2019,5,8,23,45,9.200000000000001,0,0,0,2.8000000000000003,,,,,,,,,,,,,,,,,,,,,,,,,,,,,,,,,,,,
12290,2019,5,9,0,0,9.1,0,0,0,2.7,,,,,,,,,,,,,,,,,,,,,,,,,,,,,,,,,,,,
12291,2019,5,9,0,15,9.1,0,0,0,2.7,,,,,,,,,,,,,,,,,,,,,,,,,,,,,,,,,,,,
12292,2019,5,9,0,30,9.1,0,0,0,2.7,,,,,,,,,,,,,,,,,,,,,,,,,,,,,,,,,,,,
12293,2019,5,9,0,45,9.1,0,0,0,2.7,,,,,,,,,,,,,,,,,,,,,,,,,,,,,,,,,,,,
12294,2019,5,9,1,0,8.9,0,0,0,2.4000000000000004,,,,,,,,,,,,,,,,,,,,,,,,,,,,,,,,,,,,
12295,2019,5,9,1,15,8.8,0,0,0,2.4000000000000004,,,,,,,,,,,,,,,,,,,,,,,,,,,,,,,,,,,,
12296,2019,5,9,1,30,8.8,0,0,0,2.5,,,,,,,,,,,,,,,,,,,,,,,,,,,,,,,,,,,,
12297,2019,5,9,1,45,8.8,0,0,0,2.5,,,,,,,,,,,,,,,,,,,,,,,,,,,,,,,,,,,,
12298,2019,5,9,2,0,8.700000000000001,0,0,0,2.6,,,,,,,,,,,,,,,,,,,,,,,,,,,,,,,,,,,,
12299,2019,5,9,2,15,8.700000000000001,0,0,0,2.6,,,,,,,,,,,,,,,,,,,,,,,,,,,,,,,,,,,,
12300,2019,5,9,2,30,8.700000000000001,0,0,0,2.6,,,,,,,,,,,,,,,,,,,,,,,,,,,,,,,,,,,,
12301,2019,5,9,2,45,8.6,0,0,0,2.6,,,,,,,,,,,,,,,,,,,,,,,,,,,,,,,,,,,,
12302,2019,5,9,3,0,8.6,0,0,0,2.7,,,,,,,,,,,,,,,,,,,,,,,,,,,,,,,,,,,,
12303,2019,5,9,3,15,8.4,0,0,0,2.6,,,,,,,,,,,,,,,,,,,,,,,,,,,,,,,,,,,,
12304,2019,5,9,3,30,8.3,0,0,0,2.5,,,,,,,,,,,,,,,,,,,,,,,,,,,,,,,,,,,,
12305,2019,5,9,3,45,8.1,0,0,0,2.4000000000000004,,,,,,,,,,,,,,,,,,,,,,,,,,,,,,,,,,,,
12306,2019,5,9,4,0,8,0,0,0,2.3000000000000003,,,,,,,,,,,,,,,,,,,,,,,,,,,,,,,,,,,,
12307,2019,5,9,4,15,8,0,0,0,2.4000000000000004,,,,,,,,,,,,,,,,,,,,,,,,,,,,,,,,,,,,
12308,2019,5,9,4,30,8,0,0,0,2.5,,,,,,,,,,,,,,,,,,,,,,,,,,,,,,,,,,,,
12309,2019,5,9,4,45,8.1,11,54,12,2.6,,,,,,,,,,,,,,,,,,,,,,,,,,,,,,,,,,,,
12310,2019,5,9,5,0,8.1,14,0,14,2.7,,,,,,,,,,,,,,,,,,,,,,,,,,,,,,,,,,,,
12311,2019,5,9,5,15,8.4,26,0,26,2.8000000000000003,,,,,,,,,,,,,,,,,,,,,,,,,,,,,,,,,,,,
12312,2019,5,9,5,30,8.6,41,0,41,3,,,,,,,,,,,,,,,,,,,,,,,,,,,,,,,,,,,,
12313,2019,5,9,5,45,8.8,57,11,59,3.1,,,,,,,,,,,,,,,,,,,,,,,,,,,,,,,,,,,,
12314,2019,5,9,6,0,9,73,28,79,3.3000000000000003,,,,,,,,,,,,,,,,,,,,,,,,,,,,,,,,,,,,
12315,2019,5,9,6,15,9.4,69,0,69,3.3000000000000003,,,,,,,,,,,,,,,,,,,,,,,,,,,,,,,,,,,,
12316,2019,5,9,6,30,9.700000000000001,84,0,84,3.3000000000000003,,,,,,,,,,,,,,,,,,,,,,,,,,,,,,,,,,,,
12317,2019,5,9,6,45,10,103,0,103,3.4000000000000004,,,,,,,,,,,,,,,,,,,,,,,,,,,,,,,,,,,,
12318,2019,5,9,7,0,10.4,144,93,177,3.4000000000000004,,,,,,,,,,,,,,,,,,,,,,,,,,,,,,,,,,,,
12319,2019,5,9,7,15,10.8,151,274,260,3.4000000000000004,,,,,,,,,,,,,,,,,,,,,,,,,,,,,,,,,,,,
12320,2019,5,9,7,30,11.200000000000001,96,690,396,3.4000000000000004,,,,,,,,,,,,,,,,,,,,,,,,,,,,,,,,,,,,
12321,2019,5,9,7,45,11.700000000000001,159,10,163,3.4000000000000004,,,,,,,,,,,,,,,,,,,,,,,,,,,,,,,,,,,,
12322,2019,5,9,8,0,12.100000000000001,218,126,282,3.4000000000000004,,,,,,,,,,,,,,,,,,,,,,,,,,,,,,,,,,,,
12323,2019,5,9,8,15,12.5,233,98,286,3.3000000000000003,,,,,,,,,,,,,,,,,,,,,,,,,,,,,,,,,,,,
12324,2019,5,9,8,30,12.8,252,106,312,3.3000000000000003,,,,,,,,,,,,,,,,,,,,,,,,,,,,,,,,,,,,
12325,2019,5,9,8,45,13.200000000000001,261,261,418,3.3000000000000003,,,,,,,,,,,,,,,,,,,,,,,,,,,,,,,,,,,,
12326,2019,5,9,9,0,13.5,261,342,477,3.3000000000000003,,,,,,,,,,,,,,,,,,,,,,,,,,,,,,,,,,,,
12327,2019,5,9,9,15,13.8,110,834,660,3.3000000000000003,,,,,,,,,,,,,,,,,,,,,,,,,,,,,,,,,,,,
12328,2019,5,9,9,30,14,112,845,691,3.2,,,,,,,,,,,,,,,,,,,,,,,,,,,,,,,,,,,,
12329,2019,5,9,9,45,14.3,334,184,464,3.2,,,,,,,,,,,,,,,,,,,,,,,,,,,,,,,,,,,,
12330,2019,5,9,10,0,14.600000000000001,343,225,507,3.1,,,,,,,,,,,,,,,,,,,,,,,,,,,,,,,,,,,,
12331,2019,5,9,10,15,14.8,360,160,479,3.1,,,,,,,,,,,,,,,,,,,,,,,,,,,,,,,,,,,,
12332,2019,5,9,10,30,15,368,129,467,3,,,,,,,,,,,,,,,,,,,,,,,,,,,,,,,,,,,,
12333,2019,5,9,10,45,15.200000000000001,371,99,448,3,,,,,,,,,,,,,,,,,,,,,,,,,,,,,,,,,,,,
12334,2019,5,9,11,0,15.4,384,215,556,2.9000000000000004,,,,,,,,,,,,,,,,,,,,,,,,,,,,,,,,,,,,
12335,2019,5,9,11,15,15.600000000000001,308,26,329,2.9000000000000004,,,,,,,,,,,,,,,,,,,,,,,,,,,,,,,,,,,,
12336,2019,5,9,11,30,15.8,347,44,383,2.8000000000000003,,,,,,,,,,,,,,,,,,,,,,,,,,,,,,,,,,,,
12337,2019,5,9,11,45,16,389,273,613,2.8000000000000003,,,,,,,,,,,,,,,,,,,,,,,,,,,,,,,,,,,,
12338,2019,5,9,12,0,16.2,404,182,554,2.7,,,,,,,,,,,,,,,,,,,,,,,,,,,,,,,,,,,,
12339,2019,5,9,12,15,16.3,337,35,366,2.7,,,,,,,,,,,,,,,,,,,,,,,,,,,,,,,,,,,,
12340,2019,5,9,12,30,16.400000000000002,270,16,284,2.7,,,,,,,,,,,,,,,,,,,,,,,,,,,,,,,,,,,,
12341,2019,5,9,12,45,16.5,400,139,513,2.7,,,,,,,,,,,,,,,,,,,,,,,,,,,,,,,,,,,,
12342,2019,5,9,13,0,16.7,397,169,533,2.7,,,,,,,,,,,,,,,,,,,,,,,,,,,,,,,,,,,,
12343,2019,5,9,13,15,16.7,376,86,445,2.7,,,,,,,,,,,,,,,,,,,,,,,,,,,,,,,,,,,,
12344,2019,5,9,13,30,16.7,244,13,254,2.7,,,,,,,,,,,,,,,,,,,,,,,,,,,,,,,,,,,,
12345,2019,5,9,13,45,16.8,279,21,296,2.7,,,,,,,,,,,,,,,,,,,,,,,,,,,,,,,,,,,,
12346,2019,5,9,14,0,16.8,270,20,286,2.7,,,,,,,,,,,,,,,,,,,,,,,,,,,,,,,,,,,,
12347,2019,5,9,14,15,16.8,340,84,402,2.7,,,,,,,,,,,,,,,,,,,,,,,,,,,,,,,,,,,,
12348,2019,5,9,14,30,16.8,320,69,370,2.7,,,,,,,,,,,,,,,,,,,,,,,,,,,,,,,,,,,,
12349,2019,5,9,14,45,16.8,315,85,374,2.7,,,,,,,,,,,,,,,,,,,,,,,,,,,,,,,,,,,,
12350,2019,5,9,15,0,16.8,306,228,459,2.7,,,,,,,,,,,,,,,,,,,,,,,,,,,,,,,,,,,,
12351,2019,5,9,15,15,16.7,294,189,416,2.6,,,,,,,,,,,,,,,,,,,,,,,,,,,,,,,,,,,,
12352,2019,5,9,15,30,16.6,276,110,344,2.6,,,,,,,,,,,,,,,,,,,,,,,,,,,,,,,,,,,,
12353,2019,5,9,15,45,16.5,261,172,362,2.5,,,,,,,,,,,,,,,,,,,,,,,,,,,,,,,,,,,,
12354,2019,5,9,16,0,16.400000000000002,182,10,188,2.5,,,,,,,,,,,,,,,,,,,,,,,,,,,,,,,,,,,,
12355,2019,5,9,16,15,16.2,83,0,83,2.4000000000000004,,,,,,,,,,,,,,,,,,,,,,,,,,,,,,,,,,,,
12356,2019,5,9,16,30,16,166,12,172,2.2,,,,,,,,,,,,,,,,,,,,,,,,,,,,,,,,,,,,
12357,2019,5,9,16,45,15.8,172,35,187,2.1,,,,,,,,,,,,,,,,,,,,,,,,,,,,,,,,,,,,
12358,2019,5,9,17,0,15.600000000000001,81,0,81,1.9000000000000001,,,,,,,,,,,,,,,,,,,,,,,,,,,,,,,,,,,,
12359,2019,5,9,17,15,15.3,44,0,44,1.7000000000000002,,,,,,,,,,,,,,,,,,,,,,,,,,,,,,,,,,,,
12360,2019,5,9,17,30,14.9,49,0,49,1.5,,,,,,,,,,,,,,,,,,,,,,,,,,,,,,,,,,,,
12361,2019,5,9,17,45,14.600000000000001,90,0,90,1.2000000000000002,,,,,,,,,,,,,,,,,,,,,,,,,,,,,,,,,,,,
12362,2019,5,9,18,0,14.200000000000001,68,542,211,1,,,,,,,,,,,,,,,,,,,,,,,,,,,,,,,,,,,,
12363,2019,5,9,18,15,13.8,62,492,172,0.9,,,,,,,,,,,,,,,,,,,,,,,,,,,,,,,,,,,,
12364,2019,5,9,18,30,13.3,44,0,44,0.9,,,,,,,,,,,,,,,,,,,,,,,,,,,,,,,,,,,,
12365,2019,5,9,18,45,12.9,51,116,68,0.8,,,,,,,,,,,,,,,,,,,,,,,,,,,,,,,,,,,,
12366,2019,5,9,19,0,12.5,37,92,48,0.8,,,,,,,,,,,,,,,,,,,,,,,,,,,,,,,,,,,,
12367,2019,5,9,19,15,12.200000000000001,25,59,29,0.8,,,,,,,,,,,,,,,,,,,,,,,,,,,,,,,,,,,,
12368,2019,5,9,19,30,12,6,0,6,0.8,,,,,,,,,,,,,,,,,,,,,,,,,,,,,,,,,,,,
12369,2019,5,9,19,45,11.700000000000001,0,0,0,0.8,,,,,,,,,,,,,,,,,,,,,,,,,,,,,,,,,,,,
12370,2019,5,9,20,0,11.5,0,0,0,0.8,,,,,,,,,,,,,,,,,,,,,,,,,,,,,,,,,,,,
12371,2019,5,9,20,15,11.3,0,0,0,0.9,,,,,,,,,,,,,,,,,,,,,,,,,,,,,,,,,,,,
12372,2019,5,9,20,30,11.200000000000001,0,0,0,0.9,,,,,,,,,,,,,,,,,,,,,,,,,,,,,,,,,,,,
12373,2019,5,9,20,45,11,0,0,0,0.9,,,,,,,,,,,,,,,,,,,,,,,,,,,,,,,,,,,,
12374,2019,5,9,21,0,10.9,0,0,0,1,,,,,,,,,,,,,,,,,,,,,,,,,,,,,,,,,,,,
12375,2019,5,9,21,15,10.700000000000001,0,0,0,1,,,,,,,,,,,,,,,,,,,,,,,,,,,,,,,,,,,,
12376,2019,5,9,21,30,10.600000000000001,0,0,0,1.1,,,,,,,,,,,,,,,,,,,,,,,,,,,,,,,,,,,,
12377,2019,5,9,21,45,10.5,0,0,0,1.2000000000000002,,,,,,,,,,,,,,,,,,,,,,,,,,,,,,,,,,,,
12378,2019,5,9,22,0,10.4,0,0,0,1.3,,,,,,,,,,,,,,,,,,,,,,,,,,,,,,,,,,,,
12379,2019,5,9,22,15,10.3,0,0,0,1.5,,,,,,,,,,,,,,,,,,,,,,,,,,,,,,,,,,,,
12380,2019,5,9,22,30,10.200000000000001,0,0,0,1.6,,,,,,,,,,,,,,,,,,,,,,,,,,,,,,,,,,,,
12381,2019,5,9,22,45,10.100000000000001,0,0,0,1.7000000000000002,,,,,,,,,,,,,,,,,,,,,,,,,,,,,,,,,,,,
12382,2019,5,9,23,0,10,0,0,0,1.9000000000000001,,,,,,,,,,,,,,,,,,,,,,,,,,,,,,,,,,,,
12383,2019,5,9,23,15,9.9,0,0,0,2,,,,,,,,,,,,,,,,,,,,,,,,,,,,,,,,,,,,
12384,2019,5,9,23,30,9.8,0,0,0,2,,,,,,,,,,,,,,,,,,,,,,,,,,,,,,,,,,,,
12385,2019,5,9,23,45,9.700000000000001,0,0,0,2.1,,,,,,,,,,,,,,,,,,,,,,,,,,,,,,,,,,,,
12386,2019,5,10,0,0,9.600000000000001,0,0,0,2.2,,,,,,,,,,,,,,,,,,,,,,,,,,,,,,,,,,,,
12387,2019,5,10,0,15,9.600000000000001,0,0,0,2.2,,,,,,,,,,,,,,,,,,,,,,,,,,,,,,,,,,,,
12388,2019,5,10,0,30,9.600000000000001,0,0,0,2.2,,,,,,,,,,,,,,,,,,,,,,,,,,,,,,,,,,,,
12389,2019,5,10,0,45,9.600000000000001,0,0,0,2.2,,,,,,,,,,,,,,,,,,,,,,,,,,,,,,,,,,,,
12390,2019,5,10,1,0,9.1,0,0,0,2.2,,,,,,,,,,,,,,,,,,,,,,,,,,,,,,,,,,,,
12391,2019,5,10,1,15,9,0,0,0,2.2,,,,,,,,,,,,,,,,,,,,,,,,,,,,,,,,,,,,
12392,2019,5,10,1,30,8.8,0,0,0,2.1,,,,,,,,,,,,,,,,,,,,,,,,,,,,,,,,,,,,
12393,2019,5,10,1,45,8.700000000000001,0,0,0,2.1,,,,,,,,,,,,,,,,,,,,,,,,,,,,,,,,,,,,
12394,2019,5,10,2,0,8.5,0,0,0,2.1,,,,,,,,,,,,,,,,,,,,,,,,,,,,,,,,,,,,
12395,2019,5,10,2,15,8.4,0,0,0,2.1,,,,,,,,,,,,,,,,,,,,,,,,,,,,,,,,,,,,
12396,2019,5,10,2,30,8.3,0,0,0,2.1,,,,,,,,,,,,,,,,,,,,,,,,,,,,,,,,,,,,
12397,2019,5,10,2,45,8.200000000000001,0,0,0,2.2,,,,,,,,,,,,,,,,,,,,,,,,,,,,,,,,,,,,
12398,2019,5,10,3,0,8.1,0,0,0,2.2,,,,,,,,,,,,,,,,,,,,,,,,,,,,,,,,,,,,
12399,2019,5,10,3,15,8.1,0,0,0,2.3000000000000003,,,,,,,,,,,,,,,,,,,,,,,,,,,,,,,,,,,,
12400,2019,5,10,3,30,8.1,0,0,0,2.4000000000000004,,,,,,,,,,,,,,,,,,,,,,,,,,,,,,,,,,,,
12401,2019,5,10,3,45,8,0,0,0,2.5,,,,,,,,,,,,,,,,,,,,,,,,,,,,,,,,,,,,
12402,2019,5,10,4,0,8,0,0,0,2.5,,,,,,,,,,,,,,,,,,,,,,,,,,,,,,,,,,,,
12403,2019,5,10,4,15,8.1,0,0,0,2.7,,,,,,,,,,,,,,,,,,,,,,,,,,,,,,,,,,,,
12404,2019,5,10,4,30,8.200000000000001,0,0,0,2.8000000000000003,,,,,,,,,,,,,,,,,,,,,,,,,,,,,,,,,,,,
12405,2019,5,10,4,45,8.3,2,0,2,3,,,,,,,,,,,,,,,,,,,,,,,,,,,,,,,,,,,,
12406,2019,5,10,5,0,8.4,3,0,3,3.1,,,,,,,,,,,,,,,,,,,,,,,,,,,,,,,,,,,,
12407,2019,5,10,5,15,8.700000000000001,5,0,5,3.2,,,,,,,,,,,,,,,,,,,,,,,,,,,,,,,,,,,,
12408,2019,5,10,5,30,9,7,0,7,3.4000000000000004,,,,,,,,,,,,,,,,,,,,,,,,,,,,,,,,,,,,
12409,2019,5,10,5,45,9.3,9,0,9,3.5,,,,,,,,,,,,,,,,,,,,,,,,,,,,,,,,,,,,
12410,2019,5,10,6,0,9.600000000000001,11,0,11,3.6,,,,,,,,,,,,,,,,,,,,,,,,,,,,,,,,,,,,
12411,2019,5,10,6,15,10,14,0,14,3.7,,,,,,,,,,,,,,,,,,,,,,,,,,,,,,,,,,,,
12412,2019,5,10,6,30,10.4,17,0,17,3.9000000000000004,,,,,,,,,,,,,,,,,,,,,,,,,,,,,,,,,,,,
12413,2019,5,10,6,45,10.9,21,0,21,4,,,,,,,,,,,,,,,,,,,,,,,,,,,,,,,,,,,,
12414,2019,5,10,7,0,11.3,24,0,24,4.1000000000000005,,,,,,,,,,,,,,,,,,,,,,,,,,,,,,,,,,,,
12415,2019,5,10,7,15,11.600000000000001,28,0,28,4.2,,,,,,,,,,,,,,,,,,,,,,,,,,,,,,,,,,,,
12416,2019,5,10,7,30,12,32,0,32,4.3,,,,,,,,,,,,,,,,,,,,,,,,,,,,,,,,,,,,
12417,2019,5,10,7,45,12.3,198,88,240,4.4,,,,,,,,,,,,,,,,,,,,,,,,,,,,,,,,,,,,
12418,2019,5,10,8,0,12.700000000000001,216,92,263,4.5,,,,,,,,,,,,,,,,,,,,,,,,,,,,,,,,,,,,
12419,2019,5,10,8,15,12.9,236,191,339,4.6000000000000005,,,,,,,,,,,,,,,,,,,,,,,,,,,,,,,,,,,,
12420,2019,5,10,8,30,13.200000000000001,256,151,342,4.6000000000000005,,,,,,,,,,,,,,,,,,,,,,,,,,,,,,,,,,,,
12421,2019,5,10,8,45,13.5,272,173,377,4.7,,,,,,,,,,,,,,,,,,,,,,,,,,,,,,,,,,,,
12422,2019,5,10,9,0,13.8,280,254,441,4.7,,,,,,,,,,,,,,,,,,,,,,,,,,,,,,,,,,,,
12423,2019,5,10,9,15,14,265,37,290,4.800000000000001,,,,,,,,,,,,,,,,,,,,,,,,,,,,,,,,,,,,
12424,2019,5,10,9,30,14.3,148,0,148,4.800000000000001,,,,,,,,,,,,,,,,,,,,,,,,,,,,,,,,,,,,
12425,2019,5,10,9,45,14.5,112,0,112,4.800000000000001,,,,,,,,,,,,,,,,,,,,,,,,,,,,,,,,,,,,
12426,2019,5,10,10,0,14.8,185,5,189,4.9,,,,,,,,,,,,,,,,,,,,,,,,,,,,,,,,,,,,
12427,2019,5,10,10,15,14.9,121,0,121,4.9,,,,,,,,,,,,,,,,,,,,,,,,,,,,,,,,,,,,
12428,2019,5,10,10,30,15.100000000000001,292,26,311,4.9,,,,,,,,,,,,,,,,,,,,,,,,,,,,,,,,,,,,
12429,2019,5,10,10,45,15.200000000000001,71,0,71,4.9,,,,,,,,,,,,,,,,,,,,,,,,,,,,,,,,,,,,
12430,2019,5,10,11,0,15.4,73,0,73,5,,,,,,,,,,,,,,,,,,,,,,,,,,,,,,,,,,,,
12431,2019,5,10,11,15,15.4,73,0,73,5,,,,,,,,,,,,,,,,,,,,,,,,,,,,,,,,,,,,
12432,2019,5,10,11,30,15.4,152,3,154,5,,,,,,,,,,,,,,,,,,,,,,,,,,,,,,,,,,,,
12433,2019,5,10,11,45,15.5,218,10,226,5,,,,,,,,,,,,,,,,,,,,,,,,,,,,,,,,,,,,
12434,2019,5,10,12,0,15.5,80,0,80,5,,,,,,,,,,,,,,,,,,,,,,,,,,,,,,,,,,,,
12435,2019,5,10,12,15,15.4,82,0,82,5,,,,,,,,,,,,,,,,,,,,,,,,,,,,,,,,,,,,
12436,2019,5,10,12,30,15.3,106,0,106,5,,,,,,,,,,,,,,,,,,,,,,,,,,,,,,,,,,,,
12437,2019,5,10,12,45,15.3,236,11,245,5,,,,,,,,,,,,,,,,,,,,,,,,,,,,,,,,,,,,
12438,2019,5,10,13,0,15.200000000000001,202,8,208,5,,,,,,,,,,,,,,,,,,,,,,,,,,,,,,,,,,,,
12439,2019,5,10,13,15,15.100000000000001,374,82,440,5,,,,,,,,,,,,,,,,,,,,,,,,,,,,,,,,,,,,
12440,2019,5,10,13,30,14.9,318,33,344,5,,,,,,,,,,,,,,,,,,,,,,,,,,,,,,,,,,,,
12441,2019,5,10,13,45,14.8,326,42,359,4.9,,,,,,,,,,,,,,,,,,,,,,,,,,,,,,,,,,,,
12442,2019,5,10,14,0,14.600000000000001,351,85,415,4.9,,,,,,,,,,,,,,,,,,,,,,,,,,,,,,,,,,,,
12443,2019,5,10,14,15,14.4,346,240,524,4.9,,,,,,,,,,,,,,,,,,,,,,,,,,,,,,,,,,,,
12444,2019,5,10,14,30,14.3,329,86,391,4.800000000000001,,,,,,,,,,,,,,,,,,,,,,,,,,,,,,,,,,,,
12445,2019,5,10,14,45,14.100000000000001,327,157,437,4.7,,,,,,,,,,,,,,,,,,,,,,,,,,,,,,,,,,,,
12446,2019,5,10,15,0,14,303,87,361,4.7,,,,,,,,,,,,,,,,,,,,,,,,,,,,,,,,,,,,
12447,2019,5,10,15,15,13.8,160,1,160,4.6000000000000005,,,,,,,,,,,,,,,,,,,,,,,,,,,,,,,,,,,,
12448,2019,5,10,15,30,13.600000000000001,189,7,194,4.4,,,,,,,,,,,,,,,,,,,,,,,,,,,,,,,,,,,,
12449,2019,5,10,15,45,13.5,49,0,49,4.3,,,,,,,,,,,,,,,,,,,,,,,,,,,,,,,,,,,,
12450,2019,5,10,16,0,13.3,138,0,138,4.2,,,,,,,,,,,,,,,,,,,,,,,,,,,,,,,,,,,,
12451,2019,5,10,16,15,13.200000000000001,44,0,44,4,,,,,,,,,,,,,,,,,,,,,,,,,,,,,,,,,,,,
12452,2019,5,10,16,30,13.100000000000001,41,0,41,3.8000000000000003,,,,,,,,,,,,,,,,,,,,,,,,,,,,,,,,,,,,
12453,2019,5,10,16,45,13,157,13,163,3.6,,,,,,,,,,,,,,,,,,,,,,,,,,,,,,,,,,,,
12454,2019,5,10,17,0,12.9,80,0,80,3.4000000000000004,,,,,,,,,,,,,,,,,,,,,,,,,,,,,,,,,,,,
12455,2019,5,10,17,15,12.700000000000001,36,0,36,3.1,,,,,,,,,,,,,,,,,,,,,,,,,,,,,,,,,,,,
12456,2019,5,10,17,30,12.5,36,0,36,2.7,,,,,,,,,,,,,,,,,,,,,,,,,,,,,,,,,,,,
12457,2019,5,10,17,45,12.3,24,0,24,2.4000000000000004,,,,,,,,,,,,,,,,,,,,,,,,,,,,,,,,,,,,
12458,2019,5,10,18,0,12.100000000000001,52,0,52,2,,,,,,,,,,,,,,,,,,,,,,,,,,,,,,,,,,,,
12459,2019,5,10,18,15,11.600000000000001,42,0,42,1.7000000000000002,,,,,,,,,,,,,,,,,,,,,,,,,,,,,,,,,,,,
12460,2019,5,10,18,30,11,32,0,32,1.5,,,,,,,,,,,,,,,,,,,,,,,,,,,,,,,,,,,,
12461,2019,5,10,18,45,10.5,24,0,24,1.2000000000000002,,,,,,,,,,,,,,,,,,,,,,,,,,,,,,,,,,,,
12462,2019,5,10,19,0,10,16,0,16,0.9,,,,,,,,,,,,,,,,,,,,,,,,,,,,,,,,,,,,
12463,2019,5,10,19,15,9.700000000000001,11,0,11,0.9,,,,,,,,,,,,,,,,,,,,,,,,,,,,,,,,,,,,
12464,2019,5,10,19,30,9.5,6,0,6,0.9,,,,,,,,,,,,,,,,,,,,,,,,,,,,,,,,,,,,
12465,2019,5,10,19,45,9.200000000000001,0,0,0,0.9,,,,,,,,,,,,,,,,,,,,,,,,,,,,,,,,,,,,
12466,2019,5,10,20,0,9,0,0,0,0.9,,,,,,,,,,,,,,,,,,,,,,,,,,,,,,,,,,,,
12467,2019,5,10,20,15,8.9,0,0,0,0.8,,,,,,,,,,,,,,,,,,,,,,,,,,,,,,,,,,,,
12468,2019,5,10,20,30,8.9,0,0,0,0.8,,,,,,,,,,,,,,,,,,,,,,,,,,,,,,,,,,,,
12469,2019,5,10,20,45,8.9,0,0,0,0.8,,,,,,,,,,,,,,,,,,,,,,,,,,,,,,,,,,,,
12470,2019,5,10,21,0,8.9,0,0,0,0.7000000000000001,,,,,,,,,,,,,,,,,,,,,,,,,,,,,,,,,,,,
12471,2019,5,10,21,15,8.9,0,0,0,0.7000000000000001,,,,,,,,,,,,,,,,,,,,,,,,,,,,,,,,,,,,
12472,2019,5,10,21,30,8.9,0,0,0,0.6000000000000001,,,,,,,,,,,,,,,,,,,,,,,,,,,,,,,,,,,,
12473,2019,5,10,21,45,8.9,0,0,0,0.6000000000000001,,,,,,,,,,,,,,,,,,,,,,,,,,,,,,,,,,,,
12474,2019,5,10,22,0,8.9,0,0,0,0.5,,,,,,,,,,,,,,,,,,,,,,,,,,,,,,,,,,,,
12475,2019,5,10,22,15,8.8,0,0,0,0.5,,,,,,,,,,,,,,,,,,,,,,,,,,,,,,,,,,,,
12476,2019,5,10,22,30,8.700000000000001,0,0,0,0.5,,,,,,,,,,,,,,,,,,,,,,,,,,,,,,,,,,,,
12477,2019,5,10,22,45,8.6,0,0,0,0.4,,,,,,,,,,,,,,,,,,,,,,,,,,,,,,,,,,,,
12478,2019,5,10,23,0,8.5,0,0,0,0.4,,,,,,,,,,,,,,,,,,,,,,,,,,,,,,,,,,,,
12479,2019,5,10,23,15,8.200000000000001,0,0,0,0.5,,,,,,,,,,,,,,,,,,,,,,,,,,,,,,,,,,,,
12480,2019,5,10,23,30,7.9,0,0,0,0.6000000000000001,,,,,,,,,,,,,,,,,,,,,,,,,,,,,,,,,,,,
12481,2019,5,10,23,45,7.6000000000000005,0,0,0,0.7000000000000001,,,,,,,,,,,,,,,,,,,,,,,,,,,,,,,,,,,,
12482,2019,5,11,0,0,7.300000000000001,0,0,0,0.7000000000000001,,,,,,,,,,,,,,,,,,,,,,,,,,,,,,,,,,,,
12483,2019,5,11,0,15,7.300000000000001,0,0,0,0.7000000000000001,,,,,,,,,,,,,,,,,,,,,,,,,,,,,,,,,,,,
12484,2019,5,11,0,30,7.300000000000001,0,0,0,0.7000000000000001,,,,,,,,,,,,,,,,,,,,,,,,,,,,,,,,,,,,
12485,2019,5,11,0,45,7.300000000000001,0,0,0,0.7000000000000001,,,,,,,,,,,,,,,,,,,,,,,,,,,,,,,,,,,,
12486,2019,5,11,1,0,6.4,0,0,0,0.9,,,,,,,,,,,,,,,,,,,,,,,,,,,,,,,,,,,,
12487,2019,5,11,1,15,6.300000000000001,0,0,0,0.9,,,,,,,,,,,,,,,,,,,,,,,,,,,,,,,,,,,,
12488,2019,5,11,1,30,6.300000000000001,0,0,0,0.9,,,,,,,,,,,,,,,,,,,,,,,,,,,,,,,,,,,,
12489,2019,5,11,1,45,6.2,0,0,0,0.9,,,,,,,,,,,,,,,,,,,,,,,,,,,,,,,,,,,,
12490,2019,5,11,2,0,6.1000000000000005,0,0,0,0.9,,,,,,,,,,,,,,,,,,,,,,,,,,,,,,,,,,,,
12491,2019,5,11,2,15,6.1000000000000005,0,0,0,0.9,,,,,,,,,,,,,,,,,,,,,,,,,,,,,,,,,,,,
12492,2019,5,11,2,30,6.1000000000000005,0,0,0,0.9,,,,,,,,,,,,,,,,,,,,,,,,,,,,,,,,,,,,
12493,2019,5,11,2,45,6.1000000000000005,0,0,0,0.9,,,,,,,,,,,,,,,,,,,,,,,,,,,,,,,,,,,,
12494,2019,5,11,3,0,6,0,0,0,0.9,,,,,,,,,,,,,,,,,,,,,,,,,,,,,,,,,,,,
12495,2019,5,11,3,15,6.1000000000000005,0,0,0,0.9,,,,,,,,,,,,,,,,,,,,,,,,,,,,,,,,,,,,
12496,2019,5,11,3,30,6.1000000000000005,0,0,0,0.9,,,,,,,,,,,,,,,,,,,,,,,,,,,,,,,,,,,,
12497,2019,5,11,3,45,6.1000000000000005,0,0,0,0.9,,,,,,,,,,,,,,,,,,,,,,,,,,,,,,,,,,,,
12498,2019,5,11,4,0,6.2,0,0,0,0.9,,,,,,,,,,,,,,,,,,,,,,,,,,,,,,,,,,,,
12499,2019,5,11,4,15,6.4,0,0,0,1,,,,,,,,,,,,,,,,,,,,,,,,,,,,,,,,,,,,
12500,2019,5,11,4,30,6.6000000000000005,0,0,0,1.1,,,,,,,,,,,,,,,,,,,,,,,,,,,,,,,,,,,,
12501,2019,5,11,4,45,6.800000000000001,2,0,2,1.2000000000000002,,,,,,,,,,,,,,,,,,,,,,,,,,,,,,,,,,,,
12502,2019,5,11,5,0,7,4,0,4,1.3,,,,,,,,,,,,,,,,,,,,,,,,,,,,,,,,,,,,
12503,2019,5,11,5,15,7.2,5,0,5,1.6,,,,,,,,,,,,,,,,,,,,,,,,,,,,,,,,,,,,
12504,2019,5,11,5,30,7.4,6,0,6,1.8,,,,,,,,,,,,,,,,,,,,,,,,,,,,,,,,,,,,
12505,2019,5,11,5,45,7.6000000000000005,7,0,7,2,,,,,,,,,,,,,,,,,,,,,,,,,,,,,,,,,,,,
12506,2019,5,11,6,0,7.800000000000001,9,0,9,2.3000000000000003,,,,,,,,,,,,,,,,,,,,,,,,,,,,,,,,,,,,
12507,2019,5,11,6,15,8,15,0,15,2.4000000000000004,,,,,,,,,,,,,,,,,,,,,,,,,,,,,,,,,,,,
12508,2019,5,11,6,30,8.200000000000001,12,0,12,2.5,,,,,,,,,,,,,,,,,,,,,,,,,,,,,,,,,,,,
12509,2019,5,11,6,45,8.4,13,0,13,2.6,,,,,,,,,,,,,,,,,,,,,,,,,,,,,,,,,,,,
12510,2019,5,11,7,0,8.700000000000001,16,0,16,2.7,,,,,,,,,,,,,,,,,,,,,,,,,,,,,,,,,,,,
12511,2019,5,11,7,15,8.9,18,0,18,2.8000000000000003,,,,,,,,,,,,,,,,,,,,,,,,,,,,,,,,,,,,
12512,2019,5,11,7,30,9.1,21,0,21,2.9000000000000004,,,,,,,,,,,,,,,,,,,,,,,,,,,,,,,,,,,,
12513,2019,5,11,7,45,9.3,24,0,24,2.9000000000000004,,,,,,,,,,,,,,,,,,,,,,,,,,,,,,,,,,,,
12514,2019,5,11,8,0,9.5,23,0,23,3,,,,,,,,,,,,,,,,,,,,,,,,,,,,,,,,,,,,
12515,2019,5,11,8,15,9.600000000000001,25,0,25,3.2,,,,,,,,,,,,,,,,,,,,,,,,,,,,,,,,,,,,
12516,2019,5,11,8,30,9.8,28,0,28,3.3000000000000003,,,,,,,,,,,,,,,,,,,,,,,,,,,,,,,,,,,,
12517,2019,5,11,8,45,10,37,0,37,3.4000000000000004,,,,,,,,,,,,,,,,,,,,,,,,,,,,,,,,,,,,
12518,2019,5,11,9,0,10.100000000000001,55,0,55,3.6,,,,,,,,,,,,,,,,,,,,,,,,,,,,,,,,,,,,
12519,2019,5,11,9,15,10.200000000000001,82,0,82,3.7,,,,,,,,,,,,,,,,,,,,,,,,,,,,,,,,,,,,
12520,2019,5,11,9,30,10.4,69,0,69,3.8000000000000003,,,,,,,,,,,,,,,,,,,,,,,,,,,,,,,,,,,,
12521,2019,5,11,9,45,10.5,72,0,72,3.9000000000000004,,,,,,,,,,,,,,,,,,,,,,,,,,,,,,,,,,,,
12522,2019,5,11,10,0,10.600000000000001,96,0,96,4.1000000000000005,,,,,,,,,,,,,,,,,,,,,,,,,,,,,,,,,,,,
12523,2019,5,11,10,15,10.700000000000001,86,0,86,4.2,,,,,,,,,,,,,,,,,,,,,,,,,,,,,,,,,,,,
12524,2019,5,11,10,30,10.700000000000001,60,0,60,4.2,,,,,,,,,,,,,,,,,,,,,,,,,,,,,,,,,,,,
12525,2019,5,11,10,45,10.8,63,0,63,4.3,,,,,,,,,,,,,,,,,,,,,,,,,,,,,,,,,,,,
12526,2019,5,11,11,0,10.8,65,0,65,4.4,,,,,,,,,,,,,,,,,,,,,,,,,,,,,,,,,,,,
12527,2019,5,11,11,15,10.9,67,0,67,4.5,,,,,,,,,,,,,,,,,,,,,,,,,,,,,,,,,,,,
12528,2019,5,11,11,30,10.9,92,0,92,4.5,,,,,,,,,,,,,,,,,,,,,,,,,,,,,,,,,,,,
12529,2019,5,11,11,45,10.9,70,0,70,4.6000000000000005,,,,,,,,,,,,,,,,,,,,,,,,,,,,,,,,,,,,
12530,2019,5,11,12,0,11,71,0,71,4.6000000000000005,,,,,,,,,,,,,,,,,,,,,,,,,,,,,,,,,,,,
12531,2019,5,11,12,15,10.9,70,0,70,4.7,,,,,,,,,,,,,,,,,,,,,,,,,,,,,,,,,,,,
12532,2019,5,11,12,30,10.9,71,0,71,4.7,,,,,,,,,,,,,,,,,,,,,,,,,,,,,,,,,,,,
12533,2019,5,11,12,45,10.9,76,0,76,4.800000000000001,,,,,,,,,,,,,,,,,,,,,,,,,,,,,,,,,,,,
12534,2019,5,11,13,0,10.9,85,0,85,4.800000000000001,,,,,,,,,,,,,,,,,,,,,,,,,,,,,,,,,,,,
12535,2019,5,11,13,15,10.9,70,0,70,4.9,,,,,,,,,,,,,,,,,,,,,,,,,,,,,,,,,,,,
12536,2019,5,11,13,30,10.8,82,0,82,5,,,,,,,,,,,,,,,,,,,,,,,,,,,,,,,,,,,,
12537,2019,5,11,13,45,10.8,60,0,60,5.1000000000000005,,,,,,,,,,,,,,,,,,,,,,,,,,,,,,,,,,,,
12538,2019,5,11,14,0,10.8,58,0,58,5.1000000000000005,,,,,,,,,,,,,,,,,,,,,,,,,,,,,,,,,,,,
12539,2019,5,11,14,15,10.700000000000001,56,0,56,5.2,,,,,,,,,,,,,,,,,,,,,,,,,,,,,,,,,,,,
12540,2019,5,11,14,30,10.700000000000001,109,0,109,5.2,,,,,,,,,,,,,,,,,,,,,,,,,,,,,,,,,,,,
12541,2019,5,11,14,45,10.700000000000001,48,0,48,5.2,,,,,,,,,,,,,,,,,,,,,,,,,,,,,,,,,,,,
12542,2019,5,11,15,0,10.600000000000001,97,0,97,5.2,,,,,,,,,,,,,,,,,,,,,,,,,,,,,,,,,,,,
12543,2019,5,11,15,15,10.600000000000001,42,0,42,5.2,,,,,,,,,,,,,,,,,,,,,,,,,,,,,,,,,,,,
12544,2019,5,11,15,30,10.600000000000001,62,0,62,5.1000000000000005,,,,,,,,,,,,,,,,,,,,,,,,,,,,,,,,,,,,
12545,2019,5,11,15,45,10.5,35,0,35,5,,,,,,,,,,,,,,,,,,,,,,,,,,,,,,,,,,,,
12546,2019,5,11,16,0,10.5,33,0,33,5,,,,,,,,,,,,,,,,,,,,,,,,,,,,,,,,,,,,
12547,2019,5,11,16,15,10.4,27,0,27,4.9,,,,,,,,,,,,,,,,,,,,,,,,,,,,,,,,,,,,
12548,2019,5,11,16,30,10.3,25,0,25,4.7,,,,,,,,,,,,,,,,,,,,,,,,,,,,,,,,,,,,
12549,2019,5,11,16,45,10.200000000000001,22,0,22,4.6000000000000005,,,,,,,,,,,,,,,,,,,,,,,,,,,,,,,,,,,,
12550,2019,5,11,17,0,10.100000000000001,19,0,19,4.5,,,,,,,,,,,,,,,,,,,,,,,,,,,,,,,,,,,,
12551,2019,5,11,17,15,9.9,14,0,14,4.4,,,,,,,,,,,,,,,,,,,,,,,,,,,,,,,,,,,,
12552,2019,5,11,17,30,9.8,12,0,12,4.3,,,,,,,,,,,,,,,,,,,,,,,,,,,,,,,,,,,,
12553,2019,5,11,17,45,9.600000000000001,41,0,41,4.2,,,,,,,,,,,,,,,,,,,,,,,,,,,,,,,,,,,,
12554,2019,5,11,18,0,9.4,9,0,9,4.1000000000000005,,,,,,,,,,,,,,,,,,,,,,,,,,,,,,,,,,,,
12555,2019,5,11,18,15,9.200000000000001,8,0,8,4,,,,,,,,,,,,,,,,,,,,,,,,,,,,,,,,,,,,
12556,2019,5,11,18,30,9,7,0,7,3.8000000000000003,,,,,,,,,,,,,,,,,,,,,,,,,,,,,,,,,,,,
12557,2019,5,11,18,45,8.8,6,0,6,3.7,,,,,,,,,,,,,,,,,,,,,,,,,,,,,,,,,,,,
12558,2019,5,11,19,0,8.6,5,0,5,3.6,,,,,,,,,,,,,,,,,,,,,,,,,,,,,,,,,,,,
12559,2019,5,11,19,15,8.4,4,0,4,3.5,,,,,,,,,,,,,,,,,,,,,,,,,,,,,,,,,,,,
12560,2019,5,11,19,30,8.3,3,0,3,3.3000000000000003,,,,,,,,,,,,,,,,,,,,,,,,,,,,,,,,,,,,
12561,2019,5,11,19,45,8.1,0,0,0,3.2,,,,,,,,,,,,,,,,,,,,,,,,,,,,,,,,,,,,
12562,2019,5,11,20,0,7.9,0,0,0,3,,,,,,,,,,,,,,,,,,,,,,,,,,,,,,,,,,,,
12563,2019,5,11,20,15,7.800000000000001,0,0,0,2.9000000000000004,,,,,,,,,,,,,,,,,,,,,,,,,,,,,,,,,,,,
12564,2019,5,11,20,30,7.6000000000000005,0,0,0,2.8000000000000003,,,,,,,,,,,,,,,,,,,,,,,,,,,,,,,,,,,,
12565,2019,5,11,20,45,7.4,0,0,0,2.6,,,,,,,,,,,,,,,,,,,,,,,,,,,,,,,,,,,,
12566,2019,5,11,21,0,7.300000000000001,0,0,0,2.5,,,,,,,,,,,,,,,,,,,,,,,,,,,,,,,,,,,,
12567,2019,5,11,21,15,7.2,0,0,0,2.3000000000000003,,,,,,,,,,,,,,,,,,,,,,,,,,,,,,,,,,,,
12568,2019,5,11,21,30,7,0,0,0,2.2,,,,,,,,,,,,,,,,,,,,,,,,,,,,,,,,,,,,
12569,2019,5,11,21,45,6.9,0,0,0,2.1,,,,,,,,,,,,,,,,,,,,,,,,,,,,,,,,,,,,
12570,2019,5,11,22,0,6.7,0,0,0,2,,,,,,,,,,,,,,,,,,,,,,,,,,,,,,,,,,,,
12571,2019,5,11,22,15,6.6000000000000005,0,0,0,2,,,,,,,,,,,,,,,,,,,,,,,,,,,,,,,,,,,,
12572,2019,5,11,22,30,6.5,0,0,0,1.9000000000000001,,,,,,,,,,,,,,,,,,,,,,,,,,,,,,,,,,,,
12573,2019,5,11,22,45,6.4,0,0,0,1.9000000000000001,,,,,,,,,,,,,,,,,,,,,,,,,,,,,,,,,,,,
12574,2019,5,11,23,0,6.300000000000001,0,0,0,1.9000000000000001,,,,,,,,,,,,,,,,,,,,,,,,,,,,,,,,,,,,
12575,2019,5,11,23,15,6.2,0,0,0,1.9000000000000001,,,,,,,,,,,,,,,,,,,,,,,,,,,,,,,,,,,,
12576,2019,5,11,23,30,6.1000000000000005,0,0,0,2,,,,,,,,,,,,,,,,,,,,,,,,,,,,,,,,,,,,
12577,2019,5,11,23,45,6,0,0,0,2,,,,,,,,,,,,,,,,,,,,,,,,,,,,,,,,,,,,
12578,2019,5,12,0,0,5.9,0,0,0,2.1,,,,,,,,,,,,,,,,,,,,,,,,,,,,,,,,,,,,
12579,2019,5,12,0,15,5.9,0,0,0,2.1,,,,,,,,,,,,,,,,,,,,,,,,,,,,,,,,,,,,
12580,2019,5,12,0,30,5.9,0,0,0,2.1,,,,,,,,,,,,,,,,,,,,,,,,,,,,,,,,,,,,
12581,2019,5,12,0,45,5.9,0,0,0,2.1,,,,,,,,,,,,,,,,,,,,,,,,,,,,,,,,,,,,
12582,2019,5,12,1,0,5.4,0,0,0,2.6,,,,,,,,,,,,,,,,,,,,,,,,,,,,,,,,,,,,
12583,2019,5,12,1,15,5.300000000000001,0,0,0,2.7,,,,,,,,,,,,,,,,,,,,,,,,,,,,,,,,,,,,
12584,2019,5,12,1,30,5.2,0,0,0,2.8000000000000003,,,,,,,,,,,,,,,,,,,,,,,,,,,,,,,,,,,,
12585,2019,5,12,1,45,5,0,0,0,3,,,,,,,,,,,,,,,,,,,,,,,,,,,,,,,,,,,,
12586,2019,5,12,2,0,4.9,0,0,0,3.1,,,,,,,,,,,,,,,,,,,,,,,,,,,,,,,,,,,,
12587,2019,5,12,2,15,4.800000000000001,0,0,0,3.2,,,,,,,,,,,,,,,,,,,,,,,,,,,,,,,,,,,,
12588,2019,5,12,2,30,4.7,0,0,0,3.3000000000000003,,,,,,,,,,,,,,,,,,,,,,,,,,,,,,,,,,,,
12589,2019,5,12,2,45,4.6000000000000005,0,0,0,3.4000000000000004,,,,,,,,,,,,,,,,,,,,,,,,,,,,,,,,,,,,
12590,2019,5,12,3,0,4.5,0,0,0,3.6,,,,,,,,,,,,,,,,,,,,,,,,,,,,,,,,,,,,
12591,2019,5,12,3,15,4.3,0,0,0,3.6,,,,,,,,,,,,,,,,,,,,,,,,,,,,,,,,,,,,
12592,2019,5,12,3,30,4.1000000000000005,0,0,0,3.6,,,,,,,,,,,,,,,,,,,,,,,,,,,,,,,,,,,,
12593,2019,5,12,3,45,4,0,0,0,3.6,,,,,,,,,,,,,,,,,,,,,,,,,,,,,,,,,,,,
12594,2019,5,12,4,0,3.8000000000000003,0,0,0,3.6,,,,,,,,,,,,,,,,,,,,,,,,,,,,,,,,,,,,
12595,2019,5,12,4,15,3.8000000000000003,0,0,0,3.6,,,,,,,,,,,,,,,,,,,,,,,,,,,,,,,,,,,,
12596,2019,5,12,4,30,3.8000000000000003,0,0,0,3.7,,,,,,,,,,,,,,,,,,,,,,,,,,,,,,,,,,,,
12597,2019,5,12,4,45,3.8000000000000003,11,57,13,3.7,,,,,,,,,,,,,,,,,,,,,,,,,,,,,,,,,,,,
12598,2019,5,12,5,0,3.7,17,0,17,3.7,,,,,,,,,,,,,,,,,,,,,,,,,,,,,,,,,,,,
12599,2019,5,12,5,15,4,28,0,28,3.8000000000000003,,,,,,,,,,,,,,,,,,,,,,,,,,,,,,,,,,,,
12600,2019,5,12,5,30,4.3,43,0,43,3.9000000000000004,,,,,,,,,,,,,,,,,,,,,,,,,,,,,,,,,,,,
12601,2019,5,12,5,45,4.6000000000000005,62,178,94,4,,,,,,,,,,,,,,,,,,,,,,,,,,,,,,,,,,,,
12602,2019,5,12,6,0,4.9,76,208,121,4.1000000000000005,,,,,,,,,,,,,,,,,,,,,,,,,,,,,,,,,,,,
12603,2019,5,12,6,15,5.4,89,241,151,4.2,,,,,,,,,,,,,,,,,,,,,,,,,,,,,,,,,,,,
12604,2019,5,12,6,30,5.800000000000001,103,268,182,4.3,,,,,,,,,,,,,,,,,,,,,,,,,,,,,,,,,,,,
12605,2019,5,12,6,45,6.300000000000001,111,345,225,4.4,,,,,,,,,,,,,,,,,,,,,,,,,,,,,,,,,,,,
12606,2019,5,12,7,0,6.7,146,74,173,4.5,,,,,,,,,,,,,,,,,,,,,,,,,,,,,,,,,,,,
12607,2019,5,12,7,15,7.2,163,71,191,4.5,,,,,,,,,,,,,,,,,,,,,,,,,,,,,,,,,,,,
12608,2019,5,12,7,30,7.7,181,204,272,4.6000000000000005,,,,,,,,,,,,,,,,,,,,,,,,,,,,,,,,,,,,
12609,2019,5,12,7,45,8.200000000000001,203,158,279,4.6000000000000005,,,,,,,,,,,,,,,,,,,,,,,,,,,,,,,,,,,,
12610,2019,5,12,8,0,8.700000000000001,210,268,348,4.7,,,,,,,,,,,,,,,,,,,,,,,,,,,,,,,,,,,,
12611,2019,5,12,8,15,9.200000000000001,223,296,385,4.7,,,,,,,,,,,,,,,,,,,,,,,,,,,,,,,,,,,,
12612,2019,5,12,8,30,9.600000000000001,246,265,399,4.800000000000001,,,,,,,,,,,,,,,,,,,,,,,,,,,,,,,,,,,,
12613,2019,5,12,8,45,10.100000000000001,241,365,464,4.800000000000001,,,,,,,,,,,,,,,,,,,,,,,,,,,,,,,,,,,,
12614,2019,5,12,9,0,10.5,249,394,501,4.9,,,,,,,,,,,,,,,,,,,,,,,,,,,,,,,,,,,,
12615,2019,5,12,9,15,10.9,258,416,536,4.9,,,,,,,,,,,,,,,,,,,,,,,,,,,,,,,,,,,,
12616,2019,5,12,9,30,11.3,96,911,729,4.9,,,,,,,,,,,,,,,,,,,,,,,,,,,,,,,,,,,,
12617,2019,5,12,9,45,11.700000000000001,99,915,757,4.9,,,,,,,,,,,,,,,,,,,,,,,,,,,,,,,,,,,,
12618,2019,5,12,10,0,12.100000000000001,101,922,783,5,,,,,,,,,,,,,,,,,,,,,,,,,,,,,,,,,,,,
12619,2019,5,12,10,15,12.4,102,929,807,5,,,,,,,,,,,,,,,,,,,,,,,,,,,,,,,,,,,,
12620,2019,5,12,10,30,12.700000000000001,103,934,829,5,,,,,,,,,,,,,,,,,,,,,,,,,,,,,,,,,,,,
12621,2019,5,12,10,45,13,104,938,847,5,,,,,,,,,,,,,,,,,,,,,,,,,,,,,,,,,,,,
12622,2019,5,12,11,0,13.3,105,937,859,5,,,,,,,,,,,,,,,,,,,,,,,,,,,,,,,,,,,,
12623,2019,5,12,11,15,13.5,106,940,872,5,,,,,,,,,,,,,,,,,,,,,,,,,,,,,,,,,,,,
12624,2019,5,12,11,30,13.8,107,942,882,5,,,,,,,,,,,,,,,,,,,,,,,,,,,,,,,,,,,,
12625,2019,5,12,11,45,14,107,943,889,5,,,,,,,,,,,,,,,,,,,,,,,,,,,,,,,,,,,,
12626,2019,5,12,12,0,14.200000000000001,107,944,892,5,,,,,,,,,,,,,,,,,,,,,,,,,,,,,,,,,,,,
12627,2019,5,12,12,15,14.3,107,944,893,5,,,,,,,,,,,,,,,,,,,,,,,,,,,,,,,,,,,,
12628,2019,5,12,12,30,14.4,107,943,890,4.9,,,,,,,,,,,,,,,,,,,,,,,,,,,,,,,,,,,,
12629,2019,5,12,12,45,14.5,106,944,885,4.9,,,,,,,,,,,,,,,,,,,,,,,,,,,,,,,,,,,,
12630,2019,5,12,13,0,14.700000000000001,105,942,877,4.9,,,,,,,,,,,,,,,,,,,,,,,,,,,,,,,,,,,,
12631,2019,5,12,13,15,14.700000000000001,333,404,660,4.800000000000001,,,,,,,,,,,,,,,,,,,,,,,,,,,,,,,,,,,,
12632,2019,5,12,13,30,14.700000000000001,104,936,851,4.800000000000001,,,,,,,,,,,,,,,,,,,,,,,,,,,,,,,,,,,,
12633,2019,5,12,13,45,14.8,335,376,629,4.7,,,,,,,,,,,,,,,,,,,,,,,,,,,,,,,,,,,,
12634,2019,5,12,14,0,14.8,103,922,809,4.7,,,,,,,,,,,,,,,,,,,,,,,,,,,,,,,,,,,,
12635,2019,5,12,14,15,14.700000000000001,341,267,541,4.7,,,,,,,,,,,,,,,,,,,,,,,,,,,,,,,,,,,,
12636,2019,5,12,14,30,14.700000000000001,100,909,761,4.6000000000000005,,,,,,,,,,,,,,,,,,,,,,,,,,,,,,,,,,,,
12637,2019,5,12,14,45,14.600000000000001,100,899,733,4.6000000000000005,,,,,,,,,,,,,,,,,,,,,,,,,,,,,,,,,,,,
12638,2019,5,12,15,0,14.600000000000001,98,890,703,4.6000000000000005,,,,,,,,,,,,,,,,,,,,,,,,,,,,,,,,,,,,
12639,2019,5,12,15,15,14.5,96,880,671,4.6000000000000005,,,,,,,,,,,,,,,,,,,,,,,,,,,,,,,,,,,,
12640,2019,5,12,15,30,14.3,94,869,636,4.6000000000000005,,,,,,,,,,,,,,,,,,,,,,,,,,,,,,,,,,,,
12641,2019,5,12,15,45,14.200000000000001,226,388,456,4.5,,,,,,,,,,,,,,,,,,,,,,,,,,,,,,,,,,,,
12642,2019,5,12,16,0,14.100000000000001,207,397,430,4.5,,,,,,,,,,,,,,,,,,,,,,,,,,,,,,,,,,,,
12643,2019,5,12,16,15,13.9,88,817,521,4.5,,,,,,,,,,,,,,,,,,,,,,,,,,,,,,,,,,,,
12644,2019,5,12,16,30,13.700000000000001,85,799,481,4.4,,,,,,,,,,,,,,,,,,,,,,,,,,,,,,,,,,,,
12645,2019,5,12,16,45,13.600000000000001,85,770,439,4.4,,,,,,,,,,,,,,,,,,,,,,,,,,,,,,,,,,,,
12646,2019,5,12,17,0,13.4,82,746,397,4.4,,,,,,,,,,,,,,,,,,,,,,,,,,,,,,,,,,,,
12647,2019,5,12,17,15,13,125,398,279,4.2,,,,,,,,,,,,,,,,,,,,,,,,,,,,,,,,,,,,
12648,2019,5,12,17,30,12.700000000000001,74,687,313,4,,,,,,,,,,,,,,,,,,,,,,,,,,,,,,,,,,,,
12649,2019,5,12,17,45,12.4,70,647,271,3.8000000000000003,,,,,,,,,,,,,,,,,,,,,,,,,,,,,,,,,,,,
12650,2019,5,12,18,0,12.100000000000001,65,605,230,3.6,,,,,,,,,,,,,,,,,,,,,,,,,,,,,,,,,,,,
12651,2019,5,12,18,15,11.4,59,557,190,3.3000000000000003,,,,,,,,,,,,,,,,,,,,,,,,,,,,,,,,,,,,
12652,2019,5,12,18,30,10.8,53,504,152,3.1,,,,,,,,,,,,,,,,,,,,,,,,,,,,,,,,,,,,
12653,2019,5,12,18,45,10.100000000000001,46,437,115,2.8000000000000003,,,,,,,,,,,,,,,,,,,,,,,,,,,,,,,,,,,,
12654,2019,5,12,19,0,9.5,38,358,81,2.5,,,,,,,,,,,,,,,,,,,,,,,,,,,,,,,,,,,,
12655,2019,5,12,19,15,9,28,94,36,2.5,,,,,,,,,,,,,,,,,,,,,,,,,,,,,,,,,,,,
12656,2019,5,12,19,30,8.5,18,10,18,2.5,,,,,,,,,,,,,,,,,,,,,,,,,,,,,,,,,,,,
12657,2019,5,12,19,45,8.1,0,0,0,2.5,,,,,,,,,,,,,,,,,,,,,,,,,,,,,,,,,,,,
12658,2019,5,12,20,0,7.6000000000000005,0,0,0,2.5,,,,,,,,,,,,,,,,,,,,,,,,,,,,,,,,,,,,
12659,2019,5,12,20,15,7.4,0,0,0,2.6,,,,,,,,,,,,,,,,,,,,,,,,,,,,,,,,,,,,
12660,2019,5,12,20,30,7.2,0,0,0,2.6,,,,,,,,,,,,,,,,,,,,,,,,,,,,,,,,,,,,
12661,2019,5,12,20,45,7,0,0,0,2.7,,,,,,,,,,,,,,,,,,,,,,,,,,,,,,,,,,,,
12662,2019,5,12,21,0,6.800000000000001,0,0,0,2.8000000000000003,,,,,,,,,,,,,,,,,,,,,,,,,,,,,,,,,,,,
12663,2019,5,12,21,15,6.6000000000000005,0,0,0,2.8000000000000003,,,,,,,,,,,,,,,,,,,,,,,,,,,,,,,,,,,,
12664,2019,5,12,21,30,6.4,0,0,0,2.8000000000000003,,,,,,,,,,,,,,,,,,,,,,,,,,,,,,,,,,,,
12665,2019,5,12,21,45,6.1000000000000005,0,0,0,2.7,,,,,,,,,,,,,,,,,,,,,,,,,,,,,,,,,,,,
12666,2019,5,12,22,0,5.9,0,0,0,2.7,,,,,,,,,,,,,,,,,,,,,,,,,,,,,,,,,,,,
12667,2019,5,12,22,15,5.7,0,0,0,2.7,,,,,,,,,,,,,,,,,,,,,,,,,,,,,,,,,,,,
12668,2019,5,12,22,30,5.4,0,0,0,2.7,,,,,,,,,,,,,,,,,,,,,,,,,,,,,,,,,,,,
12669,2019,5,12,22,45,5.2,0,0,0,2.7,,,,,,,,,,,,,,,,,,,,,,,,,,,,,,,,,,,,
12670,2019,5,12,23,0,5,0,0,0,2.7,,,,,,,,,,,,,,,,,,,,,,,,,,,,,,,,,,,,
12671,2019,5,12,23,15,4.800000000000001,0,0,0,2.7,,,,,,,,,,,,,,,,,,,,,,,,,,,,,,,,,,,,
12672,2019,5,12,23,30,4.6000000000000005,0,0,0,2.7,,,,,,,,,,,,,,,,,,,,,,,,,,,,,,,,,,,,
12673,2019,5,12,23,45,4.4,0,0,0,2.7,,,,,,,,,,,,,,,,,,,,,,,,,,,,,,,,,,,,
12674,2019,5,13,0,0,4.3,0,0,0,2.8000000000000003,,,,,,,,,,,,,,,,,,,,,,,,,,,,,,,,,,,,
12675,2019,5,13,0,15,4.3,0,0,0,2.8000000000000003,,,,,,,,,,,,,,,,,,,,,,,,,,,,,,,,,,,,
12676,2019,5,13,0,30,4.3,0,0,0,2.8000000000000003,,,,,,,,,,,,,,,,,,,,,,,,,,,,,,,,,,,,
12677,2019,5,13,0,45,4.3,0,0,0,2.8000000000000003,,,,,,,,,,,,,,,,,,,,,,,,,,,,,,,,,,,,
12678,2019,5,13,1,0,3.7,0,0,0,2.8000000000000003,,,,,,,,,,,,,,,,,,,,,,,,,,,,,,,,,,,,
12679,2019,5,13,1,15,3.4000000000000004,0,0,0,2.7,,,,,,,,,,,,,,,,,,,,,,,,,,,,,,,,,,,,
12680,2019,5,13,1,30,3.2,0,0,0,2.6,,,,,,,,,,,,,,,,,,,,,,,,,,,,,,,,,,,,
12681,2019,5,13,1,45,3,0,0,0,2.5,,,,,,,,,,,,,,,,,,,,,,,,,,,,,,,,,,,,
12682,2019,5,13,2,0,2.8000000000000003,0,0,0,2.4000000000000004,,,,,,,,,,,,,,,,,,,,,,,,,,,,,,,,,,,,
12683,2019,5,13,2,15,2.6,0,0,0,2.4000000000000004,,,,,,,,,,,,,,,,,,,,,,,,,,,,,,,,,,,,
12684,2019,5,13,2,30,2.4000000000000004,0,0,0,2.3000000000000003,,,,,,,,,,,,,,,,,,,,,,,,,,,,,,,,,,,,
12685,2019,5,13,2,45,2.2,0,0,0,2.2,,,,,,,,,,,,,,,,,,,,,,,,,,,,,,,,,,,,
12686,2019,5,13,3,0,2,0,0,0,2.2,,,,,,,,,,,,,,,,,,,,,,,,,,,,,,,,,,,,
12687,2019,5,13,3,15,1.8,0,0,0,2.1,,,,,,,,,,,,,,,,,,,,,,,,,,,,,,,,,,,,
12688,2019,5,13,3,30,1.6,0,0,0,2.1,,,,,,,,,,,,,,,,,,,,,,,,,,,,,,,,,,,,
12689,2019,5,13,3,45,1.4000000000000001,0,0,0,2,,,,,,,,,,,,,,,,,,,,,,,,,,,,,,,,,,,,
12690,2019,5,13,4,0,1.2000000000000002,0,0,0,2,,,,,,,,,,,,,,,,,,,,,,,,,,,,,,,,,,,,
12691,2019,5,13,4,15,1.5,0,0,0,2.2,,,,,,,,,,,,,,,,,,,,,,,,,,,,,,,,,,,,
12692,2019,5,13,4,30,1.8,0,0,0,2.4000000000000004,,,,,,,,,,,,,,,,,,,,,,,,,,,,,,,,,,,,
12693,2019,5,13,4,45,2,17,133,22,2.6,,,,,,,,,,,,,,,,,,,,,,,,,,,,,,,,,,,,
12694,2019,5,13,5,0,2.3000000000000003,27,248,45,2.8000000000000003,,,,,,,,,,,,,,,,,,,,,,,,,,,,,,,,,,,,
12695,2019,5,13,5,15,2.8000000000000003,36,350,74,2.9000000000000004,,,,,,,,,,,,,,,,,,,,,,,,,,,,,,,,,,,,
12696,2019,5,13,5,30,3.3000000000000003,44,435,108,2.9000000000000004,,,,,,,,,,,,,,,,,,,,,,,,,,,,,,,,,,,,
12697,2019,5,13,5,45,3.8000000000000003,51,515,145,2.9000000000000004,,,,,,,,,,,,,,,,,,,,,,,,,,,,,,,,,,,,
12698,2019,5,13,6,0,4.3,57,575,184,3,,,,,,,,,,,,,,,,,,,,,,,,,,,,,,,,,,,,
12699,2019,5,13,6,15,4.9,63,626,225,3,,,,,,,,,,,,,,,,,,,,,,,,,,,,,,,,,,,,
12700,2019,5,13,6,30,5.5,67,670,267,3.1,,,,,,,,,,,,,,,,,,,,,,,,,,,,,,,,,,,,
12701,2019,5,13,6,45,6.1000000000000005,70,717,311,3.1,,,,,,,,,,,,,,,,,,,,,,,,,,,,,,,,,,,,
12702,2019,5,13,7,0,6.800000000000001,74,749,354,3.2,,,,,,,,,,,,,,,,,,,,,,,,,,,,,,,,,,,,
12703,2019,5,13,7,15,7.300000000000001,78,777,397,3.2,,,,,,,,,,,,,,,,,,,,,,,,,,,,,,,,,,,,
12704,2019,5,13,7,30,7.800000000000001,81,801,440,3.3000000000000003,,,,,,,,,,,,,,,,,,,,,,,,,,,,,,,,,,,,
12705,2019,5,13,7,45,8.4,83,827,483,3.3000000000000003,,,,,,,,,,,,,,,,,,,,,,,,,,,,,,,,,,,,
12706,2019,5,13,8,0,8.9,85,839,520,3.4000000000000004,,,,,,,,,,,,,,,,,,,,,,,,,,,,,,,,,,,,
12707,2019,5,13,8,15,9.3,88,856,560,3.4000000000000004,,,,,,,,,,,,,,,,,,,,,,,,,,,,,,,,,,,,
12708,2019,5,13,8,30,9.8,90,871,599,3.5,,,,,,,,,,,,,,,,,,,,,,,,,,,,,,,,,,,,
12709,2019,5,13,8,45,10.3,92,885,636,3.6,,,,,,,,,,,,,,,,,,,,,,,,,,,,,,,,,,,,
12710,2019,5,13,9,0,10.700000000000001,94,897,671,3.6,,,,,,,,,,,,,,,,,,,,,,,,,,,,,,,,,,,,
12711,2019,5,13,9,15,11.100000000000001,96,907,705,3.7,,,,,,,,,,,,,,,,,,,,,,,,,,,,,,,,,,,,
12712,2019,5,13,9,30,11.5,98,916,736,3.7,,,,,,,,,,,,,,,,,,,,,,,,,,,,,,,,,,,,
12713,2019,5,13,9,45,11.9,99,924,765,3.8000000000000003,,,,,,,,,,,,,,,,,,,,,,,,,,,,,,,,,,,,
12714,2019,5,13,10,0,12.200000000000001,100,926,787,3.8000000000000003,,,,,,,,,,,,,,,,,,,,,,,,,,,,,,,,,,,,
12715,2019,5,13,10,15,12.5,101,932,811,3.9000000000000004,,,,,,,,,,,,,,,,,,,,,,,,,,,,,,,,,,,,
12716,2019,5,13,10,30,12.8,102,937,833,3.9000000000000004,,,,,,,,,,,,,,,,,,,,,,,,,,,,,,,,,,,,
12717,2019,5,13,10,45,13.100000000000001,103,942,852,4,,,,,,,,,,,,,,,,,,,,,,,,,,,,,,,,,,,,
12718,2019,5,13,11,0,13.4,104,946,867,4,,,,,,,,,,,,,,,,,,,,,,,,,,,,,,,,,,,,
12719,2019,5,13,11,15,13.600000000000001,104,949,880,4.1000000000000005,,,,,,,,,,,,,,,,,,,,,,,,,,,,,,,,,,,,
12720,2019,5,13,11,30,13.9,309,479,704,4.1000000000000005,,,,,,,,,,,,,,,,,,,,,,,,,,,,,,,,,,,,
12721,2019,5,13,11,45,14.100000000000001,358,377,671,4.2,,,,,,,,,,,,,,,,,,,,,,,,,,,,,,,,,,,,
12722,2019,5,13,12,0,14.3,297,533,742,4.2,,,,,,,,,,,,,,,,,,,,,,,,,,,,,,,,,,,,
12723,2019,5,13,12,15,14.4,104,950,897,4.2,,,,,,,,,,,,,,,,,,,,,,,,,,,,,,,,,,,,
12724,2019,5,13,12,30,14.600000000000001,104,949,895,4.3,,,,,,,,,,,,,,,,,,,,,,,,,,,,,,,,,,,,
12725,2019,5,13,12,45,14.700000000000001,105,946,889,4.3,,,,,,,,,,,,,,,,,,,,,,,,,,,,,,,,,,,,
12726,2019,5,13,13,0,14.8,396,198,559,4.3,,,,,,,,,,,,,,,,,,,,,,,,,,,,,,,,,,,,
12727,2019,5,13,13,15,14.9,364,327,629,4.3,,,,,,,,,,,,,,,,,,,,,,,,,,,,,,,,,,,,
12728,2019,5,13,13,30,15,379,228,562,4.3,,,,,,,,,,,,,,,,,,,,,,,,,,,,,,,,,,,,
12729,2019,5,13,13,45,15,371,227,549,4.3,,,,,,,,,,,,,,,,,,,,,,,,,,,,,,,,,,,,
12730,2019,5,13,14,0,15.100000000000001,101,925,813,4.3,,,,,,,,,,,,,,,,,,,,,,,,,,,,,,,,,,,,
12731,2019,5,13,14,15,15,328,326,572,4.3,,,,,,,,,,,,,,,,,,,,,,,,,,,,,,,,,,,,
12732,2019,5,13,14,30,15,330,265,524,4.2,,,,,,,,,,,,,,,,,,,,,,,,,,,,,,,,,,,,
12733,2019,5,13,14,45,15,98,904,737,4.2,,,,,,,,,,,,,,,,,,,,,,,,,,,,,,,,,,,,
12734,2019,5,13,15,0,15,280,359,525,4.2,,,,,,,,,,,,,,,,,,,,,,,,,,,,,,,,,,,,
12735,2019,5,13,15,15,14.9,264,365,503,4.1000000000000005,,,,,,,,,,,,,,,,,,,,,,,,,,,,,,,,,,,,
12736,2019,5,13,15,30,14.8,93,874,640,4.1000000000000005,,,,,,,,,,,,,,,,,,,,,,,,,,,,,,,,,,,,
12737,2019,5,13,15,45,14.700000000000001,91,861,604,4.1000000000000005,,,,,,,,,,,,,,,,,,,,,,,,,,,,,,,,,,,,
12738,2019,5,13,16,0,14.600000000000001,88,847,567,4,,,,,,,,,,,,,,,,,,,,,,,,,,,,,,,,,,,,
12739,2019,5,13,16,15,14.4,86,831,528,3.9000000000000004,,,,,,,,,,,,,,,,,,,,,,,,,,,,,,,,,,,,
12740,2019,5,13,16,30,14.200000000000001,83,813,488,3.9000000000000004,,,,,,,,,,,,,,,,,,,,,,,,,,,,,,,,,,,,
12741,2019,5,13,16,45,14.100000000000001,81,791,447,3.8000000000000003,,,,,,,,,,,,,,,,,,,,,,,,,,,,,,,,,,,,
12742,2019,5,13,17,0,13.9,78,768,405,3.7,,,,,,,,,,,,,,,,,,,,,,,,,,,,,,,,,,,,
12743,2019,5,13,17,15,13.5,74,742,363,3.4000000000000004,,,,,,,,,,,,,,,,,,,,,,,,,,,,,,,,,,,,
12744,2019,5,13,17,30,13.100000000000001,124,305,231,3.1,,,,,,,,,,,,,,,,,,,,,,,,,,,,,,,,,,,,
12745,2019,5,13,17,45,12.700000000000001,94,408,222,2.8000000000000003,,,,,,,,,,,,,,,,,,,,,,,,,,,,,,,,,,,,
12746,2019,5,13,18,0,12.4,84,374,187,2.5,,,,,,,,,,,,,,,,,,,,,,,,,,,,,,,,,,,,
12747,2019,5,13,18,15,11.600000000000001,73,337,153,2.3000000000000003,,,,,,,,,,,,,,,,,,,,,,,,,,,,,,,,,,,,
12748,2019,5,13,18,30,10.8,62,296,121,2,,,,,,,,,,,,,,,,,,,,,,,,,,,,,,,,,,,,
12749,2019,5,13,18,45,10,45,471,121,1.8,,,,,,,,,,,,,,,,,,,,,,,,,,,,,,,,,,,,
12750,2019,5,13,19,0,9.200000000000001,37,396,87,1.6,,,,,,,,,,,,,,,,,,,,,,,,,,,,,,,,,,,,
12751,2019,5,13,19,15,8.8,29,306,56,1.6,,,,,,,,,,,,,,,,,,,,,,,,,,,,,,,,,,,,
12752,2019,5,13,19,30,8.3,20,200,31,1.6,,,,,,,,,,,,,,,,,,,,,,,,,,,,,,,,,,,,
12753,2019,5,13,19,45,7.800000000000001,11,86,12,1.7000000000000002,,,,,,,,,,,,,,,,,,,,,,,,,,,,,,,,,,,,
12754,2019,5,13,20,0,7.4,0,0,0,1.7000000000000002,,,,,,,,,,,,,,,,,,,,,,,,,,,,,,,,,,,,
12755,2019,5,13,20,15,7.2,0,0,0,1.7000000000000002,,,,,,,,,,,,,,,,,,,,,,,,,,,,,,,,,,,,
12756,2019,5,13,20,30,7,0,0,0,1.7000000000000002,,,,,,,,,,,,,,,,,,,,,,,,,,,,,,,,,,,,
12757,2019,5,13,20,45,6.7,0,0,0,1.8,,,,,,,,,,,,,,,,,,,,,,,,,,,,,,,,,,,,
12758,2019,5,13,21,0,6.5,0,0,0,1.8,,,,,,,,,,,,,,,,,,,,,,,,,,,,,,,,,,,,
12759,2019,5,13,21,15,6.300000000000001,0,0,0,1.8,,,,,,,,,,,,,,,,,,,,,,,,,,,,,,,,,,,,
12760,2019,5,13,21,30,6.1000000000000005,0,0,0,1.8,,,,,,,,,,,,,,,,,,,,,,,,,,,,,,,,,,,,
12761,2019,5,13,21,45,5.9,0,0,0,1.8,,,,,,,,,,,,,,,,,,,,,,,,,,,,,,,,,,,,
12762,2019,5,13,22,0,5.7,0,0,0,1.9000000000000001,,,,,,,,,,,,,,,,,,,,,,,,,,,,,,,,,,,,
12763,2019,5,13,22,15,5.5,0,0,0,1.9000000000000001,,,,,,,,,,,,,,,,,,,,,,,,,,,,,,,,,,,,
12764,2019,5,13,22,30,5.4,0,0,0,1.9000000000000001,,,,,,,,,,,,,,,,,,,,,,,,,,,,,,,,,,,,
12765,2019,5,13,22,45,5.2,0,0,0,2,,,,,,,,,,,,,,,,,,,,,,,,,,,,,,,,,,,,
12766,2019,5,13,23,0,5,0,0,0,2,,,,,,,,,,,,,,,,,,,,,,,,,,,,,,,,,,,,
12767,2019,5,13,23,15,4.9,0,0,0,2,,,,,,,,,,,,,,,,,,,,,,,,,,,,,,,,,,,,
12768,2019,5,13,23,30,4.7,0,0,0,2,,,,,,,,,,,,,,,,,,,,,,,,,,,,,,,,,,,,
12769,2019,5,13,23,45,4.6000000000000005,0,0,0,2,,,,,,,,,,,,,,,,,,,,,,,,,,,,,,,,,,,,
12770,2019,5,14,0,0,4.4,0,0,0,2,,,,,,,,,,,,,,,,,,,,,,,,,,,,,,,,,,,,
12771,2019,5,14,0,15,4.4,0,0,0,2,,,,,,,,,,,,,,,,,,,,,,,,,,,,,,,,,,,,
12772,2019,5,14,0,30,4.4,0,0,0,2,,,,,,,,,,,,,,,,,,,,,,,,,,,,,,,,,,,,
12773,2019,5,14,0,45,4.4,0,0,0,2,,,,,,,,,,,,,,,,,,,,,,,,,,,,,,,,,,,,
12774,2019,5,14,1,0,3.8000000000000003,0,0,0,1.8,,,,,,,,,,,,,,,,,,,,,,,,,,,,,,,,,,,,
12775,2019,5,14,1,15,3.6,0,0,0,1.8,,,,,,,,,,,,,,,,,,,,,,,,,,,,,,,,,,,,
12776,2019,5,14,1,30,3.4000000000000004,0,0,0,1.7000000000000002,,,,,,,,,,,,,,,,,,,,,,,,,,,,,,,,,,,,
12777,2019,5,14,1,45,3.2,0,0,0,1.6,,,,,,,,,,,,,,,,,,,,,,,,,,,,,,,,,,,,
12778,2019,5,14,2,0,3,0,0,0,1.5,,,,,,,,,,,,,,,,,,,,,,,,,,,,,,,,,,,,
12779,2019,5,14,2,15,2.8000000000000003,0,0,0,1.5,,,,,,,,,,,,,,,,,,,,,,,,,,,,,,,,,,,,
12780,2019,5,14,2,30,2.6,0,0,0,1.5,,,,,,,,,,,,,,,,,,,,,,,,,,,,,,,,,,,,
12781,2019,5,14,2,45,2.4000000000000004,0,0,0,1.5,,,,,,,,,,,,,,,,,,,,,,,,,,,,,,,,,,,,
12782,2019,5,14,3,0,2.2,0,0,0,1.4000000000000001,,,,,,,,,,,,,,,,,,,,,,,,,,,,,,,,,,,,
12783,2019,5,14,3,15,2.1,0,0,0,1.4000000000000001,,,,,,,,,,,,,,,,,,,,,,,,,,,,,,,,,,,,
12784,2019,5,14,3,30,2,0,0,0,1.4000000000000001,,,,,,,,,,,,,,,,,,,,,,,,,,,,,,,,,,,,
12785,2019,5,14,3,45,1.9000000000000001,0,0,0,1.4000000000000001,,,,,,,,,,,,,,,,,,,,,,,,,,,,,,,,,,,,
12786,2019,5,14,4,0,1.8,0,0,0,1.4000000000000001,,,,,,,,,,,,,,,,,,,,,,,,,,,,,,,,,,,,
12787,2019,5,14,4,15,2.2,0,0,0,1.6,,,,,,,,,,,,,,,,,,,,,,,,,,,,,,,,,,,,
12788,2019,5,14,4,30,2.5,0,0,0,1.7000000000000002,,,,,,,,,,,,,,,,,,,,,,,,,,,,,,,,,,,,
12789,2019,5,14,4,45,2.9000000000000004,17,141,23,1.9000000000000001,,,,,,,,,,,,,,,,,,,,,,,,,,,,,,,,,,,,
12790,2019,5,14,5,0,3.3000000000000003,27,248,46,2.1,,,,,,,,,,,,,,,,,,,,,,,,,,,,,,,,,,,,
12791,2019,5,14,5,15,3.8000000000000003,36,342,75,2.2,,,,,,,,,,,,,,,,,,,,,,,,,,,,,,,,,,,,
12792,2019,5,14,5,30,4.3,44,423,107,2.3000000000000003,,,,,,,,,,,,,,,,,,,,,,,,,,,,,,,,,,,,
12793,2019,5,14,5,45,4.800000000000001,52,493,144,2.4000000000000004,,,,,,,,,,,,,,,,,,,,,,,,,,,,,,,,,,,,
12794,2019,5,14,6,0,5.300000000000001,58,551,182,2.5,,,,,,,,,,,,,,,,,,,,,,,,,,,,,,,,,,,,
12795,2019,5,14,6,15,6,64,601,222,2.7,,,,,,,,,,,,,,,,,,,,,,,,,,,,,,,,,,,,
12796,2019,5,14,6,30,6.7,69,644,263,2.9000000000000004,,,,,,,,,,,,,,,,,,,,,,,,,,,,,,,,,,,,
12797,2019,5,14,6,45,7.5,73,682,305,3.1,,,,,,,,,,,,,,,,,,,,,,,,,,,,,,,,,,,,
12798,2019,5,14,7,0,8.200000000000001,78,714,347,3.3000000000000003,,,,,,,,,,,,,,,,,,,,,,,,,,,,,,,,,,,,
12799,2019,5,14,7,15,8.700000000000001,82,743,389,3.5,,,,,,,,,,,,,,,,,,,,,,,,,,,,,,,,,,,,
12800,2019,5,14,7,30,9.1,85,767,431,3.6,,,,,,,,,,,,,,,,,,,,,,,,,,,,,,,,,,,,
12801,2019,5,14,7,45,9.600000000000001,88,789,472,3.8000000000000003,,,,,,,,,,,,,,,,,,,,,,,,,,,,,,,,,,,,
12802,2019,5,14,8,0,10,91,809,512,3.9000000000000004,,,,,,,,,,,,,,,,,,,,,,,,,,,,,,,,,,,,
12803,2019,5,14,8,15,10.3,94,826,551,4,,,,,,,,,,,,,,,,,,,,,,,,,,,,,,,,,,,,
12804,2019,5,14,8,30,10.600000000000001,96,841,589,4.1000000000000005,,,,,,,,,,,,,,,,,,,,,,,,,,,,,,,,,,,,
12805,2019,5,14,8,45,10.8,98,857,626,4.2,,,,,,,,,,,,,,,,,,,,,,,,,,,,,,,,,,,,
12806,2019,5,14,9,0,11.100000000000001,100,868,661,4.3,,,,,,,,,,,,,,,,,,,,,,,,,,,,,,,,,,,,
12807,2019,5,14,9,15,11.3,299,84,356,4.4,,,,,,,,,,,,,,,,,,,,,,,,,,,,,,,,,,,,
12808,2019,5,14,9,30,11.5,194,6,198,4.4,,,,,,,,,,,,,,,,,,,,,,,,,,,,,,,,,,,,
12809,2019,5,14,9,45,11.700000000000001,185,5,188,4.5,,,,,,,,,,,,,,,,,,,,,,,,,,,,,,,,,,,,
12810,2019,5,14,10,0,11.8,148,0,148,4.5,,,,,,,,,,,,,,,,,,,,,,,,,,,,,,,,,,,,
12811,2019,5,14,10,15,12,92,0,92,4.6000000000000005,,,,,,,,,,,,,,,,,,,,,,,,,,,,,,,,,,,,
12812,2019,5,14,10,30,12.100000000000001,110,0,110,4.7,,,,,,,,,,,,,,,,,,,,,,,,,,,,,,,,,,,,
12813,2019,5,14,10,45,12.200000000000001,199,7,204,4.800000000000001,,,,,,,,,,,,,,,,,,,,,,,,,,,,,,,,,,,,
12814,2019,5,14,11,0,12.4,313,28,336,4.800000000000001,,,,,,,,,,,,,,,,,,,,,,,,,,,,,,,,,,,,
12815,2019,5,14,11,15,12.4,356,51,397,4.9,,,,,,,,,,,,,,,,,,,,,,,,,,,,,,,,,,,,
12816,2019,5,14,11,30,12.5,373,64,426,4.9,,,,,,,,,,,,,,,,,,,,,,,,,,,,,,,,,,,,
12817,2019,5,14,11,45,12.600000000000001,404,197,569,4.9,,,,,,,,,,,,,,,,,,,,,,,,,,,,,,,,,,,,
12818,2019,5,14,12,0,12.700000000000001,236,11,245,5,,,,,,,,,,,,,,,,,,,,,,,,,,,,,,,,,,,,
12819,2019,5,14,12,15,12.700000000000001,344,37,375,5,,,,,,,,,,,,,,,,,,,,,,,,,,,,,,,,,,,,
12820,2019,5,14,12,30,12.700000000000001,135,0,135,4.9,,,,,,,,,,,,,,,,,,,,,,,,,,,,,,,,,,,,
12821,2019,5,14,12,45,12.700000000000001,389,274,617,4.9,,,,,,,,,,,,,,,,,,,,,,,,,,,,,,,,,,,,
12822,2019,5,14,13,0,12.700000000000001,386,272,609,4.9,,,,,,,,,,,,,,,,,,,,,,,,,,,,,,,,,,,,
12823,2019,5,14,13,15,12.700000000000001,355,366,653,4.9,,,,,,,,,,,,,,,,,,,,,,,,,,,,,,,,,,,,
12824,2019,5,14,13,30,12.8,376,256,581,4.800000000000001,,,,,,,,,,,,,,,,,,,,,,,,,,,,,,,,,,,,
12825,2019,5,14,13,45,12.8,374,219,546,4.800000000000001,,,,,,,,,,,,,,,,,,,,,,,,,,,,,,,,,,,,
12826,2019,5,14,14,0,12.8,102,0,102,4.7,,,,,,,,,,,,,,,,,,,,,,,,,,,,,,,,,,,,
12827,2019,5,14,14,15,12.8,90,0,90,4.7,,,,,,,,,,,,,,,,,,,,,,,,,,,,,,,,,,,,
12828,2019,5,14,14,30,12.8,291,34,316,4.6000000000000005,,,,,,,,,,,,,,,,,,,,,,,,,,,,,,,,,,,,
12829,2019,5,14,14,45,12.700000000000001,330,185,461,4.6000000000000005,,,,,,,,,,,,,,,,,,,,,,,,,,,,,,,,,,,,
12830,2019,5,14,15,0,12.700000000000001,305,82,361,4.5,,,,,,,,,,,,,,,,,,,,,,,,,,,,,,,,,,,,
12831,2019,5,14,15,15,12.700000000000001,58,0,58,4.5,,,,,,,,,,,,,,,,,,,,,,,,,,,,,,,,,,,,
12832,2019,5,14,15,30,12.600000000000001,145,0,145,4.4,,,,,,,,,,,,,,,,,,,,,,,,,,,,,,,,,,,,
12833,2019,5,14,15,45,12.600000000000001,180,5,183,4.3,,,,,,,,,,,,,,,,,,,,,,,,,,,,,,,,,,,,
12834,2019,5,14,16,0,12.600000000000001,247,200,360,4.3,,,,,,,,,,,,,,,,,,,,,,,,,,,,,,,,,,,,
12835,2019,5,14,16,15,12.4,96,801,524,4.2,,,,,,,,,,,,,,,,,,,,,,,,,,,,,,,,,,,,
12836,2019,5,14,16,30,12.3,93,786,486,4.1000000000000005,,,,,,,,,,,,,,,,,,,,,,,,,,,,,,,,,,,,
12837,2019,5,14,16,45,12.200000000000001,91,762,445,4,,,,,,,,,,,,,,,,,,,,,,,,,,,,,,,,,,,,
12838,2019,5,14,17,0,12,87,738,404,4,,,,,,,,,,,,,,,,,,,,,,,,,,,,,,,,,,,,
12839,2019,5,14,17,15,11.8,83,711,362,3.8000000000000003,,,,,,,,,,,,,,,,,,,,,,,,,,,,,,,,,,,,
12840,2019,5,14,17,30,11.5,111,402,254,3.6,,,,,,,,,,,,,,,,,,,,,,,,,,,,,,,,,,,,
12841,2019,5,14,17,45,11.200000000000001,100,371,218,3.4000000000000004,,,,,,,,,,,,,,,,,,,,,,,,,,,,,,,,,,,,
12842,2019,5,14,18,0,10.9,81,409,195,3.2,,,,,,,,,,,,,,,,,,,,,,,,,,,,,,,,,,,,
12843,2019,5,14,18,15,10.200000000000001,71,368,160,2.9000000000000004,,,,,,,,,,,,,,,,,,,,,,,,,,,,,,,,,,,,
12844,2019,5,14,18,30,9.5,61,325,127,2.7,,,,,,,,,,,,,,,,,,,,,,,,,,,,,,,,,,,,
12845,2019,5,14,18,45,8.8,51,278,97,2.4000000000000004,,,,,,,,,,,,,,,,,,,,,,,,,,,,,,,,,,,,
12846,2019,5,14,19,0,8.1,41,224,69,2.2,,,,,,,,,,,,,,,,,,,,,,,,,,,,,,,,,,,,
12847,2019,5,14,19,15,7.6000000000000005,30,159,45,2.2,,,,,,,,,,,,,,,,,,,,,,,,,,,,,,,,,,,,
12848,2019,5,14,19,30,7,20,68,24,2.2,,,,,,,,,,,,,,,,,,,,,,,,,,,,,,,,,,,,
12849,2019,5,14,19,45,6.4,12,101,14,2.2,,,,,,,,,,,,,,,,,,,,,,,,,,,,,,,,,,,,
12850,2019,5,14,20,0,5.800000000000001,0,0,0,2.2,,,,,,,,,,,,,,,,,,,,,,,,,,,,,,,,,,,,
12851,2019,5,14,20,15,5.6000000000000005,0,0,0,2.3000000000000003,,,,,,,,,,,,,,,,,,,,,,,,,,,,,,,,,,,,
12852,2019,5,14,20,30,5.300000000000001,0,0,0,2.3000000000000003,,,,,,,,,,,,,,,,,,,,,,,,,,,,,,,,,,,,
12853,2019,5,14,20,45,5,0,0,0,2.4000000000000004,,,,,,,,,,,,,,,,,,,,,,,,,,,,,,,,,,,,
12854,2019,5,14,21,0,4.800000000000001,0,0,0,2.4000000000000004,,,,,,,,,,,,,,,,,,,,,,,,,,,,,,,,,,,,
12855,2019,5,14,21,15,4.5,0,0,0,2.3000000000000003,,,,,,,,,,,,,,,,,,,,,,,,,,,,,,,,,,,,
12856,2019,5,14,21,30,4.2,0,0,0,2.3000000000000003,,,,,,,,,,,,,,,,,,,,,,,,,,,,,,,,,,,,
12857,2019,5,14,21,45,3.9000000000000004,0,0,0,2.2,,,,,,,,,,,,,,,,,,,,,,,,,,,,,,,,,,,,
12858,2019,5,14,22,0,3.6,0,0,0,2.1,,,,,,,,,,,,,,,,,,,,,,,,,,,,,,,,,,,,
12859,2019,5,14,22,15,3.3000000000000003,0,0,0,2,,,,,,,,,,,,,,,,,,,,,,,,,,,,,,,,,,,,
12860,2019,5,14,22,30,3,0,0,0,2,,,,,,,,,,,,,,,,,,,,,,,,,,,,,,,,,,,,
12861,2019,5,14,22,45,2.7,0,0,0,1.9000000000000001,,,,,,,,,,,,,,,,,,,,,,,,,,,,,,,,,,,,
12862,2019,5,14,23,0,2.5,0,0,0,1.8,,,,,,,,,,,,,,,,,,,,,,,,,,,,,,,,,,,,
12863,2019,5,14,23,15,2.2,0,0,0,1.7000000000000002,,,,,,,,,,,,,,,,,,,,,,,,,,,,,,,,,,,,
12864,2019,5,14,23,30,2,0,0,0,1.7000000000000002,,,,,,,,,,,,,,,,,,,,,,,,,,,,,,,,,,,,
12865,2019,5,14,23,45,1.8,0,0,0,1.7000000000000002,,,,,,,,,,,,,,,,,,,,,,,,,,,,,,,,,,,,
12866,2019,5,15,0,0,1.6,0,0,0,1.6,,,,,,,,,,,,,,,,,,,,,,,,,,,,,,,,,,,,
12867,2019,5,15,0,15,1.6,0,0,0,1.6,,,,,,,,,,,,,,,,,,,,,,,,,,,,,,,,,,,,
12868,2019,5,15,0,30,1.6,0,0,0,1.6,,,,,,,,,,,,,,,,,,,,,,,,,,,,,,,,,,,,
12869,2019,5,15,0,45,1.6,0,0,0,1.6,,,,,,,,,,,,,,,,,,,,,,,,,,,,,,,,,,,,
12870,2019,5,15,1,0,0.9,0,0,0,1.7000000000000002,,,,,,,,,,,,,,,,,,,,,,,,,,,,,,,,,,,,
12871,2019,5,15,1,15,0.8,0,0,0,1.7000000000000002,,,,,,,,,,,,,,,,,,,,,,,,,,,,,,,,,,,,
12872,2019,5,15,1,30,0.6000000000000001,0,0,0,1.7000000000000002,,,,,,,,,,,,,,,,,,,,,,,,,,,,,,,,,,,,
12873,2019,5,15,1,45,0.5,0,0,0,1.7000000000000002,,,,,,,,,,,,,,,,,,,,,,,,,,,,,,,,,,,,
12874,2019,5,15,2,0,0.4,0,0,0,1.7000000000000002,,,,,,,,,,,,,,,,,,,,,,,,,,,,,,,,,,,,
12875,2019,5,15,2,15,0.2,0,0,0,1.7000000000000002,,,,,,,,,,,,,,,,,,,,,,,,,,,,,,,,,,,,
12876,2019,5,15,2,30,0.1,0,0,0,1.7000000000000002,,,,,,,,,,,,,,,,,,,,,,,,,,,,,,,,,,,,
12877,2019,5,15,2,45,-0.1,0,0,0,1.7000000000000002,,,,,,,,,,,,,,,,,,,,,,,,,,,,,,,,,,,,
12878,2019,5,15,3,0,-0.2,0,0,0,1.7000000000000002,,,,,,,,,,,,,,,,,,,,,,,,,,,,,,,,,,,,
12879,2019,5,15,3,15,-0.30000000000000004,0,0,0,1.7000000000000002,,,,,,,,,,,,,,,,,,,,,,,,,,,,,,,,,,,,
12880,2019,5,15,3,30,-0.4,0,0,0,1.7000000000000002,,,,,,,,,,,,,,,,,,,,,,,,,,,,,,,,,,,,
12881,2019,5,15,3,45,-0.5,0,0,0,1.7000000000000002,,,,,,,,,,,,,,,,,,,,,,,,,,,,,,,,,,,,
12882,2019,5,15,4,0,-0.6000000000000001,0,0,0,1.7000000000000002,,,,,,,,,,,,,,,,,,,,,,,,,,,,,,,,,,,,
12883,2019,5,15,4,15,-0.2,0,0,0,1.9000000000000001,,,,,,,,,,,,,,,,,,,,,,,,,,,,,,,,,,,,
12884,2019,5,15,4,30,0.2,0,0,0,2.1,,,,,,,,,,,,,,,,,,,,,,,,,,,,,,,,,,,,
12885,2019,5,15,4,45,0.6000000000000001,17,203,26,2.2,,,,,,,,,,,,,,,,,,,,,,,,,,,,,,,,,,,,
12886,2019,5,15,5,0,0.9,26,317,51,2.4000000000000004,,,,,,,,,,,,,,,,,,,,,,,,,,,,,,,,,,,,
12887,2019,5,15,5,15,1.4000000000000001,33,414,81,2.5,,,,,,,,,,,,,,,,,,,,,,,,,,,,,,,,,,,,
12888,2019,5,15,5,30,1.9000000000000001,40,493,115,2.5,,,,,,,,,,,,,,,,,,,,,,,,,,,,,,,,,,,,
12889,2019,5,15,5,45,2.4000000000000004,46,560,153,2.6,,,,,,,,,,,,,,,,,,,,,,,,,,,,,,,,,,,,
12890,2019,5,15,6,0,2.9000000000000004,52,615,192,2.7,,,,,,,,,,,,,,,,,,,,,,,,,,,,,,,,,,,,
12891,2019,5,15,6,15,3.8000000000000003,74,0,74,2.9000000000000004,,,,,,,,,,,,,,,,,,,,,,,,,,,,,,,,,,,,
12892,2019,5,15,6,30,4.6000000000000005,106,12,109,3.1,,,,,,,,,,,,,,,,,,,,,,,,,,,,,,,,,,,,
12893,2019,5,15,6,45,5.5,110,0,110,3.4000000000000004,,,,,,,,,,,,,,,,,,,,,,,,,,,,,,,,,,,,
12894,2019,5,15,7,0,6.4,96,0,96,3.6,,,,,,,,,,,,,,,,,,,,,,,,,,,,,,,,,,,,
12895,2019,5,15,7,15,7,118,0,118,3.8000000000000003,,,,,,,,,,,,,,,,,,,,,,,,,,,,,,,,,,,,
12896,2019,5,15,7,30,7.6000000000000005,158,15,165,4,,,,,,,,,,,,,,,,,,,,,,,,,,,,,,,,,,,,
12897,2019,5,15,7,45,8.200000000000001,158,5,160,4.2,,,,,,,,,,,,,,,,,,,,,,,,,,,,,,,,,,,,
12898,2019,5,15,8,0,8.9,119,0,119,4.4,,,,,,,,,,,,,,,,,,,,,,,,,,,,,,,,,,,,
12899,2019,5,15,8,15,9.3,100,0,100,4.4,,,,,,,,,,,,,,,,,,,,,,,,,,,,,,,,,,,,
12900,2019,5,15,8,30,9.700000000000001,88,0,88,4.5,,,,,,,,,,,,,,,,,,,,,,,,,,,,,,,,,,,,
12901,2019,5,15,8,45,10,97,0,97,4.6000000000000005,,,,,,,,,,,,,,,,,,,,,,,,,,,,,,,,,,,,
12902,2019,5,15,9,0,10.4,92,0,92,4.6000000000000005,,,,,,,,,,,,,,,,,,,,,,,,,,,,,,,,,,,,
12903,2019,5,15,9,15,10.8,208,9,214,4.6000000000000005,,,,,,,,,,,,,,,,,,,,,,,,,,,,,,,,,,,,
12904,2019,5,15,9,30,11.100000000000001,219,11,226,4.7,,,,,,,,,,,,,,,,,,,,,,,,,,,,,,,,,,,,
12905,2019,5,15,9,45,11.4,340,156,453,4.7,,,,,,,,,,,,,,,,,,,,,,,,,,,,,,,,,,,,
12906,2019,5,15,10,0,11.8,353,173,482,4.7,,,,,,,,,,,,,,,,,,,,,,,,,,,,,,,,,,,,
12907,2019,5,15,10,15,12,360,109,443,4.7,,,,,,,,,,,,,,,,,,,,,,,,,,,,,,,,,,,,
12908,2019,5,15,10,30,12.3,363,87,432,4.7,,,,,,,,,,,,,,,,,,,,,,,,,,,,,,,,,,,,
12909,2019,5,15,10,45,12.5,299,24,318,4.7,,,,,,,,,,,,,,,,,,,,,,,,,,,,,,,,,,,,
12910,2019,5,15,11,0,12.8,175,5,179,4.7,,,,,,,,,,,,,,,,,,,,,,,,,,,,,,,,,,,,
12911,2019,5,15,11,15,13,245,12,255,4.7,,,,,,,,,,,,,,,,,,,,,,,,,,,,,,,,,,,,
12912,2019,5,15,11,30,13.100000000000001,306,23,325,4.7,,,,,,,,,,,,,,,,,,,,,,,,,,,,,,,,,,,,
12913,2019,5,15,11,45,13.3,253,13,264,4.7,,,,,,,,,,,,,,,,,,,,,,,,,,,,,,,,,,,,
12914,2019,5,15,12,0,13.5,365,50,407,4.7,,,,,,,,,,,,,,,,,,,,,,,,,,,,,,,,,,,,
12915,2019,5,15,12,15,13.600000000000001,259,14,271,4.7,,,,,,,,,,,,,,,,,,,,,,,,,,,,,,,,,,,,
12916,2019,5,15,12,30,13.8,370,55,416,4.6000000000000005,,,,,,,,,,,,,,,,,,,,,,,,,,,,,,,,,,,,
12917,2019,5,15,12,45,13.9,399,108,489,4.6000000000000005,,,,,,,,,,,,,,,,,,,,,,,,,,,,,,,,,,,,
12918,2019,5,15,13,0,14,399,124,501,4.6000000000000005,,,,,,,,,,,,,,,,,,,,,,,,,,,,,,,,,,,,
12919,2019,5,15,13,15,14,100,0,100,4.6000000000000005,,,,,,,,,,,,,,,,,,,,,,,,,,,,,,,,,,,,
12920,2019,5,15,13,30,14.100000000000001,73,0,73,4.5,,,,,,,,,,,,,,,,,,,,,,,,,,,,,,,,,,,,
12921,2019,5,15,13,45,14.100000000000001,72,0,72,4.5,,,,,,,,,,,,,,,,,,,,,,,,,,,,,,,,,,,,
12922,2019,5,15,14,0,14.100000000000001,70,0,70,4.5,,,,,,,,,,,,,,,,,,,,,,,,,,,,,,,,,,,,
12923,2019,5,15,14,15,14,68,0,68,4.4,,,,,,,,,,,,,,,,,,,,,,,,,,,,,,,,,,,,
12924,2019,5,15,14,30,14,66,0,66,4.4,,,,,,,,,,,,,,,,,,,,,,,,,,,,,,,,,,,,
12925,2019,5,15,14,45,13.9,63,0,63,4.3,,,,,,,,,,,,,,,,,,,,,,,,,,,,,,,,,,,,
12926,2019,5,15,15,0,13.8,61,0,61,4.3,,,,,,,,,,,,,,,,,,,,,,,,,,,,,,,,,,,,
12927,2019,5,15,15,15,13.700000000000001,84,0,84,4.3,,,,,,,,,,,,,,,,,,,,,,,,,,,,,,,,,,,,
12928,2019,5,15,15,30,13.5,142,0,142,4.2,,,,,,,,,,,,,,,,,,,,,,,,,,,,,,,,,,,,
12929,2019,5,15,15,45,13.4,133,0,133,4.2,,,,,,,,,,,,,,,,,,,,,,,,,,,,,,,,,,,,
12930,2019,5,15,16,0,13.200000000000001,98,0,98,4.1000000000000005,,,,,,,,,,,,,,,,,,,,,,,,,,,,,,,,,,,,
12931,2019,5,15,16,15,13,92,0,92,4.1000000000000005,,,,,,,,,,,,,,,,,,,,,,,,,,,,,,,,,,,,
12932,2019,5,15,16,30,12.8,95,0,95,4,,,,,,,,,,,,,,,,,,,,,,,,,,,,,,,,,,,,
12933,2019,5,15,16,45,12.5,82,0,82,4,,,,,,,,,,,,,,,,,,,,,,,,,,,,,,,,,,,,
12934,2019,5,15,17,0,12.3,109,0,109,3.9000000000000004,,,,,,,,,,,,,,,,,,,,,,,,,,,,,,,,,,,,
12935,2019,5,15,17,15,12,84,0,84,3.8000000000000003,,,,,,,,,,,,,,,,,,,,,,,,,,,,,,,,,,,,
12936,2019,5,15,17,30,11.700000000000001,69,0,69,3.6,,,,,,,,,,,,,,,,,,,,,,,,,,,,,,,,,,,,
12937,2019,5,15,17,45,11.3,94,0,94,3.4000000000000004,,,,,,,,,,,,,,,,,,,,,,,,,,,,,,,,,,,,
12938,2019,5,15,18,0,11,39,0,39,3.3000000000000003,,,,,,,,,,,,,,,,,,,,,,,,,,,,,,,,,,,,
12939,2019,5,15,18,15,10.5,31,0,31,3.1,,,,,,,,,,,,,,,,,,,,,,,,,,,,,,,,,,,,
12940,2019,5,15,18,30,10.100000000000001,25,0,25,2.8000000000000003,,,,,,,,,,,,,,,,,,,,,,,,,,,,,,,,,,,,
12941,2019,5,15,18,45,9.600000000000001,19,0,19,2.6,,,,,,,,,,,,,,,,,,,,,,,,,,,,,,,,,,,,
12942,2019,5,15,19,0,9.1,14,0,14,2.4000000000000004,,,,,,,,,,,,,,,,,,,,,,,,,,,,,,,,,,,,
12943,2019,5,15,19,15,8.700000000000001,9,0,9,2.3000000000000003,,,,,,,,,,,,,,,,,,,,,,,,,,,,,,,,,,,,
12944,2019,5,15,19,30,8.4,6,0,6,2.3000000000000003,,,,,,,,,,,,,,,,,,,,,,,,,,,,,,,,,,,,
12945,2019,5,15,19,45,8.1,3,0,3,2.2,,,,,,,,,,,,,,,,,,,,,,,,,,,,,,,,,,,,
12946,2019,5,15,20,0,7.7,0,0,0,2.2,,,,,,,,,,,,,,,,,,,,,,,,,,,,,,,,,,,,
12947,2019,5,15,20,15,7.6000000000000005,0,0,0,2.2,,,,,,,,,,,,,,,,,,,,,,,,,,,,,,,,,,,,
12948,2019,5,15,20,30,7.5,0,0,0,2.2,,,,,,,,,,,,,,,,,,,,,,,,,,,,,,,,,,,,
12949,2019,5,15,20,45,7.300000000000001,0,0,0,2.1,,,,,,,,,,,,,,,,,,,,,,,,,,,,,,,,,,,,
12950,2019,5,15,21,0,7.2,0,0,0,2.1,,,,,,,,,,,,,,,,,,,,,,,,,,,,,,,,,,,,
12951,2019,5,15,21,15,7,0,0,0,2.1,,,,,,,,,,,,,,,,,,,,,,,,,,,,,,,,,,,,
12952,2019,5,15,21,30,6.9,0,0,0,2.1,,,,,,,,,,,,,,,,,,,,,,,,,,,,,,,,,,,,
12953,2019,5,15,21,45,6.800000000000001,0,0,0,2.1,,,,,,,,,,,,,,,,,,,,,,,,,,,,,,,,,,,,
12954,2019,5,15,22,0,6.6000000000000005,0,0,0,2.1,,,,,,,,,,,,,,,,,,,,,,,,,,,,,,,,,,,,
12955,2019,5,15,22,15,6.5,0,0,0,2.1,,,,,,,,,,,,,,,,,,,,,,,,,,,,,,,,,,,,
12956,2019,5,15,22,30,6.4,0,0,0,2.1,,,,,,,,,,,,,,,,,,,,,,,,,,,,,,,,,,,,
12957,2019,5,15,22,45,6.300000000000001,0,0,0,2.1,,,,,,,,,,,,,,,,,,,,,,,,,,,,,,,,,,,,
12958,2019,5,15,23,0,6.2,0,0,0,2.2,,,,,,,,,,,,,,,,,,,,,,,,,,,,,,,,,,,,
12959,2019,5,15,23,15,6.1000000000000005,0,0,0,2.2,,,,,,,,,,,,,,,,,,,,,,,,,,,,,,,,,,,,
12960,2019,5,15,23,30,5.9,0,0,0,2.2,,,,,,,,,,,,,,,,,,,,,,,,,,,,,,,,,,,,
12961,2019,5,15,23,45,5.800000000000001,0,0,0,2.2,,,,,,,,,,,,,,,,,,,,,,,,,,,,,,,,,,,,
12962,2019,5,16,0,0,5.7,0,0,0,2.2,,,,,,,,,,,,,,,,,,,,,,,,,,,,,,,,,,,,
12963,2019,5,16,0,15,5.7,0,0,0,2.2,,,,,,,,,,,,,,,,,,,,,,,,,,,,,,,,,,,,
12964,2019,5,16,0,30,5.7,0,0,0,2.2,,,,,,,,,,,,,,,,,,,,,,,,,,,,,,,,,,,,
12965,2019,5,16,0,45,5.7,0,0,0,2.2,,,,,,,,,,,,,,,,,,,,,,,,,,,,,,,,,,,,
12966,2019,5,16,1,0,5.1000000000000005,0,0,0,2.1,,,,,,,,,,,,,,,,,,,,,,,,,,,,,,,,,,,,
12967,2019,5,16,1,15,4.9,0,0,0,2.1,,,,,,,,,,,,,,,,,,,,,,,,,,,,,,,,,,,,
12968,2019,5,16,1,30,4.7,0,0,0,2.1,,,,,,,,,,,,,,,,,,,,,,,,,,,,,,,,,,,,
12969,2019,5,16,1,45,4.6000000000000005,0,0,0,2.1,,,,,,,,,,,,,,,,,,,,,,,,,,,,,,,,,,,,
12970,2019,5,16,2,0,4.4,0,0,0,2,,,,,,,,,,,,,,,,,,,,,,,,,,,,,,,,,,,,
12971,2019,5,16,2,15,4.2,0,0,0,2,,,,,,,,,,,,,,,,,,,,,,,,,,,,,,,,,,,,
12972,2019,5,16,2,30,4.1000000000000005,0,0,0,2,,,,,,,,,,,,,,,,,,,,,,,,,,,,,,,,,,,,
12973,2019,5,16,2,45,4,0,0,0,2,,,,,,,,,,,,,,,,,,,,,,,,,,,,,,,,,,,,
12974,2019,5,16,3,0,3.8000000000000003,0,0,0,2,,,,,,,,,,,,,,,,,,,,,,,,,,,,,,,,,,,,
12975,2019,5,16,3,15,3.9000000000000004,0,0,0,2.1,,,,,,,,,,,,,,,,,,,,,,,,,,,,,,,,,,,,
12976,2019,5,16,3,30,3.9000000000000004,0,0,0,2.2,,,,,,,,,,,,,,,,,,,,,,,,,,,,,,,,,,,,
12977,2019,5,16,3,45,4,0,0,0,2.2,,,,,,,,,,,,,,,,,,,,,,,,,,,,,,,,,,,,
12978,2019,5,16,4,0,4,0,0,0,2.3000000000000003,,,,,,,,,,,,,,,,,,,,,,,,,,,,,,,,,,,,
12979,2019,5,16,4,15,4.3,0,0,0,2.4000000000000004,,,,,,,,,,,,,,,,,,,,,,,,,,,,,,,,,,,,
12980,2019,5,16,4,30,4.5,0,0,0,2.5,,,,,,,,,,,,,,,,,,,,,,,,,,,,,,,,,,,,
12981,2019,5,16,4,45,4.800000000000001,3,0,3,2.7,,,,,,,,,,,,,,,,,,,,,,,,,,,,,,,,,,,,
12982,2019,5,16,5,0,5,4,0,4,2.8000000000000003,,,,,,,,,,,,,,,,,,,,,,,,,,,,,,,,,,,,
12983,2019,5,16,5,15,5.2,6,0,6,2.8000000000000003,,,,,,,,,,,,,,,,,,,,,,,,,,,,,,,,,,,,
12984,2019,5,16,5,30,5.4,6,0,6,2.9000000000000004,,,,,,,,,,,,,,,,,,,,,,,,,,,,,,,,,,,,
12985,2019,5,16,5,45,5.5,7,0,7,2.9000000000000004,,,,,,,,,,,,,,,,,,,,,,,,,,,,,,,,,,,,
12986,2019,5,16,6,0,5.7,8,0,8,2.9000000000000004,,,,,,,,,,,,,,,,,,,,,,,,,,,,,,,,,,,,
12987,2019,5,16,6,15,5.800000000000001,9,0,9,3,,,,,,,,,,,,,,,,,,,,,,,,,,,,,,,,,,,,
12988,2019,5,16,6,30,5.9,19,0,19,3.1,,,,,,,,,,,,,,,,,,,,,,,,,,,,,,,,,,,,
12989,2019,5,16,6,45,6,23,0,23,3.1,,,,,,,,,,,,,,,,,,,,,,,,,,,,,,,,,,,,
12990,2019,5,16,7,0,6.1000000000000005,17,0,17,3.2,,,,,,,,,,,,,,,,,,,,,,,,,,,,,,,,,,,,
12991,2019,5,16,7,15,6.2,20,0,20,3.3000000000000003,,,,,,,,,,,,,,,,,,,,,,,,,,,,,,,,,,,,
12992,2019,5,16,7,30,6.300000000000001,22,0,22,3.3000000000000003,,,,,,,,,,,,,,,,,,,,,,,,,,,,,,,,,,,,
12993,2019,5,16,7,45,6.4,25,0,25,3.3000000000000003,,,,,,,,,,,,,,,,,,,,,,,,,,,,,,,,,,,,
12994,2019,5,16,8,0,6.5,24,0,24,3.4000000000000004,,,,,,,,,,,,,,,,,,,,,,,,,,,,,,,,,,,,
12995,2019,5,16,8,15,6.7,26,0,26,3.3000000000000003,,,,,,,,,,,,,,,,,,,,,,,,,,,,,,,,,,,,
12996,2019,5,16,8,30,6.9,50,0,50,3.3000000000000003,,,,,,,,,,,,,,,,,,,,,,,,,,,,,,,,,,,,
12997,2019,5,16,8,45,7,53,0,53,3.2,,,,,,,,,,,,,,,,,,,,,,,,,,,,,,,,,,,,
12998,2019,5,16,9,0,7.2,57,0,57,3.2,,,,,,,,,,,,,,,,,,,,,,,,,,,,,,,,,,,,
12999,2019,5,16,9,15,7.4,60,0,60,3.2,,,,,,,,,,,,,,,,,,,,,,,,,,,,,,,,,,,,
13000,2019,5,16,9,30,7.6000000000000005,62,0,62,3.1,,,,,,,,,,,,,,,,,,,,,,,,,,,,,,,,,,,,
13001,2019,5,16,9,45,7.7,65,0,65,3.1,,,,,,,,,,,,,,,,,,,,,,,,,,,,,,,,,,,,
13002,2019,5,16,10,0,7.9,67,0,67,3,,,,,,,,,,,,,,,,,,,,,,,,,,,,,,,,,,,,
13003,2019,5,16,10,15,8,50,0,50,2.9000000000000004,,,,,,,,,,,,,,,,,,,,,,,,,,,,,,,,,,,,
13004,2019,5,16,10,30,8.1,63,0,63,2.8000000000000003,,,,,,,,,,,,,,,,,,,,,,,,,,,,,,,,,,,,
13005,2019,5,16,10,45,8.200000000000001,65,0,65,2.8000000000000003,,,,,,,,,,,,,,,,,,,,,,,,,,,,,,,,,,,,
13006,2019,5,16,11,0,8.3,67,0,67,2.7,,,,,,,,,,,,,,,,,,,,,,,,,,,,,,,,,,,,
13007,2019,5,16,11,15,8.4,67,0,67,2.6,,,,,,,,,,,,,,,,,,,,,,,,,,,,,,,,,,,,
13008,2019,5,16,11,30,8.5,67,0,67,2.5,,,,,,,,,,,,,,,,,,,,,,,,,,,,,,,,,,,,
13009,2019,5,16,11,45,8.6,71,0,71,2.4000000000000004,,,,,,,,,,,,,,,,,,,,,,,,,,,,,,,,,,,,
13010,2019,5,16,12,0,8.6,71,0,71,2.4000000000000004,,,,,,,,,,,,,,,,,,,,,,,,,,,,,,,,,,,,
13011,2019,5,16,12,15,8.700000000000001,72,0,72,2.3000000000000003,,,,,,,,,,,,,,,,,,,,,,,,,,,,,,,,,,,,
13012,2019,5,16,12,30,8.8,72,0,72,2.2,,,,,,,,,,,,,,,,,,,,,,,,,,,,,,,,,,,,
13013,2019,5,16,12,45,8.9,70,0,70,2.1,,,,,,,,,,,,,,,,,,,,,,,,,,,,,,,,,,,,
13014,2019,5,16,13,0,8.9,68,0,68,2,,,,,,,,,,,,,,,,,,,,,,,,,,,,,,,,,,,,
13015,2019,5,16,13,15,9,66,0,66,1.9000000000000001,,,,,,,,,,,,,,,,,,,,,,,,,,,,,,,,,,,,
13016,2019,5,16,13,30,9.1,63,0,63,1.8,,,,,,,,,,,,,,,,,,,,,,,,,,,,,,,,,,,,
13017,2019,5,16,13,45,9.200000000000001,63,0,63,1.7000000000000002,,,,,,,,,,,,,,,,,,,,,,,,,,,,,,,,,,,,
13018,2019,5,16,14,0,9.3,60,0,60,1.6,,,,,,,,,,,,,,,,,,,,,,,,,,,,,,,,,,,,
13019,2019,5,16,14,15,9.3,283,25,301,1.5,,,,,,,,,,,,,,,,,,,,,,,,,,,,,,,,,,,,
13020,2019,5,16,14,30,9.4,256,18,270,1.4000000000000001,,,,,,,,,,,,,,,,,,,,,,,,,,,,,,,,,,,,
13021,2019,5,16,14,45,9.5,227,12,236,1.3,,,,,,,,,,,,,,,,,,,,,,,,,,,,,,,,,,,,
13022,2019,5,16,15,0,9.5,142,0,142,1.3,,,,,,,,,,,,,,,,,,,,,,,,,,,,,,,,,,,,
13023,2019,5,16,15,15,9.5,59,0,59,1.2000000000000002,,,,,,,,,,,,,,,,,,,,,,,,,,,,,,,,,,,,
13024,2019,5,16,15,30,9.600000000000001,55,0,55,1.2000000000000002,,,,,,,,,,,,,,,,,,,,,,,,,,,,,,,,,,,,
13025,2019,5,16,15,45,9.600000000000001,154,685,568,1.2000000000000002,,,,,,,,,,,,,,,,,,,,,,,,,,,,,,,,,,,,
13026,2019,5,16,16,0,9.600000000000001,150,670,533,1.1,,,,,,,,,,,,,,,,,,,,,,,,,,,,,,,,,,,,
13027,2019,5,16,16,15,9.600000000000001,145,650,496,1.1,,,,,,,,,,,,,,,,,,,,,,,,,,,,,,,,,,,,
13028,2019,5,16,16,30,9.600000000000001,140,628,457,1.1,,,,,,,,,,,,,,,,,,,,,,,,,,,,,,,,,,,,
13029,2019,5,16,16,45,9.600000000000001,133,607,419,1.2000000000000002,,,,,,,,,,,,,,,,,,,,,,,,,,,,,,,,,,,,
13030,2019,5,16,17,0,9.600000000000001,127,579,379,1.2000000000000002,,,,,,,,,,,,,,,,,,,,,,,,,,,,,,,,,,,,
13031,2019,5,16,17,15,9.5,121,549,339,1.1,,,,,,,,,,,,,,,,,,,,,,,,,,,,,,,,,,,,
13032,2019,5,16,17,30,9.4,114,516,300,1.1,,,,,,,,,,,,,,,,,,,,,,,,,,,,,,,,,,,,
13033,2019,5,16,17,45,9.3,105,482,261,1.1,,,,,,,,,,,,,,,,,,,,,,,,,,,,,,,,,,,,
13034,2019,5,16,18,0,9.3,97,439,222,1.1,,,,,,,,,,,,,,,,,,,,,,,,,,,,,,,,,,,,
13035,2019,5,16,18,15,9,87,391,184,0.9,,,,,,,,,,,,,,,,,,,,,,,,,,,,,,,,,,,,
13036,2019,5,16,18,30,8.8,77,337,147,0.8,,,,,,,,,,,,,,,,,,,,,,,,,,,,,,,,,,,,
13037,2019,5,16,18,45,8.6,66,269,113,0.7000000000000001,,,,,,,,,,,,,,,,,,,,,,,,,,,,,,,,,,,,
13038,2019,5,16,19,0,8.4,54,205,81,0.6000000000000001,,,,,,,,,,,,,,,,,,,,,,,,,,,,,,,,,,,,
13039,2019,5,16,19,15,8.200000000000001,39,138,53,0.6000000000000001,,,,,,,,,,,,,,,,,,,,,,,,,,,,,,,,,,,,
13040,2019,5,16,19,30,7.9,25,72,29,0.6000000000000001,,,,,,,,,,,,,,,,,,,,,,,,,,,,,,,,,,,,
13041,2019,5,16,19,45,7.7,11,22,12,0.7000000000000001,,,,,,,,,,,,,,,,,,,,,,,,,,,,,,,,,,,,
13042,2019,5,16,20,0,7.5,0,0,0,0.7000000000000001,,,,,,,,,,,,,,,,,,,,,,,,,,,,,,,,,,,,
13043,2019,5,16,20,15,7.300000000000001,0,0,0,0.7000000000000001,,,,,,,,,,,,,,,,,,,,,,,,,,,,,,,,,,,,
13044,2019,5,16,20,30,7.2,0,0,0,0.8,,,,,,,,,,,,,,,,,,,,,,,,,,,,,,,,,,,,
13045,2019,5,16,20,45,7.1000000000000005,0,0,0,0.8,,,,,,,,,,,,,,,,,,,,,,,,,,,,,,,,,,,,
13046,2019,5,16,21,0,6.9,0,0,0,0.8,,,,,,,,,,,,,,,,,,,,,,,,,,,,,,,,,,,,
13047,2019,5,16,21,15,6.800000000000001,0,0,0,0.8,,,,,,,,,,,,,,,,,,,,,,,,,,,,,,,,,,,,
13048,2019,5,16,21,30,6.6000000000000005,0,0,0,0.9,,,,,,,,,,,,,,,,,,,,,,,,,,,,,,,,,,,,
13049,2019,5,16,21,45,6.5,0,0,0,0.9,,,,,,,,,,,,,,,,,,,,,,,,,,,,,,,,,,,,
13050,2019,5,16,22,0,6.300000000000001,0,0,0,0.9,,,,,,,,,,,,,,,,,,,,,,,,,,,,,,,,,,,,
13051,2019,5,16,22,15,6.1000000000000005,0,0,0,0.9,,,,,,,,,,,,,,,,,,,,,,,,,,,,,,,,,,,,
13052,2019,5,16,22,30,6,0,0,0,0.9,,,,,,,,,,,,,,,,,,,,,,,,,,,,,,,,,,,,
13053,2019,5,16,22,45,5.800000000000001,0,0,0,0.9,,,,,,,,,,,,,,,,,,,,,,,,,,,,,,,,,,,,
13054,2019,5,16,23,0,5.6000000000000005,0,0,0,0.9,,,,,,,,,,,,,,,,,,,,,,,,,,,,,,,,,,,,
13055,2019,5,16,23,15,5.4,0,0,0,0.9,,,,,,,,,,,,,,,,,,,,,,,,,,,,,,,,,,,,
13056,2019,5,16,23,30,5.300000000000001,0,0,0,0.9,,,,,,,,,,,,,,,,,,,,,,,,,,,,,,,,,,,,
13057,2019,5,16,23,45,5.1000000000000005,0,0,0,0.9,,,,,,,,,,,,,,,,,,,,,,,,,,,,,,,,,,,,
13058,2019,5,17,0,0,5,0,0,0,0.9,,,,,,,,,,,,,,,,,,,,,,,,,,,,,,,,,,,,
13059,2019,5,17,0,15,5,0,0,0,0.9,,,,,,,,,,,,,,,,,,,,,,,,,,,,,,,,,,,,
13060,2019,5,17,0,30,5,0,0,0,0.9,,,,,,,,,,,,,,,,,,,,,,,,,,,,,,,,,,,,
13061,2019,5,17,0,45,5,0,0,0,0.9,,,,,,,,,,,,,,,,,,,,,,,,,,,,,,,,,,,,
13062,2019,5,17,1,0,4.5,0,0,0,0.9,,,,,,,,,,,,,,,,,,,,,,,,,,,,,,,,,,,,
13063,2019,5,17,1,15,4.5,0,0,0,1,,,,,,,,,,,,,,,,,,,,,,,,,,,,,,,,,,,,
13064,2019,5,17,1,30,4.4,0,0,0,1,,,,,,,,,,,,,,,,,,,,,,,,,,,,,,,,,,,,
13065,2019,5,17,1,45,4.4,0,0,0,1,,,,,,,,,,,,,,,,,,,,,,,,,,,,,,,,,,,,
13066,2019,5,17,2,0,4.3,0,0,0,1,,,,,,,,,,,,,,,,,,,,,,,,,,,,,,,,,,,,
13067,2019,5,17,2,15,4.3,0,0,0,1.1,,,,,,,,,,,,,,,,,,,,,,,,,,,,,,,,,,,,
13068,2019,5,17,2,30,4.3,0,0,0,1.2000000000000002,,,,,,,,,,,,,,,,,,,,,,,,,,,,,,,,,,,,
13069,2019,5,17,2,45,4.3,0,0,0,1.2000000000000002,,,,,,,,,,,,,,,,,,,,,,,,,,,,,,,,,,,,
13070,2019,5,17,3,0,4.3,0,0,0,1.3,,,,,,,,,,,,,,,,,,,,,,,,,,,,,,,,,,,,
13071,2019,5,17,3,15,4.4,0,0,0,1.4000000000000001,,,,,,,,,,,,,,,,,,,,,,,,,,,,,,,,,,,,
13072,2019,5,17,3,30,4.5,0,0,0,1.6,,,,,,,,,,,,,,,,,,,,,,,,,,,,,,,,,,,,
13073,2019,5,17,3,45,4.5,0,0,0,1.7000000000000002,,,,,,,,,,,,,,,,,,,,,,,,,,,,,,,,,,,,
13074,2019,5,17,4,0,4.6000000000000005,0,0,0,1.8,,,,,,,,,,,,,,,,,,,,,,,,,,,,,,,,,,,,
13075,2019,5,17,4,15,4.7,0,0,0,1.9000000000000001,,,,,,,,,,,,,,,,,,,,,,,,,,,,,,,,,,,,
13076,2019,5,17,4,30,4.9,8,20,9,2,,,,,,,,,,,,,,,,,,,,,,,,,,,,,,,,,,,,
13077,2019,5,17,4,45,5.1000000000000005,20,73,24,2.2,,,,,,,,,,,,,,,,,,,,,,,,,,,,,,,,,,,,
13078,2019,5,17,5,0,5.300000000000001,34,142,46,2.3000000000000003,,,,,,,,,,,,,,,,,,,,,,,,,,,,,,,,,,,,
13079,2019,5,17,5,15,5.5,47,213,73,2.3000000000000003,,,,,,,,,,,,,,,,,,,,,,,,,,,,,,,,,,,,
13080,2019,5,17,5,30,5.7,8,0,8,2.3000000000000003,,,,,,,,,,,,,,,,,,,,,,,,,,,,,,,,,,,,
13081,2019,5,17,5,45,6,69,356,139,2.3000000000000003,,,,,,,,,,,,,,,,,,,,,,,,,,,,,,,,,,,,
13082,2019,5,17,6,0,6.2,13,0,13,2.3000000000000003,,,,,,,,,,,,,,,,,,,,,,,,,,,,,,,,,,,,
13083,2019,5,17,6,15,6.7,16,0,16,2.4000000000000004,,,,,,,,,,,,,,,,,,,,,,,,,,,,,,,,,,,,
13084,2019,5,17,6,30,7.2,19,0,19,2.4000000000000004,,,,,,,,,,,,,,,,,,,,,,,,,,,,,,,,,,,,
13085,2019,5,17,6,45,7.7,23,0,23,2.5,,,,,,,,,,,,,,,,,,,,,,,,,,,,,,,,,,,,
13086,2019,5,17,7,0,8.200000000000001,27,0,27,2.6,,,,,,,,,,,,,,,,,,,,,,,,,,,,,,,,,,,,
13087,2019,5,17,7,15,8.9,30,0,30,2.7,,,,,,,,,,,,,,,,,,,,,,,,,,,,,,,,,,,,
13088,2019,5,17,7,30,9.600000000000001,34,0,34,2.9000000000000004,,,,,,,,,,,,,,,,,,,,,,,,,,,,,,,,,,,,
13089,2019,5,17,7,45,10.4,45,0,45,3,,,,,,,,,,,,,,,,,,,,,,,,,,,,,,,,,,,,
13090,2019,5,17,8,0,11.100000000000001,42,0,42,3.1,,,,,,,,,,,,,,,,,,,,,,,,,,,,,,,,,,,,
13091,2019,5,17,8,15,11.600000000000001,46,0,46,3.2,,,,,,,,,,,,,,,,,,,,,,,,,,,,,,,,,,,,
13092,2019,5,17,8,30,12.200000000000001,50,0,50,3.3000000000000003,,,,,,,,,,,,,,,,,,,,,,,,,,,,,,,,,,,,
13093,2019,5,17,8,45,12.8,54,0,54,3.3000000000000003,,,,,,,,,,,,,,,,,,,,,,,,,,,,,,,,,,,,
13094,2019,5,17,9,0,13.3,57,0,57,3.4000000000000004,,,,,,,,,,,,,,,,,,,,,,,,,,,,,,,,,,,,
13095,2019,5,17,9,15,13.700000000000001,155,1,156,3.4000000000000004,,,,,,,,,,,,,,,,,,,,,,,,,,,,,,,,,,,,
13096,2019,5,17,9,30,14.100000000000001,163,2,164,3.5,,,,,,,,,,,,,,,,,,,,,,,,,,,,,,,,,,,,
13097,2019,5,17,9,45,14.4,170,4,172,3.5,,,,,,,,,,,,,,,,,,,,,,,,,,,,,,,,,,,,
13098,2019,5,17,10,0,14.8,190,6,194,3.6,,,,,,,,,,,,,,,,,,,,,,,,,,,,,,,,,,,,
13099,2019,5,17,10,15,15,225,10,233,3.6,,,,,,,,,,,,,,,,,,,,,,,,,,,,,,,,,,,,
13100,2019,5,17,10,30,15.200000000000001,234,11,243,3.6,,,,,,,,,,,,,,,,,,,,,,,,,,,,,,,,,,,,
13101,2019,5,17,10,45,15.4,294,23,312,3.6,,,,,,,,,,,,,,,,,,,,,,,,,,,,,,,,,,,,
13102,2019,5,17,11,0,15.600000000000001,371,67,426,3.6,,,,,,,,,,,,,,,,,,,,,,,,,,,,,,,,,,,,
13103,2019,5,17,11,15,15.700000000000001,358,48,398,3.5,,,,,,,,,,,,,,,,,,,,,,,,,,,,,,,,,,,,
13104,2019,5,17,11,30,15.9,245,12,255,3.5,,,,,,,,,,,,,,,,,,,,,,,,,,,,,,,,,,,,
13105,2019,5,17,11,45,16,251,13,262,3.4000000000000004,,,,,,,,,,,,,,,,,,,,,,,,,,,,,,,,,,,,
13106,2019,5,17,12,0,16.1,406,242,610,3.4000000000000004,,,,,,,,,,,,,,,,,,,,,,,,,,,,,,,,,,,,
13107,2019,5,17,12,15,16.400000000000002,406,242,610,3.4000000000000004,,,,,,,,,,,,,,,,,,,,,,,,,,,,,,,,,,,,
13108,2019,5,17,12,30,16.6,149,2,151,3.4000000000000004,,,,,,,,,,,,,,,,,,,,,,,,,,,,,,,,,,,,
13109,2019,5,17,12,45,16.8,324,28,348,3.3000000000000003,,,,,,,,,,,,,,,,,,,,,,,,,,,,,,,,,,,,
13110,2019,5,17,13,0,17,295,20,311,3.3000000000000003,,,,,,,,,,,,,,,,,,,,,,,,,,,,,,,,,,,,
13111,2019,5,17,13,15,17.1,292,20,309,3.3000000000000003,,,,,,,,,,,,,,,,,,,,,,,,,,,,,,,,,,,,
13112,2019,5,17,13,30,17.3,367,67,421,3.3000000000000003,,,,,,,,,,,,,,,,,,,,,,,,,,,,,,,,,,,,
13113,2019,5,17,13,45,17.400000000000002,167,4,170,3.3000000000000003,,,,,,,,,,,,,,,,,,,,,,,,,,,,,,,,,,,,
13114,2019,5,17,14,0,17.6,164,4,166,3.2,,,,,,,,,,,,,,,,,,,,,,,,,,,,,,,,,,,,
13115,2019,5,17,14,15,17.6,185,6,190,3.2,,,,,,,,,,,,,,,,,,,,,,,,,,,,,,,,,,,,
13116,2019,5,17,14,30,17.6,66,0,66,3.2,,,,,,,,,,,,,,,,,,,,,,,,,,,,,,,,,,,,
13117,2019,5,17,14,45,17.7,135,0,135,3.1,,,,,,,,,,,,,,,,,,,,,,,,,,,,,,,,,,,,
13118,2019,5,17,15,0,17.7,240,18,253,3.1,,,,,,,,,,,,,,,,,,,,,,,,,,,,,,,,,,,,
13119,2019,5,17,15,15,17.7,229,16,239,3.1,,,,,,,,,,,,,,,,,,,,,,,,,,,,,,,,,,,,
13120,2019,5,17,15,30,17.7,289,148,383,3,,,,,,,,,,,,,,,,,,,,,,,,,,,,,,,,,,,,
13121,2019,5,17,15,45,17.7,222,433,485,3,,,,,,,,,,,,,,,,,,,,,,,,,,,,,,,,,,,,
13122,2019,5,17,16,0,17.7,229,42,254,3,,,,,,,,,,,,,,,,,,,,,,,,,,,,,,,,,,,,
13123,2019,5,17,16,15,17.5,219,302,383,2.9000000000000004,,,,,,,,,,,,,,,,,,,,,,,,,,,,,,,,,,,,
13124,2019,5,17,16,30,17.400000000000002,184,388,381,2.8000000000000003,,,,,,,,,,,,,,,,,,,,,,,,,,,,,,,,,,,,
13125,2019,5,17,16,45,17.3,177,336,336,2.7,,,,,,,,,,,,,,,,,,,,,,,,,,,,,,,,,,,,
13126,2019,5,17,17,0,17.2,137,555,380,2.6,,,,,,,,,,,,,,,,,,,,,,,,,,,,,,,,,,,,
13127,2019,5,17,17,15,16.900000000000002,130,525,340,2.3000000000000003,,,,,,,,,,,,,,,,,,,,,,,,,,,,,,,,,,,,
13128,2019,5,17,17,30,16.6,122,492,301,2.1,,,,,,,,,,,,,,,,,,,,,,,,,,,,,,,,,,,,
13129,2019,5,17,17,45,16.3,109,472,263,1.8,,,,,,,,,,,,,,,,,,,,,,,,,,,,,,,,,,,,
13130,2019,5,17,18,0,16,100,431,224,1.6,,,,,,,,,,,,,,,,,,,,,,,,,,,,,,,,,,,,
13131,2019,5,17,18,15,15.3,90,385,186,1.5,,,,,,,,,,,,,,,,,,,,,,,,,,,,,,,,,,,,
13132,2019,5,17,18,30,14.700000000000001,79,335,150,1.5,,,,,,,,,,,,,,,,,,,,,,,,,,,,,,,,,,,,
13133,2019,5,17,18,45,14,65,295,117,1.4000000000000001,,,,,,,,,,,,,,,,,,,,,,,,,,,,,,,,,,,,
13134,2019,5,17,19,0,13.4,53,233,85,1.4000000000000001,,,,,,,,,,,,,,,,,,,,,,,,,,,,,,,,,,,,
13135,2019,5,17,19,15,12.9,39,167,56,1.5,,,,,,,,,,,,,,,,,,,,,,,,,,,,,,,,,,,,
13136,2019,5,17,19,30,12.5,25,100,32,1.5,,,,,,,,,,,,,,,,,,,,,,,,,,,,,,,,,,,,
13137,2019,5,17,19,45,12,13,46,14,1.6,,,,,,,,,,,,,,,,,,,,,,,,,,,,,,,,,,,,
13138,2019,5,17,20,0,11.600000000000001,0,0,0,1.6,,,,,,,,,,,,,,,,,,,,,,,,,,,,,,,,,,,,
13139,2019,5,17,20,15,11.4,0,0,0,1.7000000000000002,,,,,,,,,,,,,,,,,,,,,,,,,,,,,,,,,,,,
13140,2019,5,17,20,30,11.200000000000001,0,0,0,1.7000000000000002,,,,,,,,,,,,,,,,,,,,,,,,,,,,,,,,,,,,
13141,2019,5,17,20,45,11,0,0,0,1.7000000000000002,,,,,,,,,,,,,,,,,,,,,,,,,,,,,,,,,,,,
13142,2019,5,17,21,0,10.8,0,0,0,1.8,,,,,,,,,,,,,,,,,,,,,,,,,,,,,,,,,,,,
13143,2019,5,17,21,15,10.600000000000001,0,0,0,1.7000000000000002,,,,,,,,,,,,,,,,,,,,,,,,,,,,,,,,,,,,
13144,2019,5,17,21,30,10.3,0,0,0,1.7000000000000002,,,,,,,,,,,,,,,,,,,,,,,,,,,,,,,,,,,,
13145,2019,5,17,21,45,10.100000000000001,0,0,0,1.7000000000000002,,,,,,,,,,,,,,,,,,,,,,,,,,,,,,,,,,,,
13146,2019,5,17,22,0,9.9,0,0,0,1.7000000000000002,,,,,,,,,,,,,,,,,,,,,,,,,,,,,,,,,,,,
13147,2019,5,17,22,15,9.600000000000001,0,0,0,1.6,,,,,,,,,,,,,,,,,,,,,,,,,,,,,,,,,,,,
13148,2019,5,17,22,30,9.4,0,0,0,1.6,,,,,,,,,,,,,,,,,,,,,,,,,,,,,,,,,,,,
13149,2019,5,17,22,45,9.1,0,0,0,1.5,,,,,,,,,,,,,,,,,,,,,,,,,,,,,,,,,,,,
13150,2019,5,17,23,0,8.9,0,0,0,1.5,,,,,,,,,,,,,,,,,,,,,,,,,,,,,,,,,,,,
13151,2019,5,17,23,15,8.700000000000001,0,0,0,1.5,,,,,,,,,,,,,,,,,,,,,,,,,,,,,,,,,,,,
13152,2019,5,17,23,30,8.4,0,0,0,1.4000000000000001,,,,,,,,,,,,,,,,,,,,,,,,,,,,,,,,,,,,
13153,2019,5,17,23,45,8.200000000000001,0,0,0,1.4000000000000001,,,,,,,,,,,,,,,,,,,,,,,,,,,,,,,,,,,,
13154,2019,5,18,0,0,8,0,0,0,1.3,,,,,,,,,,,,,,,,,,,,,,,,,,,,,,,,,,,,
13155,2019,5,18,0,15,8,0,0,0,1.3,,,,,,,,,,,,,,,,,,,,,,,,,,,,,,,,,,,,
13156,2019,5,18,0,30,8,0,0,0,1.3,,,,,,,,,,,,,,,,,,,,,,,,,,,,,,,,,,,,
13157,2019,5,18,0,45,8,0,0,0,1.3,,,,,,,,,,,,,,,,,,,,,,,,,,,,,,,,,,,,
13158,2019,5,18,1,0,7.300000000000001,0,0,0,1.2000000000000002,,,,,,,,,,,,,,,,,,,,,,,,,,,,,,,,,,,,
13159,2019,5,18,1,15,7.2,0,0,0,1.2000000000000002,,,,,,,,,,,,,,,,,,,,,,,,,,,,,,,,,,,,
13160,2019,5,18,1,30,7.1000000000000005,0,0,0,1.2000000000000002,,,,,,,,,,,,,,,,,,,,,,,,,,,,,,,,,,,,
13161,2019,5,18,1,45,7,0,0,0,1.2000000000000002,,,,,,,,,,,,,,,,,,,,,,,,,,,,,,,,,,,,
13162,2019,5,18,2,0,6.9,0,0,0,1.1,,,,,,,,,,,,,,,,,,,,,,,,,,,,,,,,,,,,
13163,2019,5,18,2,15,6.800000000000001,0,0,0,1.1,,,,,,,,,,,,,,,,,,,,,,,,,,,,,,,,,,,,
13164,2019,5,18,2,30,6.7,0,0,0,1.1,,,,,,,,,,,,,,,,,,,,,,,,,,,,,,,,,,,,
13165,2019,5,18,2,45,6.6000000000000005,0,0,0,1.1,,,,,,,,,,,,,,,,,,,,,,,,,,,,,,,,,,,,
13166,2019,5,18,3,0,6.5,0,0,0,1,,,,,,,,,,,,,,,,,,,,,,,,,,,,,,,,,,,,
13167,2019,5,18,3,15,6.4,0,0,0,1,,,,,,,,,,,,,,,,,,,,,,,,,,,,,,,,,,,,
13168,2019,5,18,3,30,6.300000000000001,0,0,0,1,,,,,,,,,,,,,,,,,,,,,,,,,,,,,,,,,,,,
13169,2019,5,18,3,45,6.2,0,0,0,1,,,,,,,,,,,,,,,,,,,,,,,,,,,,,,,,,,,,
13170,2019,5,18,4,0,6.1000000000000005,0,0,0,1,,,,,,,,,,,,,,,,,,,,,,,,,,,,,,,,,,,,
13171,2019,5,18,4,15,6.5,0,0,0,1,,,,,,,,,,,,,,,,,,,,,,,,,,,,,,,,,,,,
13172,2019,5,18,4,30,6.9,10,52,11,1.1,,,,,,,,,,,,,,,,,,,,,,,,,,,,,,,,,,,,
13173,2019,5,18,4,45,7.300000000000001,20,135,27,1.2000000000000002,,,,,,,,,,,,,,,,,,,,,,,,,,,,,,,,,,,,
13174,2019,5,18,5,0,7.7,31,225,51,1.3,,,,,,,,,,,,,,,,,,,,,,,,,,,,,,,,,,,,
13175,2019,5,18,5,15,8.200000000000001,41,307,79,1.4000000000000001,,,,,,,,,,,,,,,,,,,,,,,,,,,,,,,,,,,,
13176,2019,5,18,5,30,8.700000000000001,50,380,111,1.5,,,,,,,,,,,,,,,,,,,,,,,,,,,,,,,,,,,,
13177,2019,5,18,5,45,9.200000000000001,58,447,147,1.6,,,,,,,,,,,,,,,,,,,,,,,,,,,,,,,,,,,,
13178,2019,5,18,6,0,9.700000000000001,65,502,184,1.7000000000000002,,,,,,,,,,,,,,,,,,,,,,,,,,,,,,,,,,,,
13179,2019,5,18,6,15,10.3,72,549,223,1.8,,,,,,,,,,,,,,,,,,,,,,,,,,,,,,,,,,,,
13180,2019,5,18,6,30,11,78,591,263,1.9000000000000001,,,,,,,,,,,,,,,,,,,,,,,,,,,,,,,,,,,,
13181,2019,5,18,6,45,11.600000000000001,82,633,304,2,,,,,,,,,,,,,,,,,,,,,,,,,,,,,,,,,,,,
13182,2019,5,18,7,0,12.3,87,665,345,2.1,,,,,,,,,,,,,,,,,,,,,,,,,,,,,,,,,,,,
13183,2019,5,18,7,15,12.9,92,693,386,2.3000000000000003,,,,,,,,,,,,,,,,,,,,,,,,,,,,,,,,,,,,
13184,2019,5,18,7,30,13.600000000000001,96,718,427,2.4000000000000004,,,,,,,,,,,,,,,,,,,,,,,,,,,,,,,,,,,,
13185,2019,5,18,7,45,14.200000000000001,99,742,467,2.6,,,,,,,,,,,,,,,,,,,,,,,,,,,,,,,,,,,,
13186,2019,5,18,8,0,14.9,103,762,507,2.8000000000000003,,,,,,,,,,,,,,,,,,,,,,,,,,,,,,,,,,,,
13187,2019,5,18,8,15,15.200000000000001,106,779,545,2.8000000000000003,,,,,,,,,,,,,,,,,,,,,,,,,,,,,,,,,,,,
13188,2019,5,18,8,30,15.600000000000001,109,795,583,2.9000000000000004,,,,,,,,,,,,,,,,,,,,,,,,,,,,,,,,,,,,
13189,2019,5,18,8,45,16,112,808,618,2.9000000000000004,,,,,,,,,,,,,,,,,,,,,,,,,,,,,,,,,,,,
13190,2019,5,18,9,0,16.400000000000002,114,821,652,2.9000000000000004,,,,,,,,,,,,,,,,,,,,,,,,,,,,,,,,,,,,
13191,2019,5,18,9,15,16.7,117,832,685,2.9000000000000004,,,,,,,,,,,,,,,,,,,,,,,,,,,,,,,,,,,,
13192,2019,5,18,9,30,17.1,119,842,715,2.9000000000000004,,,,,,,,,,,,,,,,,,,,,,,,,,,,,,,,,,,,
13193,2019,5,18,9,45,17.400000000000002,308,364,575,2.9000000000000004,,,,,,,,,,,,,,,,,,,,,,,,,,,,,,,,,,,,
13194,2019,5,18,10,0,17.8,357,196,505,2.9000000000000004,,,,,,,,,,,,,,,,,,,,,,,,,,,,,,,,,,,,
13195,2019,5,18,10,15,18,371,153,489,2.9000000000000004,,,,,,,,,,,,,,,,,,,,,,,,,,,,,,,,,,,,
13196,2019,5,18,10,30,18.3,123,871,811,2.9000000000000004,,,,,,,,,,,,,,,,,,,,,,,,,,,,,,,,,,,,
13197,2019,5,18,10,45,18.6,125,873,829,2.9000000000000004,,,,,,,,,,,,,,,,,,,,,,,,,,,,,,,,,,,,
13198,2019,5,18,11,0,18.900000000000002,126,877,844,2.9000000000000004,,,,,,,,,,,,,,,,,,,,,,,,,,,,,,,,,,,,
13199,2019,5,18,11,15,19.1,405,178,553,2.9000000000000004,,,,,,,,,,,,,,,,,,,,,,,,,,,,,,,,,,,,
13200,2019,5,18,11,30,19.400000000000002,362,48,402,2.9000000000000004,,,,,,,,,,,,,,,,,,,,,,,,,,,,,,,,,,,,
13201,2019,5,18,11,45,19.6,366,48,406,2.9000000000000004,,,,,,,,,,,,,,,,,,,,,,,,,,,,,,,,,,,,
13202,2019,5,18,12,0,19.8,415,144,537,2.9000000000000004,,,,,,,,,,,,,,,,,,,,,,,,,,,,,,,,,,,,
13203,2019,5,18,12,15,20,130,883,877,2.9000000000000004,,,,,,,,,,,,,,,,,,,,,,,,,,,,,,,,,,,,
13204,2019,5,18,12,30,20.200000000000003,130,883,875,2.8000000000000003,,,,,,,,,,,,,,,,,,,,,,,,,,,,,,,,,,,,
13205,2019,5,18,12,45,20.3,126,888,871,2.8000000000000003,,,,,,,,,,,,,,,,,,,,,,,,,,,,,,,,,,,,
13206,2019,5,18,13,0,20.5,125,886,863,2.7,,,,,,,,,,,,,,,,,,,,,,,,,,,,,,,,,,,,
13207,2019,5,18,13,15,20.6,125,883,851,2.6,,,,,,,,,,,,,,,,,,,,,,,,,,,,,,,,,,,,
13208,2019,5,18,13,30,20.700000000000003,124,879,837,2.6,,,,,,,,,,,,,,,,,,,,,,,,,,,,,,,,,,,,
13209,2019,5,18,13,45,20.8,122,876,821,2.5,,,,,,,,,,,,,,,,,,,,,,,,,,,,,,,,,,,,
13210,2019,5,18,14,0,20.900000000000002,121,871,801,2.4000000000000004,,,,,,,,,,,,,,,,,,,,,,,,,,,,,,,,,,,,
13211,2019,5,18,14,15,20.900000000000002,120,865,779,2.3000000000000003,,,,,,,,,,,,,,,,,,,,,,,,,,,,,,,,,,,,
13212,2019,5,18,14,30,20.900000000000002,118,858,754,2.3000000000000003,,,,,,,,,,,,,,,,,,,,,,,,,,,,,,,,,,,,
13213,2019,5,18,14,45,20.900000000000002,116,850,727,2.2,,,,,,,,,,,,,,,,,,,,,,,,,,,,,,,,,,,,
13214,2019,5,18,15,0,21,114,841,698,2.1,,,,,,,,,,,,,,,,,,,,,,,,,,,,,,,,,,,,
13215,2019,5,18,15,15,20.900000000000002,112,830,666,2,,,,,,,,,,,,,,,,,,,,,,,,,,,,,,,,,,,,
13216,2019,5,18,15,30,20.900000000000002,110,819,633,2,,,,,,,,,,,,,,,,,,,,,,,,,,,,,,,,,,,,
13217,2019,5,18,15,45,20.8,108,802,596,1.9000000000000001,,,,,,,,,,,,,,,,,,,,,,,,,,,,,,,,,,,,
13218,2019,5,18,16,0,20.8,105,787,560,1.8,,,,,,,,,,,,,,,,,,,,,,,,,,,,,,,,,,,,
13219,2019,5,18,16,15,20.6,102,771,522,1.7000000000000002,,,,,,,,,,,,,,,,,,,,,,,,,,,,,,,,,,,,
13220,2019,5,18,16,30,20.5,99,752,484,1.7000000000000002,,,,,,,,,,,,,,,,,,,,,,,,,,,,,,,,,,,,
13221,2019,5,18,16,45,20.400000000000002,96,729,444,1.6,,,,,,,,,,,,,,,,,,,,,,,,,,,,,,,,,,,,
13222,2019,5,18,17,0,20.3,92,706,403,1.5,,,,,,,,,,,,,,,,,,,,,,,,,,,,,,,,,,,,
13223,2019,5,18,17,15,20,88,680,362,1.4000000000000001,,,,,,,,,,,,,,,,,,,,,,,,,,,,,,,,,,,,
13224,2019,5,18,17,30,19.700000000000003,84,650,322,1.2000000000000002,,,,,,,,,,,,,,,,,,,,,,,,,,,,,,,,,,,,
13225,2019,5,18,17,45,19.400000000000002,79,615,281,1,,,,,,,,,,,,,,,,,,,,,,,,,,,,,,,,,,,,
13226,2019,5,18,18,0,19.1,73,576,241,0.9,,,,,,,,,,,,,,,,,,,,,,,,,,,,,,,,,,,,
13227,2019,5,18,18,15,18.5,67,533,202,0.9,,,,,,,,,,,,,,,,,,,,,,,,,,,,,,,,,,,,
13228,2019,5,18,18,30,17.900000000000002,60,482,164,0.9,,,,,,,,,,,,,,,,,,,,,,,,,,,,,,,,,,,,
13229,2019,5,18,18,45,17.3,53,422,128,0.9,,,,,,,,,,,,,,,,,,,,,,,,,,,,,,,,,,,,
13230,2019,5,18,19,0,16.7,45,355,94,0.9,,,,,,,,,,,,,,,,,,,,,,,,,,,,,,,,,,,,
13231,2019,5,18,19,15,16.3,35,279,64,0.9,,,,,,,,,,,,,,,,,,,,,,,,,,,,,,,,,,,,
13232,2019,5,18,19,30,15.9,25,192,38,0.9,,,,,,,,,,,,,,,,,,,,,,,,,,,,,,,,,,,,
13233,2019,5,18,19,45,15.5,15,98,18,1,,,,,,,,,,,,,,,,,,,,,,,,,,,,,,,,,,,,
13234,2019,5,18,20,0,15.100000000000001,0,0,0,1,,,,,,,,,,,,,,,,,,,,,,,,,,,,,,,,,,,,
13235,2019,5,18,20,15,14.8,0,0,0,1,,,,,,,,,,,,,,,,,,,,,,,,,,,,,,,,,,,,
13236,2019,5,18,20,30,14.600000000000001,0,0,0,1,,,,,,,,,,,,,,,,,,,,,,,,,,,,,,,,,,,,
13237,2019,5,18,20,45,14.4,0,0,0,1,,,,,,,,,,,,,,,,,,,,,,,,,,,,,,,,,,,,
13238,2019,5,18,21,0,14.100000000000001,0,0,0,1.1,,,,,,,,,,,,,,,,,,,,,,,,,,,,,,,,,,,,
13239,2019,5,18,21,15,13.9,0,0,0,1.1,,,,,,,,,,,,,,,,,,,,,,,,,,,,,,,,,,,,
13240,2019,5,18,21,30,13.700000000000001,0,0,0,1.1,,,,,,,,,,,,,,,,,,,,,,,,,,,,,,,,,,,,
13241,2019,5,18,21,45,13.600000000000001,0,0,0,1.1,,,,,,,,,,,,,,,,,,,,,,,,,,,,,,,,,,,,
13242,2019,5,18,22,0,13.4,0,0,0,1.1,,,,,,,,,,,,,,,,,,,,,,,,,,,,,,,,,,,,
13243,2019,5,18,22,15,13.200000000000001,0,0,0,1.1,,,,,,,,,,,,,,,,,,,,,,,,,,,,,,,,,,,,
13244,2019,5,18,22,30,13,0,0,0,1.1,,,,,,,,,,,,,,,,,,,,,,,,,,,,,,,,,,,,
13245,2019,5,18,22,45,12.9,0,0,0,1.1,,,,,,,,,,,,,,,,,,,,,,,,,,,,,,,,,,,,
13246,2019,5,18,23,0,12.700000000000001,0,0,0,1.1,,,,,,,,,,,,,,,,,,,,,,,,,,,,,,,,,,,,
13247,2019,5,18,23,15,12.600000000000001,0,0,0,1.1,,,,,,,,,,,,,,,,,,,,,,,,,,,,,,,,,,,,
13248,2019,5,18,23,30,12.5,0,0,0,1,,,,,,,,,,,,,,,,,,,,,,,,,,,,,,,,,,,,
13249,2019,5,18,23,45,12.3,0,0,0,1,,,,,,,,,,,,,,,,,,,,,,,,,,,,,,,,,,,,
13250,2019,5,19,0,0,12.200000000000001,0,0,0,1,,,,,,,,,,,,,,,,,,,,,,,,,,,,,,,,,,,,
13251,2019,5,19,0,15,12.200000000000001,0,0,0,1,,,,,,,,,,,,,,,,,,,,,,,,,,,,,,,,,,,,
13252,2019,5,19,0,30,12.200000000000001,0,0,0,1,,,,,,,,,,,,,,,,,,,,,,,,,,,,,,,,,,,,
13253,2019,5,19,0,45,12.200000000000001,0,0,0,1,,,,,,,,,,,,,,,,,,,,,,,,,,,,,,,,,,,,
13254,2019,5,19,1,0,11.9,0,0,0,1,,,,,,,,,,,,,,,,,,,,,,,,,,,,,,,,,,,,
13255,2019,5,19,1,15,11.8,0,0,0,1,,,,,,,,,,,,,,,,,,,,,,,,,,,,,,,,,,,,
13256,2019,5,19,1,30,11.600000000000001,0,0,0,1,,,,,,,,,,,,,,,,,,,,,,,,,,,,,,,,,,,,
13257,2019,5,19,1,45,11.5,0,0,0,1,,,,,,,,,,,,,,,,,,,,,,,,,,,,,,,,,,,,
13258,2019,5,19,2,0,11.4,0,0,0,1,,,,,,,,,,,,,,,,,,,,,,,,,,,,,,,,,,,,
13259,2019,5,19,2,15,11.200000000000001,0,0,0,1,,,,,,,,,,,,,,,,,,,,,,,,,,,,,,,,,,,,
13260,2019,5,19,2,30,11,0,0,0,1,,,,,,,,,,,,,,,,,,,,,,,,,,,,,,,,,,,,
13261,2019,5,19,2,45,10.700000000000001,0,0,0,1,,,,,,,,,,,,,,,,,,,,,,,,,,,,,,,,,,,,
13262,2019,5,19,3,0,10.5,0,0,0,1,,,,,,,,,,,,,,,,,,,,,,,,,,,,,,,,,,,,
13263,2019,5,19,3,15,10.3,0,0,0,1,,,,,,,,,,,,,,,,,,,,,,,,,,,,,,,,,,,,
13264,2019,5,19,3,30,10.100000000000001,0,0,0,1,,,,,,,,,,,,,,,,,,,,,,,,,,,,,,,,,,,,
13265,2019,5,19,3,45,10,0,0,0,1,,,,,,,,,,,,,,,,,,,,,,,,,,,,,,,,,,,,
13266,2019,5,19,4,0,9.8,0,0,0,1,,,,,,,,,,,,,,,,,,,,,,,,,,,,,,,,,,,,
13267,2019,5,19,4,15,10.100000000000001,0,0,0,1,,,,,,,,,,,,,,,,,,,,,,,,,,,,,,,,,,,,
13268,2019,5,19,4,30,10.4,10,43,11,1,,,,,,,,,,,,,,,,,,,,,,,,,,,,,,,,,,,,
13269,2019,5,19,4,45,10.8,20,95,25,1.1,,,,,,,,,,,,,,,,,,,,,,,,,,,,,,,,,,,,
13270,2019,5,19,5,0,11.100000000000001,34,173,49,1.1,,,,,,,,,,,,,,,,,,,,,,,,,,,,,,,,,,,,
13271,2019,5,19,5,15,11.5,46,245,77,1.3,,,,,,,,,,,,,,,,,,,,,,,,,,,,,,,,,,,,
13272,2019,5,19,5,30,11.9,57,311,108,1.5,,,,,,,,,,,,,,,,,,,,,,,,,,,,,,,,,,,,
13273,2019,5,19,5,45,12.3,68,360,141,1.7000000000000002,,,,,,,,,,,,,,,,,,,,,,,,,,,,,,,,,,,,
13274,2019,5,19,6,0,12.700000000000001,79,413,177,1.9000000000000001,,,,,,,,,,,,,,,,,,,,,,,,,,,,,,,,,,,,
13275,2019,5,19,6,15,13.3,87,460,215,1.9000000000000001,,,,,,,,,,,,,,,,,,,,,,,,,,,,,,,,,,,,
13276,2019,5,19,6,30,13.8,95,502,253,1.9000000000000001,,,,,,,,,,,,,,,,,,,,,,,,,,,,,,,,,,,,
13277,2019,5,19,6,45,14.3,102,540,293,1.9000000000000001,,,,,,,,,,,,,,,,,,,,,,,,,,,,,,,,,,,,
13278,2019,5,19,7,0,14.8,109,574,333,2,,,,,,,,,,,,,,,,,,,,,,,,,,,,,,,,,,,,
13279,2019,5,19,7,15,15.600000000000001,115,603,372,2.2,,,,,,,,,,,,,,,,,,,,,,,,,,,,,,,,,,,,
13280,2019,5,19,7,30,16.3,120,630,412,2.5,,,,,,,,,,,,,,,,,,,,,,,,,,,,,,,,,,,,
13281,2019,5,19,7,45,17,124,658,452,2.7,,,,,,,,,,,,,,,,,,,,,,,,,,,,,,,,,,,,
13282,2019,5,19,8,0,17.7,128,679,491,3,,,,,,,,,,,,,,,,,,,,,,,,,,,,,,,,,,,,
13283,2019,5,19,8,15,18.2,133,698,528,3.1,,,,,,,,,,,,,,,,,,,,,,,,,,,,,,,,,,,,
13284,2019,5,19,8,30,18.6,137,715,565,3.2,,,,,,,,,,,,,,,,,,,,,,,,,,,,,,,,,,,,
13285,2019,5,19,8,45,19.1,140,732,600,3.3000000000000003,,,,,,,,,,,,,,,,,,,,,,,,,,,,,,,,,,,,
13286,2019,5,19,9,0,19.5,143,745,633,3.4000000000000004,,,,,,,,,,,,,,,,,,,,,,,,,,,,,,,,,,,,
13287,2019,5,19,9,15,19.900000000000002,146,758,665,3.5,,,,,,,,,,,,,,,,,,,,,,,,,,,,,,,,,,,,
13288,2019,5,19,9,30,20.200000000000003,147,768,694,3.5,,,,,,,,,,,,,,,,,,,,,,,,,,,,,,,,,,,,
13289,2019,5,19,9,45,20.5,153,772,720,3.5,,,,,,,,,,,,,,,,,,,,,,,,,,,,,,,,,,,,
13290,2019,5,19,10,0,20.8,155,781,745,3.5,,,,,,,,,,,,,,,,,,,,,,,,,,,,,,,,,,,,
13291,2019,5,19,10,15,21,157,788,768,3.5,,,,,,,,,,,,,,,,,,,,,,,,,,,,,,,,,,,,
13292,2019,5,19,10,30,21.3,159,795,789,3.5,,,,,,,,,,,,,,,,,,,,,,,,,,,,,,,,,,,,
13293,2019,5,19,10,45,21.5,159,803,807,3.5,,,,,,,,,,,,,,,,,,,,,,,,,,,,,,,,,,,,
13294,2019,5,19,11,0,21.700000000000003,160,807,822,3.4000000000000004,,,,,,,,,,,,,,,,,,,,,,,,,,,,,,,,,,,,
13295,2019,5,19,11,15,21.900000000000002,161,811,835,3.4000000000000004,,,,,,,,,,,,,,,,,,,,,,,,,,,,,,,,,,,,
13296,2019,5,19,11,30,22.1,162,813,844,3.3000000000000003,,,,,,,,,,,,,,,,,,,,,,,,,,,,,,,,,,,,
13297,2019,5,19,11,45,22.200000000000003,162,815,851,3.3000000000000003,,,,,,,,,,,,,,,,,,,,,,,,,,,,,,,,,,,,
13298,2019,5,19,12,0,22.400000000000002,320,507,750,3.2,,,,,,,,,,,,,,,,,,,,,,,,,,,,,,,,,,,,
13299,2019,5,19,12,15,22.5,320,507,750,3.1,,,,,,,,,,,,,,,,,,,,,,,,,,,,,,,,,,,,
13300,2019,5,19,12,30,22.6,320,504,746,3.1,,,,,,,,,,,,,,,,,,,,,,,,,,,,,,,,,,,,
13301,2019,5,19,12,45,22.6,397,279,632,3,,,,,,,,,,,,,,,,,,,,,,,,,,,,,,,,,,,,
13302,2019,5,19,13,0,22.700000000000003,393,277,624,2.9000000000000004,,,,,,,,,,,,,,,,,,,,,,,,,,,,,,,,,,,,
13303,2019,5,19,13,15,22.700000000000003,309,491,715,2.8000000000000003,,,,,,,,,,,,,,,,,,,,,,,,,,,,,,,,,,,,
13304,2019,5,19,13,30,22.700000000000003,336,402,664,2.7,,,,,,,,,,,,,,,,,,,,,,,,,,,,,,,,,,,,
13305,2019,5,19,13,45,22.700000000000003,384,208,551,2.7,,,,,,,,,,,,,,,,,,,,,,,,,,,,,,,,,,,,
13306,2019,5,19,14,0,22.700000000000003,342,362,625,2.6,,,,,,,,,,,,,,,,,,,,,,,,,,,,,,,,,,,,
13307,2019,5,19,14,15,22.6,365,143,474,2.5,,,,,,,,,,,,,,,,,,,,,,,,,,,,,,,,,,,,
13308,2019,5,19,14,30,22.5,291,423,606,2.4000000000000004,,,,,,,,,,,,,,,,,,,,,,,,,,,,,,,,,,,,
13309,2019,5,19,14,45,22.400000000000002,321,294,533,2.3000000000000003,,,,,,,,,,,,,,,,,,,,,,,,,,,,,,,,,,,,
13310,2019,5,19,15,0,22.3,316,246,487,2.2,,,,,,,,,,,,,,,,,,,,,,,,,,,,,,,,,,,,
13311,2019,5,19,15,15,22.200000000000003,270,378,523,2.1,,,,,,,,,,,,,,,,,,,,,,,,,,,,,,,,,,,,
13312,2019,5,19,15,30,22.1,257,368,493,1.9000000000000001,,,,,,,,,,,,,,,,,,,,,,,,,,,,,,,,,,,,
13313,2019,5,19,15,45,22,266,250,419,1.8,,,,,,,,,,,,,,,,,,,,,,,,,,,,,,,,,,,,
13314,2019,5,19,16,0,21.900000000000002,238,310,418,1.6,,,,,,,,,,,,,,,,,,,,,,,,,,,,,,,,,,,,
13315,2019,5,19,16,15,21.8,179,479,441,1.6,,,,,,,,,,,,,,,,,,,,,,,,,,,,,,,,,,,,
13316,2019,5,19,16,30,21.700000000000003,141,553,426,1.5,,,,,,,,,,,,,,,,,,,,,,,,,,,,,,,,,,,,
13317,2019,5,19,16,45,21.5,175,364,349,1.4000000000000001,,,,,,,,,,,,,,,,,,,,,,,,,,,,,,,,,,,,
13318,2019,5,19,17,0,21.400000000000002,153,387,324,1.3,,,,,,,,,,,,,,,,,,,,,,,,,,,,,,,,,,,,
13319,2019,5,19,17,15,21,144,341,283,1.2000000000000002,,,,,,,,,,,,,,,,,,,,,,,,,,,,,,,,,,,,
13320,2019,5,19,17,30,20.6,112,520,304,1.1,,,,,,,,,,,,,,,,,,,,,,,,,,,,,,,,,,,,
13321,2019,5,19,17,45,20.3,104,487,265,0.9,,,,,,,,,,,,,,,,,,,,,,,,,,,,,,,,,,,,
13322,2019,5,19,18,0,19.900000000000002,95,447,227,0.8,,,,,,,,,,,,,,,,,,,,,,,,,,,,,,,,,,,,
13323,2019,5,19,18,15,19.400000000000002,89,245,152,0.9,,,,,,,,,,,,,,,,,,,,,,,,,,,,,,,,,,,,
13324,2019,5,19,18,30,19,75,214,122,0.9,,,,,,,,,,,,,,,,,,,,,,,,,,,,,,,,,,,,
13325,2019,5,19,18,45,18.5,62,180,94,0.9,,,,,,,,,,,,,,,,,,,,,,,,,,,,,,,,,,,,
13326,2019,5,19,19,0,18.1,54,230,87,1,,,,,,,,,,,,,,,,,,,,,,,,,,,,,,,,,,,,
13327,2019,5,19,19,15,17.7,41,166,59,1,,,,,,,,,,,,,,,,,,,,,,,,,,,,,,,,,,,,
13328,2019,5,19,19,30,17.3,27,100,35,1.1,,,,,,,,,,,,,,,,,,,,,,,,,,,,,,,,,,,,
13329,2019,5,19,19,45,17,14,39,16,1.2000000000000002,,,,,,,,,,,,,,,,,,,,,,,,,,,,,,,,,,,,
13330,2019,5,19,20,0,16.6,0,0,0,1.2000000000000002,,,,,,,,,,,,,,,,,,,,,,,,,,,,,,,,,,,,
13331,2019,5,19,20,15,16.400000000000002,0,0,0,1.2000000000000002,,,,,,,,,,,,,,,,,,,,,,,,,,,,,,,,,,,,
13332,2019,5,19,20,30,16.2,0,0,0,1.3,,,,,,,,,,,,,,,,,,,,,,,,,,,,,,,,,,,,
13333,2019,5,19,20,45,16.1,0,0,0,1.3,,,,,,,,,,,,,,,,,,,,,,,,,,,,,,,,,,,,
13334,2019,5,19,21,0,15.9,0,0,0,1.3,,,,,,,,,,,,,,,,,,,,,,,,,,,,,,,,,,,,
13335,2019,5,19,21,15,15.700000000000001,0,0,0,1.3,,,,,,,,,,,,,,,,,,,,,,,,,,,,,,,,,,,,
13336,2019,5,19,21,30,15.5,0,0,0,1.4000000000000001,,,,,,,,,,,,,,,,,,,,,,,,,,,,,,,,,,,,
13337,2019,5,19,21,45,15.3,0,0,0,1.4000000000000001,,,,,,,,,,,,,,,,,,,,,,,,,,,,,,,,,,,,
13338,2019,5,19,22,0,15.200000000000001,0,0,0,1.4000000000000001,,,,,,,,,,,,,,,,,,,,,,,,,,,,,,,,,,,,
13339,2019,5,19,22,15,15,0,0,0,1.4000000000000001,,,,,,,,,,,,,,,,,,,,,,,,,,,,,,,,,,,,
13340,2019,5,19,22,30,14.8,0,0,0,1.4000000000000001,,,,,,,,,,,,,,,,,,,,,,,,,,,,,,,,,,,,
13341,2019,5,19,22,45,14.600000000000001,0,0,0,1.4000000000000001,,,,,,,,,,,,,,,,,,,,,,,,,,,,,,,,,,,,
13342,2019,5,19,23,0,14.5,0,0,0,1.4000000000000001,,,,,,,,,,,,,,,,,,,,,,,,,,,,,,,,,,,,
13343,2019,5,19,23,15,14.3,0,0,0,1.3,,,,,,,,,,,,,,,,,,,,,,,,,,,,,,,,,,,,
13344,2019,5,19,23,30,14.100000000000001,0,0,0,1.3,,,,,,,,,,,,,,,,,,,,,,,,,,,,,,,,,,,,
13345,2019,5,19,23,45,13.9,0,0,0,1.3,,,,,,,,,,,,,,,,,,,,,,,,,,,,,,,,,,,,
13346,2019,5,20,0,0,13.700000000000001,0,0,0,1.3,,,,,,,,,,,,,,,,,,,,,,,,,,,,,,,,,,,,
13347,2019,5,20,0,15,13.700000000000001,0,0,0,1.3,,,,,,,,,,,,,,,,,,,,,,,,,,,,,,,,,,,,
13348,2019,5,20,0,30,13.700000000000001,0,0,0,1.3,,,,,,,,,,,,,,,,,,,,,,,,,,,,,,,,,,,,
13349,2019,5,20,0,45,13.700000000000001,0,0,0,1.3,,,,,,,,,,,,,,,,,,,,,,,,,,,,,,,,,,,,
13350,2019,5,20,1,0,13.100000000000001,0,0,0,1.1,,,,,,,,,,,,,,,,,,,,,,,,,,,,,,,,,,,,
13351,2019,5,20,1,15,13,0,0,0,1.1,,,,,,,,,,,,,,,,,,,,,,,,,,,,,,,,,,,,
13352,2019,5,20,1,30,12.9,0,0,0,1.1,,,,,,,,,,,,,,,,,,,,,,,,,,,,,,,,,,,,
13353,2019,5,20,1,45,12.8,0,0,0,1,,,,,,,,,,,,,,,,,,,,,,,,,,,,,,,,,,,,
13354,2019,5,20,2,0,12.700000000000001,0,0,0,1,,,,,,,,,,,,,,,,,,,,,,,,,,,,,,,,,,,,
13355,2019,5,20,2,15,12.700000000000001,0,0,0,1,,,,,,,,,,,,,,,,,,,,,,,,,,,,,,,,,,,,
13356,2019,5,20,2,30,12.600000000000001,0,0,0,1,,,,,,,,,,,,,,,,,,,,,,,,,,,,,,,,,,,,
13357,2019,5,20,2,45,12.600000000000001,0,0,0,1,,,,,,,,,,,,,,,,,,,,,,,,,,,,,,,,,,,,
13358,2019,5,20,3,0,12.5,0,0,0,1.1,,,,,,,,,,,,,,,,,,,,,,,,,,,,,,,,,,,,
13359,2019,5,20,3,15,12.5,0,0,0,1.1,,,,,,,,,,,,,,,,,,,,,,,,,,,,,,,,,,,,
13360,2019,5,20,3,30,12.4,0,0,0,1.1,,,,,,,,,,,,,,,,,,,,,,,,,,,,,,,,,,,,
13361,2019,5,20,3,45,12.3,0,0,0,1.1,,,,,,,,,,,,,,,,,,,,,,,,,,,,,,,,,,,,
13362,2019,5,20,4,0,12.3,0,0,0,1.2000000000000002,,,,,,,,,,,,,,,,,,,,,,,,,,,,,,,,,,,,
13363,2019,5,20,4,15,12.5,0,0,0,1.4000000000000001,,,,,,,,,,,,,,,,,,,,,,,,,,,,,,,,,,,,
13364,2019,5,20,4,30,12.8,10,20,10,1.6,,,,,,,,,,,,,,,,,,,,,,,,,,,,,,,,,,,,
13365,2019,5,20,4,45,13,20,24,22,1.8,,,,,,,,,,,,,,,,,,,,,,,,,,,,,,,,,,,,
13366,2019,5,20,5,0,13.200000000000001,20,0,20,2,,,,,,,,,,,,,,,,,,,,,,,,,,,,,,,,,,,,
13367,2019,5,20,5,15,13.5,30,0,30,2.1,,,,,,,,,,,,,,,,,,,,,,,,,,,,,,,,,,,,
13368,2019,5,20,5,30,13.8,42,0,42,2.3000000000000003,,,,,,,,,,,,,,,,,,,,,,,,,,,,,,,,,,,,
13369,2019,5,20,5,45,14.100000000000001,56,0,56,2.5,,,,,,,,,,,,,,,,,,,,,,,,,,,,,,,,,,,,
13370,2019,5,20,6,0,14.4,72,0,72,2.6,,,,,,,,,,,,,,,,,,,,,,,,,,,,,,,,,,,,
13371,2019,5,20,6,15,14.9,89,0,89,2.7,,,,,,,,,,,,,,,,,,,,,,,,,,,,,,,,,,,,
13372,2019,5,20,6,30,15.3,107,4,108,2.7,,,,,,,,,,,,,,,,,,,,,,,,,,,,,,,,,,,,
13373,2019,5,20,6,45,15.8,136,217,213,2.7,,,,,,,,,,,,,,,,,,,,,,,,,,,,,,,,,,,,
13374,2019,5,20,7,0,16.2,150,259,252,2.8000000000000003,,,,,,,,,,,,,,,,,,,,,,,,,,,,,,,,,,,,
13375,2019,5,20,7,15,16.8,177,119,228,2.9000000000000004,,,,,,,,,,,,,,,,,,,,,,,,,,,,,,,,,,,,
13376,2019,5,20,7,30,17.3,196,159,270,2.9000000000000004,,,,,,,,,,,,,,,,,,,,,,,,,,,,,,,,,,,,
13377,2019,5,20,7,45,17.8,213,190,308,3,,,,,,,,,,,,,,,,,,,,,,,,,,,,,,,,,,,,
13378,2019,5,20,8,0,18.400000000000002,233,132,303,3.1,,,,,,,,,,,,,,,,,,,,,,,,,,,,,,,,,,,,
13379,2019,5,20,8,15,18.900000000000002,243,247,383,3.2,,,,,,,,,,,,,,,,,,,,,,,,,,,,,,,,,,,,
13380,2019,5,20,8,30,19.400000000000002,260,251,411,3.3000000000000003,,,,,,,,,,,,,,,,,,,,,,,,,,,,,,,,,,,,
13381,2019,5,20,8,45,19.8,264,316,464,3.4000000000000004,,,,,,,,,,,,,,,,,,,,,,,,,,,,,,,,,,,,
13382,2019,5,20,9,0,20.3,302,127,386,3.5,,,,,,,,,,,,,,,,,,,,,,,,,,,,,,,,,,,,
13383,2019,5,20,9,15,20.700000000000003,318,127,405,3.5,,,,,,,,,,,,,,,,,,,,,,,,,,,,,,,,,,,,
13384,2019,5,20,9,30,21,331,212,482,3.5,,,,,,,,,,,,,,,,,,,,,,,,,,,,,,,,,,,,
13385,2019,5,20,9,45,21.400000000000002,324,316,557,3.5,,,,,,,,,,,,,,,,,,,,,,,,,,,,,,,,,,,,
13386,2019,5,20,10,0,21.700000000000003,318,383,608,3.5,,,,,,,,,,,,,,,,,,,,,,,,,,,,,,,,,,,,
13387,2019,5,20,10,15,21.900000000000002,339,349,610,3.5,,,,,,,,,,,,,,,,,,,,,,,,,,,,,,,,,,,,
13388,2019,5,20,10,30,22.1,370,273,587,3.5,,,,,,,,,,,,,,,,,,,,,,,,,,,,,,,,,,,,
13389,2019,5,20,10,45,22.3,357,353,643,3.5,,,,,,,,,,,,,,,,,,,,,,,,,,,,,,,,,,,,
13390,2019,5,20,11,0,22.5,359,369,662,3.4000000000000004,,,,,,,,,,,,,,,,,,,,,,,,,,,,,,,,,,,,
13391,2019,5,20,11,15,22.5,342,411,685,3.4000000000000004,,,,,,,,,,,,,,,,,,,,,,,,,,,,,,,,,,,,
13392,2019,5,20,11,30,22.400000000000002,327,460,715,3.3000000000000003,,,,,,,,,,,,,,,,,,,,,,,,,,,,,,,,,,,,
13393,2019,5,20,11,45,22.400000000000002,395,299,648,3.3000000000000003,,,,,,,,,,,,,,,,,,,,,,,,,,,,,,,,,,,,
13394,2019,5,20,12,0,22.400000000000002,417,186,576,3.2,,,,,,,,,,,,,,,,,,,,,,,,,,,,,,,,,,,,
13395,2019,5,20,12,15,22.1,389,66,445,3.1,,,,,,,,,,,,,,,,,,,,,,,,,,,,,,,,,,,,
13396,2019,5,20,12,30,21.900000000000002,417,160,552,3,,,,,,,,,,,,,,,,,,,,,,,,,,,,,,,,,,,,
13397,2019,5,20,12,45,21.700000000000003,385,328,661,2.9000000000000004,,,,,,,,,,,,,,,,,,,,,,,,,,,,,,,,,,,,
13398,2019,5,20,13,0,21.5,408,200,575,2.8000000000000003,,,,,,,,,,,,,,,,,,,,,,,,,,,,,,,,,,,,
13399,2019,5,20,13,15,21.200000000000003,186,7,192,2.7,,,,,,,,,,,,,,,,,,,,,,,,,,,,,,,,,,,,
13400,2019,5,20,13,30,20.900000000000002,163,4,166,2.6,,,,,,,,,,,,,,,,,,,,,,,,,,,,,,,,,,,,
13401,2019,5,20,13,45,20.6,304,26,325,2.6,,,,,,,,,,,,,,,,,,,,,,,,,,,,,,,,,,,,
13402,2019,5,20,14,0,20.3,146,2,148,2.5,,,,,,,,,,,,,,,,,,,,,,,,,,,,,,,,,,,,
13403,2019,5,20,14,15,20,239,13,249,2.5,,,,,,,,,,,,,,,,,,,,,,,,,,,,,,,,,,,,
13404,2019,5,20,14,30,19.8,247,15,258,2.5,,,,,,,,,,,,,,,,,,,,,,,,,,,,,,,,,,,,
13405,2019,5,20,14,45,19.5,85,0,85,2.5,,,,,,,,,,,,,,,,,,,,,,,,,,,,,,,,,,,,
13406,2019,5,20,15,0,19.200000000000003,116,0,116,2.5,,,,,,,,,,,,,,,,,,,,,,,,,,,,,,,,,,,,
13407,2019,5,20,15,15,19,240,20,253,2.6,,,,,,,,,,,,,,,,,,,,,,,,,,,,,,,,,,,,
13408,2019,5,20,15,30,18.8,199,9,205,2.7,,,,,,,,,,,,,,,,,,,,,,,,,,,,,,,,,,,,
13409,2019,5,20,15,45,18.6,147,0,147,2.7,,,,,,,,,,,,,,,,,,,,,,,,,,,,,,,,,,,,
13410,2019,5,20,16,0,18.400000000000002,32,0,32,2.8000000000000003,,,,,,,,,,,,,,,,,,,,,,,,,,,,,,,,,,,,
13411,2019,5,20,16,15,18.3,28,0,28,2.8000000000000003,,,,,,,,,,,,,,,,,,,,,,,,,,,,,,,,,,,,
13412,2019,5,20,16,30,18.2,24,0,24,2.9000000000000004,,,,,,,,,,,,,,,,,,,,,,,,,,,,,,,,,,,,
13413,2019,5,20,16,45,18,22,0,22,2.9000000000000004,,,,,,,,,,,,,,,,,,,,,,,,,,,,,,,,,,,,
13414,2019,5,20,17,0,17.900000000000002,20,0,20,3,,,,,,,,,,,,,,,,,,,,,,,,,,,,,,,,,,,,
13415,2019,5,20,17,15,17.8,17,0,17,3,,,,,,,,,,,,,,,,,,,,,,,,,,,,,,,,,,,,
13416,2019,5,20,17,30,17.7,63,0,63,3,,,,,,,,,,,,,,,,,,,,,,,,,,,,,,,,,,,,
13417,2019,5,20,17,45,17.6,13,0,13,3,,,,,,,,,,,,,,,,,,,,,,,,,,,,,,,,,,,,
13418,2019,5,20,18,0,17.5,75,0,75,2.9000000000000004,,,,,,,,,,,,,,,,,,,,,,,,,,,,,,,,,,,,
13419,2019,5,20,18,15,17.400000000000002,62,0,62,2.9000000000000004,,,,,,,,,,,,,,,,,,,,,,,,,,,,,,,,,,,,
13420,2019,5,20,18,30,17.2,50,0,50,2.9000000000000004,,,,,,,,,,,,,,,,,,,,,,,,,,,,,,,,,,,,
13421,2019,5,20,18,45,17.1,40,0,40,2.9000000000000004,,,,,,,,,,,,,,,,,,,,,,,,,,,,,,,,,,,,
13422,2019,5,20,19,0,16.900000000000002,31,0,31,2.9000000000000004,,,,,,,,,,,,,,,,,,,,,,,,,,,,,,,,,,,,
13423,2019,5,20,19,15,16.8,7,0,7,2.9000000000000004,,,,,,,,,,,,,,,,,,,,,,,,,,,,,,,,,,,,
13424,2019,5,20,19,30,16.7,15,0,15,2.9000000000000004,,,,,,,,,,,,,,,,,,,,,,,,,,,,,,,,,,,,
13425,2019,5,20,19,45,16.5,3,0,3,2.8000000000000003,,,,,,,,,,,,,,,,,,,,,,,,,,,,,,,,,,,,
13426,2019,5,20,20,0,16.400000000000002,0,0,0,2.8000000000000003,,,,,,,,,,,,,,,,,,,,,,,,,,,,,,,,,,,,
13427,2019,5,20,20,15,16.2,0,0,0,2.7,,,,,,,,,,,,,,,,,,,,,,,,,,,,,,,,,,,,
13428,2019,5,20,20,30,16.1,0,0,0,2.7,,,,,,,,,,,,,,,,,,,,,,,,,,,,,,,,,,,,
13429,2019,5,20,20,45,16,0,0,0,2.6,,,,,,,,,,,,,,,,,,,,,,,,,,,,,,,,,,,,
13430,2019,5,20,21,0,15.9,0,0,0,2.6,,,,,,,,,,,,,,,,,,,,,,,,,,,,,,,,,,,,
13431,2019,5,20,21,15,15.8,0,0,0,2.5,,,,,,,,,,,,,,,,,,,,,,,,,,,,,,,,,,,,
13432,2019,5,20,21,30,15.600000000000001,0,0,0,2.4000000000000004,,,,,,,,,,,,,,,,,,,,,,,,,,,,,,,,,,,,
13433,2019,5,20,21,45,15.5,0,0,0,2.3000000000000003,,,,,,,,,,,,,,,,,,,,,,,,,,,,,,,,,,,,
13434,2019,5,20,22,0,15.4,0,0,0,2.2,,,,,,,,,,,,,,,,,,,,,,,,,,,,,,,,,,,,
13435,2019,5,20,22,15,15.3,0,0,0,2.2,,,,,,,,,,,,,,,,,,,,,,,,,,,,,,,,,,,,
13436,2019,5,20,22,30,15.100000000000001,0,0,0,2.1,,,,,,,,,,,,,,,,,,,,,,,,,,,,,,,,,,,,
13437,2019,5,20,22,45,15,0,0,0,2,,,,,,,,,,,,,,,,,,,,,,,,,,,,,,,,,,,,
13438,2019,5,20,23,0,14.9,0,0,0,2,,,,,,,,,,,,,,,,,,,,,,,,,,,,,,,,,,,,
13439,2019,5,20,23,15,14.700000000000001,0,0,0,2,,,,,,,,,,,,,,,,,,,,,,,,,,,,,,,,,,,,
13440,2019,5,20,23,30,14.600000000000001,0,0,0,1.9000000000000001,,,,,,,,,,,,,,,,,,,,,,,,,,,,,,,,,,,,
13441,2019,5,20,23,45,14.5,0,0,0,1.9000000000000001,,,,,,,,,,,,,,,,,,,,,,,,,,,,,,,,,,,,
13442,2019,5,21,0,0,14.4,0,0,0,1.9000000000000001,,,,,,,,,,,,,,,,,,,,,,,,,,,,,,,,,,,,
13443,2019,5,21,0,15,14.4,0,0,0,1.9000000000000001,,,,,,,,,,,,,,,,,,,,,,,,,,,,,,,,,,,,
13444,2019,5,21,0,30,14.4,0,0,0,1.9000000000000001,,,,,,,,,,,,,,,,,,,,,,,,,,,,,,,,,,,,
13445,2019,5,21,0,45,14.4,0,0,0,1.9000000000000001,,,,,,,,,,,,,,,,,,,,,,,,,,,,,,,,,,,,
13446,2019,5,21,1,0,13.600000000000001,0,0,0,1.7000000000000002,,,,,,,,,,,,,,,,,,,,,,,,,,,,,,,,,,,,
13447,2019,5,21,1,15,13.4,0,0,0,1.7000000000000002,,,,,,,,,,,,,,,,,,,,,,,,,,,,,,,,,,,,
13448,2019,5,21,1,30,13.100000000000001,0,0,0,1.7000000000000002,,,,,,,,,,,,,,,,,,,,,,,,,,,,,,,,,,,,
13449,2019,5,21,1,45,12.9,0,0,0,1.7000000000000002,,,,,,,,,,,,,,,,,,,,,,,,,,,,,,,,,,,,
13450,2019,5,21,2,0,12.600000000000001,0,0,0,1.6,,,,,,,,,,,,,,,,,,,,,,,,,,,,,,,,,,,,
13451,2019,5,21,2,15,12.4,0,0,0,1.6,,,,,,,,,,,,,,,,,,,,,,,,,,,,,,,,,,,,
13452,2019,5,21,2,30,12.100000000000001,0,0,0,1.5,,,,,,,,,,,,,,,,,,,,,,,,,,,,,,,,,,,,
13453,2019,5,21,2,45,11.9,0,0,0,1.5,,,,,,,,,,,,,,,,,,,,,,,,,,,,,,,,,,,,
13454,2019,5,21,3,0,11.700000000000001,0,0,0,1.4000000000000001,,,,,,,,,,,,,,,,,,,,,,,,,,,,,,,,,,,,
13455,2019,5,21,3,15,11.4,0,0,0,1.3,,,,,,,,,,,,,,,,,,,,,,,,,,,,,,,,,,,,
13456,2019,5,21,3,30,11.200000000000001,0,0,0,1.2000000000000002,,,,,,,,,,,,,,,,,,,,,,,,,,,,,,,,,,,,
13457,2019,5,21,3,45,11,0,0,0,1.1,,,,,,,,,,,,,,,,,,,,,,,,,,,,,,,,,,,,
13458,2019,5,21,4,0,10.8,0,0,0,1,,,,,,,,,,,,,,,,,,,,,,,,,,,,,,,,,,,,
13459,2019,5,21,4,15,11.100000000000001,0,0,0,1.1,,,,,,,,,,,,,,,,,,,,,,,,,,,,,,,,,,,,
13460,2019,5,21,4,30,11.3,11,28,12,1.2000000000000002,,,,,,,,,,,,,,,,,,,,,,,,,,,,,,,,,,,,
13461,2019,5,21,4,45,11.600000000000001,24,86,29,1.2000000000000002,,,,,,,,,,,,,,,,,,,,,,,,,,,,,,,,,,,,
13462,2019,5,21,5,0,11.9,38,152,52,1.3,,,,,,,,,,,,,,,,,,,,,,,,,,,,,,,,,,,,
13463,2019,5,21,5,15,12.200000000000001,51,218,80,1.3,,,,,,,,,,,,,,,,,,,,,,,,,,,,,,,,,,,,
13464,2019,5,21,5,30,12.5,63,281,111,1.3,,,,,,,,,,,,,,,,,,,,,,,,,,,,,,,,,,,,
13465,2019,5,21,5,45,12.8,73,352,146,1.3,,,,,,,,,,,,,,,,,,,,,,,,,,,,,,,,,,,,
13466,2019,5,21,6,0,13.100000000000001,83,404,182,1.3,,,,,,,,,,,,,,,,,,,,,,,,,,,,,,,,,,,,
13467,2019,5,21,6,15,13.600000000000001,17,0,17,1.4000000000000001,,,,,,,,,,,,,,,,,,,,,,,,,,,,,,,,,,,,
13468,2019,5,21,6,30,14.100000000000001,20,0,20,1.5,,,,,,,,,,,,,,,,,,,,,,,,,,,,,,,,,,,,
13469,2019,5,21,6,45,14.600000000000001,24,0,24,1.5,,,,,,,,,,,,,,,,,,,,,,,,,,,,,,,,,,,,
13470,2019,5,21,7,0,15.100000000000001,27,0,27,1.6,,,,,,,,,,,,,,,,,,,,,,,,,,,,,,,,,,,,
13471,2019,5,21,7,15,15.600000000000001,31,0,31,1.7000000000000002,,,,,,,,,,,,,,,,,,,,,,,,,,,,,,,,,,,,
13472,2019,5,21,7,30,16.1,35,0,35,1.7000000000000002,,,,,,,,,,,,,,,,,,,,,,,,,,,,,,,,,,,,
13473,2019,5,21,7,45,16.6,39,0,39,1.8,,,,,,,,,,,,,,,,,,,,,,,,,,,,,,,,,,,,
13474,2019,5,21,8,0,17,43,0,43,1.9000000000000001,,,,,,,,,,,,,,,,,,,,,,,,,,,,,,,,,,,,
13475,2019,5,21,8,15,17.400000000000002,47,0,47,1.9000000000000001,,,,,,,,,,,,,,,,,,,,,,,,,,,,,,,,,,,,
13476,2019,5,21,8,30,17.8,51,0,51,1.9000000000000001,,,,,,,,,,,,,,,,,,,,,,,,,,,,,,,,,,,,
13477,2019,5,21,8,45,18.2,55,0,55,1.9000000000000001,,,,,,,,,,,,,,,,,,,,,,,,,,,,,,,,,,,,
13478,2019,5,21,9,0,18.5,58,0,58,1.9000000000000001,,,,,,,,,,,,,,,,,,,,,,,,,,,,,,,,,,,,
13479,2019,5,21,9,15,18.8,254,24,270,1.9000000000000001,,,,,,,,,,,,,,,,,,,,,,,,,,,,,,,,,,,,
13480,2019,5,21,9,30,19.1,267,25,286,1.9000000000000001,,,,,,,,,,,,,,,,,,,,,,,,,,,,,,,,,,,,
13481,2019,5,21,9,45,19.3,280,27,300,2,,,,,,,,,,,,,,,,,,,,,,,,,,,,,,,,,,,,
13482,2019,5,21,10,0,19.6,291,28,313,2,,,,,,,,,,,,,,,,,,,,,,,,,,,,,,,,,,,,
13483,2019,5,21,10,15,19.8,301,29,323,2,,,,,,,,,,,,,,,,,,,,,,,,,,,,,,,,,,,,
13484,2019,5,21,10,30,20,378,107,463,2.1,,,,,,,,,,,,,,,,,,,,,,,,,,,,,,,,,,,,
13485,2019,5,21,10,45,20.1,393,135,502,2.1,,,,,,,,,,,,,,,,,,,,,,,,,,,,,,,,,,,,
13486,2019,5,21,11,0,20.3,398,217,577,2.2,,,,,,,,,,,,,,,,,,,,,,,,,,,,,,,,,,,,
13487,2019,5,21,11,15,20.400000000000002,398,252,609,2.2,,,,,,,,,,,,,,,,,,,,,,,,,,,,,,,,,,,,
13488,2019,5,21,11,30,20.5,401,262,622,2.3000000000000003,,,,,,,,,,,,,,,,,,,,,,,,,,,,,,,,,,,,
13489,2019,5,21,11,45,20.700000000000003,416,185,573,2.4000000000000004,,,,,,,,,,,,,,,,,,,,,,,,,,,,,,,,,,,,
13490,2019,5,21,12,0,20.8,375,366,686,2.4000000000000004,,,,,,,,,,,,,,,,,,,,,,,,,,,,,,,,,,,,
13491,2019,5,21,12,15,20.700000000000003,388,332,670,2.5,,,,,,,,,,,,,,,,,,,,,,,,,,,,,,,,,,,,
13492,2019,5,21,12,30,20.700000000000003,382,347,677,2.5,,,,,,,,,,,,,,,,,,,,,,,,,,,,,,,,,,,,
13493,2019,5,21,12,45,20.700000000000003,401,268,628,2.6,,,,,,,,,,,,,,,,,,,,,,,,,,,,,,,,,,,,
13494,2019,5,21,13,0,20.6,378,347,670,2.6,,,,,,,,,,,,,,,,,,,,,,,,,,,,,,,,,,,,
13495,2019,5,21,13,15,20.6,395,252,603,2.7,,,,,,,,,,,,,,,,,,,,,,,,,,,,,,,,,,,,
13496,2019,5,21,13,30,20.5,390,237,584,2.7,,,,,,,,,,,,,,,,,,,,,,,,,,,,,,,,,,,,
13497,2019,5,21,13,45,20.400000000000002,367,303,610,2.8000000000000003,,,,,,,,,,,,,,,,,,,,,,,,,,,,,,,,,,,,
13498,2019,5,21,14,0,20.3,377,133,482,2.8000000000000003,,,,,,,,,,,,,,,,,,,,,,,,,,,,,,,,,,,,
13499,2019,5,21,14,15,20.200000000000003,367,149,482,2.9000000000000004,,,,,,,,,,,,,,,,,,,,,,,,,,,,,,,,,,,,
13500,2019,5,21,14,30,20.1,283,26,302,3,,,,,,,,,,,,,,,,,,,,,,,,,,,,,,,,,,,,
13501,2019,5,21,14,45,19.900000000000002,162,3,164,3,,,,,,,,,,,,,,,,,,,,,,,,,,,,,,,,,,,,
13502,2019,5,21,15,0,19.8,276,33,299,3.1,,,,,,,,,,,,,,,,,,,,,,,,,,,,,,,,,,,,
13503,2019,5,21,15,15,19.6,211,10,218,3.1,,,,,,,,,,,,,,,,,,,,,,,,,,,,,,,,,,,,
13504,2019,5,21,15,30,19.400000000000002,140,0,140,3.2,,,,,,,,,,,,,,,,,,,,,,,,,,,,,,,,,,,,
13505,2019,5,21,15,45,19.200000000000003,202,11,209,3.2,,,,,,,,,,,,,,,,,,,,,,,,,,,,,,,,,,,,
13506,2019,5,21,16,0,19,139,0,139,3.3000000000000003,,,,,,,,,,,,,,,,,,,,,,,,,,,,,,,,,,,,
13507,2019,5,21,16,15,18.7,113,0,113,3.3000000000000003,,,,,,,,,,,,,,,,,,,,,,,,,,,,,,,,,,,,
13508,2019,5,21,16,30,18.5,118,0,118,3.4000000000000004,,,,,,,,,,,,,,,,,,,,,,,,,,,,,,,,,,,,
13509,2019,5,21,16,45,18.2,23,0,23,3.5,,,,,,,,,,,,,,,,,,,,,,,,,,,,,,,,,,,,
13510,2019,5,21,17,0,18,20,0,20,3.5,,,,,,,,,,,,,,,,,,,,,,,,,,,,,,,,,,,,
13511,2019,5,21,17,15,17.6,28,0,28,3.6,,,,,,,,,,,,,,,,,,,,,,,,,,,,,,,,,,,,
13512,2019,5,21,17,30,17.3,125,5,127,3.7,,,,,,,,,,,,,,,,,,,,,,,,,,,,,,,,,,,,
13513,2019,5,21,17,45,17,59,0,59,3.8000000000000003,,,,,,,,,,,,,,,,,,,,,,,,,,,,,,,,,,,,
13514,2019,5,21,18,0,16.7,12,0,12,3.9000000000000004,,,,,,,,,,,,,,,,,,,,,,,,,,,,,,,,,,,,
13515,2019,5,21,18,15,16.3,10,0,10,3.9000000000000004,,,,,,,,,,,,,,,,,,,,,,,,,,,,,,,,,,,,
13516,2019,5,21,18,30,15.9,9,0,9,3.9000000000000004,,,,,,,,,,,,,,,,,,,,,,,,,,,,,,,,,,,,
13517,2019,5,21,18,45,15.600000000000001,7,0,7,3.9000000000000004,,,,,,,,,,,,,,,,,,,,,,,,,,,,,,,,,,,,
13518,2019,5,21,19,0,15.200000000000001,44,0,44,3.9000000000000004,,,,,,,,,,,,,,,,,,,,,,,,,,,,,,,,,,,,
13519,2019,5,21,19,15,14.9,30,0,30,3.9000000000000004,,,,,,,,,,,,,,,,,,,,,,,,,,,,,,,,,,,,
13520,2019,5,21,19,30,14.5,19,0,19,4,,,,,,,,,,,,,,,,,,,,,,,,,,,,,,,,,,,,
13521,2019,5,21,19,45,14.200000000000001,9,0,9,4,,,,,,,,,,,,,,,,,,,,,,,,,,,,,,,,,,,,
13522,2019,5,21,20,0,13.8,0,0,0,4,,,,,,,,,,,,,,,,,,,,,,,,,,,,,,,,,,,,
13523,2019,5,21,20,15,13.600000000000001,0,0,0,4,,,,,,,,,,,,,,,,,,,,,,,,,,,,,,,,,,,,
13524,2019,5,21,20,30,13.4,0,0,0,4.1000000000000005,,,,,,,,,,,,,,,,,,,,,,,,,,,,,,,,,,,,
13525,2019,5,21,20,45,13.100000000000001,0,0,0,4.1000000000000005,,,,,,,,,,,,,,,,,,,,,,,,,,,,,,,,,,,,
13526,2019,5,21,21,0,12.9,0,0,0,4.1000000000000005,,,,,,,,,,,,,,,,,,,,,,,,,,,,,,,,,,,,
13527,2019,5,21,21,15,12.8,0,0,0,4.2,,,,,,,,,,,,,,,,,,,,,,,,,,,,,,,,,,,,
13528,2019,5,21,21,30,12.600000000000001,0,0,0,4.2,,,,,,,,,,,,,,,,,,,,,,,,,,,,,,,,,,,,
13529,2019,5,21,21,45,12.5,0,0,0,4.2,,,,,,,,,,,,,,,,,,,,,,,,,,,,,,,,,,,,
13530,2019,5,21,22,0,12.3,0,0,0,4.3,,,,,,,,,,,,,,,,,,,,,,,,,,,,,,,,,,,,
13531,2019,5,21,22,15,12.200000000000001,0,0,0,4.3,,,,,,,,,,,,,,,,,,,,,,,,,,,,,,,,,,,,
13532,2019,5,21,22,30,12.100000000000001,0,0,0,4.3,,,,,,,,,,,,,,,,,,,,,,,,,,,,,,,,,,,,
13533,2019,5,21,22,45,12,0,0,0,4.3,,,,,,,,,,,,,,,,,,,,,,,,,,,,,,,,,,,,
13534,2019,5,21,23,0,11.8,0,0,0,4.3,,,,,,,,,,,,,,,,,,,,,,,,,,,,,,,,,,,,
13535,2019,5,21,23,15,11.700000000000001,0,0,0,4.3,,,,,,,,,,,,,,,,,,,,,,,,,,,,,,,,,,,,
13536,2019,5,21,23,30,11.600000000000001,0,0,0,4.3,,,,,,,,,,,,,,,,,,,,,,,,,,,,,,,,,,,,
13537,2019,5,21,23,45,11.5,0,0,0,4.3,,,,,,,,,,,,,,,,,,,,,,,,,,,,,,,,,,,,
13538,2019,5,22,0,0,11.4,0,0,0,4.3,,,,,,,,,,,,,,,,,,,,,,,,,,,,,,,,,,,,
13539,2019,5,22,0,15,11.4,0,0,0,4.3,,,,,,,,,,,,,,,,,,,,,,,,,,,,,,,,,,,,
13540,2019,5,22,0,30,11.4,0,0,0,4.3,,,,,,,,,,,,,,,,,,,,,,,,,,,,,,,,,,,,
13541,2019,5,22,0,45,11.4,0,0,0,4.3,,,,,,,,,,,,,,,,,,,,,,,,,,,,,,,,,,,,
13542,2019,5,22,1,0,10.9,0,0,0,4.3,,,,,,,,,,,,,,,,,,,,,,,,,,,,,,,,,,,,
13543,2019,5,22,1,15,10.8,0,0,0,4.3,,,,,,,,,,,,,,,,,,,,,,,,,,,,,,,,,,,,
13544,2019,5,22,1,30,10.700000000000001,0,0,0,4.3,,,,,,,,,,,,,,,,,,,,,,,,,,,,,,,,,,,,
13545,2019,5,22,1,45,10.600000000000001,0,0,0,4.2,,,,,,,,,,,,,,,,,,,,,,,,,,,,,,,,,,,,
13546,2019,5,22,2,0,10.5,0,0,0,4.2,,,,,,,,,,,,,,,,,,,,,,,,,,,,,,,,,,,,
13547,2019,5,22,2,15,10.5,0,0,0,4.2,,,,,,,,,,,,,,,,,,,,,,,,,,,,,,,,,,,,
13548,2019,5,22,2,30,10.4,0,0,0,4.3,,,,,,,,,,,,,,,,,,,,,,,,,,,,,,,,,,,,
13549,2019,5,22,2,45,10.3,0,0,0,4.3,,,,,,,,,,,,,,,,,,,,,,,,,,,,,,,,,,,,
13550,2019,5,22,3,0,10.3,0,0,0,4.3,,,,,,,,,,,,,,,,,,,,,,,,,,,,,,,,,,,,
13551,2019,5,22,3,15,10.200000000000001,0,0,0,4.3,,,,,,,,,,,,,,,,,,,,,,,,,,,,,,,,,,,,
13552,2019,5,22,3,30,10.200000000000001,0,0,0,4.3,,,,,,,,,,,,,,,,,,,,,,,,,,,,,,,,,,,,
13553,2019,5,22,3,45,10.200000000000001,0,0,0,4.3,,,,,,,,,,,,,,,,,,,,,,,,,,,,,,,,,,,,
13554,2019,5,22,4,0,10.100000000000001,0,0,0,4.3,,,,,,,,,,,,,,,,,,,,,,,,,,,,,,,,,,,,
13555,2019,5,22,4,15,10.200000000000001,0,0,0,4.3,,,,,,,,,,,,,,,,,,,,,,,,,,,,,,,,,,,,
13556,2019,5,22,4,30,10.200000000000001,2,0,2,4.4,,,,,,,,,,,,,,,,,,,,,,,,,,,,,,,,,,,,
13557,2019,5,22,4,45,10.200000000000001,4,0,4,4.4,,,,,,,,,,,,,,,,,,,,,,,,,,,,,,,,,,,,
13558,2019,5,22,5,0,10.3,5,0,5,4.5,,,,,,,,,,,,,,,,,,,,,,,,,,,,,,,,,,,,
13559,2019,5,22,5,15,10.3,6,0,6,4.6000000000000005,,,,,,,,,,,,,,,,,,,,,,,,,,,,,,,,,,,,
13560,2019,5,22,5,30,10.4,6,0,6,4.7,,,,,,,,,,,,,,,,,,,,,,,,,,,,,,,,,,,,
13561,2019,5,22,5,45,10.5,7,0,7,4.800000000000001,,,,,,,,,,,,,,,,,,,,,,,,,,,,,,,,,,,,
13562,2019,5,22,6,0,10.600000000000001,8,0,8,5,,,,,,,,,,,,,,,,,,,,,,,,,,,,,,,,,,,,
13563,2019,5,22,6,15,10.8,10,0,10,5.1000000000000005,,,,,,,,,,,,,,,,,,,,,,,,,,,,,,,,,,,,
13564,2019,5,22,6,30,11,11,0,11,5.2,,,,,,,,,,,,,,,,,,,,,,,,,,,,,,,,,,,,
13565,2019,5,22,6,45,11.100000000000001,13,0,13,5.300000000000001,,,,,,,,,,,,,,,,,,,,,,,,,,,,,,,,,,,,
13566,2019,5,22,7,0,11.3,15,0,15,5.5,,,,,,,,,,,,,,,,,,,,,,,,,,,,,,,,,,,,
13567,2019,5,22,7,15,11.5,31,0,31,5.5,,,,,,,,,,,,,,,,,,,,,,,,,,,,,,,,,,,,
13568,2019,5,22,7,30,11.700000000000001,35,0,35,5.6000000000000005,,,,,,,,,,,,,,,,,,,,,,,,,,,,,,,,,,,,
13569,2019,5,22,7,45,11.9,39,0,39,5.7,,,,,,,,,,,,,,,,,,,,,,,,,,,,,,,,,,,,
13570,2019,5,22,8,0,12.200000000000001,43,0,43,5.7,,,,,,,,,,,,,,,,,,,,,,,,,,,,,,,,,,,,
13571,2019,5,22,8,15,12.4,47,0,47,5.800000000000001,,,,,,,,,,,,,,,,,,,,,,,,,,,,,,,,,,,,
13572,2019,5,22,8,30,12.600000000000001,51,0,51,5.800000000000001,,,,,,,,,,,,,,,,,,,,,,,,,,,,,,,,,,,,
13573,2019,5,22,8,45,12.8,54,0,54,5.9,,,,,,,,,,,,,,,,,,,,,,,,,,,,,,,,,,,,
13574,2019,5,22,9,0,13,57,0,57,5.9,,,,,,,,,,,,,,,,,,,,,,,,,,,,,,,,,,,,
13575,2019,5,22,9,15,13.200000000000001,60,0,60,5.9,,,,,,,,,,,,,,,,,,,,,,,,,,,,,,,,,,,,
13576,2019,5,22,9,30,13.4,72,0,72,5.9,,,,,,,,,,,,,,,,,,,,,,,,,,,,,,,,,,,,
13577,2019,5,22,9,45,13.600000000000001,108,0,108,6,,,,,,,,,,,,,,,,,,,,,,,,,,,,,,,,,,,,
13578,2019,5,22,10,0,13.700000000000001,68,0,68,6,,,,,,,,,,,,,,,,,,,,,,,,,,,,,,,,,,,,
13579,2019,5,22,10,15,13.9,73,0,73,5.9,,,,,,,,,,,,,,,,,,,,,,,,,,,,,,,,,,,,
13580,2019,5,22,10,30,14,71,0,71,5.9,,,,,,,,,,,,,,,,,,,,,,,,,,,,,,,,,,,,
13581,2019,5,22,10,45,14.100000000000001,72,0,72,5.9,,,,,,,,,,,,,,,,,,,,,,,,,,,,,,,,,,,,
13582,2019,5,22,11,0,14.200000000000001,73,0,73,5.9,,,,,,,,,,,,,,,,,,,,,,,,,,,,,,,,,,,,
13583,2019,5,22,11,15,14.4,74,0,74,5.800000000000001,,,,,,,,,,,,,,,,,,,,,,,,,,,,,,,,,,,,
13584,2019,5,22,11,30,14.5,62,0,62,5.800000000000001,,,,,,,,,,,,,,,,,,,,,,,,,,,,,,,,,,,,
13585,2019,5,22,11,45,14.700000000000001,63,0,63,5.7,,,,,,,,,,,,,,,,,,,,,,,,,,,,,,,,,,,,
13586,2019,5,22,12,0,14.8,63,0,63,5.7,,,,,,,,,,,,,,,,,,,,,,,,,,,,,,,,,,,,
13587,2019,5,22,12,15,14.9,63,0,63,5.7,,,,,,,,,,,,,,,,,,,,,,,,,,,,,,,,,,,,
13588,2019,5,22,12,30,15.100000000000001,75,0,75,5.6000000000000005,,,,,,,,,,,,,,,,,,,,,,,,,,,,,,,,,,,,
13589,2019,5,22,12,45,15.200000000000001,103,0,103,5.6000000000000005,,,,,,,,,,,,,,,,,,,,,,,,,,,,,,,,,,,,
13590,2019,5,22,13,0,15.3,183,7,189,5.5,,,,,,,,,,,,,,,,,,,,,,,,,,,,,,,,,,,,
13591,2019,5,22,13,15,15.4,144,1,145,5.5,,,,,,,,,,,,,,,,,,,,,,,,,,,,,,,,,,,,
13592,2019,5,22,13,30,15.5,144,1,145,5.5,,,,,,,,,,,,,,,,,,,,,,,,,,,,,,,,,,,,
13593,2019,5,22,13,45,15.600000000000001,111,0,111,5.4,,,,,,,,,,,,,,,,,,,,,,,,,,,,,,,,,,,,
13594,2019,5,22,14,0,15.700000000000001,286,22,304,5.4,,,,,,,,,,,,,,,,,,,,,,,,,,,,,,,,,,,,
13595,2019,5,22,14,15,15.700000000000001,192,7,197,5.4,,,,,,,,,,,,,,,,,,,,,,,,,,,,,,,,,,,,
13596,2019,5,22,14,30,15.8,183,5,187,5.300000000000001,,,,,,,,,,,,,,,,,,,,,,,,,,,,,,,,,,,,
13597,2019,5,22,14,45,15.8,177,4,180,5.300000000000001,,,,,,,,,,,,,,,,,,,,,,,,,,,,,,,,,,,,
13598,2019,5,22,15,0,15.8,63,0,63,5.2,,,,,,,,,,,,,,,,,,,,,,,,,,,,,,,,,,,,
13599,2019,5,22,15,15,15.8,58,0,58,5.2,,,,,,,,,,,,,,,,,,,,,,,,,,,,,,,,,,,,
13600,2019,5,22,15,30,15.9,177,4,180,5.2,,,,,,,,,,,,,,,,,,,,,,,,,,,,,,,,,,,,
13601,2019,5,22,15,45,15.9,185,6,189,5.1000000000000005,,,,,,,,,,,,,,,,,,,,,,,,,,,,,,,,,,,,
13602,2019,5,22,16,0,15.9,122,735,554,5.1000000000000005,,,,,,,,,,,,,,,,,,,,,,,,,,,,,,,,,,,,
13603,2019,5,22,16,15,15.9,240,105,298,5,,,,,,,,,,,,,,,,,,,,,,,,,,,,,,,,,,,,
13604,2019,5,22,16,30,15.8,219,225,336,4.9,,,,,,,,,,,,,,,,,,,,,,,,,,,,,,,,,,,,
13605,2019,5,22,16,45,15.700000000000001,191,288,331,4.800000000000001,,,,,,,,,,,,,,,,,,,,,,,,,,,,,,,,,,,,
13606,2019,5,22,17,0,15.600000000000001,162,351,321,4.7,,,,,,,,,,,,,,,,,,,,,,,,,,,,,,,,,,,,
13607,2019,5,22,17,15,15.4,98,642,364,4.5,,,,,,,,,,,,,,,,,,,,,,,,,,,,,,,,,,,,
13608,2019,5,22,17,30,15.200000000000001,93,612,323,4.3,,,,,,,,,,,,,,,,,,,,,,,,,,,,,,,,,,,,
13609,2019,5,22,17,45,15,85,592,286,4.1000000000000005,,,,,,,,,,,,,,,,,,,,,,,,,,,,,,,,,,,,
13610,2019,5,22,18,0,14.8,79,554,246,3.9000000000000004,,,,,,,,,,,,,,,,,,,,,,,,,,,,,,,,,,,,
13611,2019,5,22,18,15,14.4,72,511,207,3.7,,,,,,,,,,,,,,,,,,,,,,,,,,,,,,,,,,,,
13612,2019,5,22,18,30,14,66,463,171,3.4000000000000004,,,,,,,,,,,,,,,,,,,,,,,,,,,,,,,,,,,,
13613,2019,5,22,18,45,13.600000000000001,56,423,136,3.1,,,,,,,,,,,,,,,,,,,,,,,,,,,,,,,,,,,,
13614,2019,5,22,19,0,13.200000000000001,48,358,102,2.8000000000000003,,,,,,,,,,,,,,,,,,,,,,,,,,,,,,,,,,,,
13615,2019,5,22,19,15,12.600000000000001,38,285,71,2.6,,,,,,,,,,,,,,,,,,,,,,,,,,,,,,,,,,,,
13616,2019,5,22,19,30,12,29,201,45,2.3000000000000003,,,,,,,,,,,,,,,,,,,,,,,,,,,,,,,,,,,,
13617,2019,5,22,19,45,11.4,18,123,24,2.1,,,,,,,,,,,,,,,,,,,,,,,,,,,,,,,,,,,,
13618,2019,5,22,20,0,10.700000000000001,0,0,0,1.9000000000000001,,,,,,,,,,,,,,,,,,,,,,,,,,,,,,,,,,,,
13619,2019,5,22,20,15,10.4,0,0,0,1.8,,,,,,,,,,,,,,,,,,,,,,,,,,,,,,,,,,,,
13620,2019,5,22,20,30,10.100000000000001,0,0,0,1.8,,,,,,,,,,,,,,,,,,,,,,,,,,,,,,,,,,,,
13621,2019,5,22,20,45,9.8,0,0,0,1.7000000000000002,,,,,,,,,,,,,,,,,,,,,,,,,,,,,,,,,,,,
13622,2019,5,22,21,0,9.5,0,0,0,1.7000000000000002,,,,,,,,,,,,,,,,,,,,,,,,,,,,,,,,,,,,
13623,2019,5,22,21,15,9.200000000000001,0,0,0,1.6,,,,,,,,,,,,,,,,,,,,,,,,,,,,,,,,,,,,
13624,2019,5,22,21,30,9,0,0,0,1.6,,,,,,,,,,,,,,,,,,,,,,,,,,,,,,,,,,,,
13625,2019,5,22,21,45,8.700000000000001,0,0,0,1.5,,,,,,,,,,,,,,,,,,,,,,,,,,,,,,,,,,,,
13626,2019,5,22,22,0,8.5,0,0,0,1.5,,,,,,,,,,,,,,,,,,,,,,,,,,,,,,,,,,,,
13627,2019,5,22,22,15,8.200000000000001,0,0,0,1.4000000000000001,,,,,,,,,,,,,,,,,,,,,,,,,,,,,,,,,,,,
13628,2019,5,22,22,30,8,0,0,0,1.4000000000000001,,,,,,,,,,,,,,,,,,,,,,,,,,,,,,,,,,,,
13629,2019,5,22,22,45,7.800000000000001,0,0,0,1.4000000000000001,,,,,,,,,,,,,,,,,,,,,,,,,,,,,,,,,,,,
13630,2019,5,22,23,0,7.6000000000000005,0,0,0,1.3,,,,,,,,,,,,,,,,,,,,,,,,,,,,,,,,,,,,
13631,2019,5,22,23,15,7.4,0,0,0,1.3,,,,,,,,,,,,,,,,,,,,,,,,,,,,,,,,,,,,
13632,2019,5,22,23,30,7.2,0,0,0,1.2000000000000002,,,,,,,,,,,,,,,,,,,,,,,,,,,,,,,,,,,,
13633,2019,5,22,23,45,7,0,0,0,1.2000000000000002,,,,,,,,,,,,,,,,,,,,,,,,,,,,,,,,,,,,
13634,2019,5,23,0,0,6.9,0,0,0,1.2000000000000002,,,,,,,,,,,,,,,,,,,,,,,,,,,,,,,,,,,,
13635,2019,5,23,0,15,6.9,0,0,0,1.2000000000000002,,,,,,,,,,,,,,,,,,,,,,,,,,,,,,,,,,,,
13636,2019,5,23,0,30,6.9,0,0,0,1.2000000000000002,,,,,,,,,,,,,,,,,,,,,,,,,,,,,,,,,,,,
13637,2019,5,23,0,45,6.9,0,0,0,1.2000000000000002,,,,,,,,,,,,,,,,,,,,,,,,,,,,,,,,,,,,
13638,2019,5,23,1,0,6.4,0,0,0,1.1,,,,,,,,,,,,,,,,,,,,,,,,,,,,,,,,,,,,
13639,2019,5,23,1,15,6.300000000000001,0,0,0,1,,,,,,,,,,,,,,,,,,,,,,,,,,,,,,,,,,,,
13640,2019,5,23,1,30,6.2,0,0,0,1,,,,,,,,,,,,,,,,,,,,,,,,,,,,,,,,,,,,
13641,2019,5,23,1,45,6.1000000000000005,0,0,0,1,,,,,,,,,,,,,,,,,,,,,,,,,,,,,,,,,,,,
13642,2019,5,23,2,0,6.1000000000000005,0,0,0,1,,,,,,,,,,,,,,,,,,,,,,,,,,,,,,,,,,,,
13643,2019,5,23,2,15,6,0,0,0,1,,,,,,,,,,,,,,,,,,,,,,,,,,,,,,,,,,,,
13644,2019,5,23,2,30,5.9,0,0,0,1,,,,,,,,,,,,,,,,,,,,,,,,,,,,,,,,,,,,
13645,2019,5,23,2,45,5.800000000000001,0,0,0,1,,,,,,,,,,,,,,,,,,,,,,,,,,,,,,,,,,,,
13646,2019,5,23,3,0,5.7,0,0,0,1,,,,,,,,,,,,,,,,,,,,,,,,,,,,,,,,,,,,
13647,2019,5,23,3,15,5.6000000000000005,0,0,0,1,,,,,,,,,,,,,,,,,,,,,,,,,,,,,,,,,,,,
13648,2019,5,23,3,30,5.6000000000000005,0,0,0,1,,,,,,,,,,,,,,,,,,,,,,,,,,,,,,,,,,,,
13649,2019,5,23,3,45,5.5,0,0,0,1,,,,,,,,,,,,,,,,,,,,,,,,,,,,,,,,,,,,
13650,2019,5,23,4,0,5.5,0,0,0,1,,,,,,,,,,,,,,,,,,,,,,,,,,,,,,,,,,,,
13651,2019,5,23,4,15,6,0,0,0,1,,,,,,,,,,,,,,,,,,,,,,,,,,,,,,,,,,,,
13652,2019,5,23,4,30,6.5,6,0,6,1,,,,,,,,,,,,,,,,,,,,,,,,,,,,,,,,,,,,
13653,2019,5,23,4,45,7,13,0,13,1.1,,,,,,,,,,,,,,,,,,,,,,,,,,,,,,,,,,,,
13654,2019,5,23,5,0,7.5,22,0,22,1.1,,,,,,,,,,,,,,,,,,,,,,,,,,,,,,,,,,,,
13655,2019,5,23,5,15,8.1,32,0,32,1.3,,,,,,,,,,,,,,,,,,,,,,,,,,,,,,,,,,,,
13656,2019,5,23,5,30,8.700000000000001,44,0,44,1.5,,,,,,,,,,,,,,,,,,,,,,,,,,,,,,,,,,,,
13657,2019,5,23,5,45,9.3,73,202,116,1.6,,,,,,,,,,,,,,,,,,,,,,,,,,,,,,,,,,,,
13658,2019,5,23,6,0,9.9,74,0,74,1.8,,,,,,,,,,,,,,,,,,,,,,,,,,,,,,,,,,,,
13659,2019,5,23,6,15,10.5,101,252,173,1.8,,,,,,,,,,,,,,,,,,,,,,,,,,,,,,,,,,,,
13660,2019,5,23,6,30,11.100000000000001,109,4,110,1.7000000000000002,,,,,,,,,,,,,,,,,,,,,,,,,,,,,,,,,,,,
13661,2019,5,23,6,45,11.700000000000001,131,24,140,1.7000000000000002,,,,,,,,,,,,,,,,,,,,,,,,,,,,,,,,,,,,
13662,2019,5,23,7,0,12.3,158,69,186,1.7000000000000002,,,,,,,,,,,,,,,,,,,,,,,,,,,,,,,,,,,,
13663,2019,5,23,7,15,12.700000000000001,179,159,249,1.7000000000000002,,,,,,,,,,,,,,,,,,,,,,,,,,,,,,,,,,,,
13664,2019,5,23,7,30,13.200000000000001,181,307,326,1.8,,,,,,,,,,,,,,,,,,,,,,,,,,,,,,,,,,,,
13665,2019,5,23,7,45,13.600000000000001,198,309,355,1.9000000000000001,,,,,,,,,,,,,,,,,,,,,,,,,,,,,,,,,,,,
13666,2019,5,23,8,0,14.100000000000001,165,511,442,2,,,,,,,,,,,,,,,,,,,,,,,,,,,,,,,,,,,,
13667,2019,5,23,8,15,14.3,202,442,456,2,,,,,,,,,,,,,,,,,,,,,,,,,,,,,,,,,,,,
13668,2019,5,23,8,30,14.600000000000001,223,421,478,2.1,,,,,,,,,,,,,,,,,,,,,,,,,,,,,,,,,,,,
13669,2019,5,23,8,45,14.9,263,329,472,2.2,,,,,,,,,,,,,,,,,,,,,,,,,,,,,,,,,,,,
13670,2019,5,23,9,0,15.200000000000001,264,383,519,2.2,,,,,,,,,,,,,,,,,,,,,,,,,,,,,,,,,,,,
13671,2019,5,23,9,15,15.4,261,432,561,2.2,,,,,,,,,,,,,,,,,,,,,,,,,,,,,,,,,,,,
13672,2019,5,23,9,30,15.700000000000001,267,446,588,2.2,,,,,,,,,,,,,,,,,,,,,,,,,,,,,,,,,,,,
13673,2019,5,23,9,45,15.9,261,490,624,2.3000000000000003,,,,,,,,,,,,,,,,,,,,,,,,,,,,,,,,,,,,
13674,2019,5,23,10,0,16.1,265,509,654,2.3000000000000003,,,,,,,,,,,,,,,,,,,,,,,,,,,,,,,,,,,,
13675,2019,5,23,10,15,16.400000000000002,273,519,679,2.2,,,,,,,,,,,,,,,,,,,,,,,,,,,,,,,,,,,,
13676,2019,5,23,10,30,16.6,279,531,704,2.2,,,,,,,,,,,,,,,,,,,,,,,,,,,,,,,,,,,,
13677,2019,5,23,10,45,16.8,286,536,723,2.2,,,,,,,,,,,,,,,,,,,,,,,,,,,,,,,,,,,,
13678,2019,5,23,11,0,17.1,306,497,717,2.2,,,,,,,,,,,,,,,,,,,,,,,,,,,,,,,,,,,,
13679,2019,5,23,11,15,17.3,309,509,736,2.2,,,,,,,,,,,,,,,,,,,,,,,,,,,,,,,,,,,,
13680,2019,5,23,11,30,17.5,281,593,783,2.1,,,,,,,,,,,,,,,,,,,,,,,,,,,,,,,,,,,,
13681,2019,5,23,11,45,17.7,118,898,883,2.1,,,,,,,,,,,,,,,,,,,,,,,,,,,,,,,,,,,,
13682,2019,5,23,12,0,17.900000000000002,118,898,886,2,,,,,,,,,,,,,,,,,,,,,,,,,,,,,,,,,,,,
13683,2019,5,23,12,15,18,118,899,887,2,,,,,,,,,,,,,,,,,,,,,,,,,,,,,,,,,,,,
13684,2019,5,23,12,30,18.2,118,898,885,1.9000000000000001,,,,,,,,,,,,,,,,,,,,,,,,,,,,,,,,,,,,
13685,2019,5,23,12,45,18.400000000000002,115,899,878,1.9000000000000001,,,,,,,,,,,,,,,,,,,,,,,,,,,,,,,,,,,,
13686,2019,5,23,13,0,18.6,115,897,870,1.8,,,,,,,,,,,,,,,,,,,,,,,,,,,,,,,,,,,,
13687,2019,5,23,13,15,18.7,114,894,859,1.8,,,,,,,,,,,,,,,,,,,,,,,,,,,,,,,,,,,,
13688,2019,5,23,13,30,18.8,113,891,845,1.8,,,,,,,,,,,,,,,,,,,,,,,,,,,,,,,,,,,,
13689,2019,5,23,13,45,19,112,887,829,1.7000000000000002,,,,,,,,,,,,,,,,,,,,,,,,,,,,,,,,,,,,
13690,2019,5,23,14,0,19.1,111,883,809,1.7000000000000002,,,,,,,,,,,,,,,,,,,,,,,,,,,,,,,,,,,,
13691,2019,5,23,14,15,19.200000000000003,110,874,785,1.6,,,,,,,,,,,,,,,,,,,,,,,,,,,,,,,,,,,,
13692,2019,5,23,14,30,19.200000000000003,108,868,761,1.6,,,,,,,,,,,,,,,,,,,,,,,,,,,,,,,,,,,,
13693,2019,5,23,14,45,19.3,108,859,734,1.5,,,,,,,,,,,,,,,,,,,,,,,,,,,,,,,,,,,,
13694,2019,5,23,15,0,19.400000000000002,106,850,705,1.5,,,,,,,,,,,,,,,,,,,,,,,,,,,,,,,,,,,,
13695,2019,5,23,15,15,19.400000000000002,104,841,674,1.5,,,,,,,,,,,,,,,,,,,,,,,,,,,,,,,,,,,,
13696,2019,5,23,15,30,19.400000000000002,102,830,642,1.4000000000000001,,,,,,,,,,,,,,,,,,,,,,,,,,,,,,,,,,,,
13697,2019,5,23,15,45,19.400000000000002,100,816,607,1.4000000000000001,,,,,,,,,,,,,,,,,,,,,,,,,,,,,,,,,,,,
13698,2019,5,23,16,0,19.400000000000002,136,657,523,1.3,,,,,,,,,,,,,,,,,,,,,,,,,,,,,,,,,,,,
13699,2019,5,23,16,15,19.3,127,648,488,1.2000000000000002,,,,,,,,,,,,,,,,,,,,,,,,,,,,,,,,,,,,
13700,2019,5,23,16,30,19.200000000000003,120,632,451,1.2000000000000002,,,,,,,,,,,,,,,,,,,,,,,,,,,,,,,,,,,,
13701,2019,5,23,16,45,19.1,119,597,410,1.1,,,,,,,,,,,,,,,,,,,,,,,,,,,,,,,,,,,,
13702,2019,5,23,17,0,19,100,623,382,1,,,,,,,,,,,,,,,,,,,,,,,,,,,,,,,,,,,,
13703,2019,5,23,17,15,18.900000000000002,94,601,345,0.9,,,,,,,,,,,,,,,,,,,,,,,,,,,,,,,,,,,,
13704,2019,5,23,17,30,18.7,96,538,301,0.8,,,,,,,,,,,,,,,,,,,,,,,,,,,,,,,,,,,,
13705,2019,5,23,17,45,18.6,84,534,267,0.7000000000000001,,,,,,,,,,,,,,,,,,,,,,,,,,,,,,,,,,,,
13706,2019,5,23,18,0,18.400000000000002,78,496,229,0.6000000000000001,,,,,,,,,,,,,,,,,,,,,,,,,,,,,,,,,,,,
13707,2019,5,23,18,15,18,70,460,193,0.6000000000000001,,,,,,,,,,,,,,,,,,,,,,,,,,,,,,,,,,,,
13708,2019,5,23,18,30,17.6,63,407,157,0.5,,,,,,,,,,,,,,,,,,,,,,,,,,,,,,,,,,,,
13709,2019,5,23,18,45,17.2,55,354,123,0.5,,,,,,,,,,,,,,,,,,,,,,,,,,,,,,,,,,,,
13710,2019,5,23,19,0,16.8,46,300,93,0.4,,,,,,,,,,,,,,,,,,,,,,,,,,,,,,,,,,,,
13711,2019,5,23,19,15,16.400000000000002,37,246,66,0.5,,,,,,,,,,,,,,,,,,,,,,,,,,,,,,,,,,,,
13712,2019,5,23,19,30,16,27,176,42,0.6000000000000001,,,,,,,,,,,,,,,,,,,,,,,,,,,,,,,,,,,,
13713,2019,5,23,19,45,15.5,18,74,21,0.7000000000000001,,,,,,,,,,,,,,,,,,,,,,,,,,,,,,,,,,,,
13714,2019,5,23,20,0,15.100000000000001,9,43,10,0.8,,,,,,,,,,,,,,,,,,,,,,,,,,,,,,,,,,,,
13715,2019,5,23,20,15,14.700000000000001,0,0,0,0.8,,,,,,,,,,,,,,,,,,,,,,,,,,,,,,,,,,,,
13716,2019,5,23,20,30,14.3,0,0,0,0.9,,,,,,,,,,,,,,,,,,,,,,,,,,,,,,,,,,,,
13717,2019,5,23,20,45,13.9,0,0,0,0.9,,,,,,,,,,,,,,,,,,,,,,,,,,,,,,,,,,,,
13718,2019,5,23,21,0,13.5,0,0,0,1,,,,,,,,,,,,,,,,,,,,,,,,,,,,,,,,,,,,
13719,2019,5,23,21,15,13.200000000000001,0,0,0,1,,,,,,,,,,,,,,,,,,,,,,,,,,,,,,,,,,,,
13720,2019,5,23,21,30,12.9,0,0,0,1,,,,,,,,,,,,,,,,,,,,,,,,,,,,,,,,,,,,
13721,2019,5,23,21,45,12.600000000000001,0,0,0,1.1,,,,,,,,,,,,,,,,,,,,,,,,,,,,,,,,,,,,
13722,2019,5,23,22,0,12.3,0,0,0,1.1,,,,,,,,,,,,,,,,,,,,,,,,,,,,,,,,,,,,
13723,2019,5,23,22,15,12.100000000000001,0,0,0,1.1,,,,,,,,,,,,,,,,,,,,,,,,,,,,,,,,,,,,
13724,2019,5,23,22,30,11.8,0,0,0,1.2000000000000002,,,,,,,,,,,,,,,,,,,,,,,,,,,,,,,,,,,,
13725,2019,5,23,22,45,11.600000000000001,0,0,0,1.2000000000000002,,,,,,,,,,,,,,,,,,,,,,,,,,,,,,,,,,,,
13726,2019,5,23,23,0,11.4,0,0,0,1.3,,,,,,,,,,,,,,,,,,,,,,,,,,,,,,,,,,,,
13727,2019,5,23,23,15,11.3,0,0,0,1.3,,,,,,,,,,,,,,,,,,,,,,,,,,,,,,,,,,,,
13728,2019,5,23,23,30,11.200000000000001,0,0,0,1.4000000000000001,,,,,,,,,,,,,,,,,,,,,,,,,,,,,,,,,,,,
13729,2019,5,23,23,45,11,0,0,0,1.4000000000000001,,,,,,,,,,,,,,,,,,,,,,,,,,,,,,,,,,,,
13730,2019,5,24,0,0,10.9,0,0,0,1.5,,,,,,,,,,,,,,,,,,,,,,,,,,,,,,,,,,,,
13731,2019,5,24,0,15,10.9,0,0,0,1.5,,,,,,,,,,,,,,,,,,,,,,,,,,,,,,,,,,,,
13732,2019,5,24,0,30,10.9,0,0,0,1.5,,,,,,,,,,,,,,,,,,,,,,,,,,,,,,,,,,,,
13733,2019,5,24,0,45,10.9,0,0,0,1.5,,,,,,,,,,,,,,,,,,,,,,,,,,,,,,,,,,,,
13734,2019,5,24,1,0,10.5,0,0,0,1.6,,,,,,,,,,,,,,,,,,,,,,,,,,,,,,,,,,,,
13735,2019,5,24,1,15,10.5,0,0,0,1.6,,,,,,,,,,,,,,,,,,,,,,,,,,,,,,,,,,,,
13736,2019,5,24,1,30,10.4,0,0,0,1.7000000000000002,,,,,,,,,,,,,,,,,,,,,,,,,,,,,,,,,,,,
13737,2019,5,24,1,45,10.3,0,0,0,1.7000000000000002,,,,,,,,,,,,,,,,,,,,,,,,,,,,,,,,,,,,
13738,2019,5,24,2,0,10.200000000000001,0,0,0,1.7000000000000002,,,,,,,,,,,,,,,,,,,,,,,,,,,,,,,,,,,,
13739,2019,5,24,2,15,10.200000000000001,0,0,0,1.7000000000000002,,,,,,,,,,,,,,,,,,,,,,,,,,,,,,,,,,,,
13740,2019,5,24,2,30,10.100000000000001,0,0,0,1.7000000000000002,,,,,,,,,,,,,,,,,,,,,,,,,,,,,,,,,,,,
13741,2019,5,24,2,45,10,0,0,0,1.6,,,,,,,,,,,,,,,,,,,,,,,,,,,,,,,,,,,,
13742,2019,5,24,3,0,10,0,0,0,1.6,,,,,,,,,,,,,,,,,,,,,,,,,,,,,,,,,,,,
13743,2019,5,24,3,15,9.9,0,0,0,1.6,,,,,,,,,,,,,,,,,,,,,,,,,,,,,,,,,,,,
13744,2019,5,24,3,30,9.9,0,0,0,1.6,,,,,,,,,,,,,,,,,,,,,,,,,,,,,,,,,,,,
13745,2019,5,24,3,45,9.9,0,0,0,1.5,,,,,,,,,,,,,,,,,,,,,,,,,,,,,,,,,,,,
13746,2019,5,24,4,0,9.9,0,0,0,1.5,,,,,,,,,,,,,,,,,,,,,,,,,,,,,,,,,,,,
13747,2019,5,24,4,15,10.200000000000001,0,0,0,1.5,,,,,,,,,,,,,,,,,,,,,,,,,,,,,,,,,,,,
13748,2019,5,24,4,30,10.600000000000001,14,56,16,1.5,,,,,,,,,,,,,,,,,,,,,,,,,,,,,,,,,,,,
13749,2019,5,24,4,45,10.9,26,116,34,1.6,,,,,,,,,,,,,,,,,,,,,,,,,,,,,,,,,,,,
13750,2019,5,24,5,0,11.200000000000001,39,187,58,1.6,,,,,,,,,,,,,,,,,,,,,,,,,,,,,,,,,,,,
13751,2019,5,24,5,15,11.600000000000001,51,254,87,1.7000000000000002,,,,,,,,,,,,,,,,,,,,,,,,,,,,,,,,,,,,
13752,2019,5,24,5,30,12,62,317,118,1.9000000000000001,,,,,,,,,,,,,,,,,,,,,,,,,,,,,,,,,,,,
13753,2019,5,24,5,45,12.4,74,365,152,2,,,,,,,,,,,,,,,,,,,,,,,,,,,,,,,,,,,,
13754,2019,5,24,6,0,12.8,92,55,106,2.2,,,,,,,,,,,,,,,,,,,,,,,,,,,,,,,,,,,,
13755,2019,5,24,6,15,13.100000000000001,109,71,130,2.1,,,,,,,,,,,,,,,,,,,,,,,,,,,,,,,,,,,,
13756,2019,5,24,6,30,13.5,100,499,263,2.1,,,,,,,,,,,,,,,,,,,,,,,,,,,,,,,,,,,,
13757,2019,5,24,6,45,13.8,108,532,302,2,,,,,,,,,,,,,,,,,,,,,,,,,,,,,,,,,,,,
13758,2019,5,24,7,0,14.200000000000001,163,119,211,2,,,,,,,,,,,,,,,,,,,,,,,,,,,,,,,,,,,,
13759,2019,5,24,7,15,14.8,177,207,268,2,,,,,,,,,,,,,,,,,,,,,,,,,,,,,,,,,,,,
13760,2019,5,24,7,30,15.5,186,280,319,2,,,,,,,,,,,,,,,,,,,,,,,,,,,,,,,,,,,,
13761,2019,5,24,7,45,16.2,199,309,357,2.1,,,,,,,,,,,,,,,,,,,,,,,,,,,,,,,,,,,,
13762,2019,5,24,8,0,16.900000000000002,136,672,501,2.1,,,,,,,,,,,,,,,,,,,,,,,,,,,,,,,,,,,,
13763,2019,5,24,8,15,17.400000000000002,202,445,458,2.2,,,,,,,,,,,,,,,,,,,,,,,,,,,,,,,,,,,,
13764,2019,5,24,8,30,17.900000000000002,223,425,482,2.2,,,,,,,,,,,,,,,,,,,,,,,,,,,,,,,,,,,,
13765,2019,5,24,8,45,18.400000000000002,227,455,518,2.3000000000000003,,,,,,,,,,,,,,,,,,,,,,,,,,,,,,,,,,,,
13766,2019,5,24,9,0,18.900000000000002,231,476,549,2.4000000000000004,,,,,,,,,,,,,,,,,,,,,,,,,,,,,,,,,,,,
13767,2019,5,24,9,15,19.200000000000003,272,410,557,2.4000000000000004,,,,,,,,,,,,,,,,,,,,,,,,,,,,,,,,,,,,
13768,2019,5,24,9,30,19.5,289,400,577,2.4000000000000004,,,,,,,,,,,,,,,,,,,,,,,,,,,,,,,,,,,,
13769,2019,5,24,9,45,19.8,280,446,611,2.4000000000000004,,,,,,,,,,,,,,,,,,,,,,,,,,,,,,,,,,,,
13770,2019,5,24,10,0,20.1,247,568,682,2.4000000000000004,,,,,,,,,,,,,,,,,,,,,,,,,,,,,,,,,,,,
13771,2019,5,24,10,15,20.400000000000002,281,496,671,2.5,,,,,,,,,,,,,,,,,,,,,,,,,,,,,,,,,,,,
13772,2019,5,24,10,30,20.6,321,418,656,2.5,,,,,,,,,,,,,,,,,,,,,,,,,,,,,,,,,,,,
13773,2019,5,24,10,45,20.8,307,471,692,2.5,,,,,,,,,,,,,,,,,,,,,,,,,,,,,,,,,,,,
13774,2019,5,24,11,0,21,329,433,688,2.5,,,,,,,,,,,,,,,,,,,,,,,,,,,,,,,,,,,,
13775,2019,5,24,11,15,21.1,313,503,735,2.5,,,,,,,,,,,,,,,,,,,,,,,,,,,,,,,,,,,,
13776,2019,5,24,11,30,21.3,300,556,771,2.6,,,,,,,,,,,,,,,,,,,,,,,,,,,,,,,,,,,,
13777,2019,5,24,11,45,21.400000000000002,171,809,861,2.6,,,,,,,,,,,,,,,,,,,,,,,,,,,,,,,,,,,,
13778,2019,5,24,12,0,21.6,173,810,866,2.6,,,,,,,,,,,,,,,,,,,,,,,,,,,,,,,,,,,,
13779,2019,5,24,12,15,21.6,325,500,753,2.6,,,,,,,,,,,,,,,,,,,,,,,,,,,,,,,,,,,,
13780,2019,5,24,12,30,21.700000000000003,323,501,752,2.7,,,,,,,,,,,,,,,,,,,,,,,,,,,,,,,,,,,,
13781,2019,5,24,12,45,21.8,321,497,744,2.7,,,,,,,,,,,,,,,,,,,,,,,,,,,,,,,,,,,,
13782,2019,5,24,13,0,21.900000000000002,314,508,743,2.7,,,,,,,,,,,,,,,,,,,,,,,,,,,,,,,,,,,,
13783,2019,5,24,13,15,21.900000000000002,311,497,726,2.8000000000000003,,,,,,,,,,,,,,,,,,,,,,,,,,,,,,,,,,,,
13784,2019,5,24,13,30,21.900000000000002,306,491,709,2.8000000000000003,,,,,,,,,,,,,,,,,,,,,,,,,,,,,,,,,,,,
13785,2019,5,24,13,45,21.900000000000002,296,494,696,2.8000000000000003,,,,,,,,,,,,,,,,,,,,,,,,,,,,,,,,,,,,
13786,2019,5,24,14,0,21.900000000000002,297,463,664,2.9000000000000004,,,,,,,,,,,,,,,,,,,,,,,,,,,,,,,,,,,,
13787,2019,5,24,14,15,21.8,328,376,620,2.9000000000000004,,,,,,,,,,,,,,,,,,,,,,,,,,,,,,,,,,,,
13788,2019,5,24,14,30,21.700000000000003,328,332,579,2.9000000000000004,,,,,,,,,,,,,,,,,,,,,,,,,,,,,,,,,,,,
13789,2019,5,24,14,45,21.6,338,231,506,2.9000000000000004,,,,,,,,,,,,,,,,,,,,,,,,,,,,,,,,,,,,
13790,2019,5,24,15,0,21.5,329,176,454,2.9000000000000004,,,,,,,,,,,,,,,,,,,,,,,,,,,,,,,,,,,,
13791,2019,5,24,15,15,21.3,313,174,432,2.9000000000000004,,,,,,,,,,,,,,,,,,,,,,,,,,,,,,,,,,,,
13792,2019,5,24,15,30,21.200000000000003,298,152,397,2.8000000000000003,,,,,,,,,,,,,,,,,,,,,,,,,,,,,,,,,,,,
13793,2019,5,24,15,45,21,280,181,393,2.7,,,,,,,,,,,,,,,,,,,,,,,,,,,,,,,,,,,,
13794,2019,5,24,16,0,20.8,260,205,381,2.6,,,,,,,,,,,,,,,,,,,,,,,,,,,,,,,,,,,,
13795,2019,5,24,16,15,20.5,226,309,398,2.5,,,,,,,,,,,,,,,,,,,,,,,,,,,,,,,,,,,,
13796,2019,5,24,16,30,20.3,190,394,397,2.3000000000000003,,,,,,,,,,,,,,,,,,,,,,,,,,,,,,,,,,,,
13797,2019,5,24,16,45,20.1,160,454,382,2.1,,,,,,,,,,,,,,,,,,,,,,,,,,,,,,,,,,,,
13798,2019,5,24,17,0,19.900000000000002,142,461,352,1.9000000000000001,,,,,,,,,,,,,,,,,,,,,,,,,,,,,,,,,,,,
13799,2019,5,24,17,15,19.6,125,471,322,1.8,,,,,,,,,,,,,,,,,,,,,,,,,,,,,,,,,,,,
13800,2019,5,24,17,30,19.200000000000003,126,380,271,1.6,,,,,,,,,,,,,,,,,,,,,,,,,,,,,,,,,,,,
13801,2019,5,24,17,45,18.900000000000002,114,353,236,1.4000000000000001,,,,,,,,,,,,,,,,,,,,,,,,,,,,,,,,,,,,
13802,2019,5,24,18,0,18.6,98,353,207,1.2000000000000002,,,,,,,,,,,,,,,,,,,,,,,,,,,,,,,,,,,,
13803,2019,5,24,18,15,18.2,103,336,194,1.2000000000000002,,,,,,,,,,,,,,,,,,,,,,,,,,,,,,,,,,,,
13804,2019,5,24,18,30,17.7,91,291,158,1.2000000000000002,,,,,,,,,,,,,,,,,,,,,,,,,,,,,,,,,,,,
13805,2019,5,24,18,45,17.2,79,220,122,1.1,,,,,,,,,,,,,,,,,,,,,,,,,,,,,,,,,,,,
13806,2019,5,24,19,0,16.8,63,173,91,1.1,,,,,,,,,,,,,,,,,,,,,,,,,,,,,,,,,,,,
13807,2019,5,24,19,15,16.400000000000002,47,124,62,1.1,,,,,,,,,,,,,,,,,,,,,,,,,,,,,,,,,,,,
13808,2019,5,24,19,30,15.9,31,76,37,1.1,,,,,,,,,,,,,,,,,,,,,,,,,,,,,,,,,,,,
13809,2019,5,24,19,45,15.5,15,33,17,1.2000000000000002,,,,,,,,,,,,,,,,,,,,,,,,,,,,,,,,,,,,
13810,2019,5,24,20,0,15.100000000000001,5,9,5,1.2000000000000002,,,,,,,,,,,,,,,,,,,,,,,,,,,,,,,,,,,,
13811,2019,5,24,20,15,14.9,0,0,0,1.2000000000000002,,,,,,,,,,,,,,,,,,,,,,,,,,,,,,,,,,,,
13812,2019,5,24,20,30,14.700000000000001,0,0,0,1.2000000000000002,,,,,,,,,,,,,,,,,,,,,,,,,,,,,,,,,,,,
13813,2019,5,24,20,45,14.5,0,0,0,1.3,,,,,,,,,,,,,,,,,,,,,,,,,,,,,,,,,,,,
13814,2019,5,24,21,0,14.3,0,0,0,1.3,,,,,,,,,,,,,,,,,,,,,,,,,,,,,,,,,,,,
13815,2019,5,24,21,15,14.200000000000001,0,0,0,1.3,,,,,,,,,,,,,,,,,,,,,,,,,,,,,,,,,,,,
13816,2019,5,24,21,30,14,0,0,0,1.4000000000000001,,,,,,,,,,,,,,,,,,,,,,,,,,,,,,,,,,,,
13817,2019,5,24,21,45,13.8,0,0,0,1.5,,,,,,,,,,,,,,,,,,,,,,,,,,,,,,,,,,,,
13818,2019,5,24,22,0,13.600000000000001,0,0,0,1.5,,,,,,,,,,,,,,,,,,,,,,,,,,,,,,,,,,,,
13819,2019,5,24,22,15,13.5,0,0,0,1.6,,,,,,,,,,,,,,,,,,,,,,,,,,,,,,,,,,,,
13820,2019,5,24,22,30,13.3,0,0,0,1.7000000000000002,,,,,,,,,,,,,,,,,,,,,,,,,,,,,,,,,,,,
13821,2019,5,24,22,45,13.100000000000001,0,0,0,1.8,,,,,,,,,,,,,,,,,,,,,,,,,,,,,,,,,,,,
13822,2019,5,24,23,0,12.9,0,0,0,1.8,,,,,,,,,,,,,,,,,,,,,,,,,,,,,,,,,,,,
13823,2019,5,24,23,15,12.600000000000001,0,0,0,1.9000000000000001,,,,,,,,,,,,,,,,,,,,,,,,,,,,,,,,,,,,
13824,2019,5,24,23,30,12.4,0,0,0,1.9000000000000001,,,,,,,,,,,,,,,,,,,,,,,,,,,,,,,,,,,,
13825,2019,5,24,23,45,12.100000000000001,0,0,0,1.9000000000000001,,,,,,,,,,,,,,,,,,,,,,,,,,,,,,,,,,,,
13826,2019,5,25,0,0,11.9,0,0,0,1.9000000000000001,,,,,,,,,,,,,,,,,,,,,,,,,,,,,,,,,,,,
13827,2019,5,25,0,15,11.9,0,0,0,1.9000000000000001,,,,,,,,,,,,,,,,,,,,,,,,,,,,,,,,,,,,
13828,2019,5,25,0,30,11.9,0,0,0,1.9000000000000001,,,,,,,,,,,,,,,,,,,,,,,,,,,,,,,,,,,,
13829,2019,5,25,0,45,11.9,0,0,0,1.9000000000000001,,,,,,,,,,,,,,,,,,,,,,,,,,,,,,,,,,,,
13830,2019,5,25,1,0,10.8,0,0,0,1.8,,,,,,,,,,,,,,,,,,,,,,,,,,,,,,,,,,,,
13831,2019,5,25,1,15,10.5,0,0,0,1.8,,,,,,,,,,,,,,,,,,,,,,,,,,,,,,,,,,,,
13832,2019,5,25,1,30,10.200000000000001,0,0,0,1.7000000000000002,,,,,,,,,,,,,,,,,,,,,,,,,,,,,,,,,,,,
13833,2019,5,25,1,45,10,0,0,0,1.7000000000000002,,,,,,,,,,,,,,,,,,,,,,,,,,,,,,,,,,,,
13834,2019,5,25,2,0,9.700000000000001,0,0,0,1.6,,,,,,,,,,,,,,,,,,,,,,,,,,,,,,,,,,,,
13835,2019,5,25,2,15,9.5,0,0,0,1.6,,,,,,,,,,,,,,,,,,,,,,,,,,,,,,,,,,,,
13836,2019,5,25,2,30,9.3,0,0,0,1.6,,,,,,,,,,,,,,,,,,,,,,,,,,,,,,,,,,,,
13837,2019,5,25,2,45,9.200000000000001,0,0,0,1.6,,,,,,,,,,,,,,,,,,,,,,,,,,,,,,,,,,,,
13838,2019,5,25,3,0,9,0,0,0,1.6,,,,,,,,,,,,,,,,,,,,,,,,,,,,,,,,,,,,
13839,2019,5,25,3,15,8.9,0,0,0,1.6,,,,,,,,,,,,,,,,,,,,,,,,,,,,,,,,,,,,
13840,2019,5,25,3,30,8.8,0,0,0,1.6,,,,,,,,,,,,,,,,,,,,,,,,,,,,,,,,,,,,
13841,2019,5,25,3,45,8.700000000000001,0,0,0,1.6,,,,,,,,,,,,,,,,,,,,,,,,,,,,,,,,,,,,
13842,2019,5,25,4,0,8.6,0,0,0,1.6,,,,,,,,,,,,,,,,,,,,,,,,,,,,,,,,,,,,
13843,2019,5,25,4,15,8.8,0,0,0,1.8,,,,,,,,,,,,,,,,,,,,,,,,,,,,,,,,,,,,
13844,2019,5,25,4,30,8.9,2,0,2,1.9000000000000001,,,,,,,,,,,,,,,,,,,,,,,,,,,,,,,,,,,,
13845,2019,5,25,4,45,9.1,28,115,36,2.1,,,,,,,,,,,,,,,,,,,,,,,,,,,,,,,,,,,,
13846,2019,5,25,5,0,9.3,41,186,61,2.2,,,,,,,,,,,,,,,,,,,,,,,,,,,,,,,,,,,,
13847,2019,5,25,5,15,9.600000000000001,54,256,90,2.3000000000000003,,,,,,,,,,,,,,,,,,,,,,,,,,,,,,,,,,,,
13848,2019,5,25,5,30,10,65,320,122,2.4000000000000004,,,,,,,,,,,,,,,,,,,,,,,,,,,,,,,,,,,,
13849,2019,5,25,5,45,10.3,11,0,11,2.4000000000000004,,,,,,,,,,,,,,,,,,,,,,,,,,,,,,,,,,,,
13850,2019,5,25,6,0,10.600000000000001,14,0,14,2.5,,,,,,,,,,,,,,,,,,,,,,,,,,,,,,,,,,,,
13851,2019,5,25,6,15,10.9,17,0,17,2.5,,,,,,,,,,,,,,,,,,,,,,,,,,,,,,,,,,,,
13852,2019,5,25,6,30,11.3,21,0,21,2.6,,,,,,,,,,,,,,,,,,,,,,,,,,,,,,,,,,,,
13853,2019,5,25,6,45,11.600000000000001,25,0,25,2.6,,,,,,,,,,,,,,,,,,,,,,,,,,,,,,,,,,,,
13854,2019,5,25,7,0,11.9,28,0,28,2.6,,,,,,,,,,,,,,,,,,,,,,,,,,,,,,,,,,,,
13855,2019,5,25,7,15,12.3,32,0,32,2.6,,,,,,,,,,,,,,,,,,,,,,,,,,,,,,,,,,,,
13856,2019,5,25,7,30,12.600000000000001,36,0,36,2.7,,,,,,,,,,,,,,,,,,,,,,,,,,,,,,,,,,,,
13857,2019,5,25,7,45,13,40,0,40,2.7,,,,,,,,,,,,,,,,,,,,,,,,,,,,,,,,,,,,
13858,2019,5,25,8,0,13.3,97,0,97,2.7,,,,,,,,,,,,,,,,,,,,,,,,,,,,,,,,,,,,
13859,2019,5,25,8,15,13.700000000000001,139,0,139,2.8000000000000003,,,,,,,,,,,,,,,,,,,,,,,,,,,,,,,,,,,,
13860,2019,5,25,8,30,14.100000000000001,135,0,135,2.8000000000000003,,,,,,,,,,,,,,,,,,,,,,,,,,,,,,,,,,,,
13861,2019,5,25,8,45,14.5,206,11,214,2.9000000000000004,,,,,,,,,,,,,,,,,,,,,,,,,,,,,,,,,,,,
13862,2019,5,25,9,0,14.8,268,39,294,2.9000000000000004,,,,,,,,,,,,,,,,,,,,,,,,,,,,,,,,,,,,
13863,2019,5,25,9,15,15.200000000000001,254,22,270,3,,,,,,,,,,,,,,,,,,,,,,,,,,,,,,,,,,,,
13864,2019,5,25,9,30,15.5,328,89,392,3.1,,,,,,,,,,,,,,,,,,,,,,,,,,,,,,,,,,,,
13865,2019,5,25,9,45,15.8,281,26,300,3.1,,,,,,,,,,,,,,,,,,,,,,,,,,,,,,,,,,,,
13866,2019,5,25,10,0,16.1,285,24,303,3.2,,,,,,,,,,,,,,,,,,,,,,,,,,,,,,,,,,,,
13867,2019,5,25,10,15,16.3,250,14,261,3.2,,,,,,,,,,,,,,,,,,,,,,,,,,,,,,,,,,,,
13868,2019,5,25,10,30,16.5,361,66,414,3.3000000000000003,,,,,,,,,,,,,,,,,,,,,,,,,,,,,,,,,,,,
13869,2019,5,25,10,45,16.7,334,36,363,3.3000000000000003,,,,,,,,,,,,,,,,,,,,,,,,,,,,,,,,,,,,
13870,2019,5,25,11,0,16.900000000000002,297,21,314,3.4000000000000004,,,,,,,,,,,,,,,,,,,,,,,,,,,,,,,,,,,,
13871,2019,5,25,11,15,17.1,310,23,329,3.4000000000000004,,,,,,,,,,,,,,,,,,,,,,,,,,,,,,,,,,,,
13872,2019,5,25,11,30,17.2,309,22,328,3.4000000000000004,,,,,,,,,,,,,,,,,,,,,,,,,,,,,,,,,,,,
13873,2019,5,25,11,45,17.3,236,11,246,3.5,,,,,,,,,,,,,,,,,,,,,,,,,,,,,,,,,,,,
13874,2019,5,25,12,0,17.5,259,14,271,3.5,,,,,,,,,,,,,,,,,,,,,,,,,,,,,,,,,,,,
13875,2019,5,25,12,15,17.5,260,14,272,3.5,,,,,,,,,,,,,,,,,,,,,,,,,,,,,,,,,,,,
13876,2019,5,25,12,30,17.6,221,10,230,3.5,,,,,,,,,,,,,,,,,,,,,,,,,,,,,,,,,,,,
13877,2019,5,25,12,45,17.6,253,13,264,3.6,,,,,,,,,,,,,,,,,,,,,,,,,,,,,,,,,,,,
13878,2019,5,25,13,0,17.6,405,104,493,3.6,,,,,,,,,,,,,,,,,,,,,,,,,,,,,,,,,,,,
13879,2019,5,25,13,15,17.6,279,17,294,3.6,,,,,,,,,,,,,,,,,,,,,,,,,,,,,,,,,,,,
13880,2019,5,25,13,30,17.5,345,41,379,3.6,,,,,,,,,,,,,,,,,,,,,,,,,,,,,,,,,,,,
13881,2019,5,25,13,45,17.400000000000002,380,93,455,3.6,,,,,,,,,,,,,,,,,,,,,,,,,,,,,,,,,,,,
13882,2019,5,25,14,0,17.3,381,143,495,3.6,,,,,,,,,,,,,,,,,,,,,,,,,,,,,,,,,,,,
13883,2019,5,25,14,15,17.2,370,179,509,3.6,,,,,,,,,,,,,,,,,,,,,,,,,,,,,,,,,,,,
13884,2019,5,25,14,30,17,122,850,765,3.6,,,,,,,,,,,,,,,,,,,,,,,,,,,,,,,,,,,,
13885,2019,5,25,14,45,16.900000000000002,345,150,455,3.6,,,,,,,,,,,,,,,,,,,,,,,,,,,,,,,,,,,,
13886,2019,5,25,15,0,16.7,329,133,423,3.6,,,,,,,,,,,,,,,,,,,,,,,,,,,,,,,,,,,,
13887,2019,5,25,15,15,16.5,309,224,462,3.6,,,,,,,,,,,,,,,,,,,,,,,,,,,,,,,,,,,,
13888,2019,5,25,15,30,16.400000000000002,108,824,648,3.6,,,,,,,,,,,,,,,,,,,,,,,,,,,,,,,,,,,,
13889,2019,5,25,15,45,16.2,102,821,615,3.6,,,,,,,,,,,,,,,,,,,,,,,,,,,,,,,,,,,,
13890,2019,5,25,16,0,16,99,808,579,3.5,,,,,,,,,,,,,,,,,,,,,,,,,,,,,,,,,,,,
13891,2019,5,25,16,15,15.9,97,793,541,3.5,,,,,,,,,,,,,,,,,,,,,,,,,,,,,,,,,,,,
13892,2019,5,25,16,30,15.700000000000001,94,775,503,3.4000000000000004,,,,,,,,,,,,,,,,,,,,,,,,,,,,,,,,,,,,
13893,2019,5,25,16,45,15.5,88,764,465,3.4000000000000004,,,,,,,,,,,,,,,,,,,,,,,,,,,,,,,,,,,,
13894,2019,5,25,17,0,15.3,85,743,425,3.4000000000000004,,,,,,,,,,,,,,,,,,,,,,,,,,,,,,,,,,,,
13895,2019,5,25,17,15,15.100000000000001,81,719,384,3.3000000000000003,,,,,,,,,,,,,,,,,,,,,,,,,,,,,,,,,,,,
13896,2019,5,25,17,30,14.9,77,692,343,3.2,,,,,,,,,,,,,,,,,,,,,,,,,,,,,,,,,,,,
13897,2019,5,25,17,45,14.600000000000001,72,667,303,3.1,,,,,,,,,,,,,,,,,,,,,,,,,,,,,,,,,,,,
13898,2019,5,25,18,0,14.4,67,632,263,3,,,,,,,,,,,,,,,,,,,,,,,,,,,,,,,,,,,,
13899,2019,5,25,18,15,14,94,263,165,2.7,,,,,,,,,,,,,,,,,,,,,,,,,,,,,,,,,,,,
13900,2019,5,25,18,30,13.700000000000001,80,233,135,2.4000000000000004,,,,,,,,,,,,,,,,,,,,,,,,,,,,,,,,,,,,
13901,2019,5,25,18,45,13.3,67,199,107,2.2,,,,,,,,,,,,,,,,,,,,,,,,,,,,,,,,,,,,
13902,2019,5,25,19,0,12.9,45,435,115,1.9000000000000001,,,,,,,,,,,,,,,,,,,,,,,,,,,,,,,,,,,,
13903,2019,5,25,19,15,12.5,38,362,83,1.7000000000000002,,,,,,,,,,,,,,,,,,,,,,,,,,,,,,,,,,,,
13904,2019,5,25,19,30,12,30,278,54,1.5,,,,,,,,,,,,,,,,,,,,,,,,,,,,,,,,,,,,
13905,2019,5,25,19,45,11.600000000000001,21,183,31,1.3,,,,,,,,,,,,,,,,,,,,,,,,,,,,,,,,,,,,
13906,2019,5,25,20,0,11.100000000000001,12,82,13,1.1,,,,,,,,,,,,,,,,,,,,,,,,,,,,,,,,,,,,
13907,2019,5,25,20,15,10.9,0,0,0,1.1,,,,,,,,,,,,,,,,,,,,,,,,,,,,,,,,,,,,
13908,2019,5,25,20,30,10.700000000000001,0,0,0,1,,,,,,,,,,,,,,,,,,,,,,,,,,,,,,,,,,,,
13909,2019,5,25,20,45,10.5,0,0,0,1,,,,,,,,,,,,,,,,,,,,,,,,,,,,,,,,,,,,
13910,2019,5,25,21,0,10.4,0,0,0,1,,,,,,,,,,,,,,,,,,,,,,,,,,,,,,,,,,,,
13911,2019,5,25,21,15,10.200000000000001,0,0,0,0.9,,,,,,,,,,,,,,,,,,,,,,,,,,,,,,,,,,,,
13912,2019,5,25,21,30,10.100000000000001,0,0,0,0.9,,,,,,,,,,,,,,,,,,,,,,,,,,,,,,,,,,,,
13913,2019,5,25,21,45,10,0,0,0,0.9,,,,,,,,,,,,,,,,,,,,,,,,,,,,,,,,,,,,
13914,2019,5,25,22,0,9.9,0,0,0,0.8,,,,,,,,,,,,,,,,,,,,,,,,,,,,,,,,,,,,
13915,2019,5,25,22,15,9.8,0,0,0,0.8,,,,,,,,,,,,,,,,,,,,,,,,,,,,,,,,,,,,
13916,2019,5,25,22,30,9.8,0,0,0,0.8,,,,,,,,,,,,,,,,,,,,,,,,,,,,,,,,,,,,
13917,2019,5,25,22,45,9.700000000000001,0,0,0,0.7000000000000001,,,,,,,,,,,,,,,,,,,,,,,,,,,,,,,,,,,,
13918,2019,5,25,23,0,9.700000000000001,0,0,0,0.7000000000000001,,,,,,,,,,,,,,,,,,,,,,,,,,,,,,,,,,,,
13919,2019,5,25,23,15,9.600000000000001,0,0,0,0.7000000000000001,,,,,,,,,,,,,,,,,,,,,,,,,,,,,,,,,,,,
13920,2019,5,25,23,30,9.5,0,0,0,0.7000000000000001,,,,,,,,,,,,,,,,,,,,,,,,,,,,,,,,,,,,
13921,2019,5,25,23,45,9.4,0,0,0,0.7000000000000001,,,,,,,,,,,,,,,,,,,,,,,,,,,,,,,,,,,,
13922,2019,5,26,0,0,9.200000000000001,0,0,0,0.7000000000000001,,,,,,,,,,,,,,,,,,,,,,,,,,,,,,,,,,,,
13923,2019,5,26,0,15,9.200000000000001,0,0,0,0.7000000000000001,,,,,,,,,,,,,,,,,,,,,,,,,,,,,,,,,,,,
13924,2019,5,26,0,30,9.200000000000001,0,0,0,0.7000000000000001,,,,,,,,,,,,,,,,,,,,,,,,,,,,,,,,,,,,
13925,2019,5,26,0,45,9.200000000000001,0,0,0,0.7000000000000001,,,,,,,,,,,,,,,,,,,,,,,,,,,,,,,,,,,,
13926,2019,5,26,1,0,8,0,0,0,0.9,,,,,,,,,,,,,,,,,,,,,,,,,,,,,,,,,,,,
13927,2019,5,26,1,15,7.800000000000001,0,0,0,0.9,,,,,,,,,,,,,,,,,,,,,,,,,,,,,,,,,,,,
13928,2019,5,26,1,30,7.7,0,0,0,0.9,,,,,,,,,,,,,,,,,,,,,,,,,,,,,,,,,,,,
13929,2019,5,26,1,45,7.5,0,0,0,1,,,,,,,,,,,,,,,,,,,,,,,,,,,,,,,,,,,,
13930,2019,5,26,2,0,7.300000000000001,0,0,0,1,,,,,,,,,,,,,,,,,,,,,,,,,,,,,,,,,,,,
13931,2019,5,26,2,15,7.2,0,0,0,1,,,,,,,,,,,,,,,,,,,,,,,,,,,,,,,,,,,,
13932,2019,5,26,2,30,7.2,0,0,0,1.1,,,,,,,,,,,,,,,,,,,,,,,,,,,,,,,,,,,,
13933,2019,5,26,2,45,7.1000000000000005,0,0,0,1.1,,,,,,,,,,,,,,,,,,,,,,,,,,,,,,,,,,,,
13934,2019,5,26,3,0,7,0,0,0,1.2000000000000002,,,,,,,,,,,,,,,,,,,,,,,,,,,,,,,,,,,,
13935,2019,5,26,3,15,7.2,0,0,0,1.3,,,,,,,,,,,,,,,,,,,,,,,,,,,,,,,,,,,,
13936,2019,5,26,3,30,7.300000000000001,0,0,0,1.4000000000000001,,,,,,,,,,,,,,,,,,,,,,,,,,,,,,,,,,,,
13937,2019,5,26,3,45,7.4,0,0,0,1.5,,,,,,,,,,,,,,,,,,,,,,,,,,,,,,,,,,,,
13938,2019,5,26,4,0,7.5,0,0,0,1.6,,,,,,,,,,,,,,,,,,,,,,,,,,,,,,,,,,,,
13939,2019,5,26,4,15,8,0,0,0,1.9000000000000001,,,,,,,,,,,,,,,,,,,,,,,,,,,,,,,,,,,,
13940,2019,5,26,4,30,8.4,6,0,6,2.1,,,,,,,,,,,,,,,,,,,,,,,,,,,,,,,,,,,,
13941,2019,5,26,4,45,8.9,26,205,42,2.4000000000000004,,,,,,,,,,,,,,,,,,,,,,,,,,,,,,,,,,,,
13942,2019,5,26,5,0,9.3,19,0,19,2.7,,,,,,,,,,,,,,,,,,,,,,,,,,,,,,,,,,,,
13943,2019,5,26,5,15,9.700000000000001,27,0,27,2.8000000000000003,,,,,,,,,,,,,,,,,,,,,,,,,,,,,,,,,,,,
13944,2019,5,26,5,30,10.100000000000001,36,0,36,2.9000000000000004,,,,,,,,,,,,,,,,,,,,,,,,,,,,,,,,,,,,
13945,2019,5,26,5,45,10.5,46,0,46,2.9000000000000004,,,,,,,,,,,,,,,,,,,,,,,,,,,,,,,,,,,,
13946,2019,5,26,6,0,11,60,0,60,3,,,,,,,,,,,,,,,,,,,,,,,,,,,,,,,,,,,,
13947,2019,5,26,6,15,11.600000000000001,68,0,68,3.1,,,,,,,,,,,,,,,,,,,,,,,,,,,,,,,,,,,,
13948,2019,5,26,6,30,12.200000000000001,123,40,136,3.2,,,,,,,,,,,,,,,,,,,,,,,,,,,,,,,,,,,,
13949,2019,5,26,6,45,12.700000000000001,104,0,104,3.3000000000000003,,,,,,,,,,,,,,,,,,,,,,,,,,,,,,,,,,,,
13950,2019,5,26,7,0,13.3,142,15,148,3.4000000000000004,,,,,,,,,,,,,,,,,,,,,,,,,,,,,,,,,,,,
13951,2019,5,26,7,15,13.9,182,166,256,3.5,,,,,,,,,,,,,,,,,,,,,,,,,,,,,,,,,,,,
13952,2019,5,26,7,30,14.4,171,375,350,3.6,,,,,,,,,,,,,,,,,,,,,,,,,,,,,,,,,,,,
13953,2019,5,26,7,45,15,190,365,377,3.8000000000000003,,,,,,,,,,,,,,,,,,,,,,,,,,,,,,,,,,,,
13954,2019,5,26,8,0,15.5,221,298,384,3.9000000000000004,,,,,,,,,,,,,,,,,,,,,,,,,,,,,,,,,,,,
13955,2019,5,26,8,15,15.9,240,294,410,4.1000000000000005,,,,,,,,,,,,,,,,,,,,,,,,,,,,,,,,,,,,
13956,2019,5,26,8,30,16.3,243,353,460,4.2,,,,,,,,,,,,,,,,,,,,,,,,,,,,,,,,,,,,
13957,2019,5,26,8,45,16.7,248,397,503,4.3,,,,,,,,,,,,,,,,,,,,,,,,,,,,,,,,,,,,
13958,2019,5,26,9,0,17,269,378,522,4.4,,,,,,,,,,,,,,,,,,,,,,,,,,,,,,,,,,,,
13959,2019,5,26,9,15,17.3,284,377,547,4.5,,,,,,,,,,,,,,,,,,,,,,,,,,,,,,,,,,,,
13960,2019,5,26,9,30,17.6,313,322,546,4.6000000000000005,,,,,,,,,,,,,,,,,,,,,,,,,,,,,,,,,,,,
13961,2019,5,26,9,45,17.900000000000002,317,358,584,4.7,,,,,,,,,,,,,,,,,,,,,,,,,,,,,,,,,,,,
13962,2019,5,26,10,0,18.2,327,364,607,4.800000000000001,,,,,,,,,,,,,,,,,,,,,,,,,,,,,,,,,,,,
13963,2019,5,26,10,15,18.5,356,301,594,4.800000000000001,,,,,,,,,,,,,,,,,,,,,,,,,,,,,,,,,,,,
13964,2019,5,26,10,30,18.8,367,299,608,4.9,,,,,,,,,,,,,,,,,,,,,,,,,,,,,,,,,,,,
13965,2019,5,26,10,45,19.1,376,299,621,5,,,,,,,,,,,,,,,,,,,,,,,,,,,,,,,,,,,,
13966,2019,5,26,11,0,19.3,318,468,707,5,,,,,,,,,,,,,,,,,,,,,,,,,,,,,,,,,,,,
13967,2019,5,26,11,15,19.5,329,451,709,5,,,,,,,,,,,,,,,,,,,,,,,,,,,,,,,,,,,,
13968,2019,5,26,11,30,19.700000000000003,332,455,719,5.1000000000000005,,,,,,,,,,,,,,,,,,,,,,,,,,,,,,,,,,,,
13969,2019,5,26,11,45,19.900000000000002,321,513,760,5.1000000000000005,,,,,,,,,,,,,,,,,,,,,,,,,,,,,,,,,,,,
13970,2019,5,26,12,0,20.1,330,485,747,5.1000000000000005,,,,,,,,,,,,,,,,,,,,,,,,,,,,,,,,,,,,
13971,2019,5,26,12,15,20.3,367,387,699,5.1000000000000005,,,,,,,,,,,,,,,,,,,,,,,,,,,,,,,,,,,,
13972,2019,5,26,12,30,20.400000000000002,387,340,680,5.1000000000000005,,,,,,,,,,,,,,,,,,,,,,,,,,,,,,,,,,,,
13973,2019,5,26,12,45,20.5,392,318,663,5.1000000000000005,,,,,,,,,,,,,,,,,,,,,,,,,,,,,,,,,,,,
13974,2019,5,26,13,0,20.6,118,882,866,5.1000000000000005,,,,,,,,,,,,,,,,,,,,,,,,,,,,,,,,,,,,
13975,2019,5,26,13,15,20.6,118,880,855,5.1000000000000005,,,,,,,,,,,,,,,,,,,,,,,,,,,,,,,,,,,,
13976,2019,5,26,13,30,20.6,117,876,842,5,,,,,,,,,,,,,,,,,,,,,,,,,,,,,,,,,,,,
13977,2019,5,26,13,45,20.6,345,382,655,5,,,,,,,,,,,,,,,,,,,,,,,,,,,,,,,,,,,,
13978,2019,5,26,14,0,20.700000000000003,356,322,612,5,,,,,,,,,,,,,,,,,,,,,,,,,,,,,,,,,,,,
13979,2019,5,26,14,15,20.6,343,331,600,4.9,,,,,,,,,,,,,,,,,,,,,,,,,,,,,,,,,,,,
13980,2019,5,26,14,30,20.6,350,249,539,4.800000000000001,,,,,,,,,,,,,,,,,,,,,,,,,,,,,,,,,,,,
13981,2019,5,26,14,45,20.6,328,289,541,4.800000000000001,,,,,,,,,,,,,,,,,,,,,,,,,,,,,,,,,,,,
13982,2019,5,26,15,0,20.5,329,201,472,4.7,,,,,,,,,,,,,,,,,,,,,,,,,,,,,,,,,,,,
13983,2019,5,26,15,15,20.5,304,81,360,4.6000000000000005,,,,,,,,,,,,,,,,,,,,,,,,,,,,,,,,,,,,
13984,2019,5,26,15,30,20.400000000000002,299,137,389,4.6000000000000005,,,,,,,,,,,,,,,,,,,,,,,,,,,,,,,,,,,,
13985,2019,5,26,15,45,20.3,282,128,362,4.5,,,,,,,,,,,,,,,,,,,,,,,,,,,,,,,,,,,,
13986,2019,5,26,16,0,20.200000000000003,265,168,365,4.4,,,,,,,,,,,,,,,,,,,,,,,,,,,,,,,,,,,,
13987,2019,5,26,16,15,20.1,243,219,366,4.2,,,,,,,,,,,,,,,,,,,,,,,,,,,,,,,,,,,,
13988,2019,5,26,16,30,20,219,255,354,4,,,,,,,,,,,,,,,,,,,,,,,,,,,,,,,,,,,,
13989,2019,5,26,16,45,19.900000000000002,195,294,341,3.9000000000000004,,,,,,,,,,,,,,,,,,,,,,,,,,,,,,,,,,,,
13990,2019,5,26,17,0,19.700000000000003,174,313,318,3.7,,,,,,,,,,,,,,,,,,,,,,,,,,,,,,,,,,,,
13991,2019,5,26,17,15,19.5,140,405,312,3.4000000000000004,,,,,,,,,,,,,,,,,,,,,,,,,,,,,,,,,,,,
13992,2019,5,26,17,30,19.200000000000003,126,396,279,3.2,,,,,,,,,,,,,,,,,,,,,,,,,,,,,,,,,,,,
13993,2019,5,26,17,45,19,103,440,257,2.9000000000000004,,,,,,,,,,,,,,,,,,,,,,,,,,,,,,,,,,,,
13994,2019,5,26,18,0,18.8,108,289,199,2.6,,,,,,,,,,,,,,,,,,,,,,,,,,,,,,,,,,,,
13995,2019,5,26,18,15,18.2,102,164,147,2.4000000000000004,,,,,,,,,,,,,,,,,,,,,,,,,,,,,,,,,,,,
13996,2019,5,26,18,30,17.7,87,138,120,2.2,,,,,,,,,,,,,,,,,,,,,,,,,,,,,,,,,,,,
13997,2019,5,26,18,45,17.2,72,112,94,1.9000000000000001,,,,,,,,,,,,,,,,,,,,,,,,,,,,,,,,,,,,
13998,2019,5,26,19,0,16.7,57,84,71,1.7000000000000002,,,,,,,,,,,,,,,,,,,,,,,,,,,,,,,,,,,,
13999,2019,5,26,19,15,16.3,43,57,50,1.7000000000000002,,,,,,,,,,,,,,,,,,,,,,,,,,,,,,,,,,,,
14000,2019,5,26,19,30,15.8,30,25,32,1.7000000000000002,,,,,,,,,,,,,,,,,,,,,,,,,,,,,,,,,,,,
14001,2019,5,26,19,45,15.4,18,0,18,1.7000000000000002,,,,,,,,,,,,,,,,,,,,,,,,,,,,,,,,,,,,
14002,2019,5,26,20,0,14.9,11,39,12,1.7000000000000002,,,,,,,,,,,,,,,,,,,,,,,,,,,,,,,,,,,,
14003,2019,5,26,20,15,14.9,0,0,0,1.7000000000000002,,,,,,,,,,,,,,,,,,,,,,,,,,,,,,,,,,,,
14004,2019,5,26,20,30,14.8,0,0,0,1.8,,,,,,,,,,,,,,,,,,,,,,,,,,,,,,,,,,,,
14005,2019,5,26,20,45,14.700000000000001,0,0,0,1.8,,,,,,,,,,,,,,,,,,,,,,,,,,,,,,,,,,,,
14006,2019,5,26,21,0,14.600000000000001,0,0,0,1.8,,,,,,,,,,,,,,,,,,,,,,,,,,,,,,,,,,,,
14007,2019,5,26,21,15,14.600000000000001,0,0,0,1.9000000000000001,,,,,,,,,,,,,,,,,,,,,,,,,,,,,,,,,,,,
14008,2019,5,26,21,30,14.600000000000001,0,0,0,2,,,,,,,,,,,,,,,,,,,,,,,,,,,,,,,,,,,,
14009,2019,5,26,21,45,14.700000000000001,0,0,0,2.1,,,,,,,,,,,,,,,,,,,,,,,,,,,,,,,,,,,,
14010,2019,5,26,22,0,14.700000000000001,0,0,0,2.1,,,,,,,,,,,,,,,,,,,,,,,,,,,,,,,,,,,,
14011,2019,5,26,22,15,14.700000000000001,0,0,0,2.2,,,,,,,,,,,,,,,,,,,,,,,,,,,,,,,,,,,,
14012,2019,5,26,22,30,14.700000000000001,0,0,0,2.2,,,,,,,,,,,,,,,,,,,,,,,,,,,,,,,,,,,,
14013,2019,5,26,22,45,14.700000000000001,0,0,0,2.3000000000000003,,,,,,,,,,,,,,,,,,,,,,,,,,,,,,,,,,,,
14014,2019,5,26,23,0,14.700000000000001,0,0,0,2.3000000000000003,,,,,,,,,,,,,,,,,,,,,,,,,,,,,,,,,,,,
14015,2019,5,26,23,15,14.5,0,0,0,2.3000000000000003,,,,,,,,,,,,,,,,,,,,,,,,,,,,,,,,,,,,
14016,2019,5,26,23,30,14.4,0,0,0,2.3000000000000003,,,,,,,,,,,,,,,,,,,,,,,,,,,,,,,,,,,,
14017,2019,5,26,23,45,14.200000000000001,0,0,0,2.3000000000000003,,,,,,,,,,,,,,,,,,,,,,,,,,,,,,,,,,,,
14018,2019,5,27,0,0,14.100000000000001,0,0,0,2.2,,,,,,,,,,,,,,,,,,,,,,,,,,,,,,,,,,,,
14019,2019,5,27,0,15,14.100000000000001,0,0,0,2.2,,,,,,,,,,,,,,,,,,,,,,,,,,,,,,,,,,,,
14020,2019,5,27,0,30,14.100000000000001,0,0,0,2.2,,,,,,,,,,,,,,,,,,,,,,,,,,,,,,,,,,,,
14021,2019,5,27,0,45,14.100000000000001,0,0,0,2.2,,,,,,,,,,,,,,,,,,,,,,,,,,,,,,,,,,,,
14022,2019,5,27,1,0,13.4,0,0,0,2.2,,,,,,,,,,,,,,,,,,,,,,,,,,,,,,,,,,,,
14023,2019,5,27,1,15,13.3,0,0,0,2.2,,,,,,,,,,,,,,,,,,,,,,,,,,,,,,,,,,,,
14024,2019,5,27,1,30,13.100000000000001,0,0,0,2.2,,,,,,,,,,,,,,,,,,,,,,,,,,,,,,,,,,,,
14025,2019,5,27,1,45,13,0,0,0,2.2,,,,,,,,,,,,,,,,,,,,,,,,,,,,,,,,,,,,
14026,2019,5,27,2,0,12.8,0,0,0,2.2,,,,,,,,,,,,,,,,,,,,,,,,,,,,,,,,,,,,
14027,2019,5,27,2,15,12.700000000000001,0,0,0,2.2,,,,,,,,,,,,,,,,,,,,,,,,,,,,,,,,,,,,
14028,2019,5,27,2,30,12.5,0,0,0,2.2,,,,,,,,,,,,,,,,,,,,,,,,,,,,,,,,,,,,
14029,2019,5,27,2,45,12.3,0,0,0,2.2,,,,,,,,,,,,,,,,,,,,,,,,,,,,,,,,,,,,
14030,2019,5,27,3,0,12.200000000000001,0,0,0,2.1,,,,,,,,,,,,,,,,,,,,,,,,,,,,,,,,,,,,
14031,2019,5,27,3,15,12.100000000000001,0,0,0,2.2,,,,,,,,,,,,,,,,,,,,,,,,,,,,,,,,,,,,
14032,2019,5,27,3,30,12.100000000000001,0,0,0,2.3000000000000003,,,,,,,,,,,,,,,,,,,,,,,,,,,,,,,,,,,,
14033,2019,5,27,3,45,12.100000000000001,0,0,0,2.4000000000000004,,,,,,,,,,,,,,,,,,,,,,,,,,,,,,,,,,,,
14034,2019,5,27,4,0,12.100000000000001,0,0,0,2.5,,,,,,,,,,,,,,,,,,,,,,,,,,,,,,,,,,,,
14035,2019,5,27,4,15,12.4,0,0,0,2.7,,,,,,,,,,,,,,,,,,,,,,,,,,,,,,,,,,,,
14036,2019,5,27,4,30,12.600000000000001,2,0,2,2.9000000000000004,,,,,,,,,,,,,,,,,,,,,,,,,,,,,,,,,,,,
14037,2019,5,27,4,45,12.9,4,0,4,3.1,,,,,,,,,,,,,,,,,,,,,,,,,,,,,,,,,,,,
14038,2019,5,27,5,0,13.200000000000001,5,0,5,3.3000000000000003,,,,,,,,,,,,,,,,,,,,,,,,,,,,,,,,,,,,
14039,2019,5,27,5,15,13.5,7,0,7,3.3000000000000003,,,,,,,,,,,,,,,,,,,,,,,,,,,,,,,,,,,,
14040,2019,5,27,5,30,13.8,9,0,9,3.3000000000000003,,,,,,,,,,,,,,,,,,,,,,,,,,,,,,,,,,,,
14041,2019,5,27,5,45,14.100000000000001,8,0,8,3.3000000000000003,,,,,,,,,,,,,,,,,,,,,,,,,,,,,,,,,,,,
14042,2019,5,27,6,0,14.3,9,0,9,3.3000000000000003,,,,,,,,,,,,,,,,,,,,,,,,,,,,,,,,,,,,
14043,2019,5,27,6,15,14.700000000000001,18,0,18,3.5,,,,,,,,,,,,,,,,,,,,,,,,,,,,,,,,,,,,
14044,2019,5,27,6,30,15.100000000000001,12,0,12,3.7,,,,,,,,,,,,,,,,,,,,,,,,,,,,,,,,,,,,
14045,2019,5,27,6,45,15.5,32,0,32,3.9000000000000004,,,,,,,,,,,,,,,,,,,,,,,,,,,,,,,,,,,,
14046,2019,5,27,7,0,15.9,73,0,73,4.1000000000000005,,,,,,,,,,,,,,,,,,,,,,,,,,,,,,,,,,,,
14047,2019,5,27,7,15,16.1,181,81,217,4.2,,,,,,,,,,,,,,,,,,,,,,,,,,,,,,,,,,,,
14048,2019,5,27,7,30,16.3,101,0,101,4.2,,,,,,,,,,,,,,,,,,,,,,,,,,,,,,,,,,,,
14049,2019,5,27,7,45,16.6,65,0,65,4.2,,,,,,,,,,,,,,,,,,,,,,,,,,,,,,,,,,,,
14050,2019,5,27,8,0,16.8,44,0,44,4.3,,,,,,,,,,,,,,,,,,,,,,,,,,,,,,,,,,,,
14051,2019,5,27,8,15,17,47,0,47,4.3,,,,,,,,,,,,,,,,,,,,,,,,,,,,,,,,,,,,
14052,2019,5,27,8,30,17.2,96,0,96,4.2,,,,,,,,,,,,,,,,,,,,,,,,,,,,,,,,,,,,
14053,2019,5,27,8,45,17.400000000000002,102,0,102,4.2,,,,,,,,,,,,,,,,,,,,,,,,,,,,,,,,,,,,
14054,2019,5,27,9,0,17.6,189,6,193,4.2,,,,,,,,,,,,,,,,,,,,,,,,,,,,,,,,,,,,
14055,2019,5,27,9,15,17.7,290,46,322,4.2,,,,,,,,,,,,,,,,,,,,,,,,,,,,,,,,,,,,
14056,2019,5,27,9,30,17.900000000000002,209,9,215,4.2,,,,,,,,,,,,,,,,,,,,,,,,,,,,,,,,,,,,
14057,2019,5,27,9,45,18,218,10,225,4.1000000000000005,,,,,,,,,,,,,,,,,,,,,,,,,,,,,,,,,,,,
14058,2019,5,27,10,0,18.1,123,0,123,4.1000000000000005,,,,,,,,,,,,,,,,,,,,,,,,,,,,,,,,,,,,
14059,2019,5,27,10,15,18.3,163,4,166,4.1000000000000005,,,,,,,,,,,,,,,,,,,,,,,,,,,,,,,,,,,,
14060,2019,5,27,10,30,18.400000000000002,101,0,101,4,,,,,,,,,,,,,,,,,,,,,,,,,,,,,,,,,,,,
14061,2019,5,27,10,45,18.5,73,0,73,4,,,,,,,,,,,,,,,,,,,,,,,,,,,,,,,,,,,,
14062,2019,5,27,11,0,18.6,89,0,89,4,,,,,,,,,,,,,,,,,,,,,,,,,,,,,,,,,,,,
14063,2019,5,27,11,15,18.7,75,0,75,3.9000000000000004,,,,,,,,,,,,,,,,,,,,,,,,,,,,,,,,,,,,
14064,2019,5,27,11,30,18.8,77,0,77,3.9000000000000004,,,,,,,,,,,,,,,,,,,,,,,,,,,,,,,,,,,,
14065,2019,5,27,11,45,18.900000000000002,76,0,76,3.8000000000000003,,,,,,,,,,,,,,,,,,,,,,,,,,,,,,,,,,,,
14066,2019,5,27,12,0,19,78,0,78,3.8000000000000003,,,,,,,,,,,,,,,,,,,,,,,,,,,,,,,,,,,,
14067,2019,5,27,12,15,19,76,0,76,3.7,,,,,,,,,,,,,,,,,,,,,,,,,,,,,,,,,,,,
14068,2019,5,27,12,30,19.1,179,7,185,3.6,,,,,,,,,,,,,,,,,,,,,,,,,,,,,,,,,,,,
14069,2019,5,27,12,45,19.1,76,0,76,3.6,,,,,,,,,,,,,,,,,,,,,,,,,,,,,,,,,,,,
14070,2019,5,27,13,0,19.1,88,0,88,3.5,,,,,,,,,,,,,,,,,,,,,,,,,,,,,,,,,,,,
14071,2019,5,27,13,15,19.1,80,0,80,3.4000000000000004,,,,,,,,,,,,,,,,,,,,,,,,,,,,,,,,,,,,
14072,2019,5,27,13,30,19.200000000000003,166,5,170,3.4000000000000004,,,,,,,,,,,,,,,,,,,,,,,,,,,,,,,,,,,,
14073,2019,5,27,13,45,19.200000000000003,175,6,180,3.4000000000000004,,,,,,,,,,,,,,,,,,,,,,,,,,,,,,,,,,,,
14074,2019,5,27,14,0,19.200000000000003,132,0,132,3.3000000000000003,,,,,,,,,,,,,,,,,,,,,,,,,,,,,,,,,,,,
14075,2019,5,27,14,15,19.200000000000003,234,12,243,3.3000000000000003,,,,,,,,,,,,,,,,,,,,,,,,,,,,,,,,,,,,
14076,2019,5,27,14,30,19.200000000000003,361,159,482,3.3000000000000003,,,,,,,,,,,,,,,,,,,,,,,,,,,,,,,,,,,,
14077,2019,5,27,14,45,19.200000000000003,342,109,423,3.2,,,,,,,,,,,,,,,,,,,,,,,,,,,,,,,,,,,,
14078,2019,5,27,15,0,19.200000000000003,332,183,463,3.2,,,,,,,,,,,,,,,,,,,,,,,,,,,,,,,,,,,,
14079,2019,5,27,15,15,19.1,317,176,438,3.1,,,,,,,,,,,,,,,,,,,,,,,,,,,,,,,,,,,,
14080,2019,5,27,15,30,19,301,169,412,3,,,,,,,,,,,,,,,,,,,,,,,,,,,,,,,,,,,,
14081,2019,5,27,15,45,18.900000000000002,235,26,252,2.9000000000000004,,,,,,,,,,,,,,,,,,,,,,,,,,,,,,,,,,,,
14082,2019,5,27,16,0,18.8,218,23,231,2.9000000000000004,,,,,,,,,,,,,,,,,,,,,,,,,,,,,,,,,,,,
14083,2019,5,27,16,15,18.7,247,112,311,2.7,,,,,,,,,,,,,,,,,,,,,,,,,,,,,,,,,,,,
14084,2019,5,27,16,30,18.6,192,21,203,2.6,,,,,,,,,,,,,,,,,,,,,,,,,,,,,,,,,,,,
14085,2019,5,27,16,45,18.5,196,45,218,2.5,,,,,,,,,,,,,,,,,,,,,,,,,,,,,,,,,,,,
14086,2019,5,27,17,0,18.3,136,0,136,2.4000000000000004,,,,,,,,,,,,,,,,,,,,,,,,,,,,,,,,,,,,
14087,2019,5,27,17,15,18.1,89,0,89,2.2,,,,,,,,,,,,,,,,,,,,,,,,,,,,,,,,,,,,
14088,2019,5,27,17,30,17.900000000000002,144,31,156,2,,,,,,,,,,,,,,,,,,,,,,,,,,,,,,,,,,,,
14089,2019,5,27,17,45,17.7,135,205,207,1.7000000000000002,,,,,,,,,,,,,,,,,,,,,,,,,,,,,,,,,,,,
14090,2019,5,27,18,0,17.5,85,0,85,1.5,,,,,,,,,,,,,,,,,,,,,,,,,,,,,,,,,,,,
14091,2019,5,27,18,15,17.1,19,0,19,1.3,,,,,,,,,,,,,,,,,,,,,,,,,,,,,,,,,,,,
14092,2019,5,27,18,30,16.7,16,0,16,1.2000000000000002,,,,,,,,,,,,,,,,,,,,,,,,,,,,,,,,,,,,
14093,2019,5,27,18,45,16.3,13,0,13,1,,,,,,,,,,,,,,,,,,,,,,,,,,,,,,,,,,,,
14094,2019,5,27,19,0,15.8,11,0,11,0.8,,,,,,,,,,,,,,,,,,,,,,,,,,,,,,,,,,,,
14095,2019,5,27,19,15,15.4,9,0,9,0.8,,,,,,,,,,,,,,,,,,,,,,,,,,,,,,,,,,,,
14096,2019,5,27,19,30,15,7,0,7,0.9,,,,,,,,,,,,,,,,,,,,,,,,,,,,,,,,,,,,
14097,2019,5,27,19,45,14.600000000000001,6,0,6,0.9,,,,,,,,,,,,,,,,,,,,,,,,,,,,,,,,,,,,
14098,2019,5,27,20,0,14.200000000000001,3,0,3,0.9,,,,,,,,,,,,,,,,,,,,,,,,,,,,,,,,,,,,
14099,2019,5,27,20,15,14,0,0,0,0.9,,,,,,,,,,,,,,,,,,,,,,,,,,,,,,,,,,,,
14100,2019,5,27,20,30,13.8,0,0,0,0.9,,,,,,,,,,,,,,,,,,,,,,,,,,,,,,,,,,,,
14101,2019,5,27,20,45,13.600000000000001,0,0,0,0.9,,,,,,,,,,,,,,,,,,,,,,,,,,,,,,,,,,,,
14102,2019,5,27,21,0,13.4,0,0,0,0.9,,,,,,,,,,,,,,,,,,,,,,,,,,,,,,,,,,,,
14103,2019,5,27,21,15,13.100000000000001,0,0,0,0.9,,,,,,,,,,,,,,,,,,,,,,,,,,,,,,,,,,,,
14104,2019,5,27,21,30,12.9,0,0,0,0.9,,,,,,,,,,,,,,,,,,,,,,,,,,,,,,,,,,,,
14105,2019,5,27,21,45,12.700000000000001,0,0,0,0.9,,,,,,,,,,,,,,,,,,,,,,,,,,,,,,,,,,,,
14106,2019,5,27,22,0,12.5,0,0,0,0.9,,,,,,,,,,,,,,,,,,,,,,,,,,,,,,,,,,,,
14107,2019,5,27,22,15,12.3,0,0,0,0.9,,,,,,,,,,,,,,,,,,,,,,,,,,,,,,,,,,,,
14108,2019,5,27,22,30,12.100000000000001,0,0,0,0.9,,,,,,,,,,,,,,,,,,,,,,,,,,,,,,,,,,,,
14109,2019,5,27,22,45,12,0,0,0,0.9,,,,,,,,,,,,,,,,,,,,,,,,,,,,,,,,,,,,
14110,2019,5,27,23,0,11.8,0,0,0,0.9,,,,,,,,,,,,,,,,,,,,,,,,,,,,,,,,,,,,
14111,2019,5,27,23,15,11.700000000000001,0,0,0,0.9,,,,,,,,,,,,,,,,,,,,,,,,,,,,,,,,,,,,
14112,2019,5,27,23,30,11.600000000000001,0,0,0,0.9,,,,,,,,,,,,,,,,,,,,,,,,,,,,,,,,,,,,
14113,2019,5,27,23,45,11.600000000000001,0,0,0,0.9,,,,,,,,,,,,,,,,,,,,,,,,,,,,,,,,,,,,
14114,2019,5,28,0,0,11.5,0,0,0,1,,,,,,,,,,,,,,,,,,,,,,,,,,,,,,,,,,,,
14115,2019,5,28,0,15,11.5,0,0,0,1,,,,,,,,,,,,,,,,,,,,,,,,,,,,,,,,,,,,
14116,2019,5,28,0,30,11.5,0,0,0,1,,,,,,,,,,,,,,,,,,,,,,,,,,,,,,,,,,,,
14117,2019,5,28,0,45,11.5,0,0,0,1,,,,,,,,,,,,,,,,,,,,,,,,,,,,,,,,,,,,
14118,2019,5,28,1,0,11.100000000000001,0,0,0,1,,,,,,,,,,,,,,,,,,,,,,,,,,,,,,,,,,,,
14119,2019,5,28,1,15,11,0,0,0,1,,,,,,,,,,,,,,,,,,,,,,,,,,,,,,,,,,,,
14120,2019,5,28,1,30,10.9,0,0,0,1,,,,,,,,,,,,,,,,,,,,,,,,,,,,,,,,,,,,
14121,2019,5,28,1,45,10.8,0,0,0,1.1,,,,,,,,,,,,,,,,,,,,,,,,,,,,,,,,,,,,
14122,2019,5,28,2,0,10.700000000000001,0,0,0,1.1,,,,,,,,,,,,,,,,,,,,,,,,,,,,,,,,,,,,
14123,2019,5,28,2,15,10.700000000000001,0,0,0,1.1,,,,,,,,,,,,,,,,,,,,,,,,,,,,,,,,,,,,
14124,2019,5,28,2,30,10.600000000000001,0,0,0,1.1,,,,,,,,,,,,,,,,,,,,,,,,,,,,,,,,,,,,
14125,2019,5,28,2,45,10.5,0,0,0,1.2000000000000002,,,,,,,,,,,,,,,,,,,,,,,,,,,,,,,,,,,,
14126,2019,5,28,3,0,10.5,0,0,0,1.2000000000000002,,,,,,,,,,,,,,,,,,,,,,,,,,,,,,,,,,,,
14127,2019,5,28,3,15,10.4,0,0,0,1.2000000000000002,,,,,,,,,,,,,,,,,,,,,,,,,,,,,,,,,,,,
14128,2019,5,28,3,30,10.4,0,0,0,1.3,,,,,,,,,,,,,,,,,,,,,,,,,,,,,,,,,,,,
14129,2019,5,28,3,45,10.4,0,0,0,1.3,,,,,,,,,,,,,,,,,,,,,,,,,,,,,,,,,,,,
14130,2019,5,28,4,0,10.3,0,0,0,1.4000000000000001,,,,,,,,,,,,,,,,,,,,,,,,,,,,,,,,,,,,
14131,2019,5,28,4,15,10.5,0,0,0,1.4000000000000001,,,,,,,,,,,,,,,,,,,,,,,,,,,,,,,,,,,,
14132,2019,5,28,4,30,10.600000000000001,3,0,3,1.5,,,,,,,,,,,,,,,,,,,,,,,,,,,,,,,,,,,,
14133,2019,5,28,4,45,10.8,5,0,5,1.6,,,,,,,,,,,,,,,,,,,,,,,,,,,,,,,,,,,,
14134,2019,5,28,5,0,10.9,6,0,6,1.7000000000000002,,,,,,,,,,,,,,,,,,,,,,,,,,,,,,,,,,,,
14135,2019,5,28,5,15,11.100000000000001,7,0,7,1.8,,,,,,,,,,,,,,,,,,,,,,,,,,,,,,,,,,,,
14136,2019,5,28,5,30,11.200000000000001,8,0,8,1.9000000000000001,,,,,,,,,,,,,,,,,,,,,,,,,,,,,,,,,,,,
14137,2019,5,28,5,45,11.4,9,0,9,1.9000000000000001,,,,,,,,,,,,,,,,,,,,,,,,,,,,,,,,,,,,
14138,2019,5,28,6,0,11.5,10,0,10,2,,,,,,,,,,,,,,,,,,,,,,,,,,,,,,,,,,,,
14139,2019,5,28,6,15,11.8,12,0,12,2,,,,,,,,,,,,,,,,,,,,,,,,,,,,,,,,,,,,
14140,2019,5,28,6,30,12,20,0,20,2,,,,,,,,,,,,,,,,,,,,,,,,,,,,,,,,,,,,
14141,2019,5,28,6,45,12.200000000000001,63,0,63,2,,,,,,,,,,,,,,,,,,,,,,,,,,,,,,,,,,,,
14142,2019,5,28,7,0,12.5,97,0,97,2,,,,,,,,,,,,,,,,,,,,,,,,,,,,,,,,,,,,
14143,2019,5,28,7,15,12.8,137,0,137,2,,,,,,,,,,,,,,,,,,,,,,,,,,,,,,,,,,,,
14144,2019,5,28,7,30,13.200000000000001,171,18,179,2.1,,,,,,,,,,,,,,,,,,,,,,,,,,,,,,,,,,,,
14145,2019,5,28,7,45,13.600000000000001,209,56,238,2.1,,,,,,,,,,,,,,,,,,,,,,,,,,,,,,,,,,,,
14146,2019,5,28,8,0,14,229,66,266,2.2,,,,,,,,,,,,,,,,,,,,,,,,,,,,,,,,,,,,
14147,2019,5,28,8,15,14.3,255,211,378,2.2,,,,,,,,,,,,,,,,,,,,,,,,,,,,,,,,,,,,
14148,2019,5,28,8,30,14.600000000000001,257,303,443,2.2,,,,,,,,,,,,,,,,,,,,,,,,,,,,,,,,,,,,
14149,2019,5,28,8,45,15,261,358,491,2.2,,,,,,,,,,,,,,,,,,,,,,,,,,,,,,,,,,,,
14150,2019,5,28,9,0,15.3,263,403,535,2.2,,,,,,,,,,,,,,,,,,,,,,,,,,,,,,,,,,,,
14151,2019,5,28,9,15,15.5,281,394,557,2.2,,,,,,,,,,,,,,,,,,,,,,,,,,,,,,,,,,,,
14152,2019,5,28,9,30,15.600000000000001,297,385,577,2.2,,,,,,,,,,,,,,,,,,,,,,,,,,,,,,,,,,,,
14153,2019,5,28,9,45,15.8,319,357,587,2.1,,,,,,,,,,,,,,,,,,,,,,,,,,,,,,,,,,,,
14154,2019,5,28,10,0,16,348,298,578,2.1,,,,,,,,,,,,,,,,,,,,,,,,,,,,,,,,,,,,
14155,2019,5,28,10,15,16.1,356,311,602,2.1,,,,,,,,,,,,,,,,,,,,,,,,,,,,,,,,,,,,
14156,2019,5,28,10,30,16.2,361,329,627,2.2,,,,,,,,,,,,,,,,,,,,,,,,,,,,,,,,,,,,
14157,2019,5,28,10,45,16.2,380,293,621,2.2,,,,,,,,,,,,,,,,,,,,,,,,,,,,,,,,,,,,
14158,2019,5,28,11,0,16.3,399,245,604,2.2,,,,,,,,,,,,,,,,,,,,,,,,,,,,,,,,,,,,
14159,2019,5,28,11,15,16.3,413,189,573,2.2,,,,,,,,,,,,,,,,,,,,,,,,,,,,,,,,,,,,
14160,2019,5,28,11,30,16.400000000000002,418,136,534,2.3000000000000003,,,,,,,,,,,,,,,,,,,,,,,,,,,,,,,,,,,,
14161,2019,5,28,11,45,16.400000000000002,400,75,464,2.3000000000000003,,,,,,,,,,,,,,,,,,,,,,,,,,,,,,,,,,,,
14162,2019,5,28,12,0,16.400000000000002,383,54,430,2.3000000000000003,,,,,,,,,,,,,,,,,,,,,,,,,,,,,,,,,,,,
14163,2019,5,28,12,15,16.400000000000002,336,29,361,2.4000000000000004,,,,,,,,,,,,,,,,,,,,,,,,,,,,,,,,,,,,
14164,2019,5,28,12,30,16.400000000000002,331,27,354,2.4000000000000004,,,,,,,,,,,,,,,,,,,,,,,,,,,,,,,,,,,,
14165,2019,5,28,12,45,16.400000000000002,344,33,372,2.4000000000000004,,,,,,,,,,,,,,,,,,,,,,,,,,,,,,,,,,,,
14166,2019,5,28,13,0,16.400000000000002,357,41,391,2.4000000000000004,,,,,,,,,,,,,,,,,,,,,,,,,,,,,,,,,,,,
14167,2019,5,28,13,15,16.400000000000002,340,34,368,2.4000000000000004,,,,,,,,,,,,,,,,,,,,,,,,,,,,,,,,,,,,
14168,2019,5,28,13,30,16.400000000000002,303,23,321,2.4000000000000004,,,,,,,,,,,,,,,,,,,,,,,,,,,,,,,,,,,,
14169,2019,5,28,13,45,16.400000000000002,317,29,340,2.4000000000000004,,,,,,,,,,,,,,,,,,,,,,,,,,,,,,,,,,,,
14170,2019,5,28,14,0,16.400000000000002,354,59,401,2.4000000000000004,,,,,,,,,,,,,,,,,,,,,,,,,,,,,,,,,,,,
14171,2019,5,28,14,15,16.400000000000002,371,124,468,2.4000000000000004,,,,,,,,,,,,,,,,,,,,,,,,,,,,,,,,,,,,
14172,2019,5,28,14,30,16.3,341,70,395,2.4000000000000004,,,,,,,,,,,,,,,,,,,,,,,,,,,,,,,,,,,,
14173,2019,5,28,14,45,16.3,348,164,469,2.4000000000000004,,,,,,,,,,,,,,,,,,,,,,,,,,,,,,,,,,,,
14174,2019,5,28,15,0,16.3,171,4,173,2.4000000000000004,,,,,,,,,,,,,,,,,,,,,,,,,,,,,,,,,,,,
14175,2019,5,28,15,15,16.2,196,7,201,2.5,,,,,,,,,,,,,,,,,,,,,,,,,,,,,,,,,,,,
14176,2019,5,28,15,30,16.1,57,0,57,2.5,,,,,,,,,,,,,,,,,,,,,,,,,,,,,,,,,,,,
14177,2019,5,28,15,45,16,54,0,54,2.5,,,,,,,,,,,,,,,,,,,,,,,,,,,,,,,,,,,,
14178,2019,5,28,16,0,15.9,50,0,50,2.5,,,,,,,,,,,,,,,,,,,,,,,,,,,,,,,,,,,,
14179,2019,5,28,16,15,15.8,47,0,47,2.5,,,,,,,,,,,,,,,,,,,,,,,,,,,,,,,,,,,,
14180,2019,5,28,16,30,15.600000000000001,43,0,43,2.4000000000000004,,,,,,,,,,,,,,,,,,,,,,,,,,,,,,,,,,,,
14181,2019,5,28,16,45,15.5,39,0,39,2.4000000000000004,,,,,,,,,,,,,,,,,,,,,,,,,,,,,,,,,,,,
14182,2019,5,28,17,0,15.3,75,0,75,2.4000000000000004,,,,,,,,,,,,,,,,,,,,,,,,,,,,,,,,,,,,
14183,2019,5,28,17,15,15.100000000000001,139,4,140,2.3000000000000003,,,,,,,,,,,,,,,,,,,,,,,,,,,,,,,,,,,,
14184,2019,5,28,17,30,14.9,36,0,36,2.2,,,,,,,,,,,,,,,,,,,,,,,,,,,,,,,,,,,,
14185,2019,5,28,17,45,14.600000000000001,29,0,29,2,,,,,,,,,,,,,,,,,,,,,,,,,,,,,,,,,,,,
14186,2019,5,28,18,0,14.4,37,0,37,1.9000000000000001,,,,,,,,,,,,,,,,,,,,,,,,,,,,,,,,,,,,
14187,2019,5,28,18,15,14.100000000000001,16,0,16,1.8,,,,,,,,,,,,,,,,,,,,,,,,,,,,,,,,,,,,
14188,2019,5,28,18,30,13.700000000000001,13,0,13,1.7000000000000002,,,,,,,,,,,,,,,,,,,,,,,,,,,,,,,,,,,,
14189,2019,5,28,18,45,13.4,11,0,11,1.7000000000000002,,,,,,,,,,,,,,,,,,,,,,,,,,,,,,,,,,,,
14190,2019,5,28,19,0,13.100000000000001,8,0,8,1.6,,,,,,,,,,,,,,,,,,,,,,,,,,,,,,,,,,,,
14191,2019,5,28,19,15,12.8,6,0,6,1.6,,,,,,,,,,,,,,,,,,,,,,,,,,,,,,,,,,,,
14192,2019,5,28,19,30,12.5,5,0,5,1.6,,,,,,,,,,,,,,,,,,,,,,,,,,,,,,,,,,,,
14193,2019,5,28,19,45,12.200000000000001,3,0,3,1.7000000000000002,,,,,,,,,,,,,,,,,,,,,,,,,,,,,,,,,,,,
14194,2019,5,28,20,0,12,2,0,2,1.7000000000000002,,,,,,,,,,,,,,,,,,,,,,,,,,,,,,,,,,,,
14195,2019,5,28,20,15,11.8,0,0,0,1.8,,,,,,,,,,,,,,,,,,,,,,,,,,,,,,,,,,,,
14196,2019,5,28,20,30,11.700000000000001,0,0,0,1.9000000000000001,,,,,,,,,,,,,,,,,,,,,,,,,,,,,,,,,,,,
14197,2019,5,28,20,45,11.600000000000001,0,0,0,1.9000000000000001,,,,,,,,,,,,,,,,,,,,,,,,,,,,,,,,,,,,
14198,2019,5,28,21,0,11.5,0,0,0,2,,,,,,,,,,,,,,,,,,,,,,,,,,,,,,,,,,,,
14199,2019,5,28,21,15,11.3,0,0,0,2.1,,,,,,,,,,,,,,,,,,,,,,,,,,,,,,,,,,,,
14200,2019,5,28,21,30,11.200000000000001,0,0,0,2.1,,,,,,,,,,,,,,,,,,,,,,,,,,,,,,,,,,,,
14201,2019,5,28,21,45,11.100000000000001,0,0,0,2.2,,,,,,,,,,,,,,,,,,,,,,,,,,,,,,,,,,,,
14202,2019,5,28,22,0,10.9,0,0,0,2.3000000000000003,,,,,,,,,,,,,,,,,,,,,,,,,,,,,,,,,,,,
14203,2019,5,28,22,15,10.8,0,0,0,2.3000000000000003,,,,,,,,,,,,,,,,,,,,,,,,,,,,,,,,,,,,
14204,2019,5,28,22,30,10.600000000000001,0,0,0,2.3000000000000003,,,,,,,,,,,,,,,,,,,,,,,,,,,,,,,,,,,,
14205,2019,5,28,22,45,10.5,0,0,0,2.3000000000000003,,,,,,,,,,,,,,,,,,,,,,,,,,,,,,,,,,,,
14206,2019,5,28,23,0,10.4,0,0,0,2.4000000000000004,,,,,,,,,,,,,,,,,,,,,,,,,,,,,,,,,,,,
14207,2019,5,28,23,15,10.200000000000001,0,0,0,2.4000000000000004,,,,,,,,,,,,,,,,,,,,,,,,,,,,,,,,,,,,
14208,2019,5,28,23,30,10.100000000000001,0,0,0,2.3000000000000003,,,,,,,,,,,,,,,,,,,,,,,,,,,,,,,,,,,,
14209,2019,5,28,23,45,9.9,0,0,0,2.3000000000000003,,,,,,,,,,,,,,,,,,,,,,,,,,,,,,,,,,,,
14210,2019,5,29,0,0,9.8,0,0,0,2.3000000000000003,,,,,,,,,,,,,,,,,,,,,,,,,,,,,,,,,,,,
14211,2019,5,29,0,15,9.8,0,0,0,2.3000000000000003,,,,,,,,,,,,,,,,,,,,,,,,,,,,,,,,,,,,
14212,2019,5,29,0,30,9.8,0,0,0,2.3000000000000003,,,,,,,,,,,,,,,,,,,,,,,,,,,,,,,,,,,,
14213,2019,5,29,0,45,9.8,0,0,0,2.3000000000000003,,,,,,,,,,,,,,,,,,,,,,,,,,,,,,,,,,,,
14214,2019,5,29,1,0,9.3,0,0,0,2.3000000000000003,,,,,,,,,,,,,,,,,,,,,,,,,,,,,,,,,,,,
14215,2019,5,29,1,15,9.200000000000001,0,0,0,2.3000000000000003,,,,,,,,,,,,,,,,,,,,,,,,,,,,,,,,,,,,
14216,2019,5,29,1,30,9,0,0,0,2.2,,,,,,,,,,,,,,,,,,,,,,,,,,,,,,,,,,,,
14217,2019,5,29,1,45,8.9,0,0,0,2.2,,,,,,,,,,,,,,,,,,,,,,,,,,,,,,,,,,,,
14218,2019,5,29,2,0,8.8,0,0,0,2.2,,,,,,,,,,,,,,,,,,,,,,,,,,,,,,,,,,,,
14219,2019,5,29,2,15,8.6,0,0,0,2.2,,,,,,,,,,,,,,,,,,,,,,,,,,,,,,,,,,,,
14220,2019,5,29,2,30,8.5,0,0,0,2.2,,,,,,,,,,,,,,,,,,,,,,,,,,,,,,,,,,,,
14221,2019,5,29,2,45,8.3,0,0,0,2.2,,,,,,,,,,,,,,,,,,,,,,,,,,,,,,,,,,,,
14222,2019,5,29,3,0,8.1,0,0,0,2.1,,,,,,,,,,,,,,,,,,,,,,,,,,,,,,,,,,,,
14223,2019,5,29,3,15,8,0,0,0,2.2,,,,,,,,,,,,,,,,,,,,,,,,,,,,,,,,,,,,
14224,2019,5,29,3,30,7.800000000000001,0,0,0,2.2,,,,,,,,,,,,,,,,,,,,,,,,,,,,,,,,,,,,
14225,2019,5,29,3,45,7.6000000000000005,0,0,0,2.2,,,,,,,,,,,,,,,,,,,,,,,,,,,,,,,,,,,,
14226,2019,5,29,4,0,7.5,0,0,0,2.3000000000000003,,,,,,,,,,,,,,,,,,,,,,,,,,,,,,,,,,,,
14227,2019,5,29,4,15,7.5,0,0,0,2.4000000000000004,,,,,,,,,,,,,,,,,,,,,,,,,,,,,,,,,,,,
14228,2019,5,29,4,30,7.5,8,0,8,2.5,,,,,,,,,,,,,,,,,,,,,,,,,,,,,,,,,,,,
14229,2019,5,29,4,45,7.5,13,0,13,2.6,,,,,,,,,,,,,,,,,,,,,,,,,,,,,,,,,,,,
14230,2019,5,29,5,0,7.5,18,0,18,2.7,,,,,,,,,,,,,,,,,,,,,,,,,,,,,,,,,,,,
14231,2019,5,29,5,15,7.7,7,0,7,2.8000000000000003,,,,,,,,,,,,,,,,,,,,,,,,,,,,,,,,,,,,
14232,2019,5,29,5,30,7.9,29,0,29,2.9000000000000004,,,,,,,,,,,,,,,,,,,,,,,,,,,,,,,,,,,,
14233,2019,5,29,5,45,8.1,12,0,12,2.9000000000000004,,,,,,,,,,,,,,,,,,,,,,,,,,,,,,,,,,,,
14234,2019,5,29,6,0,8.3,15,0,15,3,,,,,,,,,,,,,,,,,,,,,,,,,,,,,,,,,,,,
14235,2019,5,29,6,15,8.700000000000001,18,0,18,3,,,,,,,,,,,,,,,,,,,,,,,,,,,,,,,,,,,,
14236,2019,5,29,6,30,9.1,21,0,21,3.1,,,,,,,,,,,,,,,,,,,,,,,,,,,,,,,,,,,,
14237,2019,5,29,6,45,9.5,49,0,49,3.1,,,,,,,,,,,,,,,,,,,,,,,,,,,,,,,,,,,,
14238,2019,5,29,7,0,9.9,124,0,124,3.1,,,,,,,,,,,,,,,,,,,,,,,,,,,,,,,,,,,,
14239,2019,5,29,7,15,10.3,173,45,193,3.1,,,,,,,,,,,,,,,,,,,,,,,,,,,,,,,,,,,,
14240,2019,5,29,7,30,10.700000000000001,192,53,217,3,,,,,,,,,,,,,,,,,,,,,,,,,,,,,,,,,,,,
14241,2019,5,29,7,45,11.200000000000001,205,296,359,2.9000000000000004,,,,,,,,,,,,,,,,,,,,,,,,,,,,,,,,,,,,
14242,2019,5,29,8,0,11.600000000000001,200,400,421,2.9000000000000004,,,,,,,,,,,,,,,,,,,,,,,,,,,,,,,,,,,,
14243,2019,5,29,8,15,12,217,397,450,2.9000000000000004,,,,,,,,,,,,,,,,,,,,,,,,,,,,,,,,,,,,
14244,2019,5,29,8,30,12.4,230,410,483,2.8000000000000003,,,,,,,,,,,,,,,,,,,,,,,,,,,,,,,,,,,,
14245,2019,5,29,8,45,12.8,92,873,657,2.8000000000000003,,,,,,,,,,,,,,,,,,,,,,,,,,,,,,,,,,,,
14246,2019,5,29,9,0,13.200000000000001,94,883,691,2.8000000000000003,,,,,,,,,,,,,,,,,,,,,,,,,,,,,,,,,,,,
14247,2019,5,29,9,15,13.5,96,893,723,2.7,,,,,,,,,,,,,,,,,,,,,,,,,,,,,,,,,,,,
14248,2019,5,29,9,30,13.8,97,901,753,2.7,,,,,,,,,,,,,,,,,,,,,,,,,,,,,,,,,,,,
14249,2019,5,29,9,45,14.100000000000001,96,915,783,2.7,,,,,,,,,,,,,,,,,,,,,,,,,,,,,,,,,,,,
14250,2019,5,29,10,0,14.4,97,921,808,2.7,,,,,,,,,,,,,,,,,,,,,,,,,,,,,,,,,,,,
14251,2019,5,29,10,15,14.700000000000001,343,352,622,2.7,,,,,,,,,,,,,,,,,,,,,,,,,,,,,,,,,,,,
14252,2019,5,29,10,30,14.9,367,306,614,2.7,,,,,,,,,,,,,,,,,,,,,,,,,,,,,,,,,,,,
14253,2019,5,29,10,45,15.200000000000001,397,203,564,2.7,,,,,,,,,,,,,,,,,,,,,,,,,,,,,,,,,,,,
14254,2019,5,29,11,0,15.4,399,242,601,2.7,,,,,,,,,,,,,,,,,,,,,,,,,,,,,,,,,,,,
14255,2019,5,29,11,15,15.600000000000001,407,233,604,2.8000000000000003,,,,,,,,,,,,,,,,,,,,,,,,,,,,,,,,,,,,
14256,2019,5,29,11,30,15.8,343,427,708,2.8000000000000003,,,,,,,,,,,,,,,,,,,,,,,,,,,,,,,,,,,,
14257,2019,5,29,11,45,16,397,308,662,2.8000000000000003,,,,,,,,,,,,,,,,,,,,,,,,,,,,,,,,,,,,
14258,2019,5,29,12,0,16.2,414,248,628,2.8000000000000003,,,,,,,,,,,,,,,,,,,,,,,,,,,,,,,,,,,,
14259,2019,5,29,12,15,16.3,407,281,650,2.9000000000000004,,,,,,,,,,,,,,,,,,,,,,,,,,,,,,,,,,,,
14260,2019,5,29,12,30,16.400000000000002,416,235,619,2.9000000000000004,,,,,,,,,,,,,,,,,,,,,,,,,,,,,,,,,,,,
14261,2019,5,29,12,45,16.5,414,232,613,2.9000000000000004,,,,,,,,,,,,,,,,,,,,,,,,,,,,,,,,,,,,
14262,2019,5,29,13,0,16.6,416,167,558,2.9000000000000004,,,,,,,,,,,,,,,,,,,,,,,,,,,,,,,,,,,,
14263,2019,5,29,13,15,16.6,391,290,635,2.9000000000000004,,,,,,,,,,,,,,,,,,,,,,,,,,,,,,,,,,,,
14264,2019,5,29,13,30,16.6,394,246,598,2.9000000000000004,,,,,,,,,,,,,,,,,,,,,,,,,,,,,,,,,,,,
14265,2019,5,29,13,45,16.6,394,151,518,2.9000000000000004,,,,,,,,,,,,,,,,,,,,,,,,,,,,,,,,,,,,
14266,2019,5,29,14,0,16.6,383,194,539,2.9000000000000004,,,,,,,,,,,,,,,,,,,,,,,,,,,,,,,,,,,,
14267,2019,5,29,14,15,16.6,374,152,493,2.9000000000000004,,,,,,,,,,,,,,,,,,,,,,,,,,,,,,,,,,,,
14268,2019,5,29,14,30,16.5,359,198,511,2.9000000000000004,,,,,,,,,,,,,,,,,,,,,,,,,,,,,,,,,,,,
14269,2019,5,29,14,45,16.5,345,118,432,2.8000000000000003,,,,,,,,,,,,,,,,,,,,,,,,,,,,,,,,,,,,
14270,2019,5,29,15,0,16.400000000000002,105,878,734,2.8000000000000003,,,,,,,,,,,,,,,,,,,,,,,,,,,,,,,,,,,,
14271,2019,5,29,15,15,16.3,104,868,703,2.7,,,,,,,,,,,,,,,,,,,,,,,,,,,,,,,,,,,,
14272,2019,5,29,15,30,16.2,102,858,670,2.7,,,,,,,,,,,,,,,,,,,,,,,,,,,,,,,,,,,,
14273,2019,5,29,15,45,16.1,99,847,635,2.6,,,,,,,,,,,,,,,,,,,,,,,,,,,,,,,,,,,,
14274,2019,5,29,16,0,16,97,834,599,2.6,,,,,,,,,,,,,,,,,,,,,,,,,,,,,,,,,,,,
14275,2019,5,29,16,15,15.9,94,819,561,2.5,,,,,,,,,,,,,,,,,,,,,,,,,,,,,,,,,,,,
14276,2019,5,29,16,30,15.8,91,803,522,2.5,,,,,,,,,,,,,,,,,,,,,,,,,,,,,,,,,,,,
14277,2019,5,29,16,45,15.700000000000001,88,785,482,2.4000000000000004,,,,,,,,,,,,,,,,,,,,,,,,,,,,,,,,,,,,
14278,2019,5,29,17,0,15.5,85,764,442,2.3000000000000003,,,,,,,,,,,,,,,,,,,,,,,,,,,,,,,,,,,,
14279,2019,5,29,17,15,15.3,82,741,401,2.1,,,,,,,,,,,,,,,,,,,,,,,,,,,,,,,,,,,,
14280,2019,5,29,17,30,15.100000000000001,78,715,359,2,,,,,,,,,,,,,,,,,,,,,,,,,,,,,,,,,,,,
14281,2019,5,29,17,45,14.9,73,688,319,1.8,,,,,,,,,,,,,,,,,,,,,,,,,,,,,,,,,,,,
14282,2019,5,29,18,0,14.700000000000001,69,654,278,1.7000000000000002,,,,,,,,,,,,,,,,,,,,,,,,,,,,,,,,,,,,
14283,2019,5,29,18,15,14.200000000000001,64,616,238,1.4000000000000001,,,,,,,,,,,,,,,,,,,,,,,,,,,,,,,,,,,,
14284,2019,5,29,18,30,13.700000000000001,59,576,200,1.2000000000000002,,,,,,,,,,,,,,,,,,,,,,,,,,,,,,,,,,,,
14285,2019,5,29,18,45,13.200000000000001,53,528,162,1,,,,,,,,,,,,,,,,,,,,,,,,,,,,,,,,,,,,
14286,2019,5,29,19,0,12.700000000000001,47,469,127,0.7000000000000001,,,,,,,,,,,,,,,,,,,,,,,,,,,,,,,,,,,,
14287,2019,5,29,19,15,12.3,40,400,93,0.7000000000000001,,,,,,,,,,,,,,,,,,,,,,,,,,,,,,,,,,,,
14288,2019,5,29,19,30,12,32,320,63,0.7000000000000001,,,,,,,,,,,,,,,,,,,,,,,,,,,,,,,,,,,,
14289,2019,5,29,19,45,11.600000000000001,23,229,38,0.7000000000000001,,,,,,,,,,,,,,,,,,,,,,,,,,,,,,,,,,,,
14290,2019,5,29,20,0,11.3,14,126,18,0.7000000000000001,,,,,,,,,,,,,,,,,,,,,,,,,,,,,,,,,,,,
14291,2019,5,29,20,15,11.200000000000001,0,0,0,0.7000000000000001,,,,,,,,,,,,,,,,,,,,,,,,,,,,,,,,,,,,
14292,2019,5,29,20,30,11.100000000000001,0,0,0,0.6000000000000001,,,,,,,,,,,,,,,,,,,,,,,,,,,,,,,,,,,,
14293,2019,5,29,20,45,11,0,0,0,0.5,,,,,,,,,,,,,,,,,,,,,,,,,,,,,,,,,,,,
14294,2019,5,29,21,0,10.9,0,0,0,0.5,,,,,,,,,,,,,,,,,,,,,,,,,,,,,,,,,,,,
14295,2019,5,29,21,15,10.8,0,0,0,0.5,,,,,,,,,,,,,,,,,,,,,,,,,,,,,,,,,,,,
14296,2019,5,29,21,30,10.8,0,0,0,0.5,,,,,,,,,,,,,,,,,,,,,,,,,,,,,,,,,,,,
14297,2019,5,29,21,45,10.700000000000001,0,0,0,0.5,,,,,,,,,,,,,,,,,,,,,,,,,,,,,,,,,,,,
14298,2019,5,29,22,0,10.700000000000001,0,0,0,0.5,,,,,,,,,,,,,,,,,,,,,,,,,,,,,,,,,,,,
14299,2019,5,29,22,15,10.5,0,0,0,0.5,,,,,,,,,,,,,,,,,,,,,,,,,,,,,,,,,,,,
14300,2019,5,29,22,30,10.200000000000001,0,0,0,0.6000000000000001,,,,,,,,,,,,,,,,,,,,,,,,,,,,,,,,,,,,
14301,2019,5,29,22,45,10,0,0,0,0.6000000000000001,,,,,,,,,,,,,,,,,,,,,,,,,,,,,,,,,,,,
14302,2019,5,29,23,0,9.8,0,0,0,0.6000000000000001,,,,,,,,,,,,,,,,,,,,,,,,,,,,,,,,,,,,
14303,2019,5,29,23,15,9.5,0,0,0,0.7000000000000001,,,,,,,,,,,,,,,,,,,,,,,,,,,,,,,,,,,,
14304,2019,5,29,23,30,9.200000000000001,0,0,0,0.8,,,,,,,,,,,,,,,,,,,,,,,,,,,,,,,,,,,,
14305,2019,5,29,23,45,8.9,0,0,0,0.8,,,,,,,,,,,,,,,,,,,,,,,,,,,,,,,,,,,,
14306,2019,5,30,0,0,8.6,0,0,0,0.9,,,,,,,,,,,,,,,,,,,,,,,,,,,,,,,,,,,,
14307,2019,5,30,0,15,8.6,0,0,0,0.9,,,,,,,,,,,,,,,,,,,,,,,,,,,,,,,,,,,,
14308,2019,5,30,0,30,8.6,0,0,0,0.9,,,,,,,,,,,,,,,,,,,,,,,,,,,,,,,,,,,,
14309,2019,5,30,0,45,8.6,0,0,0,0.9,,,,,,,,,,,,,,,,,,,,,,,,,,,,,,,,,,,,
14310,2019,5,30,1,0,7.4,0,0,0,1.2000000000000002,,,,,,,,,,,,,,,,,,,,,,,,,,,,,,,,,,,,
14311,2019,5,30,1,15,7.1000000000000005,0,0,0,1.2000000000000002,,,,,,,,,,,,,,,,,,,,,,,,,,,,,,,,,,,,
14312,2019,5,30,1,30,6.9,0,0,0,1.3,,,,,,,,,,,,,,,,,,,,,,,,,,,,,,,,,,,,
14313,2019,5,30,1,45,6.6000000000000005,0,0,0,1.3,,,,,,,,,,,,,,,,,,,,,,,,,,,,,,,,,,,,
14314,2019,5,30,2,0,6.4,0,0,0,1.3,,,,,,,,,,,,,,,,,,,,,,,,,,,,,,,,,,,,
14315,2019,5,30,2,15,6.2,0,0,0,1.4000000000000001,,,,,,,,,,,,,,,,,,,,,,,,,,,,,,,,,,,,
14316,2019,5,30,2,30,6.1000000000000005,0,0,0,1.4000000000000001,,,,,,,,,,,,,,,,,,,,,,,,,,,,,,,,,,,,
14317,2019,5,30,2,45,5.9,0,0,0,1.5,,,,,,,,,,,,,,,,,,,,,,,,,,,,,,,,,,,,
14318,2019,5,30,3,0,5.800000000000001,0,0,0,1.5,,,,,,,,,,,,,,,,,,,,,,,,,,,,,,,,,,,,
14319,2019,5,30,3,15,5.800000000000001,0,0,0,1.6,,,,,,,,,,,,,,,,,,,,,,,,,,,,,,,,,,,,
14320,2019,5,30,3,30,5.800000000000001,0,0,0,1.6,,,,,,,,,,,,,,,,,,,,,,,,,,,,,,,,,,,,
14321,2019,5,30,3,45,5.9,0,0,0,1.7000000000000002,,,,,,,,,,,,,,,,,,,,,,,,,,,,,,,,,,,,
14322,2019,5,30,4,0,5.9,0,0,0,1.7000000000000002,,,,,,,,,,,,,,,,,,,,,,,,,,,,,,,,,,,,
14323,2019,5,30,4,15,6.5,10,63,11,2,,,,,,,,,,,,,,,,,,,,,,,,,,,,,,,,,,,,
14324,2019,5,30,4,30,7.1000000000000005,19,157,27,2.3000000000000003,,,,,,,,,,,,,,,,,,,,,,,,,,,,,,,,,,,,
14325,2019,5,30,4,45,7.6000000000000005,29,247,49,2.5,,,,,,,,,,,,,,,,,,,,,,,,,,,,,,,,,,,,
14326,2019,5,30,5,0,8.200000000000001,38,332,77,2.8000000000000003,,,,,,,,,,,,,,,,,,,,,,,,,,,,,,,,,,,,
14327,2019,5,30,5,15,8.700000000000001,46,406,108,2.9000000000000004,,,,,,,,,,,,,,,,,,,,,,,,,,,,,,,,,,,,
14328,2019,5,30,5,30,9.200000000000001,30,0,30,3,,,,,,,,,,,,,,,,,,,,,,,,,,,,,,,,,,,,
14329,2019,5,30,5,45,9.700000000000001,39,0,39,3.1,,,,,,,,,,,,,,,,,,,,,,,,,,,,,,,,,,,,
14330,2019,5,30,6,0,10.200000000000001,48,0,48,3.2,,,,,,,,,,,,,,,,,,,,,,,,,,,,,,,,,,,,
14331,2019,5,30,6,15,11,72,0,72,3.3000000000000003,,,,,,,,,,,,,,,,,,,,,,,,,,,,,,,,,,,,
14332,2019,5,30,6,30,11.700000000000001,127,47,143,3.5,,,,,,,,,,,,,,,,,,,,,,,,,,,,,,,,,,,,
14333,2019,5,30,6,45,12.5,119,398,269,3.6,,,,,,,,,,,,,,,,,,,,,,,,,,,,,,,,,,,,
14334,2019,5,30,7,0,13.3,165,193,244,3.7,,,,,,,,,,,,,,,,,,,,,,,,,,,,,,,,,,,,
14335,2019,5,30,7,15,14,177,251,289,3.8000000000000003,,,,,,,,,,,,,,,,,,,,,,,,,,,,,,,,,,,,
14336,2019,5,30,7,30,14.700000000000001,190,283,327,3.9000000000000004,,,,,,,,,,,,,,,,,,,,,,,,,,,,,,,,,,,,
14337,2019,5,30,7,45,15.4,93,778,497,4.1000000000000005,,,,,,,,,,,,,,,,,,,,,,,,,,,,,,,,,,,,
14338,2019,5,30,8,0,16.1,96,793,535,4.2,,,,,,,,,,,,,,,,,,,,,,,,,,,,,,,,,,,,
14339,2019,5,30,8,15,16.5,99,809,573,4.2,,,,,,,,,,,,,,,,,,,,,,,,,,,,,,,,,,,,
14340,2019,5,30,8,30,17,101,820,608,4.2,,,,,,,,,,,,,,,,,,,,,,,,,,,,,,,,,,,,
14341,2019,5,30,8,45,17.400000000000002,103,834,643,4.2,,,,,,,,,,,,,,,,,,,,,,,,,,,,,,,,,,,,
14342,2019,5,30,9,0,17.900000000000002,105,842,675,4.2,,,,,,,,,,,,,,,,,,,,,,,,,,,,,,,,,,,,
14343,2019,5,30,9,15,18.2,107,852,707,4.3,,,,,,,,,,,,,,,,,,,,,,,,,,,,,,,,,,,,
14344,2019,5,30,9,30,18.5,109,858,735,4.3,,,,,,,,,,,,,,,,,,,,,,,,,,,,,,,,,,,,
14345,2019,5,30,9,45,18.8,115,858,761,4.3,,,,,,,,,,,,,,,,,,,,,,,,,,,,,,,,,,,,
14346,2019,5,30,10,0,19.1,117,862,784,4.3,,,,,,,,,,,,,,,,,,,,,,,,,,,,,,,,,,,,
14347,2019,5,30,10,15,19.3,118,866,805,4.4,,,,,,,,,,,,,,,,,,,,,,,,,,,,,,,,,,,,
14348,2019,5,30,10,30,19.5,119,871,825,4.4,,,,,,,,,,,,,,,,,,,,,,,,,,,,,,,,,,,,
14349,2019,5,30,10,45,19.700000000000003,123,869,840,4.4,,,,,,,,,,,,,,,,,,,,,,,,,,,,,,,,,,,,
14350,2019,5,30,11,0,19.8,124,872,855,4.4,,,,,,,,,,,,,,,,,,,,,,,,,,,,,,,,,,,,
14351,2019,5,30,11,15,19.900000000000002,124,873,865,4.5,,,,,,,,,,,,,,,,,,,,,,,,,,,,,,,,,,,,
14352,2019,5,30,11,30,20.1,382,346,679,4.5,,,,,,,,,,,,,,,,,,,,,,,,,,,,,,,,,,,,
14353,2019,5,30,11,45,20.200000000000003,416,231,615,4.5,,,,,,,,,,,,,,,,,,,,,,,,,,,,,,,,,,,,
14354,2019,5,30,12,0,20.3,404,292,657,4.5,,,,,,,,,,,,,,,,,,,,,,,,,,,,,,,,,,,,
14355,2019,5,30,12,15,20.3,424,182,581,4.5,,,,,,,,,,,,,,,,,,,,,,,,,,,,,,,,,,,,
14356,2019,5,30,12,30,20.3,356,408,709,4.5,,,,,,,,,,,,,,,,,,,,,,,,,,,,,,,,,,,,
14357,2019,5,30,12,45,20.3,420,191,584,4.4,,,,,,,,,,,,,,,,,,,,,,,,,,,,,,,,,,,,
14358,2019,5,30,13,0,20.3,417,156,550,4.4,,,,,,,,,,,,,,,,,,,,,,,,,,,,,,,,,,,,
14359,2019,5,30,13,15,20.200000000000003,384,318,652,4.4,,,,,,,,,,,,,,,,,,,,,,,,,,,,,,,,,,,,
14360,2019,5,30,13,30,20.1,402,132,512,4.4,,,,,,,,,,,,,,,,,,,,,,,,,,,,,,,,,,,,
14361,2019,5,30,13,45,20.1,376,78,440,4.3,,,,,,,,,,,,,,,,,,,,,,,,,,,,,,,,,,,,
14362,2019,5,30,14,0,20,225,10,233,4.3,,,,,,,,,,,,,,,,,,,,,,,,,,,,,,,,,,,,
14363,2019,5,30,14,15,19.900000000000002,238,12,247,4.3,,,,,,,,,,,,,,,,,,,,,,,,,,,,,,,,,,,,
14364,2019,5,30,14,30,19.900000000000002,241,13,251,4.2,,,,,,,,,,,,,,,,,,,,,,,,,,,,,,,,,,,,
14365,2019,5,30,14,45,19.8,251,16,263,4.2,,,,,,,,,,,,,,,,,,,,,,,,,,,,,,,,,,,,
14366,2019,5,30,15,0,19.8,233,13,242,4.1000000000000005,,,,,,,,,,,,,,,,,,,,,,,,,,,,,,,,,,,,
14367,2019,5,30,15,15,19.700000000000003,303,72,352,4.1000000000000005,,,,,,,,,,,,,,,,,,,,,,,,,,,,,,,,,,,,
14368,2019,5,30,15,30,19.700000000000003,147,0,147,4,,,,,,,,,,,,,,,,,,,,,,,,,,,,,,,,,,,,
14369,2019,5,30,15,45,19.6,53,0,53,3.9000000000000004,,,,,,,,,,,,,,,,,,,,,,,,,,,,,,,,,,,,
14370,2019,5,30,16,0,19.6,53,0,53,3.9000000000000004,,,,,,,,,,,,,,,,,,,,,,,,,,,,,,,,,,,,
14371,2019,5,30,16,15,19.5,84,0,84,3.8000000000000003,,,,,,,,,,,,,,,,,,,,,,,,,,,,,,,,,,,,
14372,2019,5,30,16,30,19.400000000000002,108,0,108,3.7,,,,,,,,,,,,,,,,,,,,,,,,,,,,,,,,,,,,
14373,2019,5,30,16,45,19.400000000000002,205,64,237,3.6,,,,,,,,,,,,,,,,,,,,,,,,,,,,,,,,,,,,
14374,2019,5,30,17,0,19.3,126,0,126,3.5,,,,,,,,,,,,,,,,,,,,,,,,,,,,,,,,,,,,
14375,2019,5,30,17,15,19.1,123,0,123,3.2,,,,,,,,,,,,,,,,,,,,,,,,,,,,,,,,,,,,
14376,2019,5,30,17,30,18.900000000000002,117,0,117,3,,,,,,,,,,,,,,,,,,,,,,,,,,,,,,,,,,,,
14377,2019,5,30,17,45,18.7,135,233,218,2.8000000000000003,,,,,,,,,,,,,,,,,,,,,,,,,,,,,,,,,,,,
14378,2019,5,30,18,0,18.5,117,238,194,2.5,,,,,,,,,,,,,,,,,,,,,,,,,,,,,,,,,,,,
14379,2019,5,30,18,15,18,95,298,179,2.2,,,,,,,,,,,,,,,,,,,,,,,,,,,,,,,,,,,,
14380,2019,5,30,18,30,17.400000000000002,82,269,149,1.9000000000000001,,,,,,,,,,,,,,,,,,,,,,,,,,,,,,,,,,,,
14381,2019,5,30,18,45,16.900000000000002,70,238,120,1.7000000000000002,,,,,,,,,,,,,,,,,,,,,,,,,,,,,,,,,,,,
14382,2019,5,30,19,0,16.400000000000002,58,201,92,1.4000000000000001,,,,,,,,,,,,,,,,,,,,,,,,,,,,,,,,,,,,
14383,2019,5,30,19,15,16,45,161,67,1.4000000000000001,,,,,,,,,,,,,,,,,,,,,,,,,,,,,,,,,,,,
14384,2019,5,30,19,30,15.600000000000001,34,115,45,1.3,,,,,,,,,,,,,,,,,,,,,,,,,,,,,,,,,,,,
14385,2019,5,30,19,45,15.100000000000001,18,0,18,1.3,,,,,,,,,,,,,,,,,,,,,,,,,,,,,,,,,,,,
14386,2019,5,30,20,0,14.700000000000001,11,16,11,1.3,,,,,,,,,,,,,,,,,,,,,,,,,,,,,,,,,,,,
14387,2019,5,30,20,15,14.5,0,0,0,1.3,,,,,,,,,,,,,,,,,,,,,,,,,,,,,,,,,,,,
14388,2019,5,30,20,30,14.4,0,0,0,1.4000000000000001,,,,,,,,,,,,,,,,,,,,,,,,,,,,,,,,,,,,
14389,2019,5,30,20,45,14.200000000000001,0,0,0,1.4000000000000001,,,,,,,,,,,,,,,,,,,,,,,,,,,,,,,,,,,,
14390,2019,5,30,21,0,14.100000000000001,0,0,0,1.5,,,,,,,,,,,,,,,,,,,,,,,,,,,,,,,,,,,,
14391,2019,5,30,21,15,14,0,0,0,1.5,,,,,,,,,,,,,,,,,,,,,,,,,,,,,,,,,,,,
14392,2019,5,30,21,30,13.9,0,0,0,1.5,,,,,,,,,,,,,,,,,,,,,,,,,,,,,,,,,,,,
14393,2019,5,30,21,45,13.8,0,0,0,1.5,,,,,,,,,,,,,,,,,,,,,,,,,,,,,,,,,,,,
14394,2019,5,30,22,0,13.700000000000001,0,0,0,1.6,,,,,,,,,,,,,,,,,,,,,,,,,,,,,,,,,,,,
14395,2019,5,30,22,15,13.700000000000001,0,0,0,1.6,,,,,,,,,,,,,,,,,,,,,,,,,,,,,,,,,,,,
14396,2019,5,30,22,30,13.600000000000001,0,0,0,1.6,,,,,,,,,,,,,,,,,,,,,,,,,,,,,,,,,,,,
14397,2019,5,30,22,45,13.5,0,0,0,1.6,,,,,,,,,,,,,,,,,,,,,,,,,,,,,,,,,,,,
14398,2019,5,30,23,0,13.5,0,0,0,1.6,,,,,,,,,,,,,,,,,,,,,,,,,,,,,,,,,,,,
14399,2019,5,30,23,15,13.4,0,0,0,1.6,,,,,,,,,,,,,,,,,,,,,,,,,,,,,,,,,,,,
14400,2019,5,30,23,30,13.3,0,0,0,1.6,,,,,,,,,,,,,,,,,,,,,,,,,,,,,,,,,,,,
14401,2019,5,30,23,45,13.200000000000001,0,0,0,1.6,,,,,,,,,,,,,,,,,,,,,,,,,,,,,,,,,,,,
14402,2019,5,31,0,0,13.100000000000001,0,0,0,1.6,,,,,,,,,,,,,,,,,,,,,,,,,,,,,,,,,,,,
14403,2019,5,31,0,15,13.100000000000001,0,0,0,1.6,,,,,,,,,,,,,,,,,,,,,,,,,,,,,,,,,,,,
14404,2019,5,31,0,30,13.100000000000001,0,0,0,1.6,,,,,,,,,,,,,,,,,,,,,,,,,,,,,,,,,,,,
14405,2019,5,31,0,45,13.100000000000001,0,0,0,1.6,,,,,,,,,,,,,,,,,,,,,,,,,,,,,,,,,,,,
14406,2019,5,31,1,0,12.8,0,0,0,1.7000000000000002,,,,,,,,,,,,,,,,,,,,,,,,,,,,,,,,,,,,
14407,2019,5,31,1,15,12.700000000000001,0,0,0,1.6,,,,,,,,,,,,,,,,,,,,,,,,,,,,,,,,,,,,
14408,2019,5,31,1,30,12.700000000000001,0,0,0,1.6,,,,,,,,,,,,,,,,,,,,,,,,,,,,,,,,,,,,
14409,2019,5,31,1,45,12.700000000000001,0,0,0,1.6,,,,,,,,,,,,,,,,,,,,,,,,,,,,,,,,,,,,
14410,2019,5,31,2,0,12.600000000000001,0,0,0,1.6,,,,,,,,,,,,,,,,,,,,,,,,,,,,,,,,,,,,
14411,2019,5,31,2,15,12.600000000000001,0,0,0,1.6,,,,,,,,,,,,,,,,,,,,,,,,,,,,,,,,,,,,
14412,2019,5,31,2,30,12.5,0,0,0,1.6,,,,,,,,,,,,,,,,,,,,,,,,,,,,,,,,,,,,
14413,2019,5,31,2,45,12.4,0,0,0,1.6,,,,,,,,,,,,,,,,,,,,,,,,,,,,,,,,,,,,
14414,2019,5,31,3,0,12.4,0,0,0,1.6,,,,,,,,,,,,,,,,,,,,,,,,,,,,,,,,,,,,
14415,2019,5,31,3,15,12.4,0,0,0,1.6,,,,,,,,,,,,,,,,,,,,,,,,,,,,,,,,,,,,
14416,2019,5,31,3,30,12.4,0,0,0,1.6,,,,,,,,,,,,,,,,,,,,,,,,,,,,,,,,,,,,
14417,2019,5,31,3,45,12.4,0,0,0,1.7000000000000002,,,,,,,,,,,,,,,,,,,,,,,,,,,,,,,,,,,,
14418,2019,5,31,4,0,12.4,0,0,0,1.7000000000000002,,,,,,,,,,,,,,,,,,,,,,,,,,,,,,,,,,,,
14419,2019,5,31,4,15,12.8,9,32,9,1.9000000000000001,,,,,,,,,,,,,,,,,,,,,,,,,,,,,,,,,,,,
14420,2019,5,31,4,30,13.3,19,98,24,2.1,,,,,,,,,,,,,,,,,,,,,,,,,,,,,,,,,,,,
14421,2019,5,31,4,45,13.700000000000001,29,178,44,2.3000000000000003,,,,,,,,,,,,,,,,,,,,,,,,,,,,,,,,,,,,
14422,2019,5,31,5,0,14.200000000000001,31,0,31,2.6,,,,,,,,,,,,,,,,,,,,,,,,,,,,,,,,,,,,
14423,2019,5,31,5,15,14.5,45,0,45,2.6,,,,,,,,,,,,,,,,,,,,,,,,,,,,,,,,,,,,
14424,2019,5,31,5,30,14.9,60,0,60,2.7,,,,,,,,,,,,,,,,,,,,,,,,,,,,,,,,,,,,
14425,2019,5,31,5,45,15.3,77,7,78,2.7,,,,,,,,,,,,,,,,,,,,,,,,,,,,,,,,,,,,
14426,2019,5,31,6,0,15.600000000000001,93,20,98,2.7,,,,,,,,,,,,,,,,,,,,,,,,,,,,,,,,,,,,
14427,2019,5,31,6,15,16.2,110,36,121,2.7,,,,,,,,,,,,,,,,,,,,,,,,,,,,,,,,,,,,
14428,2019,5,31,6,30,16.7,127,46,143,2.7,,,,,,,,,,,,,,,,,,,,,,,,,,,,,,,,,,,,
14429,2019,5,31,6,45,17.2,149,90,183,2.7,,,,,,,,,,,,,,,,,,,,,,,,,,,,,,,,,,,,
14430,2019,5,31,7,0,17.7,153,31,166,2.7,,,,,,,,,,,,,,,,,,,,,,,,,,,,,,,,,,,,
14431,2019,5,31,7,15,18.1,102,647,393,2.8000000000000003,,,,,,,,,,,,,,,,,,,,,,,,,,,,,,,,,,,,
14432,2019,5,31,7,30,18.5,205,140,273,2.9000000000000004,,,,,,,,,,,,,,,,,,,,,,,,,,,,,,,,,,,,
14433,2019,5,31,7,45,18.8,205,45,228,3,,,,,,,,,,,,,,,,,,,,,,,,,,,,,,,,,,,,
14434,2019,5,31,8,0,19.200000000000003,158,1,158,3,,,,,,,,,,,,,,,,,,,,,,,,,,,,,,,,,,,,
14435,2019,5,31,8,15,19.3,48,0,48,3.1,,,,,,,,,,,,,,,,,,,,,,,,,,,,,,,,,,,,
14436,2019,5,31,8,30,19.400000000000002,77,0,77,3.1,,,,,,,,,,,,,,,,,,,,,,,,,,,,,,,,,,,,
14437,2019,5,31,8,45,19.5,79,0,79,3.2,,,,,,,,,,,,,,,,,,,,,,,,,,,,,,,,,,,,
14438,2019,5,31,9,0,19.700000000000003,111,0,111,3.2,,,,,,,,,,,,,,,,,,,,,,,,,,,,,,,,,,,,
14439,2019,5,31,9,15,19.700000000000003,158,1,159,3.3000000000000003,,,,,,,,,,,,,,,,,,,,,,,,,,,,,,,,,,,,
14440,2019,5,31,9,30,19.8,131,0,131,3.3000000000000003,,,,,,,,,,,,,,,,,,,,,,,,,,,,,,,,,,,,
14441,2019,5,31,9,45,19.900000000000002,65,0,65,3.3000000000000003,,,,,,,,,,,,,,,,,,,,,,,,,,,,,,,,,,,,
14442,2019,5,31,10,0,20,103,0,103,3.4000000000000004,,,,,,,,,,,,,,,,,,,,,,,,,,,,,,,,,,,,
14443,2019,5,31,10,15,20,141,0,141,3.4000000000000004,,,,,,,,,,,,,,,,,,,,,,,,,,,,,,,,,,,,
14444,2019,5,31,10,30,20.1,288,20,305,3.4000000000000004,,,,,,,,,,,,,,,,,,,,,,,,,,,,,,,,,,,,
14445,2019,5,31,10,45,20.200000000000003,158,3,161,3.4000000000000004,,,,,,,,,,,,,,,,,,,,,,,,,,,,,,,,,,,,
14446,2019,5,31,11,0,20.3,65,0,65,3.4000000000000004,,,,,,,,,,,,,,,,,,,,,,,,,,,,,,,,,,,,
14447,2019,5,31,11,15,20.5,61,0,61,3.4000000000000004,,,,,,,,,,,,,,,,,,,,,,,,,,,,,,,,,,,,
14448,2019,5,31,11,30,20.700000000000003,77,0,77,3.4000000000000004,,,,,,,,,,,,,,,,,,,,,,,,,,,,,,,,,,,,
14449,2019,5,31,11,45,20.8,75,0,75,3.4000000000000004,,,,,,,,,,,,,,,,,,,,,,,,,,,,,,,,,,,,
14450,2019,5,31,12,0,21,76,0,76,3.4000000000000004,,,,,,,,,,,,,,,,,,,,,,,,,,,,,,,,,,,,
14451,2019,5,31,12,15,21.3,107,0,107,3.4000000000000004,,,,,,,,,,,,,,,,,,,,,,,,,,,,,,,,,,,,
14452,2019,5,31,12,30,21.5,159,4,162,3.4000000000000004,,,,,,,,,,,,,,,,,,,,,,,,,,,,,,,,,,,,
14453,2019,5,31,12,45,21.8,94,0,94,3.4000000000000004,,,,,,,,,,,,,,,,,,,,,,,,,,,,,,,,,,,,
14454,2019,5,31,13,0,22,74,0,74,3.3000000000000003,,,,,,,,,,,,,,,,,,,,,,,,,,,,,,,,,,,,
14455,2019,5,31,13,15,22.200000000000003,203,8,210,3.3000000000000003,,,,,,,,,,,,,,,,,,,,,,,,,,,,,,,,,,,,
14456,2019,5,31,13,30,22.400000000000002,403,197,568,3.3000000000000003,,,,,,,,,,,,,,,,,,,,,,,,,,,,,,,,,,,,
14457,2019,5,31,13,45,22.5,378,286,613,3.3000000000000003,,,,,,,,,,,,,,,,,,,,,,,,,,,,,,,,,,,,
14458,2019,5,31,14,0,22.700000000000003,373,266,587,3.3000000000000003,,,,,,,,,,,,,,,,,,,,,,,,,,,,,,,,,,,,
14459,2019,5,31,14,15,22.700000000000003,373,205,534,3.2,,,,,,,,,,,,,,,,,,,,,,,,,,,,,,,,,,,,
14460,2019,5,31,14,30,22.8,363,176,497,3.2,,,,,,,,,,,,,,,,,,,,,,,,,,,,,,,,,,,,
14461,2019,5,31,14,45,22.8,349,153,463,3.1,,,,,,,,,,,,,,,,,,,,,,,,,,,,,,,,,,,,
14462,2019,5,31,15,0,22.8,335,151,444,3.1,,,,,,,,,,,,,,,,,,,,,,,,,,,,,,,,,,,,
14463,2019,5,31,15,15,22.8,311,245,481,3,,,,,,,,,,,,,,,,,,,,,,,,,,,,,,,,,,,,
14464,2019,5,31,15,30,22.700000000000003,299,223,447,2.9000000000000004,,,,,,,,,,,,,,,,,,,,,,,,,,,,,,,,,,,,
14465,2019,5,31,15,45,22.6,277,254,438,2.8000000000000003,,,,,,,,,,,,,,,,,,,,,,,,,,,,,,,,,,,,
14466,2019,5,31,16,0,22.5,191,506,498,2.7,,,,,,,,,,,,,,,,,,,,,,,,,,,,,,,,,,,,
14467,2019,5,31,16,15,22.400000000000002,221,357,426,2.6,,,,,,,,,,,,,,,,,,,,,,,,,,,,,,,,,,,,
14468,2019,5,31,16,30,22.3,212,321,385,2.5,,,,,,,,,,,,,,,,,,,,,,,,,,,,,,,,,,,,
14469,2019,5,31,16,45,22.200000000000003,192,332,360,2.4000000000000004,,,,,,,,,,,,,,,,,,,,,,,,,,,,,,,,,,,,
14470,2019,5,31,17,0,22.1,156,426,356,2.3000000000000003,,,,,,,,,,,,,,,,,,,,,,,,,,,,,,,,,,,,
14471,2019,5,31,17,15,21.8,157,334,302,2,,,,,,,,,,,,,,,,,,,,,,,,,,,,,,,,,,,,
14472,2019,5,31,17,30,21.6,148,275,258,1.8,,,,,,,,,,,,,,,,,,,,,,,,,,,,,,,,,,,,
14473,2019,5,31,17,45,21.400000000000002,127,306,237,1.6,,,,,,,,,,,,,,,,,,,,,,,,,,,,,,,,,,,,
14474,2019,5,31,18,0,21.200000000000003,103,368,222,1.4000000000000001,,,,,,,,,,,,,,,,,,,,,,,,,,,,,,,,,,,,
14475,2019,5,31,18,15,20.700000000000003,84,397,198,1.2000000000000002,,,,,,,,,,,,,,,,,,,,,,,,,,,,,,,,,,,,
14476,2019,5,31,18,30,20.200000000000003,75,358,164,1.1,,,,,,,,,,,,,,,,,,,,,,,,,,,,,,,,,,,,
14477,2019,5,31,18,45,19.8,65,318,132,0.9,,,,,,,,,,,,,,,,,,,,,,,,,,,,,,,,,,,,
14478,2019,5,31,19,0,19.3,62,272,110,0.8,,,,,,,,,,,,,,,,,,,,,,,,,,,,,,,,,,,,
14479,2019,5,31,19,15,18.900000000000002,51,214,80,0.8,,,,,,,,,,,,,,,,,,,,,,,,,,,,,,,,,,,,
14480,2019,5,31,19,30,18.6,38,152,54,0.8,,,,,,,,,,,,,,,,,,,,,,,,,,,,,,,,,,,,
14481,2019,5,31,19,45,18.3,25,85,31,0.9,,,,,,,,,,,,,,,,,,,,,,,,,,,,,,,,,,,,
14482,2019,5,31,20,0,17.900000000000002,13,35,14,0.9,,,,,,,,,,,,,,,,,,,,,,,,,,,,,,,,,,,,
14483,2019,5,31,20,15,17.7,0,0,0,0.9,,,,,,,,,,,,,,,,,,,,,,,,,,,,,,,,,,,,
14484,2019,5,31,20,30,17.6,0,0,0,0.9,,,,,,,,,,,,,,,,,,,,,,,,,,,,,,,,,,,,
14485,2019,5,31,20,45,17.400000000000002,0,0,0,0.9,,,,,,,,,,,,,,,,,,,,,,,,,,,,,,,,,,,,
14486,2019,5,31,21,0,17.2,0,0,0,1,,,,,,,,,,,,,,,,,,,,,,,,,,,,,,,,,,,,
14487,2019,5,31,21,15,17,0,0,0,1,,,,,,,,,,,,,,,,,,,,,,,,,,,,,,,,,,,,
14488,2019,5,31,21,30,16.8,0,0,0,1,,,,,,,,,,,,,,,,,,,,,,,,,,,,,,,,,,,,
14489,2019,5,31,21,45,16.6,0,0,0,1,,,,,,,,,,,,,,,,,,,,,,,,,,,,,,,,,,,,
14490,2019,5,31,22,0,16.400000000000002,0,0,0,1,,,,,,,,,,,,,,,,,,,,,,,,,,,,,,,,,,,,
14491,2019,5,31,22,15,16.2,0,0,0,1,,,,,,,,,,,,,,,,,,,,,,,,,,,,,,,,,,,,
14492,2019,5,31,22,30,16,0,0,0,1,,,,,,,,,,,,,,,,,,,,,,,,,,,,,,,,,,,,
14493,2019,5,31,22,45,15.8,0,0,0,1,,,,,,,,,,,,,,,,,,,,,,,,,,,,,,,,,,,,
14494,2019,5,31,23,0,15.700000000000001,0,0,0,1,,,,,,,,,,,,,,,,,,,,,,,,,,,,,,,,,,,,
14495,2019,5,31,23,15,15.5,0,0,0,1,,,,,,,,,,,,,,,,,,,,,,,,,,,,,,,,,,,,
14496,2019,5,31,23,30,15.4,0,0,0,1,,,,,,,,,,,,,,,,,,,,,,,,,,,,,,,,,,,,
14497,2019,5,31,23,45,15.200000000000001,0,0,0,1,,,,,,,,,,,,,,,,,,,,,,,,,,,,,,,,,,,,
14498,2019,6,1,0,0,15.100000000000001,0,0,0,1,,,,,,,,,,,,,,,,,,,,,,,,,,,,,,,,,,,,
14499,2019,6,1,0,15,15.100000000000001,0,0,0,1,,,,,,,,,,,,,,,,,,,,,,,,,,,,,,,,,,,,
14500,2019,6,1,0,30,15.100000000000001,0,0,0,1,,,,,,,,,,,,,,,,,,,,,,,,,,,,,,,,,,,,
14501,2019,6,1,0,45,15.100000000000001,0,0,0,1,,,,,,,,,,,,,,,,,,,,,,,,,,,,,,,,,,,,
14502,2019,6,1,1,0,14.4,0,0,0,1,,,,,,,,,,,,,,,,,,,,,,,,,,,,,,,,,,,,
14503,2019,6,1,1,15,14.3,0,0,0,1,,,,,,,,,,,,,,,,,,,,,,,,,,,,,,,,,,,,
14504,2019,6,1,1,30,14.100000000000001,0,0,0,1,,,,,,,,,,,,,,,,,,,,,,,,,,,,,,,,,,,,
14505,2019,6,1,1,45,13.9,0,0,0,1,,,,,,,,,,,,,,,,,,,,,,,,,,,,,,,,,,,,
14506,2019,6,1,2,0,13.700000000000001,0,0,0,1,,,,,,,,,,,,,,,,,,,,,,,,,,,,,,,,,,,,
14507,2019,6,1,2,15,13.600000000000001,0,0,0,1.1,,,,,,,,,,,,,,,,,,,,,,,,,,,,,,,,,,,,
14508,2019,6,1,2,30,13.4,0,0,0,1.1,,,,,,,,,,,,,,,,,,,,,,,,,,,,,,,,,,,,
14509,2019,6,1,2,45,13.200000000000001,0,0,0,1.1,,,,,,,,,,,,,,,,,,,,,,,,,,,,,,,,,,,,
14510,2019,6,1,3,0,13.100000000000001,0,0,0,1.1,,,,,,,,,,,,,,,,,,,,,,,,,,,,,,,,,,,,
14511,2019,6,1,3,15,13.100000000000001,0,0,0,1.1,,,,,,,,,,,,,,,,,,,,,,,,,,,,,,,,,,,,
14512,2019,6,1,3,30,13,0,0,0,1.2000000000000002,,,,,,,,,,,,,,,,,,,,,,,,,,,,,,,,,,,,
14513,2019,6,1,3,45,13,0,0,0,1.2000000000000002,,,,,,,,,,,,,,,,,,,,,,,,,,,,,,,,,,,,
14514,2019,6,1,4,0,13,0,0,0,1.2000000000000002,,,,,,,,,,,,,,,,,,,,,,,,,,,,,,,,,,,,
14515,2019,6,1,4,15,13.600000000000001,7,18,8,1.4000000000000001,,,,,,,,,,,,,,,,,,,,,,,,,,,,,,,,,,,,
14516,2019,6,1,4,30,14.100000000000001,18,60,21,1.6,,,,,,,,,,,,,,,,,,,,,,,,,,,,,,,,,,,,
14517,2019,6,1,4,45,14.600000000000001,31,122,42,1.8,,,,,,,,,,,,,,,,,,,,,,,,,,,,,,,,,,,,
14518,2019,6,1,5,0,15.100000000000001,44,185,66,2,,,,,,,,,,,,,,,,,,,,,,,,,,,,,,,,,,,,
14519,2019,6,1,5,15,15.5,56,246,95,2.1,,,,,,,,,,,,,,,,,,,,,,,,,,,,,,,,,,,,
14520,2019,6,1,5,30,15.8,10,0,10,2.2,,,,,,,,,,,,,,,,,,,,,,,,,,,,,,,,,,,,
14521,2019,6,1,5,45,16.2,77,365,160,2.2,,,,,,,,,,,,,,,,,,,,,,,,,,,,,,,,,,,,
14522,2019,6,1,6,0,16.5,15,0,15,2.3000000000000003,,,,,,,,,,,,,,,,,,,,,,,,,,,,,,,,,,,,
14523,2019,6,1,6,15,17.1,18,0,18,2.2,,,,,,,,,,,,,,,,,,,,,,,,,,,,,,,,,,,,
14524,2019,6,1,6,30,17.7,21,0,21,2.2,,,,,,,,,,,,,,,,,,,,,,,,,,,,,,,,,,,,
14525,2019,6,1,6,45,18.3,25,0,25,2.2,,,,,,,,,,,,,,,,,,,,,,,,,,,,,,,,,,,,
14526,2019,6,1,7,0,18.900000000000002,138,6,140,2.2,,,,,,,,,,,,,,,,,,,,,,,,,,,,,,,,,,,,
14527,2019,6,1,7,15,19.400000000000002,175,47,197,2.3000000000000003,,,,,,,,,,,,,,,,,,,,,,,,,,,,,,,,,,,,
14528,2019,6,1,7,30,20,204,169,287,2.4000000000000004,,,,,,,,,,,,,,,,,,,,,,,,,,,,,,,,,,,,
14529,2019,6,1,7,45,20.5,223,175,314,2.5,,,,,,,,,,,,,,,,,,,,,,,,,,,,,,,,,,,,
14530,2019,6,1,8,0,21,229,275,382,2.6,,,,,,,,,,,,,,,,,,,,,,,,,,,,,,,,,,,,
14531,2019,6,1,8,15,21.3,234,335,431,2.6,,,,,,,,,,,,,,,,,,,,,,,,,,,,,,,,,,,,
14532,2019,6,1,8,30,21.6,240,377,474,2.7,,,,,,,,,,,,,,,,,,,,,,,,,,,,,,,,,,,,
14533,2019,6,1,8,45,21.900000000000002,249,402,511,2.8000000000000003,,,,,,,,,,,,,,,,,,,,,,,,,,,,,,,,,,,,
14534,2019,6,1,9,0,22.200000000000003,266,398,536,2.9000000000000004,,,,,,,,,,,,,,,,,,,,,,,,,,,,,,,,,,,,
14535,2019,6,1,9,15,22.5,237,501,591,2.9000000000000004,,,,,,,,,,,,,,,,,,,,,,,,,,,,,,,,,,,,
14536,2019,6,1,9,30,22.700000000000003,253,491,613,3,,,,,,,,,,,,,,,,,,,,,,,,,,,,,,,,,,,,
14537,2019,6,1,9,45,23,254,523,649,3,,,,,,,,,,,,,,,,,,,,,,,,,,,,,,,,,,,,
14538,2019,6,1,10,0,23.200000000000003,344,317,589,3,,,,,,,,,,,,,,,,,,,,,,,,,,,,,,,,,,,,
14539,2019,6,1,10,15,23.5,298,459,663,3.1,,,,,,,,,,,,,,,,,,,,,,,,,,,,,,,,,,,,
14540,2019,6,1,10,30,23.700000000000003,302,474,687,3.1,,,,,,,,,,,,,,,,,,,,,,,,,,,,,,,,,,,,
14541,2019,6,1,10,45,23.900000000000002,300,512,723,3.1,,,,,,,,,,,,,,,,,,,,,,,,,,,,,,,,,,,,
14542,2019,6,1,11,0,24.200000000000003,134,845,844,3.1,,,,,,,,,,,,,,,,,,,,,,,,,,,,,,,,,,,,
14543,2019,6,1,11,15,24.3,135,848,856,3.1,,,,,,,,,,,,,,,,,,,,,,,,,,,,,,,,,,,,
14544,2019,6,1,11,30,24.5,135,848,863,3.1,,,,,,,,,,,,,,,,,,,,,,,,,,,,,,,,,,,,
14545,2019,6,1,11,45,24.700000000000003,132,855,872,3.2,,,,,,,,,,,,,,,,,,,,,,,,,,,,,,,,,,,,
14546,2019,6,1,12,0,24.900000000000002,132,856,875,3.2,,,,,,,,,,,,,,,,,,,,,,,,,,,,,,,,,,,,
14547,2019,6,1,12,15,25,132,857,876,3.2,,,,,,,,,,,,,,,,,,,,,,,,,,,,,,,,,,,,
14548,2019,6,1,12,30,25.1,132,856,874,3.2,,,,,,,,,,,,,,,,,,,,,,,,,,,,,,,,,,,,
14549,2019,6,1,12,45,25.3,129,860,870,3.3000000000000003,,,,,,,,,,,,,,,,,,,,,,,,,,,,,,,,,,,,
14550,2019,6,1,13,0,25.400000000000002,298,563,780,3.3000000000000003,,,,,,,,,,,,,,,,,,,,,,,,,,,,,,,,,,,,
14551,2019,6,1,13,15,25.400000000000002,285,580,776,3.3000000000000003,,,,,,,,,,,,,,,,,,,,,,,,,,,,,,,,,,,,
14552,2019,6,1,13,30,25.400000000000002,127,852,840,3.3000000000000003,,,,,,,,,,,,,,,,,,,,,,,,,,,,,,,,,,,,
14553,2019,6,1,13,45,25.5,128,845,823,3.3000000000000003,,,,,,,,,,,,,,,,,,,,,,,,,,,,,,,,,,,,
14554,2019,6,1,14,0,25.5,127,840,804,3.3000000000000003,,,,,,,,,,,,,,,,,,,,,,,,,,,,,,,,,,,,
14555,2019,6,1,14,15,25.5,228,636,728,3.2,,,,,,,,,,,,,,,,,,,,,,,,,,,,,,,,,,,,
14556,2019,6,1,14,30,25.400000000000002,212,648,709,3.2,,,,,,,,,,,,,,,,,,,,,,,,,,,,,,,,,,,,
14557,2019,6,1,14,45,25.3,233,572,659,3.1,,,,,,,,,,,,,,,,,,,,,,,,,,,,,,,,,,,,
14558,2019,6,1,15,0,25.3,300,361,560,3.1,,,,,,,,,,,,,,,,,,,,,,,,,,,,,,,,,,,,
14559,2019,6,1,15,15,25.200000000000003,204,584,610,3,,,,,,,,,,,,,,,,,,,,,,,,,,,,,,,,,,,,
14560,2019,6,1,15,30,25.1,182,610,589,2.9000000000000004,,,,,,,,,,,,,,,,,,,,,,,,,,,,,,,,,,,,
14561,2019,6,1,15,45,25,248,385,494,2.9000000000000004,,,,,,,,,,,,,,,,,,,,,,,,,,,,,,,,,,,,
14562,2019,6,1,16,0,24.900000000000002,154,619,530,2.8000000000000003,,,,,,,,,,,,,,,,,,,,,,,,,,,,,,,,,,,,
14563,2019,6,1,16,15,24.8,144,611,496,2.7,,,,,,,,,,,,,,,,,,,,,,,,,,,,,,,,,,,,
14564,2019,6,1,16,30,24.700000000000003,186,437,423,2.6,,,,,,,,,,,,,,,,,,,,,,,,,,,,,,,,,,,,
14565,2019,6,1,16,45,24.6,170,436,392,2.5,,,,,,,,,,,,,,,,,,,,,,,,,,,,,,,,,,,,
14566,2019,6,1,17,0,24.5,94,699,424,2.4000000000000004,,,,,,,,,,,,,,,,,,,,,,,,,,,,,,,,,,,,
14567,2019,6,1,17,15,24.200000000000003,131,473,337,2.2,,,,,,,,,,,,,,,,,,,,,,,,,,,,,,,,,,,,
14568,2019,6,1,17,30,23.900000000000002,112,495,310,2,,,,,,,,,,,,,,,,,,,,,,,,,,,,,,,,,,,,
14569,2019,6,1,17,45,23.700000000000003,81,619,306,1.8,,,,,,,,,,,,,,,,,,,,,,,,,,,,,,,,,,,,
14570,2019,6,1,18,0,23.400000000000002,76,585,267,1.6,,,,,,,,,,,,,,,,,,,,,,,,,,,,,,,,,,,,
14571,2019,6,1,18,15,22.8,71,547,228,1.4000000000000001,,,,,,,,,,,,,,,,,,,,,,,,,,,,,,,,,,,,
14572,2019,6,1,18,30,22.200000000000003,65,504,191,1.3,,,,,,,,,,,,,,,,,,,,,,,,,,,,,,,,,,,,
14573,2019,6,1,18,45,21.6,59,448,155,1.1,,,,,,,,,,,,,,,,,,,,,,,,,,,,,,,,,,,,
14574,2019,6,1,19,0,21,56,267,103,0.9,,,,,,,,,,,,,,,,,,,,,,,,,,,,,,,,,,,,
14575,2019,6,1,19,15,20.400000000000002,45,222,76,1,,,,,,,,,,,,,,,,,,,,,,,,,,,,,,,,,,,,
14576,2019,6,1,19,30,19.900000000000002,34,172,53,1,,,,,,,,,,,,,,,,,,,,,,,,,,,,,,,,,,,,
14577,2019,6,1,19,45,19.400000000000002,24,104,32,1,,,,,,,,,,,,,,,,,,,,,,,,,,,,,,,,,,,,
14578,2019,6,1,20,0,18.900000000000002,15,84,19,1,,,,,,,,,,,,,,,,,,,,,,,,,,,,,,,,,,,,
14579,2019,6,1,20,15,18.8,0,0,0,1,,,,,,,,,,,,,,,,,,,,,,,,,,,,,,,,,,,,
14580,2019,6,1,20,30,18.7,0,0,0,1,,,,,,,,,,,,,,,,,,,,,,,,,,,,,,,,,,,,
14581,2019,6,1,20,45,18.6,0,0,0,1,,,,,,,,,,,,,,,,,,,,,,,,,,,,,,,,,,,,
14582,2019,6,1,21,0,18.5,0,0,0,1,,,,,,,,,,,,,,,,,,,,,,,,,,,,,,,,,,,,
14583,2019,6,1,21,15,18.400000000000002,0,0,0,1,,,,,,,,,,,,,,,,,,,,,,,,,,,,,,,,,,,,
14584,2019,6,1,21,30,18.400000000000002,0,0,0,1,,,,,,,,,,,,,,,,,,,,,,,,,,,,,,,,,,,,
14585,2019,6,1,21,45,18.400000000000002,0,0,0,1,,,,,,,,,,,,,,,,,,,,,,,,,,,,,,,,,,,,
14586,2019,6,1,22,0,18.3,0,0,0,1,,,,,,,,,,,,,,,,,,,,,,,,,,,,,,,,,,,,
14587,2019,6,1,22,15,18.3,0,0,0,1,,,,,,,,,,,,,,,,,,,,,,,,,,,,,,,,,,,,
14588,2019,6,1,22,30,18.3,0,0,0,0.9,,,,,,,,,,,,,,,,,,,,,,,,,,,,,,,,,,,,
14589,2019,6,1,22,45,18.3,0,0,0,0.9,,,,,,,,,,,,,,,,,,,,,,,,,,,,,,,,,,,,
14590,2019,6,1,23,0,18.3,0,0,0,0.9,,,,,,,,,,,,,,,,,,,,,,,,,,,,,,,,,,,,
14591,2019,6,1,23,15,18.2,0,0,0,0.9,,,,,,,,,,,,,,,,,,,,,,,,,,,,,,,,,,,,
14592,2019,6,1,23,30,18.1,0,0,0,0.8,,,,,,,,,,,,,,,,,,,,,,,,,,,,,,,,,,,,
14593,2019,6,1,23,45,18,0,0,0,0.8,,,,,,,,,,,,,,,,,,,,,,,,,,,,,,,,,,,,
14594,2019,6,2,0,0,18,0,0,0,0.7000000000000001,,,,,,,,,,,,,,,,,,,,,,,,,,,,,,,,,,,,
14595,2019,6,2,0,15,18,0,0,0,0.7000000000000001,,,,,,,,,,,,,,,,,,,,,,,,,,,,,,,,,,,,
14596,2019,6,2,0,30,18,0,0,0,0.7000000000000001,,,,,,,,,,,,,,,,,,,,,,,,,,,,,,,,,,,,
14597,2019,6,2,0,45,18,0,0,0,0.7000000000000001,,,,,,,,,,,,,,,,,,,,,,,,,,,,,,,,,,,,
14598,2019,6,2,1,0,17.5,0,0,0,0.6000000000000001,,,,,,,,,,,,,,,,,,,,,,,,,,,,,,,,,,,,
14599,2019,6,2,1,15,17.3,0,0,0,0.6000000000000001,,,,,,,,,,,,,,,,,,,,,,,,,,,,,,,,,,,,
14600,2019,6,2,1,30,17.1,0,0,0,0.6000000000000001,,,,,,,,,,,,,,,,,,,,,,,,,,,,,,,,,,,,
14601,2019,6,2,1,45,16.900000000000002,0,0,0,0.6000000000000001,,,,,,,,,,,,,,,,,,,,,,,,,,,,,,,,,,,,
14602,2019,6,2,2,0,16.7,0,0,0,0.7000000000000001,,,,,,,,,,,,,,,,,,,,,,,,,,,,,,,,,,,,
14603,2019,6,2,2,15,16.400000000000002,0,0,0,0.7000000000000001,,,,,,,,,,,,,,,,,,,,,,,,,,,,,,,,,,,,
14604,2019,6,2,2,30,16.1,0,0,0,0.8,,,,,,,,,,,,,,,,,,,,,,,,,,,,,,,,,,,,
14605,2019,6,2,2,45,15.9,0,0,0,0.8,,,,,,,,,,,,,,,,,,,,,,,,,,,,,,,,,,,,
14606,2019,6,2,3,0,15.600000000000001,0,0,0,0.9,,,,,,,,,,,,,,,,,,,,,,,,,,,,,,,,,,,,
14607,2019,6,2,3,15,15.4,0,0,0,0.9,,,,,,,,,,,,,,,,,,,,,,,,,,,,,,,,,,,,
14608,2019,6,2,3,30,15.3,0,0,0,0.9,,,,,,,,,,,,,,,,,,,,,,,,,,,,,,,,,,,,
14609,2019,6,2,3,45,15.100000000000001,0,0,0,0.9,,,,,,,,,,,,,,,,,,,,,,,,,,,,,,,,,,,,
14610,2019,6,2,4,0,14.9,0,0,0,1,,,,,,,,,,,,,,,,,,,,,,,,,,,,,,,,,,,,
14611,2019,6,2,4,15,15.4,9,35,10,1,,,,,,,,,,,,,,,,,,,,,,,,,,,,,,,,,,,,
14612,2019,6,2,4,30,15.8,19,100,25,1,,,,,,,,,,,,,,,,,,,,,,,,,,,,,,,,,,,,
14613,2019,6,2,4,45,16.2,30,179,46,1.1,,,,,,,,,,,,,,,,,,,,,,,,,,,,,,,,,,,,
14614,2019,6,2,5,0,16.7,41,252,71,1.1,,,,,,,,,,,,,,,,,,,,,,,,,,,,,,,,,,,,
14615,2019,6,2,5,15,17.1,50,320,100,1.3,,,,,,,,,,,,,,,,,,,,,,,,,,,,,,,,,,,,
14616,2019,6,2,5,30,17.5,53,0,53,1.5,,,,,,,,,,,,,,,,,,,,,,,,,,,,,,,,,,,,
14617,2019,6,2,5,45,18,68,0,68,1.7000000000000002,,,,,,,,,,,,,,,,,,,,,,,,,,,,,,,,,,,,
14618,2019,6,2,6,0,18.400000000000002,85,0,85,1.9000000000000001,,,,,,,,,,,,,,,,,,,,,,,,,,,,,,,,,,,,
14619,2019,6,2,6,15,18.900000000000002,105,283,191,1.9000000000000001,,,,,,,,,,,,,,,,,,,,,,,,,,,,,,,,,,,,
14620,2019,6,2,6,30,19.400000000000002,113,352,233,2,,,,,,,,,,,,,,,,,,,,,,,,,,,,,,,,,,,,
14621,2019,6,2,6,45,19.900000000000002,124,379,268,2,,,,,,,,,,,,,,,,,,,,,,,,,,,,,,,,,,,,
14622,2019,6,2,7,0,20.3,95,631,357,2,,,,,,,,,,,,,,,,,,,,,,,,,,,,,,,,,,,,
14623,2019,6,2,7,15,21,100,657,397,2.1,,,,,,,,,,,,,,,,,,,,,,,,,,,,,,,,,,,,
14624,2019,6,2,7,30,21.700000000000003,104,680,436,2.3000000000000003,,,,,,,,,,,,,,,,,,,,,,,,,,,,,,,,,,,,
14625,2019,6,2,7,45,22.400000000000002,106,706,475,2.4000000000000004,,,,,,,,,,,,,,,,,,,,,,,,,,,,,,,,,,,,
14626,2019,6,2,8,0,23,109,725,513,2.6,,,,,,,,,,,,,,,,,,,,,,,,,,,,,,,,,,,,
14627,2019,6,2,8,15,23.5,113,742,550,2.6,,,,,,,,,,,,,,,,,,,,,,,,,,,,,,,,,,,,
14628,2019,6,2,8,30,23.900000000000002,116,755,585,2.6,,,,,,,,,,,,,,,,,,,,,,,,,,,,,,,,,,,,
14629,2019,6,2,8,45,24.3,116,773,620,2.7,,,,,,,,,,,,,,,,,,,,,,,,,,,,,,,,,,,,
14630,2019,6,2,9,0,24.700000000000003,119,785,653,2.7,,,,,,,,,,,,,,,,,,,,,,,,,,,,,,,,,,,,
14631,2019,6,2,9,15,25.1,121,796,684,2.7,,,,,,,,,,,,,,,,,,,,,,,,,,,,,,,,,,,,
14632,2019,6,2,9,30,25.400000000000002,123,805,713,2.7,,,,,,,,,,,,,,,,,,,,,,,,,,,,,,,,,,,,
14633,2019,6,2,9,45,25.700000000000003,120,823,742,2.7,,,,,,,,,,,,,,,,,,,,,,,,,,,,,,,,,,,,
14634,2019,6,2,10,0,26.1,122,831,767,2.7,,,,,,,,,,,,,,,,,,,,,,,,,,,,,,,,,,,,
14635,2019,6,2,10,15,26.3,123,837,790,2.7,,,,,,,,,,,,,,,,,,,,,,,,,,,,,,,,,,,,
14636,2019,6,2,10,30,26.6,124,842,810,2.7,,,,,,,,,,,,,,,,,,,,,,,,,,,,,,,,,,,,
14637,2019,6,2,10,45,26.8,123,851,829,2.7,,,,,,,,,,,,,,,,,,,,,,,,,,,,,,,,,,,,
14638,2019,6,2,11,0,27.1,124,857,845,2.7,,,,,,,,,,,,,,,,,,,,,,,,,,,,,,,,,,,,
14639,2019,6,2,11,15,27.3,297,561,775,2.7,,,,,,,,,,,,,,,,,,,,,,,,,,,,,,,,,,,,
14640,2019,6,2,11,30,27.400000000000002,125,862,867,2.8000000000000003,,,,,,,,,,,,,,,,,,,,,,,,,,,,,,,,,,,,
14641,2019,6,2,11,45,27.6,329,499,760,2.8000000000000003,,,,,,,,,,,,,,,,,,,,,,,,,,,,,,,,,,,,
14642,2019,6,2,12,0,27.8,334,484,755,2.8000000000000003,,,,,,,,,,,,,,,,,,,,,,,,,,,,,,,,,,,,
14643,2019,6,2,12,15,27.900000000000002,124,868,879,2.8000000000000003,,,,,,,,,,,,,,,,,,,,,,,,,,,,,,,,,,,,
14644,2019,6,2,12,30,28,345,441,727,2.8000000000000003,,,,,,,,,,,,,,,,,,,,,,,,,,,,,,,,,,,,
14645,2019,6,2,12,45,28.1,349,425,716,2.8000000000000003,,,,,,,,,,,,,,,,,,,,,,,,,,,,,,,,,,,,
14646,2019,6,2,13,0,28.3,118,874,867,2.9000000000000004,,,,,,,,,,,,,,,,,,,,,,,,,,,,,,,,,,,,
14647,2019,6,2,13,15,28.3,117,871,856,2.9000000000000004,,,,,,,,,,,,,,,,,,,,,,,,,,,,,,,,,,,,
14648,2019,6,2,13,30,28.400000000000002,116,868,843,2.9000000000000004,,,,,,,,,,,,,,,,,,,,,,,,,,,,,,,,,,,,
14649,2019,6,2,13,45,28.5,114,866,827,2.9000000000000004,,,,,,,,,,,,,,,,,,,,,,,,,,,,,,,,,,,,
14650,2019,6,2,14,0,28.5,113,864,810,2.9000000000000004,,,,,,,,,,,,,,,,,,,,,,,,,,,,,,,,,,,,
14651,2019,6,2,14,15,28.5,112,858,789,2.9000000000000004,,,,,,,,,,,,,,,,,,,,,,,,,,,,,,,,,,,,
14652,2019,6,2,14,30,28.6,111,852,766,2.9000000000000004,,,,,,,,,,,,,,,,,,,,,,,,,,,,,,,,,,,,
14653,2019,6,2,14,45,28.6,108,846,740,2.9000000000000004,,,,,,,,,,,,,,,,,,,,,,,,,,,,,,,,,,,,
14654,2019,6,2,15,0,28.6,107,838,712,2.9000000000000004,,,,,,,,,,,,,,,,,,,,,,,,,,,,,,,,,,,,
14655,2019,6,2,15,15,28.5,105,829,682,2.9000000000000004,,,,,,,,,,,,,,,,,,,,,,,,,,,,,,,,,,,,
14656,2019,6,2,15,30,28.400000000000002,103,818,650,2.9000000000000004,,,,,,,,,,,,,,,,,,,,,,,,,,,,,,,,,,,,
14657,2019,6,2,15,45,28.3,99,810,617,2.8000000000000003,,,,,,,,,,,,,,,,,,,,,,,,,,,,,,,,,,,,
14658,2019,6,2,16,0,28.3,97,799,584,2.8000000000000003,,,,,,,,,,,,,,,,,,,,,,,,,,,,,,,,,,,,
14659,2019,6,2,16,15,28.1,94,785,547,2.7,,,,,,,,,,,,,,,,,,,,,,,,,,,,,,,,,,,,
14660,2019,6,2,16,30,27.900000000000002,164,512,443,2.6,,,,,,,,,,,,,,,,,,,,,,,,,,,,,,,,,,,,
14661,2019,6,2,16,45,27.700000000000003,162,477,405,2.5,,,,,,,,,,,,,,,,,,,,,,,,,,,,,,,,,,,,
14662,2019,6,2,17,0,27.5,151,456,367,2.4000000000000004,,,,,,,,,,,,,,,,,,,,,,,,,,,,,,,,,,,,
14663,2019,6,2,17,15,27.1,125,505,346,2.2,,,,,,,,,,,,,,,,,,,,,,,,,,,,,,,,,,,,
14664,2019,6,2,17,30,26.700000000000003,108,517,316,2,,,,,,,,,,,,,,,,,,,,,,,,,,,,,,,,,,,,
14665,2019,6,2,17,45,26.3,91,537,287,1.9000000000000001,,,,,,,,,,,,,,,,,,,,,,,,,,,,,,,,,,,,
14666,2019,6,2,18,0,25.900000000000002,67,607,266,1.7000000000000002,,,,,,,,,,,,,,,,,,,,,,,,,,,,,,,,,,,,
14667,2019,6,2,18,15,25.200000000000003,64,558,226,1.6,,,,,,,,,,,,,,,,,,,,,,,,,,,,,,,,,,,,
14668,2019,6,2,18,30,24.5,59,552,199,1.5,,,,,,,,,,,,,,,,,,,,,,,,,,,,,,,,,,,,
14669,2019,6,2,18,45,23.8,53,507,163,1.4000000000000001,,,,,,,,,,,,,,,,,,,,,,,,,,,,,,,,,,,,
14670,2019,6,2,19,0,23,47,451,128,1.3,,,,,,,,,,,,,,,,,,,,,,,,,,,,,,,,,,,,
14671,2019,6,2,19,15,22.5,40,386,96,1.4000000000000001,,,,,,,,,,,,,,,,,,,,,,,,,,,,,,,,,,,,
14672,2019,6,2,19,30,21.900000000000002,32,311,66,1.4000000000000001,,,,,,,,,,,,,,,,,,,,,,,,,,,,,,,,,,,,
14673,2019,6,2,19,45,21.3,24,228,41,1.4000000000000001,,,,,,,,,,,,,,,,,,,,,,,,,,,,,,,,,,,,
14674,2019,6,2,20,0,20.700000000000003,15,133,21,1.5,,,,,,,,,,,,,,,,,,,,,,,,,,,,,,,,,,,,
14675,2019,6,2,20,15,20.5,0,0,0,1.5,,,,,,,,,,,,,,,,,,,,,,,,,,,,,,,,,,,,
14676,2019,6,2,20,30,20.3,0,0,0,1.5,,,,,,,,,,,,,,,,,,,,,,,,,,,,,,,,,,,,
14677,2019,6,2,20,45,20.1,0,0,0,1.5,,,,,,,,,,,,,,,,,,,,,,,,,,,,,,,,,,,,
14678,2019,6,2,21,0,19.900000000000002,0,0,0,1.6,,,,,,,,,,,,,,,,,,,,,,,,,,,,,,,,,,,,
14679,2019,6,2,21,15,19.700000000000003,0,0,0,1.6,,,,,,,,,,,,,,,,,,,,,,,,,,,,,,,,,,,,
14680,2019,6,2,21,30,19.5,0,0,0,1.6,,,,,,,,,,,,,,,,,,,,,,,,,,,,,,,,,,,,
14681,2019,6,2,21,45,19.400000000000002,0,0,0,1.7000000000000002,,,,,,,,,,,,,,,,,,,,,,,,,,,,,,,,,,,,
14682,2019,6,2,22,0,19.200000000000003,0,0,0,1.7000000000000002,,,,,,,,,,,,,,,,,,,,,,,,,,,,,,,,,,,,
14683,2019,6,2,22,15,19.1,0,0,0,1.8,,,,,,,,,,,,,,,,,,,,,,,,,,,,,,,,,,,,
14684,2019,6,2,22,30,18.900000000000002,0,0,0,1.8,,,,,,,,,,,,,,,,,,,,,,,,,,,,,,,,,,,,
14685,2019,6,2,22,45,18.8,0,0,0,1.8,,,,,,,,,,,,,,,,,,,,,,,,,,,,,,,,,,,,
14686,2019,6,2,23,0,18.6,0,0,0,1.9000000000000001,,,,,,,,,,,,,,,,,,,,,,,,,,,,,,,,,,,,
14687,2019,6,2,23,15,18.5,0,0,0,1.9000000000000001,,,,,,,,,,,,,,,,,,,,,,,,,,,,,,,,,,,,
14688,2019,6,2,23,30,18.400000000000002,0,0,0,2,,,,,,,,,,,,,,,,,,,,,,,,,,,,,,,,,,,,
14689,2019,6,2,23,45,18.2,0,0,0,2,,,,,,,,,,,,,,,,,,,,,,,,,,,,,,,,,,,,
14690,2019,6,3,0,0,18.1,0,0,0,2.1,,,,,,,,,,,,,,,,,,,,,,,,,,,,,,,,,,,,
14691,2019,6,3,0,15,18.1,0,0,0,2.1,,,,,,,,,,,,,,,,,,,,,,,,,,,,,,,,,,,,
14692,2019,6,3,0,30,18.1,0,0,0,2.1,,,,,,,,,,,,,,,,,,,,,,,,,,,,,,,,,,,,
14693,2019,6,3,0,45,18.1,0,0,0,2.1,,,,,,,,,,,,,,,,,,,,,,,,,,,,,,,,,,,,
14694,2019,6,3,1,0,17.6,0,0,0,2.3000000000000003,,,,,,,,,,,,,,,,,,,,,,,,,,,,,,,,,,,,
14695,2019,6,3,1,15,17.5,0,0,0,2.3000000000000003,,,,,,,,,,,,,,,,,,,,,,,,,,,,,,,,,,,,
14696,2019,6,3,1,30,17.400000000000002,0,0,0,2.4000000000000004,,,,,,,,,,,,,,,,,,,,,,,,,,,,,,,,,,,,
14697,2019,6,3,1,45,17.2,0,0,0,2.4000000000000004,,,,,,,,,,,,,,,,,,,,,,,,,,,,,,,,,,,,
14698,2019,6,3,2,0,17.1,0,0,0,2.5,,,,,,,,,,,,,,,,,,,,,,,,,,,,,,,,,,,,
14699,2019,6,3,2,15,17,0,0,0,2.5,,,,,,,,,,,,,,,,,,,,,,,,,,,,,,,,,,,,
14700,2019,6,3,2,30,16.900000000000002,0,0,0,2.5,,,,,,,,,,,,,,,,,,,,,,,,,,,,,,,,,,,,
14701,2019,6,3,2,45,16.8,0,0,0,2.6,,,,,,,,,,,,,,,,,,,,,,,,,,,,,,,,,,,,
14702,2019,6,3,3,0,16.7,0,0,0,2.6,,,,,,,,,,,,,,,,,,,,,,,,,,,,,,,,,,,,
14703,2019,6,3,3,15,16.6,0,0,0,2.6,,,,,,,,,,,,,,,,,,,,,,,,,,,,,,,,,,,,
14704,2019,6,3,3,30,16.6,0,0,0,2.7,,,,,,,,,,,,,,,,,,,,,,,,,,,,,,,,,,,,
14705,2019,6,3,3,45,16.5,0,0,0,2.7,,,,,,,,,,,,,,,,,,,,,,,,,,,,,,,,,,,,
14706,2019,6,3,4,0,16.400000000000002,0,0,0,2.7,,,,,,,,,,,,,,,,,,,,,,,,,,,,,,,,,,,,
14707,2019,6,3,4,15,16.7,10,97,13,2.8000000000000003,,,,,,,,,,,,,,,,,,,,,,,,,,,,,,,,,,,,
14708,2019,6,3,4,30,17.1,18,195,29,2.9000000000000004,,,,,,,,,,,,,,,,,,,,,,,,,,,,,,,,,,,,
14709,2019,6,3,4,45,17.400000000000002,26,292,52,3.1,,,,,,,,,,,,,,,,,,,,,,,,,,,,,,,,,,,,
14710,2019,6,3,5,0,17.7,34,373,80,3.2,,,,,,,,,,,,,,,,,,,,,,,,,,,,,,,,,,,,
14711,2019,6,3,5,15,18.1,41,442,111,3.2,,,,,,,,,,,,,,,,,,,,,,,,,,,,,,,,,,,,
14712,2019,6,3,5,30,18.5,47,502,144,3.2,,,,,,,,,,,,,,,,,,,,,,,,,,,,,,,,,,,,
14713,2019,6,3,5,45,18.900000000000002,52,554,180,3.2,,,,,,,,,,,,,,,,,,,,,,,,,,,,,,,,,,,,
14714,2019,6,3,6,0,19.3,57,598,218,3.2,,,,,,,,,,,,,,,,,,,,,,,,,,,,,,,,,,,,
14715,2019,6,3,6,15,19.8,62,637,257,3.1,,,,,,,,,,,,,,,,,,,,,,,,,,,,,,,,,,,,
14716,2019,6,3,6,30,20.400000000000002,66,671,296,3.1,,,,,,,,,,,,,,,,,,,,,,,,,,,,,,,,,,,,
14717,2019,6,3,6,45,21,70,700,336,3,,,,,,,,,,,,,,,,,,,,,,,,,,,,,,,,,,,,
14718,2019,6,3,7,0,21.6,73,726,376,2.9000000000000004,,,,,,,,,,,,,,,,,,,,,,,,,,,,,,,,,,,,
14719,2019,6,3,7,15,22.3,77,749,417,3,,,,,,,,,,,,,,,,,,,,,,,,,,,,,,,,,,,,
14720,2019,6,3,7,30,23.1,80,770,456,3.1,,,,,,,,,,,,,,,,,,,,,,,,,,,,,,,,,,,,
14721,2019,6,3,7,45,23.8,83,788,496,3.2,,,,,,,,,,,,,,,,,,,,,,,,,,,,,,,,,,,,
14722,2019,6,3,8,0,24.6,85,804,534,3.2,,,,,,,,,,,,,,,,,,,,,,,,,,,,,,,,,,,,
14723,2019,6,3,8,15,25.200000000000003,88,819,572,3.3000000000000003,,,,,,,,,,,,,,,,,,,,,,,,,,,,,,,,,,,,
14724,2019,6,3,8,30,25.700000000000003,90,832,608,3.3000000000000003,,,,,,,,,,,,,,,,,,,,,,,,,,,,,,,,,,,,
14725,2019,6,3,8,45,26.3,93,842,642,3.4000000000000004,,,,,,,,,,,,,,,,,,,,,,,,,,,,,,,,,,,,
14726,2019,6,3,9,0,26.900000000000002,95,853,676,3.4000000000000004,,,,,,,,,,,,,,,,,,,,,,,,,,,,,,,,,,,,
14727,2019,6,3,9,15,27.200000000000003,97,862,707,3.4000000000000004,,,,,,,,,,,,,,,,,,,,,,,,,,,,,,,,,,,,
14728,2019,6,3,9,30,27.6,98,871,737,3.5,,,,,,,,,,,,,,,,,,,,,,,,,,,,,,,,,,,,
14729,2019,6,3,9,45,27.900000000000002,106,867,762,3.5,,,,,,,,,,,,,,,,,,,,,,,,,,,,,,,,,,,,
14730,2019,6,3,10,0,28.3,107,873,787,3.5,,,,,,,,,,,,,,,,,,,,,,,,,,,,,,,,,,,,
14731,2019,6,3,10,15,28.5,109,877,808,3.6,,,,,,,,,,,,,,,,,,,,,,,,,,,,,,,,,,,,
14732,2019,6,3,10,30,28.8,110,882,829,3.6,,,,,,,,,,,,,,,,,,,,,,,,,,,,,,,,,,,,
14733,2019,6,3,10,45,29,113,882,846,3.7,,,,,,,,,,,,,,,,,,,,,,,,,,,,,,,,,,,,
14734,2019,6,3,11,0,29.3,114,886,861,3.7,,,,,,,,,,,,,,,,,,,,,,,,,,,,,,,,,,,,
14735,2019,6,3,11,15,29.400000000000002,279,602,792,3.7,,,,,,,,,,,,,,,,,,,,,,,,,,,,,,,,,,,,
14736,2019,6,3,11,30,29.6,295,580,794,3.8000000000000003,,,,,,,,,,,,,,,,,,,,,,,,,,,,,,,,,,,,
14737,2019,6,3,11,45,29.700000000000003,120,887,889,3.8000000000000003,,,,,,,,,,,,,,,,,,,,,,,,,,,,,,,,,,,,
14738,2019,6,3,12,0,29.900000000000002,120,886,890,3.8000000000000003,,,,,,,,,,,,,,,,,,,,,,,,,,,,,,,,,,,,
14739,2019,6,3,12,15,30,120,886,891,3.8000000000000003,,,,,,,,,,,,,,,,,,,,,,,,,,,,,,,,,,,,
14740,2019,6,3,12,30,30,380,367,699,3.8000000000000003,,,,,,,,,,,,,,,,,,,,,,,,,,,,,,,,,,,,
14741,2019,6,3,12,45,30.1,355,412,712,3.8000000000000003,,,,,,,,,,,,,,,,,,,,,,,,,,,,,,,,,,,,
14742,2019,6,3,13,0,30.200000000000003,332,466,732,3.8000000000000003,,,,,,,,,,,,,,,,,,,,,,,,,,,,,,,,,,,,
14743,2019,6,3,13,15,30.200000000000003,404,254,620,3.7,,,,,,,,,,,,,,,,,,,,,,,,,,,,,,,,,,,,
14744,2019,6,3,13,30,30.200000000000003,394,270,620,3.7,,,,,,,,,,,,,,,,,,,,,,,,,,,,,,,,,,,,
14745,2019,6,3,13,45,30.200000000000003,393,233,585,3.7,,,,,,,,,,,,,,,,,,,,,,,,,,,,,,,,,,,,
14746,2019,6,3,14,0,30.200000000000003,383,233,571,3.6,,,,,,,,,,,,,,,,,,,,,,,,,,,,,,,,,,,,
14747,2019,6,3,14,15,30,288,483,670,3.5,,,,,,,,,,,,,,,,,,,,,,,,,,,,,,,,,,,,
14748,2019,6,3,14,30,29.900000000000002,357,248,548,3.4000000000000004,,,,,,,,,,,,,,,,,,,,,,,,,,,,,,,,,,,,
14749,2019,6,3,14,45,29.8,347,103,424,3.3000000000000003,,,,,,,,,,,,,,,,,,,,,,,,,,,,,,,,,,,,
14750,2019,6,3,15,0,29.6,337,188,474,3.3000000000000003,,,,,,,,,,,,,,,,,,,,,,,,,,,,,,,,,,,,
14751,2019,6,3,15,15,29.3,320,112,398,3.2,,,,,,,,,,,,,,,,,,,,,,,,,,,,,,,,,,,,
14752,2019,6,3,15,30,28.900000000000002,299,89,358,3.1,,,,,,,,,,,,,,,,,,,,,,,,,,,,,,,,,,,,
14753,2019,6,3,15,45,28.6,278,265,448,3,,,,,,,,,,,,,,,,,,,,,,,,,,,,,,,,,,,,
14754,2019,6,3,16,0,28.3,250,317,444,2.9000000000000004,,,,,,,,,,,,,,,,,,,,,,,,,,,,,,,,,,,,
14755,2019,6,3,16,15,27.700000000000003,182,502,472,2.8000000000000003,,,,,,,,,,,,,,,,,,,,,,,,,,,,,,,,,,,,
14756,2019,6,3,16,30,27.200000000000003,196,407,418,2.8000000000000003,,,,,,,,,,,,,,,,,,,,,,,,,,,,,,,,,,,,
14757,2019,6,3,16,45,26.700000000000003,186,377,378,2.7,,,,,,,,,,,,,,,,,,,,,,,,,,,,,,,,,,,,
14758,2019,6,3,17,0,26.200000000000003,199,108,250,2.7,,,,,,,,,,,,,,,,,,,,,,,,,,,,,,,,,,,,
14759,2019,6,3,17,15,25.6,165,33,180,2.6,,,,,,,,,,,,,,,,,,,,,,,,,,,,,,,,,,,,
14760,2019,6,3,17,30,25,21,0,21,2.6,,,,,,,,,,,,,,,,,,,,,,,,,,,,,,,,,,,,
14761,2019,6,3,17,45,24.400000000000002,13,0,13,2.5,,,,,,,,,,,,,,,,,,,,,,,,,,,,,,,,,,,,
14762,2019,6,3,18,0,23.8,14,0,14,2.5,,,,,,,,,,,,,,,,,,,,,,,,,,,,,,,,,,,,
14763,2019,6,3,18,15,23.3,12,0,12,2.4000000000000004,,,,,,,,,,,,,,,,,,,,,,,,,,,,,,,,,,,,
14764,2019,6,3,18,30,22.700000000000003,10,0,10,2.3000000000000003,,,,,,,,,,,,,,,,,,,,,,,,,,,,,,,,,,,,
14765,2019,6,3,18,45,22.200000000000003,9,0,9,2.2,,,,,,,,,,,,,,,,,,,,,,,,,,,,,,,,,,,,
14766,2019,6,3,19,0,21.6,7,0,7,2.2,,,,,,,,,,,,,,,,,,,,,,,,,,,,,,,,,,,,
14767,2019,6,3,19,15,21.200000000000003,6,0,6,2,,,,,,,,,,,,,,,,,,,,,,,,,,,,,,,,,,,,
14768,2019,6,3,19,30,20.8,5,0,5,1.9000000000000001,,,,,,,,,,,,,,,,,,,,,,,,,,,,,,,,,,,,
14769,2019,6,3,19,45,20.400000000000002,5,0,5,1.8,,,,,,,,,,,,,,,,,,,,,,,,,,,,,,,,,,,,
14770,2019,6,3,20,0,20.1,3,0,3,1.7000000000000002,,,,,,,,,,,,,,,,,,,,,,,,,,,,,,,,,,,,
14771,2019,6,3,20,15,19.8,0,0,0,1.6,,,,,,,,,,,,,,,,,,,,,,,,,,,,,,,,,,,,
14772,2019,6,3,20,30,19.6,0,0,0,1.4000000000000001,,,,,,,,,,,,,,,,,,,,,,,,,,,,,,,,,,,,
14773,2019,6,3,20,45,19.400000000000002,0,0,0,1.3,,,,,,,,,,,,,,,,,,,,,,,,,,,,,,,,,,,,
14774,2019,6,3,21,0,19.200000000000003,0,0,0,1.2000000000000002,,,,,,,,,,,,,,,,,,,,,,,,,,,,,,,,,,,,
14775,2019,6,3,21,15,19,0,0,0,1.1,,,,,,,,,,,,,,,,,,,,,,,,,,,,,,,,,,,,
14776,2019,6,3,21,30,18.900000000000002,0,0,0,1,,,,,,,,,,,,,,,,,,,,,,,,,,,,,,,,,,,,
14777,2019,6,3,21,45,18.7,0,0,0,0.9,,,,,,,,,,,,,,,,,,,,,,,,,,,,,,,,,,,,
14778,2019,6,3,22,0,18.5,0,0,0,0.8,,,,,,,,,,,,,,,,,,,,,,,,,,,,,,,,,,,,
14779,2019,6,3,22,15,18.400000000000002,0,0,0,0.7000000000000001,,,,,,,,,,,,,,,,,,,,,,,,,,,,,,,,,,,,
14780,2019,6,3,22,30,18.3,0,0,0,0.7000000000000001,,,,,,,,,,,,,,,,,,,,,,,,,,,,,,,,,,,,
14781,2019,6,3,22,45,18.2,0,0,0,0.6000000000000001,,,,,,,,,,,,,,,,,,,,,,,,,,,,,,,,,,,,
14782,2019,6,3,23,0,18,0,0,0,0.6000000000000001,,,,,,,,,,,,,,,,,,,,,,,,,,,,,,,,,,,,
14783,2019,6,3,23,15,18,0,0,0,0.6000000000000001,,,,,,,,,,,,,,,,,,,,,,,,,,,,,,,,,,,,
14784,2019,6,3,23,30,17.900000000000002,0,0,0,0.5,,,,,,,,,,,,,,,,,,,,,,,,,,,,,,,,,,,,
14785,2019,6,3,23,45,17.8,0,0,0,0.5,,,,,,,,,,,,,,,,,,,,,,,,,,,,,,,,,,,,
14786,2019,6,4,0,0,17.7,0,0,0,0.5,,,,,,,,,,,,,,,,,,,,,,,,,,,,,,,,,,,,
14787,2019,6,4,0,15,17.7,0,0,0,0.5,,,,,,,,,,,,,,,,,,,,,,,,,,,,,,,,,,,,
14788,2019,6,4,0,30,17.7,0,0,0,0.5,,,,,,,,,,,,,,,,,,,,,,,,,,,,,,,,,,,,
14789,2019,6,4,0,45,17.7,0,0,0,0.5,,,,,,,,,,,,,,,,,,,,,,,,,,,,,,,,,,,,
14790,2019,6,4,1,0,17.6,0,0,0,0.4,,,,,,,,,,,,,,,,,,,,,,,,,,,,,,,,,,,,
14791,2019,6,4,1,15,17.5,0,0,0,0.4,,,,,,,,,,,,,,,,,,,,,,,,,,,,,,,,,,,,
14792,2019,6,4,1,30,17.400000000000002,0,0,0,0.4,,,,,,,,,,,,,,,,,,,,,,,,,,,,,,,,,,,,
14793,2019,6,4,1,45,17.3,0,0,0,0.4,,,,,,,,,,,,,,,,,,,,,,,,,,,,,,,,,,,,
14794,2019,6,4,2,0,17.2,0,0,0,0.4,,,,,,,,,,,,,,,,,,,,,,,,,,,,,,,,,,,,
14795,2019,6,4,2,15,17.1,0,0,0,0.4,,,,,,,,,,,,,,,,,,,,,,,,,,,,,,,,,,,,
14796,2019,6,4,2,30,17,0,0,0,0.4,,,,,,,,,,,,,,,,,,,,,,,,,,,,,,,,,,,,
14797,2019,6,4,2,45,16.900000000000002,0,0,0,0.5,,,,,,,,,,,,,,,,,,,,,,,,,,,,,,,,,,,,
14798,2019,6,4,3,0,16.8,0,0,0,0.5,,,,,,,,,,,,,,,,,,,,,,,,,,,,,,,,,,,,
14799,2019,6,4,3,15,16.7,0,0,0,0.5,,,,,,,,,,,,,,,,,,,,,,,,,,,,,,,,,,,,
14800,2019,6,4,3,30,16.7,0,0,0,0.5,,,,,,,,,,,,,,,,,,,,,,,,,,,,,,,,,,,,
14801,2019,6,4,3,45,16.6,0,0,0,0.5,,,,,,,,,,,,,,,,,,,,,,,,,,,,,,,,,,,,
14802,2019,6,4,4,0,16.6,0,0,0,0.5,,,,,,,,,,,,,,,,,,,,,,,,,,,,,,,,,,,,
14803,2019,6,4,4,15,16.8,7,9,7,0.6000000000000001,,,,,,,,,,,,,,,,,,,,,,,,,,,,,,,,,,,,
14804,2019,6,4,4,30,17.1,17,35,19,0.6000000000000001,,,,,,,,,,,,,,,,,,,,,,,,,,,,,,,,,,,,
14805,2019,6,4,4,45,17.400000000000002,32,76,38,0.6000000000000001,,,,,,,,,,,,,,,,,,,,,,,,,,,,,,,,,,,,
14806,2019,6,4,5,0,17.6,47,123,62,0.7000000000000001,,,,,,,,,,,,,,,,,,,,,,,,,,,,,,,,,,,,
14807,2019,6,4,5,15,17.900000000000002,62,172,90,0.8,,,,,,,,,,,,,,,,,,,,,,,,,,,,,,,,,,,,
14808,2019,6,4,5,30,18.2,77,220,120,0.9,,,,,,,,,,,,,,,,,,,,,,,,,,,,,,,,,,,,
14809,2019,6,4,5,45,18.5,90,270,152,1,,,,,,,,,,,,,,,,,,,,,,,,,,,,,,,,,,,,
14810,2019,6,4,6,0,18.8,102,314,186,1.1,,,,,,,,,,,,,,,,,,,,,,,,,,,,,,,,,,,,
14811,2019,6,4,6,15,19.200000000000003,113,354,222,1.2000000000000002,,,,,,,,,,,,,,,,,,,,,,,,,,,,,,,,,,,,
14812,2019,6,4,6,30,19.6,124,393,259,1.3,,,,,,,,,,,,,,,,,,,,,,,,,,,,,,,,,,,,
14813,2019,6,4,6,45,19.900000000000002,132,436,298,1.4000000000000001,,,,,,,,,,,,,,,,,,,,,,,,,,,,,,,,,,,,
14814,2019,6,4,7,0,20.3,140,467,336,1.5,,,,,,,,,,,,,,,,,,,,,,,,,,,,,,,,,,,,
14815,2019,6,4,7,15,20.700000000000003,149,496,374,1.6,,,,,,,,,,,,,,,,,,,,,,,,,,,,,,,,,,,,
14816,2019,6,4,7,30,21.200000000000003,156,522,412,1.7000000000000002,,,,,,,,,,,,,,,,,,,,,,,,,,,,,,,,,,,,
14817,2019,6,4,7,45,21.6,159,559,452,1.8,,,,,,,,,,,,,,,,,,,,,,,,,,,,,,,,,,,,
14818,2019,6,4,8,0,22,163,580,488,1.8,,,,,,,,,,,,,,,,,,,,,,,,,,,,,,,,,,,,
14819,2019,6,4,8,15,22.400000000000002,169,600,524,1.9000000000000001,,,,,,,,,,,,,,,,,,,,,,,,,,,,,,,,,,,,
14820,2019,6,4,8,30,22.8,174,619,560,2,,,,,,,,,,,,,,,,,,,,,,,,,,,,,,,,,,,,
14821,2019,6,4,8,45,23.200000000000003,178,638,594,2.1,,,,,,,,,,,,,,,,,,,,,,,,,,,,,,,,,,,,
14822,2019,6,4,9,0,23.6,182,652,627,2.1,,,,,,,,,,,,,,,,,,,,,,,,,,,,,,,,,,,,
14823,2019,6,4,9,15,24,186,667,659,2.2,,,,,,,,,,,,,,,,,,,,,,,,,,,,,,,,,,,,
14824,2019,6,4,9,30,24.3,190,678,688,2.2,,,,,,,,,,,,,,,,,,,,,,,,,,,,,,,,,,,,
14825,2019,6,4,9,45,24.700000000000003,196,683,713,2.2,,,,,,,,,,,,,,,,,,,,,,,,,,,,,,,,,,,,
14826,2019,6,4,10,0,25,197,694,738,2.2,,,,,,,,,,,,,,,,,,,,,,,,,,,,,,,,,,,,
14827,2019,6,4,10,15,25.3,199,702,760,2.2,,,,,,,,,,,,,,,,,,,,,,,,,,,,,,,,,,,,
14828,2019,6,4,10,30,25.6,202,709,780,2.2,,,,,,,,,,,,,,,,,,,,,,,,,,,,,,,,,,,,
14829,2019,6,4,10,45,25.900000000000002,204,717,800,2.2,,,,,,,,,,,,,,,,,,,,,,,,,,,,,,,,,,,,
14830,2019,6,4,11,0,26.200000000000003,205,722,815,2.2,,,,,,,,,,,,,,,,,,,,,,,,,,,,,,,,,,,,
14831,2019,6,4,11,15,26.400000000000002,207,726,827,2.2,,,,,,,,,,,,,,,,,,,,,,,,,,,,,,,,,,,,
14832,2019,6,4,11,30,26.6,208,729,836,2.2,,,,,,,,,,,,,,,,,,,,,,,,,,,,,,,,,,,,
14833,2019,6,4,11,45,26.900000000000002,206,736,844,2.1,,,,,,,,,,,,,,,,,,,,,,,,,,,,,,,,,,,,
14834,2019,6,4,12,0,27.1,206,739,850,2.1,,,,,,,,,,,,,,,,,,,,,,,,,,,,,,,,,,,,
14835,2019,6,4,12,15,27.200000000000003,206,739,851,2.1,,,,,,,,,,,,,,,,,,,,,,,,,,,,,,,,,,,,
14836,2019,6,4,12,30,27.400000000000002,206,739,849,2,,,,,,,,,,,,,,,,,,,,,,,,,,,,,,,,,,,,
14837,2019,6,4,12,45,27.5,218,717,839,1.9000000000000001,,,,,,,,,,,,,,,,,,,,,,,,,,,,,,,,,,,,
14838,2019,6,4,13,0,27.700000000000003,217,714,831,1.9000000000000001,,,,,,,,,,,,,,,,,,,,,,,,,,,,,,,,,,,,
14839,2019,6,4,13,15,27.8,216,711,821,1.8,,,,,,,,,,,,,,,,,,,,,,,,,,,,,,,,,,,,
14840,2019,6,4,13,30,27.900000000000002,215,706,807,1.7000000000000002,,,,,,,,,,,,,,,,,,,,,,,,,,,,,,,,,,,,
14841,2019,6,4,13,45,27.900000000000002,204,716,795,1.6,,,,,,,,,,,,,,,,,,,,,,,,,,,,,,,,,,,,
14842,2019,6,4,14,0,28,202,709,777,1.5,,,,,,,,,,,,,,,,,,,,,,,,,,,,,,,,,,,,
14843,2019,6,4,14,15,28.1,200,702,756,1.4000000000000001,,,,,,,,,,,,,,,,,,,,,,,,,,,,,,,,,,,,
14844,2019,6,4,14,30,28.1,197,693,732,1.4000000000000001,,,,,,,,,,,,,,,,,,,,,,,,,,,,,,,,,,,,
14845,2019,6,4,14,45,28.1,186,698,709,1.3,,,,,,,,,,,,,,,,,,,,,,,,,,,,,,,,,,,,
14846,2019,6,4,15,0,28.1,183,687,681,1.2000000000000002,,,,,,,,,,,,,,,,,,,,,,,,,,,,,,,,,,,,
14847,2019,6,4,15,15,28.1,179,675,651,1.2000000000000002,,,,,,,,,,,,,,,,,,,,,,,,,,,,,,,,,,,,
14848,2019,6,4,15,30,28.1,177,662,622,1.2000000000000002,,,,,,,,,,,,,,,,,,,,,,,,,,,,,,,,,,,,
14849,2019,6,4,15,45,28.1,166,663,592,1.2000000000000002,,,,,,,,,,,,,,,,,,,,,,,,,,,,,,,,,,,,
14850,2019,6,4,16,0,28,161,646,557,1.2000000000000002,,,,,,,,,,,,,,,,,,,,,,,,,,,,,,,,,,,,
14851,2019,6,4,16,15,27.900000000000002,157,628,521,1.3,,,,,,,,,,,,,,,,,,,,,,,,,,,,,,,,,,,,
14852,2019,6,4,16,30,27.8,151,608,484,1.3,,,,,,,,,,,,,,,,,,,,,,,,,,,,,,,,,,,,
14853,2019,6,4,16,45,27.700000000000003,140,599,448,1.4000000000000001,,,,,,,,,,,,,,,,,,,,,,,,,,,,,,,,,,,,
14854,2019,6,4,17,0,27.6,135,575,410,1.4000000000000001,,,,,,,,,,,,,,,,,,,,,,,,,,,,,,,,,,,,
14855,2019,6,4,17,15,27.3,128,549,371,1.4000000000000001,,,,,,,,,,,,,,,,,,,,,,,,,,,,,,,,,,,,
14856,2019,6,4,17,30,27,122,519,332,1.4000000000000001,,,,,,,,,,,,,,,,,,,,,,,,,,,,,,,,,,,,
14857,2019,6,4,17,45,26.700000000000003,111,499,295,1.4000000000000001,,,,,,,,,,,,,,,,,,,,,,,,,,,,,,,,,,,,
14858,2019,6,4,18,0,26.400000000000002,104,464,257,1.4000000000000001,,,,,,,,,,,,,,,,,,,,,,,,,,,,,,,,,,,,
14859,2019,6,4,18,15,25.700000000000003,95,424,220,1.4000000000000001,,,,,,,,,,,,,,,,,,,,,,,,,,,,,,,,,,,,
14860,2019,6,4,18,30,24.900000000000002,87,380,185,1.3,,,,,,,,,,,,,,,,,,,,,,,,,,,,,,,,,,,,
14861,2019,6,4,18,45,24.1,76,339,151,1.2000000000000002,,,,,,,,,,,,,,,,,,,,,,,,,,,,,,,,,,,,
14862,2019,6,4,19,0,23.400000000000002,65,286,118,1.1,,,,,,,,,,,,,,,,,,,,,,,,,,,,,,,,,,,,
14863,2019,6,4,19,15,22.8,54,228,87,1.2000000000000002,,,,,,,,,,,,,,,,,,,,,,,,,,,,,,,,,,,,
14864,2019,6,4,19,30,22.3,42,167,60,1.3,,,,,,,,,,,,,,,,,,,,,,,,,,,,,,,,,,,,
14865,2019,6,4,19,45,21.700000000000003,29,108,37,1.4000000000000001,,,,,,,,,,,,,,,,,,,,,,,,,,,,,,,,,,,,
14866,2019,6,4,20,0,21.200000000000003,16,51,18,1.5,,,,,,,,,,,,,,,,,,,,,,,,,,,,,,,,,,,,
14867,2019,6,4,20,15,21,0,0,0,1.6,,,,,,,,,,,,,,,,,,,,,,,,,,,,,,,,,,,,
14868,2019,6,4,20,30,20.900000000000002,0,0,0,1.7000000000000002,,,,,,,,,,,,,,,,,,,,,,,,,,,,,,,,,,,,
14869,2019,6,4,20,45,20.700000000000003,0,0,0,1.8,,,,,,,,,,,,,,,,,,,,,,,,,,,,,,,,,,,,
14870,2019,6,4,21,0,20.6,0,0,0,1.8,,,,,,,,,,,,,,,,,,,,,,,,,,,,,,,,,,,,
14871,2019,6,4,21,15,20.5,0,0,0,1.9000000000000001,,,,,,,,,,,,,,,,,,,,,,,,,,,,,,,,,,,,
14872,2019,6,4,21,30,20.400000000000002,0,0,0,2,,,,,,,,,,,,,,,,,,,,,,,,,,,,,,,,,,,,
14873,2019,6,4,21,45,20.3,0,0,0,2.1,,,,,,,,,,,,,,,,,,,,,,,,,,,,,,,,,,,,
14874,2019,6,4,22,0,20.200000000000003,0,0,0,2.2,,,,,,,,,,,,,,,,,,,,,,,,,,,,,,,,,,,,
14875,2019,6,4,22,15,20,0,0,0,2.3000000000000003,,,,,,,,,,,,,,,,,,,,,,,,,,,,,,,,,,,,
14876,2019,6,4,22,30,19.900000000000002,0,0,0,2.3000000000000003,,,,,,,,,,,,,,,,,,,,,,,,,,,,,,,,,,,,
14877,2019,6,4,22,45,19.700000000000003,0,0,0,2.3000000000000003,,,,,,,,,,,,,,,,,,,,,,,,,,,,,,,,,,,,
14878,2019,6,4,23,0,19.6,0,0,0,2.4000000000000004,,,,,,,,,,,,,,,,,,,,,,,,,,,,,,,,,,,,
14879,2019,6,4,23,15,19.400000000000002,0,0,0,2.3000000000000003,,,,,,,,,,,,,,,,,,,,,,,,,,,,,,,,,,,,
14880,2019,6,4,23,30,19.1,0,0,0,2.2,,,,,,,,,,,,,,,,,,,,,,,,,,,,,,,,,,,,
14881,2019,6,4,23,45,18.900000000000002,0,0,0,2.2,,,,,,,,,,,,,,,,,,,,,,,,,,,,,,,,,,,,
14882,2019,6,5,0,0,18.7,0,0,0,2.1,,,,,,,,,,,,,,,,,,,,,,,,,,,,,,,,,,,,
14883,2019,6,5,0,15,18.7,0,0,0,2.1,,,,,,,,,,,,,,,,,,,,,,,,,,,,,,,,,,,,
14884,2019,6,5,0,30,18.7,0,0,0,2.1,,,,,,,,,,,,,,,,,,,,,,,,,,,,,,,,,,,,
14885,2019,6,5,0,45,18.7,0,0,0,2.1,,,,,,,,,,,,,,,,,,,,,,,,,,,,,,,,,,,,
14886,2019,6,5,1,0,18,0,0,0,1.9000000000000001,,,,,,,,,,,,,,,,,,,,,,,,,,,,,,,,,,,,
14887,2019,6,5,1,15,17.900000000000002,0,0,0,1.8,,,,,,,,,,,,,,,,,,,,,,,,,,,,,,,,,,,,
14888,2019,6,5,1,30,17.7,0,0,0,1.8,,,,,,,,,,,,,,,,,,,,,,,,,,,,,,,,,,,,
14889,2019,6,5,1,45,17.6,0,0,0,1.7000000000000002,,,,,,,,,,,,,,,,,,,,,,,,,,,,,,,,,,,,
14890,2019,6,5,2,0,17.400000000000002,0,0,0,1.7000000000000002,,,,,,,,,,,,,,,,,,,,,,,,,,,,,,,,,,,,
14891,2019,6,5,2,15,17.400000000000002,0,0,0,1.7000000000000002,,,,,,,,,,,,,,,,,,,,,,,,,,,,,,,,,,,,
14892,2019,6,5,2,30,17.3,0,0,0,1.6,,,,,,,,,,,,,,,,,,,,,,,,,,,,,,,,,,,,
14893,2019,6,5,2,45,17.2,0,0,0,1.6,,,,,,,,,,,,,,,,,,,,,,,,,,,,,,,,,,,,
14894,2019,6,5,3,0,17.1,0,0,0,1.6,,,,,,,,,,,,,,,,,,,,,,,,,,,,,,,,,,,,
14895,2019,6,5,3,15,17.1,0,0,0,1.5,,,,,,,,,,,,,,,,,,,,,,,,,,,,,,,,,,,,
14896,2019,6,5,3,30,17.1,0,0,0,1.5,,,,,,,,,,,,,,,,,,,,,,,,,,,,,,,,,,,,
14897,2019,6,5,3,45,17.1,0,0,0,1.5,,,,,,,,,,,,,,,,,,,,,,,,,,,,,,,,,,,,
14898,2019,6,5,4,0,17.1,0,0,0,1.4000000000000001,,,,,,,,,,,,,,,,,,,,,,,,,,,,,,,,,,,,
14899,2019,6,5,4,15,17.5,10,26,10,1.5,,,,,,,,,,,,,,,,,,,,,,,,,,,,,,,,,,,,
14900,2019,6,5,4,30,17.900000000000002,21,75,25,1.5,,,,,,,,,,,,,,,,,,,,,,,,,,,,,,,,,,,,
14901,2019,6,5,4,45,18.400000000000002,33,143,46,1.6,,,,,,,,,,,,,,,,,,,,,,,,,,,,,,,,,,,,
14902,2019,6,5,5,0,18.8,46,209,72,1.7000000000000002,,,,,,,,,,,,,,,,,,,,,,,,,,,,,,,,,,,,
14903,2019,6,5,5,15,19.200000000000003,55,32,60,1.8,,,,,,,,,,,,,,,,,,,,,,,,,,,,,,,,,,,,
14904,2019,6,5,5,30,19.6,67,329,132,1.9000000000000001,,,,,,,,,,,,,,,,,,,,,,,,,,,,,,,,,,,,
14905,2019,6,5,5,45,20.1,76,386,167,2,,,,,,,,,,,,,,,,,,,,,,,,,,,,,,,,,,,,
14906,2019,6,5,6,0,20.5,85,433,202,2.2,,,,,,,,,,,,,,,,,,,,,,,,,,,,,,,,,,,,
14907,2019,6,5,6,15,21,93,475,239,2,,,,,,,,,,,,,,,,,,,,,,,,,,,,,,,,,,,,
14908,2019,6,5,6,30,21.400000000000002,135,128,180,1.9000000000000001,,,,,,,,,,,,,,,,,,,,,,,,,,,,,,,,,,,,
14909,2019,6,5,6,45,21.8,152,156,212,1.8,,,,,,,,,,,,,,,,,,,,,,,,,,,,,,,,,,,,
14910,2019,6,5,7,0,22.3,171,119,221,1.7000000000000002,,,,,,,,,,,,,,,,,,,,,,,,,,,,,,,,,,,,
14911,2019,6,5,7,15,23.1,188,177,268,1.7000000000000002,,,,,,,,,,,,,,,,,,,,,,,,,,,,,,,,,,,,
14912,2019,6,5,7,30,23.8,197,261,325,1.7000000000000002,,,,,,,,,,,,,,,,,,,,,,,,,,,,,,,,,,,,
14913,2019,6,5,7,45,24.6,215,261,353,1.6,,,,,,,,,,,,,,,,,,,,,,,,,,,,,,,,,,,,
14914,2019,6,5,8,0,25.400000000000002,205,399,428,1.6,,,,,,,,,,,,,,,,,,,,,,,,,,,,,,,,,,,,
14915,2019,6,5,8,15,26.200000000000003,217,414,462,1.7000000000000002,,,,,,,,,,,,,,,,,,,,,,,,,,,,,,,,,,,,
14916,2019,6,5,8,30,26.900000000000002,246,365,474,1.8,,,,,,,,,,,,,,,,,,,,,,,,,,,,,,,,,,,,
14917,2019,6,5,8,45,27.6,259,376,505,1.9000000000000001,,,,,,,,,,,,,,,,,,,,,,,,,,,,,,,,,,,,
14918,2019,6,5,9,0,28.400000000000002,307,234,467,2,,,,,,,,,,,,,,,,,,,,,,,,,,,,,,,,,,,,
14919,2019,6,5,9,15,28.700000000000003,303,329,536,2,,,,,,,,,,,,,,,,,,,,,,,,,,,,,,,,,,,,
14920,2019,6,5,9,30,29,311,350,569,2.1,,,,,,,,,,,,,,,,,,,,,,,,,,,,,,,,,,,,
14921,2019,6,5,9,45,29.3,152,765,733,2.2,,,,,,,,,,,,,,,,,,,,,,,,,,,,,,,,,,,,
14922,2019,6,5,10,0,29.700000000000003,155,773,758,2.3000000000000003,,,,,,,,,,,,,,,,,,,,,,,,,,,,,,,,,,,,
14923,2019,6,5,10,15,29.900000000000002,156,779,779,2.3000000000000003,,,,,,,,,,,,,,,,,,,,,,,,,,,,,,,,,,,,
14924,2019,6,5,10,30,30.1,158,785,799,2.4000000000000004,,,,,,,,,,,,,,,,,,,,,,,,,,,,,,,,,,,,
14925,2019,6,5,10,45,30.3,161,787,816,2.4000000000000004,,,,,,,,,,,,,,,,,,,,,,,,,,,,,,,,,,,,
14926,2019,6,5,11,0,30.5,162,791,830,2.5,,,,,,,,,,,,,,,,,,,,,,,,,,,,,,,,,,,,
14927,2019,6,5,11,15,30.6,165,795,844,2.5,,,,,,,,,,,,,,,,,,,,,,,,,,,,,,,,,,,,
14928,2019,6,5,11,30,30.700000000000003,165,798,854,2.5,,,,,,,,,,,,,,,,,,,,,,,,,,,,,,,,,,,,
14929,2019,6,5,11,45,30.900000000000002,168,794,858,2.5,,,,,,,,,,,,,,,,,,,,,,,,,,,,,,,,,,,,
14930,2019,6,5,12,0,31,168,795,862,2.5,,,,,,,,,,,,,,,,,,,,,,,,,,,,,,,,,,,,
14931,2019,6,5,12,15,31.1,168,796,862,2.5,,,,,,,,,,,,,,,,,,,,,,,,,,,,,,,,,,,,
14932,2019,6,5,12,30,31.200000000000003,168,795,861,2.5,,,,,,,,,,,,,,,,,,,,,,,,,,,,,,,,,,,,
14933,2019,6,5,12,45,31.3,176,780,852,2.5,,,,,,,,,,,,,,,,,,,,,,,,,,,,,,,,,,,,
14934,2019,6,5,13,0,31.3,175,778,845,2.5,,,,,,,,,,,,,,,,,,,,,,,,,,,,,,,,,,,,
14935,2019,6,5,13,15,31.400000000000002,174,775,834,2.4000000000000004,,,,,,,,,,,,,,,,,,,,,,,,,,,,,,,,,,,,
14936,2019,6,5,13,30,31.400000000000002,173,769,820,2.4000000000000004,,,,,,,,,,,,,,,,,,,,,,,,,,,,,,,,,,,,
14937,2019,6,5,13,45,31.400000000000002,175,759,802,2.4000000000000004,,,,,,,,,,,,,,,,,,,,,,,,,,,,,,,,,,,,
14938,2019,6,5,14,0,31.400000000000002,173,753,784,2.3000000000000003,,,,,,,,,,,,,,,,,,,,,,,,,,,,,,,,,,,,
14939,2019,6,5,14,15,31.400000000000002,171,746,763,2.3000000000000003,,,,,,,,,,,,,,,,,,,,,,,,,,,,,,,,,,,,
14940,2019,6,5,14,30,31.3,169,738,740,2.3000000000000003,,,,,,,,,,,,,,,,,,,,,,,,,,,,,,,,,,,,
14941,2019,6,5,14,45,31.3,171,721,713,2.2,,,,,,,,,,,,,,,,,,,,,,,,,,,,,,,,,,,,
14942,2019,6,5,15,0,31.200000000000003,168,711,685,2.2,,,,,,,,,,,,,,,,,,,,,,,,,,,,,,,,,,,,
14943,2019,6,5,15,15,31.1,165,699,656,2.2,,,,,,,,,,,,,,,,,,,,,,,,,,,,,,,,,,,,
14944,2019,6,5,15,30,31,162,687,624,2.1,,,,,,,,,,,,,,,,,,,,,,,,,,,,,,,,,,,,
14945,2019,6,5,15,45,30.900000000000002,164,658,588,2.1,,,,,,,,,,,,,,,,,,,,,,,,,,,,,,,,,,,,
14946,2019,6,5,16,0,30.8,161,640,555,2,,,,,,,,,,,,,,,,,,,,,,,,,,,,,,,,,,,,
14947,2019,6,5,16,15,30.700000000000003,157,623,519,2,,,,,,,,,,,,,,,,,,,,,,,,,,,,,,,,,,,,
14948,2019,6,5,16,30,30.5,175,486,442,2,,,,,,,,,,,,,,,,,,,,,,,,,,,,,,,,,,,,
14949,2019,6,5,16,45,30.3,191,364,378,2,,,,,,,,,,,,,,,,,,,,,,,,,,,,,,,,,,,,
14950,2019,6,5,17,0,30.200000000000003,181,325,337,2,,,,,,,,,,,,,,,,,,,,,,,,,,,,,,,,,,,,
14951,2019,6,5,17,15,29.6,166,311,304,1.9000000000000001,,,,,,,,,,,,,,,,,,,,,,,,,,,,,,,,,,,,
14952,2019,6,5,17,30,29.1,156,259,261,1.8,,,,,,,,,,,,,,,,,,,,,,,,,,,,,,,,,,,,
14953,2019,6,5,17,45,28.5,130,322,249,1.7000000000000002,,,,,,,,,,,,,,,,,,,,,,,,,,,,,,,,,,,,
14954,2019,6,5,18,0,28,114,313,219,1.6,,,,,,,,,,,,,,,,,,,,,,,,,,,,,,,,,,,,
14955,2019,6,5,18,15,27.3,99,310,191,1.5,,,,,,,,,,,,,,,,,,,,,,,,,,,,,,,,,,,,
14956,2019,6,5,18,30,26.700000000000003,87,271,157,1.5,,,,,,,,,,,,,,,,,,,,,,,,,,,,,,,,,,,,
14957,2019,6,5,18,45,26.1,74,245,129,1.5,,,,,,,,,,,,,,,,,,,,,,,,,,,,,,,,,,,,
14958,2019,6,5,19,0,25.5,62,217,102,1.5,,,,,,,,,,,,,,,,,,,,,,,,,,,,,,,,,,,,
14959,2019,6,5,19,15,25.1,59,172,84,1.7000000000000002,,,,,,,,,,,,,,,,,,,,,,,,,,,,,,,,,,,,
14960,2019,6,5,19,30,24.700000000000003,44,121,57,1.8,,,,,,,,,,,,,,,,,,,,,,,,,,,,,,,,,,,,
14961,2019,6,5,19,45,24.3,29,81,35,2,,,,,,,,,,,,,,,,,,,,,,,,,,,,,,,,,,,,
14962,2019,6,5,20,0,24,15,38,17,2.2,,,,,,,,,,,,,,,,,,,,,,,,,,,,,,,,,,,,
14963,2019,6,5,20,15,23.8,0,0,0,2.4000000000000004,,,,,,,,,,,,,,,,,,,,,,,,,,,,,,,,,,,,
14964,2019,6,5,20,30,23.6,0,0,0,2.6,,,,,,,,,,,,,,,,,,,,,,,,,,,,,,,,,,,,
14965,2019,6,5,20,45,23.400000000000002,0,0,0,2.8000000000000003,,,,,,,,,,,,,,,,,,,,,,,,,,,,,,,,,,,,
14966,2019,6,5,21,0,23.3,0,0,0,3.1,,,,,,,,,,,,,,,,,,,,,,,,,,,,,,,,,,,,
14967,2019,6,5,21,15,22.900000000000002,0,0,0,3.1,,,,,,,,,,,,,,,,,,,,,,,,,,,,,,,,,,,,
14968,2019,6,5,21,30,22.6,0,0,0,3.1,,,,,,,,,,,,,,,,,,,,,,,,,,,,,,,,,,,,
14969,2019,6,5,21,45,22.3,0,0,0,3.1,,,,,,,,,,,,,,,,,,,,,,,,,,,,,,,,,,,,
14970,2019,6,5,22,0,22,0,0,0,3.1,,,,,,,,,,,,,,,,,,,,,,,,,,,,,,,,,,,,
14971,2019,6,5,22,15,21.700000000000003,0,0,0,3,,,,,,,,,,,,,,,,,,,,,,,,,,,,,,,,,,,,
14972,2019,6,5,22,30,21.400000000000002,0,0,0,2.9000000000000004,,,,,,,,,,,,,,,,,,,,,,,,,,,,,,,,,,,,
14973,2019,6,5,22,45,21.1,0,0,0,2.8000000000000003,,,,,,,,,,,,,,,,,,,,,,,,,,,,,,,,,,,,
14974,2019,6,5,23,0,20.8,0,0,0,2.7,,,,,,,,,,,,,,,,,,,,,,,,,,,,,,,,,,,,
14975,2019,6,5,23,15,20.5,0,0,0,2.6,,,,,,,,,,,,,,,,,,,,,,,,,,,,,,,,,,,,
14976,2019,6,5,23,30,20.3,0,0,0,2.5,,,,,,,,,,,,,,,,,,,,,,,,,,,,,,,,,,,,
14977,2019,6,5,23,45,20.1,0,0,0,2.5,,,,,,,,,,,,,,,,,,,,,,,,,,,,,,,,,,,,
14978,2019,6,6,0,0,19.8,0,0,0,2.4000000000000004,,,,,,,,,,,,,,,,,,,,,,,,,,,,,,,,,,,,
14979,2019,6,6,0,15,19.8,0,0,0,2.4000000000000004,,,,,,,,,,,,,,,,,,,,,,,,,,,,,,,,,,,,
14980,2019,6,6,0,30,19.8,0,0,0,2.4000000000000004,,,,,,,,,,,,,,,,,,,,,,,,,,,,,,,,,,,,
14981,2019,6,6,0,45,19.8,0,0,0,2.4000000000000004,,,,,,,,,,,,,,,,,,,,,,,,,,,,,,,,,,,,
14982,2019,6,6,1,0,19,0,0,0,2.1,,,,,,,,,,,,,,,,,,,,,,,,,,,,,,,,,,,,
14983,2019,6,6,1,15,18.8,0,0,0,2.1,,,,,,,,,,,,,,,,,,,,,,,,,,,,,,,,,,,,
14984,2019,6,6,1,30,18.6,0,0,0,2,,,,,,,,,,,,,,,,,,,,,,,,,,,,,,,,,,,,
14985,2019,6,6,1,45,18.400000000000002,0,0,0,2,,,,,,,,,,,,,,,,,,,,,,,,,,,,,,,,,,,,
14986,2019,6,6,2,0,18.2,0,0,0,1.9000000000000001,,,,,,,,,,,,,,,,,,,,,,,,,,,,,,,,,,,,
14987,2019,6,6,2,15,18,0,0,0,1.8,,,,,,,,,,,,,,,,,,,,,,,,,,,,,,,,,,,,
14988,2019,6,6,2,30,17.900000000000002,0,0,0,1.8,,,,,,,,,,,,,,,,,,,,,,,,,,,,,,,,,,,,
14989,2019,6,6,2,45,17.7,0,0,0,1.7000000000000002,,,,,,,,,,,,,,,,,,,,,,,,,,,,,,,,,,,,
14990,2019,6,6,3,0,17.5,0,0,0,1.7000000000000002,,,,,,,,,,,,,,,,,,,,,,,,,,,,,,,,,,,,
14991,2019,6,6,3,15,17.400000000000002,0,0,0,1.6,,,,,,,,,,,,,,,,,,,,,,,,,,,,,,,,,,,,
14992,2019,6,6,3,30,17.400000000000002,0,0,0,1.6,,,,,,,,,,,,,,,,,,,,,,,,,,,,,,,,,,,,
14993,2019,6,6,3,45,17.3,0,0,0,1.5,,,,,,,,,,,,,,,,,,,,,,,,,,,,,,,,,,,,
14994,2019,6,6,4,0,17.3,0,0,0,1.4000000000000001,,,,,,,,,,,,,,,,,,,,,,,,,,,,,,,,,,,,
14995,2019,6,6,4,15,17.6,10,43,11,1.6,,,,,,,,,,,,,,,,,,,,,,,,,,,,,,,,,,,,
14996,2019,6,6,4,30,18,20,104,26,1.7000000000000002,,,,,,,,,,,,,,,,,,,,,,,,,,,,,,,,,,,,
14997,2019,6,6,4,45,18.400000000000002,32,171,48,1.8,,,,,,,,,,,,,,,,,,,,,,,,,,,,,,,,,,,,
14998,2019,6,6,5,0,18.7,43,240,73,1.9000000000000001,,,,,,,,,,,,,,,,,,,,,,,,,,,,,,,,,,,,
14999,2019,6,6,5,15,19.1,54,20,57,2,,,,,,,,,,,,,,,,,,,,,,,,,,,,,,,,,,,,
15000,2019,6,6,5,30,19.5,63,0,63,2,,,,,,,,,,,,,,,,,,,,,,,,,,,,,,,,,,,,
15001,2019,6,6,5,45,19.900000000000002,78,2,78,2,,,,,,,,,,,,,,,,,,,,,,,,,,,,,,,,,,,,
15002,2019,6,6,6,0,20.3,93,11,96,2.1,,,,,,,,,,,,,,,,,,,,,,,,,,,,,,,,,,,,
15003,2019,6,6,6,15,20.8,117,68,138,2.2,,,,,,,,,,,,,,,,,,,,,,,,,,,,,,,,,,,,
15004,2019,6,6,6,30,21.400000000000002,136,105,172,2.4000000000000004,,,,,,,,,,,,,,,,,,,,,,,,,,,,,,,,,,,,
15005,2019,6,6,6,45,22,144,255,242,2.5,,,,,,,,,,,,,,,,,,,,,,,,,,,,,,,,,,,,
15006,2019,6,6,7,0,22.5,172,135,228,2.7,,,,,,,,,,,,,,,,,,,,,,,,,,,,,,,,,,,,
15007,2019,6,6,7,15,22.900000000000002,189,111,240,3,,,,,,,,,,,,,,,,,,,,,,,,,,,,,,,,,,,,
15008,2019,6,6,7,30,23.200000000000003,37,0,37,3.2,,,,,,,,,,,,,,,,,,,,,,,,,,,,,,,,,,,,
15009,2019,6,6,7,45,23.5,65,0,65,3.5,,,,,,,,,,,,,,,,,,,,,,,,,,,,,,,,,,,,
15010,2019,6,6,8,0,23.900000000000002,26,0,26,3.8000000000000003,,,,,,,,,,,,,,,,,,,,,,,,,,,,,,,,,,,,
15011,2019,6,6,8,15,23.900000000000002,36,0,36,4,,,,,,,,,,,,,,,,,,,,,,,,,,,,,,,,,,,,
15012,2019,6,6,8,30,23.900000000000002,32,0,32,4.3,,,,,,,,,,,,,,,,,,,,,,,,,,,,,,,,,,,,
15013,2019,6,6,8,45,23.900000000000002,35,0,35,4.5,,,,,,,,,,,,,,,,,,,,,,,,,,,,,,,,,,,,
15014,2019,6,6,9,0,24,58,0,58,4.800000000000001,,,,,,,,,,,,,,,,,,,,,,,,,,,,,,,,,,,,
15015,2019,6,6,9,15,23.8,62,0,62,4.9,,,,,,,,,,,,,,,,,,,,,,,,,,,,,,,,,,,,
15016,2019,6,6,9,30,23.5,63,0,63,5,,,,,,,,,,,,,,,,,,,,,,,,,,,,,,,,,,,,
15017,2019,6,6,9,45,23.3,66,0,66,5.1000000000000005,,,,,,,,,,,,,,,,,,,,,,,,,,,,,,,,,,,,
15018,2019,6,6,10,0,23.1,51,0,51,5.300000000000001,,,,,,,,,,,,,,,,,,,,,,,,,,,,,,,,,,,,
15019,2019,6,6,10,15,22.8,54,0,54,5.300000000000001,,,,,,,,,,,,,,,,,,,,,,,,,,,,,,,,,,,,
15020,2019,6,6,10,30,22.400000000000002,237,12,247,5.4,,,,,,,,,,,,,,,,,,,,,,,,,,,,,,,,,,,,
15021,2019,6,6,10,45,22.1,188,7,194,5.4,,,,,,,,,,,,,,,,,,,,,,,,,,,,,,,,,,,,
15022,2019,6,6,11,0,21.700000000000003,384,67,441,5.5,,,,,,,,,,,,,,,,,,,,,,,,,,,,,,,,,,,,
15023,2019,6,6,11,15,21.400000000000002,350,36,380,5.5,,,,,,,,,,,,,,,,,,,,,,,,,,,,,,,,,,,,
15024,2019,6,6,11,30,21,417,110,512,5.5,,,,,,,,,,,,,,,,,,,,,,,,,,,,,,,,,,,,
15025,2019,6,6,11,45,20.6,385,54,432,5.6000000000000005,,,,,,,,,,,,,,,,,,,,,,,,,,,,,,,,,,,,
15026,2019,6,6,12,0,20.200000000000003,377,47,418,5.6000000000000005,,,,,,,,,,,,,,,,,,,,,,,,,,,,,,,,,,,,
15027,2019,6,6,12,15,19.900000000000002,429,142,553,5.5,,,,,,,,,,,,,,,,,,,,,,,,,,,,,,,,,,,,
15028,2019,6,6,12,30,19.6,240,12,250,5.5,,,,,,,,,,,,,,,,,,,,,,,,,,,,,,,,,,,,
15029,2019,6,6,12,45,19.3,306,20,324,5.4,,,,,,,,,,,,,,,,,,,,,,,,,,,,,,,,,,,,
15030,2019,6,6,13,0,19,207,9,215,5.300000000000001,,,,,,,,,,,,,,,,,,,,,,,,,,,,,,,,,,,,
15031,2019,6,6,13,15,18.900000000000002,74,0,74,5.2,,,,,,,,,,,,,,,,,,,,,,,,,,,,,,,,,,,,
15032,2019,6,6,13,30,18.7,87,0,87,5.1000000000000005,,,,,,,,,,,,,,,,,,,,,,,,,,,,,,,,,,,,
15033,2019,6,6,13,45,18.6,73,0,73,5,,,,,,,,,,,,,,,,,,,,,,,,,,,,,,,,,,,,
15034,2019,6,6,14,0,18.5,83,0,83,4.9,,,,,,,,,,,,,,,,,,,,,,,,,,,,,,,,,,,,
15035,2019,6,6,14,15,18.400000000000002,69,0,69,4.800000000000001,,,,,,,,,,,,,,,,,,,,,,,,,,,,,,,,,,,,
15036,2019,6,6,14,30,18.2,75,0,75,4.7,,,,,,,,,,,,,,,,,,,,,,,,,,,,,,,,,,,,
15037,2019,6,6,14,45,18.1,66,0,66,4.7,,,,,,,,,,,,,,,,,,,,,,,,,,,,,,,,,,,,
15038,2019,6,6,15,0,18,291,36,317,4.6000000000000005,,,,,,,,,,,,,,,,,,,,,,,,,,,,,,,,,,,,
15039,2019,6,6,15,15,17.900000000000002,61,0,61,4.5,,,,,,,,,,,,,,,,,,,,,,,,,,,,,,,,,,,,
15040,2019,6,6,15,30,17.900000000000002,82,0,82,4.4,,,,,,,,,,,,,,,,,,,,,,,,,,,,,,,,,,,,
15041,2019,6,6,15,45,17.8,54,0,54,4.4,,,,,,,,,,,,,,,,,,,,,,,,,,,,,,,,,,,,
15042,2019,6,6,16,0,17.7,51,0,51,4.3,,,,,,,,,,,,,,,,,,,,,,,,,,,,,,,,,,,,
15043,2019,6,6,16,15,17.6,48,0,48,4.2,,,,,,,,,,,,,,,,,,,,,,,,,,,,,,,,,,,,
15044,2019,6,6,16,30,17.5,63,0,63,4.1000000000000005,,,,,,,,,,,,,,,,,,,,,,,,,,,,,,,,,,,,
15045,2019,6,6,16,45,17.400000000000002,166,7,169,4,,,,,,,,,,,,,,,,,,,,,,,,,,,,,,,,,,,,
15046,2019,6,6,17,0,17.400000000000002,60,0,60,3.9000000000000004,,,,,,,,,,,,,,,,,,,,,,,,,,,,,,,,,,,,
15047,2019,6,6,17,15,17.2,116,0,116,3.8000000000000003,,,,,,,,,,,,,,,,,,,,,,,,,,,,,,,,,,,,
15048,2019,6,6,17,30,17.1,166,112,211,3.6,,,,,,,,,,,,,,,,,,,,,,,,,,,,,,,,,,,,
15049,2019,6,6,17,45,17,140,249,232,3.5,,,,,,,,,,,,,,,,,,,,,,,,,,,,,,,,,,,,
15050,2019,6,6,18,0,16.8,130,153,181,3.3000000000000003,,,,,,,,,,,,,,,,,,,,,,,,,,,,,,,,,,,,
15051,2019,6,6,18,15,16.6,70,0,70,3,,,,,,,,,,,,,,,,,,,,,,,,,,,,,,,,,,,,
15052,2019,6,6,18,30,16.3,57,0,57,2.7,,,,,,,,,,,,,,,,,,,,,,,,,,,,,,,,,,,,
15053,2019,6,6,18,45,16.1,46,0,46,2.5,,,,,,,,,,,,,,,,,,,,,,,,,,,,,,,,,,,,
15054,2019,6,6,19,0,15.8,35,0,35,2.2,,,,,,,,,,,,,,,,,,,,,,,,,,,,,,,,,,,,
15055,2019,6,6,19,15,15.5,26,0,26,2,,,,,,,,,,,,,,,,,,,,,,,,,,,,,,,,,,,,
15056,2019,6,6,19,30,15.200000000000001,19,0,19,1.8,,,,,,,,,,,,,,,,,,,,,,,,,,,,,,,,,,,,
15057,2019,6,6,19,45,14.9,12,0,12,1.6,,,,,,,,,,,,,,,,,,,,,,,,,,,,,,,,,,,,
15058,2019,6,6,20,0,14.700000000000001,7,0,7,1.5,,,,,,,,,,,,,,,,,,,,,,,,,,,,,,,,,,,,
15059,2019,6,6,20,15,14.5,6,6,6,1.5,,,,,,,,,,,,,,,,,,,,,,,,,,,,,,,,,,,,
15060,2019,6,6,20,30,14.3,0,0,0,1.6,,,,,,,,,,,,,,,,,,,,,,,,,,,,,,,,,,,,
15061,2019,6,6,20,45,14.100000000000001,0,0,0,1.6,,,,,,,,,,,,,,,,,,,,,,,,,,,,,,,,,,,,
15062,2019,6,6,21,0,14,0,0,0,1.7000000000000002,,,,,,,,,,,,,,,,,,,,,,,,,,,,,,,,,,,,
15063,2019,6,6,21,15,13.9,0,0,0,1.7000000000000002,,,,,,,,,,,,,,,,,,,,,,,,,,,,,,,,,,,,
15064,2019,6,6,21,30,13.8,0,0,0,1.8,,,,,,,,,,,,,,,,,,,,,,,,,,,,,,,,,,,,
15065,2019,6,6,21,45,13.700000000000001,0,0,0,1.9000000000000001,,,,,,,,,,,,,,,,,,,,,,,,,,,,,,,,,,,,
15066,2019,6,6,22,0,13.600000000000001,0,0,0,1.9000000000000001,,,,,,,,,,,,,,,,,,,,,,,,,,,,,,,,,,,,
15067,2019,6,6,22,15,13.5,0,0,0,1.9000000000000001,,,,,,,,,,,,,,,,,,,,,,,,,,,,,,,,,,,,
15068,2019,6,6,22,30,13.4,0,0,0,1.9000000000000001,,,,,,,,,,,,,,,,,,,,,,,,,,,,,,,,,,,,
15069,2019,6,6,22,45,13.3,0,0,0,1.8,,,,,,,,,,,,,,,,,,,,,,,,,,,,,,,,,,,,
15070,2019,6,6,23,0,13.100000000000001,0,0,0,1.8,,,,,,,,,,,,,,,,,,,,,,,,,,,,,,,,,,,,
15071,2019,6,6,23,15,13,0,0,0,1.7000000000000002,,,,,,,,,,,,,,,,,,,,,,,,,,,,,,,,,,,,
15072,2019,6,6,23,30,12.8,0,0,0,1.7000000000000002,,,,,,,,,,,,,,,,,,,,,,,,,,,,,,,,,,,,
15073,2019,6,6,23,45,12.600000000000001,0,0,0,1.6,,,,,,,,,,,,,,,,,,,,,,,,,,,,,,,,,,,,
15074,2019,6,7,0,0,12.4,0,0,0,1.6,,,,,,,,,,,,,,,,,,,,,,,,,,,,,,,,,,,,
15075,2019,6,7,0,15,12.4,0,0,0,1.6,,,,,,,,,,,,,,,,,,,,,,,,,,,,,,,,,,,,
15076,2019,6,7,0,30,12.4,0,0,0,1.6,,,,,,,,,,,,,,,,,,,,,,,,,,,,,,,,,,,,
15077,2019,6,7,0,45,12.4,0,0,0,1.6,,,,,,,,,,,,,,,,,,,,,,,,,,,,,,,,,,,,
15078,2019,6,7,1,0,11.700000000000001,0,0,0,1.2000000000000002,,,,,,,,,,,,,,,,,,,,,,,,,,,,,,,,,,,,
15079,2019,6,7,1,15,11.600000000000001,0,0,0,1.2000000000000002,,,,,,,,,,,,,,,,,,,,,,,,,,,,,,,,,,,,
15080,2019,6,7,1,30,11.5,0,0,0,1.1,,,,,,,,,,,,,,,,,,,,,,,,,,,,,,,,,,,,
15081,2019,6,7,1,45,11.4,0,0,0,1,,,,,,,,,,,,,,,,,,,,,,,,,,,,,,,,,,,,
15082,2019,6,7,2,0,11.3,0,0,0,0.9,,,,,,,,,,,,,,,,,,,,,,,,,,,,,,,,,,,,
15083,2019,6,7,2,15,11.200000000000001,0,0,0,0.9,,,,,,,,,,,,,,,,,,,,,,,,,,,,,,,,,,,,
15084,2019,6,7,2,30,11.200000000000001,0,0,0,0.8,,,,,,,,,,,,,,,,,,,,,,,,,,,,,,,,,,,,
15085,2019,6,7,2,45,11.100000000000001,0,0,0,0.8,,,,,,,,,,,,,,,,,,,,,,,,,,,,,,,,,,,,
15086,2019,6,7,3,0,11.100000000000001,0,0,0,0.8,,,,,,,,,,,,,,,,,,,,,,,,,,,,,,,,,,,,
15087,2019,6,7,3,15,11.200000000000001,0,0,0,0.7000000000000001,,,,,,,,,,,,,,,,,,,,,,,,,,,,,,,,,,,,
15088,2019,6,7,3,30,11.200000000000001,0,0,0,0.7000000000000001,,,,,,,,,,,,,,,,,,,,,,,,,,,,,,,,,,,,
15089,2019,6,7,3,45,11.3,0,0,0,0.7000000000000001,,,,,,,,,,,,,,,,,,,,,,,,,,,,,,,,,,,,
15090,2019,6,7,4,0,11.4,0,0,0,0.6000000000000001,,,,,,,,,,,,,,,,,,,,,,,,,,,,,,,,,,,,
15091,2019,6,7,4,15,11.700000000000001,11,44,13,0.7000000000000001,,,,,,,,,,,,,,,,,,,,,,,,,,,,,,,,,,,,
15092,2019,6,7,4,30,12,22,112,29,0.8,,,,,,,,,,,,,,,,,,,,,,,,,,,,,,,,,,,,
15093,2019,6,7,4,45,12.3,33,198,52,0.8,,,,,,,,,,,,,,,,,,,,,,,,,,,,,,,,,,,,
15094,2019,6,7,5,0,12.600000000000001,44,273,78,0.9,,,,,,,,,,,,,,,,,,,,,,,,,,,,,,,,,,,,
15095,2019,6,7,5,15,13.100000000000001,53,341,109,0.9,,,,,,,,,,,,,,,,,,,,,,,,,,,,,,,,,,,,
15096,2019,6,7,5,30,13.5,61,401,141,0.9,,,,,,,,,,,,,,,,,,,,,,,,,,,,,,,,,,,,
15097,2019,6,7,5,45,13.9,69,457,177,0.9,,,,,,,,,,,,,,,,,,,,,,,,,,,,,,,,,,,,
15098,2019,6,7,6,0,14.3,16,0,16,0.9,,,,,,,,,,,,,,,,,,,,,,,,,,,,,,,,,,,,
15099,2019,6,7,6,15,14.8,19,0,19,1,,,,,,,,,,,,,,,,,,,,,,,,,,,,,,,,,,,,
15100,2019,6,7,6,30,15.200000000000001,23,0,23,1,,,,,,,,,,,,,,,,,,,,,,,,,,,,,,,,,,,,
15101,2019,6,7,6,45,15.700000000000001,26,0,26,1.1,,,,,,,,,,,,,,,,,,,,,,,,,,,,,,,,,,,,
15102,2019,6,7,7,0,16.1,30,0,30,1.2000000000000002,,,,,,,,,,,,,,,,,,,,,,,,,,,,,,,,,,,,
15103,2019,6,7,7,15,16.5,34,0,34,1.3,,,,,,,,,,,,,,,,,,,,,,,,,,,,,,,,,,,,
15104,2019,6,7,7,30,16.900000000000002,38,0,38,1.4000000000000001,,,,,,,,,,,,,,,,,,,,,,,,,,,,,,,,,,,,
15105,2019,6,7,7,45,17.3,89,0,89,1.5,,,,,,,,,,,,,,,,,,,,,,,,,,,,,,,,,,,,
15106,2019,6,7,8,0,17.7,173,6,177,1.6,,,,,,,,,,,,,,,,,,,,,,,,,,,,,,,,,,,,
15107,2019,6,7,8,15,18.1,188,9,193,1.7000000000000002,,,,,,,,,,,,,,,,,,,,,,,,,,,,,,,,,,,,
15108,2019,6,7,8,30,18.400000000000002,279,189,397,1.8,,,,,,,,,,,,,,,,,,,,,,,,,,,,,,,,,,,,
15109,2019,6,7,8,45,18.7,135,766,637,1.9000000000000001,,,,,,,,,,,,,,,,,,,,,,,,,,,,,,,,,,,,
15110,2019,6,7,9,0,19.1,138,779,671,2,,,,,,,,,,,,,,,,,,,,,,,,,,,,,,,,,,,,
15111,2019,6,7,9,15,19.400000000000002,139,787,699,2,,,,,,,,,,,,,,,,,,,,,,,,,,,,,,,,,,,,
15112,2019,6,7,9,30,19.8,313,342,566,2.1,,,,,,,,,,,,,,,,,,,,,,,,,,,,,,,,,,,,
15113,2019,6,7,9,45,20.1,346,266,548,2.1,,,,,,,,,,,,,,,,,,,,,,,,,,,,,,,,,,,,
15114,2019,6,7,10,0,20.400000000000002,358,272,571,2.2,,,,,,,,,,,,,,,,,,,,,,,,,,,,,,,,,,,,
15115,2019,6,7,10,15,20.8,369,275,589,2.2,,,,,,,,,,,,,,,,,,,,,,,,,,,,,,,,,,,,
15116,2019,6,7,10,30,21.1,348,47,386,2.3000000000000003,,,,,,,,,,,,,,,,,,,,,,,,,,,,,,,,,,,,
15117,2019,6,7,10,45,21.400000000000002,356,47,395,2.3000000000000003,,,,,,,,,,,,,,,,,,,,,,,,,,,,,,,,,,,,
15118,2019,6,7,11,0,21.700000000000003,364,48,404,2.4000000000000004,,,,,,,,,,,,,,,,,,,,,,,,,,,,,,,,,,,,
15119,2019,6,7,11,15,22,376,53,421,2.4000000000000004,,,,,,,,,,,,,,,,,,,,,,,,,,,,,,,,,,,,
15120,2019,6,7,11,30,22.200000000000003,356,37,388,2.5,,,,,,,,,,,,,,,,,,,,,,,,,,,,,,,,,,,,
15121,2019,6,7,11,45,22.5,406,77,473,2.5,,,,,,,,,,,,,,,,,,,,,,,,,,,,,,,,,,,,
15122,2019,6,7,12,0,22.8,424,115,524,2.6,,,,,,,,,,,,,,,,,,,,,,,,,,,,,,,,,,,,
15123,2019,6,7,12,15,23,426,122,533,2.7,,,,,,,,,,,,,,,,,,,,,,,,,,,,,,,,,,,,
15124,2019,6,7,12,30,23.200000000000003,426,127,537,2.7,,,,,,,,,,,,,,,,,,,,,,,,,,,,,,,,,,,,
15125,2019,6,7,12,45,23.400000000000002,423,125,532,2.8000000000000003,,,,,,,,,,,,,,,,,,,,,,,,,,,,,,,,,,,,
15126,2019,6,7,13,0,23.6,149,837,871,2.9000000000000004,,,,,,,,,,,,,,,,,,,,,,,,,,,,,,,,,,,,
15127,2019,6,7,13,15,23.700000000000003,148,834,860,2.9000000000000004,,,,,,,,,,,,,,,,,,,,,,,,,,,,,,,,,,,,
15128,2019,6,7,13,30,23.900000000000002,147,829,845,3,,,,,,,,,,,,,,,,,,,,,,,,,,,,,,,,,,,,
15129,2019,6,7,13,45,24,150,817,827,3,,,,,,,,,,,,,,,,,,,,,,,,,,,,,,,,,,,,
15130,2019,6,7,14,0,24.200000000000003,148,812,809,3.1,,,,,,,,,,,,,,,,,,,,,,,,,,,,,,,,,,,,
15131,2019,6,7,14,15,24.3,147,806,788,3.1,,,,,,,,,,,,,,,,,,,,,,,,,,,,,,,,,,,,
15132,2019,6,7,14,30,24.400000000000002,145,797,763,3.2,,,,,,,,,,,,,,,,,,,,,,,,,,,,,,,,,,,,
15133,2019,6,7,14,45,24.6,144,787,737,3.3000000000000003,,,,,,,,,,,,,,,,,,,,,,,,,,,,,,,,,,,,
15134,2019,6,7,15,0,24.700000000000003,141,778,709,3.3000000000000003,,,,,,,,,,,,,,,,,,,,,,,,,,,,,,,,,,,,
15135,2019,6,7,15,15,24.700000000000003,139,767,679,3.3000000000000003,,,,,,,,,,,,,,,,,,,,,,,,,,,,,,,,,,,,
15136,2019,6,7,15,30,24.8,136,754,646,3.4000000000000004,,,,,,,,,,,,,,,,,,,,,,,,,,,,,,,,,,,,
15137,2019,6,7,15,45,24.8,135,737,612,3.4000000000000004,,,,,,,,,,,,,,,,,,,,,,,,,,,,,,,,,,,,
15138,2019,6,7,16,0,24.900000000000002,131,723,577,3.4000000000000004,,,,,,,,,,,,,,,,,,,,,,,,,,,,,,,,,,,,
15139,2019,6,7,16,15,24.8,128,707,541,3.4000000000000004,,,,,,,,,,,,,,,,,,,,,,,,,,,,,,,,,,,,
15140,2019,6,7,16,30,24.700000000000003,124,687,503,3.3000000000000003,,,,,,,,,,,,,,,,,,,,,,,,,,,,,,,,,,,,
15141,2019,6,7,16,45,24.700000000000003,119,667,465,3.3000000000000003,,,,,,,,,,,,,,,,,,,,,,,,,,,,,,,,,,,,
15142,2019,6,7,17,0,24.6,115,645,426,3.3000000000000003,,,,,,,,,,,,,,,,,,,,,,,,,,,,,,,,,,,,
15143,2019,6,7,17,15,24.400000000000002,110,621,387,3.1,,,,,,,,,,,,,,,,,,,,,,,,,,,,,,,,,,,,
15144,2019,6,7,17,30,24.200000000000003,104,593,348,2.9000000000000004,,,,,,,,,,,,,,,,,,,,,,,,,,,,,,,,,,,,
15145,2019,6,7,17,45,23.900000000000002,97,568,309,2.8000000000000003,,,,,,,,,,,,,,,,,,,,,,,,,,,,,,,,,,,,
15146,2019,6,7,18,0,23.700000000000003,91,534,271,2.6,,,,,,,,,,,,,,,,,,,,,,,,,,,,,,,,,,,,
15147,2019,6,7,18,15,23.1,84,496,233,2.4000000000000004,,,,,,,,,,,,,,,,,,,,,,,,,,,,,,,,,,,,
15148,2019,6,7,18,30,22.5,77,454,196,2.2,,,,,,,,,,,,,,,,,,,,,,,,,,,,,,,,,,,,
15149,2019,6,7,18,45,21.900000000000002,69,409,161,2,,,,,,,,,,,,,,,,,,,,,,,,,,,,,,,,,,,,
15150,2019,6,7,19,0,21.400000000000002,60,355,127,1.9000000000000001,,,,,,,,,,,,,,,,,,,,,,,,,,,,,,,,,,,,
15151,2019,6,7,19,15,20.900000000000002,51,296,96,1.9000000000000001,,,,,,,,,,,,,,,,,,,,,,,,,,,,,,,,,,,,
15152,2019,6,7,19,30,20.400000000000002,41,230,68,2,,,,,,,,,,,,,,,,,,,,,,,,,,,,,,,,,,,,
15153,2019,6,7,19,45,19.900000000000002,30,163,44,2.1,,,,,,,,,,,,,,,,,,,,,,,,,,,,,,,,,,,,
15154,2019,6,7,20,0,19.400000000000002,19,91,24,2.1,,,,,,,,,,,,,,,,,,,,,,,,,,,,,,,,,,,,
15155,2019,6,7,20,15,19.200000000000003,9,31,9,2.2,,,,,,,,,,,,,,,,,,,,,,,,,,,,,,,,,,,,
15156,2019,6,7,20,30,19,0,0,0,2.3000000000000003,,,,,,,,,,,,,,,,,,,,,,,,,,,,,,,,,,,,
15157,2019,6,7,20,45,18.8,0,0,0,2.4000000000000004,,,,,,,,,,,,,,,,,,,,,,,,,,,,,,,,,,,,
15158,2019,6,7,21,0,18.7,0,0,0,2.5,,,,,,,,,,,,,,,,,,,,,,,,,,,,,,,,,,,,
15159,2019,6,7,21,15,18.5,0,0,0,2.5,,,,,,,,,,,,,,,,,,,,,,,,,,,,,,,,,,,,
15160,2019,6,7,21,30,18.3,0,0,0,2.5,,,,,,,,,,,,,,,,,,,,,,,,,,,,,,,,,,,,
15161,2019,6,7,21,45,18.1,0,0,0,2.5,,,,,,,,,,,,,,,,,,,,,,,,,,,,,,,,,,,,
15162,2019,6,7,22,0,17.900000000000002,0,0,0,2.5,,,,,,,,,,,,,,,,,,,,,,,,,,,,,,,,,,,,
15163,2019,6,7,22,15,17.8,0,0,0,2.7,,,,,,,,,,,,,,,,,,,,,,,,,,,,,,,,,,,,
15164,2019,6,7,22,30,17.7,0,0,0,2.9000000000000004,,,,,,,,,,,,,,,,,,,,,,,,,,,,,,,,,,,,
15165,2019,6,7,22,45,17.6,0,0,0,3.1,,,,,,,,,,,,,,,,,,,,,,,,,,,,,,,,,,,,
15166,2019,6,7,23,0,17.5,0,0,0,3.2,,,,,,,,,,,,,,,,,,,,,,,,,,,,,,,,,,,,
15167,2019,6,7,23,15,17.1,0,0,0,3.8000000000000003,,,,,,,,,,,,,,,,,,,,,,,,,,,,,,,,,,,,
15168,2019,6,7,23,30,16.8,0,0,0,4.4,,,,,,,,,,,,,,,,,,,,,,,,,,,,,,,,,,,,
15169,2019,6,7,23,45,16.400000000000002,0,0,0,5,,,,,,,,,,,,,,,,,,,,,,,,,,,,,,,,,,,,
15170,2019,6,8,0,0,16.1,0,0,0,5.6000000000000005,,,,,,,,,,,,,,,,,,,,,,,,,,,,,,,,,,,,
15171,2019,6,8,0,15,16.1,0,0,0,5.6000000000000005,,,,,,,,,,,,,,,,,,,,,,,,,,,,,,,,,,,,
15172,2019,6,8,0,30,16.1,0,0,0,5.6000000000000005,,,,,,,,,,,,,,,,,,,,,,,,,,,,,,,,,,,,
15173,2019,6,8,0,45,16.1,0,0,0,5.6000000000000005,,,,,,,,,,,,,,,,,,,,,,,,,,,,,,,,,,,,
15174,2019,6,8,1,0,13.4,0,0,0,5.2,,,,,,,,,,,,,,,,,,,,,,,,,,,,,,,,,,,,
15175,2019,6,8,1,15,13.200000000000001,0,0,0,4.6000000000000005,,,,,,,,,,,,,,,,,,,,,,,,,,,,,,,,,,,,
15176,2019,6,8,1,30,12.9,0,0,0,4,,,,,,,,,,,,,,,,,,,,,,,,,,,,,,,,,,,,
15177,2019,6,8,1,45,12.700000000000001,0,0,0,3.3000000000000003,,,,,,,,,,,,,,,,,,,,,,,,,,,,,,,,,,,,
15178,2019,6,8,2,0,12.4,0,0,0,2.7,,,,,,,,,,,,,,,,,,,,,,,,,,,,,,,,,,,,
15179,2019,6,8,2,15,12.3,0,0,0,2.6,,,,,,,,,,,,,,,,,,,,,,,,,,,,,,,,,,,,
15180,2019,6,8,2,30,12.3,0,0,0,2.5,,,,,,,,,,,,,,,,,,,,,,,,,,,,,,,,,,,,
15181,2019,6,8,2,45,12.200000000000001,0,0,0,2.3000000000000003,,,,,,,,,,,,,,,,,,,,,,,,,,,,,,,,,,,,
15182,2019,6,8,3,0,12.100000000000001,0,0,0,2.2,,,,,,,,,,,,,,,,,,,,,,,,,,,,,,,,,,,,
15183,2019,6,8,3,15,12.100000000000001,0,0,0,2.3000000000000003,,,,,,,,,,,,,,,,,,,,,,,,,,,,,,,,,,,,
15184,2019,6,8,3,30,12,0,0,0,2.5,,,,,,,,,,,,,,,,,,,,,,,,,,,,,,,,,,,,
15185,2019,6,8,3,45,12,0,0,0,2.6,,,,,,,,,,,,,,,,,,,,,,,,,,,,,,,,,,,,
15186,2019,6,8,4,0,11.9,0,0,0,2.7,,,,,,,,,,,,,,,,,,,,,,,,,,,,,,,,,,,,
15187,2019,6,8,4,15,12.100000000000001,2,0,2,2.9000000000000004,,,,,,,,,,,,,,,,,,,,,,,,,,,,,,,,,,,,
15188,2019,6,8,4,30,12.3,3,0,3,3.1,,,,,,,,,,,,,,,,,,,,,,,,,,,,,,,,,,,,
15189,2019,6,8,4,45,12.5,5,0,5,3.3000000000000003,,,,,,,,,,,,,,,,,,,,,,,,,,,,,,,,,,,,
15190,2019,6,8,5,0,12.700000000000001,6,0,6,3.5,,,,,,,,,,,,,,,,,,,,,,,,,,,,,,,,,,,,
15191,2019,6,8,5,15,13.100000000000001,8,0,8,3.8000000000000003,,,,,,,,,,,,,,,,,,,,,,,,,,,,,,,,,,,,
15192,2019,6,8,5,30,13.4,10,0,10,4.1000000000000005,,,,,,,,,,,,,,,,,,,,,,,,,,,,,,,,,,,,
15193,2019,6,8,5,45,13.8,13,0,13,4.4,,,,,,,,,,,,,,,,,,,,,,,,,,,,,,,,,,,,
15194,2019,6,8,6,0,14.100000000000001,16,0,16,4.7,,,,,,,,,,,,,,,,,,,,,,,,,,,,,,,,,,,,
15195,2019,6,8,6,15,14.5,19,0,19,5,,,,,,,,,,,,,,,,,,,,,,,,,,,,,,,,,,,,
15196,2019,6,8,6,30,14.8,22,0,22,5.300000000000001,,,,,,,,,,,,,,,,,,,,,,,,,,,,,,,,,,,,
15197,2019,6,8,6,45,15.200000000000001,26,0,26,5.6000000000000005,,,,,,,,,,,,,,,,,,,,,,,,,,,,,,,,,,,,
15198,2019,6,8,7,0,15.600000000000001,30,0,30,5.9,,,,,,,,,,,,,,,,,,,,,,,,,,,,,,,,,,,,
15199,2019,6,8,7,15,15.9,76,0,76,6.1000000000000005,,,,,,,,,,,,,,,,,,,,,,,,,,,,,,,,,,,,
15200,2019,6,8,7,30,16.2,194,47,217,6.2,,,,,,,,,,,,,,,,,,,,,,,,,,,,,,,,,,,,
15201,2019,6,8,7,45,16.5,54,0,54,6.300000000000001,,,,,,,,,,,,,,,,,,,,,,,,,,,,,,,,,,,,
15202,2019,6,8,8,0,16.900000000000002,47,0,47,6.4,,,,,,,,,,,,,,,,,,,,,,,,,,,,,,,,,,,,
15203,2019,6,8,8,15,17.1,51,0,51,6.5,,,,,,,,,,,,,,,,,,,,,,,,,,,,,,,,,,,,
15204,2019,6,8,8,30,17.400000000000002,269,74,315,6.5,,,,,,,,,,,,,,,,,,,,,,,,,,,,,,,,,,,,
15205,2019,6,8,8,45,17.7,297,134,385,6.6000000000000005,,,,,,,,,,,,,,,,,,,,,,,,,,,,,,,,,,,,
15206,2019,6,8,9,0,17.900000000000002,190,6,194,6.7,,,,,,,,,,,,,,,,,,,,,,,,,,,,,,,,,,,,
15207,2019,6,8,9,15,18.1,318,83,377,6.7,,,,,,,,,,,,,,,,,,,,,,,,,,,,,,,,,,,,
15208,2019,6,8,9,30,18.400000000000002,210,9,216,6.7,,,,,,,,,,,,,,,,,,,,,,,,,,,,,,,,,,,,
15209,2019,6,8,9,45,18.6,341,74,397,6.7,,,,,,,,,,,,,,,,,,,,,,,,,,,,,,,,,,,,
15210,2019,6,8,10,0,18.8,354,76,413,6.7,,,,,,,,,,,,,,,,,,,,,,,,,,,,,,,,,,,,
15211,2019,6,8,10,15,19,369,272,587,6.7,,,,,,,,,,,,,,,,,,,,,,,,,,,,,,,,,,,,
15212,2019,6,8,10,30,19.1,110,912,856,6.7,,,,,,,,,,,,,,,,,,,,,,,,,,,,,,,,,,,,
15213,2019,6,8,10,45,19.3,366,351,659,6.6000000000000005,,,,,,,,,,,,,,,,,,,,,,,,,,,,,,,,,,,,
15214,2019,6,8,11,0,19.5,400,258,618,6.6000000000000005,,,,,,,,,,,,,,,,,,,,,,,,,,,,,,,,,,,,
15215,2019,6,8,11,15,19.6,415,214,598,6.6000000000000005,,,,,,,,,,,,,,,,,,,,,,,,,,,,,,,,,,,,
15216,2019,6,8,11,30,19.8,404,288,654,6.5,,,,,,,,,,,,,,,,,,,,,,,,,,,,,,,,,,,,
15217,2019,6,8,11,45,19.900000000000002,111,926,917,6.5,,,,,,,,,,,,,,,,,,,,,,,,,,,,,,,,,,,,
15218,2019,6,8,12,0,20.1,111,923,918,6.5,,,,,,,,,,,,,,,,,,,,,,,,,,,,,,,,,,,,
15219,2019,6,8,12,15,20.200000000000003,111,923,919,6.4,,,,,,,,,,,,,,,,,,,,,,,,,,,,,,,,,,,,
15220,2019,6,8,12,30,20.200000000000003,111,923,917,6.4,,,,,,,,,,,,,,,,,,,,,,,,,,,,,,,,,,,,
15221,2019,6,8,12,45,20.3,112,917,909,6.4,,,,,,,,,,,,,,,,,,,,,,,,,,,,,,,,,,,,
15222,2019,6,8,13,0,20.400000000000002,112,915,902,6.300000000000001,,,,,,,,,,,,,,,,,,,,,,,,,,,,,,,,,,,,
15223,2019,6,8,13,15,20.400000000000002,111,913,891,6.300000000000001,,,,,,,,,,,,,,,,,,,,,,,,,,,,,,,,,,,,
15224,2019,6,8,13,30,20.5,111,910,878,6.2,,,,,,,,,,,,,,,,,,,,,,,,,,,,,,,,,,,,
15225,2019,6,8,13,45,20.5,108,909,863,6.2,,,,,,,,,,,,,,,,,,,,,,,,,,,,,,,,,,,,
15226,2019,6,8,14,0,20.5,107,905,844,6.2,,,,,,,,,,,,,,,,,,,,,,,,,,,,,,,,,,,,
15227,2019,6,8,14,15,20.5,106,900,823,6.1000000000000005,,,,,,,,,,,,,,,,,,,,,,,,,,,,,,,,,,,,
15228,2019,6,8,14,30,20.400000000000002,104,894,799,6,,,,,,,,,,,,,,,,,,,,,,,,,,,,,,,,,,,,
15229,2019,6,8,14,45,20.400000000000002,340,276,549,6,,,,,,,,,,,,,,,,,,,,,,,,,,,,,,,,,,,,
15230,2019,6,8,15,0,20.3,341,175,469,5.9,,,,,,,,,,,,,,,,,,,,,,,,,,,,,,,,,,,,
15231,2019,6,8,15,15,20.200000000000003,310,282,509,5.800000000000001,,,,,,,,,,,,,,,,,,,,,,,,,,,,,,,,,,,,
15232,2019,6,8,15,30,20.1,95,868,683,5.7,,,,,,,,,,,,,,,,,,,,,,,,,,,,,,,,,,,,
15233,2019,6,8,15,45,20.1,281,264,452,5.7,,,,,,,,,,,,,,,,,,,,,,,,,,,,,,,,,,,,
15234,2019,6,8,16,0,20,251,329,454,5.6000000000000005,,,,,,,,,,,,,,,,,,,,,,,,,,,,,,,,,,,,
15235,2019,6,8,16,15,19.8,233,333,428,5.5,,,,,,,,,,,,,,,,,,,,,,,,,,,,,,,,,,,,
15236,2019,6,8,16,30,19.700000000000003,84,821,539,5.4,,,,,,,,,,,,,,,,,,,,,,,,,,,,,,,,,,,,
15237,2019,6,8,16,45,19.6,83,802,499,5.300000000000001,,,,,,,,,,,,,,,,,,,,,,,,,,,,,,,,,,,,
15238,2019,6,8,17,0,19.400000000000002,80,783,459,5.2,,,,,,,,,,,,,,,,,,,,,,,,,,,,,,,,,,,,
15239,2019,6,8,17,15,19.200000000000003,77,762,419,5,,,,,,,,,,,,,,,,,,,,,,,,,,,,,,,,,,,,
15240,2019,6,8,17,30,19,74,735,377,4.800000000000001,,,,,,,,,,,,,,,,,,,,,,,,,,,,,,,,,,,,
15241,2019,6,8,17,45,18.8,72,699,335,4.6000000000000005,,,,,,,,,,,,,,,,,,,,,,,,,,,,,,,,,,,,
15242,2019,6,8,18,0,18.6,68,669,295,4.4,,,,,,,,,,,,,,,,,,,,,,,,,,,,,,,,,,,,
15243,2019,6,8,18,15,18.1,64,633,255,4.1000000000000005,,,,,,,,,,,,,,,,,,,,,,,,,,,,,,,,,,,,
15244,2019,6,8,18,30,17.7,59,593,216,3.7,,,,,,,,,,,,,,,,,,,,,,,,,,,,,,,,,,,,
15245,2019,6,8,18,45,17.3,56,537,178,3.3000000000000003,,,,,,,,,,,,,,,,,,,,,,,,,,,,,,,,,,,,
15246,2019,6,8,19,0,16.8,50,483,142,3,,,,,,,,,,,,,,,,,,,,,,,,,,,,,,,,,,,,
15247,2019,6,8,19,15,16.2,43,421,108,2.7,,,,,,,,,,,,,,,,,,,,,,,,,,,,,,,,,,,,
15248,2019,6,8,19,30,15.5,36,349,78,2.5,,,,,,,,,,,,,,,,,,,,,,,,,,,,,,,,,,,,
15249,2019,6,8,19,45,14.9,28,257,50,2.2,,,,,,,,,,,,,,,,,,,,,,,,,,,,,,,,,,,,
15250,2019,6,8,20,0,14.200000000000001,19,164,28,1.9000000000000001,,,,,,,,,,,,,,,,,,,,,,,,,,,,,,,,,,,,
15251,2019,6,8,20,15,14,11,70,12,1.9000000000000001,,,,,,,,,,,,,,,,,,,,,,,,,,,,,,,,,,,,
15252,2019,6,8,20,30,13.700000000000001,0,0,0,1.9000000000000001,,,,,,,,,,,,,,,,,,,,,,,,,,,,,,,,,,,,
15253,2019,6,8,20,45,13.4,0,0,0,1.8,,,,,,,,,,,,,,,,,,,,,,,,,,,,,,,,,,,,
15254,2019,6,8,21,0,13.100000000000001,0,0,0,1.8,,,,,,,,,,,,,,,,,,,,,,,,,,,,,,,,,,,,
15255,2019,6,8,21,15,13,0,0,0,1.8,,,,,,,,,,,,,,,,,,,,,,,,,,,,,,,,,,,,
15256,2019,6,8,21,30,12.8,0,0,0,1.7000000000000002,,,,,,,,,,,,,,,,,,,,,,,,,,,,,,,,,,,,
15257,2019,6,8,21,45,12.600000000000001,0,0,0,1.7000000000000002,,,,,,,,,,,,,,,,,,,,,,,,,,,,,,,,,,,,
15258,2019,6,8,22,0,12.4,0,0,0,1.7000000000000002,,,,,,,,,,,,,,,,,,,,,,,,,,,,,,,,,,,,
15259,2019,6,8,22,15,12.200000000000001,0,0,0,1.7000000000000002,,,,,,,,,,,,,,,,,,,,,,,,,,,,,,,,,,,,
15260,2019,6,8,22,30,12.100000000000001,0,0,0,1.7000000000000002,,,,,,,,,,,,,,,,,,,,,,,,,,,,,,,,,,,,
15261,2019,6,8,22,45,11.9,0,0,0,1.7000000000000002,,,,,,,,,,,,,,,,,,,,,,,,,,,,,,,,,,,,
15262,2019,6,8,23,0,11.700000000000001,0,0,0,1.7000000000000002,,,,,,,,,,,,,,,,,,,,,,,,,,,,,,,,,,,,
15263,2019,6,8,23,15,11.600000000000001,0,0,0,1.7000000000000002,,,,,,,,,,,,,,,,,,,,,,,,,,,,,,,,,,,,
15264,2019,6,8,23,30,11.4,0,0,0,1.7000000000000002,,,,,,,,,,,,,,,,,,,,,,,,,,,,,,,,,,,,
15265,2019,6,8,23,45,11.3,0,0,0,1.7000000000000002,,,,,,,,,,,,,,,,,,,,,,,,,,,,,,,,,,,,
15266,2019,6,9,0,0,11.100000000000001,0,0,0,1.7000000000000002,,,,,,,,,,,,,,,,,,,,,,,,,,,,,,,,,,,,
15267,2019,6,9,0,15,11.100000000000001,0,0,0,1.7000000000000002,,,,,,,,,,,,,,,,,,,,,,,,,,,,,,,,,,,,
15268,2019,6,9,0,30,11.100000000000001,0,0,0,1.7000000000000002,,,,,,,,,,,,,,,,,,,,,,,,,,,,,,,,,,,,
15269,2019,6,9,0,45,11.100000000000001,0,0,0,1.7000000000000002,,,,,,,,,,,,,,,,,,,,,,,,,,,,,,,,,,,,
15270,2019,6,9,1,0,10.600000000000001,0,0,0,1.7000000000000002,,,,,,,,,,,,,,,,,,,,,,,,,,,,,,,,,,,,
15271,2019,6,9,1,15,10.5,0,0,0,1.7000000000000002,,,,,,,,,,,,,,,,,,,,,,,,,,,,,,,,,,,,
15272,2019,6,9,1,30,10.5,0,0,0,1.7000000000000002,,,,,,,,,,,,,,,,,,,,,,,,,,,,,,,,,,,,
15273,2019,6,9,1,45,10.4,0,0,0,1.7000000000000002,,,,,,,,,,,,,,,,,,,,,,,,,,,,,,,,,,,,
15274,2019,6,9,2,0,10.3,0,0,0,1.7000000000000002,,,,,,,,,,,,,,,,,,,,,,,,,,,,,,,,,,,,
15275,2019,6,9,2,15,10.200000000000001,0,0,0,1.7000000000000002,,,,,,,,,,,,,,,,,,,,,,,,,,,,,,,,,,,,
15276,2019,6,9,2,30,10.100000000000001,0,0,0,1.7000000000000002,,,,,,,,,,,,,,,,,,,,,,,,,,,,,,,,,,,,
15277,2019,6,9,2,45,10,0,0,0,1.6,,,,,,,,,,,,,,,,,,,,,,,,,,,,,,,,,,,,
15278,2019,6,9,3,0,9.9,0,0,0,1.6,,,,,,,,,,,,,,,,,,,,,,,,,,,,,,,,,,,,
15279,2019,6,9,3,15,9.9,0,0,0,1.6,,,,,,,,,,,,,,,,,,,,,,,,,,,,,,,,,,,,
15280,2019,6,9,3,30,9.9,0,0,0,1.6,,,,,,,,,,,,,,,,,,,,,,,,,,,,,,,,,,,,
15281,2019,6,9,3,45,9.9,0,0,0,1.6,,,,,,,,,,,,,,,,,,,,,,,,,,,,,,,,,,,,
15282,2019,6,9,4,0,9.9,0,0,0,1.6,,,,,,,,,,,,,,,,,,,,,,,,,,,,,,,,,,,,
15283,2019,6,9,4,15,10.4,13,89,16,1.7000000000000002,,,,,,,,,,,,,,,,,,,,,,,,,,,,,,,,,,,,
15284,2019,6,9,4,30,10.9,9,0,9,1.9000000000000001,,,,,,,,,,,,,,,,,,,,,,,,,,,,,,,,,,,,
15285,2019,6,9,4,45,11.4,14,0,14,2.1,,,,,,,,,,,,,,,,,,,,,,,,,,,,,,,,,,,,
15286,2019,6,9,5,0,11.9,21,0,21,2.3000000000000003,,,,,,,,,,,,,,,,,,,,,,,,,,,,,,,,,,,,
15287,2019,6,9,5,15,12.3,28,0,28,2.2,,,,,,,,,,,,,,,,,,,,,,,,,,,,,,,,,,,,
15288,2019,6,9,5,30,12.700000000000001,37,0,37,2.1,,,,,,,,,,,,,,,,,,,,,,,,,,,,,,,,,,,,
15289,2019,6,9,5,45,13.200000000000001,47,0,47,2,,,,,,,,,,,,,,,,,,,,,,,,,,,,,,,,,,,,
15290,2019,6,9,6,0,13.600000000000001,59,0,59,1.9000000000000001,,,,,,,,,,,,,,,,,,,,,,,,,,,,,,,,,,,,
15291,2019,6,9,6,15,14.4,115,47,130,1.9000000000000001,,,,,,,,,,,,,,,,,,,,,,,,,,,,,,,,,,,,
15292,2019,6,9,6,30,15.200000000000001,75,661,305,1.8,,,,,,,,,,,,,,,,,,,,,,,,,,,,,,,,,,,,
15293,2019,6,9,6,45,16,79,686,344,1.8,,,,,,,,,,,,,,,,,,,,,,,,,,,,,,,,,,,,
15294,2019,6,9,7,0,16.8,83,713,384,1.7000000000000002,,,,,,,,,,,,,,,,,,,,,,,,,,,,,,,,,,,,
15295,2019,6,9,7,15,17.2,179,262,299,1.7000000000000002,,,,,,,,,,,,,,,,,,,,,,,,,,,,,,,,,,,,
15296,2019,6,9,7,30,17.7,193,291,336,1.8,,,,,,,,,,,,,,,,,,,,,,,,,,,,,,,,,,,,
15297,2019,6,9,7,45,18.2,200,344,382,1.8,,,,,,,,,,,,,,,,,,,,,,,,,,,,,,,,,,,,
15298,2019,6,9,8,0,18.7,219,338,409,1.8,,,,,,,,,,,,,,,,,,,,,,,,,,,,,,,,,,,,
15299,2019,6,9,8,15,19,215,420,465,1.8,,,,,,,,,,,,,,,,,,,,,,,,,,,,,,,,,,,,
15300,2019,6,9,8,30,19.400000000000002,103,820,617,1.8,,,,,,,,,,,,,,,,,,,,,,,,,,,,,,,,,,,,
15301,2019,6,9,8,45,19.700000000000003,231,458,532,1.8,,,,,,,,,,,,,,,,,,,,,,,,,,,,,,,,,,,,
15302,2019,6,9,9,0,20.1,268,399,541,1.8,,,,,,,,,,,,,,,,,,,,,,,,,,,,,,,,,,,,
15303,2019,6,9,9,15,20.400000000000002,290,372,555,1.8,,,,,,,,,,,,,,,,,,,,,,,,,,,,,,,,,,,,
15304,2019,6,9,9,30,20.700000000000003,323,304,548,1.7000000000000002,,,,,,,,,,,,,,,,,,,,,,,,,,,,,,,,,,,,
15305,2019,6,9,9,45,21.1,302,408,613,1.7000000000000002,,,,,,,,,,,,,,,,,,,,,,,,,,,,,,,,,,,,
15306,2019,6,9,10,0,21.400000000000002,346,317,594,1.6,,,,,,,,,,,,,,,,,,,,,,,,,,,,,,,,,,,,
15307,2019,6,9,10,15,21.700000000000003,319,415,652,1.6,,,,,,,,,,,,,,,,,,,,,,,,,,,,,,,,,,,,
15308,2019,6,9,10,30,21.900000000000002,300,488,700,1.5,,,,,,,,,,,,,,,,,,,,,,,,,,,,,,,,,,,,
15309,2019,6,9,10,45,22.200000000000003,136,855,848,1.5,,,,,,,,,,,,,,,,,,,,,,,,,,,,,,,,,,,,
15310,2019,6,9,11,0,22.5,306,524,750,1.4000000000000001,,,,,,,,,,,,,,,,,,,,,,,,,,,,,,,,,,,,
15311,2019,6,9,11,15,22.700000000000003,138,859,875,1.3,,,,,,,,,,,,,,,,,,,,,,,,,,,,,,,,,,,,
15312,2019,6,9,11,30,22.900000000000002,139,862,885,1.3,,,,,,,,,,,,,,,,,,,,,,,,,,,,,,,,,,,,
15313,2019,6,9,11,45,23.200000000000003,145,854,889,1.2000000000000002,,,,,,,,,,,,,,,,,,,,,,,,,,,,,,,,,,,,
15314,2019,6,9,12,0,23.400000000000002,330,508,775,1.1,,,,,,,,,,,,,,,,,,,,,,,,,,,,,,,,,,,,
15315,2019,6,9,12,15,23.5,145,853,892,1.1,,,,,,,,,,,,,,,,,,,,,,,,,,,,,,,,,,,,
15316,2019,6,9,12,30,23.6,311,556,797,1,,,,,,,,,,,,,,,,,,,,,,,,,,,,,,,,,,,,
15317,2019,6,9,12,45,23.8,351,425,720,1,,,,,,,,,,,,,,,,,,,,,,,,,,,,,,,,,,,,
15318,2019,6,9,13,0,23.900000000000002,335,460,732,0.9,,,,,,,,,,,,,,,,,,,,,,,,,,,,,,,,,,,,
15319,2019,6,9,13,15,23.900000000000002,403,266,631,0.9,,,,,,,,,,,,,,,,,,,,,,,,,,,,,,,,,,,,
15320,2019,6,9,13,30,23.8,317,481,723,0.8,,,,,,,,,,,,,,,,,,,,,,,,,,,,,,,,,,,,
15321,2019,6,9,13,45,23.700000000000003,308,487,712,0.8,,,,,,,,,,,,,,,,,,,,,,,,,,,,,,,,,,,,
15322,2019,6,9,14,0,23.6,270,571,735,0.8,,,,,,,,,,,,,,,,,,,,,,,,,,,,,,,,,,,,
15323,2019,6,9,14,15,23.5,291,480,673,0.9,,,,,,,,,,,,,,,,,,,,,,,,,,,,,,,,,,,,
15324,2019,6,9,14,30,23.3,357,263,561,1.1,,,,,,,,,,,,,,,,,,,,,,,,,,,,,,,,,,,,
15325,2019,6,9,14,45,23.200000000000003,346,251,536,1.2000000000000002,,,,,,,,,,,,,,,,,,,,,,,,,,,,,,,,,,,,
15326,2019,6,9,15,0,23.1,299,387,581,1.3,,,,,,,,,,,,,,,,,,,,,,,,,,,,,,,,,,,,
15327,2019,6,9,15,15,22.900000000000002,147,754,679,1.4000000000000001,,,,,,,,,,,,,,,,,,,,,,,,,,,,,,,,,,,,
15328,2019,6,9,15,30,22.8,286,321,504,1.5,,,,,,,,,,,,,,,,,,,,,,,,,,,,,,,,,,,,
15329,2019,6,9,15,45,22.700000000000003,217,486,533,1.5,,,,,,,,,,,,,,,,,,,,,,,,,,,,,,,,,,,,
15330,2019,6,9,16,0,22.6,276,123,352,1.6,,,,,,,,,,,,,,,,,,,,,,,,,,,,,,,,,,,,
15331,2019,6,9,16,15,22.5,256,197,372,1.7000000000000002,,,,,,,,,,,,,,,,,,,,,,,,,,,,,,,,,,,,
15332,2019,6,9,16,30,22.400000000000002,241,141,319,1.7000000000000002,,,,,,,,,,,,,,,,,,,,,,,,,,,,,,,,,,,,
15333,2019,6,9,16,45,22.3,202,315,366,1.8,,,,,,,,,,,,,,,,,,,,,,,,,,,,,,,,,,,,
15334,2019,6,9,17,0,22.200000000000003,140,513,390,1.9000000000000001,,,,,,,,,,,,,,,,,,,,,,,,,,,,,,,,,,,,
15335,2019,6,9,17,15,21.900000000000002,178,240,286,1.9000000000000001,,,,,,,,,,,,,,,,,,,,,,,,,,,,,,,,,,,,
15336,2019,6,9,17,30,21.700000000000003,140,374,295,1.9000000000000001,,,,,,,,,,,,,,,,,,,,,,,,,,,,,,,,,,,,
15337,2019,6,9,17,45,21.5,48,0,48,1.8,,,,,,,,,,,,,,,,,,,,,,,,,,,,,,,,,,,,
15338,2019,6,9,18,0,21.200000000000003,20,0,20,1.8,,,,,,,,,,,,,,,,,,,,,,,,,,,,,,,,,,,,
15339,2019,6,9,18,15,20.8,19,0,19,1.8,,,,,,,,,,,,,,,,,,,,,,,,,,,,,,,,,,,,
15340,2019,6,9,18,30,20.3,10,0,10,1.7000000000000002,,,,,,,,,,,,,,,,,,,,,,,,,,,,,,,,,,,,
15341,2019,6,9,18,45,19.900000000000002,9,0,9,1.6,,,,,,,,,,,,,,,,,,,,,,,,,,,,,,,,,,,,
15342,2019,6,9,19,0,19.400000000000002,8,0,8,1.6,,,,,,,,,,,,,,,,,,,,,,,,,,,,,,,,,,,,
15343,2019,6,9,19,15,19.200000000000003,54,62,64,1.6,,,,,,,,,,,,,,,,,,,,,,,,,,,,,,,,,,,,
15344,2019,6,9,19,30,18.900000000000002,6,0,6,1.7000000000000002,,,,,,,,,,,,,,,,,,,,,,,,,,,,,,,,,,,,
15345,2019,6,9,19,45,18.7,5,0,5,1.7000000000000002,,,,,,,,,,,,,,,,,,,,,,,,,,,,,,,,,,,,
15346,2019,6,9,20,0,18.400000000000002,4,0,4,1.8,,,,,,,,,,,,,,,,,,,,,,,,,,,,,,,,,,,,
15347,2019,6,9,20,15,18.3,6,2,6,1.8,,,,,,,,,,,,,,,,,,,,,,,,,,,,,,,,,,,,
15348,2019,6,9,20,30,18.2,0,0,0,1.9000000000000001,,,,,,,,,,,,,,,,,,,,,,,,,,,,,,,,,,,,
15349,2019,6,9,20,45,18,0,0,0,2,,,,,,,,,,,,,,,,,,,,,,,,,,,,,,,,,,,,
15350,2019,6,9,21,0,17.900000000000002,0,0,0,2,,,,,,,,,,,,,,,,,,,,,,,,,,,,,,,,,,,,
15351,2019,6,9,21,15,17.7,0,0,0,2,,,,,,,,,,,,,,,,,,,,,,,,,,,,,,,,,,,,
15352,2019,6,9,21,30,17.5,0,0,0,1.9000000000000001,,,,,,,,,,,,,,,,,,,,,,,,,,,,,,,,,,,,
15353,2019,6,9,21,45,17.3,0,0,0,1.9000000000000001,,,,,,,,,,,,,,,,,,,,,,,,,,,,,,,,,,,,
15354,2019,6,9,22,0,17.2,0,0,0,1.9000000000000001,,,,,,,,,,,,,,,,,,,,,,,,,,,,,,,,,,,,
15355,2019,6,9,22,15,17,0,0,0,1.8,,,,,,,,,,,,,,,,,,,,,,,,,,,,,,,,,,,,
15356,2019,6,9,22,30,16.8,0,0,0,1.7000000000000002,,,,,,,,,,,,,,,,,,,,,,,,,,,,,,,,,,,,
15357,2019,6,9,22,45,16.6,0,0,0,1.7000000000000002,,,,,,,,,,,,,,,,,,,,,,,,,,,,,,,,,,,,
15358,2019,6,9,23,0,16.400000000000002,0,0,0,1.6,,,,,,,,,,,,,,,,,,,,,,,,,,,,,,,,,,,,
15359,2019,6,9,23,15,16.3,0,0,0,1.6,,,,,,,,,,,,,,,,,,,,,,,,,,,,,,,,,,,,
15360,2019,6,9,23,30,16.1,0,0,0,1.5,,,,,,,,,,,,,,,,,,,,,,,,,,,,,,,,,,,,
15361,2019,6,9,23,45,16,0,0,0,1.5,,,,,,,,,,,,,,,,,,,,,,,,,,,,,,,,,,,,
15362,2019,6,10,0,0,15.8,0,0,0,1.5,,,,,,,,,,,,,,,,,,,,,,,,,,,,,,,,,,,,
15363,2019,6,10,0,15,15.8,0,0,0,1.5,,,,,,,,,,,,,,,,,,,,,,,,,,,,,,,,,,,,
15364,2019,6,10,0,30,15.8,0,0,0,1.5,,,,,,,,,,,,,,,,,,,,,,,,,,,,,,,,,,,,
15365,2019,6,10,0,45,15.8,0,0,0,1.5,,,,,,,,,,,,,,,,,,,,,,,,,,,,,,,,,,,,
15366,2019,6,10,1,0,15.4,0,0,0,1.5,,,,,,,,,,,,,,,,,,,,,,,,,,,,,,,,,,,,
15367,2019,6,10,1,15,15.3,0,0,0,1.5,,,,,,,,,,,,,,,,,,,,,,,,,,,,,,,,,,,,
15368,2019,6,10,1,30,15.200000000000001,0,0,0,1.5,,,,,,,,,,,,,,,,,,,,,,,,,,,,,,,,,,,,
15369,2019,6,10,1,45,15.100000000000001,0,0,0,1.4000000000000001,,,,,,,,,,,,,,,,,,,,,,,,,,,,,,,,,,,,
15370,2019,6,10,2,0,15,0,0,0,1.4000000000000001,,,,,,,,,,,,,,,,,,,,,,,,,,,,,,,,,,,,
15371,2019,6,10,2,15,14.9,0,0,0,1.4000000000000001,,,,,,,,,,,,,,,,,,,,,,,,,,,,,,,,,,,,
15372,2019,6,10,2,30,14.8,0,0,0,1.4000000000000001,,,,,,,,,,,,,,,,,,,,,,,,,,,,,,,,,,,,
15373,2019,6,10,2,45,14.700000000000001,0,0,0,1.3,,,,,,,,,,,,,,,,,,,,,,,,,,,,,,,,,,,,
15374,2019,6,10,3,0,14.600000000000001,0,0,0,1.3,,,,,,,,,,,,,,,,,,,,,,,,,,,,,,,,,,,,
15375,2019,6,10,3,15,14.600000000000001,0,0,0,1.3,,,,,,,,,,,,,,,,,,,,,,,,,,,,,,,,,,,,
15376,2019,6,10,3,30,14.600000000000001,0,0,0,1.2000000000000002,,,,,,,,,,,,,,,,,,,,,,,,,,,,,,,,,,,,
15377,2019,6,10,3,45,14.600000000000001,0,0,0,1.2000000000000002,,,,,,,,,,,,,,,,,,,,,,,,,,,,,,,,,,,,
15378,2019,6,10,4,0,14.600000000000001,0,0,0,1.2000000000000002,,,,,,,,,,,,,,,,,,,,,,,,,,,,,,,,,,,,
15379,2019,6,10,4,15,14.9,2,0,2,1.2000000000000002,,,,,,,,,,,,,,,,,,,,,,,,,,,,,,,,,,,,
15380,2019,6,10,4,30,15.100000000000001,4,0,4,1.3,,,,,,,,,,,,,,,,,,,,,,,,,,,,,,,,,,,,
15381,2019,6,10,4,45,15.3,5,0,5,1.4000000000000001,,,,,,,,,,,,,,,,,,,,,,,,,,,,,,,,,,,,
15382,2019,6,10,5,0,15.600000000000001,6,0,6,1.4000000000000001,,,,,,,,,,,,,,,,,,,,,,,,,,,,,,,,,,,,
15383,2019,6,10,5,15,15.700000000000001,6,0,6,1.4000000000000001,,,,,,,,,,,,,,,,,,,,,,,,,,,,,,,,,,,,
15384,2019,6,10,5,30,15.9,7,0,7,1.4000000000000001,,,,,,,,,,,,,,,,,,,,,,,,,,,,,,,,,,,,
15385,2019,6,10,5,45,16.1,8,0,8,1.3,,,,,,,,,,,,,,,,,,,,,,,,,,,,,,,,,,,,
15386,2019,6,10,6,0,16.2,9,0,9,1.3,,,,,,,,,,,,,,,,,,,,,,,,,,,,,,,,,,,,
15387,2019,6,10,6,15,16.5,38,0,38,1.3,,,,,,,,,,,,,,,,,,,,,,,,,,,,,,,,,,,,
15388,2019,6,10,6,30,16.8,22,0,22,1.2000000000000002,,,,,,,,,,,,,,,,,,,,,,,,,,,,,,,,,,,,
15389,2019,6,10,6,45,17.1,25,0,25,1.2000000000000002,,,,,,,,,,,,,,,,,,,,,,,,,,,,,,,,,,,,
15390,2019,6,10,7,0,17.400000000000002,29,0,29,1.1,,,,,,,,,,,,,,,,,,,,,,,,,,,,,,,,,,,,
15391,2019,6,10,7,15,17.8,66,0,66,1.2000000000000002,,,,,,,,,,,,,,,,,,,,,,,,,,,,,,,,,,,,
15392,2019,6,10,7,30,18.1,134,0,134,1.3,,,,,,,,,,,,,,,,,,,,,,,,,,,,,,,,,,,,
15393,2019,6,10,7,45,18.5,99,0,99,1.3,,,,,,,,,,,,,,,,,,,,,,,,,,,,,,,,,,,,
15394,2019,6,10,8,0,18.8,48,0,48,1.4000000000000001,,,,,,,,,,,,,,,,,,,,,,,,,,,,,,,,,,,,
15395,2019,6,10,8,15,19,196,12,203,1.5,,,,,,,,,,,,,,,,,,,,,,,,,,,,,,,,,,,,
15396,2019,6,10,8,30,19.3,178,4,181,1.7000000000000002,,,,,,,,,,,,,,,,,,,,,,,,,,,,,,,,,,,,
15397,2019,6,10,8,45,19.5,89,0,89,1.8,,,,,,,,,,,,,,,,,,,,,,,,,,,,,,,,,,,,
15398,2019,6,10,9,0,19.8,130,0,130,1.9000000000000001,,,,,,,,,,,,,,,,,,,,,,,,,,,,,,,,,,,,
15399,2019,6,10,9,15,20,148,0,148,1.9000000000000001,,,,,,,,,,,,,,,,,,,,,,,,,,,,,,,,,,,,
15400,2019,6,10,9,30,20.1,171,4,174,1.9000000000000001,,,,,,,,,,,,,,,,,,,,,,,,,,,,,,,,,,,,
15401,2019,6,10,9,45,20.3,307,37,336,1.9000000000000001,,,,,,,,,,,,,,,,,,,,,,,,,,,,,,,,,,,,
15402,2019,6,10,10,0,20.5,368,114,458,1.9000000000000001,,,,,,,,,,,,,,,,,,,,,,,,,,,,,,,,,,,,
15403,2019,6,10,10,15,20.8,384,145,501,1.8,,,,,,,,,,,,,,,,,,,,,,,,,,,,,,,,,,,,
15404,2019,6,10,10,30,21.1,390,112,482,1.7000000000000002,,,,,,,,,,,,,,,,,,,,,,,,,,,,,,,,,,,,
15405,2019,6,10,10,45,21.3,404,137,518,1.6,,,,,,,,,,,,,,,,,,,,,,,,,,,,,,,,,,,,
15406,2019,6,10,11,0,21.6,396,282,634,1.5,,,,,,,,,,,,,,,,,,,,,,,,,,,,,,,,,,,,
15407,2019,6,10,11,15,22.1,412,236,615,1.6,,,,,,,,,,,,,,,,,,,,,,,,,,,,,,,,,,,,
15408,2019,6,10,11,30,22.5,399,310,668,1.6,,,,,,,,,,,,,,,,,,,,,,,,,,,,,,,,,,,,
15409,2019,6,10,11,45,23,413,274,652,1.6,,,,,,,,,,,,,,,,,,,,,,,,,,,,,,,,,,,,
15410,2019,6,10,12,0,23.400000000000002,363,405,718,1.7000000000000002,,,,,,,,,,,,,,,,,,,,,,,,,,,,,,,,,,,,
15411,2019,6,10,12,15,23.700000000000003,423,240,634,1.7000000000000002,,,,,,,,,,,,,,,,,,,,,,,,,,,,,,,,,,,,
15412,2019,6,10,12,30,24.1,352,431,729,1.8,,,,,,,,,,,,,,,,,,,,,,,,,,,,,,,,,,,,
15413,2019,6,10,12,45,24.400000000000002,427,148,557,1.8,,,,,,,,,,,,,,,,,,,,,,,,,,,,,,,,,,,,
15414,2019,6,10,13,0,24.700000000000003,412,261,637,1.9000000000000001,,,,,,,,,,,,,,,,,,,,,,,,,,,,,,,,,,,,
15415,2019,6,10,13,15,24.8,338,440,715,1.8,,,,,,,,,,,,,,,,,,,,,,,,,,,,,,,,,,,,
15416,2019,6,10,13,30,25,195,731,813,1.8,,,,,,,,,,,,,,,,,,,,,,,,,,,,,,,,,,,,
15417,2019,6,10,13,45,25.1,204,706,792,1.8,,,,,,,,,,,,,,,,,,,,,,,,,,,,,,,,,,,,
15418,2019,6,10,14,0,25.200000000000003,204,700,776,1.8,,,,,,,,,,,,,,,,,,,,,,,,,,,,,,,,,,,,
15419,2019,6,10,14,15,25.1,202,693,755,1.7000000000000002,,,,,,,,,,,,,,,,,,,,,,,,,,,,,,,,,,,,
15420,2019,6,10,14,30,25.1,199,685,733,1.6,,,,,,,,,,,,,,,,,,,,,,,,,,,,,,,,,,,,
15421,2019,6,10,14,45,25,202,664,704,1.5,,,,,,,,,,,,,,,,,,,,,,,,,,,,,,,,,,,,
15422,2019,6,10,15,0,24.900000000000002,273,445,599,1.4000000000000001,,,,,,,,,,,,,,,,,,,,,,,,,,,,,,,,,,,,
15423,2019,6,10,15,15,24.8,239,499,592,1.3,,,,,,,,,,,,,,,,,,,,,,,,,,,,,,,,,,,,
15424,2019,6,10,15,30,24.700000000000003,268,398,539,1.2000000000000002,,,,,,,,,,,,,,,,,,,,,,,,,,,,,,,,,,,,
15425,2019,6,10,15,45,24.6,295,174,408,1,,,,,,,,,,,,,,,,,,,,,,,,,,,,,,,,,,,,
15426,2019,6,10,16,0,24.5,203,490,507,0.9,,,,,,,,,,,,,,,,,,,,,,,,,,,,,,,,,,,,
15427,2019,6,10,16,15,24.5,222,29,239,0.8,,,,,,,,,,,,,,,,,,,,,,,,,,,,,,,,,,,,
15428,2019,6,10,16,30,24.400000000000002,241,118,307,0.7000000000000001,,,,,,,,,,,,,,,,,,,,,,,,,,,,,,,,,,,,
15429,2019,6,10,16,45,24.3,219,87,265,0.6000000000000001,,,,,,,,,,,,,,,,,,,,,,,,,,,,,,,,,,,,
15430,2019,6,10,17,0,24.200000000000003,90,0,90,0.6000000000000001,,,,,,,,,,,,,,,,,,,,,,,,,,,,,,,,,,,,
15431,2019,6,10,17,15,24.1,27,0,27,0.6000000000000001,,,,,,,,,,,,,,,,,,,,,,,,,,,,,,,,,,,,
15432,2019,6,10,17,30,24,103,0,103,0.7000000000000001,,,,,,,,,,,,,,,,,,,,,,,,,,,,,,,,,,,,
15433,2019,6,10,17,45,23.8,49,0,49,0.7000000000000001,,,,,,,,,,,,,,,,,,,,,,,,,,,,,,,,,,,,
15434,2019,6,10,18,0,23.700000000000003,68,0,68,0.8,,,,,,,,,,,,,,,,,,,,,,,,,,,,,,,,,,,,
15435,2019,6,10,18,15,23.3,12,0,12,0.7000000000000001,,,,,,,,,,,,,,,,,,,,,,,,,,,,,,,,,,,,
15436,2019,6,10,18,30,22.900000000000002,10,0,10,0.7000000000000001,,,,,,,,,,,,,,,,,,,,,,,,,,,,,,,,,,,,
15437,2019,6,10,18,45,22.6,9,0,9,0.6000000000000001,,,,,,,,,,,,,,,,,,,,,,,,,,,,,,,,,,,,
15438,2019,6,10,19,0,22.200000000000003,8,0,8,0.5,,,,,,,,,,,,,,,,,,,,,,,,,,,,,,,,,,,,
15439,2019,6,10,19,15,21.8,7,0,7,0.6000000000000001,,,,,,,,,,,,,,,,,,,,,,,,,,,,,,,,,,,,
15440,2019,6,10,19,30,21.3,6,0,6,0.7000000000000001,,,,,,,,,,,,,,,,,,,,,,,,,,,,,,,,,,,,
15441,2019,6,10,19,45,20.900000000000002,5,0,5,0.8,,,,,,,,,,,,,,,,,,,,,,,,,,,,,,,,,,,,
15442,2019,6,10,20,0,20.5,4,0,4,0.9,,,,,,,,,,,,,,,,,,,,,,,,,,,,,,,,,,,,
15443,2019,6,10,20,15,20.200000000000003,2,0,2,1,,,,,,,,,,,,,,,,,,,,,,,,,,,,,,,,,,,,
15444,2019,6,10,20,30,20,0,0,0,1,,,,,,,,,,,,,,,,,,,,,,,,,,,,,,,,,,,,
15445,2019,6,10,20,45,19.8,0,0,0,1.1,,,,,,,,,,,,,,,,,,,,,,,,,,,,,,,,,,,,
15446,2019,6,10,21,0,19.6,0,0,0,1.1,,,,,,,,,,,,,,,,,,,,,,,,,,,,,,,,,,,,
15447,2019,6,10,21,15,19.400000000000002,0,0,0,1.1,,,,,,,,,,,,,,,,,,,,,,,,,,,,,,,,,,,,
15448,2019,6,10,21,30,19.3,0,0,0,1,,,,,,,,,,,,,,,,,,,,,,,,,,,,,,,,,,,,
15449,2019,6,10,21,45,19.1,0,0,0,1,,,,,,,,,,,,,,,,,,,,,,,,,,,,,,,,,,,,
15450,2019,6,10,22,0,19,0,0,0,1,,,,,,,,,,,,,,,,,,,,,,,,,,,,,,,,,,,,
15451,2019,6,10,22,15,18.900000000000002,0,0,0,0.9,,,,,,,,,,,,,,,,,,,,,,,,,,,,,,,,,,,,
15452,2019,6,10,22,30,18.7,0,0,0,0.9,,,,,,,,,,,,,,,,,,,,,,,,,,,,,,,,,,,,
15453,2019,6,10,22,45,18.6,0,0,0,0.9,,,,,,,,,,,,,,,,,,,,,,,,,,,,,,,,,,,,
15454,2019,6,10,23,0,18.400000000000002,0,0,0,0.8,,,,,,,,,,,,,,,,,,,,,,,,,,,,,,,,,,,,
15455,2019,6,10,23,15,18.3,0,0,0,0.9,,,,,,,,,,,,,,,,,,,,,,,,,,,,,,,,,,,,
15456,2019,6,10,23,30,18.2,0,0,0,1,,,,,,,,,,,,,,,,,,,,,,,,,,,,,,,,,,,,
15457,2019,6,10,23,45,18.1,0,0,0,1,,,,,,,,,,,,,,,,,,,,,,,,,,,,,,,,,,,,
15458,2019,6,11,0,0,18,0,0,0,1.1,,,,,,,,,,,,,,,,,,,,,,,,,,,,,,,,,,,,
15459,2019,6,11,0,15,18,0,0,0,1.1,,,,,,,,,,,,,,,,,,,,,,,,,,,,,,,,,,,,
15460,2019,6,11,0,30,18,0,0,0,1.1,,,,,,,,,,,,,,,,,,,,,,,,,,,,,,,,,,,,
15461,2019,6,11,0,45,18,0,0,0,1.1,,,,,,,,,,,,,,,,,,,,,,,,,,,,,,,,,,,,
15462,2019,6,11,1,0,17.5,0,0,0,1.5,,,,,,,,,,,,,,,,,,,,,,,,,,,,,,,,,,,,
15463,2019,6,11,1,15,17.3,0,0,0,1.6,,,,,,,,,,,,,,,,,,,,,,,,,,,,,,,,,,,,
15464,2019,6,11,1,30,17.1,0,0,0,1.6,,,,,,,,,,,,,,,,,,,,,,,,,,,,,,,,,,,,
15465,2019,6,11,1,45,16.900000000000002,0,0,0,1.7000000000000002,,,,,,,,,,,,,,,,,,,,,,,,,,,,,,,,,,,,
15466,2019,6,11,2,0,16.7,0,0,0,1.7000000000000002,,,,,,,,,,,,,,,,,,,,,,,,,,,,,,,,,,,,
15467,2019,6,11,2,15,16.5,0,0,0,1.6,,,,,,,,,,,,,,,,,,,,,,,,,,,,,,,,,,,,
15468,2019,6,11,2,30,16.3,0,0,0,1.6,,,,,,,,,,,,,,,,,,,,,,,,,,,,,,,,,,,,
15469,2019,6,11,2,45,16.1,0,0,0,1.5,,,,,,,,,,,,,,,,,,,,,,,,,,,,,,,,,,,,
15470,2019,6,11,3,0,16,0,0,0,1.4000000000000001,,,,,,,,,,,,,,,,,,,,,,,,,,,,,,,,,,,,
15471,2019,6,11,3,15,15.9,0,0,0,1.4000000000000001,,,,,,,,,,,,,,,,,,,,,,,,,,,,,,,,,,,,
15472,2019,6,11,3,30,15.9,0,0,0,1.4000000000000001,,,,,,,,,,,,,,,,,,,,,,,,,,,,,,,,,,,,
15473,2019,6,11,3,45,15.9,0,0,0,1.4000000000000001,,,,,,,,,,,,,,,,,,,,,,,,,,,,,,,,,,,,
15474,2019,6,11,4,0,15.8,0,0,0,1.4000000000000001,,,,,,,,,,,,,,,,,,,,,,,,,,,,,,,,,,,,
15475,2019,6,11,4,15,16,6,2,6,1.6,,,,,,,,,,,,,,,,,,,,,,,,,,,,,,,,,,,,
15476,2019,6,11,4,30,16.2,18,11,19,1.8,,,,,,,,,,,,,,,,,,,,,,,,,,,,,,,,,,,,
15477,2019,6,11,4,45,16.5,5,0,5,2.1,,,,,,,,,,,,,,,,,,,,,,,,,,,,,,,,,,,,
15478,2019,6,11,5,0,16.7,6,0,6,2.3000000000000003,,,,,,,,,,,,,,,,,,,,,,,,,,,,,,,,,,,,
15479,2019,6,11,5,15,16.900000000000002,72,83,86,2.4000000000000004,,,,,,,,,,,,,,,,,,,,,,,,,,,,,,,,,,,,
15480,2019,6,11,5,30,17.1,10,0,10,2.4000000000000004,,,,,,,,,,,,,,,,,,,,,,,,,,,,,,,,,,,,
15481,2019,6,11,5,45,17.3,111,146,146,2.5,,,,,,,,,,,,,,,,,,,,,,,,,,,,,,,,,,,,
15482,2019,6,11,6,0,17.5,15,0,15,2.6,,,,,,,,,,,,,,,,,,,,,,,,,,,,,,,,,,,,
15483,2019,6,11,6,15,17.8,108,15,113,2.6,,,,,,,,,,,,,,,,,,,,,,,,,,,,,,,,,,,,
15484,2019,6,11,6,30,18.1,161,254,250,2.6,,,,,,,,,,,,,,,,,,,,,,,,,,,,,,,,,,,,
15485,2019,6,11,6,45,18.5,26,0,26,2.7,,,,,,,,,,,,,,,,,,,,,,,,,,,,,,,,,,,,
15486,2019,6,11,7,0,18.8,81,0,81,2.7,,,,,,,,,,,,,,,,,,,,,,,,,,,,,,,,,,,,
15487,2019,6,11,7,15,19.200000000000003,33,0,33,2.6,,,,,,,,,,,,,,,,,,,,,,,,,,,,,,,,,,,,
15488,2019,6,11,7,30,19.5,37,0,37,2.6,,,,,,,,,,,,,,,,,,,,,,,,,,,,,,,,,,,,
15489,2019,6,11,7,45,19.900000000000002,41,0,41,2.5,,,,,,,,,,,,,,,,,,,,,,,,,,,,,,,,,,,,
15490,2019,6,11,8,0,20.3,209,26,223,2.5,,,,,,,,,,,,,,,,,,,,,,,,,,,,,,,,,,,,
15491,2019,6,11,8,15,20.700000000000003,226,30,244,2.4000000000000004,,,,,,,,,,,,,,,,,,,,,,,,,,,,,,,,,,,,
15492,2019,6,11,8,30,21.1,111,0,111,2.3000000000000003,,,,,,,,,,,,,,,,,,,,,,,,,,,,,,,,,,,,
15493,2019,6,11,8,45,21.400000000000002,229,18,240,2.2,,,,,,,,,,,,,,,,,,,,,,,,,,,,,,,,,,,,
15494,2019,6,11,9,0,21.8,233,555,613,2.1,,,,,,,,,,,,,,,,,,,,,,,,,,,,,,,,,,,,
15495,2019,6,11,9,15,22.1,238,569,643,2,,,,,,,,,,,,,,,,,,,,,,,,,,,,,,,,,,,,
15496,2019,6,11,9,30,22.3,269,23,286,2,,,,,,,,,,,,,,,,,,,,,,,,,,,,,,,,,,,,
15497,2019,6,11,9,45,22.6,281,24,300,1.9000000000000001,,,,,,,,,,,,,,,,,,,,,,,,,,,,,,,,,,,,
15498,2019,6,11,10,0,22.900000000000002,293,25,313,1.9000000000000001,,,,,,,,,,,,,,,,,,,,,,,,,,,,,,,,,,,,
15499,2019,6,11,10,15,23.1,226,11,235,1.9000000000000001,,,,,,,,,,,,,,,,,,,,,,,,,,,,,,,,,,,,
15500,2019,6,11,10,30,23.3,233,11,242,1.9000000000000001,,,,,,,,,,,,,,,,,,,,,,,,,,,,,,,,,,,,
15501,2019,6,11,10,45,23.5,238,12,248,1.8,,,,,,,,,,,,,,,,,,,,,,,,,,,,,,,,,,,,
15502,2019,6,11,11,0,23.700000000000003,243,12,253,1.8,,,,,,,,,,,,,,,,,,,,,,,,,,,,,,,,,,,,
15503,2019,6,11,11,15,23.8,247,13,258,1.8,,,,,,,,,,,,,,,,,,,,,,,,,,,,,,,,,,,,
15504,2019,6,11,11,30,24,169,6,174,1.7000000000000002,,,,,,,,,,,,,,,,,,,,,,,,,,,,,,,,,,,,
15505,2019,6,11,11,45,24.200000000000003,340,29,366,1.7000000000000002,,,,,,,,,,,,,,,,,,,,,,,,,,,,,,,,,,,,
15506,2019,6,11,12,0,24.400000000000002,342,29,368,1.6,,,,,,,,,,,,,,,,,,,,,,,,,,,,,,,,,,,,
15507,2019,6,11,12,15,24.6,334,26,357,1.5,,,,,,,,,,,,,,,,,,,,,,,,,,,,,,,,,,,,
15508,2019,6,11,12,30,24.700000000000003,333,26,357,1.5,,,,,,,,,,,,,,,,,,,,,,,,,,,,,,,,,,,,
15509,2019,6,11,12,45,24.900000000000002,268,15,280,1.4000000000000001,,,,,,,,,,,,,,,,,,,,,,,,,,,,,,,,,,,,
15510,2019,6,11,13,0,25.1,337,29,362,1.3,,,,,,,,,,,,,,,,,,,,,,,,,,,,,,,,,,,,
15511,2019,6,11,13,15,25.200000000000003,354,38,387,1.3,,,,,,,,,,,,,,,,,,,,,,,,,,,,,,,,,,,,
15512,2019,6,11,13,30,25.200000000000003,368,51,411,1.2000000000000002,,,,,,,,,,,,,,,,,,,,,,,,,,,,,,,,,,,,
15513,2019,6,11,13,45,25.3,307,24,327,1.1,,,,,,,,,,,,,,,,,,,,,,,,,,,,,,,,,,,,
15514,2019,6,11,14,0,25.3,277,18,291,1,,,,,,,,,,,,,,,,,,,,,,,,,,,,,,,,,,,,
15515,2019,6,11,14,15,25.3,363,74,422,1.1,,,,,,,,,,,,,,,,,,,,,,,,,,,,,,,,,,,,
15516,2019,6,11,14,30,25.3,285,23,303,1.1,,,,,,,,,,,,,,,,,,,,,,,,,,,,,,,,,,,,
15517,2019,6,11,14,45,25.3,268,20,283,1.1,,,,,,,,,,,,,,,,,,,,,,,,,,,,,,,,,,,,
15518,2019,6,11,15,0,25.200000000000003,310,351,567,1.1,,,,,,,,,,,,,,,,,,,,,,,,,,,,,,,,,,,,
15519,2019,6,11,15,15,25.1,321,236,489,1.3,,,,,,,,,,,,,,,,,,,,,,,,,,,,,,,,,,,,
15520,2019,6,11,15,30,25,170,683,635,1.4000000000000001,,,,,,,,,,,,,,,,,,,,,,,,,,,,,,,,,,,,
15521,2019,6,11,15,45,24.900000000000002,296,143,389,1.6,,,,,,,,,,,,,,,,,,,,,,,,,,,,,,,,,,,,
15522,2019,6,11,16,0,24.8,266,72,311,1.7000000000000002,,,,,,,,,,,,,,,,,,,,,,,,,,,,,,,,,,,,
15523,2019,6,11,16,15,24.5,260,175,363,1.8,,,,,,,,,,,,,,,,,,,,,,,,,,,,,,,,,,,,
15524,2019,6,11,16,30,24.3,164,585,490,1.9000000000000001,,,,,,,,,,,,,,,,,,,,,,,,,,,,,,,,,,,,
15525,2019,6,11,16,45,24,168,536,449,2.1,,,,,,,,,,,,,,,,,,,,,,,,,,,,,,,,,,,,
15526,2019,6,11,17,0,23.8,161,512,411,2.2,,,,,,,,,,,,,,,,,,,,,,,,,,,,,,,,,,,,
15527,2019,6,11,17,15,23.400000000000002,154,485,373,2.3000000000000003,,,,,,,,,,,,,,,,,,,,,,,,,,,,,,,,,,,,
15528,2019,6,11,17,30,23.1,157,277,273,2.3000000000000003,,,,,,,,,,,,,,,,,,,,,,,,,,,,,,,,,,,,
15529,2019,6,11,17,45,22.700000000000003,127,364,265,2.4000000000000004,,,,,,,,,,,,,,,,,,,,,,,,,,,,,,,,,,,,
15530,2019,6,11,18,0,22.400000000000002,129,378,259,2.5,,,,,,,,,,,,,,,,,,,,,,,,,,,,,,,,,,,,
15531,2019,6,11,18,15,22,118,339,222,2.6,,,,,,,,,,,,,,,,,,,,,,,,,,,,,,,,,,,,
15532,2019,6,11,18,30,21.6,106,298,187,2.7,,,,,,,,,,,,,,,,,,,,,,,,,,,,,,,,,,,,
15533,2019,6,11,18,45,21.3,95,248,152,2.8000000000000003,,,,,,,,,,,,,,,,,,,,,,,,,,,,,,,,,,,,
15534,2019,6,11,19,0,20.900000000000002,80,202,120,2.8000000000000003,,,,,,,,,,,,,,,,,,,,,,,,,,,,,,,,,,,,
15535,2019,6,11,19,15,20.6,66,154,90,2.9000000000000004,,,,,,,,,,,,,,,,,,,,,,,,,,,,,,,,,,,,
15536,2019,6,11,19,30,20.200000000000003,50,107,63,3,,,,,,,,,,,,,,,,,,,,,,,,,,,,,,,,,,,,
15537,2019,6,11,19,45,19.900000000000002,34,63,39,3,,,,,,,,,,,,,,,,,,,,,,,,,,,,,,,,,,,,
15538,2019,6,11,20,0,19.6,19,27,20,3.1,,,,,,,,,,,,,,,,,,,,,,,,,,,,,,,,,,,,
15539,2019,6,11,20,15,19.400000000000002,7,6,7,3.2,,,,,,,,,,,,,,,,,,,,,,,,,,,,,,,,,,,,
15540,2019,6,11,20,30,19.200000000000003,0,0,0,3.2,,,,,,,,,,,,,,,,,,,,,,,,,,,,,,,,,,,,
15541,2019,6,11,20,45,18.900000000000002,0,0,0,3.3000000000000003,,,,,,,,,,,,,,,,,,,,,,,,,,,,,,,,,,,,
15542,2019,6,11,21,0,18.7,0,0,0,3.4000000000000004,,,,,,,,,,,,,,,,,,,,,,,,,,,,,,,,,,,,
15543,2019,6,11,21,15,18.6,0,0,0,3.3000000000000003,,,,,,,,,,,,,,,,,,,,,,,,,,,,,,,,,,,,
15544,2019,6,11,21,30,18.400000000000002,0,0,0,3.3000000000000003,,,,,,,,,,,,,,,,,,,,,,,,,,,,,,,,,,,,
15545,2019,6,11,21,45,18.3,0,0,0,3.2,,,,,,,,,,,,,,,,,,,,,,,,,,,,,,,,,,,,
15546,2019,6,11,22,0,18.1,0,0,0,3.1,,,,,,,,,,,,,,,,,,,,,,,,,,,,,,,,,,,,
15547,2019,6,11,22,15,18,0,0,0,3,,,,,,,,,,,,,,,,,,,,,,,,,,,,,,,,,,,,
15548,2019,6,11,22,30,17.8,0,0,0,2.8000000000000003,,,,,,,,,,,,,,,,,,,,,,,,,,,,,,,,,,,,
15549,2019,6,11,22,45,17.7,0,0,0,2.6,,,,,,,,,,,,,,,,,,,,,,,,,,,,,,,,,,,,
15550,2019,6,11,23,0,17.5,0,0,0,2.5,,,,,,,,,,,,,,,,,,,,,,,,,,,,,,,,,,,,
15551,2019,6,11,23,15,17.400000000000002,0,0,0,2.3000000000000003,,,,,,,,,,,,,,,,,,,,,,,,,,,,,,,,,,,,
15552,2019,6,11,23,30,17.3,0,0,0,2.2,,,,,,,,,,,,,,,,,,,,,,,,,,,,,,,,,,,,
15553,2019,6,11,23,45,17.2,0,0,0,2,,,,,,,,,,,,,,,,,,,,,,,,,,,,,,,,,,,,
15554,2019,6,12,0,0,17.1,0,0,0,1.9000000000000001,,,,,,,,,,,,,,,,,,,,,,,,,,,,,,,,,,,,
15555,2019,6,12,0,15,17.1,0,0,0,1.9000000000000001,,,,,,,,,,,,,,,,,,,,,,,,,,,,,,,,,,,,
15556,2019,6,12,0,30,17.1,0,0,0,1.9000000000000001,,,,,,,,,,,,,,,,,,,,,,,,,,,,,,,,,,,,
15557,2019,6,12,0,45,17.1,0,0,0,1.9000000000000001,,,,,,,,,,,,,,,,,,,,,,,,,,,,,,,,,,,,
15558,2019,6,12,1,0,16.7,0,0,0,1.7000000000000002,,,,,,,,,,,,,,,,,,,,,,,,,,,,,,,,,,,,
15559,2019,6,12,1,15,16.6,0,0,0,1.7000000000000002,,,,,,,,,,,,,,,,,,,,,,,,,,,,,,,,,,,,
15560,2019,6,12,1,30,16.5,0,0,0,1.8,,,,,,,,,,,,,,,,,,,,,,,,,,,,,,,,,,,,
15561,2019,6,12,1,45,16.400000000000002,0,0,0,1.8,,,,,,,,,,,,,,,,,,,,,,,,,,,,,,,,,,,,
15562,2019,6,12,2,0,16.400000000000002,0,0,0,1.8,,,,,,,,,,,,,,,,,,,,,,,,,,,,,,,,,,,,
15563,2019,6,12,2,15,16.3,0,0,0,1.8,,,,,,,,,,,,,,,,,,,,,,,,,,,,,,,,,,,,
15564,2019,6,12,2,30,16.2,0,0,0,1.7000000000000002,,,,,,,,,,,,,,,,,,,,,,,,,,,,,,,,,,,,
15565,2019,6,12,2,45,16.1,0,0,0,1.7000000000000002,,,,,,,,,,,,,,,,,,,,,,,,,,,,,,,,,,,,
15566,2019,6,12,3,0,16,0,0,0,1.7000000000000002,,,,,,,,,,,,,,,,,,,,,,,,,,,,,,,,,,,,
15567,2019,6,12,3,15,16,0,0,0,1.8,,,,,,,,,,,,,,,,,,,,,,,,,,,,,,,,,,,,
15568,2019,6,12,3,30,16,0,0,0,1.9000000000000001,,,,,,,,,,,,,,,,,,,,,,,,,,,,,,,,,,,,
15569,2019,6,12,3,45,16,0,0,0,1.9000000000000001,,,,,,,,,,,,,,,,,,,,,,,,,,,,,,,,,,,,
15570,2019,6,12,4,0,15.9,0,0,0,2,,,,,,,,,,,,,,,,,,,,,,,,,,,,,,,,,,,,
15571,2019,6,12,4,15,16,5,0,5,2,,,,,,,,,,,,,,,,,,,,,,,,,,,,,,,,,,,,
15572,2019,6,12,4,30,16.1,10,0,10,2,,,,,,,,,,,,,,,,,,,,,,,,,,,,,,,,,,,,
15573,2019,6,12,4,45,16.1,17,0,17,2,,,,,,,,,,,,,,,,,,,,,,,,,,,,,,,,,,,,
15574,2019,6,12,5,0,16.2,25,0,25,2,,,,,,,,,,,,,,,,,,,,,,,,,,,,,,,,,,,,
15575,2019,6,12,5,15,16.400000000000002,35,0,35,1.9000000000000001,,,,,,,,,,,,,,,,,,,,,,,,,,,,,,,,,,,,
15576,2019,6,12,5,30,16.5,46,0,46,1.9000000000000001,,,,,,,,,,,,,,,,,,,,,,,,,,,,,,,,,,,,
15577,2019,6,12,5,45,16.7,58,0,58,1.8,,,,,,,,,,,,,,,,,,,,,,,,,,,,,,,,,,,,
15578,2019,6,12,6,0,16.8,72,0,72,1.7000000000000002,,,,,,,,,,,,,,,,,,,,,,,,,,,,,,,,,,,,
15579,2019,6,12,6,15,17.3,87,0,87,1.7000000000000002,,,,,,,,,,,,,,,,,,,,,,,,,,,,,,,,,,,,
15580,2019,6,12,6,30,17.8,129,37,142,1.7000000000000002,,,,,,,,,,,,,,,,,,,,,,,,,,,,,,,,,,,,
15581,2019,6,12,6,45,18.3,65,0,65,1.7000000000000002,,,,,,,,,,,,,,,,,,,,,,,,,,,,,,,,,,,,
15582,2019,6,12,7,0,18.8,66,0,66,1.7000000000000002,,,,,,,,,,,,,,,,,,,,,,,,,,,,,,,,,,,,
15583,2019,6,12,7,15,19.400000000000002,33,0,33,1.7000000000000002,,,,,,,,,,,,,,,,,,,,,,,,,,,,,,,,,,,,
15584,2019,6,12,7,30,20,82,0,82,1.8,,,,,,,,,,,,,,,,,,,,,,,,,,,,,,,,,,,,
15585,2019,6,12,7,45,20.6,105,0,105,1.9000000000000001,,,,,,,,,,,,,,,,,,,,,,,,,,,,,,,,,,,,
15586,2019,6,12,8,0,21.200000000000003,74,0,74,2,,,,,,,,,,,,,,,,,,,,,,,,,,,,,,,,,,,,
15587,2019,6,12,8,15,21.700000000000003,183,7,187,2.1,,,,,,,,,,,,,,,,,,,,,,,,,,,,,,,,,,,,
15588,2019,6,12,8,30,22.200000000000003,210,14,219,2.1,,,,,,,,,,,,,,,,,,,,,,,,,,,,,,,,,,,,
15589,2019,6,12,8,45,22.700000000000003,250,30,270,2.2,,,,,,,,,,,,,,,,,,,,,,,,,,,,,,,,,,,,
15590,2019,6,12,9,0,23.200000000000003,313,118,395,2.3000000000000003,,,,,,,,,,,,,,,,,,,,,,,,,,,,,,,,,,,,
15591,2019,6,12,9,15,23.6,287,38,314,2.4000000000000004,,,,,,,,,,,,,,,,,,,,,,,,,,,,,,,,,,,,
15592,2019,6,12,9,30,24.1,253,18,266,2.5,,,,,,,,,,,,,,,,,,,,,,,,,,,,,,,,,,,,
15593,2019,6,12,9,45,24.5,350,89,418,2.5,,,,,,,,,,,,,,,,,,,,,,,,,,,,,,,,,,,,
15594,2019,6,12,10,0,24.900000000000002,263,17,276,2.6,,,,,,,,,,,,,,,,,,,,,,,,,,,,,,,,,,,,
15595,2019,6,12,10,15,25.200000000000003,184,6,189,2.6,,,,,,,,,,,,,,,,,,,,,,,,,,,,,,,,,,,,
15596,2019,6,12,10,30,25.6,228,11,237,2.6,,,,,,,,,,,,,,,,,,,,,,,,,,,,,,,,,,,,
15597,2019,6,12,10,45,25.900000000000002,187,7,193,2.7,,,,,,,,,,,,,,,,,,,,,,,,,,,,,,,,,,,,
15598,2019,6,12,11,0,26.200000000000003,193,8,200,2.7,,,,,,,,,,,,,,,,,,,,,,,,,,,,,,,,,,,,
15599,2019,6,12,11,15,26.5,302,20,319,2.7,,,,,,,,,,,,,,,,,,,,,,,,,,,,,,,,,,,,
15600,2019,6,12,11,30,26.8,348,33,377,2.6,,,,,,,,,,,,,,,,,,,,,,,,,,,,,,,,,,,,
15601,2019,6,12,11,45,27,347,31,374,2.6,,,,,,,,,,,,,,,,,,,,,,,,,,,,,,,,,,,,
15602,2019,6,12,12,0,27.3,155,4,158,2.6,,,,,,,,,,,,,,,,,,,,,,,,,,,,,,,,,,,,
15603,2019,6,12,12,15,27.400000000000002,207,10,215,2.5,,,,,,,,,,,,,,,,,,,,,,,,,,,,,,,,,,,,
15604,2019,6,12,12,30,27.6,124,0,124,2.4000000000000004,,,,,,,,,,,,,,,,,,,,,,,,,,,,,,,,,,,,
15605,2019,6,12,12,45,27.700000000000003,207,9,215,2.3000000000000003,,,,,,,,,,,,,,,,,,,,,,,,,,,,,,,,,,,,
15606,2019,6,12,13,0,27.8,300,19,317,2.2,,,,,,,,,,,,,,,,,,,,,,,,,,,,,,,,,,,,
15607,2019,6,12,13,15,27.8,420,158,556,2.3000000000000003,,,,,,,,,,,,,,,,,,,,,,,,,,,,,,,,,,,,
15608,2019,6,12,13,30,27.700000000000003,289,585,784,2.3000000000000003,,,,,,,,,,,,,,,,,,,,,,,,,,,,,,,,,,,,
15609,2019,6,12,13,45,27.700000000000003,275,17,289,2.3000000000000003,,,,,,,,,,,,,,,,,,,,,,,,,,,,,,,,,,,,
15610,2019,6,12,14,0,27.6,395,143,512,2.3000000000000003,,,,,,,,,,,,,,,,,,,,,,,,,,,,,,,,,,,,
15611,2019,6,12,14,15,27.3,303,27,324,2.6,,,,,,,,,,,,,,,,,,,,,,,,,,,,,,,,,,,,
15612,2019,6,12,14,30,27,60,0,60,2.8000000000000003,,,,,,,,,,,,,,,,,,,,,,,,,,,,,,,,,,,,
15613,2019,6,12,14,45,26.700000000000003,54,0,54,3.1,,,,,,,,,,,,,,,,,,,,,,,,,,,,,,,,,,,,
15614,2019,6,12,15,0,26.400000000000002,52,0,52,3.3000000000000003,,,,,,,,,,,,,,,,,,,,,,,,,,,,,,,,,,,,
15615,2019,6,12,15,15,25.8,49,0,49,3.7,,,,,,,,,,,,,,,,,,,,,,,,,,,,,,,,,,,,
15616,2019,6,12,15,30,25.200000000000003,45,0,45,4,,,,,,,,,,,,,,,,,,,,,,,,,,,,,,,,,,,,
15617,2019,6,12,15,45,24.6,41,0,41,4.4,,,,,,,,,,,,,,,,,,,,,,,,,,,,,,,,,,,,
15618,2019,6,12,16,0,24,37,0,37,4.7,,,,,,,,,,,,,,,,,,,,,,,,,,,,,,,,,,,,
15619,2019,6,12,16,15,23.5,33,0,33,4.9,,,,,,,,,,,,,,,,,,,,,,,,,,,,,,,,,,,,
15620,2019,6,12,16,30,22.900000000000002,31,0,31,5,,,,,,,,,,,,,,,,,,,,,,,,,,,,,,,,,,,,
15621,2019,6,12,16,45,22.3,29,0,29,5.1000000000000005,,,,,,,,,,,,,,,,,,,,,,,,,,,,,,,,,,,,
15622,2019,6,12,17,0,21.700000000000003,20,0,20,5.2,,,,,,,,,,,,,,,,,,,,,,,,,,,,,,,,,,,,
15623,2019,6,12,17,15,21.3,86,0,86,5.1000000000000005,,,,,,,,,,,,,,,,,,,,,,,,,,,,,,,,,,,,
15624,2019,6,12,17,30,20.8,168,179,243,4.9,,,,,,,,,,,,,,,,,,,,,,,,,,,,,,,,,,,,
15625,2019,6,12,17,45,20.3,51,0,51,4.800000000000001,,,,,,,,,,,,,,,,,,,,,,,,,,,,,,,,,,,,
15626,2019,6,12,18,0,19.8,97,0,97,4.6000000000000005,,,,,,,,,,,,,,,,,,,,,,,,,,,,,,,,,,,,
15627,2019,6,12,18,15,19.400000000000002,32,0,32,4.3,,,,,,,,,,,,,,,,,,,,,,,,,,,,,,,,,,,,
15628,2019,6,12,18,30,19,126,185,176,4.1000000000000005,,,,,,,,,,,,,,,,,,,,,,,,,,,,,,,,,,,,
15629,2019,6,12,18,45,18.6,101,211,150,3.8000000000000003,,,,,,,,,,,,,,,,,,,,,,,,,,,,,,,,,,,,
15630,2019,6,12,19,0,18.2,85,168,118,3.5,,,,,,,,,,,,,,,,,,,,,,,,,,,,,,,,,,,,
15631,2019,6,12,19,15,17.900000000000002,69,125,89,3.2,,,,,,,,,,,,,,,,,,,,,,,,,,,,,,,,,,,,
15632,2019,6,12,19,30,17.5,51,84,62,2.9000000000000004,,,,,,,,,,,,,,,,,,,,,,,,,,,,,,,,,,,,
15633,2019,6,12,19,45,17.1,13,0,13,2.7,,,,,,,,,,,,,,,,,,,,,,,,,,,,,,,,,,,,
15634,2019,6,12,20,0,16.8,9,0,9,2.4000000000000004,,,,,,,,,,,,,,,,,,,,,,,,,,,,,,,,,,,,
15635,2019,6,12,20,15,16.5,4,0,4,2.3000000000000003,,,,,,,,,,,,,,,,,,,,,,,,,,,,,,,,,,,,
15636,2019,6,12,20,30,16.2,0,0,0,2.2,,,,,,,,,,,,,,,,,,,,,,,,,,,,,,,,,,,,
15637,2019,6,12,20,45,15.9,0,0,0,2.1,,,,,,,,,,,,,,,,,,,,,,,,,,,,,,,,,,,,
15638,2019,6,12,21,0,15.600000000000001,0,0,0,2,,,,,,,,,,,,,,,,,,,,,,,,,,,,,,,,,,,,
15639,2019,6,12,21,15,15.4,0,0,0,1.9000000000000001,,,,,,,,,,,,,,,,,,,,,,,,,,,,,,,,,,,,
15640,2019,6,12,21,30,15.200000000000001,0,0,0,1.9000000000000001,,,,,,,,,,,,,,,,,,,,,,,,,,,,,,,,,,,,
15641,2019,6,12,21,45,15,0,0,0,1.8,,,,,,,,,,,,,,,,,,,,,,,,,,,,,,,,,,,,
15642,2019,6,12,22,0,14.8,0,0,0,1.8,,,,,,,,,,,,,,,,,,,,,,,,,,,,,,,,,,,,
15643,2019,6,12,22,15,14.600000000000001,0,0,0,1.7000000000000002,,,,,,,,,,,,,,,,,,,,,,,,,,,,,,,,,,,,
15644,2019,6,12,22,30,14.3,0,0,0,1.6,,,,,,,,,,,,,,,,,,,,,,,,,,,,,,,,,,,,
15645,2019,6,12,22,45,14.100000000000001,0,0,0,1.5,,,,,,,,,,,,,,,,,,,,,,,,,,,,,,,,,,,,
15646,2019,6,12,23,0,13.9,0,0,0,1.5,,,,,,,,,,,,,,,,,,,,,,,,,,,,,,,,,,,,
15647,2019,6,12,23,15,13.700000000000001,0,0,0,1.4000000000000001,,,,,,,,,,,,,,,,,,,,,,,,,,,,,,,,,,,,
15648,2019,6,12,23,30,13.5,0,0,0,1.4000000000000001,,,,,,,,,,,,,,,,,,,,,,,,,,,,,,,,,,,,
15649,2019,6,12,23,45,13.3,0,0,0,1.4000000000000001,,,,,,,,,,,,,,,,,,,,,,,,,,,,,,,,,,,,
15650,2019,6,13,0,0,13.100000000000001,0,0,0,1.3,,,,,,,,,,,,,,,,,,,,,,,,,,,,,,,,,,,,
15651,2019,6,13,0,15,13.100000000000001,0,0,0,1.3,,,,,,,,,,,,,,,,,,,,,,,,,,,,,,,,,,,,
15652,2019,6,13,0,30,13.100000000000001,0,0,0,1.3,,,,,,,,,,,,,,,,,,,,,,,,,,,,,,,,,,,,
15653,2019,6,13,0,45,13.100000000000001,0,0,0,1.3,,,,,,,,,,,,,,,,,,,,,,,,,,,,,,,,,,,,
15654,2019,6,13,1,0,12.4,0,0,0,1.3,,,,,,,,,,,,,,,,,,,,,,,,,,,,,,,,,,,,
15655,2019,6,13,1,15,12.3,0,0,0,1.4000000000000001,,,,,,,,,,,,,,,,,,,,,,,,,,,,,,,,,,,,
15656,2019,6,13,1,30,12.200000000000001,0,0,0,1.4000000000000001,,,,,,,,,,,,,,,,,,,,,,,,,,,,,,,,,,,,
15657,2019,6,13,1,45,12,0,0,0,1.4000000000000001,,,,,,,,,,,,,,,,,,,,,,,,,,,,,,,,,,,,
15658,2019,6,13,2,0,11.9,0,0,0,1.4000000000000001,,,,,,,,,,,,,,,,,,,,,,,,,,,,,,,,,,,,
15659,2019,6,13,2,15,11.8,0,0,0,1.4000000000000001,,,,,,,,,,,,,,,,,,,,,,,,,,,,,,,,,,,,
15660,2019,6,13,2,30,11.700000000000001,0,0,0,1.4000000000000001,,,,,,,,,,,,,,,,,,,,,,,,,,,,,,,,,,,,
15661,2019,6,13,2,45,11.600000000000001,0,0,0,1.4000000000000001,,,,,,,,,,,,,,,,,,,,,,,,,,,,,,,,,,,,
15662,2019,6,13,3,0,11.4,0,0,0,1.3,,,,,,,,,,,,,,,,,,,,,,,,,,,,,,,,,,,,
15663,2019,6,13,3,15,11.5,0,0,0,1.3,,,,,,,,,,,,,,,,,,,,,,,,,,,,,,,,,,,,
15664,2019,6,13,3,30,11.600000000000001,0,0,0,1.3,,,,,,,,,,,,,,,,,,,,,,,,,,,,,,,,,,,,
15665,2019,6,13,3,45,11.700000000000001,0,0,0,1.3,,,,,,,,,,,,,,,,,,,,,,,,,,,,,,,,,,,,
15666,2019,6,13,4,0,11.700000000000001,0,0,0,1.3,,,,,,,,,,,,,,,,,,,,,,,,,,,,,,,,,,,,
15667,2019,6,13,4,15,12.200000000000001,7,0,7,1.5,,,,,,,,,,,,,,,,,,,,,,,,,,,,,,,,,,,,
15668,2019,6,13,4,30,12.600000000000001,17,0,17,1.6,,,,,,,,,,,,,,,,,,,,,,,,,,,,,,,,,,,,
15669,2019,6,13,4,45,13,28,0,28,1.8,,,,,,,,,,,,,,,,,,,,,,,,,,,,,,,,,,,,
15670,2019,6,13,5,0,13.4,42,5,43,2,,,,,,,,,,,,,,,,,,,,,,,,,,,,,,,,,,,,
15671,2019,6,13,5,15,13.8,56,22,60,2,,,,,,,,,,,,,,,,,,,,,,,,,,,,,,,,,,,,
15672,2019,6,13,5,30,14.200000000000001,71,40,79,2,,,,,,,,,,,,,,,,,,,,,,,,,,,,,,,,,,,,
15673,2019,6,13,5,45,14.5,87,58,100,2,,,,,,,,,,,,,,,,,,,,,,,,,,,,,,,,,,,,
15674,2019,6,13,6,0,14.9,103,76,124,2,,,,,,,,,,,,,,,,,,,,,,,,,,,,,,,,,,,,
15675,2019,6,13,6,15,15.600000000000001,117,55,135,2,,,,,,,,,,,,,,,,,,,,,,,,,,,,,,,,,,,,
15676,2019,6,13,6,30,16.2,23,0,23,2,,,,,,,,,,,,,,,,,,,,,,,,,,,,,,,,,,,,
15677,2019,6,13,6,45,16.900000000000002,140,25,149,2,,,,,,,,,,,,,,,,,,,,,,,,,,,,,,,,,,,,
15678,2019,6,13,7,0,17.6,171,90,209,2.1,,,,,,,,,,,,,,,,,,,,,,,,,,,,,,,,,,,,
15679,2019,6,13,7,15,18.2,160,16,168,2.1,,,,,,,,,,,,,,,,,,,,,,,,,,,,,,,,,,,,
15680,2019,6,13,7,30,18.8,101,718,456,2.2,,,,,,,,,,,,,,,,,,,,,,,,,,,,,,,,,,,,
15681,2019,6,13,7,45,19.5,214,275,360,2.3000000000000003,,,,,,,,,,,,,,,,,,,,,,,,,,,,,,,,,,,,
15682,2019,6,13,8,0,20.1,105,763,535,2.3000000000000003,,,,,,,,,,,,,,,,,,,,,,,,,,,,,,,,,,,,
15683,2019,6,13,8,15,20.400000000000002,208,17,218,2.4000000000000004,,,,,,,,,,,,,,,,,,,,,,,,,,,,,,,,,,,,
15684,2019,6,13,8,30,20.8,236,28,253,2.4000000000000004,,,,,,,,,,,,,,,,,,,,,,,,,,,,,,,,,,,,
15685,2019,6,13,8,45,21.1,111,809,643,2.5,,,,,,,,,,,,,,,,,,,,,,,,,,,,,,,,,,,,
15686,2019,6,13,9,0,21.5,112,821,676,2.5,,,,,,,,,,,,,,,,,,,,,,,,,,,,,,,,,,,,
15687,2019,6,13,9,15,21.700000000000003,115,831,708,2.6,,,,,,,,,,,,,,,,,,,,,,,,,,,,,,,,,,,,
15688,2019,6,13,9,30,22,117,840,738,2.6,,,,,,,,,,,,,,,,,,,,,,,,,,,,,,,,,,,,
15689,2019,6,13,9,45,22.3,124,839,763,2.6,,,,,,,,,,,,,,,,,,,,,,,,,,,,,,,,,,,,
15690,2019,6,13,10,0,22.6,126,846,789,2.7,,,,,,,,,,,,,,,,,,,,,,,,,,,,,,,,,,,,
15691,2019,6,13,10,15,22.8,127,852,812,2.7,,,,,,,,,,,,,,,,,,,,,,,,,,,,,,,,,,,,
15692,2019,6,13,10,30,23,128,858,832,2.7,,,,,,,,,,,,,,,,,,,,,,,,,,,,,,,,,,,,
15693,2019,6,13,10,45,23.200000000000003,129,864,851,2.7,,,,,,,,,,,,,,,,,,,,,,,,,,,,,,,,,,,,
15694,2019,6,13,11,0,23.400000000000002,129,865,864,2.7,,,,,,,,,,,,,,,,,,,,,,,,,,,,,,,,,,,,
15695,2019,6,13,11,15,23.6,130,868,877,2.7,,,,,,,,,,,,,,,,,,,,,,,,,,,,,,,,,,,,
15696,2019,6,13,11,30,23.700000000000003,131,871,886,2.7,,,,,,,,,,,,,,,,,,,,,,,,,,,,,,,,,,,,
15697,2019,6,13,11,45,23.900000000000002,129,875,894,2.7,,,,,,,,,,,,,,,,,,,,,,,,,,,,,,,,,,,,
15698,2019,6,13,12,0,24,130,876,898,2.7,,,,,,,,,,,,,,,,,,,,,,,,,,,,,,,,,,,,
15699,2019,6,13,12,15,24.1,130,876,900,2.7,,,,,,,,,,,,,,,,,,,,,,,,,,,,,,,,,,,,
15700,2019,6,13,12,30,24.200000000000003,130,874,896,2.7,,,,,,,,,,,,,,,,,,,,,,,,,,,,,,,,,,,,
15701,2019,6,13,12,45,24.3,132,868,890,2.7,,,,,,,,,,,,,,,,,,,,,,,,,,,,,,,,,,,,
15702,2019,6,13,13,0,24.3,132,866,883,2.7,,,,,,,,,,,,,,,,,,,,,,,,,,,,,,,,,,,,
15703,2019,6,13,13,15,24.3,131,863,872,2.7,,,,,,,,,,,,,,,,,,,,,,,,,,,,,,,,,,,,
15704,2019,6,13,13,30,24.3,130,858,857,2.7,,,,,,,,,,,,,,,,,,,,,,,,,,,,,,,,,,,,
15705,2019,6,13,13,45,24.3,132,850,841,2.6,,,,,,,,,,,,,,,,,,,,,,,,,,,,,,,,,,,,
15706,2019,6,13,14,0,24.3,390,223,572,2.6,,,,,,,,,,,,,,,,,,,,,,,,,,,,,,,,,,,,
15707,2019,6,13,14,15,24.200000000000003,129,840,802,2.6,,,,,,,,,,,,,,,,,,,,,,,,,,,,,,,,,,,,
15708,2019,6,13,14,30,24.200000000000003,128,831,777,2.6,,,,,,,,,,,,,,,,,,,,,,,,,,,,,,,,,,,,
15709,2019,6,13,14,45,24.1,130,817,750,2.6,,,,,,,,,,,,,,,,,,,,,,,,,,,,,,,,,,,,
15710,2019,6,13,15,0,24,328,281,535,2.6,,,,,,,,,,,,,,,,,,,,,,,,,,,,,,,,,,,,
15711,2019,6,13,15,15,23.900000000000002,126,799,693,2.6,,,,,,,,,,,,,,,,,,,,,,,,,,,,,,,,,,,,
15712,2019,6,13,15,30,23.8,123,788,662,2.5,,,,,,,,,,,,,,,,,,,,,,,,,,,,,,,,,,,,
15713,2019,6,13,15,45,23.700000000000003,288,243,447,2.5,,,,,,,,,,,,,,,,,,,,,,,,,,,,,,,,,,,,
15714,2019,6,13,16,0,23.6,123,749,590,2.4000000000000004,,,,,,,,,,,,,,,,,,,,,,,,,,,,,,,,,,,,
15715,2019,6,13,16,15,23.400000000000002,231,357,442,2.3000000000000003,,,,,,,,,,,,,,,,,,,,,,,,,,,,,,,,,,,,
15716,2019,6,13,16,30,23.3,219,40,242,2.2,,,,,,,,,,,,,,,,,,,,,,,,,,,,,,,,,,,,
15717,2019,6,13,16,45,23.1,224,114,284,2.1,,,,,,,,,,,,,,,,,,,,,,,,,,,,,,,,,,,,
15718,2019,6,13,17,0,22.900000000000002,113,666,439,2,,,,,,,,,,,,,,,,,,,,,,,,,,,,,,,,,,,,
15719,2019,6,13,17,15,22.700000000000003,108,642,400,1.9000000000000001,,,,,,,,,,,,,,,,,,,,,,,,,,,,,,,,,,,,
15720,2019,6,13,17,30,22.5,103,616,361,1.7000000000000002,,,,,,,,,,,,,,,,,,,,,,,,,,,,,,,,,,,,
15721,2019,6,13,17,45,22.3,106,485,292,1.6,,,,,,,,,,,,,,,,,,,,,,,,,,,,,,,,,,,,
15722,2019,6,13,18,0,22.1,108,391,243,1.5,,,,,,,,,,,,,,,,,,,,,,,,,,,,,,,,,,,,
15723,2019,6,13,18,15,21.6,87,510,244,1.3,,,,,,,,,,,,,,,,,,,,,,,,,,,,,,,,,,,,
15724,2019,6,13,18,30,21.1,80,469,207,1.2000000000000002,,,,,,,,,,,,,,,,,,,,,,,,,,,,,,,,,,,,
15725,2019,6,13,18,45,20.700000000000003,81,222,133,1,,,,,,,,,,,,,,,,,,,,,,,,,,,,,,,,,,,,
15726,2019,6,13,19,0,20.200000000000003,63,372,137,0.9,,,,,,,,,,,,,,,,,,,,,,,,,,,,,,,,,,,,
15727,2019,6,13,19,15,19.700000000000003,55,169,82,0.9,,,,,,,,,,,,,,,,,,,,,,,,,,,,,,,,,,,,
15728,2019,6,13,19,30,19.1,44,252,76,0.9,,,,,,,,,,,,,,,,,,,,,,,,,,,,,,,,,,,,
15729,2019,6,13,19,45,18.6,33,192,51,0.9,,,,,,,,,,,,,,,,,,,,,,,,,,,,,,,,,,,,
15730,2019,6,13,20,0,18.1,21,58,24,0.9,,,,,,,,,,,,,,,,,,,,,,,,,,,,,,,,,,,,
15731,2019,6,13,20,15,17.8,12,52,13,0.9,,,,,,,,,,,,,,,,,,,,,,,,,,,,,,,,,,,,
15732,2019,6,13,20,30,17.5,0,0,0,0.9,,,,,,,,,,,,,,,,,,,,,,,,,,,,,,,,,,,,
15733,2019,6,13,20,45,17.2,0,0,0,0.9,,,,,,,,,,,,,,,,,,,,,,,,,,,,,,,,,,,,
15734,2019,6,13,21,0,16.900000000000002,0,0,0,0.9,,,,,,,,,,,,,,,,,,,,,,,,,,,,,,,,,,,,
15735,2019,6,13,21,15,16.7,0,0,0,0.9,,,,,,,,,,,,,,,,,,,,,,,,,,,,,,,,,,,,
15736,2019,6,13,21,30,16.5,0,0,0,0.9,,,,,,,,,,,,,,,,,,,,,,,,,,,,,,,,,,,,
15737,2019,6,13,21,45,16.3,0,0,0,0.9,,,,,,,,,,,,,,,,,,,,,,,,,,,,,,,,,,,,
15738,2019,6,13,22,0,16.1,0,0,0,0.9,,,,,,,,,,,,,,,,,,,,,,,,,,,,,,,,,,,,
15739,2019,6,13,22,15,16,0,0,0,0.9,,,,,,,,,,,,,,,,,,,,,,,,,,,,,,,,,,,,
15740,2019,6,13,22,30,15.9,0,0,0,0.9,,,,,,,,,,,,,,,,,,,,,,,,,,,,,,,,,,,,
15741,2019,6,13,22,45,15.9,0,0,0,0.9,,,,,,,,,,,,,,,,,,,,,,,,,,,,,,,,,,,,
15742,2019,6,13,23,0,15.8,0,0,0,0.9,,,,,,,,,,,,,,,,,,,,,,,,,,,,,,,,,,,,
15743,2019,6,13,23,15,15.700000000000001,0,0,0,0.9,,,,,,,,,,,,,,,,,,,,,,,,,,,,,,,,,,,,
15744,2019,6,13,23,30,15.600000000000001,0,0,0,0.9,,,,,,,,,,,,,,,,,,,,,,,,,,,,,,,,,,,,
15745,2019,6,13,23,45,15.5,0,0,0,0.9,,,,,,,,,,,,,,,,,,,,,,,,,,,,,,,,,,,,
15746,2019,6,14,0,0,15.4,0,0,0,0.9,,,,,,,,,,,,,,,,,,,,,,,,,,,,,,,,,,,,
15747,2019,6,14,0,15,15.4,0,0,0,0.9,,,,,,,,,,,,,,,,,,,,,,,,,,,,,,,,,,,,
15748,2019,6,14,0,30,15.4,0,0,0,0.9,,,,,,,,,,,,,,,,,,,,,,,,,,,,,,,,,,,,
15749,2019,6,14,0,45,15.4,0,0,0,0.9,,,,,,,,,,,,,,,,,,,,,,,,,,,,,,,,,,,,
15750,2019,6,14,1,0,14.9,0,0,0,0.9,,,,,,,,,,,,,,,,,,,,,,,,,,,,,,,,,,,,
15751,2019,6,14,1,15,14.700000000000001,0,0,0,0.9,,,,,,,,,,,,,,,,,,,,,,,,,,,,,,,,,,,,
15752,2019,6,14,1,30,14.4,0,0,0,1,,,,,,,,,,,,,,,,,,,,,,,,,,,,,,,,,,,,
15753,2019,6,14,1,45,14.200000000000001,0,0,0,1,,,,,,,,,,,,,,,,,,,,,,,,,,,,,,,,,,,,
15754,2019,6,14,2,0,14,0,0,0,1,,,,,,,,,,,,,,,,,,,,,,,,,,,,,,,,,,,,
15755,2019,6,14,2,15,13.700000000000001,0,0,0,1.1,,,,,,,,,,,,,,,,,,,,,,,,,,,,,,,,,,,,
15756,2019,6,14,2,30,13.5,0,0,0,1.1,,,,,,,,,,,,,,,,,,,,,,,,,,,,,,,,,,,,
15757,2019,6,14,2,45,13.200000000000001,0,0,0,1.1,,,,,,,,,,,,,,,,,,,,,,,,,,,,,,,,,,,,
15758,2019,6,14,3,0,13,0,0,0,1.2000000000000002,,,,,,,,,,,,,,,,,,,,,,,,,,,,,,,,,,,,
15759,2019,6,14,3,15,12.9,0,0,0,1.2000000000000002,,,,,,,,,,,,,,,,,,,,,,,,,,,,,,,,,,,,
15760,2019,6,14,3,30,12.9,0,0,0,1.2000000000000002,,,,,,,,,,,,,,,,,,,,,,,,,,,,,,,,,,,,
15761,2019,6,14,3,45,12.9,0,0,0,1.3,,,,,,,,,,,,,,,,,,,,,,,,,,,,,,,,,,,,
15762,2019,6,14,4,0,12.9,0,0,0,1.3,,,,,,,,,,,,,,,,,,,,,,,,,,,,,,,,,,,,
15763,2019,6,14,4,15,13.4,14,101,17,1.5,,,,,,,,,,,,,,,,,,,,,,,,,,,,,,,,,,,,
15764,2019,6,14,4,30,14,23,191,35,1.7000000000000002,,,,,,,,,,,,,,,,,,,,,,,,,,,,,,,,,,,,
15765,2019,6,14,4,45,14.600000000000001,32,276,59,1.9000000000000001,,,,,,,,,,,,,,,,,,,,,,,,,,,,,,,,,,,,
15766,2019,6,14,5,0,15.100000000000001,41,352,87,2.1,,,,,,,,,,,,,,,,,,,,,,,,,,,,,,,,,,,,
15767,2019,6,14,5,15,15.600000000000001,48,422,119,2.2,,,,,,,,,,,,,,,,,,,,,,,,,,,,,,,,,,,,
15768,2019,6,14,5,30,16,55,481,153,2.4000000000000004,,,,,,,,,,,,,,,,,,,,,,,,,,,,,,,,,,,,
15769,2019,6,14,5,45,16.400000000000002,62,532,189,2.6,,,,,,,,,,,,,,,,,,,,,,,,,,,,,,,,,,,,
15770,2019,6,14,6,0,16.900000000000002,68,576,227,2.7,,,,,,,,,,,,,,,,,,,,,,,,,,,,,,,,,,,,
15771,2019,6,14,6,15,17.5,73,616,266,2.8000000000000003,,,,,,,,,,,,,,,,,,,,,,,,,,,,,,,,,,,,
15772,2019,6,14,6,30,18.1,78,650,305,2.8000000000000003,,,,,,,,,,,,,,,,,,,,,,,,,,,,,,,,,,,,
15773,2019,6,14,6,45,18.8,81,685,346,2.8000000000000003,,,,,,,,,,,,,,,,,,,,,,,,,,,,,,,,,,,,
15774,2019,6,14,7,0,19.400000000000002,86,712,387,2.8000000000000003,,,,,,,,,,,,,,,,,,,,,,,,,,,,,,,,,,,,
15775,2019,6,14,7,15,20.1,89,736,427,3,,,,,,,,,,,,,,,,,,,,,,,,,,,,,,,,,,,,
15776,2019,6,14,7,30,20.900000000000002,93,757,468,3.2,,,,,,,,,,,,,,,,,,,,,,,,,,,,,,,,,,,,
15777,2019,6,14,7,45,21.6,95,780,508,3.3000000000000003,,,,,,,,,,,,,,,,,,,,,,,,,,,,,,,,,,,,
15778,2019,6,14,8,0,22.400000000000002,98,797,547,3.5,,,,,,,,,,,,,,,,,,,,,,,,,,,,,,,,,,,,
15779,2019,6,14,8,15,22.8,101,812,585,3.6,,,,,,,,,,,,,,,,,,,,,,,,,,,,,,,,,,,,
15780,2019,6,14,8,30,23.3,103,826,622,3.7,,,,,,,,,,,,,,,,,,,,,,,,,,,,,,,,,,,,
15781,2019,6,14,8,45,23.8,107,834,656,3.8000000000000003,,,,,,,,,,,,,,,,,,,,,,,,,,,,,,,,,,,,
15782,2019,6,14,9,0,24.200000000000003,109,845,690,3.8000000000000003,,,,,,,,,,,,,,,,,,,,,,,,,,,,,,,,,,,,
15783,2019,6,14,9,15,24.6,111,855,722,3.9000000000000004,,,,,,,,,,,,,,,,,,,,,,,,,,,,,,,,,,,,
15784,2019,6,14,9,30,24.900000000000002,113,864,752,3.9000000000000004,,,,,,,,,,,,,,,,,,,,,,,,,,,,,,,,,,,,
15785,2019,6,14,9,45,25.200000000000003,124,855,776,4,,,,,,,,,,,,,,,,,,,,,,,,,,,,,,,,,,,,
15786,2019,6,14,10,0,25.6,126,862,801,4,,,,,,,,,,,,,,,,,,,,,,,,,,,,,,,,,,,,
15787,2019,6,14,10,15,25.8,127,865,822,4.1000000000000005,,,,,,,,,,,,,,,,,,,,,,,,,,,,,,,,,,,,
15788,2019,6,14,10,30,26.1,128,871,843,4.1000000000000005,,,,,,,,,,,,,,,,,,,,,,,,,,,,,,,,,,,,
15789,2019,6,14,10,45,26.3,302,520,737,4.1000000000000005,,,,,,,,,,,,,,,,,,,,,,,,,,,,,,,,,,,,
15790,2019,6,14,11,0,26.6,138,863,871,4.1000000000000005,,,,,,,,,,,,,,,,,,,,,,,,,,,,,,,,,,,,
15791,2019,6,14,11,15,26.8,139,864,881,4.1000000000000005,,,,,,,,,,,,,,,,,,,,,,,,,,,,,,,,,,,,
15792,2019,6,14,11,30,26.900000000000002,139,866,891,4.1000000000000005,,,,,,,,,,,,,,,,,,,,,,,,,,,,,,,,,,,,
15793,2019,6,14,11,45,27.1,155,840,890,4.1000000000000005,,,,,,,,,,,,,,,,,,,,,,,,,,,,,,,,,,,,
15794,2019,6,14,12,0,27.3,157,838,893,4.1000000000000005,,,,,,,,,,,,,,,,,,,,,,,,,,,,,,,,,,,,
15795,2019,6,14,12,15,27.200000000000003,396,344,699,3.9000000000000004,,,,,,,,,,,,,,,,,,,,,,,,,,,,,,,,,,,,
15796,2019,6,14,12,30,27.1,345,453,743,3.8000000000000003,,,,,,,,,,,,,,,,,,,,,,,,,,,,,,,,,,,,
15797,2019,6,14,12,45,26.900000000000002,405,301,669,3.6,,,,,,,,,,,,,,,,,,,,,,,,,,,,,,,,,,,,
15798,2019,6,14,13,0,26.8,420,218,609,3.4000000000000004,,,,,,,,,,,,,,,,,,,,,,,,,,,,,,,,,,,,
15799,2019,6,14,13,15,26.700000000000003,412,107,504,3.2,,,,,,,,,,,,,,,,,,,,,,,,,,,,,,,,,,,,
15800,2019,6,14,13,30,26.5,408,119,509,3,,,,,,,,,,,,,,,,,,,,,,,,,,,,,,,,,,,,
15801,2019,6,14,13,45,26.3,270,16,283,2.8000000000000003,,,,,,,,,,,,,,,,,,,,,,,,,,,,,,,,,,,,
15802,2019,6,14,14,0,26.200000000000003,348,46,386,2.6,,,,,,,,,,,,,,,,,,,,,,,,,,,,,,,,,,,,
15803,2019,6,14,14,15,26.1,319,34,346,2.5,,,,,,,,,,,,,,,,,,,,,,,,,,,,,,,,,,,,
15804,2019,6,14,14,30,26.1,323,41,355,2.4000000000000004,,,,,,,,,,,,,,,,,,,,,,,,,,,,,,,,,,,,
15805,2019,6,14,14,45,26,254,16,266,2.3000000000000003,,,,,,,,,,,,,,,,,,,,,,,,,,,,,,,,,,,,
15806,2019,6,14,15,0,26,275,26,294,2.1,,,,,,,,,,,,,,,,,,,,,,,,,,,,,,,,,,,,
15807,2019,6,14,15,15,25.8,266,26,284,2,,,,,,,,,,,,,,,,,,,,,,,,,,,,,,,,,,,,
15808,2019,6,14,15,30,25.700000000000003,273,38,299,1.9000000000000001,,,,,,,,,,,,,,,,,,,,,,,,,,,,,,,,,,,,
15809,2019,6,14,15,45,25.6,297,139,388,1.8,,,,,,,,,,,,,,,,,,,,,,,,,,,,,,,,,,,,
15810,2019,6,14,16,0,25.400000000000002,258,54,292,1.6,,,,,,,,,,,,,,,,,,,,,,,,,,,,,,,,,,,,
15811,2019,6,14,16,15,25.200000000000003,234,344,438,1.5,,,,,,,,,,,,,,,,,,,,,,,,,,,,,,,,,,,,
15812,2019,6,14,16,30,24.900000000000002,184,472,448,1.3,,,,,,,,,,,,,,,,,,,,,,,,,,,,,,,,,,,,
15813,2019,6,14,16,45,24.700000000000003,177,441,409,1.2000000000000002,,,,,,,,,,,,,,,,,,,,,,,,,,,,,,,,,,,,
15814,2019,6,14,17,0,24.400000000000002,204,200,302,1,,,,,,,,,,,,,,,,,,,,,,,,,,,,,,,,,,,,
15815,2019,6,14,17,15,24.1,189,112,239,1,,,,,,,,,,,,,,,,,,,,,,,,,,,,,,,,,,,,
15816,2019,6,14,17,30,23.900000000000002,125,0,125,1,,,,,,,,,,,,,,,,,,,,,,,,,,,,,,,,,,,,
15817,2019,6,14,17,45,23.6,125,3,126,0.9,,,,,,,,,,,,,,,,,,,,,,,,,,,,,,,,,,,,
15818,2019,6,14,18,0,23.3,119,12,124,0.9,,,,,,,,,,,,,,,,,,,,,,,,,,,,,,,,,,,,
15819,2019,6,14,18,15,23,36,0,36,0.9,,,,,,,,,,,,,,,,,,,,,,,,,,,,,,,,,,,,
15820,2019,6,14,18,30,22.8,10,0,10,1,,,,,,,,,,,,,,,,,,,,,,,,,,,,,,,,,,,,
15821,2019,6,14,18,45,22.5,9,0,9,1,,,,,,,,,,,,,,,,,,,,,,,,,,,,,,,,,,,,
15822,2019,6,14,19,0,22.200000000000003,8,0,8,1,,,,,,,,,,,,,,,,,,,,,,,,,,,,,,,,,,,,
15823,2019,6,14,19,15,21.900000000000002,39,0,39,1.1,,,,,,,,,,,,,,,,,,,,,,,,,,,,,,,,,,,,
15824,2019,6,14,19,30,21.6,28,0,28,1.2000000000000002,,,,,,,,,,,,,,,,,,,,,,,,,,,,,,,,,,,,
15825,2019,6,14,19,45,21.200000000000003,5,0,5,1.2000000000000002,,,,,,,,,,,,,,,,,,,,,,,,,,,,,,,,,,,,
15826,2019,6,14,20,0,20.900000000000002,4,0,4,1.3,,,,,,,,,,,,,,,,,,,,,,,,,,,,,,,,,,,,
15827,2019,6,14,20,15,20.6,2,0,2,1.4000000000000001,,,,,,,,,,,,,,,,,,,,,,,,,,,,,,,,,,,,
15828,2019,6,14,20,30,20.400000000000002,0,0,0,1.5,,,,,,,,,,,,,,,,,,,,,,,,,,,,,,,,,,,,
15829,2019,6,14,20,45,20.1,0,0,0,1.6,,,,,,,,,,,,,,,,,,,,,,,,,,,,,,,,,,,,
15830,2019,6,14,21,0,19.900000000000002,0,0,0,1.7000000000000002,,,,,,,,,,,,,,,,,,,,,,,,,,,,,,,,,,,,
15831,2019,6,14,21,15,19.8,0,0,0,1.8,,,,,,,,,,,,,,,,,,,,,,,,,,,,,,,,,,,,
15832,2019,6,14,21,30,19.700000000000003,0,0,0,2,,,,,,,,,,,,,,,,,,,,,,,,,,,,,,,,,,,,
15833,2019,6,14,21,45,19.700000000000003,0,0,0,2.2,,,,,,,,,,,,,,,,,,,,,,,,,,,,,,,,,,,,
15834,2019,6,14,22,0,19.6,0,0,0,2.3000000000000003,,,,,,,,,,,,,,,,,,,,,,,,,,,,,,,,,,,,
15835,2019,6,14,22,15,19.5,0,0,0,2.3000000000000003,,,,,,,,,,,,,,,,,,,,,,,,,,,,,,,,,,,,
15836,2019,6,14,22,30,19.400000000000002,0,0,0,2.3000000000000003,,,,,,,,,,,,,,,,,,,,,,,,,,,,,,,,,,,,
15837,2019,6,14,22,45,19.3,0,0,0,2.3000000000000003,,,,,,,,,,,,,,,,,,,,,,,,,,,,,,,,,,,,
15838,2019,6,14,23,0,19.200000000000003,0,0,0,2.3000000000000003,,,,,,,,,,,,,,,,,,,,,,,,,,,,,,,,,,,,
15839,2019,6,14,23,15,19.1,0,0,0,2.2,,,,,,,,,,,,,,,,,,,,,,,,,,,,,,,,,,,,
15840,2019,6,14,23,30,19.1,0,0,0,2.1,,,,,,,,,,,,,,,,,,,,,,,,,,,,,,,,,,,,
15841,2019,6,14,23,45,19,0,0,0,2,,,,,,,,,,,,,,,,,,,,,,,,,,,,,,,,,,,,
15842,2019,6,15,0,0,18.900000000000002,0,0,0,1.9000000000000001,,,,,,,,,,,,,,,,,,,,,,,,,,,,,,,,,,,,
15843,2019,6,15,0,15,18.900000000000002,0,0,0,1.9000000000000001,,,,,,,,,,,,,,,,,,,,,,,,,,,,,,,,,,,,
15844,2019,6,15,0,30,18.900000000000002,0,0,0,1.9000000000000001,,,,,,,,,,,,,,,,,,,,,,,,,,,,,,,,,,,,
15845,2019,6,15,0,45,18.900000000000002,0,0,0,1.9000000000000001,,,,,,,,,,,,,,,,,,,,,,,,,,,,,,,,,,,,
15846,2019,6,15,1,0,19,0,0,0,2.1,,,,,,,,,,,,,,,,,,,,,,,,,,,,,,,,,,,,
15847,2019,6,15,1,15,19,0,0,0,2.3000000000000003,,,,,,,,,,,,,,,,,,,,,,,,,,,,,,,,,,,,
15848,2019,6,15,1,30,19,0,0,0,2.5,,,,,,,,,,,,,,,,,,,,,,,,,,,,,,,,,,,,
15849,2019,6,15,1,45,19.1,0,0,0,2.7,,,,,,,,,,,,,,,,,,,,,,,,,,,,,,,,,,,,
15850,2019,6,15,2,0,19.1,0,0,0,2.8000000000000003,,,,,,,,,,,,,,,,,,,,,,,,,,,,,,,,,,,,
15851,2019,6,15,2,15,19,0,0,0,2.9000000000000004,,,,,,,,,,,,,,,,,,,,,,,,,,,,,,,,,,,,
15852,2019,6,15,2,30,19,0,0,0,3,,,,,,,,,,,,,,,,,,,,,,,,,,,,,,,,,,,,
15853,2019,6,15,2,45,18.900000000000002,0,0,0,3,,,,,,,,,,,,,,,,,,,,,,,,,,,,,,,,,,,,
15854,2019,6,15,3,0,18.900000000000002,0,0,0,3.1,,,,,,,,,,,,,,,,,,,,,,,,,,,,,,,,,,,,
15855,2019,6,15,3,15,18.8,0,0,0,3.1,,,,,,,,,,,,,,,,,,,,,,,,,,,,,,,,,,,,
15856,2019,6,15,3,30,18.7,0,0,0,3,,,,,,,,,,,,,,,,,,,,,,,,,,,,,,,,,,,,
15857,2019,6,15,3,45,18.6,0,0,0,3,,,,,,,,,,,,,,,,,,,,,,,,,,,,,,,,,,,,
15858,2019,6,15,4,0,18.6,0,0,0,2.9000000000000004,,,,,,,,,,,,,,,,,,,,,,,,,,,,,,,,,,,,
15859,2019,6,15,4,15,18.7,2,0,2,2.9000000000000004,,,,,,,,,,,,,,,,,,,,,,,,,,,,,,,,,,,,
15860,2019,6,15,4,30,18.900000000000002,14,3,14,3,,,,,,,,,,,,,,,,,,,,,,,,,,,,,,,,,,,,
15861,2019,6,15,4,45,19.1,5,0,5,3,,,,,,,,,,,,,,,,,,,,,,,,,,,,,,,,,,,,
15862,2019,6,15,5,0,19.200000000000003,51,45,57,3,,,,,,,,,,,,,,,,,,,,,,,,,,,,,,,,,,,,
15863,2019,6,15,5,15,19.6,8,0,8,3,,,,,,,,,,,,,,,,,,,,,,,,,,,,,,,,,,,,
15864,2019,6,15,5,30,19.900000000000002,10,0,10,2.9000000000000004,,,,,,,,,,,,,,,,,,,,,,,,,,,,,,,,,,,,
15865,2019,6,15,5,45,20.3,13,0,13,2.9000000000000004,,,,,,,,,,,,,,,,,,,,,,,,,,,,,,,,,,,,
15866,2019,6,15,6,0,20.6,16,0,16,2.9000000000000004,,,,,,,,,,,,,,,,,,,,,,,,,,,,,,,,,,,,
15867,2019,6,15,6,15,21.1,100,0,100,2.9000000000000004,,,,,,,,,,,,,,,,,,,,,,,,,,,,,,,,,,,,
15868,2019,6,15,6,30,21.6,71,0,71,2.9000000000000004,,,,,,,,,,,,,,,,,,,,,,,,,,,,,,,,,,,,
15869,2019,6,15,6,45,22.200000000000003,45,0,45,2.8000000000000003,,,,,,,,,,,,,,,,,,,,,,,,,,,,,,,,,,,,
15870,2019,6,15,7,0,22.700000000000003,29,0,29,2.8000000000000003,,,,,,,,,,,,,,,,,,,,,,,,,,,,,,,,,,,,
15871,2019,6,15,7,15,23.1,33,0,33,2.9000000000000004,,,,,,,,,,,,,,,,,,,,,,,,,,,,,,,,,,,,
15872,2019,6,15,7,30,23.6,56,0,56,3,,,,,,,,,,,,,,,,,,,,,,,,,,,,,,,,,,,,
15873,2019,6,15,7,45,24.1,179,13,186,3.1,,,,,,,,,,,,,,,,,,,,,,,,,,,,,,,,,,,,
15874,2019,6,15,8,0,24.5,229,409,460,3.1,,,,,,,,,,,,,,,,,,,,,,,,,,,,,,,,,,,,
15875,2019,6,15,8,15,24.8,248,290,421,3.3000000000000003,,,,,,,,,,,,,,,,,,,,,,,,,,,,,,,,,,,,
15876,2019,6,15,8,30,25.200000000000003,250,356,473,3.5,,,,,,,,,,,,,,,,,,,,,,,,,,,,,,,,,,,,
15877,2019,6,15,8,45,25.5,272,333,491,3.7,,,,,,,,,,,,,,,,,,,,,,,,,,,,,,,,,,,,
15878,2019,6,15,9,0,25.8,276,451,586,3.9000000000000004,,,,,,,,,,,,,,,,,,,,,,,,,,,,,,,,,,,,
15879,2019,6,15,9,15,25.900000000000002,283,467,616,4,,,,,,,,,,,,,,,,,,,,,,,,,,,,,,,,,,,,
15880,2019,6,15,9,30,25.900000000000002,319,327,561,4.2,,,,,,,,,,,,,,,,,,,,,,,,,,,,,,,,,,,,
15881,2019,6,15,9,45,26,326,350,593,4.4,,,,,,,,,,,,,,,,,,,,,,,,,,,,,,,,,,,,
15882,2019,6,15,10,0,26.1,264,567,708,4.5,,,,,,,,,,,,,,,,,,,,,,,,,,,,,,,,,,,,
15883,2019,6,15,10,15,26.200000000000003,267,576,730,4.7,,,,,,,,,,,,,,,,,,,,,,,,,,,,,,,,,,,,
15884,2019,6,15,10,30,26.3,271,584,750,4.800000000000001,,,,,,,,,,,,,,,,,,,,,,,,,,,,,,,,,,,,
15885,2019,6,15,10,45,26.3,222,676,788,4.9,,,,,,,,,,,,,,,,,,,,,,,,,,,,,,,,,,,,
15886,2019,6,15,11,0,26.400000000000002,339,428,702,5.1000000000000005,,,,,,,,,,,,,,,,,,,,,,,,,,,,,,,,,,,,
15887,2019,6,15,11,15,26.5,415,112,511,5.2,,,,,,,,,,,,,,,,,,,,,,,,,,,,,,,,,,,,
15888,2019,6,15,11,30,26.6,426,164,569,5.300000000000001,,,,,,,,,,,,,,,,,,,,,,,,,,,,,,,,,,,,
15889,2019,6,15,11,45,26.700000000000003,389,55,437,5.4,,,,,,,,,,,,,,,,,,,,,,,,,,,,,,,,,,,,
15890,2019,6,15,12,0,26.8,331,25,353,5.5,,,,,,,,,,,,,,,,,,,,,,,,,,,,,,,,,,,,
15891,2019,6,15,12,15,26.8,386,51,430,5.6000000000000005,,,,,,,,,,,,,,,,,,,,,,,,,,,,,,,,,,,,
15892,2019,6,15,12,30,26.700000000000003,385,51,429,5.6000000000000005,,,,,,,,,,,,,,,,,,,,,,,,,,,,,,,,,,,,
15893,2019,6,15,12,45,26.700000000000003,178,768,849,5.7,,,,,,,,,,,,,,,,,,,,,,,,,,,,,,,,,,,,
15894,2019,6,15,13,0,26.700000000000003,415,253,634,5.800000000000001,,,,,,,,,,,,,,,,,,,,,,,,,,,,,,,,,,,,
15895,2019,6,15,13,15,26.5,420,164,561,5.7,,,,,,,,,,,,,,,,,,,,,,,,,,,,,,,,,,,,
15896,2019,6,15,13,30,26.3,399,88,473,5.7,,,,,,,,,,,,,,,,,,,,,,,,,,,,,,,,,,,,
15897,2019,6,15,13,45,26.200000000000003,402,212,579,5.7,,,,,,,,,,,,,,,,,,,,,,,,,,,,,,,,,,,,
15898,2019,6,15,14,0,26,166,764,793,5.7,,,,,,,,,,,,,,,,,,,,,,,,,,,,,,,,,,,,
15899,2019,6,15,14,15,25.900000000000002,355,61,404,5.6000000000000005,,,,,,,,,,,,,,,,,,,,,,,,,,,,,,,,,,,,
15900,2019,6,15,14,30,25.700000000000003,163,751,751,5.5,,,,,,,,,,,,,,,,,,,,,,,,,,,,,,,,,,,,
15901,2019,6,15,14,45,25.5,158,748,727,5.5,,,,,,,,,,,,,,,,,,,,,,,,,,,,,,,,,,,,
15902,2019,6,15,15,0,25.400000000000002,328,288,540,5.4,,,,,,,,,,,,,,,,,,,,,,,,,,,,,,,,,,,,
15903,2019,6,15,15,15,25.200000000000003,319,257,502,5.300000000000001,,,,,,,,,,,,,,,,,,,,,,,,,,,,,,,,,,,,
15904,2019,6,15,15,30,25,150,719,642,5.2,,,,,,,,,,,,,,,,,,,,,,,,,,,,,,,,,,,,
15905,2019,6,15,15,45,24.8,296,189,420,5.1000000000000005,,,,,,,,,,,,,,,,,,,,,,,,,,,,,,,,,,,,
15906,2019,6,15,16,0,24.6,144,693,578,5,,,,,,,,,,,,,,,,,,,,,,,,,,,,,,,,,,,,
15907,2019,6,15,16,15,24.400000000000002,141,678,544,5,,,,,,,,,,,,,,,,,,,,,,,,,,,,,,,,,,,,
15908,2019,6,15,16,30,24.200000000000003,245,158,333,4.9,,,,,,,,,,,,,,,,,,,,,,,,,,,,,,,,,,,,
15909,2019,6,15,16,45,24.1,222,211,333,4.800000000000001,,,,,,,,,,,,,,,,,,,,,,,,,,,,,,,,,,,,
15910,2019,6,15,17,0,23.900000000000002,208,120,267,4.7,,,,,,,,,,,,,,,,,,,,,,,,,,,,,,,,,,,,
15911,2019,6,15,17,15,23.6,180,254,296,4.5,,,,,,,,,,,,,,,,,,,,,,,,,,,,,,,,,,,,
15912,2019,6,15,17,30,23.400000000000002,152,325,289,4.3,,,,,,,,,,,,,,,,,,,,,,,,,,,,,,,,,,,,
15913,2019,6,15,17,45,23.1,131,351,266,4.1000000000000005,,,,,,,,,,,,,,,,,,,,,,,,,,,,,,,,,,,,
15914,2019,6,15,18,0,22.900000000000002,118,329,232,3.9000000000000004,,,,,,,,,,,,,,,,,,,,,,,,,,,,,,,,,,,,
15915,2019,6,15,18,15,22.400000000000002,103,321,202,3.6,,,,,,,,,,,,,,,,,,,,,,,,,,,,,,,,,,,,
15916,2019,6,15,18,30,22,91,294,171,3.2,,,,,,,,,,,,,,,,,,,,,,,,,,,,,,,,,,,,
15917,2019,6,15,18,45,21.6,78,267,141,2.9000000000000004,,,,,,,,,,,,,,,,,,,,,,,,,,,,,,,,,,,,
15918,2019,6,15,19,0,21.200000000000003,66,234,113,2.6,,,,,,,,,,,,,,,,,,,,,,,,,,,,,,,,,,,,
15919,2019,6,15,19,15,20.700000000000003,59,266,102,2.5,,,,,,,,,,,,,,,,,,,,,,,,,,,,,,,,,,,,
15920,2019,6,15,19,30,20.3,47,204,74,2.4000000000000004,,,,,,,,,,,,,,,,,,,,,,,,,,,,,,,,,,,,
15921,2019,6,15,19,45,19.8,35,147,49,2.4000000000000004,,,,,,,,,,,,,,,,,,,,,,,,,,,,,,,,,,,,
15922,2019,6,15,20,0,19.400000000000002,23,81,28,2.3000000000000003,,,,,,,,,,,,,,,,,,,,,,,,,,,,,,,,,,,,
15923,2019,6,15,20,15,19.1,12,28,12,2.2,,,,,,,,,,,,,,,,,,,,,,,,,,,,,,,,,,,,
15924,2019,6,15,20,30,18.8,0,0,0,2.1,,,,,,,,,,,,,,,,,,,,,,,,,,,,,,,,,,,,
15925,2019,6,15,20,45,18.6,0,0,0,2.1,,,,,,,,,,,,,,,,,,,,,,,,,,,,,,,,,,,,
15926,2019,6,15,21,0,18.3,0,0,0,2,,,,,,,,,,,,,,,,,,,,,,,,,,,,,,,,,,,,
15927,2019,6,15,21,15,18.1,0,0,0,1.9000000000000001,,,,,,,,,,,,,,,,,,,,,,,,,,,,,,,,,,,,
15928,2019,6,15,21,30,17.8,0,0,0,1.9000000000000001,,,,,,,,,,,,,,,,,,,,,,,,,,,,,,,,,,,,
15929,2019,6,15,21,45,17.6,0,0,0,1.8,,,,,,,,,,,,,,,,,,,,,,,,,,,,,,,,,,,,
15930,2019,6,15,22,0,17.3,0,0,0,1.8,,,,,,,,,,,,,,,,,,,,,,,,,,,,,,,,,,,,
15931,2019,6,15,22,15,17.1,0,0,0,1.9000000000000001,,,,,,,,,,,,,,,,,,,,,,,,,,,,,,,,,,,,
15932,2019,6,15,22,30,17,0,0,0,2,,,,,,,,,,,,,,,,,,,,,,,,,,,,,,,,,,,,
15933,2019,6,15,22,45,16.8,0,0,0,2.1,,,,,,,,,,,,,,,,,,,,,,,,,,,,,,,,,,,,
15934,2019,6,15,23,0,16.7,0,0,0,2.2,,,,,,,,,,,,,,,,,,,,,,,,,,,,,,,,,,,,
15935,2019,6,15,23,15,16.400000000000002,0,0,0,2.2,,,,,,,,,,,,,,,,,,,,,,,,,,,,,,,,,,,,
15936,2019,6,15,23,30,16.2,0,0,0,2.2,,,,,,,,,,,,,,,,,,,,,,,,,,,,,,,,,,,,
15937,2019,6,15,23,45,16,0,0,0,2.2,,,,,,,,,,,,,,,,,,,,,,,,,,,,,,,,,,,,
15938,2019,6,16,0,0,15.700000000000001,0,0,0,2.3000000000000003,,,,,,,,,,,,,,,,,,,,,,,,,,,,,,,,,,,,
15939,2019,6,16,0,15,15.700000000000001,0,0,0,2.3000000000000003,,,,,,,,,,,,,,,,,,,,,,,,,,,,,,,,,,,,
15940,2019,6,16,0,30,15.700000000000001,0,0,0,2.3000000000000003,,,,,,,,,,,,,,,,,,,,,,,,,,,,,,,,,,,,
15941,2019,6,16,0,45,15.700000000000001,0,0,0,2.3000000000000003,,,,,,,,,,,,,,,,,,,,,,,,,,,,,,,,,,,,
15942,2019,6,16,1,0,14.5,0,0,0,1.9000000000000001,,,,,,,,,,,,,,,,,,,,,,,,,,,,,,,,,,,,
15943,2019,6,16,1,15,14.3,0,0,0,1.9000000000000001,,,,,,,,,,,,,,,,,,,,,,,,,,,,,,,,,,,,
15944,2019,6,16,1,30,14.200000000000001,0,0,0,1.9000000000000001,,,,,,,,,,,,,,,,,,,,,,,,,,,,,,,,,,,,
15945,2019,6,16,1,45,14,0,0,0,1.8,,,,,,,,,,,,,,,,,,,,,,,,,,,,,,,,,,,,
15946,2019,6,16,2,0,13.8,0,0,0,1.8,,,,,,,,,,,,,,,,,,,,,,,,,,,,,,,,,,,,
15947,2019,6,16,2,15,13.8,0,0,0,1.7000000000000002,,,,,,,,,,,,,,,,,,,,,,,,,,,,,,,,,,,,
15948,2019,6,16,2,30,13.700000000000001,0,0,0,1.7000000000000002,,,,,,,,,,,,,,,,,,,,,,,,,,,,,,,,,,,,
15949,2019,6,16,2,45,13.700000000000001,0,0,0,1.7000000000000002,,,,,,,,,,,,,,,,,,,,,,,,,,,,,,,,,,,,
15950,2019,6,16,3,0,13.600000000000001,0,0,0,1.6,,,,,,,,,,,,,,,,,,,,,,,,,,,,,,,,,,,,
15951,2019,6,16,3,15,13.600000000000001,0,0,0,1.5,,,,,,,,,,,,,,,,,,,,,,,,,,,,,,,,,,,,
15952,2019,6,16,3,30,13.600000000000001,0,0,0,1.4000000000000001,,,,,,,,,,,,,,,,,,,,,,,,,,,,,,,,,,,,
15953,2019,6,16,3,45,13.5,0,0,0,1.3,,,,,,,,,,,,,,,,,,,,,,,,,,,,,,,,,,,,
15954,2019,6,16,4,0,13.5,0,0,0,1.2000000000000002,,,,,,,,,,,,,,,,,,,,,,,,,,,,,,,,,,,,
15955,2019,6,16,4,15,13.600000000000001,2,0,2,1.3,,,,,,,,,,,,,,,,,,,,,,,,,,,,,,,,,,,,
15956,2019,6,16,4,30,13.8,3,0,3,1.3,,,,,,,,,,,,,,,,,,,,,,,,,,,,,,,,,,,,
15957,2019,6,16,4,45,14,5,0,5,1.4000000000000001,,,,,,,,,,,,,,,,,,,,,,,,,,,,,,,,,,,,
15958,2019,6,16,5,0,14.200000000000001,6,0,6,1.4000000000000001,,,,,,,,,,,,,,,,,,,,,,,,,,,,,,,,,,,,
15959,2019,6,16,5,15,14.4,8,0,8,1.3,,,,,,,,,,,,,,,,,,,,,,,,,,,,,,,,,,,,
15960,2019,6,16,5,30,14.700000000000001,11,0,11,1.3,,,,,,,,,,,,,,,,,,,,,,,,,,,,,,,,,,,,
15961,2019,6,16,5,45,14.9,13,0,13,1.2000000000000002,,,,,,,,,,,,,,,,,,,,,,,,,,,,,,,,,,,,
15962,2019,6,16,6,0,15.200000000000001,16,0,16,1.2000000000000002,,,,,,,,,,,,,,,,,,,,,,,,,,,,,,,,,,,,
15963,2019,6,16,6,15,15.5,20,0,20,1.1,,,,,,,,,,,,,,,,,,,,,,,,,,,,,,,,,,,,
15964,2019,6,16,6,30,15.8,26,0,26,1.1,,,,,,,,,,,,,,,,,,,,,,,,,,,,,,,,,,,,
15965,2019,6,16,6,45,16.2,27,0,27,1.1,,,,,,,,,,,,,,,,,,,,,,,,,,,,,,,,,,,,
15966,2019,6,16,7,0,16.5,111,0,111,1,,,,,,,,,,,,,,,,,,,,,,,,,,,,,,,,,,,,
15967,2019,6,16,7,15,16.7,79,0,79,1,,,,,,,,,,,,,,,,,,,,,,,,,,,,,,,,,,,,
15968,2019,6,16,7,30,16.900000000000002,85,0,85,1.1,,,,,,,,,,,,,,,,,,,,,,,,,,,,,,,,,,,,
15969,2019,6,16,7,45,17.1,142,0,142,1.1,,,,,,,,,,,,,,,,,,,,,,,,,,,,,,,,,,,,
15970,2019,6,16,8,0,17.3,73,0,73,1.1,,,,,,,,,,,,,,,,,,,,,,,,,,,,,,,,,,,,
15971,2019,6,16,8,15,17.400000000000002,34,0,34,1.1,,,,,,,,,,,,,,,,,,,,,,,,,,,,,,,,,,,,
15972,2019,6,16,8,30,17.5,46,0,46,1.2000000000000002,,,,,,,,,,,,,,,,,,,,,,,,,,,,,,,,,,,,
15973,2019,6,16,8,45,17.6,41,0,41,1.2000000000000002,,,,,,,,,,,,,,,,,,,,,,,,,,,,,,,,,,,,
15974,2019,6,16,9,0,17.7,95,0,95,1.2000000000000002,,,,,,,,,,,,,,,,,,,,,,,,,,,,,,,,,,,,
15975,2019,6,16,9,15,17.8,142,0,142,1.2000000000000002,,,,,,,,,,,,,,,,,,,,,,,,,,,,,,,,,,,,
15976,2019,6,16,9,30,17.900000000000002,137,0,137,1.2000000000000002,,,,,,,,,,,,,,,,,,,,,,,,,,,,,,,,,,,,
15977,2019,6,16,9,45,18.1,172,4,175,1.2000000000000002,,,,,,,,,,,,,,,,,,,,,,,,,,,,,,,,,,,,
15978,2019,6,16,10,0,18.2,138,0,138,1.2000000000000002,,,,,,,,,,,,,,,,,,,,,,,,,,,,,,,,,,,,
15979,2019,6,16,10,15,18.5,143,1,144,1.2000000000000002,,,,,,,,,,,,,,,,,,,,,,,,,,,,,,,,,,,,
15980,2019,6,16,10,30,18.7,76,0,76,1.2000000000000002,,,,,,,,,,,,,,,,,,,,,,,,,,,,,,,,,,,,
15981,2019,6,16,10,45,19,93,0,93,1.2000000000000002,,,,,,,,,,,,,,,,,,,,,,,,,,,,,,,,,,,,
15982,2019,6,16,11,0,19.3,89,0,89,1.2000000000000002,,,,,,,,,,,,,,,,,,,,,,,,,,,,,,,,,,,,
15983,2019,6,16,11,15,19.6,137,0,137,1.2000000000000002,,,,,,,,,,,,,,,,,,,,,,,,,,,,,,,,,,,,
15984,2019,6,16,11,30,20,152,3,155,1.2000000000000002,,,,,,,,,,,,,,,,,,,,,,,,,,,,,,,,,,,,
15985,2019,6,16,11,45,20.3,163,5,167,1.2000000000000002,,,,,,,,,,,,,,,,,,,,,,,,,,,,,,,,,,,,
15986,2019,6,16,12,0,20.700000000000003,80,0,80,1.1,,,,,,,,,,,,,,,,,,,,,,,,,,,,,,,,,,,,
15987,2019,6,16,12,15,20.900000000000002,76,0,76,1.2000000000000002,,,,,,,,,,,,,,,,,,,,,,,,,,,,,,,,,,,,
15988,2019,6,16,12,30,21,76,0,76,1.2000000000000002,,,,,,,,,,,,,,,,,,,,,,,,,,,,,,,,,,,,
15989,2019,6,16,12,45,21.200000000000003,102,0,102,1.3,,,,,,,,,,,,,,,,,,,,,,,,,,,,,,,,,,,,
15990,2019,6,16,13,0,21.400000000000002,115,0,115,1.3,,,,,,,,,,,,,,,,,,,,,,,,,,,,,,,,,,,,
15991,2019,6,16,13,15,21.400000000000002,162,4,166,1.4000000000000001,,,,,,,,,,,,,,,,,,,,,,,,,,,,,,,,,,,,
15992,2019,6,16,13,30,21.400000000000002,160,4,163,1.4000000000000001,,,,,,,,,,,,,,,,,,,,,,,,,,,,,,,,,,,,
15993,2019,6,16,13,45,21.3,160,4,163,1.4000000000000001,,,,,,,,,,,,,,,,,,,,,,,,,,,,,,,,,,,,
15994,2019,6,16,14,0,21.3,159,3,162,1.5,,,,,,,,,,,,,,,,,,,,,,,,,,,,,,,,,,,,
15995,2019,6,16,14,15,21.3,180,6,184,1.4000000000000001,,,,,,,,,,,,,,,,,,,,,,,,,,,,,,,,,,,,
15996,2019,6,16,14,30,21.200000000000003,106,0,106,1.4000000000000001,,,,,,,,,,,,,,,,,,,,,,,,,,,,,,,,,,,,
15997,2019,6,16,14,45,21.200000000000003,162,3,164,1.4000000000000001,,,,,,,,,,,,,,,,,,,,,,,,,,,,,,,,,,,,
15998,2019,6,16,15,0,21.200000000000003,287,31,310,1.4000000000000001,,,,,,,,,,,,,,,,,,,,,,,,,,,,,,,,,,,,
15999,2019,6,16,15,15,21.200000000000003,283,36,309,1.4000000000000001,,,,,,,,,,,,,,,,,,,,,,,,,,,,,,,,,,,,
16000,2019,6,16,15,30,21.1,147,0,147,1.4000000000000001,,,,,,,,,,,,,,,,,,,,,,,,,,,,,,,,,,,,
16001,2019,6,16,15,45,21.1,126,0,126,1.4000000000000001,,,,,,,,,,,,,,,,,,,,,,,,,,,,,,,,,,,,
16002,2019,6,16,16,0,21.1,242,34,264,1.4000000000000001,,,,,,,,,,,,,,,,,,,,,,,,,,,,,,,,,,,,
16003,2019,6,16,16,15,21,175,5,178,1.4000000000000001,,,,,,,,,,,,,,,,,,,,,,,,,,,,,,,,,,,,
16004,2019,6,16,16,30,20.900000000000002,191,14,199,1.3,,,,,,,,,,,,,,,,,,,,,,,,,,,,,,,,,,,,
16005,2019,6,16,16,45,20.8,206,41,227,1.3,,,,,,,,,,,,,,,,,,,,,,,,,,,,,,,,,,,,
16006,2019,6,16,17,0,20.8,208,144,279,1.3,,,,,,,,,,,,,,,,,,,,,,,,,,,,,,,,,,,,
16007,2019,6,16,17,15,20.6,170,31,185,1.3,,,,,,,,,,,,,,,,,,,,,,,,,,,,,,,,,,,,
16008,2019,6,16,17,30,20.5,125,0,125,1.2000000000000002,,,,,,,,,,,,,,,,,,,,,,,,,,,,,,,,,,,,
16009,2019,6,16,17,45,20.3,74,0,74,1.2000000000000002,,,,,,,,,,,,,,,,,,,,,,,,,,,,,,,,,,,,
16010,2019,6,16,18,0,20.200000000000003,96,0,96,1.1,,,,,,,,,,,,,,,,,,,,,,,,,,,,,,,,,,,,
16011,2019,6,16,18,15,19.8,82,0,82,1,,,,,,,,,,,,,,,,,,,,,,,,,,,,,,,,,,,,
16012,2019,6,16,18,30,19.5,96,235,161,0.9,,,,,,,,,,,,,,,,,,,,,,,,,,,,,,,,,,,,
16013,2019,6,16,18,45,19.1,83,207,132,0.8,,,,,,,,,,,,,,,,,,,,,,,,,,,,,,,,,,,,
16014,2019,6,16,19,0,18.8,14,0,14,0.7000000000000001,,,,,,,,,,,,,,,,,,,,,,,,,,,,,,,,,,,,
16015,2019,6,16,19,15,18.400000000000002,57,144,80,0.7000000000000001,,,,,,,,,,,,,,,,,,,,,,,,,,,,,,,,,,,,
16016,2019,6,16,19,30,18,44,109,58,0.7000000000000001,,,,,,,,,,,,,,,,,,,,,,,,,,,,,,,,,,,,
16017,2019,6,16,19,45,17.5,32,70,38,0.7000000000000001,,,,,,,,,,,,,,,,,,,,,,,,,,,,,,,,,,,,
16018,2019,6,16,20,0,17.1,21,12,22,0.8,,,,,,,,,,,,,,,,,,,,,,,,,,,,,,,,,,,,
16019,2019,6,16,20,15,16.900000000000002,9,12,9,0.8,,,,,,,,,,,,,,,,,,,,,,,,,,,,,,,,,,,,
16020,2019,6,16,20,30,16.8,0,0,0,0.8,,,,,,,,,,,,,,,,,,,,,,,,,,,,,,,,,,,,
16021,2019,6,16,20,45,16.6,0,0,0,0.8,,,,,,,,,,,,,,,,,,,,,,,,,,,,,,,,,,,,
16022,2019,6,16,21,0,16.400000000000002,0,0,0,0.8,,,,,,,,,,,,,,,,,,,,,,,,,,,,,,,,,,,,
16023,2019,6,16,21,15,16.3,0,0,0,0.8,,,,,,,,,,,,,,,,,,,,,,,,,,,,,,,,,,,,
16024,2019,6,16,21,30,16.1,0,0,0,0.8,,,,,,,,,,,,,,,,,,,,,,,,,,,,,,,,,,,,
16025,2019,6,16,21,45,16,0,0,0,0.8,,,,,,,,,,,,,,,,,,,,,,,,,,,,,,,,,,,,
16026,2019,6,16,22,0,15.9,0,0,0,0.8,,,,,,,,,,,,,,,,,,,,,,,,,,,,,,,,,,,,
16027,2019,6,16,22,15,15.8,0,0,0,0.8,,,,,,,,,,,,,,,,,,,,,,,,,,,,,,,,,,,,
16028,2019,6,16,22,30,15.600000000000001,0,0,0,0.8,,,,,,,,,,,,,,,,,,,,,,,,,,,,,,,,,,,,
16029,2019,6,16,22,45,15.5,0,0,0,0.8,,,,,,,,,,,,,,,,,,,,,,,,,,,,,,,,,,,,
16030,2019,6,16,23,0,15.4,0,0,0,0.8,,,,,,,,,,,,,,,,,,,,,,,,,,,,,,,,,,,,
16031,2019,6,16,23,15,15.3,0,0,0,0.8,,,,,,,,,,,,,,,,,,,,,,,,,,,,,,,,,,,,
16032,2019,6,16,23,30,15.100000000000001,0,0,0,0.8,,,,,,,,,,,,,,,,,,,,,,,,,,,,,,,,,,,,
16033,2019,6,16,23,45,15,0,0,0,0.8,,,,,,,,,,,,,,,,,,,,,,,,,,,,,,,,,,,,
16034,2019,6,17,0,0,14.9,0,0,0,0.8,,,,,,,,,,,,,,,,,,,,,,,,,,,,,,,,,,,,
16035,2019,6,17,0,15,14.9,0,0,0,0.8,,,,,,,,,,,,,,,,,,,,,,,,,,,,,,,,,,,,
16036,2019,6,17,0,30,14.9,0,0,0,0.8,,,,,,,,,,,,,,,,,,,,,,,,,,,,,,,,,,,,
16037,2019,6,17,0,45,14.9,0,0,0,0.8,,,,,,,,,,,,,,,,,,,,,,,,,,,,,,,,,,,,
16038,2019,6,17,1,0,14.4,0,0,0,0.8,,,,,,,,,,,,,,,,,,,,,,,,,,,,,,,,,,,,
16039,2019,6,17,1,15,14.3,0,0,0,0.8,,,,,,,,,,,,,,,,,,,,,,,,,,,,,,,,,,,,
16040,2019,6,17,1,30,14.200000000000001,0,0,0,0.8,,,,,,,,,,,,,,,,,,,,,,,,,,,,,,,,,,,,
16041,2019,6,17,1,45,14.100000000000001,0,0,0,0.8,,,,,,,,,,,,,,,,,,,,,,,,,,,,,,,,,,,,
16042,2019,6,17,2,0,14,0,0,0,0.8,,,,,,,,,,,,,,,,,,,,,,,,,,,,,,,,,,,,
16043,2019,6,17,2,15,13.9,0,0,0,0.8,,,,,,,,,,,,,,,,,,,,,,,,,,,,,,,,,,,,
16044,2019,6,17,2,30,13.8,0,0,0,0.8,,,,,,,,,,,,,,,,,,,,,,,,,,,,,,,,,,,,
16045,2019,6,17,2,45,13.600000000000001,0,0,0,0.8,,,,,,,,,,,,,,,,,,,,,,,,,,,,,,,,,,,,
16046,2019,6,17,3,0,13.5,0,0,0,0.8,,,,,,,,,,,,,,,,,,,,,,,,,,,,,,,,,,,,
16047,2019,6,17,3,15,13.600000000000001,0,0,0,0.8,,,,,,,,,,,,,,,,,,,,,,,,,,,,,,,,,,,,
16048,2019,6,17,3,30,13.600000000000001,0,0,0,0.8,,,,,,,,,,,,,,,,,,,,,,,,,,,,,,,,,,,,
16049,2019,6,17,3,45,13.600000000000001,0,0,0,0.7000000000000001,,,,,,,,,,,,,,,,,,,,,,,,,,,,,,,,,,,,
16050,2019,6,17,4,0,13.600000000000001,0,0,0,0.7000000000000001,,,,,,,,,,,,,,,,,,,,,,,,,,,,,,,,,,,,
16051,2019,6,17,4,15,14,11,20,11,0.7000000000000001,,,,,,,,,,,,,,,,,,,,,,,,,,,,,,,,,,,,
16052,2019,6,17,4,30,14.4,23,58,27,0.7000000000000001,,,,,,,,,,,,,,,,,,,,,,,,,,,,,,,,,,,,
16053,2019,6,17,4,45,14.8,37,108,48,0.7000000000000001,,,,,,,,,,,,,,,,,,,,,,,,,,,,,,,,,,,,
16054,2019,6,17,5,0,15.200000000000001,51,162,73,0.7000000000000001,,,,,,,,,,,,,,,,,,,,,,,,,,,,,,,,,,,,
16055,2019,6,17,5,15,15.600000000000001,65,216,101,0.7000000000000001,,,,,,,,,,,,,,,,,,,,,,,,,,,,,,,,,,,,
16056,2019,6,17,5,30,16,78,268,132,0.7000000000000001,,,,,,,,,,,,,,,,,,,,,,,,,,,,,,,,,,,,
16057,2019,6,17,5,45,16.400000000000002,90,315,165,0.6000000000000001,,,,,,,,,,,,,,,,,,,,,,,,,,,,,,,,,,,,
16058,2019,6,17,6,0,16.8,101,360,200,0.6000000000000001,,,,,,,,,,,,,,,,,,,,,,,,,,,,,,,,,,,,
16059,2019,6,17,6,15,17.400000000000002,111,402,237,0.6000000000000001,,,,,,,,,,,,,,,,,,,,,,,,,,,,,,,,,,,,
16060,2019,6,17,6,30,17.900000000000002,120,440,274,0.7000000000000001,,,,,,,,,,,,,,,,,,,,,,,,,,,,,,,,,,,,
16061,2019,6,17,6,45,18.5,127,480,313,0.7000000000000001,,,,,,,,,,,,,,,,,,,,,,,,,,,,,,,,,,,,
16062,2019,6,17,7,0,19.1,135,511,351,0.7000000000000001,,,,,,,,,,,,,,,,,,,,,,,,,,,,,,,,,,,,
16063,2019,6,17,7,15,19.5,142,539,390,0.8,,,,,,,,,,,,,,,,,,,,,,,,,,,,,,,,,,,,
16064,2019,6,17,7,30,20,149,565,428,0.8,,,,,,,,,,,,,,,,,,,,,,,,,,,,,,,,,,,,
16065,2019,6,17,7,45,20.400000000000002,152,595,468,0.8,,,,,,,,,,,,,,,,,,,,,,,,,,,,,,,,,,,,
16066,2019,6,17,8,0,20.8,158,616,505,0.9,,,,,,,,,,,,,,,,,,,,,,,,,,,,,,,,,,,,
16067,2019,6,17,8,15,21.1,163,635,541,0.9,,,,,,,,,,,,,,,,,,,,,,,,,,,,,,,,,,,,
16068,2019,6,17,8,30,21.5,168,652,577,0.9,,,,,,,,,,,,,,,,,,,,,,,,,,,,,,,,,,,,
16069,2019,6,17,8,45,21.8,168,676,613,0.9,,,,,,,,,,,,,,,,,,,,,,,,,,,,,,,,,,,,
16070,2019,6,17,9,0,22.200000000000003,172,692,647,0.9,,,,,,,,,,,,,,,,,,,,,,,,,,,,,,,,,,,,
16071,2019,6,17,9,15,22.400000000000002,175,705,678,0.9,,,,,,,,,,,,,,,,,,,,,,,,,,,,,,,,,,,,
16072,2019,6,17,9,30,22.700000000000003,179,716,708,0.9,,,,,,,,,,,,,,,,,,,,,,,,,,,,,,,,,,,,
16073,2019,6,17,9,45,23,173,741,738,0.9,,,,,,,,,,,,,,,,,,,,,,,,,,,,,,,,,,,,
16074,2019,6,17,10,0,23.3,175,750,763,0.9,,,,,,,,,,,,,,,,,,,,,,,,,,,,,,,,,,,,
16075,2019,6,17,10,15,23.5,177,757,786,0.9,,,,,,,,,,,,,,,,,,,,,,,,,,,,,,,,,,,,
16076,2019,6,17,10,30,23.700000000000003,179,764,807,0.9,,,,,,,,,,,,,,,,,,,,,,,,,,,,,,,,,,,,
16077,2019,6,17,10,45,23.900000000000002,179,772,825,0.9,,,,,,,,,,,,,,,,,,,,,,,,,,,,,,,,,,,,
16078,2019,6,17,11,0,24.1,181,777,841,0.9,,,,,,,,,,,,,,,,,,,,,,,,,,,,,,,,,,,,
16079,2019,6,17,11,15,24.200000000000003,182,781,853,1,,,,,,,,,,,,,,,,,,,,,,,,,,,,,,,,,,,,
16080,2019,6,17,11,30,24.400000000000002,181,783,862,1,,,,,,,,,,,,,,,,,,,,,,,,,,,,,,,,,,,,
16081,2019,6,17,11,45,24.5,176,794,871,1,,,,,,,,,,,,,,,,,,,,,,,,,,,,,,,,,,,,
16082,2019,6,17,12,0,24.700000000000003,177,795,875,1,,,,,,,,,,,,,,,,,,,,,,,,,,,,,,,,,,,,
16083,2019,6,17,12,15,24.8,177,795,877,1,,,,,,,,,,,,,,,,,,,,,,,,,,,,,,,,,,,,
16084,2019,6,17,12,30,24.900000000000002,177,793,873,1,,,,,,,,,,,,,,,,,,,,,,,,,,,,,,,,,,,,
16085,2019,6,17,12,45,25,163,813,874,1.1,,,,,,,,,,,,,,,,,,,,,,,,,,,,,,,,,,,,
16086,2019,6,17,13,0,25.1,162,811,867,1.1,,,,,,,,,,,,,,,,,,,,,,,,,,,,,,,,,,,,
16087,2019,6,17,13,15,25.1,162,808,857,1.1,,,,,,,,,,,,,,,,,,,,,,,,,,,,,,,,,,,,
16088,2019,6,17,13,30,25.200000000000003,161,805,844,1.1,,,,,,,,,,,,,,,,,,,,,,,,,,,,,,,,,,,,
16089,2019,6,17,13,45,25.3,389,275,619,1.1,,,,,,,,,,,,,,,,,,,,,,,,,,,,,,,,,,,,
16090,2019,6,17,14,0,25.400000000000002,157,796,811,1.2000000000000002,,,,,,,,,,,,,,,,,,,,,,,,,,,,,,,,,,,,
16091,2019,6,17,14,15,25.400000000000002,156,790,791,1.2000000000000002,,,,,,,,,,,,,,,,,,,,,,,,,,,,,,,,,,,,
16092,2019,6,17,14,30,25.400000000000002,154,783,768,1.2000000000000002,,,,,,,,,,,,,,,,,,,,,,,,,,,,,,,,,,,,
16093,2019,6,17,14,45,25.400000000000002,327,342,587,1.2000000000000002,,,,,,,,,,,,,,,,,,,,,,,,,,,,,,,,,,,,
16094,2019,6,17,15,0,25.5,145,774,717,1.3,,,,,,,,,,,,,,,,,,,,,,,,,,,,,,,,,,,,
16095,2019,6,17,15,15,25.400000000000002,299,344,544,1.3,,,,,,,,,,,,,,,,,,,,,,,,,,,,,,,,,,,,
16096,2019,6,17,15,30,25.3,297,289,495,1.3,,,,,,,,,,,,,,,,,,,,,,,,,,,,,,,,,,,,
16097,2019,6,17,15,45,25.3,273,322,485,1.3,,,,,,,,,,,,,,,,,,,,,,,,,,,,,,,,,,,,
16098,2019,6,17,16,0,25.200000000000003,253,336,464,1.3,,,,,,,,,,,,,,,,,,,,,,,,,,,,,,,,,,,,
16099,2019,6,17,16,15,25.1,246,292,420,1.3,,,,,,,,,,,,,,,,,,,,,,,,,,,,,,,,,,,,
16100,2019,6,17,16,30,25.1,222,325,405,1.3,,,,,,,,,,,,,,,,,,,,,,,,,,,,,,,,,,,,
16101,2019,6,17,16,45,25,198,354,386,1.3,,,,,,,,,,,,,,,,,,,,,,,,,,,,,,,,,,,,
16102,2019,6,17,17,0,24.900000000000002,115,659,441,1.3,,,,,,,,,,,,,,,,,,,,,,,,,,,,,,,,,,,,
16103,2019,6,17,17,15,24.700000000000003,111,637,403,1.3,,,,,,,,,,,,,,,,,,,,,,,,,,,,,,,,,,,,
16104,2019,6,17,17,30,24.6,106,611,364,1.2000000000000002,,,,,,,,,,,,,,,,,,,,,,,,,,,,,,,,,,,,
16105,2019,6,17,17,45,24.400000000000002,98,592,326,1.2000000000000002,,,,,,,,,,,,,,,,,,,,,,,,,,,,,,,,,,,,
16106,2019,6,17,18,0,24.200000000000003,92,559,287,1.1,,,,,,,,,,,,,,,,,,,,,,,,,,,,,,,,,,,,
16107,2019,6,17,18,15,23.8,86,522,249,1,,,,,,,,,,,,,,,,,,,,,,,,,,,,,,,,,,,,
16108,2019,6,17,18,30,23.3,79,481,212,1,,,,,,,,,,,,,,,,,,,,,,,,,,,,,,,,,,,,
16109,2019,6,17,18,45,22.8,71,442,176,0.9,,,,,,,,,,,,,,,,,,,,,,,,,,,,,,,,,,,,
16110,2019,6,17,19,0,22.400000000000002,63,390,142,0.8,,,,,,,,,,,,,,,,,,,,,,,,,,,,,,,,,,,,
16111,2019,6,17,19,15,21.8,54,334,110,0.8,,,,,,,,,,,,,,,,,,,,,,,,,,,,,,,,,,,,
16112,2019,6,17,19,30,21.3,45,269,80,0.9,,,,,,,,,,,,,,,,,,,,,,,,,,,,,,,,,,,,
16113,2019,6,17,19,45,20.8,34,203,54,0.9,,,,,,,,,,,,,,,,,,,,,,,,,,,,,,,,,,,,
16114,2019,6,17,20,0,20.3,24,128,32,1,,,,,,,,,,,,,,,,,,,,,,,,,,,,,,,,,,,,
16115,2019,6,17,20,15,20,13,58,15,1,,,,,,,,,,,,,,,,,,,,,,,,,,,,,,,,,,,,
16116,2019,6,17,20,30,19.700000000000003,0,0,0,1,,,,,,,,,,,,,,,,,,,,,,,,,,,,,,,,,,,,
16117,2019,6,17,20,45,19.400000000000002,0,0,0,1.1,,,,,,,,,,,,,,,,,,,,,,,,,,,,,,,,,,,,
16118,2019,6,17,21,0,19.1,0,0,0,1.1,,,,,,,,,,,,,,,,,,,,,,,,,,,,,,,,,,,,
16119,2019,6,17,21,15,18.8,0,0,0,1.1,,,,,,,,,,,,,,,,,,,,,,,,,,,,,,,,,,,,
16120,2019,6,17,21,30,18.5,0,0,0,1.1,,,,,,,,,,,,,,,,,,,,,,,,,,,,,,,,,,,,
16121,2019,6,17,21,45,18.2,0,0,0,1.2000000000000002,,,,,,,,,,,,,,,,,,,,,,,,,,,,,,,,,,,,
16122,2019,6,17,22,0,17.900000000000002,0,0,0,1.2000000000000002,,,,,,,,,,,,,,,,,,,,,,,,,,,,,,,,,,,,
16123,2019,6,17,22,15,17.7,0,0,0,1.2000000000000002,,,,,,,,,,,,,,,,,,,,,,,,,,,,,,,,,,,,
16124,2019,6,17,22,30,17.400000000000002,0,0,0,1.2000000000000002,,,,,,,,,,,,,,,,,,,,,,,,,,,,,,,,,,,,
16125,2019,6,17,22,45,17.2,0,0,0,1.2000000000000002,,,,,,,,,,,,,,,,,,,,,,,,,,,,,,,,,,,,
16126,2019,6,17,23,0,16.900000000000002,0,0,0,1.3,,,,,,,,,,,,,,,,,,,,,,,,,,,,,,,,,,,,
16127,2019,6,17,23,15,16.7,0,0,0,1.3,,,,,,,,,,,,,,,,,,,,,,,,,,,,,,,,,,,,
16128,2019,6,17,23,30,16.5,0,0,0,1.3,,,,,,,,,,,,,,,,,,,,,,,,,,,,,,,,,,,,
16129,2019,6,17,23,45,16.3,0,0,0,1.3,,,,,,,,,,,,,,,,,,,,,,,,,,,,,,,,,,,,
16130,2019,6,18,0,0,16.2,0,0,0,1.4000000000000001,,,,,,,,,,,,,,,,,,,,,,,,,,,,,,,,,,,,
16131,2019,6,18,0,15,16.2,0,0,0,1.4000000000000001,,,,,,,,,,,,,,,,,,,,,,,,,,,,,,,,,,,,
16132,2019,6,18,0,30,16.2,0,0,0,1.4000000000000001,,,,,,,,,,,,,,,,,,,,,,,,,,,,,,,,,,,,
16133,2019,6,18,0,45,16.2,0,0,0,1.4000000000000001,,,,,,,,,,,,,,,,,,,,,,,,,,,,,,,,,,,,
16134,2019,6,18,1,0,15.5,0,0,0,1.4000000000000001,,,,,,,,,,,,,,,,,,,,,,,,,,,,,,,,,,,,
16135,2019,6,18,1,15,15.4,0,0,0,1.5,,,,,,,,,,,,,,,,,,,,,,,,,,,,,,,,,,,,
16136,2019,6,18,1,30,15.200000000000001,0,0,0,1.5,,,,,,,,,,,,,,,,,,,,,,,,,,,,,,,,,,,,
16137,2019,6,18,1,45,15.100000000000001,0,0,0,1.5,,,,,,,,,,,,,,,,,,,,,,,,,,,,,,,,,,,,
16138,2019,6,18,2,0,15,0,0,0,1.5,,,,,,,,,,,,,,,,,,,,,,,,,,,,,,,,,,,,
16139,2019,6,18,2,15,14.8,0,0,0,1.5,,,,,,,,,,,,,,,,,,,,,,,,,,,,,,,,,,,,
16140,2019,6,18,2,30,14.700000000000001,0,0,0,1.5,,,,,,,,,,,,,,,,,,,,,,,,,,,,,,,,,,,,
16141,2019,6,18,2,45,14.600000000000001,0,0,0,1.6,,,,,,,,,,,,,,,,,,,,,,,,,,,,,,,,,,,,
16142,2019,6,18,3,0,14.5,0,0,0,1.6,,,,,,,,,,,,,,,,,,,,,,,,,,,,,,,,,,,,
16143,2019,6,18,3,15,14.5,0,0,0,1.6,,,,,,,,,,,,,,,,,,,,,,,,,,,,,,,,,,,,
16144,2019,6,18,3,30,14.600000000000001,0,0,0,1.6,,,,,,,,,,,,,,,,,,,,,,,,,,,,,,,,,,,,
16145,2019,6,18,3,45,14.600000000000001,0,0,0,1.6,,,,,,,,,,,,,,,,,,,,,,,,,,,,,,,,,,,,
16146,2019,6,18,4,0,14.700000000000001,0,0,0,1.6,,,,,,,,,,,,,,,,,,,,,,,,,,,,,,,,,,,,
16147,2019,6,18,4,15,15.200000000000001,13,53,15,1.8,,,,,,,,,,,,,,,,,,,,,,,,,,,,,,,,,,,,
16148,2019,6,18,4,30,15.700000000000001,24,118,31,2,,,,,,,,,,,,,,,,,,,,,,,,,,,,,,,,,,,,
16149,2019,6,18,4,45,16.2,35,186,53,2.1,,,,,,,,,,,,,,,,,,,,,,,,,,,,,,,,,,,,
16150,2019,6,18,5,0,16.7,46,254,79,2.3000000000000003,,,,,,,,,,,,,,,,,,,,,,,,,,,,,,,,,,,,
16151,2019,6,18,5,15,17.1,56,318,109,2.3000000000000003,,,,,,,,,,,,,,,,,,,,,,,,,,,,,,,,,,,,
16152,2019,6,18,5,30,17.6,65,375,141,2.4000000000000004,,,,,,,,,,,,,,,,,,,,,,,,,,,,,,,,,,,,
16153,2019,6,18,5,45,18,74,425,175,2.4000000000000004,,,,,,,,,,,,,,,,,,,,,,,,,,,,,,,,,,,,
16154,2019,6,18,6,0,18.5,81,471,211,2.4000000000000004,,,,,,,,,,,,,,,,,,,,,,,,,,,,,,,,,,,,
16155,2019,6,18,6,15,19.200000000000003,88,512,249,2.5,,,,,,,,,,,,,,,,,,,,,,,,,,,,,,,,,,,,
16156,2019,6,18,6,30,20,95,549,287,2.5,,,,,,,,,,,,,,,,,,,,,,,,,,,,,,,,,,,,
16157,2019,6,18,6,45,20.700000000000003,101,582,326,2.5,,,,,,,,,,,,,,,,,,,,,,,,,,,,,,,,,,,,
16158,2019,6,18,7,0,21.5,106,612,365,2.6,,,,,,,,,,,,,,,,,,,,,,,,,,,,,,,,,,,,
16159,2019,6,18,7,15,22.200000000000003,111,638,404,2.7,,,,,,,,,,,,,,,,,,,,,,,,,,,,,,,,,,,,
16160,2019,6,18,7,30,22.900000000000002,116,660,442,2.7,,,,,,,,,,,,,,,,,,,,,,,,,,,,,,,,,,,,
16161,2019,6,18,7,45,23.5,120,685,482,2.8000000000000003,,,,,,,,,,,,,,,,,,,,,,,,,,,,,,,,,,,,
16162,2019,6,18,8,0,24.200000000000003,212,369,420,2.9000000000000004,,,,,,,,,,,,,,,,,,,,,,,,,,,,,,,,,,,,
16163,2019,6,18,8,15,24.6,127,721,557,2.9000000000000004,,,,,,,,,,,,,,,,,,,,,,,,,,,,,,,,,,,,
16164,2019,6,18,8,30,25,131,736,593,2.9000000000000004,,,,,,,,,,,,,,,,,,,,,,,,,,,,,,,,,,,,
16165,2019,6,18,8,45,25.3,260,374,506,3,,,,,,,,,,,,,,,,,,,,,,,,,,,,,,,,,,,,
16166,2019,6,18,9,0,25.700000000000003,229,496,570,3,,,,,,,,,,,,,,,,,,,,,,,,,,,,,,,,,,,,
16167,2019,6,18,9,15,25.900000000000002,136,780,693,3,,,,,,,,,,,,,,,,,,,,,,,,,,,,,,,,,,,,
16168,2019,6,18,9,30,26.200000000000003,274,447,604,3,,,,,,,,,,,,,,,,,,,,,,,,,,,,,,,,,,,,
16169,2019,6,18,9,45,26.400000000000002,283,451,627,3,,,,,,,,,,,,,,,,,,,,,,,,,,,,,,,,,,,,
16170,2019,6,18,10,0,26.6,265,536,686,3.1,,,,,,,,,,,,,,,,,,,,,,,,,,,,,,,,,,,,
16171,2019,6,18,10,15,26.8,265,567,721,3.1,,,,,,,,,,,,,,,,,,,,,,,,,,,,,,,,,,,,
16172,2019,6,18,10,30,27,314,451,684,3.1,,,,,,,,,,,,,,,,,,,,,,,,,,,,,,,,,,,,
16173,2019,6,18,10,45,27.1,356,376,671,3.1,,,,,,,,,,,,,,,,,,,,,,,,,,,,,,,,,,,,
16174,2019,6,18,11,0,27.3,360,383,685,3.1,,,,,,,,,,,,,,,,,,,,,,,,,,,,,,,,,,,,
16175,2019,6,18,11,15,27.400000000000002,373,368,690,3.1,,,,,,,,,,,,,,,,,,,,,,,,,,,,,,,,,,,,
16176,2019,6,18,11,30,27.6,397,320,675,3.1,,,,,,,,,,,,,,,,,,,,,,,,,,,,,,,,,,,,
16177,2019,6,18,11,45,27.700000000000003,419,250,638,3.1,,,,,,,,,,,,,,,,,,,,,,,,,,,,,,,,,,,,
16178,2019,6,18,12,0,27.8,419,259,647,3,,,,,,,,,,,,,,,,,,,,,,,,,,,,,,,,,,,,
16179,2019,6,18,12,15,27.900000000000002,420,259,648,3,,,,,,,,,,,,,,,,,,,,,,,,,,,,,,,,,,,,
16180,2019,6,18,12,30,28,419,259,647,2.9000000000000004,,,,,,,,,,,,,,,,,,,,,,,,,,,,,,,,,,,,
16181,2019,6,18,12,45,28,428,197,600,2.9000000000000004,,,,,,,,,,,,,,,,,,,,,,,,,,,,,,,,,,,,
16182,2019,6,18,13,0,28.1,424,195,594,2.8000000000000003,,,,,,,,,,,,,,,,,,,,,,,,,,,,,,,,,,,,
16183,2019,6,18,13,15,28.1,417,209,597,2.7,,,,,,,,,,,,,,,,,,,,,,,,,,,,,,,,,,,,
16184,2019,6,18,13,30,28.1,399,270,629,2.7,,,,,,,,,,,,,,,,,,,,,,,,,,,,,,,,,,,,
16185,2019,6,18,13,45,28.1,391,272,618,2.6,,,,,,,,,,,,,,,,,,,,,,,,,,,,,,,,,,,,
16186,2019,6,18,14,0,28.1,393,210,565,2.5,,,,,,,,,,,,,,,,,,,,,,,,,,,,,,,,,,,,
16187,2019,6,18,14,15,28.1,380,223,559,2.4000000000000004,,,,,,,,,,,,,,,,,,,,,,,,,,,,,,,,,,,,
16188,2019,6,18,14,30,28.1,363,251,560,2.3000000000000003,,,,,,,,,,,,,,,,,,,,,,,,,,,,,,,,,,,,
16189,2019,6,18,14,45,28.1,350,252,543,2.2,,,,,,,,,,,,,,,,,,,,,,,,,,,,,,,,,,,,
16190,2019,6,18,15,0,28.1,325,303,549,2.1,,,,,,,,,,,,,,,,,,,,,,,,,,,,,,,,,,,,
16191,2019,6,18,15,15,28.1,132,785,692,2,,,,,,,,,,,,,,,,,,,,,,,,,,,,,,,,,,,,
16192,2019,6,18,15,30,28.1,130,774,661,1.9000000000000001,,,,,,,,,,,,,,,,,,,,,,,,,,,,,,,,,,,,
16193,2019,6,18,15,45,28,129,757,627,1.8,,,,,,,,,,,,,,,,,,,,,,,,,,,,,,,,,,,,
16194,2019,6,18,16,0,28,127,743,594,1.7000000000000002,,,,,,,,,,,,,,,,,,,,,,,,,,,,,,,,,,,,
16195,2019,6,18,16,15,27.900000000000002,124,728,558,1.6,,,,,,,,,,,,,,,,,,,,,,,,,,,,,,,,,,,,
16196,2019,6,18,16,30,27.8,120,711,521,1.5,,,,,,,,,,,,,,,,,,,,,,,,,,,,,,,,,,,,
16197,2019,6,18,16,45,27.700000000000003,192,386,396,1.3,,,,,,,,,,,,,,,,,,,,,,,,,,,,,,,,,,,,
16198,2019,6,18,17,0,27.6,114,666,444,1.2000000000000002,,,,,,,,,,,,,,,,,,,,,,,,,,,,,,,,,,,,
16199,2019,6,18,17,15,27.400000000000002,110,642,405,1.2000000000000002,,,,,,,,,,,,,,,,,,,,,,,,,,,,,,,,,,,,
16200,2019,6,18,17,30,27.200000000000003,127,466,324,1.1,,,,,,,,,,,,,,,,,,,,,,,,,,,,,,,,,,,,
16201,2019,6,18,17,45,27,99,588,327,1,,,,,,,,,,,,,,,,,,,,,,,,,,,,,,,,,,,,
16202,2019,6,18,18,0,26.8,93,491,265,0.9,,,,,,,,,,,,,,,,,,,,,,,,,,,,,,,,,,,,
16203,2019,6,18,18,15,26.3,87,518,250,0.9,,,,,,,,,,,,,,,,,,,,,,,,,,,,,,,,,,,,
16204,2019,6,18,18,30,25.900000000000002,79,403,191,0.8,,,,,,,,,,,,,,,,,,,,,,,,,,,,,,,,,,,,
16205,2019,6,18,18,45,25.400000000000002,73,335,153,0.7000000000000001,,,,,,,,,,,,,,,,,,,,,,,,,,,,,,,,,,,,
16206,2019,6,18,19,0,24.900000000000002,61,321,126,0.7000000000000001,,,,,,,,,,,,,,,,,,,,,,,,,,,,,,,,,,,,
16207,2019,6,18,19,15,24.400000000000002,52,272,97,0.7000000000000001,,,,,,,,,,,,,,,,,,,,,,,,,,,,,,,,,,,,
16208,2019,6,18,19,30,23.8,41,234,72,0.8,,,,,,,,,,,,,,,,,,,,,,,,,,,,,,,,,,,,
16209,2019,6,18,19,45,23.3,31,189,50,0.8,,,,,,,,,,,,,,,,,,,,,,,,,,,,,,,,,,,,
16210,2019,6,18,20,0,22.8,24,119,32,0.9,,,,,,,,,,,,,,,,,,,,,,,,,,,,,,,,,,,,
16211,2019,6,18,20,15,22.400000000000002,14,53,15,1,,,,,,,,,,,,,,,,,,,,,,,,,,,,,,,,,,,,
16212,2019,6,18,20,30,22,0,0,0,1,,,,,,,,,,,,,,,,,,,,,,,,,,,,,,,,,,,,
16213,2019,6,18,20,45,21.6,0,0,0,1,,,,,,,,,,,,,,,,,,,,,,,,,,,,,,,,,,,,
16214,2019,6,18,21,0,21.200000000000003,0,0,0,1.1,,,,,,,,,,,,,,,,,,,,,,,,,,,,,,,,,,,,
16215,2019,6,18,21,15,20.8,0,0,0,1.1,,,,,,,,,,,,,,,,,,,,,,,,,,,,,,,,,,,,
16216,2019,6,18,21,30,20.5,0,0,0,1.1,,,,,,,,,,,,,,,,,,,,,,,,,,,,,,,,,,,,
16217,2019,6,18,21,45,20.200000000000003,0,0,0,1.2000000000000002,,,,,,,,,,,,,,,,,,,,,,,,,,,,,,,,,,,,
16218,2019,6,18,22,0,19.900000000000002,0,0,0,1.2000000000000002,,,,,,,,,,,,,,,,,,,,,,,,,,,,,,,,,,,,
16219,2019,6,18,22,15,19.6,0,0,0,1.2000000000000002,,,,,,,,,,,,,,,,,,,,,,,,,,,,,,,,,,,,
16220,2019,6,18,22,30,19.400000000000002,0,0,0,1.2000000000000002,,,,,,,,,,,,,,,,,,,,,,,,,,,,,,,,,,,,
16221,2019,6,18,22,45,19.200000000000003,0,0,0,1.2000000000000002,,,,,,,,,,,,,,,,,,,,,,,,,,,,,,,,,,,,
16222,2019,6,18,23,0,18.900000000000002,0,0,0,1.3,,,,,,,,,,,,,,,,,,,,,,,,,,,,,,,,,,,,
16223,2019,6,18,23,15,18.8,0,0,0,1.3,,,,,,,,,,,,,,,,,,,,,,,,,,,,,,,,,,,,
16224,2019,6,18,23,30,18.6,0,0,0,1.2000000000000002,,,,,,,,,,,,,,,,,,,,,,,,,,,,,,,,,,,,
16225,2019,6,18,23,45,18.5,0,0,0,1.2000000000000002,,,,,,,,,,,,,,,,,,,,,,,,,,,,,,,,,,,,
16226,2019,6,19,0,0,18.3,0,0,0,1.2000000000000002,,,,,,,,,,,,,,,,,,,,,,,,,,,,,,,,,,,,
16227,2019,6,19,0,15,18.3,0,0,0,1.2000000000000002,,,,,,,,,,,,,,,,,,,,,,,,,,,,,,,,,,,,
16228,2019,6,19,0,30,18.3,0,0,0,1.2000000000000002,,,,,,,,,,,,,,,,,,,,,,,,,,,,,,,,,,,,
16229,2019,6,19,0,45,18.3,0,0,0,1.2000000000000002,,,,,,,,,,,,,,,,,,,,,,,,,,,,,,,,,,,,
16230,2019,6,19,1,0,18.1,0,0,0,1.2000000000000002,,,,,,,,,,,,,,,,,,,,,,,,,,,,,,,,,,,,
16231,2019,6,19,1,15,18,0,0,0,1.2000000000000002,,,,,,,,,,,,,,,,,,,,,,,,,,,,,,,,,,,,
16232,2019,6,19,1,30,18,0,0,0,1.2000000000000002,,,,,,,,,,,,,,,,,,,,,,,,,,,,,,,,,,,,
16233,2019,6,19,1,45,17.900000000000002,0,0,0,1.1,,,,,,,,,,,,,,,,,,,,,,,,,,,,,,,,,,,,
16234,2019,6,19,2,0,17.900000000000002,0,0,0,1.1,,,,,,,,,,,,,,,,,,,,,,,,,,,,,,,,,,,,
16235,2019,6,19,2,15,17.7,0,0,0,1.1,,,,,,,,,,,,,,,,,,,,,,,,,,,,,,,,,,,,
16236,2019,6,19,2,30,17.6,0,0,0,1.1,,,,,,,,,,,,,,,,,,,,,,,,,,,,,,,,,,,,
16237,2019,6,19,2,45,17.5,0,0,0,1.1,,,,,,,,,,,,,,,,,,,,,,,,,,,,,,,,,,,,
16238,2019,6,19,3,0,17.400000000000002,0,0,0,1,,,,,,,,,,,,,,,,,,,,,,,,,,,,,,,,,,,,
16239,2019,6,19,3,15,17.400000000000002,0,0,0,1,,,,,,,,,,,,,,,,,,,,,,,,,,,,,,,,,,,,
16240,2019,6,19,3,30,17.5,0,0,0,1,,,,,,,,,,,,,,,,,,,,,,,,,,,,,,,,,,,,
16241,2019,6,19,3,45,17.5,0,0,0,1,,,,,,,,,,,,,,,,,,,,,,,,,,,,,,,,,,,,
16242,2019,6,19,4,0,17.6,0,0,0,0.9,,,,,,,,,,,,,,,,,,,,,,,,,,,,,,,,,,,,
16243,2019,6,19,4,15,18,5,0,5,1,,,,,,,,,,,,,,,,,,,,,,,,,,,,,,,,,,,,
16244,2019,6,19,4,30,18.5,11,0,11,1,,,,,,,,,,,,,,,,,,,,,,,,,,,,,,,,,,,,
16245,2019,6,19,4,45,18.900000000000002,18,0,18,1,,,,,,,,,,,,,,,,,,,,,,,,,,,,,,,,,,,,
16246,2019,6,19,5,0,19.400000000000002,26,0,26,1,,,,,,,,,,,,,,,,,,,,,,,,,,,,,,,,,,,,
16247,2019,6,19,5,15,19.8,36,0,36,1.1,,,,,,,,,,,,,,,,,,,,,,,,,,,,,,,,,,,,
16248,2019,6,19,5,30,20.200000000000003,47,0,47,1.2000000000000002,,,,,,,,,,,,,,,,,,,,,,,,,,,,,,,,,,,,
16249,2019,6,19,5,45,20.6,60,0,60,1.3,,,,,,,,,,,,,,,,,,,,,,,,,,,,,,,,,,,,
16250,2019,6,19,6,0,21.1,74,0,74,1.4000000000000001,,,,,,,,,,,,,,,,,,,,,,,,,,,,,,,,,,,,
16251,2019,6,19,6,15,21.5,100,0,100,1.4000000000000001,,,,,,,,,,,,,,,,,,,,,,,,,,,,,,,,,,,,
16252,2019,6,19,6,30,21.900000000000002,74,0,74,1.4000000000000001,,,,,,,,,,,,,,,,,,,,,,,,,,,,,,,,,,,,
16253,2019,6,19,6,45,22.3,150,206,230,1.4000000000000001,,,,,,,,,,,,,,,,,,,,,,,,,,,,,,,,,,,,
16254,2019,6,19,7,0,22.8,141,8,144,1.4000000000000001,,,,,,,,,,,,,,,,,,,,,,,,,,,,,,,,,,,,
16255,2019,6,19,7,15,23.5,186,214,284,1.4000000000000001,,,,,,,,,,,,,,,,,,,,,,,,,,,,,,,,,,,,
16256,2019,6,19,7,30,24.3,206,198,304,1.5,,,,,,,,,,,,,,,,,,,,,,,,,,,,,,,,,,,,
16257,2019,6,19,7,45,25,211,291,365,1.5,,,,,,,,,,,,,,,,,,,,,,,,,,,,,,,,,,,,
16258,2019,6,19,8,0,25.700000000000003,223,324,405,1.6,,,,,,,,,,,,,,,,,,,,,,,,,,,,,,,,,,,,
16259,2019,6,19,8,15,26.200000000000003,228,375,451,1.7000000000000002,,,,,,,,,,,,,,,,,,,,,,,,,,,,,,,,,,,,
16260,2019,6,19,8,30,26.6,256,329,462,1.8,,,,,,,,,,,,,,,,,,,,,,,,,,,,,,,,,,,,
16261,2019,6,19,8,45,27.1,238,442,529,1.9000000000000001,,,,,,,,,,,,,,,,,,,,,,,,,,,,,,,,,,,,
16262,2019,6,19,9,0,27.5,215,538,584,2,,,,,,,,,,,,,,,,,,,,,,,,,,,,,,,,,,,,
16263,2019,6,19,9,15,27.700000000000003,227,540,612,2,,,,,,,,,,,,,,,,,,,,,,,,,,,,,,,,,,,,
16264,2019,6,19,9,30,27.8,306,372,580,2.1,,,,,,,,,,,,,,,,,,,,,,,,,,,,,,,,,,,,
16265,2019,6,19,9,45,28,336,312,574,2.2,,,,,,,,,,,,,,,,,,,,,,,,,,,,,,,,,,,,
16266,2019,6,19,10,0,28.200000000000003,337,354,614,2.3000000000000003,,,,,,,,,,,,,,,,,,,,,,,,,,,,,,,,,,,,
16267,2019,6,19,10,15,28.3,302,459,671,2.3000000000000003,,,,,,,,,,,,,,,,,,,,,,,,,,,,,,,,,,,,
16268,2019,6,19,10,30,28.3,312,457,687,2.4000000000000004,,,,,,,,,,,,,,,,,,,,,,,,,,,,,,,,,,,,
16269,2019,6,19,10,45,28.400000000000002,377,324,648,2.4000000000000004,,,,,,,,,,,,,,,,,,,,,,,,,,,,,,,,,,,,
16270,2019,6,19,11,0,28.5,404,248,615,2.5,,,,,,,,,,,,,,,,,,,,,,,,,,,,,,,,,,,,
16271,2019,6,19,11,15,28.6,420,190,584,2.5,,,,,,,,,,,,,,,,,,,,,,,,,,,,,,,,,,,,
16272,2019,6,19,11,30,28.700000000000003,416,248,632,2.6,,,,,,,,,,,,,,,,,,,,,,,,,,,,,,,,,,,,
16273,2019,6,19,11,45,28.8,356,420,723,2.6,,,,,,,,,,,,,,,,,,,,,,,,,,,,,,,,,,,,
16274,2019,6,19,12,0,28.900000000000002,353,434,734,2.7,,,,,,,,,,,,,,,,,,,,,,,,,,,,,,,,,,,,
16275,2019,6,19,12,15,29,422,253,645,2.7,,,,,,,,,,,,,,,,,,,,,,,,,,,,,,,,,,,,
16276,2019,6,19,12,30,29.200000000000003,422,253,644,2.7,,,,,,,,,,,,,,,,,,,,,,,,,,,,,,,,,,,,
16277,2019,6,19,12,45,29.3,322,538,793,2.7,,,,,,,,,,,,,,,,,,,,,,,,,,,,,,,,,,,,
16278,2019,6,19,13,0,29.400000000000002,318,538,786,2.7,,,,,,,,,,,,,,,,,,,,,,,,,,,,,,,,,,,,
16279,2019,6,19,13,15,29.5,151,817,855,2.7,,,,,,,,,,,,,,,,,,,,,,,,,,,,,,,,,,,,
16280,2019,6,19,13,30,29.6,150,814,842,2.7,,,,,,,,,,,,,,,,,,,,,,,,,,,,,,,,,,,,
16281,2019,6,19,13,45,29.700000000000003,145,817,828,2.6,,,,,,,,,,,,,,,,,,,,,,,,,,,,,,,,,,,,
16282,2019,6,19,14,0,29.8,143,812,811,2.6,,,,,,,,,,,,,,,,,,,,,,,,,,,,,,,,,,,,
16283,2019,6,19,14,15,29.8,142,806,790,2.6,,,,,,,,,,,,,,,,,,,,,,,,,,,,,,,,,,,,
16284,2019,6,19,14,30,29.900000000000002,140,799,767,2.5,,,,,,,,,,,,,,,,,,,,,,,,,,,,,,,,,,,,
16285,2019,6,19,14,45,29.900000000000002,134,799,744,2.5,,,,,,,,,,,,,,,,,,,,,,,,,,,,,,,,,,,,
16286,2019,6,19,15,0,30,132,790,717,2.4000000000000004,,,,,,,,,,,,,,,,,,,,,,,,,,,,,,,,,,,,
16287,2019,6,19,15,15,30,130,780,688,2.3000000000000003,,,,,,,,,,,,,,,,,,,,,,,,,,,,,,,,,,,,
16288,2019,6,19,15,30,29.900000000000002,128,769,657,2.3000000000000003,,,,,,,,,,,,,,,,,,,,,,,,,,,,,,,,,,,,
16289,2019,6,19,15,45,29.900000000000002,122,763,625,2.2,,,,,,,,,,,,,,,,,,,,,,,,,,,,,,,,,,,,
16290,2019,6,19,16,0,29.8,119,750,591,2.1,,,,,,,,,,,,,,,,,,,,,,,,,,,,,,,,,,,,
16291,2019,6,19,16,15,29.700000000000003,116,735,555,2.1,,,,,,,,,,,,,,,,,,,,,,,,,,,,,,,,,,,,
16292,2019,6,19,16,30,29.6,113,718,518,2,,,,,,,,,,,,,,,,,,,,,,,,,,,,,,,,,,,,
16293,2019,6,19,16,45,29.5,110,700,481,1.9000000000000001,,,,,,,,,,,,,,,,,,,,,,,,,,,,,,,,,,,,
16294,2019,6,19,17,0,29.400000000000002,106,679,443,1.8,,,,,,,,,,,,,,,,,,,,,,,,,,,,,,,,,,,,
16295,2019,6,19,17,15,29.1,102,656,404,1.7000000000000002,,,,,,,,,,,,,,,,,,,,,,,,,,,,,,,,,,,,
16296,2019,6,19,17,30,28.700000000000003,97,631,365,1.6,,,,,,,,,,,,,,,,,,,,,,,,,,,,,,,,,,,,
16297,2019,6,19,17,45,28.400000000000002,94,592,324,1.5,,,,,,,,,,,,,,,,,,,,,,,,,,,,,,,,,,,,
16298,2019,6,19,18,0,28.1,84,544,275,1.3,,,,,,,,,,,,,,,,,,,,,,,,,,,,,,,,,,,,
16299,2019,6,19,18,15,27.400000000000002,83,523,247,1.2000000000000002,,,,,,,,,,,,,,,,,,,,,,,,,,,,,,,,,,,,
16300,2019,6,19,18,30,26.700000000000003,70,480,203,1.1,,,,,,,,,,,,,,,,,,,,,,,,,,,,,,,,,,,,
16301,2019,6,19,18,45,26,72,418,172,1,,,,,,,,,,,,,,,,,,,,,,,,,,,,,,,,,,,,
16302,2019,6,19,19,0,25.3,64,367,139,0.9,,,,,,,,,,,,,,,,,,,,,,,,,,,,,,,,,,,,
16303,2019,6,19,19,15,24.8,55,309,106,0.9,,,,,,,,,,,,,,,,,,,,,,,,,,,,,,,,,,,,
16304,2019,6,19,19,30,24.400000000000002,45,247,78,0.9,,,,,,,,,,,,,,,,,,,,,,,,,,,,,,,,,,,,
16305,2019,6,19,19,45,24,35,162,51,0.9,,,,,,,,,,,,,,,,,,,,,,,,,,,,,,,,,,,,
16306,2019,6,19,20,0,23.6,24,97,30,1,,,,,,,,,,,,,,,,,,,,,,,,,,,,,,,,,,,,
16307,2019,6,19,20,15,23.3,12,40,14,1,,,,,,,,,,,,,,,,,,,,,,,,,,,,,,,,,,,,
16308,2019,6,19,20,30,23.1,0,0,0,1,,,,,,,,,,,,,,,,,,,,,,,,,,,,,,,,,,,,
16309,2019,6,19,20,45,22.8,0,0,0,1,,,,,,,,,,,,,,,,,,,,,,,,,,,,,,,,,,,,
16310,2019,6,19,21,0,22.6,0,0,0,1,,,,,,,,,,,,,,,,,,,,,,,,,,,,,,,,,,,,
16311,2019,6,19,21,15,22.3,0,0,0,1,,,,,,,,,,,,,,,,,,,,,,,,,,,,,,,,,,,,
16312,2019,6,19,21,30,22.1,0,0,0,1,,,,,,,,,,,,,,,,,,,,,,,,,,,,,,,,,,,,
16313,2019,6,19,21,45,21.8,0,0,0,1,,,,,,,,,,,,,,,,,,,,,,,,,,,,,,,,,,,,
16314,2019,6,19,22,0,21.5,0,0,0,1,,,,,,,,,,,,,,,,,,,,,,,,,,,,,,,,,,,,
16315,2019,6,19,22,15,21.3,0,0,0,1,,,,,,,,,,,,,,,,,,,,,,,,,,,,,,,,,,,,
16316,2019,6,19,22,30,21,0,0,0,1,,,,,,,,,,,,,,,,,,,,,,,,,,,,,,,,,,,,
16317,2019,6,19,22,45,20.8,0,0,0,1,,,,,,,,,,,,,,,,,,,,,,,,,,,,,,,,,,,,
16318,2019,6,19,23,0,20.5,0,0,0,1,,,,,,,,,,,,,,,,,,,,,,,,,,,,,,,,,,,,
16319,2019,6,19,23,15,20.3,0,0,0,1,,,,,,,,,,,,,,,,,,,,,,,,,,,,,,,,,,,,
16320,2019,6,19,23,30,20.1,0,0,0,1,,,,,,,,,,,,,,,,,,,,,,,,,,,,,,,,,,,,
16321,2019,6,19,23,45,19.900000000000002,0,0,0,1,,,,,,,,,,,,,,,,,,,,,,,,,,,,,,,,,,,,
16322,2019,6,20,0,0,19.6,0,0,0,1,,,,,,,,,,,,,,,,,,,,,,,,,,,,,,,,,,,,
16323,2019,6,20,0,15,19.6,0,0,0,1,,,,,,,,,,,,,,,,,,,,,,,,,,,,,,,,,,,,
16324,2019,6,20,0,30,19.6,0,0,0,1,,,,,,,,,,,,,,,,,,,,,,,,,,,,,,,,,,,,
16325,2019,6,20,0,45,19.6,0,0,0,1,,,,,,,,,,,,,,,,,,,,,,,,,,,,,,,,,,,,
16326,2019,6,20,1,0,18.7,0,0,0,1,,,,,,,,,,,,,,,,,,,,,,,,,,,,,,,,,,,,
16327,2019,6,20,1,15,18.5,0,0,0,1,,,,,,,,,,,,,,,,,,,,,,,,,,,,,,,,,,,,
16328,2019,6,20,1,30,18.2,0,0,0,1,,,,,,,,,,,,,,,,,,,,,,,,,,,,,,,,,,,,
16329,2019,6,20,1,45,18,0,0,0,1,,,,,,,,,,,,,,,,,,,,,,,,,,,,,,,,,,,,
16330,2019,6,20,2,0,17.8,0,0,0,1,,,,,,,,,,,,,,,,,,,,,,,,,,,,,,,,,,,,
16331,2019,6,20,2,15,17.6,0,0,0,1,,,,,,,,,,,,,,,,,,,,,,,,,,,,,,,,,,,,
16332,2019,6,20,2,30,17.400000000000002,0,0,0,1,,,,,,,,,,,,,,,,,,,,,,,,,,,,,,,,,,,,
16333,2019,6,20,2,45,17.2,0,0,0,1,,,,,,,,,,,,,,,,,,,,,,,,,,,,,,,,,,,,
16334,2019,6,20,3,0,17,0,0,0,1,,,,,,,,,,,,,,,,,,,,,,,,,,,,,,,,,,,,
16335,2019,6,20,3,15,17,0,0,0,1,,,,,,,,,,,,,,,,,,,,,,,,,,,,,,,,,,,,
16336,2019,6,20,3,30,17,0,0,0,1.1,,,,,,,,,,,,,,,,,,,,,,,,,,,,,,,,,,,,
16337,2019,6,20,3,45,17,0,0,0,1.1,,,,,,,,,,,,,,,,,,,,,,,,,,,,,,,,,,,,
16338,2019,6,20,4,0,17.1,0,0,0,1.2000000000000002,,,,,,,,,,,,,,,,,,,,,,,,,,,,,,,,,,,,
16339,2019,6,20,4,15,17.3,2,0,2,1.5,,,,,,,,,,,,,,,,,,,,,,,,,,,,,,,,,,,,
16340,2019,6,20,4,30,17.5,4,0,4,1.7000000000000002,,,,,,,,,,,,,,,,,,,,,,,,,,,,,,,,,,,,
16341,2019,6,20,4,45,17.8,5,0,5,2,,,,,,,,,,,,,,,,,,,,,,,,,,,,,,,,,,,,
16342,2019,6,20,5,0,18,6,0,6,2.3000000000000003,,,,,,,,,,,,,,,,,,,,,,,,,,,,,,,,,,,,
16343,2019,6,20,5,15,18.3,7,0,7,2.4000000000000004,,,,,,,,,,,,,,,,,,,,,,,,,,,,,,,,,,,,
16344,2019,6,20,5,30,18.6,8,0,8,2.4000000000000004,,,,,,,,,,,,,,,,,,,,,,,,,,,,,,,,,,,,
16345,2019,6,20,5,45,18.8,9,0,9,2.5,,,,,,,,,,,,,,,,,,,,,,,,,,,,,,,,,,,,
16346,2019,6,20,6,0,19.1,10,0,10,2.6,,,,,,,,,,,,,,,,,,,,,,,,,,,,,,,,,,,,
16347,2019,6,20,6,15,19.5,12,0,12,2.7,,,,,,,,,,,,,,,,,,,,,,,,,,,,,,,,,,,,
16348,2019,6,20,6,30,19.8,50,0,50,2.8000000000000003,,,,,,,,,,,,,,,,,,,,,,,,,,,,,,,,,,,,
16349,2019,6,20,6,45,20.1,25,0,25,2.9000000000000004,,,,,,,,,,,,,,,,,,,,,,,,,,,,,,,,,,,,
16350,2019,6,20,7,0,20.400000000000002,29,0,29,3,,,,,,,,,,,,,,,,,,,,,,,,,,,,,,,,,,,,
16351,2019,6,20,7,15,20.5,33,0,33,3.1,,,,,,,,,,,,,,,,,,,,,,,,,,,,,,,,,,,,
16352,2019,6,20,7,30,20.6,25,0,25,3.1,,,,,,,,,,,,,,,,,,,,,,,,,,,,,,,,,,,,
16353,2019,6,20,7,45,20.700000000000003,28,0,28,3.2,,,,,,,,,,,,,,,,,,,,,,,,,,,,,,,,,,,,
16354,2019,6,20,8,0,20.700000000000003,34,0,34,3.2,,,,,,,,,,,,,,,,,,,,,,,,,,,,,,,,,,,,
16355,2019,6,20,8,15,20.8,183,7,188,3.2,,,,,,,,,,,,,,,,,,,,,,,,,,,,,,,,,,,,
16356,2019,6,20,8,30,20.8,281,144,371,3.3000000000000003,,,,,,,,,,,,,,,,,,,,,,,,,,,,,,,,,,,,
16357,2019,6,20,8,45,20.8,285,273,464,3.3000000000000003,,,,,,,,,,,,,,,,,,,,,,,,,,,,,,,,,,,,
16358,2019,6,20,9,0,20.8,308,232,468,3.3000000000000003,,,,,,,,,,,,,,,,,,,,,,,,,,,,,,,,,,,,
16359,2019,6,20,9,15,21.1,294,363,553,3.4000000000000004,,,,,,,,,,,,,,,,,,,,,,,,,,,,,,,,,,,,
16360,2019,6,20,9,30,21.3,248,514,628,3.4000000000000004,,,,,,,,,,,,,,,,,,,,,,,,,,,,,,,,,,,,
16361,2019,6,20,9,45,21.6,337,310,573,3.4000000000000004,,,,,,,,,,,,,,,,,,,,,,,,,,,,,,,,,,,,
16362,2019,6,20,10,0,21.900000000000002,365,99,442,3.5,,,,,,,,,,,,,,,,,,,,,,,,,,,,,,,,,,,,
16363,2019,6,20,10,15,22.1,367,289,598,3.4000000000000004,,,,,,,,,,,,,,,,,,,,,,,,,,,,,,,,,,,,
16364,2019,6,20,10,30,22.400000000000002,368,322,632,3.4000000000000004,,,,,,,,,,,,,,,,,,,,,,,,,,,,,,,,,,,,
16365,2019,6,20,10,45,22.6,396,99,479,3.3000000000000003,,,,,,,,,,,,,,,,,,,,,,,,,,,,,,,,,,,,
16366,2019,6,20,11,0,22.900000000000002,171,6,176,3.3000000000000003,,,,,,,,,,,,,,,,,,,,,,,,,,,,,,,,,,,,
16367,2019,6,20,11,15,23.1,307,21,325,3.3000000000000003,,,,,,,,,,,,,,,,,,,,,,,,,,,,,,,,,,,,
16368,2019,6,20,11,30,23.3,114,0,114,3.2,,,,,,,,,,,,,,,,,,,,,,,,,,,,,,,,,,,,
16369,2019,6,20,11,45,23.5,76,0,76,3.2,,,,,,,,,,,,,,,,,,,,,,,,,,,,,,,,,,,,
16370,2019,6,20,12,0,23.700000000000003,397,61,450,3.1,,,,,,,,,,,,,,,,,,,,,,,,,,,,,,,,,,,,
16371,2019,6,20,12,15,23.900000000000002,76,0,76,3.1,,,,,,,,,,,,,,,,,,,,,,,,,,,,,,,,,,,,
16372,2019,6,20,12,30,24,413,82,485,3.1,,,,,,,,,,,,,,,,,,,,,,,,,,,,,,,,,,,,
16373,2019,6,20,12,45,24.200000000000003,420,101,508,3,,,,,,,,,,,,,,,,,,,,,,,,,,,,,,,,,,,,
16374,2019,6,20,13,0,24.3,421,225,617,3,,,,,,,,,,,,,,,,,,,,,,,,,,,,,,,,,,,,
16375,2019,6,20,13,15,24.3,170,6,175,3,,,,,,,,,,,,,,,,,,,,,,,,,,,,,,,,,,,,
16376,2019,6,20,13,30,24.400000000000002,383,331,664,3,,,,,,,,,,,,,,,,,,,,,,,,,,,,,,,,,,,,
16377,2019,6,20,13,45,24.400000000000002,365,52,408,2.9000000000000004,,,,,,,,,,,,,,,,,,,,,,,,,,,,,,,,,,,,
16378,2019,6,20,14,0,24.400000000000002,394,201,560,2.9000000000000004,,,,,,,,,,,,,,,,,,,,,,,,,,,,,,,,,,,,
16379,2019,6,20,14,15,24.400000000000002,71,0,71,2.9000000000000004,,,,,,,,,,,,,,,,,,,,,,,,,,,,,,,,,,,,
16380,2019,6,20,14,30,24.400000000000002,139,0,139,2.8000000000000003,,,,,,,,,,,,,,,,,,,,,,,,,,,,,,,,,,,,
16381,2019,6,20,14,45,24.3,277,470,635,2.8000000000000003,,,,,,,,,,,,,,,,,,,,,,,,,,,,,,,,,,,,
16382,2019,6,20,15,0,24.3,251,508,627,2.7,,,,,,,,,,,,,,,,,,,,,,,,,,,,,,,,,,,,
16383,2019,6,20,15,15,24.200000000000003,330,192,468,2.7,,,,,,,,,,,,,,,,,,,,,,,,,,,,,,,,,,,,
16384,2019,6,20,15,30,24.200000000000003,304,80,360,2.6,,,,,,,,,,,,,,,,,,,,,,,,,,,,,,,,,,,,
16385,2019,6,20,15,45,24.200000000000003,281,295,476,2.5,,,,,,,,,,,,,,,,,,,,,,,,,,,,,,,,,,,,
16386,2019,6,20,16,0,24.1,170,3,172,2.4000000000000004,,,,,,,,,,,,,,,,,,,,,,,,,,,,,,,,,,,,
16387,2019,6,20,16,15,24.0,108,0,108,2.3000000000000003,,,,,,,,,,,,,,,,,,,,,,,,,,,,,,,,,,,,
16388,2019,6,20,16,30,23.9,240,82,286,2.2,,,,,,,,,,,,,,,,,,,,,,,,,,,,,,,,,,,,
16389,2019,6,20,16,45,23.8,204,334,382,2.1,,,,,,,,,,,,,,,,,,,,,,,,,,,,,,,,,,,,
16390,2019,6,20,17,0,23.6,209,113,265,2.0,,,,,,,,,,,,,,,,,,,,,,,,,,,,,,,,,,,,
16391,2019,6,20,17,15,23.4,179,276,306,1.8,,,,,,,,,,,,,,,,,,,,,,,,,,,,,,,,,,,,
16392,2019,6,20,17,30,23.200000000000003,115,567,356,1.6,,,,,,,,,,,,,,,,,,,,,,,,,,,,,,,,,,,,
16393,2019,6,20,17,45,22.9,112,525,316,1.4,,,,,,,,,,,,,,,,,,,,,,,,,,,,,,,,,,,,
16394,2019,6,20,18,0,22.700000000000003,116,355,240,1.3,,,,,,,,,,,,,,,,,,,,,,,,,,,,,,,,,,,,
16395,2019,6,20,18,15,22.3,76,0,76,1.1,,,,,,,,,,,,,,,,,,,,,,,,,,,,,,,,,,,,
16396,2019,6,20,18,30,21.9,96,17,101,1.0,,,,,,,,,,,,,,,,,,,,,,,,,,,,,,,,,,,,
16397,2019,6,20,18,45,21.6,81,7,83,0.9,,,,,,,,,,,,,,,,,,,,,,,,,,,,,,,,,,,,
16398,2019,6,20,19,0,21.200000000000003,66,0,66,0.8,,,,,,,,,,,,,,,,,,,,,,,,,,,,,,,,,,,,
16399,2019,6,20,19,15,21.0,52,0,52,0.8,,,,,,,,,,,,,,,,,,,,,,,,,,,,,,,,,,,,
16400,2019,6,20,19,30,20.700000000000003,39,0,39,0.8,,,,,,,,,,,,,,,,,,,,,,,,,,,,,,,,,,,,
16401,2019,6,20,19,45,20.5,27,0,27,0.8,,,,,,,,,,,,,,,,,,,,,,,,,,,,,,,,,,,,
16402,2019,6,20,20,0,20.200000000000003,18,0,18,0.8,,,,,,,,,,,,,,,,,,,,,,,,,,,,,,,,,,,,
16403,2019,6,20,20,15,20.1,9,0,9,0.8,,,,,,,,,,,,,,,,,,,,,,,,,,,,,,,,,,,,
16404,2019,6,20,20,30,19.9,0,0,0,0.8,,,,,,,,,,,,,,,,,,,,,,,,,,,,,,,,,,,,
16405,2019,6,20,20,45,19.8,0,0,0,0.9,,,,,,,,,,,,,,,,,,,,,,,,,,,,,,,,,,,,
16406,2019,6,20,21,0,19.700000000000003,0,0,0,0.9,,,,,,,,,,,,,,,,,,,,,,,,,,,,,,,,,,,,
16407,2019,6,20,21,15,19.5,0,0,0,0.9,,,,,,,,,,,,,,,,,,,,,,,,,,,,,,,,,,,,
16408,2019,6,20,21,30,19.4,0,0,0,1.0,,,,,,,,,,,,,,,,,,,,,,,,,,,,,,,,,,,,
16409,2019,6,20,21,45,19.200000000000003,0,0,0,1.0,,,,,,,,,,,,,,,,,,,,,,,,,,,,,,,,,,,,
16410,2019,6,20,22,0,19.1,0,0,0,1.1,,,,,,,,,,,,,,,,,,,,,,,,,,,,,,,,,,,,
16411,2019,6,20,22,15,18.9,0,0,0,1.2000000000000002,,,,,,,,,,,,,,,,,,,,,,,,,,,,,,,,,,,,
16412,2019,6,20,22,30,18.7,0,0,0,1.3,,,,,,,,,,,,,,,,,,,,,,,,,,,,,,,,,,,,
16413,2019,6,20,22,45,18.5,0,0,0,1.4,,,,,,,,,,,,,,,,,,,,,,,,,,,,,,,,,,,,
16414,2019,6,20,23,0,18.4,0,0,0,1.5,,,,,,,,,,,,,,,,,,,,,,,,,,,,,,,,,,,,
16415,2019,6,20,23,15,18.2,0,0,0,1.6,,,,,,,,,,,,,,,,,,,,,,,,,,,,,,,,,,,,
16416,2019,6,20,23,30,18.0,0,0,0,1.6,,,,,,,,,,,,,,,,,,,,,,,,,,,,,,,,,,,,
16417,2019,6,20,23,45,17.900000000000002,0,0,0,1.7000000000000002,,,,,,,,,,,,,,,,,,,,,,,,,,,,,,,,,,,,
16418,2019,6,21,0,0,17.7,0,0,0,1.8,,,,,,,,,,,,,,,,,,,,,,,,,,,,,,,,,,,,
16419,2019,6,21,0,15,17.7,0,0,0,1.8,,,,,,,,,,,,,,,,,,,,,,,,,,,,,,,,,,,,
16420,2019,6,21,0,30,17.7,0,0,0,1.8,,,,,,,,,,,,,,,,,,,,,,,,,,,,,,,,,,,,
16421,2019,6,21,0,45,17.7,0,0,0,1.8,,,,,,,,,,,,,,,,,,,,,,,,,,,,,,,,,,,,
16422,2019,6,21,1,0,17.1,0,0,0,1.9,,,,,,,,,,,,,,,,,,,,,,,,,,,,,,,,,,,,
16423,2019,6,21,1,15,17.0,0,0,0,1.9,,,,,,,,,,,,,,,,,,,,,,,,,,,,,,,,,,,,
16424,2019,6,21,1,30,16.8,0,0,0,1.9,,,,,,,,,,,,,,,,,,,,,,,,,,,,,,,,,,,,
16425,2019,6,21,1,45,16.7,0,0,0,2.0,,,,,,,,,,,,,,,,,,,,,,,,,,,,,,,,,,,,
16426,2019,6,21,2,0,16.6,0,0,0,2.0,,,,,,,,,,,,,,,,,,,,,,,,,,,,,,,,,,,,
16427,2019,6,21,2,15,16.5,0,0,0,2.1,,,,,,,,,,,,,,,,,,,,,,,,,,,,,,,,,,,,
16428,2019,6,21,2,30,16.5,0,0,0,2.1,,,,,,,,,,,,,,,,,,,,,,,,,,,,,,,,,,,,
16429,2019,6,21,2,45,16.400000000000002,0,0,0,2.2,,,,,,,,,,,,,,,,,,,,,,,,,,,,,,,,,,,,
16430,2019,6,21,3,0,16.3,0,0,0,2.2,,,,,,,,,,,,,,,,,,,,,,,,,,,,,,,,,,,,
16431,2019,6,21,3,15,16.3,0,0,0,2.3000000000000003,,,,,,,,,,,,,,,,,,,,,,,,,,,,,,,,,,,,
16432,2019,6,21,3,30,16.2,0,0,0,2.3000000000000003,,,,,,,,,,,,,,,,,,,,,,,,,,,,,,,,,,,,
16433,2019,6,21,3,45,16.2,0,0,0,2.4000000000000004,,,,,,,,,,,,,,,,,,,,,,,,,,,,,,,,,,,,
16434,2019,6,21,4,0,16.2,0,0,0,2.4000000000000004,,,,,,,,,,,,,,,,,,,,,,,,,,,,,,,,,,,,
16435,2019,6,21,4,15,16.2,2,0,2,2.5,,,,,,,,,,,,,,,,,,,,,,,,,,,,,,,,,,,,
16436,2019,6,21,4,30,16.2,3,0,3,2.5,,,,,,,,,,,,,,,,,,,,,,,,,,,,,,,,,,,,
16437,2019,6,21,4,45,16.3,5,0,5,2.6,,,,,,,,,,,,,,,,,,,,,,,,,,,,,,,,,,,,
16438,2019,6,21,5,0,16.3,6,0,6,2.6,,,,,,,,,,,,,,,,,,,,,,,,,,,,,,,,,,,,
16439,2019,6,21,5,15,16.400000000000002,8,0,8,2.7,,,,,,,,,,,,,,,,,,,,,,,,,,,,,,,,,,,,
16440,2019,6,21,5,30,16.5,10,0,10,2.7,,,,,,,,,,,,,,,,,,,,,,,,,,,,,,,,,,,,
16441,2019,6,21,5,45,16.5,13,0,13,2.8000000000000003,,,,,,,,,,,,,,,,,,,,,,,,,,,,,,,,,,,,
16442,2019,6,21,6,0,16.6,16,0,16,2.8000000000000003,,,,,,,,,,,,,,,,,,,,,,,,,,,,,,,,,,,,
16443,2019,6,21,6,15,16.7,19,0,19,2.9000000000000004,,,,,,,,,,,,,,,,,,,,,,,,,,,,,,,,,,,,
16444,2019,6,21,6,30,16.8,65,0,65,2.9000000000000004,,,,,,,,,,,,,,,,,,,,,,,,,,,,,,,,,,,,
16445,2019,6,21,6,45,16.900000000000002,117,0,117,2.9000000000000004,,,,,,,,,,,,,,,,,,,,,,,,,,,,,,,,,,,,
16446,2019,6,21,7,0,17.0,163,52,185,2.9000000000000004,,,,,,,,,,,,,,,,,,,,,,,,,,,,,,,,,,,,
16447,2019,6,21,7,15,17.2,186,206,280,2.9000000000000004,,,,,,,,,,,,,,,,,,,,,,,,,,,,,,,,,,,,
16448,2019,6,21,7,30,17.3,205,94,252,2.9000000000000004,,,,,,,,,,,,,,,,,,,,,,,,,,,,,,,,,,,,
16449,2019,6,21,7,45,17.5,214,270,357,2.9000000000000004,,,,,,,,,,,,,,,,,,,,,,,,,,,,,,,,,,,,
16450,2019,6,21,8,0,17.7,227,53,257,2.9000000000000004,,,,,,,,,,,,,,,,,,,,,,,,,,,,,,,,,,,,
16451,2019,6,21,8,15,17.900000000000002,259,207,383,2.8000000000000003,,,,,,,,,,,,,,,,,,,,,,,,,,,,,,,,,,,,
16452,2019,6,21,8,30,18.2,280,160,380,2.8000000000000003,,,,,,,,,,,,,,,,,,,,,,,,,,,,,,,,,,,,
16453,2019,6,21,8,45,18.5,297,151,397,2.7,,,,,,,,,,,,,,,,,,,,,,,,,,,,,,,,,,,,
16454,2019,6,21,9,0,18.8,302,266,484,2.7,,,,,,,,,,,,,,,,,,,,,,,,,,,,,,,,,,,,
16455,2019,6,21,9,15,19.1,313,286,517,2.6,,,,,,,,,,,,,,,,,,,,,,,,,,,,,,,,,,,,
16456,2019,6,21,9,30,19.5,334,257,524,2.6,,,,,,,,,,,,,,,,,,,,,,,,,,,,,,,,,,,,
16457,2019,6,21,9,45,19.9,349,252,541,2.5,,,,,,,,,,,,,,,,,,,,,,,,,,,,,,,,,,,,
16458,2019,6,21,10,0,20.200000000000003,356,279,575,2.4000000000000004,,,,,,,,,,,,,,,,,,,,,,,,,,,,,,,,,,,,
16459,2019,6,21,10,15,20.6,382,200,543,2.4000000000000004,,,,,,,,,,,,,,,,,,,,,,,,,,,,,,,,,,,,
16460,2019,6,21,10,30,20.9,385,98,465,2.4000000000000004,,,,,,,,,,,,,,,,,,,,,,,,,,,,,,,,,,,,
16461,2019,6,21,10,45,21.200000000000003,391,89,466,2.3000000000000003,,,,,,,,,,,,,,,,,,,,,,,,,,,,,,,,,,,,
16462,2019,6,21,11,0,21.5,413,156,545,2.3000000000000003,,,,,,,,,,,,,,,,,,,,,,,,,,,,,,,,,,,,
16463,2019,6,21,11,15,21.700000000000003,365,44,403,2.3000000000000003,,,,,,,,,,,,,,,,,,,,,,,,,,,,,,,,,,,,
16464,2019,6,21,11,30,21.9,384,55,431,2.3000000000000003,,,,,,,,,,,,,,,,,,,,,,,,,,,,,,,,,,,,
16465,2019,6,21,11,45,22.1,429,154,564,2.4000000000000004,,,,,,,,,,,,,,,,,,,,,,,,,,,,,,,,,,,,
16466,2019,6,21,12,0,22.3,402,68,462,2.4000000000000004,,,,,,,,,,,,,,,,,,,,,,,,,,,,,,,,,,,,
16467,2019,6,21,12,15,22.4,313,21,331,2.4000000000000004,,,,,,,,,,,,,,,,,,,,,,,,,,,,,,,,,,,,
16468,2019,6,21,12,30,22.4,420,256,645,2.4000000000000004,,,,,,,,,,,,,,,,,,,,,,,,,,,,,,,,,,,,
16469,2019,6,21,12,45,22.4,426,125,536,2.4000000000000004,,,,,,,,,,,,,,,,,,,,,,,,,,,,,,,,,,,,
16470,2019,6,21,13,0,22.5,420,226,617,2.5,,,,,,,,,,,,,,,,,,,,,,,,,,,,,,,,,,,,
16471,2019,6,21,13,15,22.6,420,161,559,2.5,,,,,,,,,,,,,,,,,,,,,,,,,,,,,,,,,,,,
16472,2019,6,21,13,30,22.700000000000003,161,809,849,2.5,,,,,,,,,,,,,,,,,,,,,,,,,,,,,,,,,,,,
16473,2019,6,21,13,45,22.700000000000003,160,805,834,2.5,,,,,,,,,,,,,,,,,,,,,,,,,,,,,,,,,,,,
16474,2019,6,21,14,0,22.8,159,800,816,2.6,,,,,,,,,,,,,,,,,,,,,,,,,,,,,,,,,,,,
16475,2019,6,21,14,15,22.8,374,257,581,2.6,,,,,,,,,,,,,,,,,,,,,,,,,,,,,,,,,,,,
16476,2019,6,21,14,30,22.8,374,160,500,2.6,,,,,,,,,,,,,,,,,,,,,,,,,,,,,,,,,,,,
16477,2019,6,21,14,45,22.8,345,278,557,2.6,,,,,,,,,,,,,,,,,,,,,,,,,,,,,,,,,,,,
16478,2019,6,21,15,0,22.9,309,361,576,2.6,,,,,,,,,,,,,,,,,,,,,,,,,,,,,,,,,,,,
16479,2019,6,21,15,15,22.8,145,766,693,2.5,,,,,,,,,,,,,,,,,,,,,,,,,,,,,,,,,,,,
16480,2019,6,21,15,30,22.700000000000003,142,755,662,2.5,,,,,,,,,,,,,,,,,,,,,,,,,,,,,,,,,,,,
16481,2019,6,21,15,45,22.700000000000003,142,738,629,2.5,,,,,,,,,,,,,,,,,,,,,,,,,,,,,,,,,,,,
16482,2019,6,21,16,0,22.6,139,724,595,2.5,,,,,,,,,,,,,,,,,,,,,,,,,,,,,,,,,,,,
16483,2019,6,21,16,15,22.5,135,709,559,2.4000000000000004,,,,,,,,,,,,,,,,,,,,,,,,,,,,,,,,,,,,
16484,2019,6,21,16,30,22.4,131,691,522,2.4000000000000004,,,,,,,,,,,,,,,,,,,,,,,,,,,,,,,,,,,,
16485,2019,6,21,16,45,22.3,129,666,483,2.3000000000000003,,,,,,,,,,,,,,,,,,,,,,,,,,,,,,,,,,,,
16486,2019,6,21,17,0,22.200000000000003,124,645,445,2.3000000000000003,,,,,,,,,,,,,,,,,,,,,,,,,,,,,,,,,,,,
16487,2019,6,21,17,15,22.0,119,621,406,2.2,,,,,,,,,,,,,,,,,,,,,,,,,,,,,,,,,,,,
16488,2019,6,21,17,30,21.700000000000003,114,594,367,2.1,,,,,,,,,,,,,,,,,,,,,,,,,,,,,,,,,,,,
16489,2019,6,21,17,45,21.5,109,560,327,2.0,,,,,,,,,,,,,,,,,,,,,,,,,,,,,,,,,,,,
16490,2019,6,21,18,0,21.3,103,528,288,1.9,,,,,,,,,,,,,,,,,,,,,,,,,,,,,,,,,,,,
16491,2019,6,21,18,15,20.8,96,491,250,1.7000000000000002,,,,,,,,,,,,,,,,,,,,,,,,,,,,,,,,,,,,
16492,2019,6,21,18,30,20.4,87,450,212,1.5,,,,,,,,,,,,,,,,,,,,,,,,,,,,,,,,,,,,
16493,2019,6,21,18,45,20.0,80,397,175,1.4,,,,,,,,,,,,,,,,,,,,,,,,,,,,,,,,,,,,
16494,2019,6,21,19,0,19.6,70,347,141,1.2000000000000002,,,,,,,,,,,,,,,,,,,,,,,,,,,,,,,,,,,,
16495,2019,6,21,19,15,19.1,60,293,110,1.2000000000000002,,,,,,,,,,,,,,,,,,,,,,,,,,,,,,,,,,,,
16496,2019,6,21,19,30,18.5,49,233,80,1.2000000000000002,,,,,,,,,,,,,,,,,,,,,,,,,,,,,,,,,,,,
16497,2019,6,21,19,45,18.0,37,165,54,1.2000000000000002,,,,,,,,,,,,,,,,,,,,,,,,,,,,,,,,,,,,
16498,2019,6,21,20,0,17.5,25,101,32,1.2000000000000002,,,,,,,,,,,,,,,,,,,,,,,,,,,,,,,,,,,,
16499,2019,6,21,20,15,17.3,9,0,9,1.2000000000000002,,,,,,,,,,,,,,,,,,,,,,,,,,,,,,,,,,,,
16500,2019,6,21,20,30,17.1,0,0,0,1.2000000000000002,,,,,,,,,,,,,,,,,,,,,,,,,,,,,,,,,,,,
16501,2019,6,21,20,45,16.900000000000002,0,0,0,1.3,,,,,,,,,,,,,,,,,,,,,,,,,,,,,,,,,,,,
16502,2019,6,21,21,0,16.7,0,0,0,1.3,,,,,,,,,,,,,,,,,,,,,,,,,,,,,,,,,,,,
16503,2019,6,21,21,15,16.5,0,0,0,1.3,,,,,,,,,,,,,,,,,,,,,,,,,,,,,,,,,,,,
16504,2019,6,21,21,30,16.400000000000002,0,0,0,1.4,,,,,,,,,,,,,,,,,,,,,,,,,,,,,,,,,,,,
16505,2019,6,21,21,45,16.3,0,0,0,1.4,,,,,,,,,,,,,,,,,,,,,,,,,,,,,,,,,,,,
16506,2019,6,21,22,0,16.1,0,0,0,1.5,,,,,,,,,,,,,,,,,,,,,,,,,,,,,,,,,,,,
16507,2019,6,21,22,15,16.0,0,0,0,1.5,,,,,,,,,,,,,,,,,,,,,,,,,,,,,,,,,,,,
16508,2019,6,21,22,30,15.9,0,0,0,1.5,,,,,,,,,,,,,,,,,,,,,,,,,,,,,,,,,,,,
16509,2019,6,21,22,45,15.7,0,0,0,1.6,,,,,,,,,,,,,,,,,,,,,,,,,,,,,,,,,,,,
16510,2019,6,21,23,0,15.6,0,0,0,1.6,,,,,,,,,,,,,,,,,,,,,,,,,,,,,,,,,,,,
16511,2019,6,21,23,15,15.5,0,0,0,1.7000000000000002,,,,,,,,,,,,,,,,,,,,,,,,,,,,,,,,,,,,
16512,2019,6,21,23,30,15.4,0,0,0,1.7000000000000002,,,,,,,,,,,,,,,,,,,,,,,,,,,,,,,,,,,,
16513,2019,6,21,23,45,15.3,0,0,0,1.8,,,,,,,,,,,,,,,,,,,,,,,,,,,,,,,,,,,,
16514,2019,6,22,0,0,15.2,0,0,0,1.8,,,,,,,,,,,,,,,,,,,,,,,,,,,,,,,,,,,,
16515,2019,6,22,0,15,15.2,0,0,0,1.8,,,,,,,,,,,,,,,,,,,,,,,,,,,,,,,,,,,,
16516,2019,6,22,0,30,15.2,0,0,0,1.8,,,,,,,,,,,,,,,,,,,,,,,,,,,,,,,,,,,,
16517,2019,6,22,0,45,15.2,0,0,0,1.8,,,,,,,,,,,,,,,,,,,,,,,,,,,,,,,,,,,,
16518,2019,6,22,1,0,14.7,0,0,0,2.0,,,,,,,,,,,,,,,,,,,,,,,,,,,,,,,,,,,,
16519,2019,6,22,1,15,14.5,0,0,0,2.0,,,,,,,,,,,,,,,,,,,,,,,,,,,,,,,,,,,,
16520,2019,6,22,1,30,14.4,0,0,0,2.0,,,,,,,,,,,,,,,,,,,,,,,,,,,,,,,,,,,,
16521,2019,6,22,1,45,14.2,0,0,0,2.0,,,,,,,,,,,,,,,,,,,,,,,,,,,,,,,,,,,,
16522,2019,6,22,2,0,14.1,0,0,0,2.0,,,,,,,,,,,,,,,,,,,,,,,,,,,,,,,,,,,,
16523,2019,6,22,2,15,14.0,0,0,0,2.1,,,,,,,,,,,,,,,,,,,,,,,,,,,,,,,,,,,,
16524,2019,6,22,2,30,13.9,0,0,0,2.1,,,,,,,,,,,,,,,,,,,,,,,,,,,,,,,,,,,,
16525,2019,6,22,2,45,13.8,0,0,0,2.1,,,,,,,,,,,,,,,,,,,,,,,,,,,,,,,,,,,,
16526,2019,6,22,3,0,13.6,0,0,0,2.1,,,,,,,,,,,,,,,,,,,,,,,,,,,,,,,,,,,,
16527,2019,6,22,3,15,13.6,0,0,0,2.2,,,,,,,,,,,,,,,,,,,,,,,,,,,,,,,,,,,,
16528,2019,6,22,3,30,13.6,0,0,0,2.3000000000000003,,,,,,,,,,,,,,,,,,,,,,,,,,,,,,,,,,,,
16529,2019,6,22,3,45,13.5,0,0,0,2.4000000000000004,,,,,,,,,,,,,,,,,,,,,,,,,,,,,,,,,,,,
16530,2019,6,22,4,0,13.5,0,0,0,2.5,,,,,,,,,,,,,,,,,,,,,,,,,,,,,,,,,,,,
16531,2019,6,22,4,15,13.7,13,46,14,2.6,,,,,,,,,,,,,,,,,,,,,,,,,,,,,,,,,,,,
16532,2019,6,22,4,30,13.9,24,106,31,2.7,,,,,,,,,,,,,,,,,,,,,,,,,,,,,,,,,,,,
16533,2019,6,22,4,45,14.1,36,182,53,2.8000000000000003,,,,,,,,,,,,,,,,,,,,,,,,,,,,,,,,,,,,
16534,2019,6,22,5,0,14.2,47,249,79,3.0,,,,,,,,,,,,,,,,,,,,,,,,,,,,,,,,,,,,
16535,2019,6,22,5,15,14.7,57,312,108,3.1,,,,,,,,,,,,,,,,,,,,,,,,,,,,,,,,,,,,
16536,2019,6,22,5,30,15.2,10,0,10,3.2,,,,,,,,,,,,,,,,,,,,,,,,,,,,,,,,,,,,
16537,2019,6,22,5,45,15.7,13,0,13,3.2,,,,,,,,,,,,,,,,,,,,,,,,,,,,,,,,,,,,
16538,2019,6,22,6,0,16.2,16,0,16,3.3000000000000003,,,,,,,,,,,,,,,,,,,,,,,,,,,,,,,,,,,,
16539,2019,6,22,6,15,16.7,103,4,105,3.4000000000000004,,,,,,,,,,,,,,,,,,,,,,,,,,,,,,,,,,,,
16540,2019,6,22,6,30,17.2,125,27,135,3.6,,,,,,,,,,,,,,,,,,,,,,,,,,,,,,,,,,,,
16541,2019,6,22,6,45,17.8,103,575,325,3.7,,,,,,,,,,,,,,,,,,,,,,,,,,,,,,,,,,,,
16542,2019,6,22,7,0,18.3,109,604,364,3.8,,,,,,,,,,,,,,,,,,,,,,,,,,,,,,,,,,,,
16543,2019,6,22,7,15,18.7,114,631,403,3.8,,,,,,,,,,,,,,,,,,,,,,,,,,,,,,,,,,,,
16544,2019,6,22,7,30,19.200000000000003,119,655,442,3.8,,,,,,,,,,,,,,,,,,,,,,,,,,,,,,,,,,,,
16545,2019,6,22,7,45,19.6,125,673,480,3.8,,,,,,,,,,,,,,,,,,,,,,,,,,,,,,,,,,,,
16546,2019,6,22,8,0,20.0,129,690,517,3.8,,,,,,,,,,,,,,,,,,,,,,,,,,,,,,,,,,,,
16547,2019,6,22,8,15,20.4,256,226,390,3.8,,,,,,,,,,,,,,,,,,,,,,,,,,,,,,,,,,,,
16548,2019,6,22,8,30,20.8,280,162,381,3.8,,,,,,,,,,,,,,,,,,,,,,,,,,,,,,,,,,,,
16549,2019,6,22,8,45,21.200000000000003,293,214,433,3.8,,,,,,,,,,,,,,,,,,,,,,,,,,,,,,,,,,,,
16550,2019,6,22,9,0,21.6,308,223,461,3.7,,,,,,,,,,,,,,,,,,,,,,,,,,,,,,,,,,,,
16551,2019,6,22,9,15,21.9,328,130,421,3.7,,,,,,,,,,,,,,,,,,,,,,,,,,,,,,,,,,,,
16552,2019,6,22,9,30,22.200000000000003,338,229,507,3.7,,,,,,,,,,,,,,,,,,,,,,,,,,,,,,,,,,,,
16553,2019,6,22,9,45,22.5,354,218,520,3.7,,,,,,,,,,,,,,,,,,,,,,,,,,,,,,,,,,,,
16554,2019,6,22,10,0,22.8,169,759,763,3.7,,,,,,,,,,,,,,,,,,,,,,,,,,,,,,,,,,,,
16555,2019,6,22,10,15,23.1,171,767,786,3.7,,,,,,,,,,,,,,,,,,,,,,,,,,,,,,,,,,,,
16556,2019,6,22,10,30,23.3,173,773,807,3.6,,,,,,,,,,,,,,,,,,,,,,,,,,,,,,,,,,,,
16557,2019,6,22,10,45,23.6,171,784,826,3.6,,,,,,,,,,,,,,,,,,,,,,,,,,,,,,,,,,,,
16558,2019,6,22,11,0,23.8,172,789,842,3.6,,,,,,,,,,,,,,,,,,,,,,,,,,,,,,,,,,,,
16559,2019,6,22,11,15,24.0,173,792,855,3.6,,,,,,,,,,,,,,,,,,,,,,,,,,,,,,,,,,,,
16560,2019,6,22,11,30,24.1,174,795,865,3.6,,,,,,,,,,,,,,,,,,,,,,,,,,,,,,,,,,,,
16561,2019,6,22,11,45,24.200000000000003,401,314,676,3.6,,,,,,,,,,,,,,,,,,,,,,,,,,,,,,,,,,,,
16562,2019,6,22,12,0,24.4,403,315,681,3.6,,,,,,,,,,,,,,,,,,,,,,,,,,,,,,,,,,,,
16563,2019,6,22,12,15,24.5,405,313,681,3.6,,,,,,,,,,,,,,,,,,,,,,,,,,,,,,,,,,,,
16564,2019,6,22,12,30,24.5,174,798,875,3.6,,,,,,,,,,,,,,,,,,,,,,,,,,,,,,,,,,,,
16565,2019,6,22,12,45,24.6,204,749,860,3.6,,,,,,,,,,,,,,,,,,,,,,,,,,,,,,,,,,,,
16566,2019,6,22,13,0,24.700000000000003,204,747,853,3.6,,,,,,,,,,,,,,,,,,,,,,,,,,,,,,,,,,,,
16567,2019,6,22,13,15,24.8,420,161,558,3.6,,,,,,,,,,,,,,,,,,,,,,,,,,,,,,,,,,,,
16568,2019,6,22,13,30,24.8,410,126,518,3.6,,,,,,,,,,,,,,,,,,,,,,,,,,,,,,,,,,,,
16569,2019,6,22,13,45,24.9,367,54,412,3.6,,,,,,,,,,,,,,,,,,,,,,,,,,,,,,,,,,,,
16570,2019,6,22,14,0,24.9,391,115,486,3.6,,,,,,,,,,,,,,,,,,,,,,,,,,,,,,,,,,,,
16571,2019,6,22,14,15,24.9,207,706,775,3.6,,,,,,,,,,,,,,,,,,,,,,,,,,,,,,,,,,,,
16572,2019,6,22,14,30,24.9,368,224,544,3.5,,,,,,,,,,,,,,,,,,,,,,,,,,,,,,,,,,,,
16573,2019,6,22,14,45,24.9,352,98,428,3.5,,,,,,,,,,,,,,,,,,,,,,,,,,,,,,,,,,,,
16574,2019,6,22,15,0,24.8,345,126,438,3.5,,,,,,,,,,,,,,,,,,,,,,,,,,,,,,,,,,,,
16575,2019,6,22,15,15,24.700000000000003,180,5,183,3.5,,,,,,,,,,,,,,,,,,,,,,,,,,,,,,,,,,,,
16576,2019,6,22,15,30,24.6,263,29,283,3.5,,,,,,,,,,,,,,,,,,,,,,,,,,,,,,,,,,,,
16577,2019,6,22,15,45,24.6,241,435,529,3.5,,,,,,,,,,,,,,,,,,,,,,,,,,,,,,,,,,,,
16578,2019,6,22,16,0,24.5,272,252,431,3.5,,,,,,,,,,,,,,,,,,,,,,,,,,,,,,,,,,,,
16579,2019,6,22,16,15,24.3,198,476,483,3.4000000000000004,,,,,,,,,,,,,,,,,,,,,,,,,,,,,,,,,,,,
16580,2019,6,22,16,30,24.200000000000003,207,396,431,3.4000000000000004,,,,,,,,,,,,,,,,,,,,,,,,,,,,,,,,,,,,
16581,2019,6,22,16,45,24.0,202,343,385,3.3000000000000003,,,,,,,,,,,,,,,,,,,,,,,,,,,,,,,,,,,,
16582,2019,6,22,17,0,23.9,188,328,351,3.3000000000000003,,,,,,,,,,,,,,,,,,,,,,,,,,,,,,,,,,,,
16583,2019,6,22,17,15,23.6,187,217,287,3.1,,,,,,,,,,,,,,,,,,,,,,,,,,,,,,,,,,,,
16584,2019,6,22,17,30,23.4,125,0,125,3.0,,,,,,,,,,,,,,,,,,,,,,,,,,,,,,,,,,,,
16585,2019,6,22,17,45,23.200000000000003,128,5,130,2.9000000000000004,,,,,,,,,,,,,,,,,,,,,,,,,,,,,,,,,,,,
16586,2019,6,22,18,0,22.9,104,0,104,2.8000000000000003,,,,,,,,,,,,,,,,,,,,,,,,,,,,,,,,,,,,
16587,2019,6,22,18,15,22.5,58,0,58,2.7,,,,,,,,,,,,,,,,,,,,,,,,,,,,,,,,,,,,
16588,2019,6,22,18,30,22.1,79,0,79,2.6,,,,,,,,,,,,,,,,,,,,,,,,,,,,,,,,,,,,
16589,2019,6,22,18,45,21.700000000000003,65,0,65,2.5,,,,,,,,,,,,,,,,,,,,,,,,,,,,,,,,,,,,
16590,2019,6,22,19,0,21.3,52,0,52,2.3000000000000003,,,,,,,,,,,,,,,,,,,,,,,,,,,,,,,,,,,,
16591,2019,6,22,19,15,20.9,58,42,65,2.4000000000000004,,,,,,,,,,,,,,,,,,,,,,,,,,,,,,,,,,,,
16592,2019,6,22,19,30,20.6,44,23,47,2.5,,,,,,,,,,,,,,,,,,,,,,,,,,,,,,,,,,,,
16593,2019,6,22,19,45,20.200000000000003,32,1,32,2.5,,,,,,,,,,,,,,,,,,,,,,,,,,,,,,,,,,,,
16594,2019,6,22,20,0,19.9,15,0,15,2.6,,,,,,,,,,,,,,,,,,,,,,,,,,,,,,,,,,,,
16595,2019,6,22,20,15,19.700000000000003,9,0,9,2.7,,,,,,,,,,,,,,,,,,,,,,,,,,,,,,,,,,,,
16596,2019,6,22,20,30,19.6,0,0,0,2.8000000000000003,,,,,,,,,,,,,,,,,,,,,,,,,,,,,,,,,,,,
16597,2019,6,22,20,45,19.4,0,0,0,3.0,,,,,,,,,,,,,,,,,,,,,,,,,,,,,,,,,,,,
16598,2019,6,22,21,0,19.3,0,0,0,3.1,,,,,,,,,,,,,,,,,,,,,,,,,,,,,,,,,,,,
16599,2019,6,22,21,15,19.1,0,0,0,3.2,,,,,,,,,,,,,,,,,,,,,,,,,,,,,,,,,,,,
16600,2019,6,22,21,30,18.9,0,0,0,3.2,,,,,,,,,,,,,,,,,,,,,,,,,,,,,,,,,,,,
16601,2019,6,22,21,45,18.7,0,0,0,3.3000000000000003,,,,,,,,,,,,,,,,,,,,,,,,,,,,,,,,,,,,
16602,2019,6,22,22,0,18.5,0,0,0,3.3000000000000003,,,,,,,,,,,,,,,,,,,,,,,,,,,,,,,,,,,,
16603,2019,6,22,22,15,18.3,0,0,0,3.3000000000000003,,,,,,,,,,,,,,,,,,,,,,,,,,,,,,,,,,,,
16604,2019,6,22,22,30,18.2,0,0,0,3.4000000000000004,,,,,,,,,,,,,,,,,,,,,,,,,,,,,,,,,,,,
16605,2019,6,22,22,45,18.0,0,0,0,3.4000000000000004,,,,,,,,,,,,,,,,,,,,,,,,,,,,,,,,,,,,
16606,2019,6,22,23,0,17.8,0,0,0,3.4000000000000004,,,,,,,,,,,,,,,,,,,,,,,,,,,,,,,,,,,,
16607,2019,6,22,23,15,17.6,0,0,0,3.4000000000000004,,,,,,,,,,,,,,,,,,,,,,,,,,,,,,,,,,,,
16608,2019,6,22,23,30,17.400000000000002,0,0,0,3.4000000000000004,,,,,,,,,,,,,,,,,,,,,,,,,,,,,,,,,,,,
16609,2019,6,22,23,45,17.2,0,0,0,3.3000000000000003,,,,,,,,,,,,,,,,,,,,,,,,,,,,,,,,,,,,
16610,2019,6,23,0,0,17.0,0,0,0,3.3000000000000003,,,,,,,,,,,,,,,,,,,,,,,,,,,,,,,,,,,,
16611,2019,6,23,0,15,17.0,0,0,0,3.3000000000000003,,,,,,,,,,,,,,,,,,,,,,,,,,,,,,,,,,,,
16612,2019,6,23,0,30,17.0,0,0,0,3.3000000000000003,,,,,,,,,,,,,,,,,,,,,,,,,,,,,,,,,,,,
16613,2019,6,23,0,45,17.0,0,0,0,3.3000000000000003,,,,,,,,,,,,,,,,,,,,,,,,,,,,,,,,,,,,
16614,2019,6,23,1,0,15.8,0,0,0,2.5,,,,,,,,,,,,,,,,,,,,,,,,,,,,,,,,,,,,
16615,2019,6,23,1,15,15.5,0,0,0,2.5,,,,,,,,,,,,,,,,,,,,,,,,,,,,,,,,,,,,
16616,2019,6,23,1,30,15.2,0,0,0,2.4000000000000004,,,,,,,,,,,,,,,,,,,,,,,,,,,,,,,,,,,,
16617,2019,6,23,1,45,15.0,0,0,0,2.3000000000000003,,,,,,,,,,,,,,,,,,,,,,,,,,,,,,,,,,,,
16618,2019,6,23,2,0,14.7,0,0,0,2.2,,,,,,,,,,,,,,,,,,,,,,,,,,,,,,,,,,,,
16619,2019,6,23,2,15,14.5,0,0,0,2.1,,,,,,,,,,,,,,,,,,,,,,,,,,,,,,,,,,,,
16620,2019,6,23,2,30,14.3,0,0,0,2.1,,,,,,,,,,,,,,,,,,,,,,,,,,,,,,,,,,,,
16621,2019,6,23,2,45,14.0,0,0,0,2.1,,,,,,,,,,,,,,,,,,,,,,,,,,,,,,,,,,,,
16622,2019,6,23,3,0,13.8,0,0,0,2.1,,,,,,,,,,,,,,,,,,,,,,,,,,,,,,,,,,,,
16623,2019,6,23,3,15,13.8,0,0,0,2.1,,,,,,,,,,,,,,,,,,,,,,,,,,,,,,,,,,,,
16624,2019,6,23,3,30,13.8,0,0,0,2.2,,,,,,,,,,,,,,,,,,,,,,,,,,,,,,,,,,,,
16625,2019,6,23,3,45,13.7,0,0,0,2.2,,,,,,,,,,,,,,,,,,,,,,,,,,,,,,,,,,,,
16626,2019,6,23,4,0,13.7,0,0,0,2.2,,,,,,,,,,,,,,,,,,,,,,,,,,,,,,,,,,,,
16627,2019,6,23,4,15,13.9,7,0,7,2.3000000000000003,,,,,,,,,,,,,,,,,,,,,,,,,,,,,,,,,,,,
16628,2019,6,23,4,30,14.2,17,0,17,2.4000000000000004,,,,,,,,,,,,,,,,,,,,,,,,,,,,,,,,,,,,
16629,2019,6,23,4,45,14.4,33,204,53,2.5,,,,,,,,,,,,,,,,,,,,,,,,,,,,,,,,,,,,
16630,2019,6,23,5,0,14.7,44,273,79,2.6,,,,,,,,,,,,,,,,,,,,,,,,,,,,,,,,,,,,
16631,2019,6,23,5,15,15.2,53,337,109,2.6,,,,,,,,,,,,,,,,,,,,,,,,,,,,,,,,,,,,
16632,2019,6,23,5,30,15.7,71,65,84,2.7,,,,,,,,,,,,,,,,,,,,,,,,,,,,,,,,,,,,
16633,2019,6,23,5,45,16.2,86,86,107,2.7,,,,,,,,,,,,,,,,,,,,,,,,,,,,,,,,,,,,
16634,2019,6,23,6,0,16.7,98,211,155,2.7,,,,,,,,,,,,,,,,,,,,,,,,,,,,,,,,,,,,
16635,2019,6,23,6,15,17.3,82,541,249,2.8000000000000003,,,,,,,,,,,,,,,,,,,,,,,,,,,,,,,,,,,,
16636,2019,6,23,6,30,17.900000000000002,87,577,288,2.9000000000000004,,,,,,,,,,,,,,,,,,,,,,,,,,,,,,,,,,,,
16637,2019,6,23,6,45,18.5,91,616,328,2.9000000000000004,,,,,,,,,,,,,,,,,,,,,,,,,,,,,,,,,,,,
16638,2019,6,23,7,0,19.1,96,645,367,3.0,,,,,,,,,,,,,,,,,,,,,,,,,,,,,,,,,,,,
16639,2019,6,23,7,15,19.700000000000003,101,670,407,3.1,,,,,,,,,,,,,,,,,,,,,,,,,,,,,,,,,,,,
16640,2019,6,23,7,30,20.4,105,695,447,3.3000000000000003,,,,,,,,,,,,,,,,,,,,,,,,,,,,,,,,,,,,
16641,2019,6,23,7,45,21.1,106,723,488,3.4000000000000004,,,,,,,,,,,,,,,,,,,,,,,,,,,,,,,,,,,,
16642,2019,6,23,8,0,21.700000000000003,110,741,526,3.5,,,,,,,,,,,,,,,,,,,,,,,,,,,,,,,,,,,,
16643,2019,6,23,8,15,22.200000000000003,113,758,563,3.6,,,,,,,,,,,,,,,,,,,,,,,,,,,,,,,,,,,,
16644,2019,6,23,8,30,22.700000000000003,116,773,599,3.7,,,,,,,,,,,,,,,,,,,,,,,,,,,,,,,,,,,,
16645,2019,6,23,8,45,23.200000000000003,116,793,636,3.7,,,,,,,,,,,,,,,,,,,,,,,,,,,,,,,,,,,,
16646,2019,6,23,9,0,23.700000000000003,118,805,669,3.8,,,,,,,,,,,,,,,,,,,,,,,,,,,,,,,,,,,,
16647,2019,6,23,9,15,24.0,120,817,702,3.8,,,,,,,,,,,,,,,,,,,,,,,,,,,,,,,,,,,,
16648,2019,6,23,9,30,24.3,122,827,732,3.8,,,,,,,,,,,,,,,,,,,,,,,,,,,,,,,,,,,,
16649,2019,6,23,9,45,24.700000000000003,119,844,761,3.8,,,,,,,,,,,,,,,,,,,,,,,,,,,,,,,,,,,,
16650,2019,6,23,10,0,25.0,120,851,787,3.9,,,,,,,,,,,,,,,,,,,,,,,,,,,,,,,,,,,,
16651,2019,6,23,10,15,25.200000000000003,122,858,810,3.8,,,,,,,,,,,,,,,,,,,,,,,,,,,,,,,,,,,,
16652,2019,6,23,10,30,25.4,123,863,831,3.8,,,,,,,,,,,,,,,,,,,,,,,,,,,,,,,,,,,,
16653,2019,6,23,10,45,25.700000000000003,123,869,850,3.8,,,,,,,,,,,,,,,,,,,,,,,,,,,,,,,,,,,,
16654,2019,6,23,11,0,25.9,124,873,865,3.8,,,,,,,,,,,,,,,,,,,,,,,,,,,,,,,,,,,,
16655,2019,6,23,11,15,26.1,125,876,878,3.8,,,,,,,,,,,,,,,,,,,,,,,,,,,,,,,,,,,,
16656,2019,6,23,11,30,26.3,126,878,889,3.8,,,,,,,,,,,,,,,,,,,,,,,,,,,,,,,,,,,,
16657,2019,6,23,11,45,26.4,126,880,896,3.7,,,,,,,,,,,,,,,,,,,,,,,,,,,,,,,,,,,,
16658,2019,6,23,12,0,26.6,126,881,901,3.7,,,,,,,,,,,,,,,,,,,,,,,,,,,,,,,,,,,,
16659,2019,6,23,12,15,26.700000000000003,126,882,902,3.6,,,,,,,,,,,,,,,,,,,,,,,,,,,,,,,,,,,,
16660,2019,6,23,12,30,26.9,126,882,901,3.6,,,,,,,,,,,,,,,,,,,,,,,,,,,,,,,,,,,,
16661,2019,6,23,12,45,27.0,125,883,898,3.6,,,,,,,,,,,,,,,,,,,,,,,,,,,,,,,,,,,,
16662,2019,6,23,13,0,27.1,124,881,890,3.5,,,,,,,,,,,,,,,,,,,,,,,,,,,,,,,,,,,,
16663,2019,6,23,13,15,27.200000000000003,123,879,880,3.5,,,,,,,,,,,,,,,,,,,,,,,,,,,,,,,,,,,,
16664,2019,6,23,13,30,27.3,122,876,868,3.4000000000000004,,,,,,,,,,,,,,,,,,,,,,,,,,,,,,,,,,,,
16665,2019,6,23,13,45,27.3,123,869,852,3.4000000000000004,,,,,,,,,,,,,,,,,,,,,,,,,,,,,,,,,,,,
16666,2019,6,23,14,0,27.4,122,865,834,3.3000000000000003,,,,,,,,,,,,,,,,,,,,,,,,,,,,,,,,,,,,
16667,2019,6,23,14,15,27.4,121,860,813,3.3000000000000003,,,,,,,,,,,,,,,,,,,,,,,,,,,,,,,,,,,,
16668,2019,6,23,14,30,27.4,119,854,790,3.2,,,,,,,,,,,,,,,,,,,,,,,,,,,,,,,,,,,,
16669,2019,6,23,14,45,27.4,120,842,764,3.2,,,,,,,,,,,,,,,,,,,,,,,,,,,,,,,,,,,,
16670,2019,6,23,15,0,27.4,118,834,736,3.1,,,,,,,,,,,,,,,,,,,,,,,,,,,,,,,,,,,,
16671,2019,6,23,15,15,27.3,116,825,707,3.1,,,,,,,,,,,,,,,,,,,,,,,,,,,,,,,,,,,,
16672,2019,6,23,15,30,27.3,114,815,676,3.0,,,,,,,,,,,,,,,,,,,,,,,,,,,,,,,,,,,,
16673,2019,6,23,15,45,27.200000000000003,115,797,642,3.0,,,,,,,,,,,,,,,,,,,,,,,,,,,,,,,,,,,,
16674,2019,6,23,16,0,27.1,112,782,605,2.9000000000000004,,,,,,,,,,,,,,,,,,,,,,,,,,,,,,,,,,,,
16675,2019,6,23,16,15,27.0,110,768,569,2.8000000000000003,,,,,,,,,,,,,,,,,,,,,,,,,,,,,,,,,,,,
16676,2019,6,23,16,30,26.8,106,752,532,2.7,,,,,,,,,,,,,,,,,,,,,,,,,,,,,,,,,,,,
16677,2019,6,23,16,45,26.700000000000003,106,725,492,2.7,,,,,,,,,,,,,,,,,,,,,,,,,,,,,,,,,,,,
16678,2019,6,23,17,0,26.5,102,705,454,2.6,,,,,,,,,,,,,,,,,,,,,,,,,,,,,,,,,,,,
16679,2019,6,23,17,15,26.200000000000003,98,683,414,2.4000000000000004,,,,,,,,,,,,,,,,,,,,,,,,,,,,,,,,,,,,
16680,2019,6,23,17,30,25.9,94,658,375,2.3000000000000003,,,,,,,,,,,,,,,,,,,,,,,,,,,,,,,,,,,,
16681,2019,6,23,17,45,25.6,91,623,334,2.2,,,,,,,,,,,,,,,,,,,,,,,,,,,,,,,,,,,,
16682,2019,6,23,18,0,25.3,86,591,295,2.0,,,,,,,,,,,,,,,,,,,,,,,,,,,,,,,,,,,,
16683,2019,6,23,18,15,24.6,80,554,255,1.9,,,,,,,,,,,,,,,,,,,,,,,,,,,,,,,,,,,,
16684,2019,6,23,18,30,23.9,74,514,217,1.7000000000000002,,,,,,,,,,,,,,,,,,,,,,,,,,,,,,,,,,,,
16685,2019,6,23,18,45,23.3,69,459,180,1.5,,,,,,,,,,,,,,,,,,,,,,,,,,,,,,,,,,,,
16686,2019,6,23,19,0,22.6,61,409,145,1.4,,,,,,,,,,,,,,,,,,,,,,,,,,,,,,,,,,,,
16687,2019,6,23,19,15,22.0,53,352,113,1.4,,,,,,,,,,,,,,,,,,,,,,,,,,,,,,,,,,,,
16688,2019,6,23,19,30,21.4,44,289,83,1.5,,,,,,,,,,,,,,,,,,,,,,,,,,,,,,,,,,,,
16689,2019,6,23,19,45,20.9,34,212,55,1.5,,,,,,,,,,,,,,,,,,,,,,,,,,,,,,,,,,,,
16690,2019,6,23,20,0,20.3,24,139,33,1.6,,,,,,,,,,,,,,,,,,,,,,,,,,,,,,,,,,,,
16691,2019,6,23,20,15,20.1,13,68,16,1.7000000000000002,,,,,,,,,,,,,,,,,,,,,,,,,,,,,,,,,,,,
16692,2019,6,23,20,30,19.9,0,0,0,1.8,,,,,,,,,,,,,,,,,,,,,,,,,,,,,,,,,,,,
16693,2019,6,23,20,45,19.700000000000003,0,0,0,1.8,,,,,,,,,,,,,,,,,,,,,,,,,,,,,,,,,,,,
16694,2019,6,23,21,0,19.5,0,0,0,1.9,,,,,,,,,,,,,,,,,,,,,,,,,,,,,,,,,,,,
16695,2019,6,23,21,15,19.4,0,0,0,2.0,,,,,,,,,,,,,,,,,,,,,,,,,,,,,,,,,,,,
16696,2019,6,23,21,30,19.200000000000003,0,0,0,2.0,,,,,,,,,,,,,,,,,,,,,,,,,,,,,,,,,,,,
16697,2019,6,23,21,45,19.1,0,0,0,2.0,,,,,,,,,,,,,,,,,,,,,,,,,,,,,,,,,,,,
16698,2019,6,23,22,0,18.9,0,0,0,2.1,,,,,,,,,,,,,,,,,,,,,,,,,,,,,,,,,,,,
16699,2019,6,23,22,15,18.7,0,0,0,2.1,,,,,,,,,,,,,,,,,,,,,,,,,,,,,,,,,,,,
16700,2019,6,23,22,30,18.5,0,0,0,2.1,,,,,,,,,,,,,,,,,,,,,,,,,,,,,,,,,,,,
16701,2019,6,23,22,45,18.3,0,0,0,2.1,,,,,,,,,,,,,,,,,,,,,,,,,,,,,,,,,,,,
16702,2019,6,23,23,0,18.1,0,0,0,2.1,,,,,,,,,,,,,,,,,,,,,,,,,,,,,,,,,,,,
16703,2019,6,23,23,15,18.0,0,0,0,2.1,,,,,,,,,,,,,,,,,,,,,,,,,,,,,,,,,,,,
16704,2019,6,23,23,30,17.8,0,0,0,2.1,,,,,,,,,,,,,,,,,,,,,,,,,,,,,,,,,,,,
16705,2019,6,23,23,45,17.6,0,0,0,2.1,,,,,,,,,,,,,,,,,,,,,,,,,,,,,,,,,,,,
16706,2019,6,24,0,0,17.400000000000002,0,0,0,2.1,,,,,,,,,,,,,,,,,,,,,,,,,,,,,,,,,,,,
16707,2019,6,24,0,15,17.400000000000002,0,0,0,2.1,,,,,,,,,,,,,,,,,,,,,,,,,,,,,,,,,,,,
16708,2019,6,24,0,30,17.400000000000002,0,0,0,2.1,,,,,,,,,,,,,,,,,,,,,,,,,,,,,,,,,,,,
16709,2019,6,24,0,45,17.400000000000002,0,0,0,2.1,,,,,,,,,,,,,,,,,,,,,,,,,,,,,,,,,,,,
16710,2019,6,24,1,0,16.6,0,0,0,2.0,,,,,,,,,,,,,,,,,,,,,,,,,,,,,,,,,,,,
16711,2019,6,24,1,15,16.400000000000002,0,0,0,1.9,,,,,,,,,,,,,,,,,,,,,,,,,,,,,,,,,,,,
16712,2019,6,24,1,30,16.2,0,0,0,1.9,,,,,,,,,,,,,,,,,,,,,,,,,,,,,,,,,,,,
16713,2019,6,24,1,45,16.0,0,0,0,1.8,,,,,,,,,,,,,,,,,,,,,,,,,,,,,,,,,,,,
16714,2019,6,24,2,0,15.9,0,0,0,1.8,,,,,,,,,,,,,,,,,,,,,,,,,,,,,,,,,,,,
16715,2019,6,24,2,15,15.6,0,0,0,1.7000000000000002,,,,,,,,,,,,,,,,,,,,,,,,,,,,,,,,,,,,
16716,2019,6,24,2,30,15.4,0,0,0,1.7000000000000002,,,,,,,,,,,,,,,,,,,,,,,,,,,,,,,,,,,,
16717,2019,6,24,2,45,15.2,0,0,0,1.6,,,,,,,,,,,,,,,,,,,,,,,,,,,,,,,,,,,,
16718,2019,6,24,3,0,15.0,0,0,0,1.6,,,,,,,,,,,,,,,,,,,,,,,,,,,,,,,,,,,,
16719,2019,6,24,3,15,15.0,0,0,0,1.6,,,,,,,,,,,,,,,,,,,,,,,,,,,,,,,,,,,,
16720,2019,6,24,3,30,15.0,0,0,0,1.7000000000000002,,,,,,,,,,,,,,,,,,,,,,,,,,,,,,,,,,,,
16721,2019,6,24,3,45,15.0,0,0,0,1.7000000000000002,,,,,,,,,,,,,,,,,,,,,,,,,,,,,,,,,,,,
16722,2019,6,24,4,0,15.0,0,0,0,1.8,,,,,,,,,,,,,,,,,,,,,,,,,,,,,,,,,,,,
16723,2019,6,24,4,15,15.4,12,60,14,2.0,,,,,,,,,,,,,,,,,,,,,,,,,,,,,,,,,,,,
16724,2019,6,24,4,30,15.7,21,12,22,2.2,,,,,,,,,,,,,,,,,,,,,,,,,,,,,,,,,,,,
16725,2019,6,24,4,45,16.1,31,71,38,2.4000000000000004,,,,,,,,,,,,,,,,,,,,,,,,,,,,,,,,,,,,
16726,2019,6,24,5,0,16.400000000000002,43,281,79,2.6,,,,,,,,,,,,,,,,,,,,,,,,,,,,,,,,,,,,
16727,2019,6,24,5,15,16.900000000000002,52,346,109,2.5,,,,,,,,,,,,,,,,,,,,,,,,,,,,,,,,,,,,
16728,2019,6,24,5,30,17.3,71,124,95,2.5,,,,,,,,,,,,,,,,,,,,,,,,,,,,,,,,,,,,
16729,2019,6,24,5,45,17.8,85,145,119,2.4000000000000004,,,,,,,,,,,,,,,,,,,,,,,,,,,,,,,,,,,,
16730,2019,6,24,6,0,18.2,100,166,145,2.3000000000000003,,,,,,,,,,,,,,,,,,,,,,,,,,,,,,,,,,,,
16731,2019,6,24,6,15,19.0,81,545,250,2.5,,,,,,,,,,,,,,,,,,,,,,,,,,,,,,,,,,,,
16732,2019,6,24,6,30,19.9,87,581,288,2.6,,,,,,,,,,,,,,,,,,,,,,,,,,,,,,,,,,,,
16733,2019,6,24,6,45,20.700000000000003,92,614,327,2.7,,,,,,,,,,,,,,,,,,,,,,,,,,,,,,,,,,,,
16734,2019,6,24,7,0,21.5,138,395,304,2.8000000000000003,,,,,,,,,,,,,,,,,,,,,,,,,,,,,,,,,,,,
16735,2019,6,24,7,15,22.1,163,349,323,3.0,,,,,,,,,,,,,,,,,,,,,,,,,,,,,,,,,,,,
16736,2019,6,24,7,30,22.700000000000003,175,378,360,3.1,,,,,,,,,,,,,,,,,,,,,,,,,,,,,,,,,,,,
16737,2019,6,24,7,45,23.4,184,409,399,3.3000000000000003,,,,,,,,,,,,,,,,,,,,,,,,,,,,,,,,,,,,
16738,2019,6,24,8,0,24.0,188,458,445,3.4000000000000004,,,,,,,,,,,,,,,,,,,,,,,,,,,,,,,,,,,,
16739,2019,6,24,8,15,24.3,214,418,462,3.5,,,,,,,,,,,,,,,,,,,,,,,,,,,,,,,,,,,,
16740,2019,6,24,8,30,24.700000000000003,119,768,599,3.6,,,,,,,,,,,,,,,,,,,,,,,,,,,,,,,,,,,,
16741,2019,6,24,8,45,25.0,118,788,635,3.7,,,,,,,,,,,,,,,,,,,,,,,,,,,,,,,,,,,,
16742,2019,6,24,9,0,25.4,121,800,668,3.8,,,,,,,,,,,,,,,,,,,,,,,,,,,,,,,,,,,,
16743,2019,6,24,9,15,25.6,250,469,584,3.8,,,,,,,,,,,,,,,,,,,,,,,,,,,,,,,,,,,,
16744,2019,6,24,9,30,25.9,258,481,612,3.9,,,,,,,,,,,,,,,,,,,,,,,,,,,,,,,,,,,,
16745,2019,6,24,9,45,26.1,123,835,758,3.9,,,,,,,,,,,,,,,,,,,,,,,,,,,,,,,,,,,,
16746,2019,6,24,10,0,26.4,125,842,784,4.0,,,,,,,,,,,,,,,,,,,,,,,,,,,,,,,,,,,,
16747,2019,6,24,10,15,26.6,126,848,807,4.0,,,,,,,,,,,,,,,,,,,,,,,,,,,,,,,,,,,,
16748,2019,6,24,10,30,26.8,128,854,828,4.0,,,,,,,,,,,,,,,,,,,,,,,,,,,,,,,,,,,,
16749,2019,6,24,10,45,27.0,126,864,848,4.0,,,,,,,,,,,,,,,,,,,,,,,,,,,,,,,,,,,,
16750,2019,6,24,11,0,27.200000000000003,127,868,863,4.0,,,,,,,,,,,,,,,,,,,,,,,,,,,,,,,,,,,,
16751,2019,6,24,11,15,27.4,128,871,877,3.9,,,,,,,,,,,,,,,,,,,,,,,,,,,,,,,,,,,,
16752,2019,6,24,11,30,27.6,128,874,887,3.9,,,,,,,,,,,,,,,,,,,,,,,,,,,,,,,,,,,,
16753,2019,6,24,11,45,27.700000000000003,125,881,896,3.8,,,,,,,,,,,,,,,,,,,,,,,,,,,,,,,,,,,,
16754,2019,6,24,12,0,27.9,126,882,900,3.8,,,,,,,,,,,,,,,,,,,,,,,,,,,,,,,,,,,,
16755,2019,6,24,12,15,28.0,126,882,902,3.7,,,,,,,,,,,,,,,,,,,,,,,,,,,,,,,,,,,,
16756,2019,6,24,12,30,28.200000000000003,126,882,901,3.7,,,,,,,,,,,,,,,,,,,,,,,,,,,,,,,,,,,,
16757,2019,6,24,12,45,28.3,119,891,899,3.6,,,,,,,,,,,,,,,,,,,,,,,,,,,,,,,,,,,,
16758,2019,6,24,13,0,28.4,118,889,892,3.6,,,,,,,,,,,,,,,,,,,,,,,,,,,,,,,,,,,,
16759,2019,6,24,13,15,28.5,118,887,882,3.5,,,,,,,,,,,,,,,,,,,,,,,,,,,,,,,,,,,,
16760,2019,6,24,13,30,28.6,117,884,870,3.5,,,,,,,,,,,,,,,,,,,,,,,,,,,,,,,,,,,,
16761,2019,6,24,13,45,28.700000000000003,113,886,856,3.5,,,,,,,,,,,,,,,,,,,,,,,,,,,,,,,,,,,,
16762,2019,6,24,14,0,28.700000000000003,112,882,838,3.4000000000000004,,,,,,,,,,,,,,,,,,,,,,,,,,,,,,,,,,,,
16763,2019,6,24,14,15,28.700000000000003,111,877,818,3.4000000000000004,,,,,,,,,,,,,,,,,,,,,,,,,,,,,,,,,,,,
16764,2019,6,24,14,30,28.8,110,871,795,3.4000000000000004,,,,,,,,,,,,,,,,,,,,,,,,,,,,,,,,,,,,
16765,2019,6,24,14,45,28.8,106,869,771,3.3000000000000003,,,,,,,,,,,,,,,,,,,,,,,,,,,,,,,,,,,,
16766,2019,6,24,15,0,28.8,105,861,743,3.3000000000000003,,,,,,,,,,,,,,,,,,,,,,,,,,,,,,,,,,,,
16767,2019,6,24,15,15,28.700000000000003,103,853,714,3.3000000000000003,,,,,,,,,,,,,,,,,,,,,,,,,,,,,,,,,,,,
16768,2019,6,24,15,30,28.6,101,843,682,3.3000000000000003,,,,,,,,,,,,,,,,,,,,,,,,,,,,,,,,,,,,
16769,2019,6,24,15,45,28.5,97,838,651,3.2,,,,,,,,,,,,,,,,,,,,,,,,,,,,,,,,,,,,
16770,2019,6,24,16,0,28.5,95,829,618,3.2,,,,,,,,,,,,,,,,,,,,,,,,,,,,,,,,,,,,
16771,2019,6,24,16,15,28.3,186,509,491,3.1,,,,,,,,,,,,,,,,,,,,,,,,,,,,,,,,,,,,
16772,2019,6,24,16,30,28.1,90,801,544,3.1,,,,,,,,,,,,,,,,,,,,,,,,,,,,,,,,,,,,
16773,2019,6,24,16,45,27.9,85,790,506,3.0,,,,,,,,,,,,,,,,,,,,,,,,,,,,,,,,,,,,
16774,2019,6,24,17,0,27.700000000000003,83,775,469,2.9000000000000004,,,,,,,,,,,,,,,,,,,,,,,,,,,,,,,,,,,,
16775,2019,6,24,17,15,27.3,80,754,429,2.7,,,,,,,,,,,,,,,,,,,,,,,,,,,,,,,,,,,,
16776,2019,6,24,17,30,27.0,76,732,389,2.5,,,,,,,,,,,,,,,,,,,,,,,,,,,,,,,,,,,,
16777,2019,6,24,17,45,26.6,72,710,349,2.3000000000000003,,,,,,,,,,,,,,,,,,,,,,,,,,,,,,,,,,,,
16778,2019,6,24,18,0,26.200000000000003,68,681,309,2.2,,,,,,,,,,,,,,,,,,,,,,,,,,,,,,,,,,,,
16779,2019,6,24,18,15,25.4,64,649,269,2.0,,,,,,,,,,,,,,,,,,,,,,,,,,,,,,,,,,,,
16780,2019,6,24,18,30,24.700000000000003,64,525,211,1.8,,,,,,,,,,,,,,,,,,,,,,,,,,,,,,,,,,,,
16781,2019,6,24,18,45,23.9,57,495,177,1.6,,,,,,,,,,,,,,,,,,,,,,,,,,,,,,,,,,,,
16782,2019,6,24,19,0,23.1,68,235,117,1.4,,,,,,,,,,,,,,,,,,,,,,,,,,,,,,,,,,,,
16783,2019,6,24,19,15,22.4,56,198,90,1.5,,,,,,,,,,,,,,,,,,,,,,,,,,,,,,,,,,,,
16784,2019,6,24,19,30,21.700000000000003,45,155,66,1.5,,,,,,,,,,,,,,,,,,,,,,,,,,,,,,,,,,,,
16785,2019,6,24,19,45,21.0,33,110,44,1.5,,,,,,,,,,,,,,,,,,,,,,,,,,,,,,,,,,,,
16786,2019,6,24,20,0,20.3,22,221,37,1.5,,,,,,,,,,,,,,,,,,,,,,,,,,,,,,,,,,,,
16787,2019,6,24,20,15,20.1,14,139,19,1.6,,,,,,,,,,,,,,,,,,,,,,,,,,,,,,,,,,,,
16788,2019,6,24,20,30,19.8,0,0,0,1.6,,,,,,,,,,,,,,,,,,,,,,,,,,,,,,,,,,,,
16789,2019,6,24,20,45,19.5,0,0,0,1.6,,,,,,,,,,,,,,,,,,,,,,,,,,,,,,,,,,,,
16790,2019,6,24,21,0,19.3,0,0,0,1.6,,,,,,,,,,,,,,,,,,,,,,,,,,,,,,,,,,,,
16791,2019,6,24,21,15,19.1,0,0,0,1.7000000000000002,,,,,,,,,,,,,,,,,,,,,,,,,,,,,,,,,,,,
16792,2019,6,24,21,30,18.9,0,0,0,1.7000000000000002,,,,,,,,,,,,,,,,,,,,,,,,,,,,,,,,,,,,
16793,2019,6,24,21,45,18.8,0,0,0,1.7000000000000002,,,,,,,,,,,,,,,,,,,,,,,,,,,,,,,,,,,,
16794,2019,6,24,22,0,18.6,0,0,0,1.8,,,,,,,,,,,,,,,,,,,,,,,,,,,,,,,,,,,,
16795,2019,6,24,22,15,18.5,0,0,0,1.8,,,,,,,,,,,,,,,,,,,,,,,,,,,,,,,,,,,,
16796,2019,6,24,22,30,18.4,0,0,0,1.8,,,,,,,,,,,,,,,,,,,,,,,,,,,,,,,,,,,,
16797,2019,6,24,22,45,18.2,0,0,0,1.8,,,,,,,,,,,,,,,,,,,,,,,,,,,,,,,,,,,,
16798,2019,6,24,23,0,18.1,0,0,0,1.8,,,,,,,,,,,,,,,,,,,,,,,,,,,,,,,,,,,,
16799,2019,6,24,23,15,18.0,0,0,0,1.8,,,,,,,,,,,,,,,,,,,,,,,,,,,,,,,,,,,,
16800,2019,6,24,23,30,17.900000000000002,0,0,0,1.9,,,,,,,,,,,,,,,,,,,,,,,,,,,,,,,,,,,,
16801,2019,6,24,23,45,17.7,0,0,0,1.9,,,,,,,,,,,,,,,,,,,,,,,,,,,,,,,,,,,,
16802,2019,6,25,0,0,17.6,0,0,0,1.9,,,,,,,,,,,,,,,,,,,,,,,,,,,,,,,,,,,,
16803,2019,6,25,0,15,17.6,0,0,0,1.9,,,,,,,,,,,,,,,,,,,,,,,,,,,,,,,,,,,,
16804,2019,6,25,0,30,17.6,0,0,0,1.9,,,,,,,,,,,,,,,,,,,,,,,,,,,,,,,,,,,,
16805,2019,6,25,0,45,17.6,0,0,0,1.9,,,,,,,,,,,,,,,,,,,,,,,,,,,,,,,,,,,,
16806,2019,6,25,1,0,17.1,0,0,0,1.8,,,,,,,,,,,,,,,,,,,,,,,,,,,,,,,,,,,,
16807,2019,6,25,1,15,17.0,0,0,0,1.7000000000000002,,,,,,,,,,,,,,,,,,,,,,,,,,,,,,,,,,,,
16808,2019,6,25,1,30,16.900000000000002,0,0,0,1.7000000000000002,,,,,,,,,,,,,,,,,,,,,,,,,,,,,,,,,,,,
16809,2019,6,25,1,45,16.8,0,0,0,1.6,,,,,,,,,,,,,,,,,,,,,,,,,,,,,,,,,,,,
16810,2019,6,25,2,0,16.6,0,0,0,1.6,,,,,,,,,,,,,,,,,,,,,,,,,,,,,,,,,,,,
16811,2019,6,25,2,15,16.6,0,0,0,1.5,,,,,,,,,,,,,,,,,,,,,,,,,,,,,,,,,,,,
16812,2019,6,25,2,30,16.5,0,0,0,1.5,,,,,,,,,,,,,,,,,,,,,,,,,,,,,,,,,,,,
16813,2019,6,25,2,45,16.400000000000002,0,0,0,1.4,,,,,,,,,,,,,,,,,,,,,,,,,,,,,,,,,,,,
16814,2019,6,25,3,0,16.3,0,0,0,1.4,,,,,,,,,,,,,,,,,,,,,,,,,,,,,,,,,,,,
16815,2019,6,25,3,15,16.400000000000002,0,0,0,1.4,,,,,,,,,,,,,,,,,,,,,,,,,,,,,,,,,,,,
16816,2019,6,25,3,30,16.5,0,0,0,1.4,,,,,,,,,,,,,,,,,,,,,,,,,,,,,,,,,,,,
16817,2019,6,25,3,45,16.6,0,0,0,1.4,,,,,,,,,,,,,,,,,,,,,,,,,,,,,,,,,,,,
16818,2019,6,25,4,0,16.7,0,0,0,1.3,,,,,,,,,,,,,,,,,,,,,,,,,,,,,,,,,,,,
16819,2019,6,25,4,15,17.3,12,88,15,1.5,,,,,,,,,,,,,,,,,,,,,,,,,,,,,,,,,,,,
16820,2019,6,25,4,30,17.900000000000002,21,170,31,1.6,,,,,,,,,,,,,,,,,,,,,,,,,,,,,,,,,,,,
16821,2019,6,25,4,45,18.5,30,248,53,1.7000000000000002,,,,,,,,,,,,,,,,,,,,,,,,,,,,,,,,,,,,
16822,2019,6,25,5,0,19.1,39,322,80,1.9,,,,,,,,,,,,,,,,,,,,,,,,,,,,,,,,,,,,
16823,2019,6,25,5,15,19.6,46,385,109,2.0,,,,,,,,,,,,,,,,,,,,,,,,,,,,,,,,,,,,
16824,2019,6,25,5,30,20.1,54,443,142,2.2,,,,,,,,,,,,,,,,,,,,,,,,,,,,,,,,,,,,
16825,2019,6,25,5,45,20.6,61,489,176,2.3000000000000003,,,,,,,,,,,,,,,,,,,,,,,,,,,,,,,,,,,,
16826,2019,6,25,6,0,21.200000000000003,67,533,212,2.4000000000000004,,,,,,,,,,,,,,,,,,,,,,,,,,,,,,,,,,,,
16827,2019,6,25,6,15,21.8,115,50,130,2.5,,,,,,,,,,,,,,,,,,,,,,,,,,,,,,,,,,,,
16828,2019,6,25,6,30,22.5,131,53,149,2.6,,,,,,,,,,,,,,,,,,,,,,,,,,,,,,,,,,,,
16829,2019,6,25,6,45,23.200000000000003,152,99,190,2.7,,,,,,,,,,,,,,,,,,,,,,,,,,,,,,,,,,,,
16830,2019,6,25,7,0,23.9,147,344,291,2.8000000000000003,,,,,,,,,,,,,,,,,,,,,,,,,,,,,,,,,,,,
16831,2019,6,25,7,15,24.700000000000003,171,306,310,2.9000000000000004,,,,,,,,,,,,,,,,,,,,,,,,,,,,,,,,,,,,
16832,2019,6,25,7,30,25.5,183,333,347,3.1,,,,,,,,,,,,,,,,,,,,,,,,,,,,,,,,,,,,
16833,2019,6,25,7,45,26.200000000000003,195,361,384,3.3000000000000003,,,,,,,,,,,,,,,,,,,,,,,,,,,,,,,,,,,,
16834,2019,6,25,8,0,27.0,208,376,419,3.5,,,,,,,,,,,,,,,,,,,,,,,,,,,,,,,,,,,,
16835,2019,6,25,8,15,27.4,220,395,454,3.5,,,,,,,,,,,,,,,,,,,,,,,,,,,,,,,,,,,,
16836,2019,6,25,8,30,27.8,234,403,486,3.6,,,,,,,,,,,,,,,,,,,,,,,,,,,,,,,,,,,,
16837,2019,6,25,8,45,28.3,269,331,486,3.6,,,,,,,,,,,,,,,,,,,,,,,,,,,,,,,,,,,,
16838,2019,6,25,9,0,28.700000000000003,279,353,520,3.7,,,,,,,,,,,,,,,,,,,,,,,,,,,,,,,,,,,,
16839,2019,6,25,9,15,29.0,304,317,529,3.7,,,,,,,,,,,,,,,,,,,,,,,,,,,,,,,,,,,,
16840,2019,6,25,9,30,29.3,315,329,557,3.6,,,,,,,,,,,,,,,,,,,,,,,,,,,,,,,,,,,,
16841,2019,6,25,9,45,29.6,327,334,581,3.6,,,,,,,,,,,,,,,,,,,,,,,,,,,,,,,,,,,,
16842,2019,6,25,10,0,29.9,333,366,619,3.6,,,,,,,,,,,,,,,,,,,,,,,,,,,,,,,,,,,,
16843,2019,6,25,10,15,30.1,306,442,660,3.6,,,,,,,,,,,,,,,,,,,,,,,,,,,,,,,,,,,,
16844,2019,6,25,10,30,30.4,325,419,668,3.6,,,,,,,,,,,,,,,,,,,,,,,,,,,,,,,,,,,,
16845,2019,6,25,10,45,30.6,340,405,678,3.6,,,,,,,,,,,,,,,,,,,,,,,,,,,,,,,,,,,,
16846,2019,6,25,11,0,30.9,368,364,677,3.6,,,,,,,,,,,,,,,,,,,,,,,,,,,,,,,,,,,,
16847,2019,6,25,11,15,31.1,344,423,708,3.5,,,,,,,,,,,,,,,,,,,,,,,,,,,,,,,,,,,,
16848,2019,6,25,11,30,31.3,386,350,690,3.5,,,,,,,,,,,,,,,,,,,,,,,,,,,,,,,,,,,,
16849,2019,6,25,11,45,31.5,408,289,661,3.5,,,,,,,,,,,,,,,,,,,,,,,,,,,,,,,,,,,,
16850,2019,6,25,12,0,31.700000000000003,426,220,619,3.4000000000000004,,,,,,,,,,,,,,,,,,,,,,,,,,,,,,,,,,,,
16851,2019,6,25,12,15,31.8,427,218,619,3.4000000000000004,,,,,,,,,,,,,,,,,,,,,,,,,,,,,,,,,,,,
16852,2019,6,25,12,30,32.0,371,387,712,3.3000000000000003,,,,,,,,,,,,,,,,,,,,,,,,,,,,,,,,,,,,
16853,2019,6,25,12,45,32.2,374,380,706,3.3000000000000003,,,,,,,,,,,,,,,,,,,,,,,,,,,,,,,,,,,,
16854,2019,6,25,13,0,32.300000000000004,164,791,853,3.2,,,,,,,,,,,,,,,,,,,,,,,,,,,,,,,,,,,,
16855,2019,6,25,13,15,32.4,164,789,843,3.1,,,,,,,,,,,,,,,,,,,,,,,,,,,,,,,,,,,,
16856,2019,6,25,13,30,32.5,312,513,749,3.0,,,,,,,,,,,,,,,,,,,,,,,,,,,,,,,,,,,,
16857,2019,6,25,13,45,32.6,299,529,742,3.0,,,,,,,,,,,,,,,,,,,,,,,,,,,,,,,,,,,,
16858,2019,6,25,14,0,32.7,279,558,738,2.9000000000000004,,,,,,,,,,,,,,,,,,,,,,,,,,,,,,,,,,,,
16859,2019,6,25,14,15,32.7,267,563,720,2.8000000000000003,,,,,,,,,,,,,,,,,,,,,,,,,,,,,,,,,,,,
16860,2019,6,25,14,30,32.7,333,369,624,2.7,,,,,,,,,,,,,,,,,,,,,,,,,,,,,,,,,,,,
16861,2019,6,25,14,45,32.800000000000004,158,746,728,2.6,,,,,,,,,,,,,,,,,,,,,,,,,,,,,,,,,,,,
16862,2019,6,25,15,0,32.800000000000004,155,737,702,2.5,,,,,,,,,,,,,,,,,,,,,,,,,,,,,,,,,,,,
16863,2019,6,25,15,15,32.800000000000004,153,728,674,2.4000000000000004,,,,,,,,,,,,,,,,,,,,,,,,,,,,,,,,,,,,
16864,2019,6,25,15,30,32.7,150,716,644,2.3000000000000003,,,,,,,,,,,,,,,,,,,,,,,,,,,,,,,,,,,,
16865,2019,6,25,15,45,32.7,147,702,611,2.2,,,,,,,,,,,,,,,,,,,,,,,,,,,,,,,,,,,,
16866,2019,6,25,16,0,32.7,143,688,577,2.1,,,,,,,,,,,,,,,,,,,,,,,,,,,,,,,,,,,,
16867,2019,6,25,16,15,32.6,140,671,542,2.0,,,,,,,,,,,,,,,,,,,,,,,,,,,,,,,,,,,,
16868,2019,6,25,16,30,32.6,136,653,506,2.0,,,,,,,,,,,,,,,,,,,,,,,,,,,,,,,,,,,,
16869,2019,6,25,16,45,32.5,130,637,470,1.9,,,,,,,,,,,,,,,,,,,,,,,,,,,,,,,,,,,,
16870,2019,6,25,17,0,32.4,125,615,432,1.8,,,,,,,,,,,,,,,,,,,,,,,,,,,,,,,,,,,,
16871,2019,6,25,17,15,32.1,120,592,394,1.7000000000000002,,,,,,,,,,,,,,,,,,,,,,,,,,,,,,,,,,,,
16872,2019,6,25,17,30,31.8,115,565,356,1.5,,,,,,,,,,,,,,,,,,,,,,,,,,,,,,,,,,,,
16873,2019,6,25,17,45,31.5,106,543,319,1.4,,,,,,,,,,,,,,,,,,,,,,,,,,,,,,,,,,,,
16874,2019,6,25,18,0,31.200000000000003,100,510,280,1.3,,,,,,,,,,,,,,,,,,,,,,,,,,,,,,,,,,,,
16875,2019,6,25,18,15,30.6,93,472,243,1.1,,,,,,,,,,,,,,,,,,,,,,,,,,,,,,,,,,,,
16876,2019,6,25,18,30,29.9,86,431,207,1.0,,,,,,,,,,,,,,,,,,,,,,,,,,,,,,,,,,,,
16877,2019,6,25,18,45,29.3,76,393,171,0.9,,,,,,,,,,,,,,,,,,,,,,,,,,,,,,,,,,,,
16878,2019,6,25,19,0,28.700000000000003,68,340,138,0.8,,,,,,,,,,,,,,,,,,,,,,,,,,,,,,,,,,,,
16879,2019,6,25,19,15,28.3,58,282,106,0.8,,,,,,,,,,,,,,,,,,,,,,,,,,,,,,,,,,,,
16880,2019,6,25,19,30,28.0,48,218,77,0.8,,,,,,,,,,,,,,,,,,,,,,,,,,,,,,,,,,,,
16881,2019,6,25,19,45,27.6,37,154,52,0.9,,,,,,,,,,,,,,,,,,,,,,,,,,,,,,,,,,,,
16882,2019,6,25,20,0,27.3,25,86,30,0.9,,,,,,,,,,,,,,,,,,,,,,,,,,,,,,,,,,,,
16883,2019,6,25,20,15,26.9,13,30,14,1.0,,,,,,,,,,,,,,,,,,,,,,,,,,,,,,,,,,,,
16884,2019,6,25,20,30,26.6,0,0,0,1.0,,,,,,,,,,,,,,,,,,,,,,,,,,,,,,,,,,,,
16885,2019,6,25,20,45,26.200000000000003,0,0,0,1.0,,,,,,,,,,,,,,,,,,,,,,,,,,,,,,,,,,,,
16886,2019,6,25,21,0,25.9,0,0,0,1.0,,,,,,,,,,,,,,,,,,,,,,,,,,,,,,,,,,,,
16887,2019,6,25,21,15,25.5,0,0,0,1.0,,,,,,,,,,,,,,,,,,,,,,,,,,,,,,,,,,,,
16888,2019,6,25,21,30,25.1,0,0,0,1.0,,,,,,,,,,,,,,,,,,,,,,,,,,,,,,,,,,,,
16889,2019,6,25,21,45,24.700000000000003,0,0,0,1.1,,,,,,,,,,,,,,,,,,,,,,,,,,,,,,,,,,,,
16890,2019,6,25,22,0,24.3,0,0,0,1.1,,,,,,,,,,,,,,,,,,,,,,,,,,,,,,,,,,,,
16891,2019,6,25,22,15,24.0,0,0,0,1.1,,,,,,,,,,,,,,,,,,,,,,,,,,,,,,,,,,,,
16892,2019,6,25,22,30,23.8,0,0,0,1.1,,,,,,,,,,,,,,,,,,,,,,,,,,,,,,,,,,,,
16893,2019,6,25,22,45,23.5,0,0,0,1.1,,,,,,,,,,,,,,,,,,,,,,,,,,,,,,,,,,,,
16894,2019,6,25,23,0,23.200000000000003,0,0,0,1.1,,,,,,,,,,,,,,,,,,,,,,,,,,,,,,,,,,,,
16895,2019,6,25,23,15,23.0,0,0,0,1.2000000000000002,,,,,,,,,,,,,,,,,,,,,,,,,,,,,,,,,,,,
16896,2019,6,25,23,30,22.700000000000003,0,0,0,1.2000000000000002,,,,,,,,,,,,,,,,,,,,,,,,,,,,,,,,,,,,
16897,2019,6,25,23,45,22.5,0,0,0,1.2000000000000002,,,,,,,,,,,,,,,,,,,,,,,,,,,,,,,,,,,,
16898,2019,6,26,0,0,22.200000000000003,0,0,0,1.2000000000000002,,,,,,,,,,,,,,,,,,,,,,,,,,,,,,,,,,,,
16899,2019,6,26,0,15,22.200000000000003,0,0,0,1.2000000000000002,,,,,,,,,,,,,,,,,,,,,,,,,,,,,,,,,,,,
16900,2019,6,26,0,30,22.200000000000003,0,0,0,1.2000000000000002,,,,,,,,,,,,,,,,,,,,,,,,,,,,,,,,,,,,
16901,2019,6,26,0,45,22.200000000000003,0,0,0,1.2000000000000002,,,,,,,,,,,,,,,,,,,,,,,,,,,,,,,,,,,,
16902,2019,6,26,1,0,21.4,0,0,0,1.3,,,,,,,,,,,,,,,,,,,,,,,,,,,,,,,,,,,,
16903,2019,6,26,1,15,21.3,0,0,0,1.3,,,,,,,,,,,,,,,,,,,,,,,,,,,,,,,,,,,,
16904,2019,6,26,1,30,21.1,0,0,0,1.3,,,,,,,,,,,,,,,,,,,,,,,,,,,,,,,,,,,,
16905,2019,6,26,1,45,21.0,0,0,0,1.4,,,,,,,,,,,,,,,,,,,,,,,,,,,,,,,,,,,,
16906,2019,6,26,2,0,20.8,0,0,0,1.4,,,,,,,,,,,,,,,,,,,,,,,,,,,,,,,,,,,,
16907,2019,6,26,2,15,20.8,0,0,0,1.5,,,,,,,,,,,,,,,,,,,,,,,,,,,,,,,,,,,,
16908,2019,6,26,2,30,20.700000000000003,0,0,0,1.5,,,,,,,,,,,,,,,,,,,,,,,,,,,,,,,,,,,,
16909,2019,6,26,2,45,20.6,0,0,0,1.6,,,,,,,,,,,,,,,,,,,,,,,,,,,,,,,,,,,,
16910,2019,6,26,3,0,20.5,0,0,0,1.6,,,,,,,,,,,,,,,,,,,,,,,,,,,,,,,,,,,,
16911,2019,6,26,3,15,20.5,0,0,0,1.7000000000000002,,,,,,,,,,,,,,,,,,,,,,,,,,,,,,,,,,,,
16912,2019,6,26,3,30,20.6,0,0,0,1.7000000000000002,,,,,,,,,,,,,,,,,,,,,,,,,,,,,,,,,,,,
16913,2019,6,26,3,45,20.6,0,0,0,1.8,,,,,,,,,,,,,,,,,,,,,,,,,,,,,,,,,,,,
16914,2019,6,26,4,0,20.700000000000003,0,0,0,1.8,,,,,,,,,,,,,,,,,,,,,,,,,,,,,,,,,,,,
16915,2019,6,26,4,15,21.1,11,27,11,2.0,,,,,,,,,,,,,,,,,,,,,,,,,,,,,,,,,,,,
16916,2019,6,26,4,30,21.6,21,82,26,2.3000000000000003,,,,,,,,,,,,,,,,,,,,,,,,,,,,,,,,,,,,
16917,2019,6,26,4,45,22.0,33,145,46,2.5,,,,,,,,,,,,,,,,,,,,,,,,,,,,,,,,,,,,
16918,2019,6,26,5,0,22.4,42,55,49,2.7,,,,,,,,,,,,,,,,,,,,,,,,,,,,,,,,,,,,
16919,2019,6,26,5,15,22.8,54,276,98,2.8000000000000003,,,,,,,,,,,,,,,,,,,,,,,,,,,,,,,,,,,,
16920,2019,6,26,5,30,23.200000000000003,63,334,129,2.8000000000000003,,,,,,,,,,,,,,,,,,,,,,,,,,,,,,,,,,,,
16921,2019,6,26,5,45,23.5,73,374,161,2.9000000000000004,,,,,,,,,,,,,,,,,,,,,,,,,,,,,,,,,,,,
16922,2019,6,26,6,0,23.9,81,422,195,2.9000000000000004,,,,,,,,,,,,,,,,,,,,,,,,,,,,,,,,,,,,
16923,2019,6,26,6,15,24.5,88,464,231,2.9000000000000004,,,,,,,,,,,,,,,,,,,,,,,,,,,,,,,,,,,,
16924,2019,6,26,6,30,25.1,95,501,268,2.8000000000000003,,,,,,,,,,,,,,,,,,,,,,,,,,,,,,,,,,,,
16925,2019,6,26,6,45,25.6,103,526,304,2.8000000000000003,,,,,,,,,,,,,,,,,,,,,,,,,,,,,,,,,,,,
16926,2019,6,26,7,0,26.200000000000003,108,557,341,2.7,,,,,,,,,,,,,,,,,,,,,,,,,,,,,,,,,,,,
16927,2019,6,26,7,15,27.0,114,584,379,2.8000000000000003,,,,,,,,,,,,,,,,,,,,,,,,,,,,,,,,,,,,
16928,2019,6,26,7,30,27.8,119,609,417,3.0,,,,,,,,,,,,,,,,,,,,,,,,,,,,,,,,,,,,
16929,2019,6,26,7,45,28.6,125,626,453,3.1,,,,,,,,,,,,,,,,,,,,,,,,,,,,,,,,,,,,
16930,2019,6,26,8,0,29.4,129,646,490,3.2,,,,,,,,,,,,,,,,,,,,,,,,,,,,,,,,,,,,
16931,2019,6,26,8,15,29.9,133,665,527,3.3000000000000003,,,,,,,,,,,,,,,,,,,,,,,,,,,,,,,,,,,,
16932,2019,6,26,8,30,30.4,137,681,562,3.5,,,,,,,,,,,,,,,,,,,,,,,,,,,,,,,,,,,,
16933,2019,6,26,8,45,30.9,141,694,595,3.6,,,,,,,,,,,,,,,,,,,,,,,,,,,,,,,,,,,,
16934,2019,6,26,9,0,31.5,144,708,627,3.7,,,,,,,,,,,,,,,,,,,,,,,,,,,,,,,,,,,,
16935,2019,6,26,9,15,31.700000000000003,147,720,658,3.8,,,,,,,,,,,,,,,,,,,,,,,,,,,,,,,,,,,,
16936,2019,6,26,9,30,32.0,151,729,687,3.9,,,,,,,,,,,,,,,,,,,,,,,,,,,,,,,,,,,,
16937,2019,6,26,9,45,32.300000000000004,168,710,708,3.9,,,,,,,,,,,,,,,,,,,,,,,,,,,,,,,,,,,,
16938,2019,6,26,10,0,32.6,171,719,733,4.0,,,,,,,,,,,,,,,,,,,,,,,,,,,,,,,,,,,,
16939,2019,6,26,10,15,32.7,173,727,755,4.1000000000000005,,,,,,,,,,,,,,,,,,,,,,,,,,,,,,,,,,,,
16940,2019,6,26,10,30,32.9,175,732,774,4.1000000000000005,,,,,,,,,,,,,,,,,,,,,,,,,,,,,,,,,,,,
16941,2019,6,26,10,45,33.1,171,747,795,4.1000000000000005,,,,,,,,,,,,,,,,,,,,,,,,,,,,,,,,,,,,
16942,2019,6,26,11,0,33.2,172,752,810,4.2,,,,,,,,,,,,,,,,,,,,,,,,,,,,,,,,,,,,
16943,2019,6,26,11,15,33.300000000000004,173,756,823,4.2,,,,,,,,,,,,,,,,,,,,,,,,,,,,,,,,,,,,
16944,2019,6,26,11,30,33.4,174,758,831,4.2,,,,,,,,,,,,,,,,,,,,,,,,,,,,,,,,,,,,
16945,2019,6,26,11,45,33.5,168,770,841,4.3,,,,,,,,,,,,,,,,,,,,,,,,,,,,,,,,,,,,
16946,2019,6,26,12,0,33.6,169,771,846,4.3,,,,,,,,,,,,,,,,,,,,,,,,,,,,,,,,,,,,
16947,2019,6,26,12,15,33.6,169,772,848,4.3,,,,,,,,,,,,,,,,,,,,,,,,,,,,,,,,,,,,
16948,2019,6,26,12,30,33.6,169,771,847,4.3,,,,,,,,,,,,,,,,,,,,,,,,,,,,,,,,,,,,
16949,2019,6,26,12,45,33.6,169,770,843,4.3,,,,,,,,,,,,,,,,,,,,,,,,,,,,,,,,,,,,
16950,2019,6,26,13,0,33.6,168,768,836,4.4,,,,,,,,,,,,,,,,,,,,,,,,,,,,,,,,,,,,
16951,2019,6,26,13,15,33.6,167,767,828,4.4,,,,,,,,,,,,,,,,,,,,,,,,,,,,,,,,,,,,
16952,2019,6,26,13,30,33.5,166,763,816,4.4,,,,,,,,,,,,,,,,,,,,,,,,,,,,,,,,,,,,
16953,2019,6,26,13,45,33.5,163,763,802,4.4,,,,,,,,,,,,,,,,,,,,,,,,,,,,,,,,,,,,
16954,2019,6,26,14,0,33.4,161,758,785,4.4,,,,,,,,,,,,,,,,,,,,,,,,,,,,,,,,,,,,
16955,2019,6,26,14,15,33.300000000000004,160,751,765,4.4,,,,,,,,,,,,,,,,,,,,,,,,,,,,,,,,,,,,
16956,2019,6,26,14,30,33.2,158,744,743,4.4,,,,,,,,,,,,,,,,,,,,,,,,,,,,,,,,,,,,
16957,2019,6,26,14,45,33.1,156,736,719,4.4,,,,,,,,,,,,,,,,,,,,,,,,,,,,,,,,,,,,
16958,2019,6,26,15,0,33.0,153,727,692,4.5,,,,,,,,,,,,,,,,,,,,,,,,,,,,,,,,,,,,
16959,2019,6,26,15,15,32.800000000000004,151,716,664,4.5,,,,,,,,,,,,,,,,,,,,,,,,,,,,,,,,,,,,
16960,2019,6,26,15,30,32.6,148,705,634,4.5,,,,,,,,,,,,,,,,,,,,,,,,,,,,,,,,,,,,
16961,2019,6,26,15,45,32.4,146,688,601,4.5,,,,,,,,,,,,,,,,,,,,,,,,,,,,,,,,,,,,
16962,2019,6,26,16,0,32.2,143,673,567,4.5,,,,,,,,,,,,,,,,,,,,,,,,,,,,,,,,,,,,
16963,2019,6,26,16,15,31.9,139,657,533,4.5,,,,,,,,,,,,,,,,,,,,,,,,,,,,,,,,,,,,
16964,2019,6,26,16,30,31.6,136,639,498,4.5,,,,,,,,,,,,,,,,,,,,,,,,,,,,,,,,,,,,
16965,2019,6,26,16,45,31.3,135,609,460,4.5,,,,,,,,,,,,,,,,,,,,,,,,,,,,,,,,,,,,
16966,2019,6,26,17,0,31.0,130,587,423,4.5,,,,,,,,,,,,,,,,,,,,,,,,,,,,,,,,,,,,
16967,2019,6,26,17,15,30.5,125,562,385,4.4,,,,,,,,,,,,,,,,,,,,,,,,,,,,,,,,,,,,
16968,2019,6,26,17,30,30.1,119,535,347,4.4,,,,,,,,,,,,,,,,,,,,,,,,,,,,,,,,,,,,
16969,2019,6,26,17,45,29.700000000000003,118,487,308,4.4,,,,,,,,,,,,,,,,,,,,,,,,,,,,,,,,,,,,
16970,2019,6,26,18,0,29.200000000000003,111,454,271,4.4,,,,,,,,,,,,,,,,,,,,,,,,,,,,,,,,,,,,
16971,2019,6,26,18,15,28.6,102,417,234,4.3,,,,,,,,,,,,,,,,,,,,,,,,,,,,,,,,,,,,
16972,2019,6,26,18,30,28.0,94,376,199,4.3,,,,,,,,,,,,,,,,,,,,,,,,,,,,,,,,,,,,
16973,2019,6,26,18,45,27.4,86,315,163,4.2,,,,,,,,,,,,,,,,,,,,,,,,,,,,,,,,,,,,
16974,2019,6,26,19,0,26.8,75,267,130,4.2,,,,,,,,,,,,,,,,,,,,,,,,,,,,,,,,,,,,
16975,2019,6,26,19,15,26.200000000000003,63,216,100,4.1000000000000005,,,,,,,,,,,,,,,,,,,,,,,,,,,,,,,,,,,,
16976,2019,6,26,19,30,25.6,51,162,73,4.0,,,,,,,,,,,,,,,,,,,,,,,,,,,,,,,,,,,,
16977,2019,6,26,19,45,25.0,38,103,48,3.9,,,,,,,,,,,,,,,,,,,,,,,,,,,,,,,,,,,,
16978,2019,6,26,20,0,24.4,24,55,28,3.9,,,,,,,,,,,,,,,,,,,,,,,,,,,,,,,,,,,,
16979,2019,6,26,20,15,23.9,11,19,12,3.8,,,,,,,,,,,,,,,,,,,,,,,,,,,,,,,,,,,,
16980,2019,6,26,20,30,23.5,0,0,0,3.8,,,,,,,,,,,,,,,,,,,,,,,,,,,,,,,,,,,,
16981,2019,6,26,20,45,23.0,0,0,0,3.7,,,,,,,,,,,,,,,,,,,,,,,,,,,,,,,,,,,,
16982,2019,6,26,21,0,22.6,0,0,0,3.7,,,,,,,,,,,,,,,,,,,,,,,,,,,,,,,,,,,,
16983,2019,6,26,21,15,22.200000000000003,0,0,0,3.6,,,,,,,,,,,,,,,,,,,,,,,,,,,,,,,,,,,,
16984,2019,6,26,21,30,21.8,0,0,0,3.6,,,,,,,,,,,,,,,,,,,,,,,,,,,,,,,,,,,,
16985,2019,6,26,21,45,21.5,0,0,0,3.6,,,,,,,,,,,,,,,,,,,,,,,,,,,,,,,,,,,,
16986,2019,6,26,22,0,21.1,0,0,0,3.5,,,,,,,,,,,,,,,,,,,,,,,,,,,,,,,,,,,,
16987,2019,6,26,22,15,20.700000000000003,0,0,0,3.5,,,,,,,,,,,,,,,,,,,,,,,,,,,,,,,,,,,,
16988,2019,6,26,22,30,20.4,0,0,0,3.5,,,,,,,,,,,,,,,,,,,,,,,,,,,,,,,,,,,,
16989,2019,6,26,22,45,20.0,0,0,0,3.5,,,,,,,,,,,,,,,,,,,,,,,,,,,,,,,,,,,,
16990,2019,6,26,23,0,19.700000000000003,0,0,0,3.5,,,,,,,,,,,,,,,,,,,,,,,,,,,,,,,,,,,,
16991,2019,6,26,23,15,19.3,0,0,0,3.5,,,,,,,,,,,,,,,,,,,,,,,,,,,,,,,,,,,,
16992,2019,6,26,23,30,18.9,0,0,0,3.5,,,,,,,,,,,,,,,,,,,,,,,,,,,,,,,,,,,,
16993,2019,6,26,23,45,18.6,0,0,0,3.5,,,,,,,,,,,,,,,,,,,,,,,,,,,,,,,,,,,,
16994,2019,6,27,0,0,18.2,0,0,0,3.5,,,,,,,,,,,,,,,,,,,,,,,,,,,,,,,,,,,,
16995,2019,6,27,0,15,18.2,0,0,0,3.5,,,,,,,,,,,,,,,,,,,,,,,,,,,,,,,,,,,,
16996,2019,6,27,0,30,18.2,0,0,0,3.5,,,,,,,,,,,,,,,,,,,,,,,,,,,,,,,,,,,,
16997,2019,6,27,0,45,18.2,0,0,0,3.5,,,,,,,,,,,,,,,,,,,,,,,,,,,,,,,,,,,,
16998,2019,6,27,1,0,16.8,0,0,0,3.5,,,,,,,,,,,,,,,,,,,,,,,,,,,,,,,,,,,,
16999,2019,6,27,1,15,16.5,0,0,0,3.5,,,,,,,,,,,,,,,,,,,,,,,,,,,,,,,,,,,,
17000,2019,6,27,1,30,16.2,0,0,0,3.5,,,,,,,,,,,,,,,,,,,,,,,,,,,,,,,,,,,,
17001,2019,6,27,1,45,16.0,0,0,0,3.5,,,,,,,,,,,,,,,,,,,,,,,,,,,,,,,,,,,,
17002,2019,6,27,2,0,15.7,0,0,0,3.4000000000000004,,,,,,,,,,,,,,,,,,,,,,,,,,,,,,,,,,,,
17003,2019,6,27,2,15,15.4,0,0,0,3.4000000000000004,,,,,,,,,,,,,,,,,,,,,,,,,,,,,,,,,,,,
17004,2019,6,27,2,30,15.2,0,0,0,3.4000000000000004,,,,,,,,,,,,,,,,,,,,,,,,,,,,,,,,,,,,
17005,2019,6,27,2,45,14.9,0,0,0,3.3000000000000003,,,,,,,,,,,,,,,,,,,,,,,,,,,,,,,,,,,,
17006,2019,6,27,3,0,14.7,0,0,0,3.3000000000000003,,,,,,,,,,,,,,,,,,,,,,,,,,,,,,,,,,,,
17007,2019,6,27,3,15,14.5,0,0,0,3.3000000000000003,,,,,,,,,,,,,,,,,,,,,,,,,,,,,,,,,,,,
17008,2019,6,27,3,30,14.3,0,0,0,3.3000000000000003,,,,,,,,,,,,,,,,,,,,,,,,,,,,,,,,,,,,
17009,2019,6,27,3,45,14.2,0,0,0,3.3000000000000003,,,,,,,,,,,,,,,,,,,,,,,,,,,,,,,,,,,,
17010,2019,6,27,4,0,14.0,0,0,0,3.3000000000000003,,,,,,,,,,,,,,,,,,,,,,,,,,,,,,,,,,,,
17011,2019,6,27,4,15,14.0,13,57,15,3.4000000000000004,,,,,,,,,,,,,,,,,,,,,,,,,,,,,,,,,,,,
17012,2019,6,27,4,30,14.0,23,137,31,3.5,,,,,,,,,,,,,,,,,,,,,,,,,,,,,,,,,,,,
17013,2019,6,27,4,45,14.1,32,240,55,3.6,,,,,,,,,,,,,,,,,,,,,,,,,,,,,,,,,,,,
17014,2019,6,27,5,0,14.1,41,322,82,3.7,,,,,,,,,,,,,,,,,,,,,,,,,,,,,,,,,,,,
17015,2019,6,27,5,15,14.3,49,395,113,3.7,,,,,,,,,,,,,,,,,,,,,,,,,,,,,,,,,,,,
17016,2019,6,27,5,30,14.5,56,460,147,3.7,,,,,,,,,,,,,,,,,,,,,,,,,,,,,,,,,,,,
17017,2019,6,27,5,45,14.7,58,543,185,3.7,,,,,,,,,,,,,,,,,,,,,,,,,,,,,,,,,,,,
17018,2019,6,27,6,0,14.9,16,0,16,3.7,,,,,,,,,,,,,,,,,,,,,,,,,,,,,,,,,,,,
17019,2019,6,27,6,15,15.2,19,0,19,3.7,,,,,,,,,,,,,,,,,,,,,,,,,,,,,,,,,,,,
17020,2019,6,27,6,30,15.5,73,670,304,3.7,,,,,,,,,,,,,,,,,,,,,,,,,,,,,,,,,,,,
17021,2019,6,27,6,45,15.9,73,719,347,3.7,,,,,,,,,,,,,,,,,,,,,,,,,,,,,,,,,,,,
17022,2019,6,27,7,0,16.2,77,749,390,3.7,,,,,,,,,,,,,,,,,,,,,,,,,,,,,,,,,,,,
17023,2019,6,27,7,15,16.6,80,772,431,3.7,,,,,,,,,,,,,,,,,,,,,,,,,,,,,,,,,,,,
17024,2019,6,27,7,30,17.0,83,793,471,3.7,,,,,,,,,,,,,,,,,,,,,,,,,,,,,,,,,,,,
17025,2019,6,27,7,45,17.400000000000002,84,818,512,3.7,,,,,,,,,,,,,,,,,,,,,,,,,,,,,,,,,,,,
17026,2019,6,27,8,0,17.8,86,834,552,3.7,,,,,,,,,,,,,,,,,,,,,,,,,,,,,,,,,,,,
17027,2019,6,27,8,15,18.2,88,849,590,3.7,,,,,,,,,,,,,,,,,,,,,,,,,,,,,,,,,,,,
17028,2019,6,27,8,30,18.6,91,858,625,3.8,,,,,,,,,,,,,,,,,,,,,,,,,,,,,,,,,,,,
17029,2019,6,27,8,45,19.1,92,871,661,3.8,,,,,,,,,,,,,,,,,,,,,,,,,,,,,,,,,,,,
17030,2019,6,27,9,0,19.5,94,882,695,3.8,,,,,,,,,,,,,,,,,,,,,,,,,,,,,,,,,,,,
17031,2019,6,27,9,15,19.9,95,887,725,3.9,,,,,,,,,,,,,,,,,,,,,,,,,,,,,,,,,,,,
17032,2019,6,27,9,30,20.3,97,896,756,3.9,,,,,,,,,,,,,,,,,,,,,,,,,,,,,,,,,,,,
17033,2019,6,27,9,45,20.700000000000003,108,886,780,4.0,,,,,,,,,,,,,,,,,,,,,,,,,,,,,,,,,,,,
17034,2019,6,27,10,0,21.1,109,889,804,4.0,,,,,,,,,,,,,,,,,,,,,,,,,,,,,,,,,,,,
17035,2019,6,27,10,15,21.4,110,895,827,4.1000000000000005,,,,,,,,,,,,,,,,,,,,,,,,,,,,,,,,,,,,
17036,2019,6,27,10,30,21.8,111,898,846,4.1000000000000005,,,,,,,,,,,,,,,,,,,,,,,,,,,,,,,,,,,,
17037,2019,6,27,10,45,22.1,114,900,864,4.2,,,,,,,,,,,,,,,,,,,,,,,,,,,,,,,,,,,,
17038,2019,6,27,11,0,22.5,114,900,877,4.2,,,,,,,,,,,,,,,,,,,,,,,,,,,,,,,,,,,,
17039,2019,6,27,11,15,22.700000000000003,115,903,891,4.3,,,,,,,,,,,,,,,,,,,,,,,,,,,,,,,,,,,,
17040,2019,6,27,11,30,23.0,115,903,899,4.3,,,,,,,,,,,,,,,,,,,,,,,,,,,,,,,,,,,,
17041,2019,6,27,11,45,23.200000000000003,118,901,905,4.4,,,,,,,,,,,,,,,,,,,,,,,,,,,,,,,,,,,,
17042,2019,6,27,12,0,23.5,119,899,908,4.4,,,,,,,,,,,,,,,,,,,,,,,,,,,,,,,,,,,,
17043,2019,6,27,12,15,23.700000000000003,119,900,910,4.5,,,,,,,,,,,,,,,,,,,,,,,,,,,,,,,,,,,,
17044,2019,6,27,12,30,23.8,119,899,909,4.5,,,,,,,,,,,,,,,,,,,,,,,,,,,,,,,,,,,,
17045,2019,6,27,12,45,24.0,113,904,905,4.5,,,,,,,,,,,,,,,,,,,,,,,,,,,,,,,,,,,,
17046,2019,6,27,13,0,24.1,113,903,898,4.6000000000000005,,,,,,,,,,,,,,,,,,,,,,,,,,,,,,,,,,,,
17047,2019,6,27,13,15,24.200000000000003,112,898,886,4.6000000000000005,,,,,,,,,,,,,,,,,,,,,,,,,,,,,,,,,,,,
17048,2019,6,27,13,30,24.200000000000003,112,895,873,4.6000000000000005,,,,,,,,,,,,,,,,,,,,,,,,,,,,,,,,,,,,
17049,2019,6,27,13,45,24.3,111,889,856,4.6000000000000005,,,,,,,,,,,,,,,,,,,,,,,,,,,,,,,,,,,,
17050,2019,6,27,14,0,24.3,110,885,838,4.7,,,,,,,,,,,,,,,,,,,,,,,,,,,,,,,,,,,,
17051,2019,6,27,14,15,24.3,109,880,818,4.7,,,,,,,,,,,,,,,,,,,,,,,,,,,,,,,,,,,,
17052,2019,6,27,14,30,24.200000000000003,108,872,793,4.7,,,,,,,,,,,,,,,,,,,,,,,,,,,,,,,,,,,,
17053,2019,6,27,14,45,24.200000000000003,110,859,767,4.7,,,,,,,,,,,,,,,,,,,,,,,,,,,,,,,,,,,,
17054,2019,6,27,15,0,24.1,109,852,740,4.7,,,,,,,,,,,,,,,,,,,,,,,,,,,,,,,,,,,,
17055,2019,6,27,15,15,24.0,107,843,711,4.7,,,,,,,,,,,,,,,,,,,,,,,,,,,,,,,,,,,,
17056,2019,6,27,15,30,23.8,105,831,678,4.7,,,,,,,,,,,,,,,,,,,,,,,,,,,,,,,,,,,,
17057,2019,6,27,15,45,23.700000000000003,109,807,642,4.7,,,,,,,,,,,,,,,,,,,,,,,,,,,,,,,,,,,,
17058,2019,6,27,16,0,23.6,106,795,608,4.7,,,,,,,,,,,,,,,,,,,,,,,,,,,,,,,,,,,,
17059,2019,6,27,16,15,23.3,104,781,572,4.7,,,,,,,,,,,,,,,,,,,,,,,,,,,,,,,,,,,,
17060,2019,6,27,16,30,23.1,101,765,535,4.7,,,,,,,,,,,,,,,,,,,,,,,,,,,,,,,,,,,,
17061,2019,6,27,16,45,22.9,105,726,492,4.7,,,,,,,,,,,,,,,,,,,,,,,,,,,,,,,,,,,,
17062,2019,6,27,17,0,22.700000000000003,101,706,453,4.6000000000000005,,,,,,,,,,,,,,,,,,,,,,,,,,,,,,,,,,,,
17063,2019,6,27,17,15,22.3,97,683,414,4.6000000000000005,,,,,,,,,,,,,,,,,,,,,,,,,,,,,,,,,,,,
17064,2019,6,27,17,30,22.0,93,660,375,4.5,,,,,,,,,,,,,,,,,,,,,,,,,,,,,,,,,,,,
17065,2019,6,27,17,45,21.700000000000003,95,608,333,4.5,,,,,,,,,,,,,,,,,,,,,,,,,,,,,,,,,,,,
17066,2019,6,27,18,0,21.3,90,576,293,4.4,,,,,,,,,,,,,,,,,,,,,,,,,,,,,,,,,,,,
17067,2019,6,27,18,15,20.9,84,539,255,4.2,,,,,,,,,,,,,,,,,,,,,,,,,,,,,,,,,,,,
17068,2019,6,27,18,30,20.4,78,497,217,4.0,,,,,,,,,,,,,,,,,,,,,,,,,,,,,,,,,,,,
17069,2019,6,27,18,45,20.0,74,431,178,3.9,,,,,,,,,,,,,,,,,,,,,,,,,,,,,,,,,,,,
17070,2019,6,27,19,0,19.5,66,377,144,3.7,,,,,,,,,,,,,,,,,,,,,,,,,,,,,,,,,,,,
17071,2019,6,27,19,15,18.9,57,319,111,3.4000000000000004,,,,,,,,,,,,,,,,,,,,,,,,,,,,,,,,,,,,
17072,2019,6,27,19,30,18.3,48,251,81,3.1,,,,,,,,,,,,,,,,,,,,,,,,,,,,,,,,,,,,
17073,2019,6,27,19,45,17.7,37,167,54,2.9000000000000004,,,,,,,,,,,,,,,,,,,,,,,,,,,,,,,,,,,,
17074,2019,6,27,20,0,17.2,26,95,32,2.6,,,,,,,,,,,,,,,,,,,,,,,,,,,,,,,,,,,,
17075,2019,6,27,20,15,16.8,14,34,15,2.6,,,,,,,,,,,,,,,,,,,,,,,,,,,,,,,,,,,,
17076,2019,6,27,20,30,16.400000000000002,0,0,0,2.6,,,,,,,,,,,,,,,,,,,,,,,,,,,,,,,,,,,,
17077,2019,6,27,20,45,16.0,0,0,0,2.6,,,,,,,,,,,,,,,,,,,,,,,,,,,,,,,,,,,,
17078,2019,6,27,21,0,15.6,0,0,0,2.5,,,,,,,,,,,,,,,,,,,,,,,,,,,,,,,,,,,,
17079,2019,6,27,21,15,15.3,0,0,0,2.5,,,,,,,,,,,,,,,,,,,,,,,,,,,,,,,,,,,,
17080,2019,6,27,21,30,15.1,0,0,0,2.5,,,,,,,,,,,,,,,,,,,,,,,,,,,,,,,,,,,,
17081,2019,6,27,21,45,14.8,0,0,0,2.5,,,,,,,,,,,,,,,,,,,,,,,,,,,,,,,,,,,,
17082,2019,6,27,22,0,14.5,0,0,0,2.4000000000000004,,,,,,,,,,,,,,,,,,,,,,,,,,,,,,,,,,,,
17083,2019,6,27,22,15,14.2,0,0,0,2.4000000000000004,,,,,,,,,,,,,,,,,,,,,,,,,,,,,,,,,,,,
17084,2019,6,27,22,30,13.9,0,0,0,2.3000000000000003,,,,,,,,,,,,,,,,,,,,,,,,,,,,,,,,,,,,
17085,2019,6,27,22,45,13.7,0,0,0,2.3000000000000003,,,,,,,,,,,,,,,,,,,,,,,,,,,,,,,,,,,,
17086,2019,6,27,23,0,13.4,0,0,0,2.2,,,,,,,,,,,,,,,,,,,,,,,,,,,,,,,,,,,,
17087,2019,6,27,23,15,13.2,0,0,0,2.1,,,,,,,,,,,,,,,,,,,,,,,,,,,,,,,,,,,,
17088,2019,6,27,23,30,12.9,0,0,0,2.1,,,,,,,,,,,,,,,,,,,,,,,,,,,,,,,,,,,,
17089,2019,6,27,23,45,12.7,0,0,0,2.0,,,,,,,,,,,,,,,,,,,,,,,,,,,,,,,,,,,,
17090,2019,6,28,0,0,12.5,0,0,0,1.9,,,,,,,,,,,,,,,,,,,,,,,,,,,,,,,,,,,,
17091,2019,6,28,0,15,12.5,0,0,0,1.9,,,,,,,,,,,,,,,,,,,,,,,,,,,,,,,,,,,,
17092,2019,6,28,0,30,12.5,0,0,0,1.9,,,,,,,,,,,,,,,,,,,,,,,,,,,,,,,,,,,,
17093,2019,6,28,0,45,12.5,0,0,0,1.9,,,,,,,,,,,,,,,,,,,,,,,,,,,,,,,,,,,,
17094,2019,6,28,1,0,11.7,0,0,0,1.6,,,,,,,,,,,,,,,,,,,,,,,,,,,,,,,,,,,,
17095,2019,6,28,1,15,11.6,0,0,0,1.6,,,,,,,,,,,,,,,,,,,,,,,,,,,,,,,,,,,,
17096,2019,6,28,1,30,11.4,0,0,0,1.5,,,,,,,,,,,,,,,,,,,,,,,,,,,,,,,,,,,,
17097,2019,6,28,1,45,11.3,0,0,0,1.5,,,,,,,,,,,,,,,,,,,,,,,,,,,,,,,,,,,,
17098,2019,6,28,2,0,11.2,0,0,0,1.4,,,,,,,,,,,,,,,,,,,,,,,,,,,,,,,,,,,,
17099,2019,6,28,2,15,11.1,0,0,0,1.4,,,,,,,,,,,,,,,,,,,,,,,,,,,,,,,,,,,,
17100,2019,6,28,2,30,11.0,0,0,0,1.4,,,,,,,,,,,,,,,,,,,,,,,,,,,,,,,,,,,,
17101,2019,6,28,2,45,11.0,0,0,0,1.4,,,,,,,,,,,,,,,,,,,,,,,,,,,,,,,,,,,,
17102,2019,6,28,3,0,10.9,0,0,0,1.5,,,,,,,,,,,,,,,,,,,,,,,,,,,,,,,,,,,,
17103,2019,6,28,3,15,11.0,0,0,0,1.6,,,,,,,,,,,,,,,,,,,,,,,,,,,,,,,,,,,,
17104,2019,6,28,3,30,11.1,0,0,0,1.7000000000000002,,,,,,,,,,,,,,,,,,,,,,,,,,,,,,,,,,,,
17105,2019,6,28,3,45,11.1,0,0,0,1.8,,,,,,,,,,,,,,,,,,,,,,,,,,,,,,,,,,,,
17106,2019,6,28,4,0,11.2,0,0,0,1.9,,,,,,,,,,,,,,,,,,,,,,,,,,,,,,,,,,,,
17107,2019,6,28,4,15,11.5,12,31,13,2.1,,,,,,,,,,,,,,,,,,,,,,,,,,,,,,,,,,,,
17108,2019,6,28,4,30,11.9,24,93,30,2.2,,,,,,,,,,,,,,,,,,,,,,,,,,,,,,,,,,,,
17109,2019,6,28,4,45,12.2,37,157,51,2.3000000000000003,,,,,,,,,,,,,,,,,,,,,,,,,,,,,,,,,,,,
17110,2019,6,28,5,0,12.5,49,229,77,2.5,,,,,,,,,,,,,,,,,,,,,,,,,,,,,,,,,,,,
17111,2019,6,28,5,15,12.8,60,295,107,2.4000000000000004,,,,,,,,,,,,,,,,,,,,,,,,,,,,,,,,,,,,
17112,2019,6,28,5,30,13.1,70,356,139,2.3000000000000003,,,,,,,,,,,,,,,,,,,,,,,,,,,,,,,,,,,,
17113,2019,6,28,5,45,13.5,79,409,174,2.3000000000000003,,,,,,,,,,,,,,,,,,,,,,,,,,,,,,,,,,,,
17114,2019,6,28,6,0,13.8,16,0,16,2.2,,,,,,,,,,,,,,,,,,,,,,,,,,,,,,,,,,,,
17115,2019,6,28,6,15,14.1,19,0,19,2.2,,,,,,,,,,,,,,,,,,,,,,,,,,,,,,,,,,,,
17116,2019,6,28,6,30,14.4,22,0,22,2.1,,,,,,,,,,,,,,,,,,,,,,,,,,,,,,,,,,,,
17117,2019,6,28,6,45,14.8,26,0,26,2.1,,,,,,,,,,,,,,,,,,,,,,,,,,,,,,,,,,,,
17118,2019,6,28,7,0,15.1,30,0,30,2.0,,,,,,,,,,,,,,,,,,,,,,,,,,,,,,,,,,,,
17119,2019,6,28,7,15,15.4,34,0,34,2.0,,,,,,,,,,,,,,,,,,,,,,,,,,,,,,,,,,,,
17120,2019,6,28,7,30,15.8,38,0,38,2.0,,,,,,,,,,,,,,,,,,,,,,,,,,,,,,,,,,,,
17121,2019,6,28,7,45,16.2,41,0,41,2.0,,,,,,,,,,,,,,,,,,,,,,,,,,,,,,,,,,,,
17122,2019,6,28,8,0,16.5,46,0,46,2.0,,,,,,,,,,,,,,,,,,,,,,,,,,,,,,,,,,,,
17123,2019,6,28,8,15,17.0,50,0,50,2.0,,,,,,,,,,,,,,,,,,,,,,,,,,,,,,,,,,,,
17124,2019,6,28,8,30,17.400000000000002,53,0,53,2.0,,,,,,,,,,,,,,,,,,,,,,,,,,,,,,,,,,,,
17125,2019,6,28,8,45,17.8,56,0,56,2.1,,,,,,,,,,,,,,,,,,,,,,,,,,,,,,,,,,,,
17126,2019,6,28,9,0,18.3,59,0,59,2.1,,,,,,,,,,,,,,,,,,,,,,,,,,,,,,,,,,,,
17127,2019,6,28,9,15,18.7,219,11,227,2.1,,,,,,,,,,,,,,,,,,,,,,,,,,,,,,,,,,,,
17128,2019,6,28,9,30,19.1,230,12,239,2.1,,,,,,,,,,,,,,,,,,,,,,,,,,,,,,,,,,,,
17129,2019,6,28,9,45,19.5,240,13,250,2.1,,,,,,,,,,,,,,,,,,,,,,,,,,,,,,,,,,,,
17130,2019,6,28,10,0,19.9,250,14,261,2.1,,,,,,,,,,,,,,,,,,,,,,,,,,,,,,,,,,,,
17131,2019,6,28,10,15,20.200000000000003,257,15,269,2.1,,,,,,,,,,,,,,,,,,,,,,,,,,,,,,,,,,,,
17132,2019,6,28,10,30,20.6,129,868,839,2.1,,,,,,,,,,,,,,,,,,,,,,,,,,,,,,,,,,,,
17133,2019,6,28,10,45,20.9,125,881,859,2.1,,,,,,,,,,,,,,,,,,,,,,,,,,,,,,,,,,,,
17134,2019,6,28,11,0,21.3,126,885,875,2.1,,,,,,,,,,,,,,,,,,,,,,,,,,,,,,,,,,,,
17135,2019,6,28,11,15,21.6,126,888,889,2.1,,,,,,,,,,,,,,,,,,,,,,,,,,,,,,,,,,,,
17136,2019,6,28,11,30,21.9,126,891,898,2.2,,,,,,,,,,,,,,,,,,,,,,,,,,,,,,,,,,,,
17137,2019,6,28,11,45,22.200000000000003,124,897,907,2.2,,,,,,,,,,,,,,,,,,,,,,,,,,,,,,,,,,,,
17138,2019,6,28,12,0,22.5,124,898,912,2.2,,,,,,,,,,,,,,,,,,,,,,,,,,,,,,,,,,,,
17139,2019,6,28,12,15,22.700000000000003,124,895,911,2.3000000000000003,,,,,,,,,,,,,,,,,,,,,,,,,,,,,,,,,,,,
17140,2019,6,28,12,30,22.9,124,895,910,2.3000000000000003,,,,,,,,,,,,,,,,,,,,,,,,,,,,,,,,,,,,
17141,2019,6,28,12,45,23.1,118,903,909,2.3000000000000003,,,,,,,,,,,,,,,,,,,,,,,,,,,,,,,,,,,,
17142,2019,6,28,13,0,23.4,118,902,902,2.4000000000000004,,,,,,,,,,,,,,,,,,,,,,,,,,,,,,,,,,,,
17143,2019,6,28,13,15,23.5,117,900,892,2.4000000000000004,,,,,,,,,,,,,,,,,,,,,,,,,,,,,,,,,,,,
17144,2019,6,28,13,30,23.6,117,897,880,2.4000000000000004,,,,,,,,,,,,,,,,,,,,,,,,,,,,,,,,,,,,
17145,2019,6,28,13,45,23.700000000000003,115,892,862,2.4000000000000004,,,,,,,,,,,,,,,,,,,,,,,,,,,,,,,,,,,,
17146,2019,6,28,14,0,23.9,114,888,844,2.4000000000000004,,,,,,,,,,,,,,,,,,,,,,,,,,,,,,,,,,,,
17147,2019,6,28,14,15,23.9,113,883,824,2.4000000000000004,,,,,,,,,,,,,,,,,,,,,,,,,,,,,,,,,,,,
17148,2019,6,28,14,30,24.0,111,877,801,2.4000000000000004,,,,,,,,,,,,,,,,,,,,,,,,,,,,,,,,,,,,
17149,2019,6,28,14,45,24.0,110,872,776,2.4000000000000004,,,,,,,,,,,,,,,,,,,,,,,,,,,,,,,,,,,,
17150,2019,6,28,15,0,24.0,107,864,748,2.4000000000000004,,,,,,,,,,,,,,,,,,,,,,,,,,,,,,,,,,,,
17151,2019,6,28,15,15,24.0,106,853,717,2.4000000000000004,,,,,,,,,,,,,,,,,,,,,,,,,,,,,,,,,,,,
17152,2019,6,28,15,30,24.0,104,843,685,2.4000000000000004,,,,,,,,,,,,,,,,,,,,,,,,,,,,,,,,,,,,
17153,2019,6,28,15,45,24.0,101,833,652,2.3000000000000003,,,,,,,,,,,,,,,,,,,,,,,,,,,,,,,,,,,,
17154,2019,6,28,16,0,23.9,99,821,617,2.3000000000000003,,,,,,,,,,,,,,,,,,,,,,,,,,,,,,,,,,,,
17155,2019,6,28,16,15,23.8,97,808,581,2.3000000000000003,,,,,,,,,,,,,,,,,,,,,,,,,,,,,,,,,,,,
17156,2019,6,28,16,30,23.700000000000003,94,793,544,2.2,,,,,,,,,,,,,,,,,,,,,,,,,,,,,,,,,,,,
17157,2019,6,28,16,45,23.6,91,779,506,2.2,,,,,,,,,,,,,,,,,,,,,,,,,,,,,,,,,,,,
17158,2019,6,28,17,0,23.5,88,760,467,2.1,,,,,,,,,,,,,,,,,,,,,,,,,,,,,,,,,,,,
17159,2019,6,28,17,15,23.3,84,740,427,2.0,,,,,,,,,,,,,,,,,,,,,,,,,,,,,,,,,,,,
17160,2019,6,28,17,30,23.1,81,717,387,2.0,,,,,,,,,,,,,,,,,,,,,,,,,,,,,,,,,,,,
17161,2019,6,28,17,45,22.9,76,694,347,1.9,,,,,,,,,,,,,,,,,,,,,,,,,,,,,,,,,,,,
17162,2019,6,28,18,0,22.700000000000003,72,665,308,1.8,,,,,,,,,,,,,,,,,,,,,,,,,,,,,,,,,,,,
17163,2019,6,28,18,15,22.1,68,631,268,1.6,,,,,,,,,,,,,,,,,,,,,,,,,,,,,,,,,,,,
17164,2019,6,28,18,30,21.5,63,594,230,1.3,,,,,,,,,,,,,,,,,,,,,,,,,,,,,,,,,,,,
17165,2019,6,28,18,45,21.0,58,556,192,1.1,,,,,,,,,,,,,,,,,,,,,,,,,,,,,,,,,,,,
17166,2019,6,28,19,0,20.4,52,506,156,0.9,,,,,,,,,,,,,,,,,,,,,,,,,,,,,,,,,,,,
17167,2019,6,28,19,15,19.8,46,449,122,0.9,,,,,,,,,,,,,,,,,,,,,,,,,,,,,,,,,,,,
17168,2019,6,28,19,30,19.200000000000003,39,384,91,0.9,,,,,,,,,,,,,,,,,,,,,,,,,,,,,,,,,,,,
17169,2019,6,28,19,45,18.6,31,311,62,0.9,,,,,,,,,,,,,,,,,,,,,,,,,,,,,,,,,,,,
17170,2019,6,28,20,0,17.900000000000002,23,225,38,1.0,,,,,,,,,,,,,,,,,,,,,,,,,,,,,,,,,,,,
17171,2019,6,28,20,15,17.7,15,130,19,1.0,,,,,,,,,,,,,,,,,,,,,,,,,,,,,,,,,,,,
17172,2019,6,28,20,30,17.400000000000002,0,0,0,1.0,,,,,,,,,,,,,,,,,,,,,,,,,,,,,,,,,,,,
17173,2019,6,28,20,45,17.2,0,0,0,1.0,,,,,,,,,,,,,,,,,,,,,,,,,,,,,,,,,,,,
17174,2019,6,28,21,0,16.900000000000002,0,0,0,1.0,,,,,,,,,,,,,,,,,,,,,,,,,,,,,,,,,,,,
17175,2019,6,28,21,15,16.7,0,0,0,1.0,,,,,,,,,,,,,,,,,,,,,,,,,,,,,,,,,,,,
17176,2019,6,28,21,30,16.5,0,0,0,1.0,,,,,,,,,,,,,,,,,,,,,,,,,,,,,,,,,,,,
17177,2019,6,28,21,45,16.3,0,0,0,1.0,,,,,,,,,,,,,,,,,,,,,,,,,,,,,,,,,,,,
17178,2019,6,28,22,0,16.1,0,0,0,1.0,,,,,,,,,,,,,,,,,,,,,,,,,,,,,,,,,,,,
17179,2019,6,28,22,15,15.9,0,0,0,1.0,,,,,,,,,,,,,,,,,,,,,,,,,,,,,,,,,,,,
17180,2019,6,28,22,30,15.7,0,0,0,1.0,,,,,,,,,,,,,,,,,,,,,,,,,,,,,,,,,,,,
17181,2019,6,28,22,45,15.5,0,0,0,1.0,,,,,,,,,,,,,,,,,,,,,,,,,,,,,,,,,,,,
17182,2019,6,28,23,0,15.3,0,0,0,1.0,,,,,,,,,,,,,,,,,,,,,,,,,,,,,,,,,,,,
17183,2019,6,28,23,15,15.2,0,0,0,1.0,,,,,,,,,,,,,,,,,,,,,,,,,,,,,,,,,,,,
17184,2019,6,28,23,30,15.1,0,0,0,1.0,,,,,,,,,,,,,,,,,,,,,,,,,,,,,,,,,,,,
17185,2019,6,28,23,45,15.0,0,0,0,1.0,,,,,,,,,,,,,,,,,,,,,,,,,,,,,,,,,,,,
17186,2019,6,29,0,0,14.8,0,0,0,1.0,,,,,,,,,,,,,,,,,,,,,,,,,,,,,,,,,,,,
17187,2019,6,29,0,15,14.8,0,0,0,1.0,,,,,,,,,,,,,,,,,,,,,,,,,,,,,,,,,,,,
17188,2019,6,29,0,30,14.8,0,0,0,1.0,,,,,,,,,,,,,,,,,,,,,,,,,,,,,,,,,,,,
17189,2019,6,29,0,45,14.8,0,0,0,1.0,,,,,,,,,,,,,,,,,,,,,,,,,,,,,,,,,,,,
17190,2019,6,29,1,0,14.6,0,0,0,1.0,,,,,,,,,,,,,,,,,,,,,,,,,,,,,,,,,,,,
17191,2019,6,29,1,15,14.6,0,0,0,0.9,,,,,,,,,,,,,,,,,,,,,,,,,,,,,,,,,,,,
17192,2019,6,29,1,30,14.6,0,0,0,0.9,,,,,,,,,,,,,,,,,,,,,,,,,,,,,,,,,,,,
17193,2019,6,29,1,45,14.6,0,0,0,0.8,,,,,,,,,,,,,,,,,,,,,,,,,,,,,,,,,,,,
17194,2019,6,29,2,0,14.6,0,0,0,0.8,,,,,,,,,,,,,,,,,,,,,,,,,,,,,,,,,,,,
17195,2019,6,29,2,15,14.7,0,0,0,0.7000000000000001,,,,,,,,,,,,,,,,,,,,,,,,,,,,,,,,,,,,
17196,2019,6,29,2,30,14.8,0,0,0,0.7000000000000001,,,,,,,,,,,,,,,,,,,,,,,,,,,,,,,,,,,,
17197,2019,6,29,2,45,14.8,0,0,0,0.6000000000000001,,,,,,,,,,,,,,,,,,,,,,,,,,,,,,,,,,,,
17198,2019,6,29,3,0,14.9,0,0,0,0.6000000000000001,,,,,,,,,,,,,,,,,,,,,,,,,,,,,,,,,,,,
17199,2019,6,29,3,15,14.9,0,0,0,0.6000000000000001,,,,,,,,,,,,,,,,,,,,,,,,,,,,,,,,,,,,
17200,2019,6,29,3,30,14.9,0,0,0,0.5,,,,,,,,,,,,,,,,,,,,,,,,,,,,,,,,,,,,
17201,2019,6,29,3,45,14.9,0,0,0,0.5,,,,,,,,,,,,,,,,,,,,,,,,,,,,,,,,,,,,
17202,2019,6,29,4,0,14.8,0,0,0,0.5,,,,,,,,,,,,,,,,,,,,,,,,,,,,,,,,,,,,
17203,2019,6,29,4,15,15.1,12,110,15,0.5,,,,,,,,,,,,,,,,,,,,,,,,,,,,,,,,,,,,
17204,2019,6,29,4,30,15.3,20,208,32,0.6000000000000001,,,,,,,,,,,,,,,,,,,,,,,,,,,,,,,,,,,,
17205,2019,6,29,4,45,15.6,28,298,55,0.6000000000000001,,,,,,,,,,,,,,,,,,,,,,,,,,,,,,,,,,,,
17206,2019,6,29,5,0,15.8,36,377,82,0.7000000000000001,,,,,,,,,,,,,,,,,,,,,,,,,,,,,,,,,,,,
17207,2019,6,29,5,15,16.2,42,446,113,0.8,,,,,,,,,,,,,,,,,,,,,,,,,,,,,,,,,,,,
17208,2019,6,29,5,30,16.7,48,505,147,0.8,,,,,,,,,,,,,,,,,,,,,,,,,,,,,,,,,,,,
17209,2019,6,29,5,45,17.1,54,558,183,0.9,,,,,,,,,,,,,,,,,,,,,,,,,,,,,,,,,,,,
17210,2019,6,29,6,0,17.5,59,602,220,1.0,,,,,,,,,,,,,,,,,,,,,,,,,,,,,,,,,,,,
17211,2019,6,29,6,15,18.3,64,641,259,1.1,,,,,,,,,,,,,,,,,,,,,,,,,,,,,,,,,,,,
17212,2019,6,29,6,30,19.1,68,675,299,1.2000000000000002,,,,,,,,,,,,,,,,,,,,,,,,,,,,,,,,,,,,
17213,2019,6,29,6,45,20.0,72,705,339,1.2000000000000002,,,,,,,,,,,,,,,,,,,,,,,,,,,,,,,,,,,,
17214,2019,6,29,7,0,20.8,75,731,379,1.3,,,,,,,,,,,,,,,,,,,,,,,,,,,,,,,,,,,,
17215,2019,6,29,7,15,21.3,79,754,419,1.3,,,,,,,,,,,,,,,,,,,,,,,,,,,,,,,,,,,,
17216,2019,6,29,7,30,21.9,82,778,461,1.2000000000000002,,,,,,,,,,,,,,,,,,,,,,,,,,,,,,,,,,,,
17217,2019,6,29,7,45,22.4,84,797,501,1.2000000000000002,,,,,,,,,,,,,,,,,,,,,,,,,,,,,,,,,,,,
17218,2019,6,29,8,0,23.0,87,814,540,1.2000000000000002,,,,,,,,,,,,,,,,,,,,,,,,,,,,,,,,,,,,
17219,2019,6,29,8,15,23.4,89,829,578,1.2000000000000002,,,,,,,,,,,,,,,,,,,,,,,,,,,,,,,,,,,,
17220,2019,6,29,8,30,23.700000000000003,92,842,615,1.2000000000000002,,,,,,,,,,,,,,,,,,,,,,,,,,,,,,,,,,,,
17221,2019,6,29,8,45,24.1,93,855,650,1.1,,,,,,,,,,,,,,,,,,,,,,,,,,,,,,,,,,,,
17222,2019,6,29,9,0,24.5,95,866,684,1.1,,,,,,,,,,,,,,,,,,,,,,,,,,,,,,,,,,,,
17223,2019,6,29,9,15,24.9,97,875,716,1.1,,,,,,,,,,,,,,,,,,,,,,,,,,,,,,,,,,,,
17224,2019,6,29,9,30,25.200000000000003,98,884,747,1.1,,,,,,,,,,,,,,,,,,,,,,,,,,,,,,,,,,,,
17225,2019,6,29,9,45,25.6,110,872,770,1.1,,,,,,,,,,,,,,,,,,,,,,,,,,,,,,,,,,,,
17226,2019,6,29,10,0,25.9,111,879,796,1.1,,,,,,,,,,,,,,,,,,,,,,,,,,,,,,,,,,,,
17227,2019,6,29,10,15,26.3,112,885,820,1.1,,,,,,,,,,,,,,,,,,,,,,,,,,,,,,,,,,,,
17228,2019,6,29,10,30,26.6,114,890,841,1.1,,,,,,,,,,,,,,,,,,,,,,,,,,,,,,,,,,,,
17229,2019,6,29,10,45,26.9,115,893,860,1.1,,,,,,,,,,,,,,,,,,,,,,,,,,,,,,,,,,,,
17230,2019,6,29,11,0,27.3,116,894,873,1.1,,,,,,,,,,,,,,,,,,,,,,,,,,,,,,,,,,,,
17231,2019,6,29,11,15,27.6,117,898,886,1.1,,,,,,,,,,,,,,,,,,,,,,,,,,,,,,,,,,,,
17232,2019,6,29,11,30,27.9,117,900,897,1.0,,,,,,,,,,,,,,,,,,,,,,,,,,,,,,,,,,,,
17233,2019,6,29,11,45,28.200000000000003,119,900,904,1.0,,,,,,,,,,,,,,,,,,,,,,,,,,,,,,,,,,,,
17234,2019,6,29,12,0,28.5,119,901,909,1.0,,,,,,,,,,,,,,,,,,,,,,,,,,,,,,,,,,,,
17235,2019,6,29,12,15,28.700000000000003,119,902,911,1.0,,,,,,,,,,,,,,,,,,,,,,,,,,,,,,,,,,,,
17236,2019,6,29,12,30,28.9,119,901,910,0.9,,,,,,,,,,,,,,,,,,,,,,,,,,,,,,,,,,,,
17237,2019,6,29,12,45,29.200000000000003,115,906,907,0.9,,,,,,,,,,,,,,,,,,,,,,,,,,,,,,,,,,,,
17238,2019,6,29,13,0,29.4,115,904,901,0.9,,,,,,,,,,,,,,,,,,,,,,,,,,,,,,,,,,,,
17239,2019,6,29,13,15,29.6,114,899,889,0.9,,,,,,,,,,,,,,,,,,,,,,,,,,,,,,,,,,,,
17240,2019,6,29,13,30,29.700000000000003,114,897,876,0.9,,,,,,,,,,,,,,,,,,,,,,,,,,,,,,,,,,,,
17241,2019,6,29,13,45,29.9,114,892,861,0.9,,,,,,,,,,,,,,,,,,,,,,,,,,,,,,,,,,,,
17242,2019,6,29,14,0,30.0,113,887,843,0.9,,,,,,,,,,,,,,,,,,,,,,,,,,,,,,,,,,,,
17243,2019,6,29,14,15,30.1,112,882,822,0.9,,,,,,,,,,,,,,,,,,,,,,,,,,,,,,,,,,,,
17244,2019,6,29,14,30,30.200000000000003,111,877,800,1.0,,,,,,,,,,,,,,,,,,,,,,,,,,,,,,,,,,,,
17245,2019,6,29,14,45,30.200000000000003,110,869,774,1.0,,,,,,,,,,,,,,,,,,,,,,,,,,,,,,,,,,,,
17246,2019,6,29,15,0,30.3,108,861,747,1.0,,,,,,,,,,,,,,,,,,,,,,,,,,,,,,,,,,,,
17247,2019,6,29,15,15,30.3,107,852,717,1.0,,,,,,,,,,,,,,,,,,,,,,,,,,,,,,,,,,,,
17248,2019,6,29,15,30,30.3,105,843,686,1.0,,,,,,,,,,,,,,,,,,,,,,,,,,,,,,,,,,,,
17249,2019,6,29,15,45,30.3,103,831,652,1.0,,,,,,,,,,,,,,,,,,,,,,,,,,,,,,,,,,,,
17250,2019,6,29,16,0,30.3,101,819,618,1.1,,,,,,,,,,,,,,,,,,,,,,,,,,,,,,,,,,,,
17251,2019,6,29,16,15,30.200000000000003,98,806,581,1.1,,,,,,,,,,,,,,,,,,,,,,,,,,,,,,,,,,,,
17252,2019,6,29,16,30,30.200000000000003,96,791,544,1.0,,,,,,,,,,,,,,,,,,,,,,,,,,,,,,,,,,,,
17253,2019,6,29,16,45,30.1,93,774,506,1.0,,,,,,,,,,,,,,,,,,,,,,,,,,,,,,,,,,,,
17254,2019,6,29,17,0,30.0,90,755,466,1.0,,,,,,,,,,,,,,,,,,,,,,,,,,,,,,,,,,,,
17255,2019,6,29,17,15,29.8,86,734,426,1.0,,,,,,,,,,,,,,,,,,,,,,,,,,,,,,,,,,,,
17256,2019,6,29,17,30,29.5,83,711,386,0.9,,,,,,,,,,,,,,,,,,,,,,,,,,,,,,,,,,,,
17257,2019,6,29,17,45,29.3,79,684,346,0.9,,,,,,,,,,,,,,,,,,,,,,,,,,,,,,,,,,,,
17258,2019,6,29,18,0,29.1,75,657,307,0.9,,,,,,,,,,,,,,,,,,,,,,,,,,,,,,,,,,,,
17259,2019,6,29,18,15,28.5,71,622,268,0.8,,,,,,,,,,,,,,,,,,,,,,,,,,,,,,,,,,,,
17260,2019,6,29,18,30,27.8,66,583,229,0.8,,,,,,,,,,,,,,,,,,,,,,,,,,,,,,,,,,,,
17261,2019,6,29,18,45,27.200000000000003,60,538,191,0.7000000000000001,,,,,,,,,,,,,,,,,,,,,,,,,,,,,,,,,,,,
17262,2019,6,29,19,0,26.6,54,487,155,0.7000000000000001,,,,,,,,,,,,,,,,,,,,,,,,,,,,,,,,,,,,
17263,2019,6,29,19,15,26.0,48,428,121,0.8,,,,,,,,,,,,,,,,,,,,,,,,,,,,,,,,,,,,
17264,2019,6,29,19,30,25.4,41,360,89,0.8,,,,,,,,,,,,,,,,,,,,,,,,,,,,,,,,,,,,
17265,2019,6,29,19,45,24.8,33,281,61,0.9,,,,,,,,,,,,,,,,,,,,,,,,,,,,,,,,,,,,
17266,2019,6,29,20,0,24.200000000000003,24,192,37,1.0,,,,,,,,,,,,,,,,,,,,,,,,,,,,,,,,,,,,
17267,2019,6,29,20,15,23.700000000000003,15,99,18,1.0,,,,,,,,,,,,,,,,,,,,,,,,,,,,,,,,,,,,
17268,2019,6,29,20,30,23.200000000000003,0,0,0,1.1,,,,,,,,,,,,,,,,,,,,,,,,,,,,,,,,,,,,
17269,2019,6,29,20,45,22.8,0,0,0,1.1,,,,,,,,,,,,,,,,,,,,,,,,,,,,,,,,,,,,
17270,2019,6,29,21,0,22.3,0,0,0,1.2000000000000002,,,,,,,,,,,,,,,,,,,,,,,,,,,,,,,,,,,,
17271,2019,6,29,21,15,21.8,0,0,0,1.2000000000000002,,,,,,,,,,,,,,,,,,,,,,,,,,,,,,,,,,,,
17272,2019,6,29,21,30,21.3,0,0,0,1.2000000000000002,,,,,,,,,,,,,,,,,,,,,,,,,,,,,,,,,,,,
17273,2019,6,29,21,45,20.8,0,0,0,1.3,,,,,,,,,,,,,,,,,,,,,,,,,,,,,,,,,,,,
17274,2019,6,29,22,0,20.4,0,0,0,1.3,,,,,,,,,,,,,,,,,,,,,,,,,,,,,,,,,,,,
17275,2019,6,29,22,15,20.0,0,0,0,1.3,,,,,,,,,,,,,,,,,,,,,,,,,,,,,,,,,,,,
17276,2019,6,29,22,30,19.700000000000003,0,0,0,1.3,,,,,,,,,,,,,,,,,,,,,,,,,,,,,,,,,,,,
17277,2019,6,29,22,45,19.3,0,0,0,1.3,,,,,,,,,,,,,,,,,,,,,,,,,,,,,,,,,,,,
17278,2019,6,29,23,0,19.0,0,0,0,1.3,,,,,,,,,,,,,,,,,,,,,,,,,,,,,,,,,,,,
17279,2019,6,29,23,15,18.8,0,0,0,1.4,,,,,,,,,,,,,,,,,,,,,,,,,,,,,,,,,,,,
17280,2019,6,29,23,30,18.6,0,0,0,1.4,,,,,,,,,,,,,,,,,,,,,,,,,,,,,,,,,,,,
17281,2019,6,29,23,45,18.3,0,0,0,1.4,,,,,,,,,,,,,,,,,,,,,,,,,,,,,,,,,,,,
17282,2019,6,30,0,0,18.1,0,0,0,1.4,,,,,,,,,,,,,,,,,,,,,,,,,,,,,,,,,,,,
17283,2019,6,30,0,15,18.1,0,0,0,1.4,,,,,,,,,,,,,,,,,,,,,,,,,,,,,,,,,,,,
17284,2019,6,30,0,30,18.1,0,0,0,1.4,,,,,,,,,,,,,,,,,,,,,,,,,,,,,,,,,,,,
17285,2019,6,30,0,45,18.1,0,0,0,1.4,,,,,,,,,,,,,,,,,,,,,,,,,,,,,,,,,,,,
17286,2019,6,30,1,0,17.400000000000002,0,0,0,1.5,,,,,,,,,,,,,,,,,,,,,,,,,,,,,,,,,,,,
17287,2019,6,30,1,15,17.3,0,0,0,1.6,,,,,,,,,,,,,,,,,,,,,,,,,,,,,,,,,,,,
17288,2019,6,30,1,30,17.1,0,0,0,1.6,,,,,,,,,,,,,,,,,,,,,,,,,,,,,,,,,,,,
17289,2019,6,30,1,45,17.0,0,0,0,1.7000000000000002,,,,,,,,,,,,,,,,,,,,,,,,,,,,,,,,,,,,
17290,2019,6,30,2,0,16.900000000000002,0,0,0,1.7000000000000002,,,,,,,,,,,,,,,,,,,,,,,,,,,,,,,,,,,,
17291,2019,6,30,2,15,16.8,0,0,0,1.8,,,,,,,,,,,,,,,,,,,,,,,,,,,,,,,,,,,,
17292,2019,6,30,2,30,16.7,0,0,0,1.9,,,,,,,,,,,,,,,,,,,,,,,,,,,,,,,,,,,,
17293,2019,6,30,2,45,16.6,0,0,0,1.9,,,,,,,,,,,,,,,,,,,,,,,,,,,,,,,,,,,,
17294,2019,6,30,3,0,16.6,0,0,0,2.0,,,,,,,,,,,,,,,,,,,,,,,,,,,,,,,,,,,,
17295,2019,6,30,3,15,16.7,0,0,0,2.1,,,,,,,,,,,,,,,,,,,,,,,,,,,,,,,,,,,,
17296,2019,6,30,3,30,16.7,0,0,0,2.2,,,,,,,,,,,,,,,,,,,,,,,,,,,,,,,,,,,,
17297,2019,6,30,3,45,16.8,0,0,0,2.3000000000000003,,,,,,,,,,,,,,,,,,,,,,,,,,,,,,,,,,,,
17298,2019,6,30,4,0,16.900000000000002,0,0,0,2.4000000000000004,,,,,,,,,,,,,,,,,,,,,,,,,,,,,,,,,,,,
17299,2019,6,30,4,15,17.400000000000002,11,93,14,2.6,,,,,,,,,,,,,,,,,,,,,,,,,,,,,,,,,,,,
17300,2019,6,30,4,30,17.900000000000002,20,189,30,2.8000000000000003,,,,,,,,,,,,,,,,,,,,,,,,,,,,,,,,,,,,
17301,2019,6,30,4,45,18.4,28,284,53,3.0,,,,,,,,,,,,,,,,,,,,,,,,,,,,,,,,,,,,
17302,2019,6,30,5,0,18.9,36,365,80,3.3000000000000003,,,,,,,,,,,,,,,,,,,,,,,,,,,,,,,,,,,,
17303,2019,6,30,5,15,19.4,43,436,111,3.3000000000000003,,,,,,,,,,,,,,,,,,,,,,,,,,,,,,,,,,,,
17304,2019,6,30,5,30,19.9,49,496,145,3.3000000000000003,,,,,,,,,,,,,,,,,,,,,,,,,,,,,,,,,,,,
17305,2019,6,30,5,45,20.4,54,550,181,3.3000000000000003,,,,,,,,,,,,,,,,,,,,,,,,,,,,,,,,,,,,
17306,2019,6,30,6,0,20.9,59,595,218,3.4000000000000004,,,,,,,,,,,,,,,,,,,,,,,,,,,,,,,,,,,,
17307,2019,6,30,6,15,21.6,64,634,257,3.3000000000000003,,,,,,,,,,,,,,,,,,,,,,,,,,,,,,,,,,,,
17308,2019,6,30,6,30,22.3,68,668,296,3.3000000000000003,,,,,,,,,,,,,,,,,,,,,,,,,,,,,,,,,,,,
17309,2019,6,30,6,45,23.0,72,701,337,3.2,,,,,,,,,,,,,,,,,,,,,,,,,,,,,,,,,,,,
17310,2019,6,30,7,0,23.700000000000003,76,727,377,3.2,,,,,,,,,,,,,,,,,,,,,,,,,,,,,,,,,,,,
17311,2019,6,30,7,15,24.700000000000003,79,751,417,3.4000000000000004,,,,,,,,,,,,,,,,,,,,,,,,,,,,,,,,,,,,
17312,2019,6,30,7,30,25.6,83,772,458,3.5,,,,,,,,,,,,,,,,,,,,,,,,,,,,,,,,,,,,
17313,2019,6,30,7,45,26.5,84,796,499,3.7,,,,,,,,,,,,,,,,,,,,,,,,,,,,,,,,,,,,
17314,2019,6,30,8,0,27.5,86,812,537,3.9,,,,,,,,,,,,,,,,,,,,,,,,,,,,,,,,,,,,
17315,2019,6,30,8,15,28.0,89,830,577,3.9,,,,,,,,,,,,,,,,,,,,,,,,,,,,,,,,,,,,
17316,2019,6,30,8,30,28.6,91,843,614,4.0,,,,,,,,,,,,,,,,,,,,,,,,,,,,,,,,,,,,
17317,2019,6,30,8,45,29.200000000000003,90,862,651,4.0,,,,,,,,,,,,,,,,,,,,,,,,,,,,,,,,,,,,
17318,2019,6,30,9,0,29.700000000000003,91,873,685,4.0,,,,,,,,,,,,,,,,,,,,,,,,,,,,,,,,,,,,
17319,2019,6,30,9,15,30.200000000000003,93,882,717,4.0,,,,,,,,,,,,,,,,,,,,,,,,,,,,,,,,,,,,
17320,2019,6,30,9,30,30.6,95,890,747,4.0,,,,,,,,,,,,,,,,,,,,,,,,,,,,,,,,,,,,
17321,2019,6,30,9,45,31.0,93,904,777,4.0,,,,,,,,,,,,,,,,,,,,,,,,,,,,,,,,,,,,
17322,2019,6,30,10,0,31.5,94,910,803,4.0,,,,,,,,,,,,,,,,,,,,,,,,,,,,,,,,,,,,
17323,2019,6,30,10,15,31.8,95,916,827,4.1000000000000005,,,,,,,,,,,,,,,,,,,,,,,,,,,,,,,,,,,,
17324,2019,6,30,10,30,32.2,96,920,848,4.1000000000000005,,,,,,,,,,,,,,,,,,,,,,,,,,,,,,,,,,,,
17325,2019,6,30,10,45,32.6,97,926,867,4.1000000000000005,,,,,,,,,,,,,,,,,,,,,,,,,,,,,,,,,,,,
17326,2019,6,30,11,0,32.9,97,929,883,4.1000000000000005,,,,,,,,,,,,,,,,,,,,,,,,,,,,,,,,,,,,
17327,2019,6,30,11,15,33.2,98,932,896,4.2,,,,,,,,,,,,,,,,,,,,,,,,,,,,,,,,,,,,
17328,2019,6,30,11,30,33.5,98,934,907,4.2,,,,,,,,,,,,,,,,,,,,,,,,,,,,,,,,,,,,
17329,2019,6,30,11,45,33.800000000000004,104,927,913,4.2,,,,,,,,,,,,,,,,,,,,,,,,,,,,,,,,,,,,
17330,2019,6,30,12,0,34.0,104,925,915,4.3,,,,,,,,,,,,,,,,,,,,,,,,,,,,,,,,,,,,
17331,2019,6,30,12,15,34.2,105,926,917,4.3,,,,,,,,,,,,,,,,,,,,,,,,,,,,,,,,,,,,
17332,2019,6,30,12,30,34.4,105,925,916,4.3,,,,,,,,,,,,,,,,,,,,,,,,,,,,,,,,,,,,
17333,2019,6,30,12,45,34.5,123,891,902,4.4,,,,,,,,,,,,,,,,,,,,,,,,,,,,,,,,,,,,
17334,2019,6,30,13,0,34.7,122,890,895,4.4,,,,,,,,,,,,,,,,,,,,,,,,,,,,,,,,,,,,
17335,2019,6,30,13,15,34.7,122,885,883,4.4,,,,,,,,,,,,,,,,,,,,,,,,,,,,,,,,,,,,
17336,2019,6,30,13,30,34.800000000000004,121,880,869,4.4,,,,,,,,,,,,,,,,,,,,,,,,,,,,,,,,,,,,
17337,2019,6,30,13,45,34.800000000000004,133,853,848,4.4,,,,,,,,,,,,,,,,,,,,,,,,,,,,,,,,,,,,
17338,2019,6,30,14,0,34.9,132,846,828,4.4,,,,,,,,,,,,,,,,,,,,,,,,,,,,,,,,,,,,
17339,2019,6,30,14,15,34.9,130,839,805,4.4,,,,,,,,,,,,,,,,,,,,,,,,,,,,,,,,,,,,
17340,2019,6,30,14,30,34.800000000000004,129,830,781,4.4,,,,,,,,,,,,,,,,,,,,,,,,,,,,,,,,,,,,
17341,2019,6,30,14,45,34.800000000000004,142,793,748,4.5,,,,,,,,,,,,,,,,,,,,,,,,,,,,,,,,,,,,
17342,2019,6,30,15,0,34.7,140,782,719,4.5,,,,,,,,,,,,,,,,,,,,,,,,,,,,,,,,,,,,
17343,2019,6,30,15,15,34.6,137,770,688,4.5,,,,,,,,,,,,,,,,,,,,,,,,,,,,,,,,,,,,
17344,2019,6,30,15,30,34.4,133,755,654,4.5,,,,,,,,,,,,,,,,,,,,,,,,,,,,,,,,,,,,
17345,2019,6,30,15,45,34.300000000000004,144,709,613,4.6000000000000005,,,,,,,,,,,,,,,,,,,,,,,,,,,,,,,,,,,,
17346,2019,6,30,16,0,34.1,141,692,577,4.6000000000000005,,,,,,,,,,,,,,,,,,,,,,,,,,,,,,,,,,,,
17347,2019,6,30,16,15,33.800000000000004,138,675,542,4.6000000000000005,,,,,,,,,,,,,,,,,,,,,,,,,,,,,,,,,,,,
17348,2019,6,30,16,30,33.5,134,653,504,4.6000000000000005,,,,,,,,,,,,,,,,,,,,,,,,,,,,,,,,,,,,
17349,2019,6,30,16,45,33.2,144,590,458,4.7,,,,,,,,,,,,,,,,,,,,,,,,,,,,,,,,,,,,
17350,2019,6,30,17,0,32.9,138,565,420,4.7,,,,,,,,,,,,,,,,,,,,,,,,,,,,,,,,,,,,
17351,2019,6,30,17,15,32.4,132,539,382,4.6000000000000005,,,,,,,,,,,,,,,,,,,,,,,,,,,,,,,,,,,,
17352,2019,6,30,17,30,31.9,126,511,344,4.6000000000000005,,,,,,,,,,,,,,,,,,,,,,,,,,,,,,,,,,,,
17353,2019,6,30,17,45,31.4,121,420,285,4.5,,,,,,,,,,,,,,,,,,,,,,,,,,,,,,,,,,,,
17354,2019,6,30,18,0,30.9,121,396,261,4.4,,,,,,,,,,,,,,,,,,,,,,,,,,,,,,,,,,,,
17355,2019,6,30,18,15,30.200000000000003,112,359,225,4.2,,,,,,,,,,,,,,,,,,,,,,,,,,,,,,,,,,,,
17356,2019,6,30,18,30,29.5,101,318,190,3.9,,,,,,,,,,,,,,,,,,,,,,,,,,,,,,,,,,,,
17357,2019,6,30,18,45,28.8,95,246,154,3.7,,,,,,,,,,,,,,,,,,,,,,,,,,,,,,,,,,,,
17358,2019,6,30,19,0,28.1,81,200,122,3.4000000000000004,,,,,,,,,,,,,,,,,,,,,,,,,,,,,,,,,,,,
17359,2019,6,30,19,15,27.5,67,154,93,3.1,,,,,,,,,,,,,,,,,,,,,,,,,,,,,,,,,,,,
17360,2019,6,30,19,30,26.9,51,108,66,2.8000000000000003,,,,,,,,,,,,,,,,,,,,,,,,,,,,,,,,,,,,
17361,2019,6,30,19,45,26.3,35,61,41,2.6,,,,,,,,,,,,,,,,,,,,,,,,,,,,,,,,,,,,
17362,2019,6,30,20,0,25.700000000000003,20,27,22,2.3000000000000003,,,,,,,,,,,,,,,,,,,,,,,,,,,,,,,,,,,,
17363,2019,6,30,20,15,25.3,8,7,8,2.2,,,,,,,,,,,,,,,,,,,,,,,,,,,,,,,,,,,,
17364,2019,6,30,20,30,25.0,0,0,0,2.2,,,,,,,,,,,,,,,,,,,,,,,,,,,,,,,,,,,,
17365,2019,6,30,20,45,24.6,0,0,0,2.2,,,,,,,,,,,,,,,,,,,,,,,,,,,,,,,,,,,,
17366,2019,6,30,21,0,24.200000000000003,0,0,0,2.2,,,,,,,,,,,,,,,,,,,,,,,,,,,,,,,,,,,,
17367,2019,6,30,21,15,23.9,0,0,0,2.3000000000000003,,,,,,,,,,,,,,,,,,,,,,,,,,,,,,,,,,,,
17368,2019,6,30,21,30,23.6,0,0,0,2.4000000000000004,,,,,,,,,,,,,,,,,,,,,,,,,,,,,,,,,,,,
17369,2019,6,30,21,45,23.3,0,0,0,2.4000000000000004,,,,,,,,,,,,,,,,,,,,,,,,,,,,,,,,,,,,
17370,2019,6,30,22,0,23.0,0,0,0,2.5,,,,,,,,,,,,,,,,,,,,,,,,,,,,,,,,,,,,
17371,2019,6,30,22,15,22.700000000000003,0,0,0,2.5,,,,,,,,,,,,,,,,,,,,,,,,,,,,,,,,,,,,
17372,2019,6,30,22,30,22.3,0,0,0,2.4000000000000004,,,,,,,,,,,,,,,,,,,,,,,,,,,,,,,,,,,,
17373,2019,6,30,22,45,21.9,0,0,0,2.3000000000000003,,,,,,,,,,,,,,,,,,,,,,,,,,,,,,,,,,,,
17374,2019,6,30,23,0,21.5,0,0,0,2.3000000000000003,,,,,,,,,,,,,,,,,,,,,,,,,,,,,,,,,,,,
17375,2019,6,30,23,15,21.1,0,0,0,2.1,,,,,,,,,,,,,,,,,,,,,,,,,,,,,,,,,,,,
17376,2019,6,30,23,30,20.8,0,0,0,2.0,,,,,,,,,,,,,,,,,,,,,,,,,,,,,,,,,,,,
17377,2019,6,30,23,45,20.4,0,0,0,1.9,,,,,,,,,,,,,,,,,,,,,,,,,,,,,,,,,,,,
17378,2019,7,1,0,0,20.0,0,0,0,1.8,,,,,,,,,,,,,,,,,,,,,,,,,,,,,,,,,,,,
17379,2019,7,1,0,15,20.0,0,0,0,1.8,,,,,,,,,,,,,,,,,,,,,,,,,,,,,,,,,,,,
17380,2019,7,1,0,30,20.0,0,0,0,1.8,,,,,,,,,,,,,,,,,,,,,,,,,,,,,,,,,,,,
17381,2019,7,1,0,45,20.0,0,0,0,1.8,,,,,,,,,,,,,,,,,,,,,,,,,,,,,,,,,,,,
17382,2019,7,1,1,0,18.9,0,0,0,1.4,,,,,,,,,,,,,,,,,,,,,,,,,,,,,,,,,,,,
17383,2019,7,1,1,15,18.7,0,0,0,1.3,,,,,,,,,,,,,,,,,,,,,,,,,,,,,,,,,,,,
17384,2019,7,1,1,30,18.4,0,0,0,1.3,,,,,,,,,,,,,,,,,,,,,,,,,,,,,,,,,,,,
17385,2019,7,1,1,45,18.2,0,0,0,1.2000000000000002,,,,,,,,,,,,,,,,,,,,,,,,,,,,,,,,,,,,
17386,2019,7,1,2,0,18.0,0,0,0,1.1,,,,,,,,,,,,,,,,,,,,,,,,,,,,,,,,,,,,
17387,2019,7,1,2,15,17.8,0,0,0,1.1,,,,,,,,,,,,,,,,,,,,,,,,,,,,,,,,,,,,
17388,2019,7,1,2,30,17.7,0,0,0,1.0,,,,,,,,,,,,,,,,,,,,,,,,,,,,,,,,,,,,
17389,2019,7,1,2,45,17.5,0,0,0,1.0,,,,,,,,,,,,,,,,,,,,,,,,,,,,,,,,,,,,
17390,2019,7,1,3,0,17.3,0,0,0,0.9,,,,,,,,,,,,,,,,,,,,,,,,,,,,,,,,,,,,
17391,2019,7,1,3,15,17.3,0,0,0,0.9,,,,,,,,,,,,,,,,,,,,,,,,,,,,,,,,,,,,
17392,2019,7,1,3,30,17.3,0,0,0,0.9,,,,,,,,,,,,,,,,,,,,,,,,,,,,,,,,,,,,
17393,2019,7,1,3,45,17.400000000000002,0,0,0,0.9,,,,,,,,,,,,,,,,,,,,,,,,,,,,,,,,,,,,
17394,2019,7,1,4,0,17.400000000000002,0,0,0,0.9,,,,,,,,,,,,,,,,,,,,,,,,,,,,,,,,,,,,
17395,2019,7,1,4,15,17.6,6,7,7,0.9,,,,,,,,,,,,,,,,,,,,,,,,,,,,,,,,,,,,
17396,2019,7,1,4,30,17.900000000000002,8,0,8,1.0,,,,,,,,,,,,,,,,,,,,,,,,,,,,,,,,,,,,
17397,2019,7,1,4,45,18.2,11,0,11,1.1,,,,,,,,,,,,,,,,,,,,,,,,,,,,,,,,,,,,
17398,2019,7,1,5,0,18.4,15,0,15,1.1,,,,,,,,,,,,,,,,,,,,,,,,,,,,,,,,,,,,
17399,2019,7,1,5,15,18.7,7,0,7,1.1,,,,,,,,,,,,,,,,,,,,,,,,,,,,,,,,,,,,
17400,2019,7,1,5,30,19.1,10,0,10,1.1,,,,,,,,,,,,,,,,,,,,,,,,,,,,,,,,,,,,
17401,2019,7,1,5,45,19.4,12,0,12,1.1,,,,,,,,,,,,,,,,,,,,,,,,,,,,,,,,,,,,
17402,2019,7,1,6,0,19.700000000000003,15,0,15,1.1,,,,,,,,,,,,,,,,,,,,,,,,,,,,,,,,,,,,
17403,2019,7,1,6,15,20.1,40,0,40,1.2000000000000002,,,,,,,,,,,,,,,,,,,,,,,,,,,,,,,,,,,,
17404,2019,7,1,6,30,20.5,123,31,134,1.2000000000000002,,,,,,,,,,,,,,,,,,,,,,,,,,,,,,,,,,,,
17405,2019,7,1,6,45,20.9,13,0,13,1.2000000000000002,,,,,,,,,,,,,,,,,,,,,,,,,,,,,,,,,,,,
17406,2019,7,1,7,0,21.3,53,0,53,1.2000000000000002,,,,,,,,,,,,,,,,,,,,,,,,,,,,,,,,,,,,
17407,2019,7,1,7,15,21.6,90,0,90,1.4,,,,,,,,,,,,,,,,,,,,,,,,,,,,,,,,,,,,
17408,2019,7,1,7,30,22.0,23,0,23,1.7000000000000002,,,,,,,,,,,,,,,,,,,,,,,,,,,,,,,,,,,,
17409,2019,7,1,7,45,22.3,44,0,44,1.9,,,,,,,,,,,,,,,,,,,,,,,,,,,,,,,,,,,,
17410,2019,7,1,8,0,22.700000000000003,33,0,33,2.1,,,,,,,,,,,,,,,,,,,,,,,,,,,,,,,,,,,,
17411,2019,7,1,8,15,22.8,51,0,51,2.4000000000000004,,,,,,,,,,,,,,,,,,,,,,,,,,,,,,,,,,,,
17412,2019,7,1,8,30,22.9,66,0,66,2.6,,,,,,,,,,,,,,,,,,,,,,,,,,,,,,,,,,,,
17413,2019,7,1,8,45,23.1,291,112,364,2.9000000000000004,,,,,,,,,,,,,,,,,,,,,,,,,,,,,,,,,,,,
17414,2019,7,1,9,0,23.200000000000003,310,139,404,3.2,,,,,,,,,,,,,,,,,,,,,,,,,,,,,,,,,,,,
17415,2019,7,1,9,15,23.3,325,128,415,3.3000000000000003,,,,,,,,,,,,,,,,,,,,,,,,,,,,,,,,,,,,
17416,2019,7,1,9,30,23.4,341,162,460,3.4000000000000004,,,,,,,,,,,,,,,,,,,,,,,,,,,,,,,,,,,,
17417,2019,7,1,9,45,23.5,355,181,492,3.5,,,,,,,,,,,,,,,,,,,,,,,,,,,,,,,,,,,,
17418,2019,7,1,10,0,23.6,336,341,601,3.6,,,,,,,,,,,,,,,,,,,,,,,,,,,,,,,,,,,,
17419,2019,7,1,10,15,24.1,351,330,614,3.7,,,,,,,,,,,,,,,,,,,,,,,,,,,,,,,,,,,,
17420,2019,7,1,10,30,24.5,359,338,635,3.9,,,,,,,,,,,,,,,,,,,,,,,,,,,,,,,,,,,,
17421,2019,7,1,10,45,25.0,393,241,594,4.1000000000000005,,,,,,,,,,,,,,,,,,,,,,,,,,,,,,,,,,,,
17422,2019,7,1,11,0,25.5,401,247,609,4.3,,,,,,,,,,,,,,,,,,,,,,,,,,,,,,,,,,,,
17423,2019,7,1,11,15,25.8,398,285,643,4.4,,,,,,,,,,,,,,,,,,,,,,,,,,,,,,,,,,,,
17424,2019,7,1,11,30,26.1,362,392,701,4.5,,,,,,,,,,,,,,,,,,,,,,,,,,,,,,,,,,,,
17425,2019,7,1,11,45,26.3,177,775,853,4.6000000000000005,,,,,,,,,,,,,,,,,,,,,,,,,,,,,,,,,,,,
17426,2019,7,1,12,0,26.6,403,313,677,4.800000000000001,,,,,,,,,,,,,,,,,,,,,,,,,,,,,,,,,,,,
17427,2019,7,1,12,15,26.8,402,317,680,4.800000000000001,,,,,,,,,,,,,,,,,,,,,,,,,,,,,,,,,,,,
17428,2019,7,1,12,30,26.9,418,255,642,4.800000000000001,,,,,,,,,,,,,,,,,,,,,,,,,,,,,,,,,,,,
17429,2019,7,1,12,45,27.0,417,253,638,4.800000000000001,,,,,,,,,,,,,,,,,,,,,,,,,,,,,,,,,,,,
17430,2019,7,1,13,0,27.1,155,814,861,4.800000000000001,,,,,,,,,,,,,,,,,,,,,,,,,,,,,,,,,,,,
17431,2019,7,1,13,15,27.200000000000003,154,811,852,4.9,,,,,,,,,,,,,,,,,,,,,,,,,,,,,,,,,,,,
17432,2019,7,1,13,30,27.3,152,810,840,5.0,,,,,,,,,,,,,,,,,,,,,,,,,,,,,,,,,,,,
17433,2019,7,1,13,45,27.3,135,835,833,5.0,,,,,,,,,,,,,,,,,,,,,,,,,,,,,,,,,,,,
17434,2019,7,1,14,0,27.4,134,832,817,5.1000000000000005,,,,,,,,,,,,,,,,,,,,,,,,,,,,,,,,,,,,
17435,2019,7,1,14,15,27.3,132,826,797,5.1000000000000005,,,,,,,,,,,,,,,,,,,,,,,,,,,,,,,,,,,,
17436,2019,7,1,14,30,27.200000000000003,131,822,777,5.1000000000000005,,,,,,,,,,,,,,,,,,,,,,,,,,,,,,,,,,,,
17437,2019,7,1,14,45,27.200000000000003,121,830,756,5.1000000000000005,,,,,,,,,,,,,,,,,,,,,,,,,,,,,,,,,,,,
17438,2019,7,1,15,0,27.1,120,822,729,5.2,,,,,,,,,,,,,,,,,,,,,,,,,,,,,,,,,,,,
17439,2019,7,1,15,15,26.9,118,815,701,5.2,,,,,,,,,,,,,,,,,,,,,,,,,,,,,,,,,,,,
17440,2019,7,1,15,30,26.700000000000003,116,805,670,5.2,,,,,,,,,,,,,,,,,,,,,,,,,,,,,,,,,,,,
17441,2019,7,1,15,45,26.6,112,797,639,5.2,,,,,,,,,,,,,,,,,,,,,,,,,,,,,,,,,,,,
17442,2019,7,1,16,0,26.4,110,785,604,5.2,,,,,,,,,,,,,,,,,,,,,,,,,,,,,,,,,,,,
17443,2019,7,1,16,15,26.200000000000003,107,770,569,5.1000000000000005,,,,,,,,,,,,,,,,,,,,,,,,,,,,,,,,,,,,
17444,2019,7,1,16,30,26.0,104,755,532,5.1000000000000005,,,,,,,,,,,,,,,,,,,,,,,,,,,,,,,,,,,,
17445,2019,7,1,16,45,25.700000000000003,100,738,494,5.1000000000000005,,,,,,,,,,,,,,,,,,,,,,,,,,,,,,,,,,,,
17446,2019,7,1,17,0,25.5,179,372,365,5.0,,,,,,,,,,,,,,,,,,,,,,,,,,,,,,,,,,,,
17447,2019,7,1,17,15,25.200000000000003,153,419,347,4.9,,,,,,,,,,,,,,,,,,,,,,,,,,,,,,,,,,,,
17448,2019,7,1,17,30,24.9,147,362,302,4.800000000000001,,,,,,,,,,,,,,,,,,,,,,,,,,,,,,,,,,,,
17449,2019,7,1,17,45,24.6,84,650,338,4.7,,,,,,,,,,,,,,,,,,,,,,,,,,,,,,,,,,,,
17450,2019,7,1,18,0,24.200000000000003,80,619,298,4.6000000000000005,,,,,,,,,,,,,,,,,,,,,,,,,,,,,,,,,,,,
17451,2019,7,1,18,15,23.8,76,587,261,4.4,,,,,,,,,,,,,,,,,,,,,,,,,,,,,,,,,,,,
17452,2019,7,1,18,30,23.3,70,547,223,4.1000000000000005,,,,,,,,,,,,,,,,,,,,,,,,,,,,,,,,,,,,
17453,2019,7,1,18,45,22.8,63,510,186,3.9,,,,,,,,,,,,,,,,,,,,,,,,,,,,,,,,,,,,
17454,2019,7,1,19,0,22.3,57,458,151,3.7,,,,,,,,,,,,,,,,,,,,,,,,,,,,,,,,,,,,
17455,2019,7,1,19,15,21.700000000000003,50,402,118,3.5,,,,,,,,,,,,,,,,,,,,,,,,,,,,,,,,,,,,
17456,2019,7,1,19,30,21.1,42,335,86,3.3000000000000003,,,,,,,,,,,,,,,,,,,,,,,,,,,,,,,,,,,,
17457,2019,7,1,19,45,20.5,33,269,59,3.1,,,,,,,,,,,,,,,,,,,,,,,,,,,,,,,,,,,,
17458,2019,7,1,20,0,19.8,23,184,36,2.8000000000000003,,,,,,,,,,,,,,,,,,,,,,,,,,,,,,,,,,,,
17459,2019,7,1,20,15,19.4,14,96,18,2.8000000000000003,,,,,,,,,,,,,,,,,,,,,,,,,,,,,,,,,,,,
17460,2019,7,1,20,30,19.0,0,0,0,2.8000000000000003,,,,,,,,,,,,,,,,,,,,,,,,,,,,,,,,,,,,
17461,2019,7,1,20,45,18.6,0,0,0,2.7,,,,,,,,,,,,,,,,,,,,,,,,,,,,,,,,,,,,
17462,2019,7,1,21,0,18.2,0,0,0,2.7,,,,,,,,,,,,,,,,,,,,,,,,,,,,,,,,,,,,
17463,2019,7,1,21,15,17.8,0,0,0,2.6,,,,,,,,,,,,,,,,,,,,,,,,,,,,,,,,,,,,
17464,2019,7,1,21,30,17.5,0,0,0,2.6,,,,,,,,,,,,,,,,,,,,,,,,,,,,,,,,,,,,
17465,2019,7,1,21,45,17.2,0,0,0,2.6,,,,,,,,,,,,,,,,,,,,,,,,,,,,,,,,,,,,
17466,2019,7,1,22,0,16.900000000000002,0,0,0,2.5,,,,,,,,,,,,,,,,,,,,,,,,,,,,,,,,,,,,
17467,2019,7,1,22,15,16.6,0,0,0,2.5,,,,,,,,,,,,,,,,,,,,,,,,,,,,,,,,,,,,
17468,2019,7,1,22,30,16.3,0,0,0,2.4000000000000004,,,,,,,,,,,,,,,,,,,,,,,,,,,,,,,,,,,,
17469,2019,7,1,22,45,16.0,0,0,0,2.4000000000000004,,,,,,,,,,,,,,,,,,,,,,,,,,,,,,,,,,,,
17470,2019,7,1,23,0,15.7,0,0,0,2.3000000000000003,,,,,,,,,,,,,,,,,,,,,,,,,,,,,,,,,,,,
17471,2019,7,1,23,15,15.5,0,0,0,2.2,,,,,,,,,,,,,,,,,,,,,,,,,,,,,,,,,,,,
17472,2019,7,1,23,30,15.2,0,0,0,2.2,,,,,,,,,,,,,,,,,,,,,,,,,,,,,,,,,,,,
17473,2019,7,1,23,45,15.0,0,0,0,2.1,,,,,,,,,,,,,,,,,,,,,,,,,,,,,,,,,,,,
17474,2019,7,2,0,0,14.7,0,0,0,2.1,,,,,,,,,,,,,,,,,,,,,,,,,,,,,,,,,,,,
17475,2019,7,2,0,15,14.7,0,0,0,2.1,,,,,,,,,,,,,,,,,,,,,,,,,,,,,,,,,,,,
17476,2019,7,2,0,30,14.7,0,0,0,2.1,,,,,,,,,,,,,,,,,,,,,,,,,,,,,,,,,,,,
17477,2019,7,2,0,45,14.7,0,0,0,2.1,,,,,,,,,,,,,,,,,,,,,,,,,,,,,,,,,,,,
17478,2019,7,2,1,0,13.9,0,0,0,1.9,,,,,,,,,,,,,,,,,,,,,,,,,,,,,,,,,,,,
17479,2019,7,2,1,15,13.8,0,0,0,1.9,,,,,,,,,,,,,,,,,,,,,,,,,,,,,,,,,,,,
17480,2019,7,2,1,30,13.6,0,0,0,1.9,,,,,,,,,,,,,,,,,,,,,,,,,,,,,,,,,,,,
17481,2019,7,2,1,45,13.5,0,0,0,1.9,,,,,,,,,,,,,,,,,,,,,,,,,,,,,,,,,,,,
17482,2019,7,2,2,0,13.3,0,0,0,1.9,,,,,,,,,,,,,,,,,,,,,,,,,,,,,,,,,,,,
17483,2019,7,2,2,15,13.2,0,0,0,1.9,,,,,,,,,,,,,,,,,,,,,,,,,,,,,,,,,,,,
17484,2019,7,2,2,30,13.1,0,0,0,2.0,,,,,,,,,,,,,,,,,,,,,,,,,,,,,,,,,,,,
17485,2019,7,2,2,45,12.9,0,0,0,2.0,,,,,,,,,,,,,,,,,,,,,,,,,,,,,,,,,,,,
17486,2019,7,2,3,0,12.8,0,0,0,2.0,,,,,,,,,,,,,,,,,,,,,,,,,,,,,,,,,,,,
17487,2019,7,2,3,15,12.8,0,0,0,2.1,,,,,,,,,,,,,,,,,,,,,,,,,,,,,,,,,,,,
17488,2019,7,2,3,30,12.9,0,0,0,2.2,,,,,,,,,,,,,,,,,,,,,,,,,,,,,,,,,,,,
17489,2019,7,2,3,45,12.9,0,0,0,2.4000000000000004,,,,,,,,,,,,,,,,,,,,,,,,,,,,,,,,,,,,
17490,2019,7,2,4,0,12.9,0,0,0,2.5,,,,,,,,,,,,,,,,,,,,,,,,,,,,,,,,,,,,
17491,2019,7,2,4,15,13.3,11,73,13,2.7,,,,,,,,,,,,,,,,,,,,,,,,,,,,,,,,,,,,
17492,2019,7,2,4,30,13.6,20,167,29,2.9000000000000004,,,,,,,,,,,,,,,,,,,,,,,,,,,,,,,,,,,,
17493,2019,7,2,4,45,13.9,29,254,51,3.1,,,,,,,,,,,,,,,,,,,,,,,,,,,,,,,,,,,,
17494,2019,7,2,5,0,14.2,37,337,78,3.3000000000000003,,,,,,,,,,,,,,,,,,,,,,,,,,,,,,,,,,,,
17495,2019,7,2,5,15,14.7,45,409,108,3.6,,,,,,,,,,,,,,,,,,,,,,,,,,,,,,,,,,,,
17496,2019,7,2,5,30,15.2,52,471,141,3.8,,,,,,,,,,,,,,,,,,,,,,,,,,,,,,,,,,,,
17497,2019,7,2,5,45,15.7,58,518,176,4.1000000000000005,,,,,,,,,,,,,,,,,,,,,,,,,,,,,,,,,,,,
17498,2019,7,2,6,0,16.2,64,565,213,4.3,,,,,,,,,,,,,,,,,,,,,,,,,,,,,,,,,,,,
17499,2019,7,2,6,15,16.5,69,606,251,4.4,,,,,,,,,,,,,,,,,,,,,,,,,,,,,,,,,,,,
17500,2019,7,2,6,30,16.900000000000002,74,642,291,4.5,,,,,,,,,,,,,,,,,,,,,,,,,,,,,,,,,,,,
17501,2019,7,2,6,45,17.2,76,680,332,4.6000000000000005,,,,,,,,,,,,,,,,,,,,,,,,,,,,,,,,,,,,
17502,2019,7,2,7,0,17.6,80,705,371,4.7,,,,,,,,,,,,,,,,,,,,,,,,,,,,,,,,,,,,
17503,2019,7,2,7,15,17.8,84,729,411,4.7,,,,,,,,,,,,,,,,,,,,,,,,,,,,,,,,,,,,
17504,2019,7,2,7,30,18.1,179,28,192,4.800000000000001,,,,,,,,,,,,,,,,,,,,,,,,,,,,,,,,,,,,
17505,2019,7,2,7,45,18.4,197,34,214,4.800000000000001,,,,,,,,,,,,,,,,,,,,,,,,,,,,,,,,,,,,
17506,2019,7,2,8,0,18.7,44,0,44,4.800000000000001,,,,,,,,,,,,,,,,,,,,,,,,,,,,,,,,,,,,
17507,2019,7,2,8,15,18.9,77,0,77,4.9,,,,,,,,,,,,,,,,,,,,,,,,,,,,,,,,,,,,
17508,2019,7,2,8,30,19.1,275,172,381,4.9,,,,,,,,,,,,,,,,,,,,,,,,,,,,,,,,,,,,
17509,2019,7,2,8,45,19.4,271,57,308,4.9,,,,,,,,,,,,,,,,,,,,,,,,,,,,,,,,,,,,
17510,2019,7,2,9,0,19.6,225,14,235,4.9,,,,,,,,,,,,,,,,,,,,,,,,,,,,,,,,,,,,
17511,2019,7,2,9,15,19.9,296,53,333,5.0,,,,,,,,,,,,,,,,,,,,,,,,,,,,,,,,,,,,
17512,2019,7,2,9,30,20.1,210,9,216,5.0,,,,,,,,,,,,,,,,,,,,,,,,,,,,,,,,,,,,
17513,2019,7,2,9,45,20.3,218,10,226,5.1000000000000005,,,,,,,,,,,,,,,,,,,,,,,,,,,,,,,,,,,,
17514,2019,7,2,10,0,20.6,314,37,342,5.1000000000000005,,,,,,,,,,,,,,,,,,,,,,,,,,,,,,,,,,,,
17515,2019,7,2,10,15,20.700000000000003,325,38,355,5.1000000000000005,,,,,,,,,,,,,,,,,,,,,,,,,,,,,,,,,,,,
17516,2019,7,2,10,30,20.9,367,70,424,5.2,,,,,,,,,,,,,,,,,,,,,,,,,,,,,,,,,,,,
17517,2019,7,2,10,45,21.1,382,79,448,5.2,,,,,,,,,,,,,,,,,,,,,,,,,,,,,,,,,,,,
17518,2019,7,2,11,0,21.200000000000003,201,8,208,5.2,,,,,,,,,,,,,,,,,,,,,,,,,,,,,,,,,,,,
17519,2019,7,2,11,15,21.3,180,6,186,5.300000000000001,,,,,,,,,,,,,,,,,,,,,,,,,,,,,,,,,,,,
17520,2019,7,2,11,30,21.4,328,27,351,5.300000000000001,,,,,,,,,,,,,,,,,,,,,,,,,,,,,,,,,,,,
17521,2019,7,2,11,45,21.5,405,292,660,5.300000000000001,,,,,,,,,,,,,,,,,,,,,,,,,,,,,,,,,,,,
17522,2019,7,2,12,0,21.700000000000003,364,39,398,5.300000000000001,,,,,,,,,,,,,,,,,,,,,,,,,,,,,,,,,,,,
17523,2019,7,2,12,15,21.700000000000003,425,121,531,5.300000000000001,,,,,,,,,,,,,,,,,,,,,,,,,,,,,,,,,,,,
17524,2019,7,2,12,30,21.8,425,214,612,5.300000000000001,,,,,,,,,,,,,,,,,,,,,,,,,,,,,,,,,,,,
17525,2019,7,2,12,45,21.9,402,305,669,5.2,,,,,,,,,,,,,,,,,,,,,,,,,,,,,,,,,,,,
17526,2019,7,2,13,0,22.0,121,896,898,5.2,,,,,,,,,,,,,,,,,,,,,,,,,,,,,,,,,,,,
17527,2019,7,2,13,15,22.0,120,894,889,5.2,,,,,,,,,,,,,,,,,,,,,,,,,,,,,,,,,,,,
17528,2019,7,2,13,30,22.0,120,891,876,5.1000000000000005,,,,,,,,,,,,,,,,,,,,,,,,,,,,,,,,,,,,
17529,2019,7,2,13,45,22.0,116,893,863,5.1000000000000005,,,,,,,,,,,,,,,,,,,,,,,,,,,,,,,,,,,,
17530,2019,7,2,14,0,22.0,115,889,845,5.1000000000000005,,,,,,,,,,,,,,,,,,,,,,,,,,,,,,,,,,,,
17531,2019,7,2,14,15,21.9,114,884,824,5.0,,,,,,,,,,,,,,,,,,,,,,,,,,,,,,,,,,,,
17532,2019,7,2,14,30,21.9,112,878,802,5.0,,,,,,,,,,,,,,,,,,,,,,,,,,,,,,,,,,,,
17533,2019,7,2,14,45,21.8,111,871,776,4.9,,,,,,,,,,,,,,,,,,,,,,,,,,,,,,,,,,,,
17534,2019,7,2,15,0,21.8,109,864,749,4.800000000000001,,,,,,,,,,,,,,,,,,,,,,,,,,,,,,,,,,,,
17535,2019,7,2,15,15,21.700000000000003,107,855,719,4.800000000000001,,,,,,,,,,,,,,,,,,,,,,,,,,,,,,,,,,,,
17536,2019,7,2,15,30,21.6,106,846,688,4.800000000000001,,,,,,,,,,,,,,,,,,,,,,,,,,,,,,,,,,,,
17537,2019,7,2,15,45,21.5,107,829,654,4.7,,,,,,,,,,,,,,,,,,,,,,,,,,,,,,,,,,,,
17538,2019,7,2,16,0,21.4,104,817,619,4.7,,,,,,,,,,,,,,,,,,,,,,,,,,,,,,,,,,,,
17539,2019,7,2,16,15,21.200000000000003,102,803,583,4.6000000000000005,,,,,,,,,,,,,,,,,,,,,,,,,,,,,,,,,,,,
17540,2019,7,2,16,30,21.0,99,788,545,4.6000000000000005,,,,,,,,,,,,,,,,,,,,,,,,,,,,,,,,,,,,
17541,2019,7,2,16,45,20.8,99,760,503,4.5,,,,,,,,,,,,,,,,,,,,,,,,,,,,,,,,,,,,
17542,2019,7,2,17,0,20.6,95,741,464,4.5,,,,,,,,,,,,,,,,,,,,,,,,,,,,,,,,,,,,
17543,2019,7,2,17,15,20.3,92,719,424,4.4,,,,,,,,,,,,,,,,,,,,,,,,,,,,,,,,,,,,
17544,2019,7,2,17,30,20.1,88,695,384,4.3,,,,,,,,,,,,,,,,,,,,,,,,,,,,,,,,,,,,
17545,2019,7,2,17,45,19.8,86,660,343,4.3,,,,,,,,,,,,,,,,,,,,,,,,,,,,,,,,,,,,
17546,2019,7,2,18,0,19.5,81,629,303,4.2,,,,,,,,,,,,,,,,,,,,,,,,,,,,,,,,,,,,
17547,2019,7,2,18,15,19.1,76,594,263,4.0,,,,,,,,,,,,,,,,,,,,,,,,,,,,,,,,,,,,
17548,2019,7,2,18,30,18.7,71,554,225,3.7,,,,,,,,,,,,,,,,,,,,,,,,,,,,,,,,,,,,
17549,2019,7,2,18,45,18.3,65,508,187,3.5,,,,,,,,,,,,,,,,,,,,,,,,,,,,,,,,,,,,
17550,2019,7,2,19,0,17.8,58,456,151,3.3000000000000003,,,,,,,,,,,,,,,,,,,,,,,,,,,,,,,,,,,,
17551,2019,7,2,19,15,17.3,51,397,118,3.0,,,,,,,,,,,,,,,,,,,,,,,,,,,,,,,,,,,,
17552,2019,7,2,19,30,16.7,43,329,87,2.7,,,,,,,,,,,,,,,,,,,,,,,,,,,,,,,,,,,,
17553,2019,7,2,19,45,16.2,34,258,59,2.4000000000000004,,,,,,,,,,,,,,,,,,,,,,,,,,,,,,,,,,,,
17554,2019,7,2,20,0,15.6,24,172,35,2.2,,,,,,,,,,,,,,,,,,,,,,,,,,,,,,,,,,,,
17555,2019,7,2,20,15,15.3,14,85,17,2.1,,,,,,,,,,,,,,,,,,,,,,,,,,,,,,,,,,,,
17556,2019,7,2,20,30,15.0,0,0,0,2.0,,,,,,,,,,,,,,,,,,,,,,,,,,,,,,,,,,,,
17557,2019,7,2,20,45,14.6,0,0,0,2.0,,,,,,,,,,,,,,,,,,,,,,,,,,,,,,,,,,,,
17558,2019,7,2,21,0,14.3,0,0,0,1.9,,,,,,,,,,,,,,,,,,,,,,,,,,,,,,,,,,,,
17559,2019,7,2,21,15,14.0,0,0,0,1.8,,,,,,,,,,,,,,,,,,,,,,,,,,,,,,,,,,,,
17560,2019,7,2,21,30,13.7,0,0,0,1.7000000000000002,,,,,,,,,,,,,,,,,,,,,,,,,,,,,,,,,,,,
17561,2019,7,2,21,45,13.5,0,0,0,1.6,,,,,,,,,,,,,,,,,,,,,,,,,,,,,,,,,,,,
17562,2019,7,2,22,0,13.2,0,0,0,1.5,,,,,,,,,,,,,,,,,,,,,,,,,,,,,,,,,,,,
17563,2019,7,2,22,15,12.9,0,0,0,1.4,,,,,,,,,,,,,,,,,,,,,,,,,,,,,,,,,,,,
17564,2019,7,2,22,30,12.7,0,0,0,1.4,,,,,,,,,,,,,,,,,,,,,,,,,,,,,,,,,,,,
17565,2019,7,2,22,45,12.5,0,0,0,1.3,,,,,,,,,,,,,,,,,,,,,,,,,,,,,,,,,,,,
17566,2019,7,2,23,0,12.2,0,0,0,1.3,,,,,,,,,,,,,,,,,,,,,,,,,,,,,,,,,,,,
17567,2019,7,2,23,15,12.0,0,0,0,1.2000000000000002,,,,,,,,,,,,,,,,,,,,,,,,,,,,,,,,,,,,
17568,2019,7,2,23,30,11.8,0,0,0,1.2000000000000002,,,,,,,,,,,,,,,,,,,,,,,,,,,,,,,,,,,,
17569,2019,7,2,23,45,11.7,0,0,0,1.2000000000000002,,,,,,,,,,,,,,,,,,,,,,,,,,,,,,,,,,,,
17570,2019,7,3,0,0,11.5,0,0,0,1.1,,,,,,,,,,,,,,,,,,,,,,,,,,,,,,,,,,,,
17571,2019,7,3,0,15,11.5,0,0,0,1.1,,,,,,,,,,,,,,,,,,,,,,,,,,,,,,,,,,,,
17572,2019,7,3,0,30,11.5,0,0,0,1.1,,,,,,,,,,,,,,,,,,,,,,,,,,,,,,,,,,,,
17573,2019,7,3,0,45,11.5,0,0,0,1.1,,,,,,,,,,,,,,,,,,,,,,,,,,,,,,,,,,,,
17574,2019,7,3,1,0,10.8,0,0,0,1.0,,,,,,,,,,,,,,,,,,,,,,,,,,,,,,,,,,,,
17575,2019,7,3,1,15,10.6,0,0,0,0.9,,,,,,,,,,,,,,,,,,,,,,,,,,,,,,,,,,,,
17576,2019,7,3,1,30,10.5,0,0,0,0.9,,,,,,,,,,,,,,,,,,,,,,,,,,,,,,,,,,,,
17577,2019,7,3,1,45,10.3,0,0,0,0.9,,,,,,,,,,,,,,,,,,,,,,,,,,,,,,,,,,,,
17578,2019,7,3,2,0,10.2,0,0,0,0.9,,,,,,,,,,,,,,,,,,,,,,,,,,,,,,,,,,,,
17579,2019,7,3,2,15,10.0,0,0,0,0.9,,,,,,,,,,,,,,,,,,,,,,,,,,,,,,,,,,,,
17580,2019,7,3,2,30,9.9,0,0,0,0.9,,,,,,,,,,,,,,,,,,,,,,,,,,,,,,,,,,,,
17581,2019,7,3,2,45,9.8,0,0,0,0.9,,,,,,,,,,,,,,,,,,,,,,,,,,,,,,,,,,,,
17582,2019,7,3,3,0,9.6,0,0,0,0.9,,,,,,,,,,,,,,,,,,,,,,,,,,,,,,,,,,,,
17583,2019,7,3,3,15,9.7,0,0,0,0.9,,,,,,,,,,,,,,,,,,,,,,,,,,,,,,,,,,,,
17584,2019,7,3,3,30,9.8,0,0,0,0.9,,,,,,,,,,,,,,,,,,,,,,,,,,,,,,,,,,,,
17585,2019,7,3,3,45,9.8,0,0,0,0.9,,,,,,,,,,,,,,,,,,,,,,,,,,,,,,,,,,,,
17586,2019,7,3,4,0,9.9,0,0,0,0.9,,,,,,,,,,,,,,,,,,,,,,,,,,,,,,,,,,,,
17587,2019,7,3,4,15,10.3,11,84,13,1.2000000000000002,,,,,,,,,,,,,,,,,,,,,,,,,,,,,,,,,,,,
17588,2019,7,3,4,30,10.7,19,183,29,1.4,,,,,,,,,,,,,,,,,,,,,,,,,,,,,,,,,,,,
17589,2019,7,3,4,45,11.2,27,284,51,1.6,,,,,,,,,,,,,,,,,,,,,,,,,,,,,,,,,,,,
17590,2019,7,3,5,0,11.6,35,368,79,1.8,,,,,,,,,,,,,,,,,,,,,,,,,,,,,,,,,,,,
17591,2019,7,3,5,15,12.1,42,440,109,1.9,,,,,,,,,,,,,,,,,,,,,,,,,,,,,,,,,,,,
17592,2019,7,3,5,30,12.7,48,502,143,2.0,,,,,,,,,,,,,,,,,,,,,,,,,,,,,,,,,,,,
17593,2019,7,3,5,45,13.2,53,561,180,2.1,,,,,,,,,,,,,,,,,,,,,,,,,,,,,,,,,,,,
17594,2019,7,3,6,0,13.7,58,607,217,2.2,,,,,,,,,,,,,,,,,,,,,,,,,,,,,,,,,,,,
17595,2019,7,3,6,15,14.1,63,646,256,2.3000000000000003,,,,,,,,,,,,,,,,,,,,,,,,,,,,,,,,,,,,
17596,2019,7,3,6,30,14.6,66,681,296,2.5,,,,,,,,,,,,,,,,,,,,,,,,,,,,,,,,,,,,
17597,2019,7,3,6,45,15.0,68,721,338,2.6,,,,,,,,,,,,,,,,,,,,,,,,,,,,,,,,,,,,
17598,2019,7,3,7,0,15.5,71,747,378,2.7,,,,,,,,,,,,,,,,,,,,,,,,,,,,,,,,,,,,
17599,2019,7,3,7,15,15.8,74,771,419,2.8000000000000003,,,,,,,,,,,,,,,,,,,,,,,,,,,,,,,,,,,,
17600,2019,7,3,7,30,16.2,77,791,459,2.9000000000000004,,,,,,,,,,,,,,,,,,,,,,,,,,,,,,,,,,,,
17601,2019,7,3,7,45,16.5,77,817,500,3.0,,,,,,,,,,,,,,,,,,,,,,,,,,,,,,,,,,,,
17602,2019,7,3,8,0,16.900000000000002,80,833,539,3.1,,,,,,,,,,,,,,,,,,,,,,,,,,,,,,,,,,,,
17603,2019,7,3,8,15,17.2,82,848,578,3.1,,,,,,,,,,,,,,,,,,,,,,,,,,,,,,,,,,,,
17604,2019,7,3,8,30,17.6,83,857,612,3.2,,,,,,,,,,,,,,,,,,,,,,,,,,,,,,,,,,,,
17605,2019,7,3,8,45,17.900000000000002,84,872,648,3.3000000000000003,,,,,,,,,,,,,,,,,,,,,,,,,,,,,,,,,,,,
17606,2019,7,3,9,0,18.2,86,882,683,3.3000000000000003,,,,,,,,,,,,,,,,,,,,,,,,,,,,,,,,,,,,
17607,2019,7,3,9,15,18.5,87,891,715,3.4000000000000004,,,,,,,,,,,,,,,,,,,,,,,,,,,,,,,,,,,,
17608,2019,7,3,9,30,18.8,89,899,745,3.5,,,,,,,,,,,,,,,,,,,,,,,,,,,,,,,,,,,,
17609,2019,7,3,9,45,19.1,93,902,773,3.5,,,,,,,,,,,,,,,,,,,,,,,,,,,,,,,,,,,,
17610,2019,7,3,10,0,19.4,94,909,799,3.6,,,,,,,,,,,,,,,,,,,,,,,,,,,,,,,,,,,,
17611,2019,7,3,10,15,19.6,95,914,823,3.6,,,,,,,,,,,,,,,,,,,,,,,,,,,,,,,,,,,,
17612,2019,7,3,10,30,19.8,96,919,844,3.6,,,,,,,,,,,,,,,,,,,,,,,,,,,,,,,,,,,,
17613,2019,7,3,10,45,20.1,399,142,517,3.7,,,,,,,,,,,,,,,,,,,,,,,,,,,,,,,,,,,,
17614,2019,7,3,11,0,20.3,407,190,567,3.7,,,,,,,,,,,,,,,,,,,,,,,,,,,,,,,,,,,,
17615,2019,7,3,11,15,20.5,408,237,610,3.8,,,,,,,,,,,,,,,,,,,,,,,,,,,,,,,,,,,,
17616,2019,7,3,11,30,20.700000000000003,403,82,474,3.8,,,,,,,,,,,,,,,,,,,,,,,,,,,,,,,,,,,,
17617,2019,7,3,11,45,20.8,412,262,640,3.9,,,,,,,,,,,,,,,,,,,,,,,,,,,,,,,,,,,,
17618,2019,7,3,12,0,21.0,427,146,555,3.9,,,,,,,,,,,,,,,,,,,,,,,,,,,,,,,,,,,,
17619,2019,7,3,12,15,21.1,421,236,628,3.9,,,,,,,,,,,,,,,,,,,,,,,,,,,,,,,,,,,,
17620,2019,7,3,12,30,21.200000000000003,423,116,524,4.0,,,,,,,,,,,,,,,,,,,,,,,,,,,,,,,,,,,,
17621,2019,7,3,12,45,21.3,426,157,563,4.0,,,,,,,,,,,,,,,,,,,,,,,,,,,,,,,,,,,,
17622,2019,7,3,13,0,21.4,419,125,527,4.0,,,,,,,,,,,,,,,,,,,,,,,,,,,,,,,,,,,,
17623,2019,7,3,13,15,21.5,408,101,495,4.0,,,,,,,,,,,,,,,,,,,,,,,,,,,,,,,,,,,,
17624,2019,7,3,13,30,21.5,403,240,607,4.0,,,,,,,,,,,,,,,,,,,,,,,,,,,,,,,,,,,,
17625,2019,7,3,13,45,21.5,378,312,639,4.0,,,,,,,,,,,,,,,,,,,,,,,,,,,,,,,,,,,,
17626,2019,7,3,14,0,21.6,372,301,619,4.1000000000000005,,,,,,,,,,,,,,,,,,,,,,,,,,,,,,,,,,,,
17627,2019,7,3,14,15,21.5,363,298,602,4.0,,,,,,,,,,,,,,,,,,,,,,,,,,,,,,,,,,,,
17628,2019,7,3,14,30,21.5,368,217,538,4.0,,,,,,,,,,,,,,,,,,,,,,,,,,,,,,,,,,,,
17629,2019,7,3,14,45,21.4,314,42,346,4.0,,,,,,,,,,,,,,,,,,,,,,,,,,,,,,,,,,,,
17630,2019,7,3,15,0,21.4,329,282,537,4.0,,,,,,,,,,,,,,,,,,,,,,,,,,,,,,,,,,,,
17631,2019,7,3,15,15,21.200000000000003,102,864,720,4.0,,,,,,,,,,,,,,,,,,,,,,,,,,,,,,,,,,,,
17632,2019,7,3,15,30,21.1,100,855,688,4.0,,,,,,,,,,,,,,,,,,,,,,,,,,,,,,,,,,,,
17633,2019,7,3,15,45,20.9,98,843,655,3.9,,,,,,,,,,,,,,,,,,,,,,,,,,,,,,,,,,,,
17634,2019,7,3,16,0,20.8,96,832,620,3.9,,,,,,,,,,,,,,,,,,,,,,,,,,,,,,,,,,,,
17635,2019,7,3,16,15,20.6,94,819,584,3.9,,,,,,,,,,,,,,,,,,,,,,,,,,,,,,,,,,,,
17636,2019,7,3,16,30,20.4,91,804,546,3.9,,,,,,,,,,,,,,,,,,,,,,,,,,,,,,,,,,,,
17637,2019,7,3,16,45,20.200000000000003,201,346,385,3.8,,,,,,,,,,,,,,,,,,,,,,,,,,,,,,,,,,,,
17638,2019,7,3,17,0,20.0,209,118,268,3.8,,,,,,,,,,,,,,,,,,,,,,,,,,,,,,,,,,,,
17639,2019,7,3,17,15,19.8,170,29,184,3.7,,,,,,,,,,,,,,,,,,,,,,,,,,,,,,,,,,,,
17640,2019,7,3,17,30,19.5,164,49,185,3.6,,,,,,,,,,,,,,,,,,,,,,,,,,,,,,,,,,,,
17641,2019,7,3,17,45,19.200000000000003,134,336,265,3.5,,,,,,,,,,,,,,,,,,,,,,,,,,,,,,,,,,,,
17642,2019,7,3,18,0,19.0,71,669,307,3.4000000000000004,,,,,,,,,,,,,,,,,,,,,,,,,,,,,,,,,,,,
17643,2019,7,3,18,15,18.6,67,636,267,3.2,,,,,,,,,,,,,,,,,,,,,,,,,,,,,,,,,,,,
17644,2019,7,3,18,30,18.2,62,598,228,3.0,,,,,,,,,,,,,,,,,,,,,,,,,,,,,,,,,,,,
17645,2019,7,3,18,45,17.900000000000002,57,556,191,2.8000000000000003,,,,,,,,,,,,,,,,,,,,,,,,,,,,,,,,,,,,
17646,2019,7,3,19,0,17.5,51,506,154,2.5,,,,,,,,,,,,,,,,,,,,,,,,,,,,,,,,,,,,
17647,2019,7,3,19,15,16.900000000000002,45,448,120,2.3000000000000003,,,,,,,,,,,,,,,,,,,,,,,,,,,,,,,,,,,,
17648,2019,7,3,19,30,16.400000000000002,38,382,89,2.1,,,,,,,,,,,,,,,,,,,,,,,,,,,,,,,,,,,,
17649,2019,7,3,19,45,15.9,30,310,61,1.9,,,,,,,,,,,,,,,,,,,,,,,,,,,,,,,,,,,,
17650,2019,7,3,20,0,15.3,22,221,37,1.7000000000000002,,,,,,,,,,,,,,,,,,,,,,,,,,,,,,,,,,,,
17651,2019,7,3,20,15,14.9,14,124,18,1.7000000000000002,,,,,,,,,,,,,,,,,,,,,,,,,,,,,,,,,,,,
17652,2019,7,3,20,30,14.5,0,0,0,1.7000000000000002,,,,,,,,,,,,,,,,,,,,,,,,,,,,,,,,,,,,
17653,2019,7,3,20,45,14.1,0,0,0,1.7000000000000002,,,,,,,,,,,,,,,,,,,,,,,,,,,,,,,,,,,,
17654,2019,7,3,21,0,13.7,0,0,0,1.6,,,,,,,,,,,,,,,,,,,,,,,,,,,,,,,,,,,,
17655,2019,7,3,21,15,13.4,0,0,0,1.7000000000000002,,,,,,,,,,,,,,,,,,,,,,,,,,,,,,,,,,,,
17656,2019,7,3,21,30,13.2,0,0,0,1.7000000000000002,,,,,,,,,,,,,,,,,,,,,,,,,,,,,,,,,,,,
17657,2019,7,3,21,45,12.9,0,0,0,1.7000000000000002,,,,,,,,,,,,,,,,,,,,,,,,,,,,,,,,,,,,
17658,2019,7,3,22,0,12.6,0,0,0,1.8,,,,,,,,,,,,,,,,,,,,,,,,,,,,,,,,,,,,
17659,2019,7,3,22,15,12.4,0,0,0,1.8,,,,,,,,,,,,,,,,,,,,,,,,,,,,,,,,,,,,
17660,2019,7,3,22,30,12.2,0,0,0,1.8,,,,,,,,,,,,,,,,,,,,,,,,,,,,,,,,,,,,
17661,2019,7,3,22,45,11.9,0,0,0,1.8,,,,,,,,,,,,,,,,,,,,,,,,,,,,,,,,,,,,
17662,2019,7,3,23,0,11.7,0,0,0,1.9,,,,,,,,,,,,,,,,,,,,,,,,,,,,,,,,,,,,
17663,2019,7,3,23,15,11.5,0,0,0,1.8,,,,,,,,,,,,,,,,,,,,,,,,,,,,,,,,,,,,
17664,2019,7,3,23,30,11.2,0,0,0,1.8,,,,,,,,,,,,,,,,,,,,,,,,,,,,,,,,,,,,
17665,2019,7,3,23,45,11.0,0,0,0,1.8,,,,,,,,,,,,,,,,,,,,,,,,,,,,,,,,,,,,
17666,2019,7,4,0,0,10.8,0,0,0,1.7000000000000002,,,,,,,,,,,,,,,,,,,,,,,,,,,,,,,,,,,,
17667,2019,7,4,0,15,10.8,0,0,0,1.7000000000000002,,,,,,,,,,,,,,,,,,,,,,,,,,,,,,,,,,,,
17668,2019,7,4,0,30,10.8,0,0,0,1.7000000000000002,,,,,,,,,,,,,,,,,,,,,,,,,,,,,,,,,,,,
17669,2019,7,4,0,45,10.8,0,0,0,1.7000000000000002,,,,,,,,,,,,,,,,,,,,,,,,,,,,,,,,,,,,
17670,2019,7,4,1,0,9.9,0,0,0,1.5,,,,,,,,,,,,,,,,,,,,,,,,,,,,,,,,,,,,
17671,2019,7,4,1,15,9.7,0,0,0,1.4,,,,,,,,,,,,,,,,,,,,,,,,,,,,,,,,,,,,
17672,2019,7,4,1,30,9.5,0,0,0,1.4,,,,,,,,,,,,,,,,,,,,,,,,,,,,,,,,,,,,
17673,2019,7,4,1,45,9.3,0,0,0,1.3,,,,,,,,,,,,,,,,,,,,,,,,,,,,,,,,,,,,
17674,2019,7,4,2,0,9.1,0,0,0,1.3,,,,,,,,,,,,,,,,,,,,,,,,,,,,,,,,,,,,
17675,2019,7,4,2,15,9.0,0,0,0,1.2000000000000002,,,,,,,,,,,,,,,,,,,,,,,,,,,,,,,,,,,,
17676,2019,7,4,2,30,8.8,0,0,0,1.2000000000000002,,,,,,,,,,,,,,,,,,,,,,,,,,,,,,,,,,,,
17677,2019,7,4,2,45,8.700000000000001,0,0,0,1.2000000000000002,,,,,,,,,,,,,,,,,,,,,,,,,,,,,,,,,,,,
17678,2019,7,4,3,0,8.5,0,0,0,1.1,,,,,,,,,,,,,,,,,,,,,,,,,,,,,,,,,,,,
17679,2019,7,4,3,15,8.6,0,0,0,1.1,,,,,,,,,,,,,,,,,,,,,,,,,,,,,,,,,,,,
17680,2019,7,4,3,30,8.6,0,0,0,1.1,,,,,,,,,,,,,,,,,,,,,,,,,,,,,,,,,,,,
17681,2019,7,4,3,45,8.6,0,0,0,1.2000000000000002,,,,,,,,,,,,,,,,,,,,,,,,,,,,,,,,,,,,
17682,2019,7,4,4,0,8.6,0,0,0,1.2000000000000002,,,,,,,,,,,,,,,,,,,,,,,,,,,,,,,,,,,,
17683,2019,7,4,4,15,9.1,10,105,13,1.3,,,,,,,,,,,,,,,,,,,,,,,,,,,,,,,,,,,,
17684,2019,7,4,4,30,9.5,18,211,29,1.5,,,,,,,,,,,,,,,,,,,,,,,,,,,,,,,,,,,,
17685,2019,7,4,4,45,9.9,26,301,51,1.7000000000000002,,,,,,,,,,,,,,,,,,,,,,,,,,,,,,,,,,,,
17686,2019,7,4,5,0,10.3,33,385,78,1.8,,,,,,,,,,,,,,,,,,,,,,,,,,,,,,,,,,,,
17687,2019,7,4,5,15,10.9,39,456,108,1.8,,,,,,,,,,,,,,,,,,,,,,,,,,,,,,,,,,,,
17688,2019,7,4,5,30,11.5,45,517,142,1.8,,,,,,,,,,,,,,,,,,,,,,,,,,,,,,,,,,,,
17689,2019,7,4,5,45,12.1,50,567,178,1.7000000000000002,,,,,,,,,,,,,,,,,,,,,,,,,,,,,,,,,,,,
17690,2019,7,4,6,0,12.7,55,612,215,1.7000000000000002,,,,,,,,,,,,,,,,,,,,,,,,,,,,,,,,,,,,
17691,2019,7,4,6,15,13.2,59,651,254,1.7000000000000002,,,,,,,,,,,,,,,,,,,,,,,,,,,,,,,,,,,,
17692,2019,7,4,6,30,13.7,63,685,293,1.7000000000000002,,,,,,,,,,,,,,,,,,,,,,,,,,,,,,,,,,,,
17693,2019,7,4,6,45,14.2,67,715,333,1.6,,,,,,,,,,,,,,,,,,,,,,,,,,,,,,,,,,,,
17694,2019,7,4,7,0,14.7,70,741,373,1.6,,,,,,,,,,,,,,,,,,,,,,,,,,,,,,,,,,,,
17695,2019,7,4,7,15,15.1,73,764,414,1.7000000000000002,,,,,,,,,,,,,,,,,,,,,,,,,,,,,,,,,,,,
17696,2019,7,4,7,30,15.5,76,785,454,1.7000000000000002,,,,,,,,,,,,,,,,,,,,,,,,,,,,,,,,,,,,
17697,2019,7,4,7,45,15.9,183,391,385,1.7000000000000002,,,,,,,,,,,,,,,,,,,,,,,,,,,,,,,,,,,,
17698,2019,7,4,8,0,16.3,228,248,365,1.8,,,,,,,,,,,,,,,,,,,,,,,,,,,,,,,,,,,,
17699,2019,7,4,8,15,16.7,198,456,464,1.9,,,,,,,,,,,,,,,,,,,,,,,,,,,,,,,,,,,,
17700,2019,7,4,8,30,17.1,252,311,443,1.9,,,,,,,,,,,,,,,,,,,,,,,,,,,,,,,,,,,,
17701,2019,7,4,8,45,17.5,258,354,487,2.0,,,,,,,,,,,,,,,,,,,,,,,,,,,,,,,,,,,,
17702,2019,7,4,9,0,17.900000000000002,87,874,678,2.1,,,,,,,,,,,,,,,,,,,,,,,,,,,,,,,,,,,,
17703,2019,7,4,9,15,18.3,89,884,710,2.2,,,,,,,,,,,,,,,,,,,,,,,,,,,,,,,,,,,,
17704,2019,7,4,9,30,18.7,90,892,740,2.3000000000000003,,,,,,,,,,,,,,,,,,,,,,,,,,,,,,,,,,,,
17705,2019,7,4,9,45,19.1,116,854,758,2.3000000000000003,,,,,,,,,,,,,,,,,,,,,,,,,,,,,,,,,,,,
17706,2019,7,4,10,0,19.4,118,861,785,2.4000000000000004,,,,,,,,,,,,,,,,,,,,,,,,,,,,,,,,,,,,
17707,2019,7,4,10,15,19.8,119,867,809,2.5,,,,,,,,,,,,,,,,,,,,,,,,,,,,,,,,,,,,
17708,2019,7,4,10,30,20.1,121,873,830,2.5,,,,,,,,,,,,,,,,,,,,,,,,,,,,,,,,,,,,
17709,2019,7,4,10,45,20.4,122,877,849,2.6,,,,,,,,,,,,,,,,,,,,,,,,,,,,,,,,,,,,
17710,2019,7,4,11,0,20.700000000000003,123,881,865,2.7,,,,,,,,,,,,,,,,,,,,,,,,,,,,,,,,,,,,
17711,2019,7,4,11,15,21.0,124,884,879,2.7,,,,,,,,,,,,,,,,,,,,,,,,,,,,,,,,,,,,
17712,2019,7,4,11,30,21.200000000000003,124,884,887,2.8000000000000003,,,,,,,,,,,,,,,,,,,,,,,,,,,,,,,,,,,,
17713,2019,7,4,11,45,21.4,347,429,720,2.8000000000000003,,,,,,,,,,,,,,,,,,,,,,,,,,,,,,,,,,,,
17714,2019,7,4,12,0,21.700000000000003,349,430,724,2.9000000000000004,,,,,,,,,,,,,,,,,,,,,,,,,,,,,,,,,,,,
17715,2019,7,4,12,15,21.9,345,445,734,2.9000000000000004,,,,,,,,,,,,,,,,,,,,,,,,,,,,,,,,,,,,
17716,2019,7,4,12,30,22.0,341,457,741,3.0,,,,,,,,,,,,,,,,,,,,,,,,,,,,,,,,,,,,
17717,2019,7,4,12,45,22.200000000000003,342,447,731,3.0,,,,,,,,,,,,,,,,,,,,,,,,,,,,,,,,,,,,
17718,2019,7,4,13,0,22.4,342,437,720,3.1,,,,,,,,,,,,,,,,,,,,,,,,,,,,,,,,,,,,
17719,2019,7,4,13,15,22.5,302,551,775,3.1,,,,,,,,,,,,,,,,,,,,,,,,,,,,,,,,,,,,
17720,2019,7,4,13,30,22.6,123,877,867,3.1,,,,,,,,,,,,,,,,,,,,,,,,,,,,,,,,,,,,
17721,2019,7,4,13,45,22.700000000000003,120,875,851,3.2,,,,,,,,,,,,,,,,,,,,,,,,,,,,,,,,,,,,
17722,2019,7,4,14,0,22.8,270,575,741,3.2,,,,,,,,,,,,,,,,,,,,,,,,,,,,,,,,,,,,
17723,2019,7,4,14,15,22.700000000000003,284,506,691,3.2,,,,,,,,,,,,,,,,,,,,,,,,,,,,,,,,,,,,
17724,2019,7,4,14,30,22.6,369,208,532,3.2,,,,,,,,,,,,,,,,,,,,,,,,,,,,,,,,,,,,
17725,2019,7,4,14,45,22.6,249,547,666,3.3000000000000003,,,,,,,,,,,,,,,,,,,,,,,,,,,,,,,,,,,,
17726,2019,7,4,15,0,22.5,236,546,640,3.3000000000000003,,,,,,,,,,,,,,,,,,,,,,,,,,,,,,,,,,,,
17727,2019,7,4,15,15,22.3,225,543,613,3.3000000000000003,,,,,,,,,,,,,,,,,,,,,,,,,,,,,,,,,,,,
17728,2019,7,4,15,30,22.1,295,300,501,3.3000000000000003,,,,,,,,,,,,,,,,,,,,,,,,,,,,,,,,,,,,
17729,2019,7,4,15,45,21.9,246,421,524,3.2,,,,,,,,,,,,,,,,,,,,,,,,,,,,,,,,,,,,
17730,2019,7,4,16,0,21.700000000000003,209,480,511,3.2,,,,,,,,,,,,,,,,,,,,,,,,,,,,,,,,,,,,
17731,2019,7,4,16,15,21.5,102,784,571,3.2,,,,,,,,,,,,,,,,,,,,,,,,,,,,,,,,,,,,
17732,2019,7,4,16,30,21.4,197,430,440,3.2,,,,,,,,,,,,,,,,,,,,,,,,,,,,,,,,,,,,
17733,2019,7,4,16,45,21.200000000000003,103,691,470,3.1,,,,,,,,,,,,,,,,,,,,,,,,,,,,,,,,,,,,
17734,2019,7,4,17,0,21.1,162,442,382,3.1,,,,,,,,,,,,,,,,,,,,,,,,,,,,,,,,,,,,
17735,2019,7,4,17,15,20.9,149,431,348,3.0,,,,,,,,,,,,,,,,,,,,,,,,,,,,,,,,,,,,
17736,2019,7,4,17,30,20.700000000000003,121,494,331,2.9000000000000004,,,,,,,,,,,,,,,,,,,,,,,,,,,,,,,,,,,,
17737,2019,7,4,17,45,20.5,141,294,255,2.7,,,,,,,,,,,,,,,,,,,,,,,,,,,,,,,,,,,,
17738,2019,7,4,18,0,20.3,136,81,165,2.6,,,,,,,,,,,,,,,,,,,,,,,,,,,,,,,,,,,,
17739,2019,7,4,18,15,19.8,79,0,79,2.3000000000000003,,,,,,,,,,,,,,,,,,,,,,,,,,,,,,,,,,,,
17740,2019,7,4,18,30,19.3,15,0,15,2.0,,,,,,,,,,,,,,,,,,,,,,,,,,,,,,,,,,,,
17741,2019,7,4,18,45,18.8,13,0,13,1.6,,,,,,,,,,,,,,,,,,,,,,,,,,,,,,,,,,,,
17742,2019,7,4,19,0,18.3,11,0,11,1.3,,,,,,,,,,,,,,,,,,,,,,,,,,,,,,,,,,,,
17743,2019,7,4,19,15,17.8,9,0,9,1.2000000000000002,,,,,,,,,,,,,,,,,,,,,,,,,,,,,,,,,,,,
17744,2019,7,4,19,30,17.3,8,0,8,1.1,,,,,,,,,,,,,,,,,,,,,,,,,,,,,,,,,,,,
17745,2019,7,4,19,45,16.8,6,0,6,1.1,,,,,,,,,,,,,,,,,,,,,,,,,,,,,,,,,,,,
17746,2019,7,4,20,0,16.3,5,0,5,1.0,,,,,,,,,,,,,,,,,,,,,,,,,,,,,,,,,,,,
17747,2019,7,4,20,15,16.2,3,0,3,1.0,,,,,,,,,,,,,,,,,,,,,,,,,,,,,,,,,,,,
17748,2019,7,4,20,30,16.1,0,0,0,1.0,,,,,,,,,,,,,,,,,,,,,,,,,,,,,,,,,,,,
17749,2019,7,4,20,45,16.0,0,0,0,1.0,,,,,,,,,,,,,,,,,,,,,,,,,,,,,,,,,,,,
17750,2019,7,4,21,0,15.9,0,0,0,1.0,,,,,,,,,,,,,,,,,,,,,,,,,,,,,,,,,,,,
17751,2019,7,4,21,15,15.9,0,0,0,1.1,,,,,,,,,,,,,,,,,,,,,,,,,,,,,,,,,,,,
17752,2019,7,4,21,30,15.8,0,0,0,1.1,,,,,,,,,,,,,,,,,,,,,,,,,,,,,,,,,,,,
17753,2019,7,4,21,45,15.8,0,0,0,1.1,,,,,,,,,,,,,,,,,,,,,,,,,,,,,,,,,,,,
17754,2019,7,4,22,0,15.7,0,0,0,1.2000000000000002,,,,,,,,,,,,,,,,,,,,,,,,,,,,,,,,,,,,
17755,2019,7,4,22,15,15.7,0,0,0,1.2000000000000002,,,,,,,,,,,,,,,,,,,,,,,,,,,,,,,,,,,,
17756,2019,7,4,22,30,15.6,0,0,0,1.3,,,,,,,,,,,,,,,,,,,,,,,,,,,,,,,,,,,,
17757,2019,7,4,22,45,15.6,0,0,0,1.4,,,,,,,,,,,,,,,,,,,,,,,,,,,,,,,,,,,,
17758,2019,7,4,23,0,15.5,0,0,0,1.4,,,,,,,,,,,,,,,,,,,,,,,,,,,,,,,,,,,,
17759,2019,7,4,23,15,15.5,0,0,0,1.5,,,,,,,,,,,,,,,,,,,,,,,,,,,,,,,,,,,,
17760,2019,7,4,23,30,15.4,0,0,0,1.6,,,,,,,,,,,,,,,,,,,,,,,,,,,,,,,,,,,,
17761,2019,7,4,23,45,15.4,0,0,0,1.7000000000000002,,,,,,,,,,,,,,,,,,,,,,,,,,,,,,,,,,,,
17762,2019,7,5,0,0,15.4,0,0,0,1.7000000000000002,,,,,,,,,,,,,,,,,,,,,,,,,,,,,,,,,,,,
17763,2019,7,5,0,15,15.4,0,0,0,1.7000000000000002,,,,,,,,,,,,,,,,,,,,,,,,,,,,,,,,,,,,
17764,2019,7,5,0,30,15.4,0,0,0,1.7000000000000002,,,,,,,,,,,,,,,,,,,,,,,,,,,,,,,,,,,,
17765,2019,7,5,0,45,15.4,0,0,0,1.7000000000000002,,,,,,,,,,,,,,,,,,,,,,,,,,,,,,,,,,,,
17766,2019,7,5,1,0,15.1,0,0,0,1.9,,,,,,,,,,,,,,,,,,,,,,,,,,,,,,,,,,,,
17767,2019,7,5,1,15,15.0,0,0,0,1.9,,,,,,,,,,,,,,,,,,,,,,,,,,,,,,,,,,,,
17768,2019,7,5,1,30,14.9,0,0,0,2.0,,,,,,,,,,,,,,,,,,,,,,,,,,,,,,,,,,,,
17769,2019,7,5,1,45,14.9,0,0,0,2.0,,,,,,,,,,,,,,,,,,,,,,,,,,,,,,,,,,,,
17770,2019,7,5,2,0,14.8,0,0,0,2.0,,,,,,,,,,,,,,,,,,,,,,,,,,,,,,,,,,,,
17771,2019,7,5,2,15,14.7,0,0,0,2.0,,,,,,,,,,,,,,,,,,,,,,,,,,,,,,,,,,,,
17772,2019,7,5,2,30,14.6,0,0,0,2.0,,,,,,,,,,,,,,,,,,,,,,,,,,,,,,,,,,,,
17773,2019,7,5,2,45,14.5,0,0,0,2.0,,,,,,,,,,,,,,,,,,,,,,,,,,,,,,,,,,,,
17774,2019,7,5,3,0,14.4,0,0,0,1.9,,,,,,,,,,,,,,,,,,,,,,,,,,,,,,,,,,,,
17775,2019,7,5,3,15,14.3,0,0,0,1.9,,,,,,,,,,,,,,,,,,,,,,,,,,,,,,,,,,,,
17776,2019,7,5,3,30,14.2,0,0,0,1.8,,,,,,,,,,,,,,,,,,,,,,,,,,,,,,,,,,,,
17777,2019,7,5,3,45,14.1,0,0,0,1.8,,,,,,,,,,,,,,,,,,,,,,,,,,,,,,,,,,,,
17778,2019,7,5,4,0,14.1,0,0,0,1.8,,,,,,,,,,,,,,,,,,,,,,,,,,,,,,,,,,,,
17779,2019,7,5,4,15,14.3,1,0,1,1.9,,,,,,,,,,,,,,,,,,,,,,,,,,,,,,,,,,,,
17780,2019,7,5,4,30,14.5,3,0,3,2.1,,,,,,,,,,,,,,,,,,,,,,,,,,,,,,,,,,,,
17781,2019,7,5,4,45,14.8,4,0,4,2.3000000000000003,,,,,,,,,,,,,,,,,,,,,,,,,,,,,,,,,,,,
17782,2019,7,5,5,0,15.0,5,0,5,2.5,,,,,,,,,,,,,,,,,,,,,,,,,,,,,,,,,,,,
17783,2019,7,5,5,15,15.4,7,0,7,2.7,,,,,,,,,,,,,,,,,,,,,,,,,,,,,,,,,,,,
17784,2019,7,5,5,30,15.8,9,0,9,2.8000000000000003,,,,,,,,,,,,,,,,,,,,,,,,,,,,,,,,,,,,
17785,2019,7,5,5,45,16.2,12,0,12,2.9000000000000004,,,,,,,,,,,,,,,,,,,,,,,,,,,,,,,,,,,,
17786,2019,7,5,6,0,16.6,14,0,14,3.1,,,,,,,,,,,,,,,,,,,,,,,,,,,,,,,,,,,,
17787,2019,7,5,6,15,17.1,17,0,17,3.3000000000000003,,,,,,,,,,,,,,,,,,,,,,,,,,,,,,,,,,,,
17788,2019,7,5,6,30,17.6,21,0,21,3.5,,,,,,,,,,,,,,,,,,,,,,,,,,,,,,,,,,,,
17789,2019,7,5,6,45,18.1,24,0,24,3.7,,,,,,,,,,,,,,,,,,,,,,,,,,,,,,,,,,,,
17790,2019,7,5,7,0,18.7,28,0,28,3.9,,,,,,,,,,,,,,,,,,,,,,,,,,,,,,,,,,,,
17791,2019,7,5,7,15,19.0,32,0,32,4.1000000000000005,,,,,,,,,,,,,,,,,,,,,,,,,,,,,,,,,,,,
17792,2019,7,5,7,30,19.4,36,0,36,4.3,,,,,,,,,,,,,,,,,,,,,,,,,,,,,,,,,,,,
17793,2019,7,5,7,45,19.8,39,0,39,4.5,,,,,,,,,,,,,,,,,,,,,,,,,,,,,,,,,,,,
17794,2019,7,5,8,0,20.200000000000003,43,0,43,4.7,,,,,,,,,,,,,,,,,,,,,,,,,,,,,,,,,,,,
17795,2019,7,5,8,15,20.5,48,0,48,4.800000000000001,,,,,,,,,,,,,,,,,,,,,,,,,,,,,,,,,,,,
17796,2019,7,5,8,30,20.700000000000003,51,0,51,4.9,,,,,,,,,,,,,,,,,,,,,,,,,,,,,,,,,,,,
17797,2019,7,5,8,45,21.0,54,0,54,5.1000000000000005,,,,,,,,,,,,,,,,,,,,,,,,,,,,,,,,,,,,
17798,2019,7,5,9,0,21.3,127,0,127,5.2,,,,,,,,,,,,,,,,,,,,,,,,,,,,,,,,,,,,
17799,2019,7,5,9,15,21.5,167,3,169,5.300000000000001,,,,,,,,,,,,,,,,,,,,,,,,,,,,,,,,,,,,
17800,2019,7,5,9,30,21.8,174,4,177,5.300000000000001,,,,,,,,,,,,,,,,,,,,,,,,,,,,,,,,,,,,
17801,2019,7,5,9,45,22.0,164,3,166,5.4,,,,,,,,,,,,,,,,,,,,,,,,,,,,,,,,,,,,
17802,2019,7,5,10,0,22.3,160,3,162,5.5,,,,,,,,,,,,,,,,,,,,,,,,,,,,,,,,,,,,
17803,2019,7,5,10,15,22.5,224,10,232,5.5,,,,,,,,,,,,,,,,,,,,,,,,,,,,,,,,,,,,
17804,2019,7,5,10,30,22.700000000000003,300,24,320,5.5,,,,,,,,,,,,,,,,,,,,,,,,,,,,,,,,,,,,
17805,2019,7,5,10,45,22.9,390,98,470,5.5,,,,,,,,,,,,,,,,,,,,,,,,,,,,,,,,,,,,
17806,2019,7,5,11,0,23.1,368,54,413,5.5,,,,,,,,,,,,,,,,,,,,,,,,,,,,,,,,,,,,
17807,2019,7,5,11,15,23.3,415,162,554,5.5,,,,,,,,,,,,,,,,,,,,,,,,,,,,,,,,,,,,
17808,2019,7,5,11,30,23.5,417,123,523,5.5,,,,,,,,,,,,,,,,,,,,,,,,,,,,,,,,,,,,
17809,2019,7,5,11,45,23.700000000000003,422,203,599,5.6000000000000005,,,,,,,,,,,,,,,,,,,,,,,,,,,,,,,,,,,,
17810,2019,7,5,12,0,23.9,406,294,663,5.6000000000000005,,,,,,,,,,,,,,,,,,,,,,,,,,,,,,,,,,,,
17811,2019,7,5,12,15,24.1,407,295,665,5.6000000000000005,,,,,,,,,,,,,,,,,,,,,,,,,,,,,,,,,,,,
17812,2019,7,5,12,30,24.200000000000003,117,876,883,5.5,,,,,,,,,,,,,,,,,,,,,,,,,,,,,,,,,,,,
17813,2019,7,5,12,45,24.3,120,871,879,5.5,,,,,,,,,,,,,,,,,,,,,,,,,,,,,,,,,,,,
17814,2019,7,5,13,0,24.4,423,176,575,5.5,,,,,,,,,,,,,,,,,,,,,,,,,,,,,,,,,,,,
17815,2019,7,5,13,15,24.4,413,116,513,5.5,,,,,,,,,,,,,,,,,,,,,,,,,,,,,,,,,,,,
17816,2019,7,5,13,30,24.4,410,135,525,5.4,,,,,,,,,,,,,,,,,,,,,,,,,,,,,,,,,,,,
17817,2019,7,5,13,45,24.4,403,174,549,5.4,,,,,,,,,,,,,,,,,,,,,,,,,,,,,,,,,,,,
17818,2019,7,5,14,0,24.4,371,70,428,5.4,,,,,,,,,,,,,,,,,,,,,,,,,,,,,,,,,,,,
17819,2019,7,5,14,15,24.3,377,105,461,5.300000000000001,,,,,,,,,,,,,,,,,,,,,,,,,,,,,,,,,,,,
17820,2019,7,5,14,30,24.200000000000003,361,89,431,5.2,,,,,,,,,,,,,,,,,,,,,,,,,,,,,,,,,,,,
17821,2019,7,5,14,45,24.1,314,42,346,5.2,,,,,,,,,,,,,,,,,,,,,,,,,,,,,,,,,,,,
17822,2019,7,5,15,0,24.1,343,201,492,5.1000000000000005,,,,,,,,,,,,,,,,,,,,,,,,,,,,,,,,,,,,
17823,2019,7,5,15,15,23.9,324,230,489,5.0,,,,,,,,,,,,,,,,,,,,,,,,,,,,,,,,,,,,
17824,2019,7,5,15,30,23.8,178,4,181,5.0,,,,,,,,,,,,,,,,,,,,,,,,,,,,,,,,,,,,
17825,2019,7,5,15,45,23.6,297,184,419,4.9,,,,,,,,,,,,,,,,,,,,,,,,,,,,,,,,,,,,
17826,2019,7,5,16,0,23.5,274,241,425,4.800000000000001,,,,,,,,,,,,,,,,,,,,,,,,,,,,,,,,,,,,
17827,2019,7,5,16,15,23.3,220,406,463,4.7,,,,,,,,,,,,,,,,,,,,,,,,,,,,,,,,,,,,
17828,2019,7,5,16,30,23.1,237,248,377,4.6000000000000005,,,,,,,,,,,,,,,,,,,,,,,,,,,,,,,,,,,,
17829,2019,7,5,16,45,22.9,111,700,483,4.5,,,,,,,,,,,,,,,,,,,,,,,,,,,,,,,,,,,,
17830,2019,7,5,17,0,22.700000000000003,206,202,306,4.4,,,,,,,,,,,,,,,,,,,,,,,,,,,,,,,,,,,,
17831,2019,7,5,17,15,22.5,190,169,268,4.2,,,,,,,,,,,,,,,,,,,,,,,,,,,,,,,,,,,,
17832,2019,7,5,17,30,22.200000000000003,171,180,247,4.1000000000000005,,,,,,,,,,,,,,,,,,,,,,,,,,,,,,,,,,,,
17833,2019,7,5,17,45,22.0,152,187,225,3.9,,,,,,,,,,,,,,,,,,,,,,,,,,,,,,,,,,,,
17834,2019,7,5,18,0,21.700000000000003,107,410,251,3.7,,,,,,,,,,,,,,,,,,,,,,,,,,,,,,,,,,,,
17835,2019,7,5,18,15,21.3,116,208,181,3.3000000000000003,,,,,,,,,,,,,,,,,,,,,,,,,,,,,,,,,,,,
17836,2019,7,5,18,30,20.9,86,350,182,3.0,,,,,,,,,,,,,,,,,,,,,,,,,,,,,,,,,,,,
17837,2019,7,5,18,45,20.4,86,165,125,2.6,,,,,,,,,,,,,,,,,,,,,,,,,,,,,,,,,,,,
17838,2019,7,5,19,0,20.0,72,142,100,2.2,,,,,,,,,,,,,,,,,,,,,,,,,,,,,,,,,,,,
17839,2019,7,5,19,15,19.3,53,245,94,2.0,,,,,,,,,,,,,,,,,,,,,,,,,,,,,,,,,,,,
17840,2019,7,5,19,30,18.7,42,201,68,1.7000000000000002,,,,,,,,,,,,,,,,,,,,,,,,,,,,,,,,,,,,
17841,2019,7,5,19,45,18.0,31,148,46,1.4,,,,,,,,,,,,,,,,,,,,,,,,,,,,,,,,,,,,
17842,2019,7,5,20,0,17.3,22,73,26,1.2000000000000002,,,,,,,,,,,,,,,,,,,,,,,,,,,,,,,,,,,,
17843,2019,7,5,20,15,17.0,13,66,15,1.1,,,,,,,,,,,,,,,,,,,,,,,,,,,,,,,,,,,,
17844,2019,7,5,20,30,16.7,0,0,0,1.1,,,,,,,,,,,,,,,,,,,,,,,,,,,,,,,,,,,,
17845,2019,7,5,20,45,16.5,0,0,0,1.0,,,,,,,,,,,,,,,,,,,,,,,,,,,,,,,,,,,,
17846,2019,7,5,21,0,16.2,0,0,0,1.0,,,,,,,,,,,,,,,,,,,,,,,,,,,,,,,,,,,,
17847,2019,7,5,21,15,16.1,0,0,0,0.9,,,,,,,,,,,,,,,,,,,,,,,,,,,,,,,,,,,,
17848,2019,7,5,21,30,15.9,0,0,0,0.9,,,,,,,,,,,,,,,,,,,,,,,,,,,,,,,,,,,,
17849,2019,7,5,21,45,15.8,0,0,0,0.9,,,,,,,,,,,,,,,,,,,,,,,,,,,,,,,,,,,,
17850,2019,7,5,22,0,15.6,0,0,0,0.8,,,,,,,,,,,,,,,,,,,,,,,,,,,,,,,,,,,,
17851,2019,7,5,22,15,15.6,0,0,0,0.8,,,,,,,,,,,,,,,,,,,,,,,,,,,,,,,,,,,,
17852,2019,7,5,22,30,15.6,0,0,0,0.7000000000000001,,,,,,,,,,,,,,,,,,,,,,,,,,,,,,,,,,,,
17853,2019,7,5,22,45,15.6,0,0,0,0.7000000000000001,,,,,,,,,,,,,,,,,,,,,,,,,,,,,,,,,,,,
17854,2019,7,5,23,0,15.6,0,0,0,0.7000000000000001,,,,,,,,,,,,,,,,,,,,,,,,,,,,,,,,,,,,
17855,2019,7,5,23,15,15.7,0,0,0,0.6000000000000001,,,,,,,,,,,,,,,,,,,,,,,,,,,,,,,,,,,,
17856,2019,7,5,23,30,15.7,0,0,0,0.5,,,,,,,,,,,,,,,,,,,,,,,,,,,,,,,,,,,,
17857,2019,7,5,23,45,15.8,0,0,0,0.4,,,,,,,,,,,,,,,,,,,,,,,,,,,,,,,,,,,,
17858,2019,7,6,0,0,15.8,0,0,0,0.3,,,,,,,,,,,,,,,,,,,,,,,,,,,,,,,,,,,,
17859,2019,7,6,0,15,15.8,0,0,0,0.3,,,,,,,,,,,,,,,,,,,,,,,,,,,,,,,,,,,,
17860,2019,7,6,0,30,15.8,0,0,0,0.3,,,,,,,,,,,,,,,,,,,,,,,,,,,,,,,,,,,,
17861,2019,7,6,0,45,15.8,0,0,0,0.3,,,,,,,,,,,,,,,,,,,,,,,,,,,,,,,,,,,,
17862,2019,7,6,1,0,15.0,0,0,0,0.7000000000000001,,,,,,,,,,,,,,,,,,,,,,,,,,,,,,,,,,,,
17863,2019,7,6,1,15,14.8,0,0,0,0.7000000000000001,,,,,,,,,,,,,,,,,,,,,,,,,,,,,,,,,,,,
17864,2019,7,6,1,30,14.6,0,0,0,0.7000000000000001,,,,,,,,,,,,,,,,,,,,,,,,,,,,,,,,,,,,
17865,2019,7,6,1,45,14.4,0,0,0,0.8,,,,,,,,,,,,,,,,,,,,,,,,,,,,,,,,,,,,
17866,2019,7,6,2,0,14.2,0,0,0,0.8,,,,,,,,,,,,,,,,,,,,,,,,,,,,,,,,,,,,
17867,2019,7,6,2,15,14.1,0,0,0,0.9,,,,,,,,,,,,,,,,,,,,,,,,,,,,,,,,,,,,
17868,2019,7,6,2,30,14.0,0,0,0,0.9,,,,,,,,,,,,,,,,,,,,,,,,,,,,,,,,,,,,
17869,2019,7,6,2,45,13.9,0,0,0,1.0,,,,,,,,,,,,,,,,,,,,,,,,,,,,,,,,,,,,
17870,2019,7,6,3,0,13.8,0,0,0,1.0,,,,,,,,,,,,,,,,,,,,,,,,,,,,,,,,,,,,
17871,2019,7,6,3,15,13.9,0,0,0,1.1,,,,,,,,,,,,,,,,,,,,,,,,,,,,,,,,,,,,
17872,2019,7,6,3,30,14.0,0,0,0,1.2000000000000002,,,,,,,,,,,,,,,,,,,,,,,,,,,,,,,,,,,,
17873,2019,7,6,3,45,14.0,0,0,0,1.3,,,,,,,,,,,,,,,,,,,,,,,,,,,,,,,,,,,,
17874,2019,7,6,4,0,14.1,0,0,0,1.3,,,,,,,,,,,,,,,,,,,,,,,,,,,,,,,,,,,,
17875,2019,7,6,4,15,14.5,0,0,0,1.6,,,,,,,,,,,,,,,,,,,,,,,,,,,,,,,,,,,,
17876,2019,7,6,4,30,14.9,17,120,23,1.8,,,,,,,,,,,,,,,,,,,,,,,,,,,,,,,,,,,,
17877,2019,7,6,4,45,15.3,27,204,43,2.1,,,,,,,,,,,,,,,,,,,,,,,,,,,,,,,,,,,,
17878,2019,7,6,5,0,15.8,36,282,68,2.4000000000000004,,,,,,,,,,,,,,,,,,,,,,,,,,,,,,,,,,,,
17879,2019,7,6,5,15,16.2,44,0,44,2.4000000000000004,,,,,,,,,,,,,,,,,,,,,,,,,,,,,,,,,,,,
17880,2019,7,6,5,30,16.7,60,0,60,2.5,,,,,,,,,,,,,,,,,,,,,,,,,,,,,,,,,,,,
17881,2019,7,6,5,45,17.2,59,471,163,2.6,,,,,,,,,,,,,,,,,,,,,,,,,,,,,,,,,,,,
17882,2019,7,6,6,0,17.7,90,225,148,2.6,,,,,,,,,,,,,,,,,,,,,,,,,,,,,,,,,,,,
17883,2019,7,6,6,15,18.3,108,40,119,2.9000000000000004,,,,,,,,,,,,,,,,,,,,,,,,,,,,,,,,,,,,
17884,2019,7,6,6,30,18.9,76,598,274,3.1,,,,,,,,,,,,,,,,,,,,,,,,,,,,,,,,,,,,
17885,2019,7,6,6,45,19.6,130,308,244,3.4000000000000004,,,,,,,,,,,,,,,,,,,,,,,,,,,,,,,,,,,,
17886,2019,7,6,7,0,20.200000000000003,83,665,353,3.6,,,,,,,,,,,,,,,,,,,,,,,,,,,,,,,,,,,,
17887,2019,7,6,7,15,20.6,87,691,393,3.8,,,,,,,,,,,,,,,,,,,,,,,,,,,,,,,,,,,,
17888,2019,7,6,7,30,20.9,199,99,246,3.9,,,,,,,,,,,,,,,,,,,,,,,,,,,,,,,,,,,,
17889,2019,7,6,7,45,21.200000000000003,91,743,473,4.1000000000000005,,,,,,,,,,,,,,,,,,,,,,,,,,,,,,,,,,,,
17890,2019,7,6,8,0,21.6,94,763,512,4.2,,,,,,,,,,,,,,,,,,,,,,,,,,,,,,,,,,,,
17891,2019,7,6,8,15,21.8,96,779,549,4.3,,,,,,,,,,,,,,,,,,,,,,,,,,,,,,,,,,,,
17892,2019,7,6,8,30,22.1,99,793,585,4.4,,,,,,,,,,,,,,,,,,,,,,,,,,,,,,,,,,,,
17893,2019,7,6,8,45,22.3,98,814,622,4.5,,,,,,,,,,,,,,,,,,,,,,,,,,,,,,,,,,,,
17894,2019,7,6,9,0,22.6,100,826,655,4.6000000000000005,,,,,,,,,,,,,,,,,,,,,,,,,,,,,,,,,,,,
17895,2019,7,6,9,15,22.8,102,836,687,4.6000000000000005,,,,,,,,,,,,,,,,,,,,,,,,,,,,,,,,,,,,
17896,2019,7,6,9,30,23.1,104,845,718,4.7,,,,,,,,,,,,,,,,,,,,,,,,,,,,,,,,,,,,
17897,2019,7,6,9,45,23.4,117,832,741,4.7,,,,,,,,,,,,,,,,,,,,,,,,,,,,,,,,,,,,
17898,2019,7,6,10,0,23.700000000000003,118,839,767,4.800000000000001,,,,,,,,,,,,,,,,,,,,,,,,,,,,,,,,,,,,
17899,2019,7,6,10,15,24.0,379,157,503,4.800000000000001,,,,,,,,,,,,,,,,,,,,,,,,,,,,,,,,,,,,
17900,2019,7,6,10,30,24.3,121,849,810,4.800000000000001,,,,,,,,,,,,,,,,,,,,,,,,,,,,,,,,,,,,
17901,2019,7,6,10,45,24.6,118,860,830,4.800000000000001,,,,,,,,,,,,,,,,,,,,,,,,,,,,,,,,,,,,
17902,2019,7,6,11,0,24.8,119,864,846,4.9,,,,,,,,,,,,,,,,,,,,,,,,,,,,,,,,,,,,
17903,2019,7,6,11,15,25.1,120,866,857,4.9,,,,,,,,,,,,,,,,,,,,,,,,,,,,,,,,,,,,
17904,2019,7,6,11,30,25.3,359,395,699,4.9,,,,,,,,,,,,,,,,,,,,,,,,,,,,,,,,,,,,
17905,2019,7,6,11,45,25.6,419,113,518,4.9,,,,,,,,,,,,,,,,,,,,,,,,,,,,,,,,,,,,
17906,2019,7,6,12,0,25.8,427,151,559,4.9,,,,,,,,,,,,,,,,,,,,,,,,,,,,,,,,,,,,
17907,2019,7,6,12,15,25.9,429,160,569,5.0,,,,,,,,,,,,,,,,,,,,,,,,,,,,,,,,,,,,
17908,2019,7,6,12,30,26.1,422,229,622,5.0,,,,,,,,,,,,,,,,,,,,,,,,,,,,,,,,,,,,
17909,2019,7,6,12,45,26.200000000000003,420,230,620,5.0,,,,,,,,,,,,,,,,,,,,,,,,,,,,,,,,,,,,
17910,2019,7,6,13,0,26.4,413,248,628,5.0,,,,,,,,,,,,,,,,,,,,,,,,,,,,,,,,,,,,
17911,2019,7,6,13,15,26.3,412,232,610,4.9,,,,,,,,,,,,,,,,,,,,,,,,,,,,,,,,,,,,
17912,2019,7,6,13,30,26.3,396,85,468,4.9,,,,,,,,,,,,,,,,,,,,,,,,,,,,,,,,,,,,
17913,2019,7,6,13,45,26.3,402,201,569,4.9,,,,,,,,,,,,,,,,,,,,,,,,,,,,,,,,,,,,
17914,2019,7,6,14,0,26.200000000000003,395,176,539,4.9,,,,,,,,,,,,,,,,,,,,,,,,,,,,,,,,,,,,
17915,2019,7,6,14,15,26.1,384,185,532,4.800000000000001,,,,,,,,,,,,,,,,,,,,,,,,,,,,,,,,,,,,
17916,2019,7,6,14,30,25.9,80,0,80,4.7,,,,,,,,,,,,,,,,,,,,,,,,,,,,,,,,,,,,
17917,2019,7,6,14,45,25.700000000000003,264,19,279,4.7,,,,,,,,,,,,,,,,,,,,,,,,,,,,,,,,,,,,
17918,2019,7,6,15,0,25.6,328,73,382,4.6000000000000005,,,,,,,,,,,,,,,,,,,,,,,,,,,,,,,,,,,,
17919,2019,7,6,15,15,25.3,314,72,366,4.6000000000000005,,,,,,,,,,,,,,,,,,,,,,,,,,,,,,,,,,,,
17920,2019,7,6,15,30,25.0,210,10,216,4.5,,,,,,,,,,,,,,,,,,,,,,,,,,,,,,,,,,,,
17921,2019,7,6,15,45,24.8,127,0,127,4.4,,,,,,,,,,,,,,,,,,,,,,,,,,,,,,,,,,,,
17922,2019,7,6,16,0,24.5,127,0,127,4.3,,,,,,,,,,,,,,,,,,,,,,,,,,,,,,,,,,,,
17923,2019,7,6,16,15,24.200000000000003,41,0,41,4.3,,,,,,,,,,,,,,,,,,,,,,,,,,,,,,,,,,,,
17924,2019,7,6,16,30,23.8,45,0,45,4.3,,,,,,,,,,,,,,,,,,,,,,,,,,,,,,,,,,,,
17925,2019,7,6,16,45,23.4,41,0,41,4.2,,,,,,,,,,,,,,,,,,,,,,,,,,,,,,,,,,,,
17926,2019,7,6,17,0,23.1,21,0,21,4.2,,,,,,,,,,,,,,,,,,,,,,,,,,,,,,,,,,,,
17927,2019,7,6,17,15,22.5,29,0,29,4.2,,,,,,,,,,,,,,,,,,,,,,,,,,,,,,,,,,,,
17928,2019,7,6,17,30,22.0,142,9,146,4.1000000000000005,,,,,,,,,,,,,,,,,,,,,,,,,,,,,,,,,,,,
17929,2019,7,6,17,45,21.5,69,0,69,4.1000000000000005,,,,,,,,,,,,,,,,,,,,,,,,,,,,,,,,,,,,
17930,2019,7,6,18,0,21.0,67,0,67,4.1000000000000005,,,,,,,,,,,,,,,,,,,,,,,,,,,,,,,,,,,,
17931,2019,7,6,18,15,20.4,109,17,114,4.0,,,,,,,,,,,,,,,,,,,,,,,,,,,,,,,,,,,,
17932,2019,7,6,18,30,19.9,36,0,36,3.9,,,,,,,,,,,,,,,,,,,,,,,,,,,,,,,,,,,,
17933,2019,7,6,18,45,19.3,30,0,30,3.8,,,,,,,,,,,,,,,,,,,,,,,,,,,,,,,,,,,,
17934,2019,7,6,19,0,18.7,24,0,24,3.7,,,,,,,,,,,,,,,,,,,,,,,,,,,,,,,,,,,,
17935,2019,7,6,19,15,18.4,20,0,20,3.6,,,,,,,,,,,,,,,,,,,,,,,,,,,,,,,,,,,,
17936,2019,7,6,19,30,18.0,16,0,16,3.5,,,,,,,,,,,,,,,,,,,,,,,,,,,,,,,,,,,,
17937,2019,7,6,19,45,17.6,12,0,12,3.4000000000000004,,,,,,,,,,,,,,,,,,,,,,,,,,,,,,,,,,,,
17938,2019,7,6,20,0,17.2,3,0,3,3.3000000000000003,,,,,,,,,,,,,,,,,,,,,,,,,,,,,,,,,,,,
17939,2019,7,6,20,15,17.0,2,0,2,3.3000000000000003,,,,,,,,,,,,,,,,,,,,,,,,,,,,,,,,,,,,
17940,2019,7,6,20,30,16.7,0,0,0,3.2,,,,,,,,,,,,,,,,,,,,,,,,,,,,,,,,,,,,
17941,2019,7,6,20,45,16.5,0,0,0,3.2,,,,,,,,,,,,,,,,,,,,,,,,,,,,,,,,,,,,
17942,2019,7,6,21,0,16.2,0,0,0,3.2,,,,,,,,,,,,,,,,,,,,,,,,,,,,,,,,,,,,
17943,2019,7,6,21,15,16.0,0,0,0,3.2,,,,,,,,,,,,,,,,,,,,,,,,,,,,,,,,,,,,
17944,2019,7,6,21,30,15.8,0,0,0,3.2,,,,,,,,,,,,,,,,,,,,,,,,,,,,,,,,,,,,
17945,2019,7,6,21,45,15.6,0,0,0,3.1,,,,,,,,,,,,,,,,,,,,,,,,,,,,,,,,,,,,
17946,2019,7,6,22,0,15.4,0,0,0,3.1,,,,,,,,,,,,,,,,,,,,,,,,,,,,,,,,,,,,
17947,2019,7,6,22,15,15.2,0,0,0,3.1,,,,,,,,,,,,,,,,,,,,,,,,,,,,,,,,,,,,
17948,2019,7,6,22,30,15.0,0,0,0,3.0,,,,,,,,,,,,,,,,,,,,,,,,,,,,,,,,,,,,
17949,2019,7,6,22,45,14.8,0,0,0,2.9000000000000004,,,,,,,,,,,,,,,,,,,,,,,,,,,,,,,,,,,,
17950,2019,7,6,23,0,14.6,0,0,0,2.9000000000000004,,,,,,,,,,,,,,,,,,,,,,,,,,,,,,,,,,,,
17951,2019,7,6,23,15,14.4,0,0,0,2.8000000000000003,,,,,,,,,,,,,,,,,,,,,,,,,,,,,,,,,,,,
17952,2019,7,6,23,30,14.2,0,0,0,2.8000000000000003,,,,,,,,,,,,,,,,,,,,,,,,,,,,,,,,,,,,
17953,2019,7,6,23,45,14.0,0,0,0,2.8000000000000003,,,,,,,,,,,,,,,,,,,,,,,,,,,,,,,,,,,,
17954,2019,7,7,0,0,13.8,0,0,0,2.7,,,,,,,,,,,,,,,,,,,,,,,,,,,,,,,,,,,,
17955,2019,7,7,0,15,13.8,0,0,0,2.7,,,,,,,,,,,,,,,,,,,,,,,,,,,,,,,,,,,,
17956,2019,7,7,0,30,13.8,0,0,0,2.7,,,,,,,,,,,,,,,,,,,,,,,,,,,,,,,,,,,,
17957,2019,7,7,0,45,13.8,0,0,0,2.7,,,,,,,,,,,,,,,,,,,,,,,,,,,,,,,,,,,,
17958,2019,7,7,1,0,13.0,0,0,0,2.5,,,,,,,,,,,,,,,,,,,,,,,,,,,,,,,,,,,,
17959,2019,7,7,1,15,12.8,0,0,0,2.4000000000000004,,,,,,,,,,,,,,,,,,,,,,,,,,,,,,,,,,,,
17960,2019,7,7,1,30,12.6,0,0,0,2.4000000000000004,,,,,,,,,,,,,,,,,,,,,,,,,,,,,,,,,,,,
17961,2019,7,7,1,45,12.4,0,0,0,2.3000000000000003,,,,,,,,,,,,,,,,,,,,,,,,,,,,,,,,,,,,
17962,2019,7,7,2,0,12.2,0,0,0,2.2,,,,,,,,,,,,,,,,,,,,,,,,,,,,,,,,,,,,
17963,2019,7,7,2,15,12.0,0,0,0,2.2,,,,,,,,,,,,,,,,,,,,,,,,,,,,,,,,,,,,
17964,2019,7,7,2,30,11.8,0,0,0,2.2,,,,,,,,,,,,,,,,,,,,,,,,,,,,,,,,,,,,
17965,2019,7,7,2,45,11.6,0,0,0,2.2,,,,,,,,,,,,,,,,,,,,,,,,,,,,,,,,,,,,
17966,2019,7,7,3,0,11.4,0,0,0,2.2,,,,,,,,,,,,,,,,,,,,,,,,,,,,,,,,,,,,
17967,2019,7,7,3,15,11.3,0,0,0,2.2,,,,,,,,,,,,,,,,,,,,,,,,,,,,,,,,,,,,
17968,2019,7,7,3,30,11.1,0,0,0,2.3000000000000003,,,,,,,,,,,,,,,,,,,,,,,,,,,,,,,,,,,,
17969,2019,7,7,3,45,11.0,0,0,0,2.4000000000000004,,,,,,,,,,,,,,,,,,,,,,,,,,,,,,,,,,,,
17970,2019,7,7,4,0,10.9,0,0,0,2.4000000000000004,,,,,,,,,,,,,,,,,,,,,,,,,,,,,,,,,,,,
17971,2019,7,7,4,15,11.0,0,0,0,2.6,,,,,,,,,,,,,,,,,,,,,,,,,,,,,,,,,,,,
17972,2019,7,7,4,30,11.1,4,0,4,2.7,,,,,,,,,,,,,,,,,,,,,,,,,,,,,,,,,,,,
17973,2019,7,7,4,45,11.3,27,219,44,2.9000000000000004,,,,,,,,,,,,,,,,,,,,,,,,,,,,,,,,,,,,
17974,2019,7,7,5,0,11.4,36,304,70,3.1,,,,,,,,,,,,,,,,,,,,,,,,,,,,,,,,,,,,
17975,2019,7,7,5,15,11.8,44,379,100,3.2,,,,,,,,,,,,,,,,,,,,,,,,,,,,,,,,,,,,
17976,2019,7,7,5,30,12.1,52,447,134,3.4000000000000004,,,,,,,,,,,,,,,,,,,,,,,,,,,,,,,,,,,,
17977,2019,7,7,5,45,12.4,57,514,170,3.5,,,,,,,,,,,,,,,,,,,,,,,,,,,,,,,,,,,,
17978,2019,7,7,6,0,12.8,63,563,207,3.7,,,,,,,,,,,,,,,,,,,,,,,,,,,,,,,,,,,,
17979,2019,7,7,6,15,13.2,31,0,31,3.8,,,,,,,,,,,,,,,,,,,,,,,,,,,,,,,,,,,,
17980,2019,7,7,6,30,13.6,64,0,64,3.9,,,,,,,,,,,,,,,,,,,,,,,,,,,,,,,,,,,,
17981,2019,7,7,6,45,14.0,76,0,76,4.0,,,,,,,,,,,,,,,,,,,,,,,,,,,,,,,,,,,,
17982,2019,7,7,7,0,14.5,110,0,110,4.2,,,,,,,,,,,,,,,,,,,,,,,,,,,,,,,,,,,,
17983,2019,7,7,7,15,14.8,102,0,102,4.2,,,,,,,,,,,,,,,,,,,,,,,,,,,,,,,,,,,,
17984,2019,7,7,7,30,15.2,180,34,196,4.3,,,,,,,,,,,,,,,,,,,,,,,,,,,,,,,,,,,,
17985,2019,7,7,7,45,15.6,198,40,219,4.4,,,,,,,,,,,,,,,,,,,,,,,,,,,,,,,,,,,,
17986,2019,7,7,8,0,16.0,232,214,349,4.5,,,,,,,,,,,,,,,,,,,,,,,,,,,,,,,,,,,,
17987,2019,7,7,8,15,16.3,208,21,220,4.5,,,,,,,,,,,,,,,,,,,,,,,,,,,,,,,,,,,,
17988,2019,7,7,8,30,16.6,64,0,64,4.6000000000000005,,,,,,,,,,,,,,,,,,,,,,,,,,,,,,,,,,,,
17989,2019,7,7,8,45,17.0,189,7,193,4.6000000000000005,,,,,,,,,,,,,,,,,,,,,,,,,,,,,,,,,,,,
17990,2019,7,7,9,0,17.3,271,42,299,4.7,,,,,,,,,,,,,,,,,,,,,,,,,,,,,,,,,,,,
17991,2019,7,7,9,15,17.5,200,8,205,4.7,,,,,,,,,,,,,,,,,,,,,,,,,,,,,,,,,,,,
17992,2019,7,7,9,30,17.7,154,2,156,4.800000000000001,,,,,,,,,,,,,,,,,,,,,,,,,,,,,,,,,,,,
17993,2019,7,7,9,45,18.0,231,12,240,4.800000000000001,,,,,,,,,,,,,,,,,,,,,,,,,,,,,,,,,,,,
17994,2019,7,7,10,0,18.2,114,0,114,4.9,,,,,,,,,,,,,,,,,,,,,,,,,,,,,,,,,,,,
17995,2019,7,7,10,15,18.3,237,12,247,4.9,,,,,,,,,,,,,,,,,,,,,,,,,,,,,,,,,,,,
17996,2019,7,7,10,30,18.4,133,0,133,4.9,,,,,,,,,,,,,,,,,,,,,,,,,,,,,,,,,,,,
17997,2019,7,7,10,45,18.5,76,0,76,4.9,,,,,,,,,,,,,,,,,,,,,,,,,,,,,,,,,,,,
17998,2019,7,7,11,0,18.6,140,1,140,4.9,,,,,,,,,,,,,,,,,,,,,,,,,,,,,,,,,,,,
17999,2019,7,7,11,15,18.6,77,0,77,4.9,,,,,,,,,,,,,,,,,,,,,,,,,,,,,,,,,,,,
18000,2019,7,7,11,30,18.6,215,10,224,4.9,,,,,,,,,,,,,,,,,,,,,,,,,,,,,,,,,,,,
18001,2019,7,7,11,45,18.6,199,9,206,4.9,,,,,,,,,,,,,,,,,,,,,,,,,,,,,,,,,,,,
18002,2019,7,7,12,0,18.6,310,21,329,4.9,,,,,,,,,,,,,,,,,,,,,,,,,,,,,,,,,,,,
18003,2019,7,7,12,15,18.7,181,7,187,4.9,,,,,,,,,,,,,,,,,,,,,,,,,,,,,,,,,,,,
18004,2019,7,7,12,30,18.8,78,0,78,4.9,,,,,,,,,,,,,,,,,,,,,,,,,,,,,,,,,,,,
18005,2019,7,7,12,45,18.8,111,0,111,5.0,,,,,,,,,,,,,,,,,,,,,,,,,,,,,,,,,,,,
18006,2019,7,7,13,0,18.9,401,78,468,5.0,,,,,,,,,,,,,,,,,,,,,,,,,,,,,,,,,,,,
18007,2019,7,7,13,15,18.9,406,257,626,5.0,,,,,,,,,,,,,,,,,,,,,,,,,,,,,,,,,,,,
18008,2019,7,7,13,30,19.0,260,14,272,5.0,,,,,,,,,,,,,,,,,,,,,,,,,,,,,,,,,,,,
18009,2019,7,7,13,45,19.0,90,0,90,5.0,,,,,,,,,,,,,,,,,,,,,,,,,,,,,,,,,,,,
18010,2019,7,7,14,0,19.0,84,0,84,5.0,,,,,,,,,,,,,,,,,,,,,,,,,,,,,,,,,,,,
18011,2019,7,7,14,15,19.0,359,68,414,4.9,,,,,,,,,,,,,,,,,,,,,,,,,,,,,,,,,,,,
18012,2019,7,7,14,30,18.9,370,193,521,4.9,,,,,,,,,,,,,,,,,,,,,,,,,,,,,,,,,,,,
18013,2019,7,7,14,45,18.9,152,2,153,4.9,,,,,,,,,,,,,,,,,,,,,,,,,,,,,,,,,,,,
18014,2019,7,7,15,0,18.8,93,0,93,4.9,,,,,,,,,,,,,,,,,,,,,,,,,,,,,,,,,,,,
18015,2019,7,7,15,15,18.7,188,6,192,4.9,,,,,,,,,,,,,,,,,,,,,,,,,,,,,,,,,,,,
18016,2019,7,7,15,30,18.5,309,103,380,4.800000000000001,,,,,,,,,,,,,,,,,,,,,,,,,,,,,,,,,,,,
18017,2019,7,7,15,45,18.4,278,303,477,4.800000000000001,,,,,,,,,,,,,,,,,,,,,,,,,,,,,,,,,,,,
18018,2019,7,7,16,0,18.2,243,376,479,4.800000000000001,,,,,,,,,,,,,,,,,,,,,,,,,,,,,,,,,,,,
18019,2019,7,7,16,15,18.1,263,155,355,4.800000000000001,,,,,,,,,,,,,,,,,,,,,,,,,,,,,,,,,,,,
18020,2019,7,7,16,30,17.900000000000002,243,104,301,4.7,,,,,,,,,,,,,,,,,,,,,,,,,,,,,,,,,,,,
18021,2019,7,7,16,45,17.7,201,340,382,4.7,,,,,,,,,,,,,,,,,,,,,,,,,,,,,,,,,,,,
18022,2019,7,7,17,0,17.6,96,746,465,4.6000000000000005,,,,,,,,,,,,,,,,,,,,,,,,,,,,,,,,,,,,
18023,2019,7,7,17,15,17.400000000000002,93,725,425,4.5,,,,,,,,,,,,,,,,,,,,,,,,,,,,,,,,,,,,
18024,2019,7,7,17,30,17.1,89,700,385,4.4,,,,,,,,,,,,,,,,,,,,,,,,,,,,,,,,,,,,
18025,2019,7,7,17,45,16.900000000000002,142,277,249,4.3,,,,,,,,,,,,,,,,,,,,,,,,,,,,,,,,,,,,
18026,2019,7,7,18,0,16.7,119,321,231,4.2,,,,,,,,,,,,,,,,,,,,,,,,,,,,,,,,,,,,
18027,2019,7,7,18,15,16.400000000000002,102,328,205,3.9,,,,,,,,,,,,,,,,,,,,,,,,,,,,,,,,,,,,
18028,2019,7,7,18,30,16.1,84,359,182,3.7,,,,,,,,,,,,,,,,,,,,,,,,,,,,,,,,,,,,
18029,2019,7,7,18,45,15.7,73,324,150,3.4000000000000004,,,,,,,,,,,,,,,,,,,,,,,,,,,,,,,,,,,,
18030,2019,7,7,19,0,15.4,62,290,121,3.2,,,,,,,,,,,,,,,,,,,,,,,,,,,,,,,,,,,,
18031,2019,7,7,19,15,15.0,52,248,93,2.9000000000000004,,,,,,,,,,,,,,,,,,,,,,,,,,,,,,,,,,,,
18032,2019,7,7,19,30,14.5,41,339,85,2.6,,,,,,,,,,,,,,,,,,,,,,,,,,,,,,,,,,,,
18033,2019,7,7,19,45,14.0,32,265,57,2.3000000000000003,,,,,,,,,,,,,,,,,,,,,,,,,,,,,,,,,,,,
18034,2019,7,7,20,0,13.5,23,175,34,2.1,,,,,,,,,,,,,,,,,,,,,,,,,,,,,,,,,,,,
18035,2019,7,7,20,15,13.2,13,83,16,2.0,,,,,,,,,,,,,,,,,,,,,,,,,,,,,,,,,,,,
18036,2019,7,7,20,30,13.0,0,0,0,1.9,,,,,,,,,,,,,,,,,,,,,,,,,,,,,,,,,,,,
18037,2019,7,7,20,45,12.7,0,0,0,1.9,,,,,,,,,,,,,,,,,,,,,,,,,,,,,,,,,,,,
18038,2019,7,7,21,0,12.4,0,0,0,1.8,,,,,,,,,,,,,,,,,,,,,,,,,,,,,,,,,,,,
18039,2019,7,7,21,15,12.2,0,0,0,1.8,,,,,,,,,,,,,,,,,,,,,,,,,,,,,,,,,,,,
18040,2019,7,7,21,30,12.0,0,0,0,1.7000000000000002,,,,,,,,,,,,,,,,,,,,,,,,,,,,,,,,,,,,
18041,2019,7,7,21,45,11.7,0,0,0,1.7000000000000002,,,,,,,,,,,,,,,,,,,,,,,,,,,,,,,,,,,,
18042,2019,7,7,22,0,11.5,0,0,0,1.7000000000000002,,,,,,,,,,,,,,,,,,,,,,,,,,,,,,,,,,,,
18043,2019,7,7,22,15,11.3,0,0,0,1.7000000000000002,,,,,,,,,,,,,,,,,,,,,,,,,,,,,,,,,,,,
18044,2019,7,7,22,30,11.2,0,0,0,1.7000000000000002,,,,,,,,,,,,,,,,,,,,,,,,,,,,,,,,,,,,
18045,2019,7,7,22,45,11.0,0,0,0,1.7000000000000002,,,,,,,,,,,,,,,,,,,,,,,,,,,,,,,,,,,,
18046,2019,7,7,23,0,10.8,0,0,0,1.7000000000000002,,,,,,,,,,,,,,,,,,,,,,,,,,,,,,,,,,,,
18047,2019,7,7,23,15,10.6,0,0,0,1.7000000000000002,,,,,,,,,,,,,,,,,,,,,,,,,,,,,,,,,,,,
18048,2019,7,7,23,30,10.4,0,0,0,1.7000000000000002,,,,,,,,,,,,,,,,,,,,,,,,,,,,,,,,,,,,
18049,2019,7,7,23,45,10.2,0,0,0,1.7000000000000002,,,,,,,,,,,,,,,,,,,,,,,,,,,,,,,,,,,,
18050,2019,7,8,0,0,10.1,0,0,0,1.7000000000000002,,,,,,,,,,,,,,,,,,,,,,,,,,,,,,,,,,,,
18051,2019,7,8,0,15,10.1,0,0,0,1.7000000000000002,,,,,,,,,,,,,,,,,,,,,,,,,,,,,,,,,,,,
18052,2019,7,8,0,30,10.1,0,0,0,1.7000000000000002,,,,,,,,,,,,,,,,,,,,,,,,,,,,,,,,,,,,
18053,2019,7,8,0,45,10.1,0,0,0,1.7000000000000002,,,,,,,,,,,,,,,,,,,,,,,,,,,,,,,,,,,,
18054,2019,7,8,1,0,9.4,0,0,0,1.7000000000000002,,,,,,,,,,,,,,,,,,,,,,,,,,,,,,,,,,,,
18055,2019,7,8,1,15,9.2,0,0,0,1.8,,,,,,,,,,,,,,,,,,,,,,,,,,,,,,,,,,,,
18056,2019,7,8,1,30,9.1,0,0,0,1.8,,,,,,,,,,,,,,,,,,,,,,,,,,,,,,,,,,,,
18057,2019,7,8,1,45,9.0,0,0,0,1.8,,,,,,,,,,,,,,,,,,,,,,,,,,,,,,,,,,,,
18058,2019,7,8,2,0,8.9,0,0,0,1.8,,,,,,,,,,,,,,,,,,,,,,,,,,,,,,,,,,,,
18059,2019,7,8,2,15,8.8,0,0,0,1.8,,,,,,,,,,,,,,,,,,,,,,,,,,,,,,,,,,,,
18060,2019,7,8,2,30,8.700000000000001,0,0,0,1.8,,,,,,,,,,,,,,,,,,,,,,,,,,,,,,,,,,,,
18061,2019,7,8,2,45,8.6,0,0,0,1.9,,,,,,,,,,,,,,,,,,,,,,,,,,,,,,,,,,,,
18062,2019,7,8,3,0,8.5,0,0,0,1.9,,,,,,,,,,,,,,,,,,,,,,,,,,,,,,,,,,,,
18063,2019,7,8,3,15,8.5,0,0,0,2.0,,,,,,,,,,,,,,,,,,,,,,,,,,,,,,,,,,,,
18064,2019,7,8,3,30,8.5,0,0,0,2.1,,,,,,,,,,,,,,,,,,,,,,,,,,,,,,,,,,,,
18065,2019,7,8,3,45,8.6,0,0,0,2.1,,,,,,,,,,,,,,,,,,,,,,,,,,,,,,,,,,,,
18066,2019,7,8,4,0,8.6,0,0,0,2.2,,,,,,,,,,,,,,,,,,,,,,,,,,,,,,,,,,,,
18067,2019,7,8,4,15,9.0,0,0,0,2.4000000000000004,,,,,,,,,,,,,,,,,,,,,,,,,,,,,,,,,,,,
18068,2019,7,8,4,30,9.3,3,0,3,2.5,,,,,,,,,,,,,,,,,,,,,,,,,,,,,,,,,,,,
18069,2019,7,8,4,45,9.7,6,0,6,2.7,,,,,,,,,,,,,,,,,,,,,,,,,,,,,,,,,,,,
18070,2019,7,8,5,0,10.1,8,0,8,2.9000000000000004,,,,,,,,,,,,,,,,,,,,,,,,,,,,,,,,,,,,
18071,2019,7,8,5,15,10.6,11,0,11,3.1,,,,,,,,,,,,,,,,,,,,,,,,,,,,,,,,,,,,
18072,2019,7,8,5,30,11.2,15,0,15,3.3000000000000003,,,,,,,,,,,,,,,,,,,,,,,,,,,,,,,,,,,,
18073,2019,7,8,5,45,11.7,53,533,169,3.5,,,,,,,,,,,,,,,,,,,,,,,,,,,,,,,,,,,,
18074,2019,7,8,6,0,12.3,58,580,206,3.7,,,,,,,,,,,,,,,,,,,,,,,,,,,,,,,,,,,,
18075,2019,7,8,6,15,12.6,29,0,29,3.8,,,,,,,,,,,,,,,,,,,,,,,,,,,,,,,,,,,,
18076,2019,7,8,6,30,13.0,28,0,28,4.0,,,,,,,,,,,,,,,,,,,,,,,,,,,,,,,,,,,,
18077,2019,7,8,6,45,13.3,27,0,27,4.1000000000000005,,,,,,,,,,,,,,,,,,,,,,,,,,,,,,,,,,,,
18078,2019,7,8,7,0,13.7,141,17,148,4.3,,,,,,,,,,,,,,,,,,,,,,,,,,,,,,,,,,,,
18079,2019,7,8,7,15,14.0,177,79,211,4.3,,,,,,,,,,,,,,,,,,,,,,,,,,,,,,,,,,,,
18080,2019,7,8,7,30,14.3,198,155,272,4.4,,,,,,,,,,,,,,,,,,,,,,,,,,,,,,,,,,,,
18081,2019,7,8,7,45,14.6,211,77,250,4.4,,,,,,,,,,,,,,,,,,,,,,,,,,,,,,,,,,,,
18082,2019,7,8,8,0,14.9,50,0,50,4.5,,,,,,,,,,,,,,,,,,,,,,,,,,,,,,,,,,,,
18083,2019,7,8,8,15,15.2,209,22,222,4.5,,,,,,,,,,,,,,,,,,,,,,,,,,,,,,,,,,,,
18084,2019,7,8,8,30,15.5,268,108,334,4.6000000000000005,,,,,,,,,,,,,,,,,,,,,,,,,,,,,,,,,,,,
18085,2019,7,8,8,45,15.8,286,113,358,4.6000000000000005,,,,,,,,,,,,,,,,,,,,,,,,,,,,,,,,,,,,
18086,2019,7,8,9,0,16.1,276,49,309,4.7,,,,,,,,,,,,,,,,,,,,,,,,,,,,,,,,,,,,
18087,2019,7,8,9,15,16.400000000000002,217,11,224,4.7,,,,,,,,,,,,,,,,,,,,,,,,,,,,,,,,,,,,
18088,2019,7,8,9,30,16.7,105,0,105,4.800000000000001,,,,,,,,,,,,,,,,,,,,,,,,,,,,,,,,,,,,
18089,2019,7,8,9,45,16.900000000000002,146,1,147,4.800000000000001,,,,,,,,,,,,,,,,,,,,,,,,,,,,,,,,,,,,
18090,2019,7,8,10,0,17.2,212,9,218,4.800000000000001,,,,,,,,,,,,,,,,,,,,,,,,,,,,,,,,,,,,
18091,2019,7,8,10,15,17.400000000000002,71,0,71,4.9,,,,,,,,,,,,,,,,,,,,,,,,,,,,,,,,,,,,
18092,2019,7,8,10,30,17.6,193,7,199,4.9,,,,,,,,,,,,,,,,,,,,,,,,,,,,,,,,,,,,
18093,2019,7,8,10,45,17.8,73,0,73,4.9,,,,,,,,,,,,,,,,,,,,,,,,,,,,,,,,,,,,
18094,2019,7,8,11,0,18.0,98,0,98,4.9,,,,,,,,,,,,,,,,,,,,,,,,,,,,,,,,,,,,
18095,2019,7,8,11,15,18.2,238,12,248,4.9,,,,,,,,,,,,,,,,,,,,,,,,,,,,,,,,,,,,
18096,2019,7,8,11,30,18.3,140,1,141,4.9,,,,,,,,,,,,,,,,,,,,,,,,,,,,,,,,,,,,
18097,2019,7,8,11,45,18.5,77,0,77,4.9,,,,,,,,,,,,,,,,,,,,,,,,,,,,,,,,,,,,
18098,2019,7,8,12,0,18.7,106,0,106,4.9,,,,,,,,,,,,,,,,,,,,,,,,,,,,,,,,,,,,
18099,2019,7,8,12,15,18.7,87,0,87,4.9,,,,,,,,,,,,,,,,,,,,,,,,,,,,,,,,,,,,
18100,2019,7,8,12,30,18.8,152,3,155,4.800000000000001,,,,,,,,,,,,,,,,,,,,,,,,,,,,,,,,,,,,
18101,2019,7,8,12,45,18.8,77,0,77,4.800000000000001,,,,,,,,,,,,,,,,,,,,,,,,,,,,,,,,,,,,
18102,2019,7,8,13,0,18.9,77,0,77,4.800000000000001,,,,,,,,,,,,,,,,,,,,,,,,,,,,,,,,,,,,
18103,2019,7,8,13,15,18.9,166,5,170,4.800000000000001,,,,,,,,,,,,,,,,,,,,,,,,,,,,,,,,,,,,
18104,2019,7,8,13,30,18.9,76,0,76,4.800000000000001,,,,,,,,,,,,,,,,,,,,,,,,,,,,,,,,,,,,
18105,2019,7,8,13,45,18.9,75,0,75,4.800000000000001,,,,,,,,,,,,,,,,,,,,,,,,,,,,,,,,,,,,
18106,2019,7,8,14,0,19.0,138,0,138,4.7,,,,,,,,,,,,,,,,,,,,,,,,,,,,,,,,,,,,
18107,2019,7,8,14,15,18.9,304,27,325,4.7,,,,,,,,,,,,,,,,,,,,,,,,,,,,,,,,,,,,
18108,2019,7,8,14,30,18.8,363,238,549,4.6000000000000005,,,,,,,,,,,,,,,,,,,,,,,,,,,,,,,,,,,,
18109,2019,7,8,14,45,18.7,357,193,503,4.6000000000000005,,,,,,,,,,,,,,,,,,,,,,,,,,,,,,,,,,,,
18110,2019,7,8,15,0,18.6,325,295,542,4.6000000000000005,,,,,,,,,,,,,,,,,,,,,,,,,,,,,,,,,,,,
18111,2019,7,8,15,15,18.4,325,219,481,4.5,,,,,,,,,,,,,,,,,,,,,,,,,,,,,,,,,,,,
18112,2019,7,8,15,30,18.3,176,4,179,4.4,,,,,,,,,,,,,,,,,,,,,,,,,,,,,,,,,,,,
18113,2019,7,8,15,45,18.2,74,0,74,4.4,,,,,,,,,,,,,,,,,,,,,,,,,,,,,,,,,,,,
18114,2019,7,8,16,0,18.0,88,0,88,4.3,,,,,,,,,,,,,,,,,,,,,,,,,,,,,,,,,,,,
18115,2019,7,8,16,15,17.8,72,0,72,4.3,,,,,,,,,,,,,,,,,,,,,,,,,,,,,,,,,,,,
18116,2019,7,8,16,30,17.6,73,0,73,4.2,,,,,,,,,,,,,,,,,,,,,,,,,,,,,,,,,,,,
18117,2019,7,8,16,45,17.400000000000002,43,0,43,4.1000000000000005,,,,,,,,,,,,,,,,,,,,,,,,,,,,,,,,,,,,
18118,2019,7,8,17,0,17.2,38,0,38,4.0,,,,,,,,,,,,,,,,,,,,,,,,,,,,,,,,,,,,
18119,2019,7,8,17,15,17.0,49,0,49,3.9,,,,,,,,,,,,,,,,,,,,,,,,,,,,,,,,,,,,
18120,2019,7,8,17,30,16.8,64,0,64,3.8,,,,,,,,,,,,,,,,,,,,,,,,,,,,,,,,,,,,
18121,2019,7,8,17,45,16.6,139,26,150,3.7,,,,,,,,,,,,,,,,,,,,,,,,,,,,,,,,,,,,
18122,2019,7,8,18,0,16.400000000000002,86,0,86,3.6,,,,,,,,,,,,,,,,,,,,,,,,,,,,,,,,,,,,
18123,2019,7,8,18,15,16.1,78,0,78,3.3000000000000003,,,,,,,,,,,,,,,,,,,,,,,,,,,,,,,,,,,,
18124,2019,7,8,18,30,15.8,94,15,99,3.1,,,,,,,,,,,,,,,,,,,,,,,,,,,,,,,,,,,,
18125,2019,7,8,18,45,15.5,79,3,79,2.8000000000000003,,,,,,,,,,,,,,,,,,,,,,,,,,,,,,,,,,,,
18126,2019,7,8,19,0,15.2,62,0,62,2.6,,,,,,,,,,,,,,,,,,,,,,,,,,,,,,,,,,,,
18127,2019,7,8,19,15,14.7,47,0,47,2.3000000000000003,,,,,,,,,,,,,,,,,,,,,,,,,,,,,,,,,,,,
18128,2019,7,8,19,30,14.2,33,0,33,2.1,,,,,,,,,,,,,,,,,,,,,,,,,,,,,,,,,,,,
18129,2019,7,8,19,45,13.7,22,0,22,1.8,,,,,,,,,,,,,,,,,,,,,,,,,,,,,,,,,,,,
18130,2019,7,8,20,0,13.2,13,0,13,1.5,,,,,,,,,,,,,,,,,,,,,,,,,,,,,,,,,,,,
18131,2019,7,8,20,15,13.0,5,0,5,1.6,,,,,,,,,,,,,,,,,,,,,,,,,,,,,,,,,,,,
18132,2019,7,8,20,30,12.8,0,0,0,1.6,,,,,,,,,,,,,,,,,,,,,,,,,,,,,,,,,,,,
18133,2019,7,8,20,45,12.6,0,0,0,1.6,,,,,,,,,,,,,,,,,,,,,,,,,,,,,,,,,,,,
18134,2019,7,8,21,0,12.4,0,0,0,1.6,,,,,,,,,,,,,,,,,,,,,,,,,,,,,,,,,,,,
18135,2019,7,8,21,15,12.2,0,0,0,1.7000000000000002,,,,,,,,,,,,,,,,,,,,,,,,,,,,,,,,,,,,
18136,2019,7,8,21,30,12.1,0,0,0,1.7000000000000002,,,,,,,,,,,,,,,,,,,,,,,,,,,,,,,,,,,,
18137,2019,7,8,21,45,12.0,0,0,0,1.8,,,,,,,,,,,,,,,,,,,,,,,,,,,,,,,,,,,,
18138,2019,7,8,22,0,11.8,0,0,0,1.8,,,,,,,,,,,,,,,,,,,,,,,,,,,,,,,,,,,,
18139,2019,7,8,22,15,11.7,0,0,0,1.8,,,,,,,,,,,,,,,,,,,,,,,,,,,,,,,,,,,,
18140,2019,7,8,22,30,11.5,0,0,0,1.8,,,,,,,,,,,,,,,,,,,,,,,,,,,,,,,,,,,,
18141,2019,7,8,22,45,11.4,0,0,0,1.8,,,,,,,,,,,,,,,,,,,,,,,,,,,,,,,,,,,,
18142,2019,7,8,23,0,11.2,0,0,0,1.9,,,,,,,,,,,,,,,,,,,,,,,,,,,,,,,,,,,,
18143,2019,7,8,23,15,11.1,0,0,0,1.9,,,,,,,,,,,,,,,,,,,,,,,,,,,,,,,,,,,,
18144,2019,7,8,23,30,11.0,0,0,0,1.9,,,,,,,,,,,,,,,,,,,,,,,,,,,,,,,,,,,,
18145,2019,7,8,23,45,10.8,0,0,0,1.9,,,,,,,,,,,,,,,,,,,,,,,,,,,,,,,,,,,,
18146,2019,7,9,0,0,10.7,0,0,0,1.9,,,,,,,,,,,,,,,,,,,,,,,,,,,,,,,,,,,,
18147,2019,7,9,0,15,10.7,0,0,0,1.9,,,,,,,,,,,,,,,,,,,,,,,,,,,,,,,,,,,,
18148,2019,7,9,0,30,10.7,0,0,0,1.9,,,,,,,,,,,,,,,,,,,,,,,,,,,,,,,,,,,,
18149,2019,7,9,0,45,10.7,0,0,0,1.9,,,,,,,,,,,,,,,,,,,,,,,,,,,,,,,,,,,,
18150,2019,7,9,1,0,10.4,0,0,0,2.1,,,,,,,,,,,,,,,,,,,,,,,,,,,,,,,,,,,,
18151,2019,7,9,1,15,10.3,0,0,0,2.1,,,,,,,,,,,,,,,,,,,,,,,,,,,,,,,,,,,,
18152,2019,7,9,1,30,10.1,0,0,0,2.1,,,,,,,,,,,,,,,,,,,,,,,,,,,,,,,,,,,,
18153,2019,7,9,1,45,10.0,0,0,0,2.1,,,,,,,,,,,,,,,,,,,,,,,,,,,,,,,,,,,,
18154,2019,7,9,2,0,9.9,0,0,0,2.1,,,,,,,,,,,,,,,,,,,,,,,,,,,,,,,,,,,,
18155,2019,7,9,2,15,9.7,0,0,0,2.0,,,,,,,,,,,,,,,,,,,,,,,,,,,,,,,,,,,,
18156,2019,7,9,2,30,9.5,0,0,0,1.9,,,,,,,,,,,,,,,,,,,,,,,,,,,,,,,,,,,,
18157,2019,7,9,2,45,9.3,0,0,0,1.8,,,,,,,,,,,,,,,,,,,,,,,,,,,,,,,,,,,,
18158,2019,7,9,3,0,9.1,0,0,0,1.8,,,,,,,,,,,,,,,,,,,,,,,,,,,,,,,,,,,,
18159,2019,7,9,3,15,9.0,0,0,0,1.8,,,,,,,,,,,,,,,,,,,,,,,,,,,,,,,,,,,,
18160,2019,7,9,3,30,8.9,0,0,0,1.8,,,,,,,,,,,,,,,,,,,,,,,,,,,,,,,,,,,,
18161,2019,7,9,3,45,8.9,0,0,0,1.8,,,,,,,,,,,,,,,,,,,,,,,,,,,,,,,,,,,,
18162,2019,7,9,4,0,8.8,0,0,0,1.8,,,,,,,,,,,,,,,,,,,,,,,,,,,,,,,,,,,,
18163,2019,7,9,4,15,9.1,0,0,0,2.0,,,,,,,,,,,,,,,,,,,,,,,,,,,,,,,,,,,,
18164,2019,7,9,4,30,9.4,2,0,2,2.2,,,,,,,,,,,,,,,,,,,,,,,,,,,,,,,,,,,,
18165,2019,7,9,4,45,9.7,4,0,4,2.4000000000000004,,,,,,,,,,,,,,,,,,,,,,,,,,,,,,,,,,,,
18166,2019,7,9,5,0,10.1,5,0,5,2.6,,,,,,,,,,,,,,,,,,,,,,,,,,,,,,,,,,,,
18167,2019,7,9,5,15,10.5,7,0,7,2.8000000000000003,,,,,,,,,,,,,,,,,,,,,,,,,,,,,,,,,,,,
18168,2019,7,9,5,30,10.9,9,0,9,2.9000000000000004,,,,,,,,,,,,,,,,,,,,,,,,,,,,,,,,,,,,
18169,2019,7,9,5,45,11.3,11,0,11,3.0,,,,,,,,,,,,,,,,,,,,,,,,,,,,,,,,,,,,
18170,2019,7,9,6,0,11.7,14,0,14,3.2,,,,,,,,,,,,,,,,,,,,,,,,,,,,,,,,,,,,
18171,2019,7,9,6,15,12.0,17,0,17,3.2,,,,,,,,,,,,,,,,,,,,,,,,,,,,,,,,,,,,
18172,2019,7,9,6,30,12.4,20,0,20,3.2,,,,,,,,,,,,,,,,,,,,,,,,,,,,,,,,,,,,
18173,2019,7,9,6,45,12.7,24,0,24,3.3000000000000003,,,,,,,,,,,,,,,,,,,,,,,,,,,,,,,,,,,,
18174,2019,7,9,7,0,13.0,28,0,28,3.3000000000000003,,,,,,,,,,,,,,,,,,,,,,,,,,,,,,,,,,,,
18175,2019,7,9,7,15,13.3,32,0,32,3.4000000000000004,,,,,,,,,,,,,,,,,,,,,,,,,,,,,,,,,,,,
18176,2019,7,9,7,30,13.7,36,0,36,3.4000000000000004,,,,,,,,,,,,,,,,,,,,,,,,,,,,,,,,,,,,
18177,2019,7,9,7,45,14.0,40,0,40,3.4000000000000004,,,,,,,,,,,,,,,,,,,,,,,,,,,,,,,,,,,,
18178,2019,7,9,8,0,14.3,44,0,44,3.5,,,,,,,,,,,,,,,,,,,,,,,,,,,,,,,,,,,,
18179,2019,7,9,8,15,14.7,48,0,48,3.5,,,,,,,,,,,,,,,,,,,,,,,,,,,,,,,,,,,,
18180,2019,7,9,8,30,15.0,51,0,51,3.5,,,,,,,,,,,,,,,,,,,,,,,,,,,,,,,,,,,,
18181,2019,7,9,8,45,15.3,55,0,55,3.5,,,,,,,,,,,,,,,,,,,,,,,,,,,,,,,,,,,,
18182,2019,7,9,9,0,15.7,58,0,58,3.6,,,,,,,,,,,,,,,,,,,,,,,,,,,,,,,,,,,,
18183,2019,7,9,9,15,15.9,61,0,61,3.6,,,,,,,,,,,,,,,,,,,,,,,,,,,,,,,,,,,,
18184,2019,7,9,9,30,16.2,64,0,64,3.6,,,,,,,,,,,,,,,,,,,,,,,,,,,,,,,,,,,,
18185,2019,7,9,9,45,16.400000000000002,66,0,66,3.7,,,,,,,,,,,,,,,,,,,,,,,,,,,,,,,,,,,,
18186,2019,7,9,10,0,16.7,68,0,68,3.7,,,,,,,,,,,,,,,,,,,,,,,,,,,,,,,,,,,,
18187,2019,7,9,10,15,16.900000000000002,70,0,70,3.8,,,,,,,,,,,,,,,,,,,,,,,,,,,,,,,,,,,,
18188,2019,7,9,10,30,17.1,72,0,72,3.8,,,,,,,,,,,,,,,,,,,,,,,,,,,,,,,,,,,,
18189,2019,7,9,10,45,17.3,73,0,73,3.9,,,,,,,,,,,,,,,,,,,,,,,,,,,,,,,,,,,,
18190,2019,7,9,11,0,17.5,74,0,74,3.9,,,,,,,,,,,,,,,,,,,,,,,,,,,,,,,,,,,,
18191,2019,7,9,11,15,17.7,75,0,75,4.0,,,,,,,,,,,,,,,,,,,,,,,,,,,,,,,,,,,,
18192,2019,7,9,11,30,17.900000000000002,76,0,76,4.0,,,,,,,,,,,,,,,,,,,,,,,,,,,,,,,,,,,,
18193,2019,7,9,11,45,18.1,79,0,79,4.1000000000000005,,,,,,,,,,,,,,,,,,,,,,,,,,,,,,,,,,,,
18194,2019,7,9,12,0,18.3,84,0,84,4.1000000000000005,,,,,,,,,,,,,,,,,,,,,,,,,,,,,,,,,,,,
18195,2019,7,9,12,15,18.3,88,0,88,4.2,,,,,,,,,,,,,,,,,,,,,,,,,,,,,,,,,,,,
18196,2019,7,9,12,30,18.4,92,0,92,4.2,,,,,,,,,,,,,,,,,,,,,,,,,,,,,,,,,,,,
18197,2019,7,9,12,45,18.5,97,0,97,4.3,,,,,,,,,,,,,,,,,,,,,,,,,,,,,,,,,,,,
18198,2019,7,9,13,0,18.6,102,0,102,4.3,,,,,,,,,,,,,,,,,,,,,,,,,,,,,,,,,,,,
18199,2019,7,9,13,15,18.5,99,0,99,4.4,,,,,,,,,,,,,,,,,,,,,,,,,,,,,,,,,,,,
18200,2019,7,9,13,30,18.5,97,0,97,4.4,,,,,,,,,,,,,,,,,,,,,,,,,,,,,,,,,,,,
18201,2019,7,9,13,45,18.4,94,0,94,4.5,,,,,,,,,,,,,,,,,,,,,,,,,,,,,,,,,,,,
18202,2019,7,9,14,0,18.4,91,0,91,4.5,,,,,,,,,,,,,,,,,,,,,,,,,,,,,,,,,,,,
18203,2019,7,9,14,15,18.3,88,0,88,4.5,,,,,,,,,,,,,,,,,,,,,,,,,,,,,,,,,,,,
18204,2019,7,9,14,30,18.2,85,0,85,4.5,,,,,,,,,,,,,,,,,,,,,,,,,,,,,,,,,,,,
18205,2019,7,9,14,45,18.1,82,0,82,4.5,,,,,,,,,,,,,,,,,,,,,,,,,,,,,,,,,,,,
18206,2019,7,9,15,0,18.0,79,0,79,4.5,,,,,,,,,,,,,,,,,,,,,,,,,,,,,,,,,,,,
18207,2019,7,9,15,15,17.900000000000002,75,0,75,4.5,,,,,,,,,,,,,,,,,,,,,,,,,,,,,,,,,,,,
18208,2019,7,9,15,30,17.8,71,0,71,4.4,,,,,,,,,,,,,,,,,,,,,,,,,,,,,,,,,,,,
18209,2019,7,9,15,45,17.7,67,0,67,4.4,,,,,,,,,,,,,,,,,,,,,,,,,,,,,,,,,,,,
18210,2019,7,9,16,0,17.6,62,0,62,4.3,,,,,,,,,,,,,,,,,,,,,,,,,,,,,,,,,,,,
18211,2019,7,9,16,15,17.400000000000002,63,0,63,4.3,,,,,,,,,,,,,,,,,,,,,,,,,,,,,,,,,,,,
18212,2019,7,9,16,30,17.3,63,0,63,4.2,,,,,,,,,,,,,,,,,,,,,,,,,,,,,,,,,,,,
18213,2019,7,9,16,45,17.2,63,0,63,4.2,,,,,,,,,,,,,,,,,,,,,,,,,,,,,,,,,,,,
18214,2019,7,9,17,0,17.1,63,0,63,4.1000000000000005,,,,,,,,,,,,,,,,,,,,,,,,,,,,,,,,,,,,
18215,2019,7,9,17,15,16.900000000000002,64,0,64,4.0,,,,,,,,,,,,,,,,,,,,,,,,,,,,,,,,,,,,
18216,2019,7,9,17,30,16.7,65,0,65,3.9,,,,,,,,,,,,,,,,,,,,,,,,,,,,,,,,,,,,
18217,2019,7,9,17,45,16.5,66,0,66,3.8,,,,,,,,,,,,,,,,,,,,,,,,,,,,,,,,,,,,
18218,2019,7,9,18,0,16.3,69,0,69,3.7,,,,,,,,,,,,,,,,,,,,,,,,,,,,,,,,,,,,
18219,2019,7,9,18,15,16.0,61,0,61,3.4000000000000004,,,,,,,,,,,,,,,,,,,,,,,,,,,,,,,,,,,,
18220,2019,7,9,18,30,15.7,53,0,53,3.1,,,,,,,,,,,,,,,,,,,,,,,,,,,,,,,,,,,,
18221,2019,7,9,18,45,15.4,45,0,45,2.8000000000000003,,,,,,,,,,,,,,,,,,,,,,,,,,,,,,,,,,,,
18222,2019,7,9,19,0,15.2,37,0,37,2.5,,,,,,,,,,,,,,,,,,,,,,,,,,,,,,,,,,,,
18223,2019,7,9,19,15,14.6,27,0,27,2.3000000000000003,,,,,,,,,,,,,,,,,,,,,,,,,,,,,,,,,,,,
18224,2019,7,9,19,30,14.0,19,0,19,2.0,,,,,,,,,,,,,,,,,,,,,,,,,,,,,,,,,,,,
18225,2019,7,9,19,45,13.5,12,0,12,1.7000000000000002,,,,,,,,,,,,,,,,,,,,,,,,,,,,,,,,,,,,
18226,2019,7,9,20,0,12.9,7,0,7,1.5,,,,,,,,,,,,,,,,,,,,,,,,,,,,,,,,,,,,
18227,2019,7,9,20,15,12.6,3,0,3,1.5,,,,,,,,,,,,,,,,,,,,,,,,,,,,,,,,,,,,
18228,2019,7,9,20,30,12.3,0,0,0,1.5,,,,,,,,,,,,,,,,,,,,,,,,,,,,,,,,,,,,
18229,2019,7,9,20,45,12.0,0,0,0,1.5,,,,,,,,,,,,,,,,,,,,,,,,,,,,,,,,,,,,
18230,2019,7,9,21,0,11.6,0,0,0,1.5,,,,,,,,,,,,,,,,,,,,,,,,,,,,,,,,,,,,
18231,2019,7,9,21,15,11.5,0,0,0,1.5,,,,,,,,,,,,,,,,,,,,,,,,,,,,,,,,,,,,
18232,2019,7,9,21,30,11.3,0,0,0,1.5,,,,,,,,,,,,,,,,,,,,,,,,,,,,,,,,,,,,
18233,2019,7,9,21,45,11.1,0,0,0,1.5,,,,,,,,,,,,,,,,,,,,,,,,,,,,,,,,,,,,
18234,2019,7,9,22,0,10.9,0,0,0,1.5,,,,,,,,,,,,,,,,,,,,,,,,,,,,,,,,,,,,
18235,2019,7,9,22,15,10.8,0,0,0,1.5,,,,,,,,,,,,,,,,,,,,,,,,,,,,,,,,,,,,
18236,2019,7,9,22,30,10.6,0,0,0,1.5,,,,,,,,,,,,,,,,,,,,,,,,,,,,,,,,,,,,
18237,2019,7,9,22,45,10.4,0,0,0,1.5,,,,,,,,,,,,,,,,,,,,,,,,,,,,,,,,,,,,
18238,2019,7,9,23,0,10.3,0,0,0,1.5,,,,,,,,,,,,,,,,,,,,,,,,,,,,,,,,,,,,
18239,2019,7,9,23,15,10.1,0,0,0,1.5,,,,,,,,,,,,,,,,,,,,,,,,,,,,,,,,,,,,
18240,2019,7,9,23,30,9.9,0,0,0,1.5,,,,,,,,,,,,,,,,,,,,,,,,,,,,,,,,,,,,
18241,2019,7,9,23,45,9.8,0,0,0,1.6,,,,,,,,,,,,,,,,,,,,,,,,,,,,,,,,,,,,
18242,2019,7,10,0,0,9.6,0,0,0,1.6,,,,,,,,,,,,,,,,,,,,,,,,,,,,,,,,,,,,
18243,2019,7,10,0,15,9.6,0,0,0,1.6,,,,,,,,,,,,,,,,,,,,,,,,,,,,,,,,,,,,
18244,2019,7,10,0,30,9.6,0,0,0,1.6,,,,,,,,,,,,,,,,,,,,,,,,,,,,,,,,,,,,
18245,2019,7,10,0,45,9.6,0,0,0,1.6,,,,,,,,,,,,,,,,,,,,,,,,,,,,,,,,,,,,
18246,2019,7,10,1,0,8.9,0,0,0,1.5,,,,,,,,,,,,,,,,,,,,,,,,,,,,,,,,,,,,
18247,2019,7,10,1,15,8.8,0,0,0,1.5,,,,,,,,,,,,,,,,,,,,,,,,,,,,,,,,,,,,
18248,2019,7,10,1,30,8.6,0,0,0,1.5,,,,,,,,,,,,,,,,,,,,,,,,,,,,,,,,,,,,
18249,2019,7,10,1,45,8.5,0,0,0,1.5,,,,,,,,,,,,,,,,,,,,,,,,,,,,,,,,,,,,
18250,2019,7,10,2,0,8.3,0,0,0,1.5,,,,,,,,,,,,,,,,,,,,,,,,,,,,,,,,,,,,
18251,2019,7,10,2,15,8.200000000000001,0,0,0,1.5,,,,,,,,,,,,,,,,,,,,,,,,,,,,,,,,,,,,
18252,2019,7,10,2,30,8.1,0,0,0,1.6,,,,,,,,,,,,,,,,,,,,,,,,,,,,,,,,,,,,
18253,2019,7,10,2,45,8.0,0,0,0,1.6,,,,,,,,,,,,,,,,,,,,,,,,,,,,,,,,,,,,
18254,2019,7,10,3,0,7.9,0,0,0,1.6,,,,,,,,,,,,,,,,,,,,,,,,,,,,,,,,,,,,
18255,2019,7,10,3,15,7.9,0,0,0,1.7000000000000002,,,,,,,,,,,,,,,,,,,,,,,,,,,,,,,,,,,,
18256,2019,7,10,3,30,8.0,0,0,0,1.8,,,,,,,,,,,,,,,,,,,,,,,,,,,,,,,,,,,,
18257,2019,7,10,3,45,8.0,0,0,0,1.9,,,,,,,,,,,,,,,,,,,,,,,,,,,,,,,,,,,,
18258,2019,7,10,4,0,8.0,0,0,0,2.0,,,,,,,,,,,,,,,,,,,,,,,,,,,,,,,,,,,,
18259,2019,7,10,4,15,8.4,0,0,0,2.2,,,,,,,,,,,,,,,,,,,,,,,,,,,,,,,,,,,,
18260,2019,7,10,4,30,8.9,16,126,21,2.4000000000000004,,,,,,,,,,,,,,,,,,,,,,,,,,,,,,,,,,,,
18261,2019,7,10,4,45,9.3,25,218,41,2.6,,,,,,,,,,,,,,,,,,,,,,,,,,,,,,,,,,,,
18262,2019,7,10,5,0,9.7,34,302,66,2.8000000000000003,,,,,,,,,,,,,,,,,,,,,,,,,,,,,,,,,,,,
18263,2019,7,10,5,15,10.2,42,378,95,2.9000000000000004,,,,,,,,,,,,,,,,,,,,,,,,,,,,,,,,,,,,
18264,2019,7,10,5,30,10.8,49,444,128,2.9000000000000004,,,,,,,,,,,,,,,,,,,,,,,,,,,,,,,,,,,,
18265,2019,7,10,5,45,11.4,56,500,163,3.0,,,,,,,,,,,,,,,,,,,,,,,,,,,,,,,,,,,,
18266,2019,7,10,6,0,11.9,14,0,14,3.0,,,,,,,,,,,,,,,,,,,,,,,,,,,,,,,,,,,,
18267,2019,7,10,6,15,12.4,17,0,17,3.1,,,,,,,,,,,,,,,,,,,,,,,,,,,,,,,,,,,,
18268,2019,7,10,6,30,12.9,20,0,20,3.1,,,,,,,,,,,,,,,,,,,,,,,,,,,,,,,,,,,,
18269,2019,7,10,6,45,13.4,53,0,53,3.1,,,,,,,,,,,,,,,,,,,,,,,,,,,,,,,,,,,,
18270,2019,7,10,7,0,14.0,160,98,199,3.1,,,,,,,,,,,,,,,,,,,,,,,,,,,,,,,,,,,,
18271,2019,7,10,7,15,14.4,149,13,155,3.1,,,,,,,,,,,,,,,,,,,,,,,,,,,,,,,,,,,,
18272,2019,7,10,7,30,14.8,139,0,139,3.0,,,,,,,,,,,,,,,,,,,,,,,,,,,,,,,,,,,,
18273,2019,7,10,7,45,15.3,155,3,157,3.0,,,,,,,,,,,,,,,,,,,,,,,,,,,,,,,,,,,,
18274,2019,7,10,8,0,15.7,232,118,296,2.9000000000000004,,,,,,,,,,,,,,,,,,,,,,,,,,,,,,,,,,,,
18275,2019,7,10,8,15,16.1,237,60,271,2.9000000000000004,,,,,,,,,,,,,,,,,,,,,,,,,,,,,,,,,,,,
18276,2019,7,10,8,30,16.6,269,160,366,2.9000000000000004,,,,,,,,,,,,,,,,,,,,,,,,,,,,,,,,,,,,
18277,2019,7,10,8,45,17.0,273,272,446,2.9000000000000004,,,,,,,,,,,,,,,,,,,,,,,,,,,,,,,,,,,,
18278,2019,7,10,9,0,17.400000000000002,281,312,489,2.9000000000000004,,,,,,,,,,,,,,,,,,,,,,,,,,,,,,,,,,,,
18279,2019,7,10,9,15,17.8,282,364,535,2.9000000000000004,,,,,,,,,,,,,,,,,,,,,,,,,,,,,,,,,,,,
18280,2019,7,10,9,30,18.2,266,443,585,2.9000000000000004,,,,,,,,,,,,,,,,,,,,,,,,,,,,,,,,,,,,
18281,2019,7,10,9,45,18.6,323,318,561,2.9000000000000004,,,,,,,,,,,,,,,,,,,,,,,,,,,,,,,,,,,,
18282,2019,7,10,10,0,19.0,334,325,584,2.8000000000000003,,,,,,,,,,,,,,,,,,,,,,,,,,,,,,,,,,,,
18283,2019,7,10,10,15,19.4,122,862,801,2.8000000000000003,,,,,,,,,,,,,,,,,,,,,,,,,,,,,,,,,,,,
18284,2019,7,10,10,30,19.8,353,337,625,2.8000000000000003,,,,,,,,,,,,,,,,,,,,,,,,,,,,,,,,,,,,
18285,2019,7,10,10,45,20.1,122,876,843,2.8000000000000003,,,,,,,,,,,,,,,,,,,,,,,,,,,,,,,,,,,,
18286,2019,7,10,11,0,20.5,123,880,859,2.8000000000000003,,,,,,,,,,,,,,,,,,,,,,,,,,,,,,,,,,,,
18287,2019,7,10,11,15,20.700000000000003,324,460,715,2.9000000000000004,,,,,,,,,,,,,,,,,,,,,,,,,,,,,,,,,,,,
18288,2019,7,10,11,30,21.0,124,883,881,2.9000000000000004,,,,,,,,,,,,,,,,,,,,,,,,,,,,,,,,,,,,
18289,2019,7,10,11,45,21.200000000000003,326,495,754,2.9000000000000004,,,,,,,,,,,,,,,,,,,,,,,,,,,,,,,,,,,,
18290,2019,7,10,12,0,21.5,326,506,765,2.9000000000000004,,,,,,,,,,,,,,,,,,,,,,,,,,,,,,,,,,,,
18291,2019,7,10,12,15,21.6,352,418,716,2.9000000000000004,,,,,,,,,,,,,,,,,,,,,,,,,,,,,,,,,,,,
18292,2019,7,10,12,30,21.8,321,524,776,2.9000000000000004,,,,,,,,,,,,,,,,,,,,,,,,,,,,,,,,,,,,
18293,2019,7,10,12,45,21.9,333,473,743,3.0,,,,,,,,,,,,,,,,,,,,,,,,,,,,,,,,,,,,
18294,2019,7,10,13,0,22.0,341,434,714,3.0,,,,,,,,,,,,,,,,,,,,,,,,,,,,,,,,,,,,
18295,2019,7,10,13,15,22.0,330,454,717,3.0,,,,,,,,,,,,,,,,,,,,,,,,,,,,,,,,,,,,
18296,2019,7,10,13,30,22.0,326,449,704,3.0,,,,,,,,,,,,,,,,,,,,,,,,,,,,,,,,,,,,
18297,2019,7,10,13,45,21.9,321,442,688,3.0,,,,,,,,,,,,,,,,,,,,,,,,,,,,,,,,,,,,
18298,2019,7,10,14,0,21.9,289,516,711,3.0,,,,,,,,,,,,,,,,,,,,,,,,,,,,,,,,,,,,
18299,2019,7,10,14,15,21.8,323,401,644,3.0,,,,,,,,,,,,,,,,,,,,,,,,,,,,,,,,,,,,
18300,2019,7,10,14,30,21.6,344,317,591,3.0,,,,,,,,,,,,,,,,,,,,,,,,,,,,,,,,,,,,
18301,2019,7,10,14,45,21.5,352,112,437,3.0,,,,,,,,,,,,,,,,,,,,,,,,,,,,,,,,,,,,
18302,2019,7,10,15,0,21.3,264,464,605,3.0,,,,,,,,,,,,,,,,,,,,,,,,,,,,,,,,,,,,
18303,2019,7,10,15,15,21.200000000000003,238,501,593,3.0,,,,,,,,,,,,,,,,,,,,,,,,,,,,,,,,,,,,
18304,2019,7,10,15,30,21.1,258,422,546,3.0,,,,,,,,,,,,,,,,,,,,,,,,,,,,,,,,,,,,
18305,2019,7,10,15,45,21.0,277,60,316,3.0,,,,,,,,,,,,,,,,,,,,,,,,,,,,,,,,,,,,
18306,2019,7,10,16,0,20.9,258,310,451,3.0,,,,,,,,,,,,,,,,,,,,,,,,,,,,,,,,,,,,
18307,2019,7,10,16,15,20.700000000000003,261,140,344,2.9000000000000004,,,,,,,,,,,,,,,,,,,,,,,,,,,,,,,,,,,,
18308,2019,7,10,16,30,20.6,243,121,311,2.9000000000000004,,,,,,,,,,,,,,,,,,,,,,,,,,,,,,,,,,,,
18309,2019,7,10,16,45,20.5,159,3,160,2.9000000000000004,,,,,,,,,,,,,,,,,,,,,,,,,,,,,,,,,,,,
18310,2019,7,10,17,0,20.4,111,0,111,2.9000000000000004,,,,,,,,,,,,,,,,,,,,,,,,,,,,,,,,,,,,
18311,2019,7,10,17,15,20.200000000000003,62,0,62,2.8000000000000003,,,,,,,,,,,,,,,,,,,,,,,,,,,,,,,,,,,,
18312,2019,7,10,17,30,20.0,34,0,34,2.7,,,,,,,,,,,,,,,,,,,,,,,,,,,,,,,,,,,,
18313,2019,7,10,17,45,19.8,67,0,67,2.6,,,,,,,,,,,,,,,,,,,,,,,,,,,,,,,,,,,,
18314,2019,7,10,18,0,19.700000000000003,40,0,40,2.6,,,,,,,,,,,,,,,,,,,,,,,,,,,,,,,,,,,,
18315,2019,7,10,18,15,19.1,115,53,131,2.2,,,,,,,,,,,,,,,,,,,,,,,,,,,,,,,,,,,,
18316,2019,7,10,18,30,18.6,100,154,142,1.9,,,,,,,,,,,,,,,,,,,,,,,,,,,,,,,,,,,,
18317,2019,7,10,18,45,18.0,85,129,115,1.6,,,,,,,,,,,,,,,,,,,,,,,,,,,,,,,,,,,,
18318,2019,7,10,19,0,17.5,70,103,90,1.3,,,,,,,,,,,,,,,,,,,,,,,,,,,,,,,,,,,,
18319,2019,7,10,19,15,16.8,56,76,68,1.2000000000000002,,,,,,,,,,,,,,,,,,,,,,,,,,,,,,,,,,,,
18320,2019,7,10,19,30,16.2,42,49,48,1.2000000000000002,,,,,,,,,,,,,,,,,,,,,,,,,,,,,,,,,,,,
18321,2019,7,10,19,45,15.6,29,19,31,1.1,,,,,,,,,,,,,,,,,,,,,,,,,,,,,,,,,,,,
18322,2019,7,10,20,0,15.0,17,0,17,1.1,,,,,,,,,,,,,,,,,,,,,,,,,,,,,,,,,,,,
18323,2019,7,10,20,15,14.9,11,74,13,1.1,,,,,,,,,,,,,,,,,,,,,,,,,,,,,,,,,,,,
18324,2019,7,10,20,30,14.7,0,0,0,1.1,,,,,,,,,,,,,,,,,,,,,,,,,,,,,,,,,,,,
18325,2019,7,10,20,45,14.6,0,0,0,1.1,,,,,,,,,,,,,,,,,,,,,,,,,,,,,,,,,,,,
18326,2019,7,10,21,0,14.5,0,0,0,1.1,,,,,,,,,,,,,,,,,,,,,,,,,,,,,,,,,,,,
18327,2019,7,10,21,15,14.4,0,0,0,1.1,,,,,,,,,,,,,,,,,,,,,,,,,,,,,,,,,,,,
18328,2019,7,10,21,30,14.3,0,0,0,1.1,,,,,,,,,,,,,,,,,,,,,,,,,,,,,,,,,,,,
18329,2019,7,10,21,45,14.2,0,0,0,1.1,,,,,,,,,,,,,,,,,,,,,,,,,,,,,,,,,,,,
18330,2019,7,10,22,0,14.1,0,0,0,1.1,,,,,,,,,,,,,,,,,,,,,,,,,,,,,,,,,,,,
18331,2019,7,10,22,15,14.0,0,0,0,1.1,,,,,,,,,,,,,,,,,,,,,,,,,,,,,,,,,,,,
18332,2019,7,10,22,30,13.9,0,0,0,1.1,,,,,,,,,,,,,,,,,,,,,,,,,,,,,,,,,,,,
18333,2019,7,10,22,45,13.8,0,0,0,1.0,,,,,,,,,,,,,,,,,,,,,,,,,,,,,,,,,,,,
18334,2019,7,10,23,0,13.8,0,0,0,1.0,,,,,,,,,,,,,,,,,,,,,,,,,,,,,,,,,,,,
18335,2019,7,10,23,15,13.7,0,0,0,1.0,,,,,,,,,,,,,,,,,,,,,,,,,,,,,,,,,,,,
18336,2019,7,10,23,30,13.6,0,0,0,1.0,,,,,,,,,,,,,,,,,,,,,,,,,,,,,,,,,,,,
18337,2019,7,10,23,45,13.6,0,0,0,0.9,,,,,,,,,,,,,,,,,,,,,,,,,,,,,,,,,,,,
18338,2019,7,11,0,0,13.5,0,0,0,0.9,,,,,,,,,,,,,,,,,,,,,,,,,,,,,,,,,,,,
18339,2019,7,11,0,15,13.5,0,0,0,0.9,,,,,,,,,,,,,,,,,,,,,,,,,,,,,,,,,,,,
18340,2019,7,11,0,30,13.5,0,0,0,0.9,,,,,,,,,,,,,,,,,,,,,,,,,,,,,,,,,,,,
18341,2019,7,11,0,45,13.5,0,0,0,0.9,,,,,,,,,,,,,,,,,,,,,,,,,,,,,,,,,,,,
18342,2019,7,11,1,0,13.1,0,0,0,0.8,,,,,,,,,,,,,,,,,,,,,,,,,,,,,,,,,,,,
18343,2019,7,11,1,15,13.1,0,0,0,0.8,,,,,,,,,,,,,,,,,,,,,,,,,,,,,,,,,,,,
18344,2019,7,11,1,30,13.0,0,0,0,0.7000000000000001,,,,,,,,,,,,,,,,,,,,,,,,,,,,,,,,,,,,
18345,2019,7,11,1,45,13.0,0,0,0,0.7000000000000001,,,,,,,,,,,,,,,,,,,,,,,,,,,,,,,,,,,,
18346,2019,7,11,2,0,13.0,0,0,0,0.6000000000000001,,,,,,,,,,,,,,,,,,,,,,,,,,,,,,,,,,,,
18347,2019,7,11,2,15,12.9,0,0,0,0.6000000000000001,,,,,,,,,,,,,,,,,,,,,,,,,,,,,,,,,,,,
18348,2019,7,11,2,30,12.9,0,0,0,0.6000000000000001,,,,,,,,,,,,,,,,,,,,,,,,,,,,,,,,,,,,
18349,2019,7,11,2,45,12.9,0,0,0,0.5,,,,,,,,,,,,,,,,,,,,,,,,,,,,,,,,,,,,
18350,2019,7,11,3,0,12.9,0,0,0,0.5,,,,,,,,,,,,,,,,,,,,,,,,,,,,,,,,,,,,
18351,2019,7,11,3,15,12.9,0,0,0,0.5,,,,,,,,,,,,,,,,,,,,,,,,,,,,,,,,,,,,
18352,2019,7,11,3,30,12.9,0,0,0,0.4,,,,,,,,,,,,,,,,,,,,,,,,,,,,,,,,,,,,
18353,2019,7,11,3,45,12.9,0,0,0,0.4,,,,,,,,,,,,,,,,,,,,,,,,,,,,,,,,,,,,
18354,2019,7,11,4,0,12.9,0,0,0,0.3,,,,,,,,,,,,,,,,,,,,,,,,,,,,,,,,,,,,
18355,2019,7,11,4,15,13.0,0,0,0,0.3,,,,,,,,,,,,,,,,,,,,,,,,,,,,,,,,,,,,
18356,2019,7,11,4,30,13.2,2,0,2,0.3,,,,,,,,,,,,,,,,,,,,,,,,,,,,,,,,,,,,
18357,2019,7,11,4,45,13.3,3,0,3,0.3,,,,,,,,,,,,,,,,,,,,,,,,,,,,,,,,,,,,
18358,2019,7,11,5,0,13.5,5,0,5,0.3,,,,,,,,,,,,,,,,,,,,,,,,,,,,,,,,,,,,
18359,2019,7,11,5,15,13.8,6,0,6,0.4,,,,,,,,,,,,,,,,,,,,,,,,,,,,,,,,,,,,
18360,2019,7,11,5,30,14.2,8,0,8,0.4,,,,,,,,,,,,,,,,,,,,,,,,,,,,,,,,,,,,
18361,2019,7,11,5,45,14.6,11,0,11,0.4,,,,,,,,,,,,,,,,,,,,,,,,,,,,,,,,,,,,
18362,2019,7,11,6,0,15.0,13,0,13,0.4,,,,,,,,,,,,,,,,,,,,,,,,,,,,,,,,,,,,
18363,2019,7,11,6,15,15.5,16,0,16,0.5,,,,,,,,,,,,,,,,,,,,,,,,,,,,,,,,,,,,
18364,2019,7,11,6,30,16.0,19,0,19,0.6000000000000001,,,,,,,,,,,,,,,,,,,,,,,,,,,,,,,,,,,,
18365,2019,7,11,6,45,16.6,23,0,23,0.7000000000000001,,,,,,,,,,,,,,,,,,,,,,,,,,,,,,,,,,,,
18366,2019,7,11,7,0,17.1,26,0,26,0.8,,,,,,,,,,,,,,,,,,,,,,,,,,,,,,,,,,,,
18367,2019,7,11,7,15,17.5,30,0,30,0.8,,,,,,,,,,,,,,,,,,,,,,,,,,,,,,,,,,,,
18368,2019,7,11,7,30,17.900000000000002,42,0,42,0.8,,,,,,,,,,,,,,,,,,,,,,,,,,,,,,,,,,,,
18369,2019,7,11,7,45,18.3,71,0,71,0.9,,,,,,,,,,,,,,,,,,,,,,,,,,,,,,,,,,,,
18370,2019,7,11,8,0,18.7,51,0,51,0.9,,,,,,,,,,,,,,,,,,,,,,,,,,,,,,,,,,,,
18371,2019,7,11,8,15,19.0,113,0,113,0.9,,,,,,,,,,,,,,,,,,,,,,,,,,,,,,,,,,,,
18372,2019,7,11,8,30,19.4,154,0,154,0.9,,,,,,,,,,,,,,,,,,,,,,,,,,,,,,,,,,,,
18373,2019,7,11,8,45,19.8,170,3,172,1.0,,,,,,,,,,,,,,,,,,,,,,,,,,,,,,,,,,,,
18374,2019,7,11,9,0,20.1,158,1,158,1.0,,,,,,,,,,,,,,,,,,,,,,,,,,,,,,,,,,,,
18375,2019,7,11,9,15,20.4,164,2,165,1.0,,,,,,,,,,,,,,,,,,,,,,,,,,,,,,,,,,,,
18376,2019,7,11,9,30,20.700000000000003,186,6,190,1.0,,,,,,,,,,,,,,,,,,,,,,,,,,,,,,,,,,,,
18377,2019,7,11,9,45,21.1,249,16,261,1.0,,,,,,,,,,,,,,,,,,,,,,,,,,,,,,,,,,,,
18378,2019,7,11,10,0,21.4,172,4,175,1.0,,,,,,,,,,,,,,,,,,,,,,,,,,,,,,,,,,,,
18379,2019,7,11,10,15,21.6,180,6,184,1.0,,,,,,,,,,,,,,,,,,,,,,,,,,,,,,,,,,,,
18380,2019,7,11,10,30,21.8,202,8,208,1.0,,,,,,,,,,,,,,,,,,,,,,,,,,,,,,,,,,,,
18381,2019,7,11,10,45,22.1,160,4,163,1.0,,,,,,,,,,,,,,,,,,,,,,,,,,,,,,,,,,,,
18382,2019,7,11,11,0,22.3,248,13,259,1.0,,,,,,,,,,,,,,,,,,,,,,,,,,,,,,,,,,,,
18383,2019,7,11,11,15,22.4,290,19,306,1.1,,,,,,,,,,,,,,,,,,,,,,,,,,,,,,,,,,,,
18384,2019,7,11,11,30,22.6,340,32,367,1.1,,,,,,,,,,,,,,,,,,,,,,,,,,,,,,,,,,,,
18385,2019,7,11,11,45,22.700000000000003,343,32,371,1.2000000000000002,,,,,,,,,,,,,,,,,,,,,,,,,,,,,,,,,,,,
18386,2019,7,11,12,0,22.8,422,129,534,1.2000000000000002,,,,,,,,,,,,,,,,,,,,,,,,,,,,,,,,,,,,
18387,2019,7,11,12,15,22.8,422,123,529,1.3,,,,,,,,,,,,,,,,,,,,,,,,,,,,,,,,,,,,
18388,2019,7,11,12,30,22.8,420,115,520,1.3,,,,,,,,,,,,,,,,,,,,,,,,,,,,,,,,,,,,
18389,2019,7,11,12,45,22.8,405,84,478,1.4,,,,,,,,,,,,,,,,,,,,,,,,,,,,,,,,,,,,
18390,2019,7,11,13,0,22.8,403,85,476,1.5,,,,,,,,,,,,,,,,,,,,,,,,,,,,,,,,,,,,
18391,2019,7,11,13,15,22.700000000000003,323,26,346,1.5,,,,,,,,,,,,,,,,,,,,,,,,,,,,,,,,,,,,
18392,2019,7,11,13,30,22.700000000000003,244,12,254,1.6,,,,,,,,,,,,,,,,,,,,,,,,,,,,,,,,,,,,
18393,2019,7,11,13,45,22.6,291,20,307,1.7000000000000002,,,,,,,,,,,,,,,,,,,,,,,,,,,,,,,,,,,,
18394,2019,7,11,14,0,22.5,270,17,284,1.8,,,,,,,,,,,,,,,,,,,,,,,,,,,,,,,,,,,,
18395,2019,7,11,14,15,22.3,190,7,196,1.9,,,,,,,,,,,,,,,,,,,,,,,,,,,,,,,,,,,,
18396,2019,7,11,14,30,22.1,136,0,136,1.9,,,,,,,,,,,,,,,,,,,,,,,,,,,,,,,,,,,,
18397,2019,7,11,14,45,21.9,109,0,109,2.0,,,,,,,,,,,,,,,,,,,,,,,,,,,,,,,,,,,,
18398,2019,7,11,15,0,21.700000000000003,71,0,71,2.1,,,,,,,,,,,,,,,,,,,,,,,,,,,,,,,,,,,,
18399,2019,7,11,15,15,21.5,45,0,45,2.1,,,,,,,,,,,,,,,,,,,,,,,,,,,,,,,,,,,,
18400,2019,7,11,15,30,21.3,55,0,55,2.1,,,,,,,,,,,,,,,,,,,,,,,,,,,,,,,,,,,,
18401,2019,7,11,15,45,21.1,98,0,98,2.2,,,,,,,,,,,,,,,,,,,,,,,,,,,,,,,,,,,,
18402,2019,7,11,16,0,20.8,115,0,115,2.2,,,,,,,,,,,,,,,,,,,,,,,,,,,,,,,,,,,,
18403,2019,7,11,16,15,20.6,134,0,134,2.3000000000000003,,,,,,,,,,,,,,,,,,,,,,,,,,,,,,,,,,,,
18404,2019,7,11,16,30,20.3,132,0,132,2.3000000000000003,,,,,,,,,,,,,,,,,,,,,,,,,,,,,,,,,,,,
18405,2019,7,11,16,45,20.1,39,0,39,2.3000000000000003,,,,,,,,,,,,,,,,,,,,,,,,,,,,,,,,,,,,
18406,2019,7,11,17,0,19.9,68,0,68,2.3000000000000003,,,,,,,,,,,,,,,,,,,,,,,,,,,,,,,,,,,,
18407,2019,7,11,17,15,19.6,105,0,105,2.2,,,,,,,,,,,,,,,,,,,,,,,,,,,,,,,,,,,,
18408,2019,7,11,17,30,19.3,130,0,130,2.1,,,,,,,,,,,,,,,,,,,,,,,,,,,,,,,,,,,,
18409,2019,7,11,17,45,19.0,101,0,101,2.1,,,,,,,,,,,,,,,,,,,,,,,,,,,,,,,,,,,,
18410,2019,7,11,18,0,18.7,13,0,13,2.0,,,,,,,,,,,,,,,,,,,,,,,,,,,,,,,,,,,,
18411,2019,7,11,18,15,18.3,64,0,64,1.9,,,,,,,,,,,,,,,,,,,,,,,,,,,,,,,,,,,,
18412,2019,7,11,18,30,18.0,11,0,11,1.9,,,,,,,,,,,,,,,,,,,,,,,,,,,,,,,,,,,,
18413,2019,7,11,18,45,17.7,9,0,9,1.8,,,,,,,,,,,,,,,,,,,,,,,,,,,,,,,,,,,,
18414,2019,7,11,19,0,17.400000000000002,8,0,8,1.7000000000000002,,,,,,,,,,,,,,,,,,,,,,,,,,,,,,,,,,,,
18415,2019,7,11,19,15,17.2,7,0,7,1.7000000000000002,,,,,,,,,,,,,,,,,,,,,,,,,,,,,,,,,,,,
18416,2019,7,11,19,30,17.0,6,0,6,1.6,,,,,,,,,,,,,,,,,,,,,,,,,,,,,,,,,,,,
18417,2019,7,11,19,45,16.8,5,0,5,1.6,,,,,,,,,,,,,,,,,,,,,,,,,,,,,,,,,,,,
18418,2019,7,11,20,0,16.5,4,0,4,1.6,,,,,,,,,,,,,,,,,,,,,,,,,,,,,,,,,,,,
18419,2019,7,11,20,15,16.400000000000002,2,0,2,1.6,,,,,,,,,,,,,,,,,,,,,,,,,,,,,,,,,,,,
18420,2019,7,11,20,30,16.3,0,0,0,1.5,,,,,,,,,,,,,,,,,,,,,,,,,,,,,,,,,,,,
18421,2019,7,11,20,45,16.1,0,0,0,1.5,,,,,,,,,,,,,,,,,,,,,,,,,,,,,,,,,,,,
18422,2019,7,11,21,0,16.0,0,0,0,1.5,,,,,,,,,,,,,,,,,,,,,,,,,,,,,,,,,,,,
18423,2019,7,11,21,15,15.9,0,0,0,1.5,,,,,,,,,,,,,,,,,,,,,,,,,,,,,,,,,,,,
18424,2019,7,11,21,30,15.8,0,0,0,1.4,,,,,,,,,,,,,,,,,,,,,,,,,,,,,,,,,,,,
18425,2019,7,11,21,45,15.7,0,0,0,1.4,,,,,,,,,,,,,,,,,,,,,,,,,,,,,,,,,,,,
18426,2019,7,11,22,0,15.6,0,0,0,1.4,,,,,,,,,,,,,,,,,,,,,,,,,,,,,,,,,,,,
18427,2019,7,11,22,15,15.6,0,0,0,1.4,,,,,,,,,,,,,,,,,,,,,,,,,,,,,,,,,,,,
18428,2019,7,11,22,30,15.5,0,0,0,1.3,,,,,,,,,,,,,,,,,,,,,,,,,,,,,,,,,,,,
18429,2019,7,11,22,45,15.4,0,0,0,1.3,,,,,,,,,,,,,,,,,,,,,,,,,,,,,,,,,,,,
18430,2019,7,11,23,0,15.3,0,0,0,1.3,,,,,,,,,,,,,,,,,,,,,,,,,,,,,,,,,,,,
18431,2019,7,11,23,15,15.3,0,0,0,1.3,,,,,,,,,,,,,,,,,,,,,,,,,,,,,,,,,,,,
18432,2019,7,11,23,30,15.2,0,0,0,1.3,,,,,,,,,,,,,,,,,,,,,,,,,,,,,,,,,,,,
18433,2019,7,11,23,45,15.1,0,0,0,1.3,,,,,,,,,,,,,,,,,,,,,,,,,,,,,,,,,,,,
18434,2019,7,12,0,0,15.0,0,0,0,1.3,,,,,,,,,,,,,,,,,,,,,,,,,,,,,,,,,,,,
18435,2019,7,12,0,15,15.0,0,0,0,1.3,,,,,,,,,,,,,,,,,,,,,,,,,,,,,,,,,,,,
18436,2019,7,12,0,30,15.0,0,0,0,1.3,,,,,,,,,,,,,,,,,,,,,,,,,,,,,,,,,,,,
18437,2019,7,12,0,45,15.0,0,0,0,1.3,,,,,,,,,,,,,,,,,,,,,,,,,,,,,,,,,,,,
18438,2019,7,12,1,0,14.7,0,0,0,1.3,,,,,,,,,,,,,,,,,,,,,,,,,,,,,,,,,,,,
18439,2019,7,12,1,15,14.7,0,0,0,1.3,,,,,,,,,,,,,,,,,,,,,,,,,,,,,,,,,,,,
18440,2019,7,12,1,30,14.6,0,0,0,1.3,,,,,,,,,,,,,,,,,,,,,,,,,,,,,,,,,,,,
18441,2019,7,12,1,45,14.5,0,0,0,1.3,,,,,,,,,,,,,,,,,,,,,,,,,,,,,,,,,,,,
18442,2019,7,12,2,0,14.4,0,0,0,1.3,,,,,,,,,,,,,,,,,,,,,,,,,,,,,,,,,,,,
18443,2019,7,12,2,15,14.3,0,0,0,1.3,,,,,,,,,,,,,,,,,,,,,,,,,,,,,,,,,,,,
18444,2019,7,12,2,30,14.2,0,0,0,1.3,,,,,,,,,,,,,,,,,,,,,,,,,,,,,,,,,,,,
18445,2019,7,12,2,45,14.1,0,0,0,1.3,,,,,,,,,,,,,,,,,,,,,,,,,,,,,,,,,,,,
18446,2019,7,12,3,0,14.1,0,0,0,1.3,,,,,,,,,,,,,,,,,,,,,,,,,,,,,,,,,,,,
18447,2019,7,12,3,15,14.0,0,0,0,1.3,,,,,,,,,,,,,,,,,,,,,,,,,,,,,,,,,,,,
18448,2019,7,12,3,30,13.9,0,0,0,1.3,,,,,,,,,,,,,,,,,,,,,,,,,,,,,,,,,,,,
18449,2019,7,12,3,45,13.9,0,0,0,1.4,,,,,,,,,,,,,,,,,,,,,,,,,,,,,,,,,,,,
18450,2019,7,12,4,0,13.8,0,0,0,1.4,,,,,,,,,,,,,,,,,,,,,,,,,,,,,,,,,,,,
18451,2019,7,12,4,15,14.0,0,0,0,1.6,,,,,,,,,,,,,,,,,,,,,,,,,,,,,,,,,,,,
18452,2019,7,12,4,30,14.1,2,0,2,1.7000000000000002,,,,,,,,,,,,,,,,,,,,,,,,,,,,,,,,,,,,
18453,2019,7,12,4,45,14.2,3,0,3,1.9,,,,,,,,,,,,,,,,,,,,,,,,,,,,,,,,,,,,
18454,2019,7,12,5,0,14.3,5,0,5,2.1,,,,,,,,,,,,,,,,,,,,,,,,,,,,,,,,,,,,
18455,2019,7,12,5,15,14.5,6,0,6,2.1,,,,,,,,,,,,,,,,,,,,,,,,,,,,,,,,,,,,
18456,2019,7,12,5,30,14.7,8,0,8,2.2,,,,,,,,,,,,,,,,,,,,,,,,,,,,,,,,,,,,
18457,2019,7,12,5,45,14.9,11,0,11,2.2,,,,,,,,,,,,,,,,,,,,,,,,,,,,,,,,,,,,
18458,2019,7,12,6,0,15.1,13,0,13,2.2,,,,,,,,,,,,,,,,,,,,,,,,,,,,,,,,,,,,
18459,2019,7,12,6,15,15.5,16,0,16,2.3000000000000003,,,,,,,,,,,,,,,,,,,,,,,,,,,,,,,,,,,,
18460,2019,7,12,6,30,15.9,30,0,30,2.3000000000000003,,,,,,,,,,,,,,,,,,,,,,,,,,,,,,,,,,,,
18461,2019,7,12,6,45,16.3,46,0,46,2.4000000000000004,,,,,,,,,,,,,,,,,,,,,,,,,,,,,,,,,,,,
18462,2019,7,12,7,0,16.7,101,0,101,2.4000000000000004,,,,,,,,,,,,,,,,,,,,,,,,,,,,,,,,,,,,
18463,2019,7,12,7,15,17.2,116,0,116,2.5,,,,,,,,,,,,,,,,,,,,,,,,,,,,,,,,,,,,
18464,2019,7,12,7,30,17.7,152,6,154,2.6,,,,,,,,,,,,,,,,,,,,,,,,,,,,,,,,,,,,
18465,2019,7,12,7,45,18.1,167,10,173,2.6,,,,,,,,,,,,,,,,,,,,,,,,,,,,,,,,,,,,
18466,2019,7,12,8,0,18.6,225,234,351,2.7,,,,,,,,,,,,,,,,,,,,,,,,,,,,,,,,,,,,
18467,2019,7,12,8,15,19.0,250,156,339,2.7,,,,,,,,,,,,,,,,,,,,,,,,,,,,,,,,,,,,
18468,2019,7,12,8,30,19.5,262,222,397,2.8000000000000003,,,,,,,,,,,,,,,,,,,,,,,,,,,,,,,,,,,,
18469,2019,7,12,8,45,20.0,282,208,413,2.9000000000000004,,,,,,,,,,,,,,,,,,,,,,,,,,,,,,,,,,,,
18470,2019,7,12,9,0,20.5,298,216,441,2.9000000000000004,,,,,,,,,,,,,,,,,,,,,,,,,,,,,,,,,,,,
18471,2019,7,12,9,15,20.9,318,175,439,3.0,,,,,,,,,,,,,,,,,,,,,,,,,,,,,,,,,,,,
18472,2019,7,12,9,30,21.3,333,183,464,3.0,,,,,,,,,,,,,,,,,,,,,,,,,,,,,,,,,,,,
18473,2019,7,12,9,45,21.6,348,168,473,3.0,,,,,,,,,,,,,,,,,,,,,,,,,,,,,,,,,,,,
18474,2019,7,12,10,0,22.0,361,173,494,3.1,,,,,,,,,,,,,,,,,,,,,,,,,,,,,,,,,,,,
18475,2019,7,12,10,15,22.3,373,180,515,3.1,,,,,,,,,,,,,,,,,,,,,,,,,,,,,,,,,,,,
18476,2019,7,12,10,30,22.6,385,163,516,3.1,,,,,,,,,,,,,,,,,,,,,,,,,,,,,,,,,,,,
18477,2019,7,12,10,45,22.9,395,170,534,3.2,,,,,,,,,,,,,,,,,,,,,,,,,,,,,,,,,,,,
18478,2019,7,12,11,0,23.200000000000003,399,222,584,3.2,,,,,,,,,,,,,,,,,,,,,,,,,,,,,,,,,,,,
18479,2019,7,12,11,15,23.4,403,239,605,3.2,,,,,,,,,,,,,,,,,,,,,,,,,,,,,,,,,,,,
18480,2019,7,12,11,30,23.6,149,820,849,3.3000000000000003,,,,,,,,,,,,,,,,,,,,,,,,,,,,,,,,,,,,
18481,2019,7,12,11,45,23.8,412,242,621,3.3000000000000003,,,,,,,,,,,,,,,,,,,,,,,,,,,,,,,,,,,,
18482,2019,7,12,12,0,24.0,147,829,864,3.4000000000000004,,,,,,,,,,,,,,,,,,,,,,,,,,,,,,,,,,,,
18483,2019,7,12,12,15,24.0,412,94,493,3.4000000000000004,,,,,,,,,,,,,,,,,,,,,,,,,,,,,,,,,,,,
18484,2019,7,12,12,30,24.0,313,22,332,3.5,,,,,,,,,,,,,,,,,,,,,,,,,,,,,,,,,,,,
18485,2019,7,12,12,45,24.1,75,0,75,3.5,,,,,,,,,,,,,,,,,,,,,,,,,,,,,,,,,,,,
18486,2019,7,12,13,0,24.1,413,113,510,3.5,,,,,,,,,,,,,,,,,,,,,,,,,,,,,,,,,,,,
18487,2019,7,12,13,15,24.1,406,240,611,3.6,,,,,,,,,,,,,,,,,,,,,,,,,,,,,,,,,,,,
18488,2019,7,12,13,30,24.0,399,246,606,3.6,,,,,,,,,,,,,,,,,,,,,,,,,,,,,,,,,,,,
18489,2019,7,12,13,45,24.0,400,180,549,3.6,,,,,,,,,,,,,,,,,,,,,,,,,,,,,,,,,,,,
18490,2019,7,12,14,0,23.9,391,183,540,3.6,,,,,,,,,,,,,,,,,,,,,,,,,,,,,,,,,,,,
18491,2019,7,12,14,15,23.700000000000003,281,511,689,3.6,,,,,,,,,,,,,,,,,,,,,,,,,,,,,,,,,,,,
18492,2019,7,12,14,30,23.6,365,214,532,3.6,,,,,,,,,,,,,,,,,,,,,,,,,,,,,,,,,,,,
18493,2019,7,12,14,45,23.4,337,294,559,3.5,,,,,,,,,,,,,,,,,,,,,,,,,,,,,,,,,,,,
18494,2019,7,12,15,0,23.3,306,47,341,3.5,,,,,,,,,,,,,,,,,,,,,,,,,,,,,,,,,,,,
18495,2019,7,12,15,15,23.0,183,5,187,3.4000000000000004,,,,,,,,,,,,,,,,,,,,,,,,,,,,,,,,,,,,
18496,2019,7,12,15,30,22.8,166,3,168,3.4000000000000004,,,,,,,,,,,,,,,,,,,,,,,,,,,,,,,,,,,,
18497,2019,7,12,15,45,22.6,235,22,250,3.3000000000000003,,,,,,,,,,,,,,,,,,,,,,,,,,,,,,,,,,,,
18498,2019,7,12,16,0,22.4,277,189,395,3.3000000000000003,,,,,,,,,,,,,,,,,,,,,,,,,,,,,,,,,,,,
18499,2019,7,12,16,15,22.1,236,45,263,3.2,,,,,,,,,,,,,,,,,,,,,,,,,,,,,,,,,,,,
18500,2019,7,12,16,30,21.8,183,11,189,3.1,,,,,,,,,,,,,,,,,,,,,,,,,,,,,,,,,,,,
18501,2019,7,12,16,45,21.6,140,0,140,3.0,,,,,,,,,,,,,,,,,,,,,,,,,,,,,,,,,,,,
18502,2019,7,12,17,0,21.3,175,21,186,2.9000000000000004,,,,,,,,,,,,,,,,,,,,,,,,,,,,,,,,,,,,
18503,2019,7,12,17,15,21.0,122,0,122,2.7,,,,,,,,,,,,,,,,,,,,,,,,,,,,,,,,,,,,
18504,2019,7,12,17,30,20.700000000000003,106,0,106,2.5,,,,,,,,,,,,,,,,,,,,,,,,,,,,,,,,,,,,
18505,2019,7,12,17,45,20.4,65,0,65,2.3000000000000003,,,,,,,,,,,,,,,,,,,,,,,,,,,,,,,,,,,,
18506,2019,7,12,18,0,20.1,33,0,33,2.1,,,,,,,,,,,,,,,,,,,,,,,,,,,,,,,,,,,,
18507,2019,7,12,18,15,19.6,12,0,12,1.8,,,,,,,,,,,,,,,,,,,,,,,,,,,,,,,,,,,,
18508,2019,7,12,18,30,19.200000000000003,10,0,10,1.6,,,,,,,,,,,,,,,,,,,,,,,,,,,,,,,,,,,,
18509,2019,7,12,18,45,18.8,9,0,9,1.4,,,,,,,,,,,,,,,,,,,,,,,,,,,,,,,,,,,,
18510,2019,7,12,19,0,18.4,8,0,8,1.1,,,,,,,,,,,,,,,,,,,,,,,,,,,,,,,,,,,,
18511,2019,7,12,19,15,18.0,7,0,7,1.1,,,,,,,,,,,,,,,,,,,,,,,,,,,,,,,,,,,,
18512,2019,7,12,19,30,17.7,6,0,6,1.1,,,,,,,,,,,,,,,,,,,,,,,,,,,,,,,,,,,,
18513,2019,7,12,19,45,17.3,23,0,23,1.0,,,,,,,,,,,,,,,,,,,,,,,,,,,,,,,,,,,,
18514,2019,7,12,20,0,16.900000000000002,13,0,13,1.0,,,,,,,,,,,,,,,,,,,,,,,,,,,,,,,,,,,,
18515,2019,7,12,20,15,16.7,7,19,8,1.0,,,,,,,,,,,,,,,,,,,,,,,,,,,,,,,,,,,,
18516,2019,7,12,20,30,16.6,0,0,0,1.1,,,,,,,,,,,,,,,,,,,,,,,,,,,,,,,,,,,,
18517,2019,7,12,20,45,16.400000000000002,0,0,0,1.1,,,,,,,,,,,,,,,,,,,,,,,,,,,,,,,,,,,,
18518,2019,7,12,21,0,16.2,0,0,0,1.2000000000000002,,,,,,,,,,,,,,,,,,,,,,,,,,,,,,,,,,,,
18519,2019,7,12,21,15,16.1,0,0,0,1.2000000000000002,,,,,,,,,,,,,,,,,,,,,,,,,,,,,,,,,,,,
18520,2019,7,12,21,30,15.9,0,0,0,1.3,,,,,,,,,,,,,,,,,,,,,,,,,,,,,,,,,,,,
18521,2019,7,12,21,45,15.8,0,0,0,1.4,,,,,,,,,,,,,,,,,,,,,,,,,,,,,,,,,,,,
18522,2019,7,12,22,0,15.6,0,0,0,1.5,,,,,,,,,,,,,,,,,,,,,,,,,,,,,,,,,,,,
18523,2019,7,12,22,15,15.5,0,0,0,1.6,,,,,,,,,,,,,,,,,,,,,,,,,,,,,,,,,,,,
18524,2019,7,12,22,30,15.4,0,0,0,1.6,,,,,,,,,,,,,,,,,,,,,,,,,,,,,,,,,,,,
18525,2019,7,12,22,45,15.2,0,0,0,1.7000000000000002,,,,,,,,,,,,,,,,,,,,,,,,,,,,,,,,,,,,
18526,2019,7,12,23,0,15.1,0,0,0,1.8,,,,,,,,,,,,,,,,,,,,,,,,,,,,,,,,,,,,
18527,2019,7,12,23,15,15.0,0,0,0,1.9,,,,,,,,,,,,,,,,,,,,,,,,,,,,,,,,,,,,
18528,2019,7,12,23,30,14.9,0,0,0,1.9,,,,,,,,,,,,,,,,,,,,,,,,,,,,,,,,,,,,
18529,2019,7,12,23,45,14.8,0,0,0,2.0,,,,,,,,,,,,,,,,,,,,,,,,,,,,,,,,,,,,
18530,2019,7,13,0,0,14.7,0,0,0,2.0,,,,,,,,,,,,,,,,,,,,,,,,,,,,,,,,,,,,
18531,2019,7,13,0,15,14.7,0,0,0,2.0,,,,,,,,,,,,,,,,,,,,,,,,,,,,,,,,,,,,
18532,2019,7,13,0,30,14.7,0,0,0,2.0,,,,,,,,,,,,,,,,,,,,,,,,,,,,,,,,,,,,
18533,2019,7,13,0,45,14.7,0,0,0,2.0,,,,,,,,,,,,,,,,,,,,,,,,,,,,,,,,,,,,
18534,2019,7,13,1,0,14.3,0,0,0,2.1,,,,,,,,,,,,,,,,,,,,,,,,,,,,,,,,,,,,
18535,2019,7,13,1,15,14.2,0,0,0,2.2,,,,,,,,,,,,,,,,,,,,,,,,,,,,,,,,,,,,
18536,2019,7,13,1,30,14.1,0,0,0,2.3000000000000003,,,,,,,,,,,,,,,,,,,,,,,,,,,,,,,,,,,,
18537,2019,7,13,1,45,14.0,0,0,0,2.3000000000000003,,,,,,,,,,,,,,,,,,,,,,,,,,,,,,,,,,,,
18538,2019,7,13,2,0,14.0,0,0,0,2.4000000000000004,,,,,,,,,,,,,,,,,,,,,,,,,,,,,,,,,,,,
18539,2019,7,13,2,15,13.9,0,0,0,2.5,,,,,,,,,,,,,,,,,,,,,,,,,,,,,,,,,,,,
18540,2019,7,13,2,30,13.9,0,0,0,2.6,,,,,,,,,,,,,,,,,,,,,,,,,,,,,,,,,,,,
18541,2019,7,13,2,45,13.8,0,0,0,2.6,,,,,,,,,,,,,,,,,,,,,,,,,,,,,,,,,,,,
18542,2019,7,13,3,0,13.8,0,0,0,2.7,,,,,,,,,,,,,,,,,,,,,,,,,,,,,,,,,,,,
18543,2019,7,13,3,15,13.7,0,0,0,2.8000000000000003,,,,,,,,,,,,,,,,,,,,,,,,,,,,,,,,,,,,
18544,2019,7,13,3,30,13.7,0,0,0,2.8000000000000003,,,,,,,,,,,,,,,,,,,,,,,,,,,,,,,,,,,,
18545,2019,7,13,3,45,13.7,0,0,0,2.9000000000000004,,,,,,,,,,,,,,,,,,,,,,,,,,,,,,,,,,,,
18546,2019,7,13,4,0,13.6,0,0,0,3.0,,,,,,,,,,,,,,,,,,,,,,,,,,,,,,,,,,,,
18547,2019,7,13,4,15,13.7,0,0,0,3.0,,,,,,,,,,,,,,,,,,,,,,,,,,,,,,,,,,,,
18548,2019,7,13,4,30,13.8,11,32,12,3.1,,,,,,,,,,,,,,,,,,,,,,,,,,,,,,,,,,,,
18549,2019,7,13,4,45,13.9,3,0,3,3.2,,,,,,,,,,,,,,,,,,,,,,,,,,,,,,,,,,,,
18550,2019,7,13,5,0,14.0,5,0,5,3.3000000000000003,,,,,,,,,,,,,,,,,,,,,,,,,,,,,,,,,,,,
18551,2019,7,13,5,15,14.3,6,0,6,3.4000000000000004,,,,,,,,,,,,,,,,,,,,,,,,,,,,,,,,,,,,
18552,2019,7,13,5,30,14.5,8,0,8,3.5,,,,,,,,,,,,,,,,,,,,,,,,,,,,,,,,,,,,
18553,2019,7,13,5,45,14.8,70,329,139,3.6,,,,,,,,,,,,,,,,,,,,,,,,,,,,,,,,,,,,
18554,2019,7,13,6,0,15.1,80,378,173,3.7,,,,,,,,,,,,,,,,,,,,,,,,,,,,,,,,,,,,
18555,2019,7,13,6,15,15.4,16,0,16,3.8,,,,,,,,,,,,,,,,,,,,,,,,,,,,,,,,,,,,
18556,2019,7,13,6,30,15.8,19,0,19,3.9,,,,,,,,,,,,,,,,,,,,,,,,,,,,,,,,,,,,
18557,2019,7,13,6,45,16.2,23,0,23,4.0,,,,,,,,,,,,,,,,,,,,,,,,,,,,,,,,,,,,
18558,2019,7,13,7,0,16.6,26,0,26,4.2,,,,,,,,,,,,,,,,,,,,,,,,,,,,,,,,,,,,
18559,2019,7,13,7,15,17.0,30,0,30,4.2,,,,,,,,,,,,,,,,,,,,,,,,,,,,,,,,,,,,
18560,2019,7,13,7,30,17.400000000000002,34,0,34,4.2,,,,,,,,,,,,,,,,,,,,,,,,,,,,,,,,,,,,
18561,2019,7,13,7,45,17.8,38,0,38,4.2,,,,,,,,,,,,,,,,,,,,,,,,,,,,,,,,,,,,
18562,2019,7,13,8,0,18.3,42,0,42,4.2,,,,,,,,,,,,,,,,,,,,,,,,,,,,,,,,,,,,
18563,2019,7,13,8,15,18.7,45,0,45,4.2,,,,,,,,,,,,,,,,,,,,,,,,,,,,,,,,,,,,
18564,2019,7,13,8,30,19.1,49,0,49,4.2,,,,,,,,,,,,,,,,,,,,,,,,,,,,,,,,,,,,
18565,2019,7,13,8,45,19.5,76,0,76,4.1000000000000005,,,,,,,,,,,,,,,,,,,,,,,,,,,,,,,,,,,,
18566,2019,7,13,9,0,19.9,63,0,63,4.1000000000000005,,,,,,,,,,,,,,,,,,,,,,,,,,,,,,,,,,,,
18567,2019,7,13,9,15,20.200000000000003,61,0,61,4.0,,,,,,,,,,,,,,,,,,,,,,,,,,,,,,,,,,,,
18568,2019,7,13,9,30,20.5,110,0,110,4.0,,,,,,,,,,,,,,,,,,,,,,,,,,,,,,,,,,,,
18569,2019,7,13,9,45,20.8,95,0,95,3.9,,,,,,,,,,,,,,,,,,,,,,,,,,,,,,,,,,,,
18570,2019,7,13,10,0,21.1,121,0,121,3.9,,,,,,,,,,,,,,,,,,,,,,,,,,,,,,,,,,,,
18571,2019,7,13,10,15,21.200000000000003,195,7,200,3.8,,,,,,,,,,,,,,,,,,,,,,,,,,,,,,,,,,,,
18572,2019,7,13,10,30,21.4,192,7,197,3.8,,,,,,,,,,,,,,,,,,,,,,,,,,,,,,,,,,,,
18573,2019,7,13,10,45,21.6,114,0,114,3.7,,,,,,,,,,,,,,,,,,,,,,,,,,,,,,,,,,,,
18574,2019,7,13,11,0,21.8,157,4,160,3.6,,,,,,,,,,,,,,,,,,,,,,,,,,,,,,,,,,,,
18575,2019,7,13,11,15,21.9,180,6,185,3.6,,,,,,,,,,,,,,,,,,,,,,,,,,,,,,,,,,,,
18576,2019,7,13,11,30,22.0,143,2,144,3.5,,,,,,,,,,,,,,,,,,,,,,,,,,,,,,,,,,,,
18577,2019,7,13,11,45,22.1,193,8,200,3.4000000000000004,,,,,,,,,,,,,,,,,,,,,,,,,,,,,,,,,,,,
18578,2019,7,13,12,0,22.200000000000003,182,7,188,3.4000000000000004,,,,,,,,,,,,,,,,,,,,,,,,,,,,,,,,,,,,
18579,2019,7,13,12,15,22.200000000000003,189,8,195,3.3000000000000003,,,,,,,,,,,,,,,,,,,,,,,,,,,,,,,,,,,,
18580,2019,7,13,12,30,22.1,304,20,322,3.3000000000000003,,,,,,,,,,,,,,,,,,,,,,,,,,,,,,,,,,,,
18581,2019,7,13,12,45,22.1,366,43,403,3.2,,,,,,,,,,,,,,,,,,,,,,,,,,,,,,,,,,,,
18582,2019,7,13,13,0,22.1,407,97,490,3.2,,,,,,,,,,,,,,,,,,,,,,,,,,,,,,,,,,,,
18583,2019,7,13,13,15,22.0,408,114,504,3.1,,,,,,,,,,,,,,,,,,,,,,,,,,,,,,,,,,,,
18584,2019,7,13,13,30,22.0,393,88,467,3.1,,,,,,,,,,,,,,,,,,,,,,,,,,,,,,,,,,,,
18585,2019,7,13,13,45,21.9,374,68,430,3.1,,,,,,,,,,,,,,,,,,,,,,,,,,,,,,,,,,,,
18586,2019,7,13,14,0,21.9,356,57,402,3.0,,,,,,,,,,,,,,,,,,,,,,,,,,,,,,,,,,,,
18587,2019,7,13,14,15,21.8,376,119,471,3.0,,,,,,,,,,,,,,,,,,,,,,,,,,,,,,,,,,,,
18588,2019,7,13,14,30,21.8,173,734,743,3.0,,,,,,,,,,,,,,,,,,,,,,,,,,,,,,,,,,,,
18589,2019,7,13,14,45,21.8,166,735,721,3.0,,,,,,,,,,,,,,,,,,,,,,,,,,,,,,,,,,,,
18590,2019,7,13,15,0,21.700000000000003,292,37,319,2.9000000000000004,,,,,,,,,,,,,,,,,,,,,,,,,,,,,,,,,,,,
18591,2019,7,13,15,15,21.700000000000003,283,39,310,2.9000000000000004,,,,,,,,,,,,,,,,,,,,,,,,,,,,,,,,,,,,
18592,2019,7,13,15,30,21.700000000000003,306,103,376,2.9000000000000004,,,,,,,,,,,,,,,,,,,,,,,,,,,,,,,,,,,,
18593,2019,7,13,15,45,21.6,289,97,352,2.9000000000000004,,,,,,,,,,,,,,,,,,,,,,,,,,,,,,,,,,,,
18594,2019,7,13,16,0,21.6,274,104,338,2.9000000000000004,,,,,,,,,,,,,,,,,,,,,,,,,,,,,,,,,,,,
18595,2019,7,13,16,15,21.5,239,311,422,2.9000000000000004,,,,,,,,,,,,,,,,,,,,,,,,,,,,,,,,,,,,
18596,2019,7,13,16,30,21.4,140,643,498,2.9000000000000004,,,,,,,,,,,,,,,,,,,,,,,,,,,,,,,,,,,,
18597,2019,7,13,16,45,21.200000000000003,180,15,188,2.9000000000000004,,,,,,,,,,,,,,,,,,,,,,,,,,,,,,,,,,,,
18598,2019,7,13,17,0,21.1,52,0,52,2.9000000000000004,,,,,,,,,,,,,,,,,,,,,,,,,,,,,,,,,,,,
18599,2019,7,13,17,15,20.8,20,0,20,2.8000000000000003,,,,,,,,,,,,,,,,,,,,,,,,,,,,,,,,,,,,
18600,2019,7,13,17,30,20.6,26,0,26,2.8000000000000003,,,,,,,,,,,,,,,,,,,,,,,,,,,,,,,,,,,,
18601,2019,7,13,17,45,20.3,21,0,21,2.7,,,,,,,,,,,,,,,,,,,,,,,,,,,,,,,,,,,,
18602,2019,7,13,18,0,20.0,14,0,14,2.6,,,,,,,,,,,,,,,,,,,,,,,,,,,,,,,,,,,,
18603,2019,7,13,18,15,19.6,12,0,12,2.5,,,,,,,,,,,,,,,,,,,,,,,,,,,,,,,,,,,,
18604,2019,7,13,18,30,19.1,10,0,10,2.4000000000000004,,,,,,,,,,,,,,,,,,,,,,,,,,,,,,,,,,,,
18605,2019,7,13,18,45,18.7,9,0,9,2.3000000000000003,,,,,,,,,,,,,,,,,,,,,,,,,,,,,,,,,,,,
18606,2019,7,13,19,0,18.2,8,0,8,2.2,,,,,,,,,,,,,,,,,,,,,,,,,,,,,,,,,,,,
18607,2019,7,13,19,15,17.900000000000002,7,0,7,2.3000000000000003,,,,,,,,,,,,,,,,,,,,,,,,,,,,,,,,,,,,
18608,2019,7,13,19,30,17.5,6,0,6,2.4000000000000004,,,,,,,,,,,,,,,,,,,,,,,,,,,,,,,,,,,,
18609,2019,7,13,19,45,17.1,5,0,5,2.5,,,,,,,,,,,,,,,,,,,,,,,,,,,,,,,,,,,,
18610,2019,7,13,20,0,16.7,4,0,4,2.6,,,,,,,,,,,,,,,,,,,,,,,,,,,,,,,,,,,,
18611,2019,7,13,20,15,16.5,7,18,8,2.7,,,,,,,,,,,,,,,,,,,,,,,,,,,,,,,,,,,,
18612,2019,7,13,20,30,16.3,0,0,0,2.8000000000000003,,,,,,,,,,,,,,,,,,,,,,,,,,,,,,,,,,,,
18613,2019,7,13,20,45,16.1,0,0,0,3.0,,,,,,,,,,,,,,,,,,,,,,,,,,,,,,,,,,,,
18614,2019,7,13,21,0,16.0,0,0,0,3.1,,,,,,,,,,,,,,,,,,,,,,,,,,,,,,,,,,,,
18615,2019,7,13,21,15,15.8,0,0,0,3.1,,,,,,,,,,,,,,,,,,,,,,,,,,,,,,,,,,,,
18616,2019,7,13,21,30,15.6,0,0,0,3.1,,,,,,,,,,,,,,,,,,,,,,,,,,,,,,,,,,,,
18617,2019,7,13,21,45,15.5,0,0,0,3.1,,,,,,,,,,,,,,,,,,,,,,,,,,,,,,,,,,,,
18618,2019,7,13,22,0,15.3,0,0,0,3.1,,,,,,,,,,,,,,,,,,,,,,,,,,,,,,,,,,,,
18619,2019,7,13,22,15,15.2,0,0,0,3.1,,,,,,,,,,,,,,,,,,,,,,,,,,,,,,,,,,,,
18620,2019,7,13,22,30,15.0,0,0,0,3.0,,,,,,,,,,,,,,,,,,,,,,,,,,,,,,,,,,,,
18621,2019,7,13,22,45,14.9,0,0,0,3.0,,,,,,,,,,,,,,,,,,,,,,,,,,,,,,,,,,,,
18622,2019,7,13,23,0,14.7,0,0,0,3.0,,,,,,,,,,,,,,,,,,,,,,,,,,,,,,,,,,,,
18623,2019,7,13,23,15,14.6,0,0,0,3.0,,,,,,,,,,,,,,,,,,,,,,,,,,,,,,,,,,,,
18624,2019,7,13,23,30,14.4,0,0,0,2.9000000000000004,,,,,,,,,,,,,,,,,,,,,,,,,,,,,,,,,,,,
18625,2019,7,13,23,45,14.3,0,0,0,2.9000000000000004,,,,,,,,,,,,,,,,,,,,,,,,,,,,,,,,,,,,
18626,2019,7,14,0,0,14.1,0,0,0,2.9000000000000004,,,,,,,,,,,,,,,,,,,,,,,,,,,,,,,,,,,,
18627,2019,7,14,0,15,14.1,0,0,0,2.9000000000000004,,,,,,,,,,,,,,,,,,,,,,,,,,,,,,,,,,,,
18628,2019,7,14,0,30,14.1,0,0,0,2.9000000000000004,,,,,,,,,,,,,,,,,,,,,,,,,,,,,,,,,,,,
18629,2019,7,14,0,45,14.1,0,0,0,2.9000000000000004,,,,,,,,,,,,,,,,,,,,,,,,,,,,,,,,,,,,
18630,2019,7,14,1,0,13.6,0,0,0,2.8000000000000003,,,,,,,,,,,,,,,,,,,,,,,,,,,,,,,,,,,,
18631,2019,7,14,1,15,13.4,0,0,0,2.8000000000000003,,,,,,,,,,,,,,,,,,,,,,,,,,,,,,,,,,,,
18632,2019,7,14,1,30,13.3,0,0,0,2.8000000000000003,,,,,,,,,,,,,,,,,,,,,,,,,,,,,,,,,,,,
18633,2019,7,14,1,45,13.2,0,0,0,2.8000000000000003,,,,,,,,,,,,,,,,,,,,,,,,,,,,,,,,,,,,
18634,2019,7,14,2,0,13.0,0,0,0,2.8000000000000003,,,,,,,,,,,,,,,,,,,,,,,,,,,,,,,,,,,,
18635,2019,7,14,2,15,12.9,0,0,0,2.7,,,,,,,,,,,,,,,,,,,,,,,,,,,,,,,,,,,,
18636,2019,7,14,2,30,12.8,0,0,0,2.7,,,,,,,,,,,,,,,,,,,,,,,,,,,,,,,,,,,,
18637,2019,7,14,2,45,12.7,0,0,0,2.7,,,,,,,,,,,,,,,,,,,,,,,,,,,,,,,,,,,,
18638,2019,7,14,3,0,12.6,0,0,0,2.6,,,,,,,,,,,,,,,,,,,,,,,,,,,,,,,,,,,,
18639,2019,7,14,3,15,12.5,0,0,0,2.6,,,,,,,,,,,,,,,,,,,,,,,,,,,,,,,,,,,,
18640,2019,7,14,3,30,12.5,0,0,0,2.6,,,,,,,,,,,,,,,,,,,,,,,,,,,,,,,,,,,,
18641,2019,7,14,3,45,12.4,0,0,0,2.6,,,,,,,,,,,,,,,,,,,,,,,,,,,,,,,,,,,,
18642,2019,7,14,4,0,12.4,0,0,0,2.6,,,,,,,,,,,,,,,,,,,,,,,,,,,,,,,,,,,,
18643,2019,7,14,4,15,12.4,0,0,0,2.6,,,,,,,,,,,,,,,,,,,,,,,,,,,,,,,,,,,,
18644,2019,7,14,4,30,12.5,2,0,2,2.6,,,,,,,,,,,,,,,,,,,,,,,,,,,,,,,,,,,,
18645,2019,7,14,4,45,12.5,3,0,3,2.7,,,,,,,,,,,,,,,,,,,,,,,,,,,,,,,,,,,,
18646,2019,7,14,5,0,12.5,5,0,5,2.7,,,,,,,,,,,,,,,,,,,,,,,,,,,,,,,,,,,,
18647,2019,7,14,5,15,12.7,6,0,6,2.7,,,,,,,,,,,,,,,,,,,,,,,,,,,,,,,,,,,,
18648,2019,7,14,5,30,12.9,8,0,8,2.8000000000000003,,,,,,,,,,,,,,,,,,,,,,,,,,,,,,,,,,,,
18649,2019,7,14,5,45,13.1,10,0,10,2.8000000000000003,,,,,,,,,,,,,,,,,,,,,,,,,,,,,,,,,,,,
18650,2019,7,14,6,0,13.3,13,0,13,2.9000000000000004,,,,,,,,,,,,,,,,,,,,,,,,,,,,,,,,,,,,
18651,2019,7,14,6,15,13.5,16,0,16,2.9000000000000004,,,,,,,,,,,,,,,,,,,,,,,,,,,,,,,,,,,,
18652,2019,7,14,6,30,13.8,19,0,19,2.9000000000000004,,,,,,,,,,,,,,,,,,,,,,,,,,,,,,,,,,,,
18653,2019,7,14,6,45,14.1,22,0,22,2.9000000000000004,,,,,,,,,,,,,,,,,,,,,,,,,,,,,,,,,,,,
18654,2019,7,14,7,0,14.3,26,0,26,2.9000000000000004,,,,,,,,,,,,,,,,,,,,,,,,,,,,,,,,,,,,
18655,2019,7,14,7,15,14.6,52,0,52,2.9000000000000004,,,,,,,,,,,,,,,,,,,,,,,,,,,,,,,,,,,,
18656,2019,7,14,7,30,15.0,53,0,53,2.8000000000000003,,,,,,,,,,,,,,,,,,,,,,,,,,,,,,,,,,,,
18657,2019,7,14,7,45,15.3,38,0,38,2.8000000000000003,,,,,,,,,,,,,,,,,,,,,,,,,,,,,,,,,,,,
18658,2019,7,14,8,0,15.6,41,0,41,2.8000000000000003,,,,,,,,,,,,,,,,,,,,,,,,,,,,,,,,,,,,
18659,2019,7,14,8,15,15.9,45,0,45,2.8000000000000003,,,,,,,,,,,,,,,,,,,,,,,,,,,,,,,,,,,,
18660,2019,7,14,8,30,16.2,49,0,49,2.7,,,,,,,,,,,,,,,,,,,,,,,,,,,,,,,,,,,,
18661,2019,7,14,8,45,16.5,108,0,108,2.7,,,,,,,,,,,,,,,,,,,,,,,,,,,,,,,,,,,,
18662,2019,7,14,9,0,16.8,90,0,90,2.7,,,,,,,,,,,,,,,,,,,,,,,,,,,,,,,,,,,,
18663,2019,7,14,9,15,17.1,123,0,123,2.7,,,,,,,,,,,,,,,,,,,,,,,,,,,,,,,,,,,,
18664,2019,7,14,9,30,17.400000000000002,130,0,130,2.7,,,,,,,,,,,,,,,,,,,,,,,,,,,,,,,,,,,,
18665,2019,7,14,9,45,17.7,64,0,64,2.7,,,,,,,,,,,,,,,,,,,,,,,,,,,,,,,,,,,,
18666,2019,7,14,10,0,18.0,67,0,67,2.7,,,,,,,,,,,,,,,,,,,,,,,,,,,,,,,,,,,,
18667,2019,7,14,10,15,18.2,69,0,69,2.7,,,,,,,,,,,,,,,,,,,,,,,,,,,,,,,,,,,,
18668,2019,7,14,10,30,18.4,70,0,70,2.6,,,,,,,,,,,,,,,,,,,,,,,,,,,,,,,,,,,,
18669,2019,7,14,10,45,18.6,72,0,72,2.6,,,,,,,,,,,,,,,,,,,,,,,,,,,,,,,,,,,,
18670,2019,7,14,11,0,18.8,99,0,99,2.6,,,,,,,,,,,,,,,,,,,,,,,,,,,,,,,,,,,,
18671,2019,7,14,11,15,19.0,152,3,155,2.6,,,,,,,,,,,,,,,,,,,,,,,,,,,,,,,,,,,,
18672,2019,7,14,11,30,19.1,219,10,228,2.6,,,,,,,,,,,,,,,,,,,,,,,,,,,,,,,,,,,,
18673,2019,7,14,11,45,19.3,182,7,188,2.6,,,,,,,,,,,,,,,,,,,,,,,,,,,,,,,,,,,,
18674,2019,7,14,12,0,19.4,138,1,139,2.6,,,,,,,,,,,,,,,,,,,,,,,,,,,,,,,,,,,,
18675,2019,7,14,12,15,19.5,103,0,103,2.6,,,,,,,,,,,,,,,,,,,,,,,,,,,,,,,,,,,,
18676,2019,7,14,12,30,19.700000000000003,75,0,75,2.5,,,,,,,,,,,,,,,,,,,,,,,,,,,,,,,,,,,,
18677,2019,7,14,12,45,19.8,75,0,75,2.5,,,,,,,,,,,,,,,,,,,,,,,,,,,,,,,,,,,,
18678,2019,7,14,13,0,19.9,113,0,113,2.5,,,,,,,,,,,,,,,,,,,,,,,,,,,,,,,,,,,,
18679,2019,7,14,13,15,19.9,183,7,189,2.5,,,,,,,,,,,,,,,,,,,,,,,,,,,,,,,,,,,,
18680,2019,7,14,13,30,20.0,163,4,166,2.5,,,,,,,,,,,,,,,,,,,,,,,,,,,,,,,,,,,,
18681,2019,7,14,13,45,20.1,136,0,136,2.5,,,,,,,,,,,,,,,,,,,,,,,,,,,,,,,,,,,,
18682,2019,7,14,14,0,20.200000000000003,127,0,127,2.5,,,,,,,,,,,,,,,,,,,,,,,,,,,,,,,,,,,,
18683,2019,7,14,14,15,20.1,78,0,78,2.5,,,,,,,,,,,,,,,,,,,,,,,,,,,,,,,,,,,,
18684,2019,7,14,14,30,20.0,67,0,67,2.5,,,,,,,,,,,,,,,,,,,,,,,,,,,,,,,,,,,,
18685,2019,7,14,14,45,20.0,82,0,82,2.5,,,,,,,,,,,,,,,,,,,,,,,,,,,,,,,,,,,,
18686,2019,7,14,15,0,19.9,79,0,79,2.5,,,,,,,,,,,,,,,,,,,,,,,,,,,,,,,,,,,,
18687,2019,7,14,15,15,19.8,64,0,64,2.5,,,,,,,,,,,,,,,,,,,,,,,,,,,,,,,,,,,,
18688,2019,7,14,15,30,19.700000000000003,59,0,59,2.5,,,,,,,,,,,,,,,,,,,,,,,,,,,,,,,,,,,,
18689,2019,7,14,15,45,19.6,128,754,619,2.5,,,,,,,,,,,,,,,,,,,,,,,,,,,,,,,,,,,,
18690,2019,7,14,16,0,19.5,125,740,584,2.5,,,,,,,,,,,,,,,,,,,,,,,,,,,,,,,,,,,,
18691,2019,7,14,16,15,19.4,122,725,548,2.5,,,,,,,,,,,,,,,,,,,,,,,,,,,,,,,,,,,,
18692,2019,7,14,16,30,19.200000000000003,119,708,512,2.5,,,,,,,,,,,,,,,,,,,,,,,,,,,,,,,,,,,,
18693,2019,7,14,16,45,19.0,113,692,474,2.5,,,,,,,,,,,,,,,,,,,,,,,,,,,,,,,,,,,,
18694,2019,7,14,17,0,18.9,109,670,436,2.5,,,,,,,,,,,,,,,,,,,,,,,,,,,,,,,,,,,,
18695,2019,7,14,17,15,18.6,105,647,396,2.5,,,,,,,,,,,,,,,,,,,,,,,,,,,,,,,,,,,,
18696,2019,7,14,17,30,18.4,100,620,357,2.5,,,,,,,,,,,,,,,,,,,,,,,,,,,,,,,,,,,,
18697,2019,7,14,17,45,18.2,94,594,318,2.4000000000000004,,,,,,,,,,,,,,,,,,,,,,,,,,,,,,,,,,,,
18698,2019,7,14,18,0,18.0,88,561,279,2.4000000000000004,,,,,,,,,,,,,,,,,,,,,,,,,,,,,,,,,,,,
18699,2019,7,14,18,15,17.7,82,524,240,2.3000000000000003,,,,,,,,,,,,,,,,,,,,,,,,,,,,,,,,,,,,
18700,2019,7,14,18,30,17.400000000000002,75,482,203,2.1,,,,,,,,,,,,,,,,,,,,,,,,,,,,,,,,,,,,
18701,2019,7,14,18,45,17.1,68,430,166,2.0,,,,,,,,,,,,,,,,,,,,,,,,,,,,,,,,,,,,
18702,2019,7,14,19,0,16.8,60,377,132,1.9,,,,,,,,,,,,,,,,,,,,,,,,,,,,,,,,,,,,
18703,2019,7,14,19,15,16.400000000000002,51,317,100,1.8,,,,,,,,,,,,,,,,,,,,,,,,,,,,,,,,,,,,
18704,2019,7,14,19,30,16.0,41,249,70,1.6,,,,,,,,,,,,,,,,,,,,,,,,,,,,,,,,,,,,
18705,2019,7,14,19,45,15.6,30,175,45,1.5,,,,,,,,,,,,,,,,,,,,,,,,,,,,,,,,,,,,
18706,2019,7,14,20,0,15.2,19,99,24,1.4,,,,,,,,,,,,,,,,,,,,,,,,,,,,,,,,,,,,
18707,2019,7,14,20,15,15.0,9,34,10,1.5,,,,,,,,,,,,,,,,,,,,,,,,,,,,,,,,,,,,
18708,2019,7,14,20,30,14.9,0,0,0,1.5,,,,,,,,,,,,,,,,,,,,,,,,,,,,,,,,,,,,
18709,2019,7,14,20,45,14.7,0,0,0,1.6,,,,,,,,,,,,,,,,,,,,,,,,,,,,,,,,,,,,
18710,2019,7,14,21,0,14.5,0,0,0,1.7000000000000002,,,,,,,,,,,,,,,,,,,,,,,,,,,,,,,,,,,,
18711,2019,7,14,21,15,14.4,0,0,0,1.7000000000000002,,,,,,,,,,,,,,,,,,,,,,,,,,,,,,,,,,,,
18712,2019,7,14,21,30,14.3,0,0,0,1.7000000000000002,,,,,,,,,,,,,,,,,,,,,,,,,,,,,,,,,,,,
18713,2019,7,14,21,45,14.1,0,0,0,1.7000000000000002,,,,,,,,,,,,,,,,,,,,,,,,,,,,,,,,,,,,
18714,2019,7,14,22,0,14.0,0,0,0,1.7000000000000002,,,,,,,,,,,,,,,,,,,,,,,,,,,,,,,,,,,,
18715,2019,7,14,22,15,13.9,0,0,0,1.7000000000000002,,,,,,,,,,,,,,,,,,,,,,,,,,,,,,,,,,,,
18716,2019,7,14,22,30,13.8,0,0,0,1.7000000000000002,,,,,,,,,,,,,,,,,,,,,,,,,,,,,,,,,,,,
18717,2019,7,14,22,45,13.6,0,0,0,1.7000000000000002,,,,,,,,,,,,,,,,,,,,,,,,,,,,,,,,,,,,
18718,2019,7,14,23,0,13.5,0,0,0,1.7000000000000002,,,,,,,,,,,,,,,,,,,,,,,,,,,,,,,,,,,,
18719,2019,7,14,23,15,13.4,0,0,0,1.7000000000000002,,,,,,,,,,,,,,,,,,,,,,,,,,,,,,,,,,,,
18720,2019,7,14,23,30,13.3,0,0,0,1.7000000000000002,,,,,,,,,,,,,,,,,,,,,,,,,,,,,,,,,,,,
18721,2019,7,14,23,45,13.2,0,0,0,1.6,,,,,,,,,,,,,,,,,,,,,,,,,,,,,,,,,,,,
18722,2019,7,15,0,0,13.1,0,0,0,1.6,,,,,,,,,,,,,,,,,,,,,,,,,,,,,,,,,,,,
18723,2019,7,15,0,15,13.1,0,0,0,1.6,,,,,,,,,,,,,,,,,,,,,,,,,,,,,,,,,,,,
18724,2019,7,15,0,30,13.1,0,0,0,1.6,,,,,,,,,,,,,,,,,,,,,,,,,,,,,,,,,,,,
18725,2019,7,15,0,45,13.1,0,0,0,1.6,,,,,,,,,,,,,,,,,,,,,,,,,,,,,,,,,,,,
18726,2019,7,15,1,0,12.8,0,0,0,1.6,,,,,,,,,,,,,,,,,,,,,,,,,,,,,,,,,,,,
18727,2019,7,15,1,15,12.7,0,0,0,1.6,,,,,,,,,,,,,,,,,,,,,,,,,,,,,,,,,,,,
18728,2019,7,15,1,30,12.6,0,0,0,1.6,,,,,,,,,,,,,,,,,,,,,,,,,,,,,,,,,,,,
18729,2019,7,15,1,45,12.6,0,0,0,1.6,,,,,,,,,,,,,,,,,,,,,,,,,,,,,,,,,,,,
18730,2019,7,15,2,0,12.5,0,0,0,1.6,,,,,,,,,,,,,,,,,,,,,,,,,,,,,,,,,,,,
18731,2019,7,15,2,15,12.5,0,0,0,1.5,,,,,,,,,,,,,,,,,,,,,,,,,,,,,,,,,,,,
18732,2019,7,15,2,30,12.4,0,0,0,1.5,,,,,,,,,,,,,,,,,,,,,,,,,,,,,,,,,,,,
18733,2019,7,15,2,45,12.4,0,0,0,1.5,,,,,,,,,,,,,,,,,,,,,,,,,,,,,,,,,,,,
18734,2019,7,15,3,0,12.3,0,0,0,1.5,,,,,,,,,,,,,,,,,,,,,,,,,,,,,,,,,,,,
18735,2019,7,15,3,15,12.3,0,0,0,1.5,,,,,,,,,,,,,,,,,,,,,,,,,,,,,,,,,,,,
18736,2019,7,15,3,30,12.3,0,0,0,1.5,,,,,,,,,,,,,,,,,,,,,,,,,,,,,,,,,,,,
18737,2019,7,15,3,45,12.3,0,0,0,1.6,,,,,,,,,,,,,,,,,,,,,,,,,,,,,,,,,,,,
18738,2019,7,15,4,0,12.3,0,0,0,1.6,,,,,,,,,,,,,,,,,,,,,,,,,,,,,,,,,,,,
18739,2019,7,15,4,15,12.5,0,0,0,1.7000000000000002,,,,,,,,,,,,,,,,,,,,,,,,,,,,,,,,,,,,
18740,2019,7,15,4,30,12.6,12,50,14,1.8,,,,,,,,,,,,,,,,,,,,,,,,,,,,,,,,,,,,
18741,2019,7,15,4,45,12.8,23,122,31,2.0,,,,,,,,,,,,,,,,,,,,,,,,,,,,,,,,,,,,
18742,2019,7,15,5,0,13.0,35,201,54,2.1,,,,,,,,,,,,,,,,,,,,,,,,,,,,,,,,,,,,
18743,2019,7,15,5,15,13.1,45,274,81,2.1,,,,,,,,,,,,,,,,,,,,,,,,,,,,,,,,,,,,
18744,2019,7,15,5,30,13.3,55,341,111,2.2,,,,,,,,,,,,,,,,,,,,,,,,,,,,,,,,,,,,
18745,2019,7,15,5,45,13.5,62,409,145,2.2,,,,,,,,,,,,,,,,,,,,,,,,,,,,,,,,,,,,
18746,2019,7,15,6,0,13.7,70,462,181,2.3000000000000003,,,,,,,,,,,,,,,,,,,,,,,,,,,,,,,,,,,,
18747,2019,7,15,6,15,13.9,17,0,17,2.4000000000000004,,,,,,,,,,,,,,,,,,,,,,,,,,,,,,,,,,,,
18748,2019,7,15,6,30,14.2,20,0,20,2.4000000000000004,,,,,,,,,,,,,,,,,,,,,,,,,,,,,,,,,,,,
18749,2019,7,15,6,45,14.5,23,0,23,2.5,,,,,,,,,,,,,,,,,,,,,,,,,,,,,,,,,,,,
18750,2019,7,15,7,0,14.7,27,0,27,2.5,,,,,,,,,,,,,,,,,,,,,,,,,,,,,,,,,,,,
18751,2019,7,15,7,15,15.0,31,0,31,2.6,,,,,,,,,,,,,,,,,,,,,,,,,,,,,,,,,,,,
18752,2019,7,15,7,30,15.2,35,0,35,2.7,,,,,,,,,,,,,,,,,,,,,,,,,,,,,,,,,,,,
18753,2019,7,15,7,45,15.5,39,0,39,2.8000000000000003,,,,,,,,,,,,,,,,,,,,,,,,,,,,,,,,,,,,
18754,2019,7,15,8,0,15.7,43,0,43,2.8000000000000003,,,,,,,,,,,,,,,,,,,,,,,,,,,,,,,,,,,,
18755,2019,7,15,8,15,16.1,47,0,47,2.9000000000000004,,,,,,,,,,,,,,,,,,,,,,,,,,,,,,,,,,,,
18756,2019,7,15,8,30,16.5,63,0,63,3.0,,,,,,,,,,,,,,,,,,,,,,,,,,,,,,,,,,,,
18757,2019,7,15,8,45,16.900000000000002,69,0,69,3.1,,,,,,,,,,,,,,,,,,,,,,,,,,,,,,,,,,,,
18758,2019,7,15,9,0,17.2,91,0,91,3.1,,,,,,,,,,,,,,,,,,,,,,,,,,,,,,,,,,,,
18759,2019,7,15,9,15,17.6,96,0,96,3.2,,,,,,,,,,,,,,,,,,,,,,,,,,,,,,,,,,,,
18760,2019,7,15,9,30,17.900000000000002,67,0,67,3.2,,,,,,,,,,,,,,,,,,,,,,,,,,,,,,,,,,,,
18761,2019,7,15,9,45,18.2,109,0,109,3.3000000000000003,,,,,,,,,,,,,,,,,,,,,,,,,,,,,,,,,,,,
18762,2019,7,15,10,0,18.6,162,3,164,3.3000000000000003,,,,,,,,,,,,,,,,,,,,,,,,,,,,,,,,,,,,
18763,2019,7,15,10,15,18.8,104,0,104,3.3000000000000003,,,,,,,,,,,,,,,,,,,,,,,,,,,,,,,,,,,,
18764,2019,7,15,10,30,19.1,118,0,118,3.4000000000000004,,,,,,,,,,,,,,,,,,,,,,,,,,,,,,,,,,,,
18765,2019,7,15,10,45,19.4,122,0,122,3.4000000000000004,,,,,,,,,,,,,,,,,,,,,,,,,,,,,,,,,,,,
18766,2019,7,15,11,0,19.700000000000003,73,0,73,3.4000000000000004,,,,,,,,,,,,,,,,,,,,,,,,,,,,,,,,,,,,
18767,2019,7,15,11,15,19.9,73,0,73,3.4000000000000004,,,,,,,,,,,,,,,,,,,,,,,,,,,,,,,,,,,,
18768,2019,7,15,11,30,20.1,132,0,132,3.4000000000000004,,,,,,,,,,,,,,,,,,,,,,,,,,,,,,,,,,,,
18769,2019,7,15,11,45,20.3,175,6,181,3.5,,,,,,,,,,,,,,,,,,,,,,,,,,,,,,,,,,,,
18770,2019,7,15,12,0,20.5,130,0,130,3.5,,,,,,,,,,,,,,,,,,,,,,,,,,,,,,,,,,,,
18771,2019,7,15,12,15,20.6,112,0,112,3.5,,,,,,,,,,,,,,,,,,,,,,,,,,,,,,,,,,,,
18772,2019,7,15,12,30,20.700000000000003,159,4,162,3.5,,,,,,,,,,,,,,,,,,,,,,,,,,,,,,,,,,,,
18773,2019,7,15,12,45,20.9,167,5,171,3.6,,,,,,,,,,,,,,,,,,,,,,,,,,,,,,,,,,,,
18774,2019,7,15,13,0,21.0,231,11,241,3.6,,,,,,,,,,,,,,,,,,,,,,,,,,,,,,,,,,,,
18775,2019,7,15,13,15,21.0,248,13,259,3.6,,,,,,,,,,,,,,,,,,,,,,,,,,,,,,,,,,,,
18776,2019,7,15,13,30,21.1,245,12,255,3.7,,,,,,,,,,,,,,,,,,,,,,,,,,,,,,,,,,,,
18777,2019,7,15,13,45,21.1,264,15,276,3.7,,,,,,,,,,,,,,,,,,,,,,,,,,,,,,,,,,,,
18778,2019,7,15,14,0,21.1,296,23,315,3.7,,,,,,,,,,,,,,,,,,,,,,,,,,,,,,,,,,,,
18779,2019,7,15,14,15,21.1,333,45,369,3.8,,,,,,,,,,,,,,,,,,,,,,,,,,,,,,,,,,,,
18780,2019,7,15,14,30,21.0,311,36,339,3.8,,,,,,,,,,,,,,,,,,,,,,,,,,,,,,,,,,,,
18781,2019,7,15,14,45,20.9,274,23,291,3.8,,,,,,,,,,,,,,,,,,,,,,,,,,,,,,,,,,,,
18782,2019,7,15,15,0,20.8,257,20,272,3.8,,,,,,,,,,,,,,,,,,,,,,,,,,,,,,,,,,,,
18783,2019,7,15,15,15,20.6,259,24,276,3.8,,,,,,,,,,,,,,,,,,,,,,,,,,,,,,,,,,,,
18784,2019,7,15,15,30,20.4,249,25,266,3.8,,,,,,,,,,,,,,,,,,,,,,,,,,,,,,,,,,,,
18785,2019,7,15,15,45,20.3,219,15,229,3.8,,,,,,,,,,,,,,,,,,,,,,,,,,,,,,,,,,,,
18786,2019,7,15,16,0,20.1,185,6,189,3.8,,,,,,,,,,,,,,,,,,,,,,,,,,,,,,,,,,,,
18787,2019,7,15,16,15,19.8,159,1,160,3.8,,,,,,,,,,,,,,,,,,,,,,,,,,,,,,,,,,,,
18788,2019,7,15,16,30,19.6,209,31,226,3.8,,,,,,,,,,,,,,,,,,,,,,,,,,,,,,,,,,,,
18789,2019,7,15,16,45,19.3,219,94,268,3.8,,,,,,,,,,,,,,,,,,,,,,,,,,,,,,,,,,,,
18790,2019,7,15,17,0,19.1,203,121,262,3.7,,,,,,,,,,,,,,,,,,,,,,,,,,,,,,,,,,,,
18791,2019,7,15,17,15,18.8,101,674,404,3.7,,,,,,,,,,,,,,,,,,,,,,,,,,,,,,,,,,,,
18792,2019,7,15,17,30,18.5,95,648,363,3.6,,,,,,,,,,,,,,,,,,,,,,,,,,,,,,,,,,,,
18793,2019,7,15,17,45,18.2,88,629,324,3.6,,,,,,,,,,,,,,,,,,,,,,,,,,,,,,,,,,,,
18794,2019,7,15,18,0,18.0,114,323,224,3.5,,,,,,,,,,,,,,,,,,,,,,,,,,,,,,,,,,,,
18795,2019,7,15,18,15,17.6,95,355,201,3.3000000000000003,,,,,,,,,,,,,,,,,,,,,,,,,,,,,,,,,,,,
18796,2019,7,15,18,30,17.2,87,292,163,3.2,,,,,,,,,,,,,,,,,,,,,,,,,,,,,,,,,,,,
18797,2019,7,15,18,45,16.900000000000002,74,260,133,3.0,,,,,,,,,,,,,,,,,,,,,,,,,,,,,,,,,,,,
18798,2019,7,15,19,0,16.5,62,224,105,2.8000000000000003,,,,,,,,,,,,,,,,,,,,,,,,,,,,,,,,,,,,
18799,2019,7,15,19,15,16.1,50,184,78,2.6,,,,,,,,,,,,,,,,,,,,,,,,,,,,,,,,,,,,
18800,2019,7,15,19,30,15.7,38,139,55,2.4000000000000004,,,,,,,,,,,,,,,,,,,,,,,,,,,,,,,,,,,,
18801,2019,7,15,19,45,15.3,27,85,34,2.3000000000000003,,,,,,,,,,,,,,,,,,,,,,,,,,,,,,,,,,,,
18802,2019,7,15,20,0,15.0,17,6,17,2.1,,,,,,,,,,,,,,,,,,,,,,,,,,,,,,,,,,,,
18803,2019,7,15,20,15,14.8,0,0,0,2.2,,,,,,,,,,,,,,,,,,,,,,,,,,,,,,,,,,,,
18804,2019,7,15,20,30,14.7,0,0,0,2.3000000000000003,,,,,,,,,,,,,,,,,,,,,,,,,,,,,,,,,,,,
18805,2019,7,15,20,45,14.5,0,0,0,2.3000000000000003,,,,,,,,,,,,,,,,,,,,,,,,,,,,,,,,,,,,
18806,2019,7,15,21,0,14.4,0,0,0,2.4000000000000004,,,,,,,,,,,,,,,,,,,,,,,,,,,,,,,,,,,,
18807,2019,7,15,21,15,14.2,0,0,0,2.4000000000000004,,,,,,,,,,,,,,,,,,,,,,,,,,,,,,,,,,,,
18808,2019,7,15,21,30,14.1,0,0,0,2.5,,,,,,,,,,,,,,,,,,,,,,,,,,,,,,,,,,,,
18809,2019,7,15,21,45,14.0,0,0,0,2.5,,,,,,,,,,,,,,,,,,,,,,,,,,,,,,,,,,,,
18810,2019,7,15,22,0,13.9,0,0,0,2.5,,,,,,,,,,,,,,,,,,,,,,,,,,,,,,,,,,,,
18811,2019,7,15,22,15,13.8,0,0,0,2.5,,,,,,,,,,,,,,,,,,,,,,,,,,,,,,,,,,,,
18812,2019,7,15,22,30,13.7,0,0,0,2.5,,,,,,,,,,,,,,,,,,,,,,,,,,,,,,,,,,,,
18813,2019,7,15,22,45,13.6,0,0,0,2.5,,,,,,,,,,,,,,,,,,,,,,,,,,,,,,,,,,,,
18814,2019,7,15,23,0,13.4,0,0,0,2.5,,,,,,,,,,,,,,,,,,,,,,,,,,,,,,,,,,,,
18815,2019,7,15,23,15,13.2,0,0,0,2.4000000000000004,,,,,,,,,,,,,,,,,,,,,,,,,,,,,,,,,,,,
18816,2019,7,15,23,30,13.0,0,0,0,2.4000000000000004,,,,,,,,,,,,,,,,,,,,,,,,,,,,,,,,,,,,
18817,2019,7,15,23,45,12.7,0,0,0,2.3000000000000003,,,,,,,,,,,,,,,,,,,,,,,,,,,,,,,,,,,,
18818,2019,7,16,0,0,12.5,0,0,0,2.2,,,,,,,,,,,,,,,,,,,,,,,,,,,,,,,,,,,,
18819,2019,7,16,0,15,12.5,0,0,0,2.2,,,,,,,,,,,,,,,,,,,,,,,,,,,,,,,,,,,,
18820,2019,7,16,0,30,12.5,0,0,0,2.2,,,,,,,,,,,,,,,,,,,,,,,,,,,,,,,,,,,,
18821,2019,7,16,0,45,12.5,0,0,0,2.2,,,,,,,,,,,,,,,,,,,,,,,,,,,,,,,,,,,,
18822,2019,7,16,1,0,11.8,0,0,0,2.1,,,,,,,,,,,,,,,,,,,,,,,,,,,,,,,,,,,,
18823,2019,7,16,1,15,11.8,0,0,0,2.1,,,,,,,,,,,,,,,,,,,,,,,,,,,,,,,,,,,,
18824,2019,7,16,1,30,11.7,0,0,0,2.2,,,,,,,,,,,,,,,,,,,,,,,,,,,,,,,,,,,,
18825,2019,7,16,1,45,11.7,0,0,0,2.2,,,,,,,,,,,,,,,,,,,,,,,,,,,,,,,,,,,,
18826,2019,7,16,2,0,11.6,0,0,0,2.3000000000000003,,,,,,,,,,,,,,,,,,,,,,,,,,,,,,,,,,,,
18827,2019,7,16,2,15,11.6,0,0,0,2.3000000000000003,,,,,,,,,,,,,,,,,,,,,,,,,,,,,,,,,,,,
18828,2019,7,16,2,30,11.6,0,0,0,2.4000000000000004,,,,,,,,,,,,,,,,,,,,,,,,,,,,,,,,,,,,
18829,2019,7,16,2,45,11.6,0,0,0,2.4000000000000004,,,,,,,,,,,,,,,,,,,,,,,,,,,,,,,,,,,,
18830,2019,7,16,3,0,11.7,0,0,0,2.5,,,,,,,,,,,,,,,,,,,,,,,,,,,,,,,,,,,,
18831,2019,7,16,3,15,11.7,0,0,0,2.5,,,,,,,,,,,,,,,,,,,,,,,,,,,,,,,,,,,,
18832,2019,7,16,3,30,11.8,0,0,0,2.6,,,,,,,,,,,,,,,,,,,,,,,,,,,,,,,,,,,,
18833,2019,7,16,3,45,11.9,0,0,0,2.7,,,,,,,,,,,,,,,,,,,,,,,,,,,,,,,,,,,,
18834,2019,7,16,4,0,11.9,0,0,0,2.8000000000000003,,,,,,,,,,,,,,,,,,,,,,,,,,,,,,,,,,,,
18835,2019,7,16,4,15,12.0,0,0,0,2.9000000000000004,,,,,,,,,,,,,,,,,,,,,,,,,,,,,,,,,,,,
18836,2019,7,16,4,30,12.2,12,50,13,3.0,,,,,,,,,,,,,,,,,,,,,,,,,,,,,,,,,,,,
18837,2019,7,16,4,45,12.3,23,127,30,3.1,,,,,,,,,,,,,,,,,,,,,,,,,,,,,,,,,,,,
18838,2019,7,16,5,0,12.4,33,211,53,3.2,,,,,,,,,,,,,,,,,,,,,,,,,,,,,,,,,,,,
18839,2019,7,16,5,15,12.5,43,287,80,3.4000000000000004,,,,,,,,,,,,,,,,,,,,,,,,,,,,,,,,,,,,
18840,2019,7,16,5,30,12.7,53,356,111,3.5,,,,,,,,,,,,,,,,,,,,,,,,,,,,,,,,,,,,
18841,2019,7,16,5,45,12.8,59,431,145,3.6,,,,,,,,,,,,,,,,,,,,,,,,,,,,,,,,,,,,
18842,2019,7,16,6,0,13.0,66,487,182,3.7,,,,,,,,,,,,,,,,,,,,,,,,,,,,,,,,,,,,
18843,2019,7,16,6,15,13.1,17,0,17,3.8,,,,,,,,,,,,,,,,,,,,,,,,,,,,,,,,,,,,
18844,2019,7,16,6,30,13.3,20,0,20,3.8,,,,,,,,,,,,,,,,,,,,,,,,,,,,,,,,,,,,
18845,2019,7,16,6,45,13.4,23,0,23,3.9,,,,,,,,,,,,,,,,,,,,,,,,,,,,,,,,,,,,
18846,2019,7,16,7,0,13.6,27,0,27,4.0,,,,,,,,,,,,,,,,,,,,,,,,,,,,,,,,,,,,
18847,2019,7,16,7,15,13.8,30,0,30,4.0,,,,,,,,,,,,,,,,,,,,,,,,,,,,,,,,,,,,
18848,2019,7,16,7,30,14.0,34,0,34,4.0,,,,,,,,,,,,,,,,,,,,,,,,,,,,,,,,,,,,
18849,2019,7,16,7,45,14.2,39,0,39,4.1000000000000005,,,,,,,,,,,,,,,,,,,,,,,,,,,,,,,,,,,,
18850,2019,7,16,8,0,14.5,42,0,42,4.1000000000000005,,,,,,,,,,,,,,,,,,,,,,,,,,,,,,,,,,,,
18851,2019,7,16,8,15,14.9,45,0,45,4.1000000000000005,,,,,,,,,,,,,,,,,,,,,,,,,,,,,,,,,,,,
18852,2019,7,16,8,30,15.3,49,0,49,4.2,,,,,,,,,,,,,,,,,,,,,,,,,,,,,,,,,,,,
18853,2019,7,16,8,45,15.7,52,0,52,4.3,,,,,,,,,,,,,,,,,,,,,,,,,,,,,,,,,,,,
18854,2019,7,16,9,0,16.1,99,0,99,4.3,,,,,,,,,,,,,,,,,,,,,,,,,,,,,,,,,,,,
18855,2019,7,16,9,15,16.6,128,0,128,4.4,,,,,,,,,,,,,,,,,,,,,,,,,,,,,,,,,,,,
18856,2019,7,16,9,30,17.0,71,0,71,4.4,,,,,,,,,,,,,,,,,,,,,,,,,,,,,,,,,,,,
18857,2019,7,16,9,45,17.5,64,0,64,4.5,,,,,,,,,,,,,,,,,,,,,,,,,,,,,,,,,,,,
18858,2019,7,16,10,0,18.0,87,0,87,4.5,,,,,,,,,,,,,,,,,,,,,,,,,,,,,,,,,,,,
18859,2019,7,16,10,15,18.4,86,0,86,4.6000000000000005,,,,,,,,,,,,,,,,,,,,,,,,,,,,,,,,,,,,
18860,2019,7,16,10,30,18.7,69,0,69,4.6000000000000005,,,,,,,,,,,,,,,,,,,,,,,,,,,,,,,,,,,,
18861,2019,7,16,10,45,19.0,105,0,105,4.6000000000000005,,,,,,,,,,,,,,,,,,,,,,,,,,,,,,,,,,,,
18862,2019,7,16,11,0,19.4,138,0,139,4.7,,,,,,,,,,,,,,,,,,,,,,,,,,,,,,,,,,,,
18863,2019,7,16,11,15,19.6,161,4,165,4.7,,,,,,,,,,,,,,,,,,,,,,,,,,,,,,,,,,,,
18864,2019,7,16,11,30,19.8,171,6,176,4.7,,,,,,,,,,,,,,,,,,,,,,,,,,,,,,,,,,,,
18865,2019,7,16,11,45,19.9,200,8,207,4.800000000000001,,,,,,,,,,,,,,,,,,,,,,,,,,,,,,,,,,,,
18866,2019,7,16,12,0,20.1,104,0,104,4.800000000000001,,,,,,,,,,,,,,,,,,,,,,,,,,,,,,,,,,,,
18867,2019,7,16,12,15,20.200000000000003,78,0,78,4.800000000000001,,,,,,,,,,,,,,,,,,,,,,,,,,,,,,,,,,,,
18868,2019,7,16,12,30,20.200000000000003,74,0,74,4.800000000000001,,,,,,,,,,,,,,,,,,,,,,,,,,,,,,,,,,,,
18869,2019,7,16,12,45,20.200000000000003,75,0,75,4.9,,,,,,,,,,,,,,,,,,,,,,,,,,,,,,,,,,,,
18870,2019,7,16,13,0,20.3,92,0,92,4.9,,,,,,,,,,,,,,,,,,,,,,,,,,,,,,,,,,,,
18871,2019,7,16,13,15,20.3,154,3,156,4.9,,,,,,,,,,,,,,,,,,,,,,,,,,,,,,,,,,,,
18872,2019,7,16,13,30,20.3,90,0,90,4.9,,,,,,,,,,,,,,,,,,,,,,,,,,,,,,,,,,,,
18873,2019,7,16,13,45,20.3,71,0,71,4.9,,,,,,,,,,,,,,,,,,,,,,,,,,,,,,,,,,,,
18874,2019,7,16,14,0,20.3,70,0,70,4.9,,,,,,,,,,,,,,,,,,,,,,,,,,,,,,,,,,,,
18875,2019,7,16,14,15,20.3,69,0,69,4.9,,,,,,,,,,,,,,,,,,,,,,,,,,,,,,,,,,,,
18876,2019,7,16,14,30,20.200000000000003,170,4,173,4.9,,,,,,,,,,,,,,,,,,,,,,,,,,,,,,,,,,,,
18877,2019,7,16,14,45,20.1,88,0,88,4.9,,,,,,,,,,,,,,,,,,,,,,,,,,,,,,,,,,,,
18878,2019,7,16,15,0,20.1,148,1,149,4.800000000000001,,,,,,,,,,,,,,,,,,,,,,,,,,,,,,,,,,,,
18879,2019,7,16,15,15,20.0,179,4,182,4.800000000000001,,,,,,,,,,,,,,,,,,,,,,,,,,,,,,,,,,,,
18880,2019,7,16,15,30,19.9,111,0,111,4.800000000000001,,,,,,,,,,,,,,,,,,,,,,,,,,,,,,,,,,,,
18881,2019,7,16,15,45,19.9,86,0,86,4.7,,,,,,,,,,,,,,,,,,,,,,,,,,,,,,,,,,,,
18882,2019,7,16,16,0,19.8,86,0,86,4.7,,,,,,,,,,,,,,,,,,,,,,,,,,,,,,,,,,,,
18883,2019,7,16,16,15,19.700000000000003,74,0,74,4.6000000000000005,,,,,,,,,,,,,,,,,,,,,,,,,,,,,,,,,,,,
18884,2019,7,16,16,30,19.700000000000003,101,746,513,4.5,,,,,,,,,,,,,,,,,,,,,,,,,,,,,,,,,,,,
18885,2019,7,16,16,45,19.6,99,723,474,4.5,,,,,,,,,,,,,,,,,,,,,,,,,,,,,,,,,,,,
18886,2019,7,16,17,0,19.5,96,703,436,4.4,,,,,,,,,,,,,,,,,,,,,,,,,,,,,,,,,,,,
18887,2019,7,16,17,15,19.3,92,680,396,4.3,,,,,,,,,,,,,,,,,,,,,,,,,,,,,,,,,,,,
18888,2019,7,16,17,30,19.1,88,655,357,4.1000000000000005,,,,,,,,,,,,,,,,,,,,,,,,,,,,,,,,,,,,
18889,2019,7,16,17,45,19.0,85,621,317,4.0,,,,,,,,,,,,,,,,,,,,,,,,,,,,,,,,,,,,
18890,2019,7,16,18,0,18.8,80,589,278,3.9,,,,,,,,,,,,,,,,,,,,,,,,,,,,,,,,,,,,
18891,2019,7,16,18,15,18.5,109,211,172,3.6,,,,,,,,,,,,,,,,,,,,,,,,,,,,,,,,,,,,
18892,2019,7,16,18,30,18.2,97,82,119,3.4000000000000004,,,,,,,,,,,,,,,,,,,,,,,,,,,,,,,,,,,,
18893,2019,7,16,18,45,17.900000000000002,63,454,165,3.2,,,,,,,,,,,,,,,,,,,,,,,,,,,,,,,,,,,,
18894,2019,7,16,19,0,17.7,56,400,130,2.9000000000000004,,,,,,,,,,,,,,,,,,,,,,,,,,,,,,,,,,,,
18895,2019,7,16,19,15,17.3,47,338,98,2.7,,,,,,,,,,,,,,,,,,,,,,,,,,,,,,,,,,,,
18896,2019,7,16,19,30,16.900000000000002,38,269,69,2.5,,,,,,,,,,,,,,,,,,,,,,,,,,,,,,,,,,,,
18897,2019,7,16,19,45,16.5,23,0,23,2.4000000000000004,,,,,,,,,,,,,,,,,,,,,,,,,,,,,,,,,,,,
18898,2019,7,16,20,0,16.1,16,20,17,2.2,,,,,,,,,,,,,,,,,,,,,,,,,,,,,,,,,,,,
18899,2019,7,16,20,15,15.8,0,0,0,2.1,,,,,,,,,,,,,,,,,,,,,,,,,,,,,,,,,,,,
18900,2019,7,16,20,30,15.6,0,0,0,2.1,,,,,,,,,,,,,,,,,,,,,,,,,,,,,,,,,,,,
18901,2019,7,16,20,45,15.3,0,0,0,2.1,,,,,,,,,,,,,,,,,,,,,,,,,,,,,,,,,,,,
18902,2019,7,16,21,0,15.1,0,0,0,2.0,,,,,,,,,,,,,,,,,,,,,,,,,,,,,,,,,,,,
18903,2019,7,16,21,15,14.9,0,0,0,2.0,,,,,,,,,,,,,,,,,,,,,,,,,,,,,,,,,,,,
18904,2019,7,16,21,30,14.7,0,0,0,2.0,,,,,,,,,,,,,,,,,,,,,,,,,,,,,,,,,,,,
18905,2019,7,16,21,45,14.5,0,0,0,1.9,,,,,,,,,,,,,,,,,,,,,,,,,,,,,,,,,,,,
18906,2019,7,16,22,0,14.3,0,0,0,1.9,,,,,,,,,,,,,,,,,,,,,,,,,,,,,,,,,,,,
18907,2019,7,16,22,15,14.2,0,0,0,1.9,,,,,,,,,,,,,,,,,,,,,,,,,,,,,,,,,,,,
18908,2019,7,16,22,30,14.0,0,0,0,1.8,,,,,,,,,,,,,,,,,,,,,,,,,,,,,,,,,,,,
18909,2019,7,16,22,45,13.9,0,0,0,1.8,,,,,,,,,,,,,,,,,,,,,,,,,,,,,,,,,,,,
18910,2019,7,16,23,0,13.7,0,0,0,1.8,,,,,,,,,,,,,,,,,,,,,,,,,,,,,,,,,,,,
18911,2019,7,16,23,15,13.6,0,0,0,1.7000000000000002,,,,,,,,,,,,,,,,,,,,,,,,,,,,,,,,,,,,
18912,2019,7,16,23,30,13.4,0,0,0,1.7000000000000002,,,,,,,,,,,,,,,,,,,,,,,,,,,,,,,,,,,,
18913,2019,7,16,23,45,13.3,0,0,0,1.7000000000000002,,,,,,,,,,,,,,,,,,,,,,,,,,,,,,,,,,,,
18914,2019,7,17,0,0,13.2,0,0,0,1.6,,,,,,,,,,,,,,,,,,,,,,,,,,,,,,,,,,,,
18915,2019,7,17,0,15,13.2,0,0,0,1.6,,,,,,,,,,,,,,,,,,,,,,,,,,,,,,,,,,,,
18916,2019,7,17,0,30,13.2,0,0,0,1.6,,,,,,,,,,,,,,,,,,,,,,,,,,,,,,,,,,,,
18917,2019,7,17,0,45,13.2,0,0,0,1.6,,,,,,,,,,,,,,,,,,,,,,,,,,,,,,,,,,,,
18918,2019,7,17,1,0,12.7,0,0,0,1.5,,,,,,,,,,,,,,,,,,,,,,,,,,,,,,,,,,,,
18919,2019,7,17,1,15,12.6,0,0,0,1.4,,,,,,,,,,,,,,,,,,,,,,,,,,,,,,,,,,,,
18920,2019,7,17,1,30,12.5,0,0,0,1.4,,,,,,,,,,,,,,,,,,,,,,,,,,,,,,,,,,,,
18921,2019,7,17,1,45,12.4,0,0,0,1.4,,,,,,,,,,,,,,,,,,,,,,,,,,,,,,,,,,,,
18922,2019,7,17,2,0,12.3,0,0,0,1.3,,,,,,,,,,,,,,,,,,,,,,,,,,,,,,,,,,,,
18923,2019,7,17,2,15,12.2,0,0,0,1.3,,,,,,,,,,,,,,,,,,,,,,,,,,,,,,,,,,,,
18924,2019,7,17,2,30,12.1,0,0,0,1.2000000000000002,,,,,,,,,,,,,,,,,,,,,,,,,,,,,,,,,,,,
18925,2019,7,17,2,45,12.0,0,0,0,1.2000000000000002,,,,,,,,,,,,,,,,,,,,,,,,,,,,,,,,,,,,
18926,2019,7,17,3,0,11.9,0,0,0,1.1,,,,,,,,,,,,,,,,,,,,,,,,,,,,,,,,,,,,
18927,2019,7,17,3,15,11.9,0,0,0,1.1,,,,,,,,,,,,,,,,,,,,,,,,,,,,,,,,,,,,
18928,2019,7,17,3,30,11.9,0,0,0,1.2000000000000002,,,,,,,,,,,,,,,,,,,,,,,,,,,,,,,,,,,,
18929,2019,7,17,3,45,11.9,0,0,0,1.2000000000000002,,,,,,,,,,,,,,,,,,,,,,,,,,,,,,,,,,,,
18930,2019,7,17,4,0,11.9,0,0,0,1.2000000000000002,,,,,,,,,,,,,,,,,,,,,,,,,,,,,,,,,,,,
18931,2019,7,17,4,15,12.1,0,0,0,1.3,,,,,,,,,,,,,,,,,,,,,,,,,,,,,,,,,,,,
18932,2019,7,17,4,30,12.4,11,55,12,1.5,,,,,,,,,,,,,,,,,,,,,,,,,,,,,,,,,,,,
18933,2019,7,17,4,45,12.6,21,131,28,1.6,,,,,,,,,,,,,,,,,,,,,,,,,,,,,,,,,,,,
18934,2019,7,17,5,0,12.8,4,0,4,1.7000000000000002,,,,,,,,,,,,,,,,,,,,,,,,,,,,,,,,,,,,
18935,2019,7,17,5,15,13.0,6,0,6,1.8,,,,,,,,,,,,,,,,,,,,,,,,,,,,,,,,,,,,
18936,2019,7,17,5,30,13.3,51,353,107,1.8,,,,,,,,,,,,,,,,,,,,,,,,,,,,,,,,,,,,
18937,2019,7,17,5,45,13.5,59,410,140,1.8,,,,,,,,,,,,,,,,,,,,,,,,,,,,,,,,,,,,
18938,2019,7,17,6,0,13.8,67,464,176,1.9,,,,,,,,,,,,,,,,,,,,,,,,,,,,,,,,,,,,
18939,2019,7,17,6,15,14.0,15,0,15,1.9,,,,,,,,,,,,,,,,,,,,,,,,,,,,,,,,,,,,
18940,2019,7,17,6,30,14.3,19,0,19,1.9,,,,,,,,,,,,,,,,,,,,,,,,,,,,,,,,,,,,
18941,2019,7,17,6,45,14.5,22,0,22,1.8,,,,,,,,,,,,,,,,,,,,,,,,,,,,,,,,,,,,
18942,2019,7,17,7,0,14.8,26,0,26,1.8,,,,,,,,,,,,,,,,,,,,,,,,,,,,,,,,,,,,
18943,2019,7,17,7,15,15.2,46,0,46,1.8,,,,,,,,,,,,,,,,,,,,,,,,,,,,,,,,,,,,
18944,2019,7,17,7,30,15.6,34,0,34,1.8,,,,,,,,,,,,,,,,,,,,,,,,,,,,,,,,,,,,
18945,2019,7,17,7,45,16.1,127,0,127,1.8,,,,,,,,,,,,,,,,,,,,,,,,,,,,,,,,,,,,
18946,2019,7,17,8,0,16.5,141,0,141,1.7000000000000002,,,,,,,,,,,,,,,,,,,,,,,,,,,,,,,,,,,,
18947,2019,7,17,8,15,17.0,108,0,108,1.7000000000000002,,,,,,,,,,,,,,,,,,,,,,,,,,,,,,,,,,,,
18948,2019,7,17,8,30,17.5,234,41,259,1.7000000000000002,,,,,,,,,,,,,,,,,,,,,,,,,,,,,,,,,,,,
18949,2019,7,17,8,45,18.0,209,14,218,1.7000000000000002,,,,,,,,,,,,,,,,,,,,,,,,,,,,,,,,,,,,
18950,2019,7,17,9,0,18.4,249,30,269,1.6,,,,,,,,,,,,,,,,,,,,,,,,,,,,,,,,,,,,
18951,2019,7,17,9,15,18.9,274,40,301,1.6,,,,,,,,,,,,,,,,,,,,,,,,,,,,,,,,,,,,
18952,2019,7,17,9,30,19.3,302,56,342,1.6,,,,,,,,,,,,,,,,,,,,,,,,,,,,,,,,,,,,
18953,2019,7,17,9,45,19.700000000000003,340,118,427,1.6,,,,,,,,,,,,,,,,,,,,,,,,,,,,,,,,,,,,
18954,2019,7,17,10,0,20.1,356,179,492,1.6,,,,,,,,,,,,,,,,,,,,,,,,,,,,,,,,,,,,
18955,2019,7,17,10,15,20.4,366,206,526,1.6,,,,,,,,,,,,,,,,,,,,,,,,,,,,,,,,,,,,
18956,2019,7,17,10,30,20.8,375,220,551,1.5,,,,,,,,,,,,,,,,,,,,,,,,,,,,,,,,,,,,
18957,2019,7,17,10,45,21.1,312,442,671,1.5,,,,,,,,,,,,,,,,,,,,,,,,,,,,,,,,,,,,
18958,2019,7,17,11,0,21.5,347,383,663,1.5,,,,,,,,,,,,,,,,,,,,,,,,,,,,,,,,,,,,
18959,2019,7,17,11,15,21.8,383,301,636,1.5,,,,,,,,,,,,,,,,,,,,,,,,,,,,,,,,,,,,
18960,2019,7,17,11,30,22.0,331,442,706,1.5,,,,,,,,,,,,,,,,,,,,,,,,,,,,,,,,,,,,
18961,2019,7,17,11,45,22.3,336,439,711,1.5,,,,,,,,,,,,,,,,,,,,,,,,,,,,,,,,,,,,
18962,2019,7,17,12,0,22.6,350,410,703,1.6,,,,,,,,,,,,,,,,,,,,,,,,,,,,,,,,,,,,
18963,2019,7,17,12,15,22.8,399,294,652,1.6,,,,,,,,,,,,,,,,,,,,,,,,,,,,,,,,,,,,
18964,2019,7,17,12,30,23.0,405,272,639,1.6,,,,,,,,,,,,,,,,,,,,,,,,,,,,,,,,,,,,
18965,2019,7,17,12,45,23.200000000000003,410,239,615,1.6,,,,,,,,,,,,,,,,,,,,,,,,,,,,,,,,,,,,
18966,2019,7,17,13,0,23.3,323,483,734,1.6,,,,,,,,,,,,,,,,,,,,,,,,,,,,,,,,,,,,
18967,2019,7,17,13,15,23.4,403,235,602,1.6,,,,,,,,,,,,,,,,,,,,,,,,,,,,,,,,,,,,
18968,2019,7,17,13,30,23.5,134,840,835,1.6,,,,,,,,,,,,,,,,,,,,,,,,,,,,,,,,,,,,
18969,2019,7,17,13,45,23.6,134,835,820,1.6,,,,,,,,,,,,,,,,,,,,,,,,,,,,,,,,,,,,
18970,2019,7,17,14,0,23.700000000000003,381,226,564,1.7000000000000002,,,,,,,,,,,,,,,,,,,,,,,,,,,,,,,,,,,,
18971,2019,7,17,14,15,23.700000000000003,372,222,547,1.7000000000000002,,,,,,,,,,,,,,,,,,,,,,,,,,,,,,,,,,,,
18972,2019,7,17,14,30,23.700000000000003,361,217,528,1.7000000000000002,,,,,,,,,,,,,,,,,,,,,,,,,,,,,,,,,,,,
18973,2019,7,17,14,45,23.700000000000003,129,809,735,1.7000000000000002,,,,,,,,,,,,,,,,,,,,,,,,,,,,,,,,,,,,
18974,2019,7,17,15,0,23.700000000000003,335,205,485,1.7000000000000002,,,,,,,,,,,,,,,,,,,,,,,,,,,,,,,,,,,,
18975,2019,7,17,15,15,23.6,125,789,678,1.7000000000000002,,,,,,,,,,,,,,,,,,,,,,,,,,,,,,,,,,,,
18976,2019,7,17,15,30,23.5,122,778,647,1.7000000000000002,,,,,,,,,,,,,,,,,,,,,,,,,,,,,,,,,,,,
18977,2019,7,17,15,45,23.4,121,763,613,1.7000000000000002,,,,,,,,,,,,,,,,,,,,,,,,,,,,,,,,,,,,
18978,2019,7,17,16,0,23.3,118,750,579,1.7000000000000002,,,,,,,,,,,,,,,,,,,,,,,,,,,,,,,,,,,,
18979,2019,7,17,16,15,23.1,115,735,543,1.7000000000000002,,,,,,,,,,,,,,,,,,,,,,,,,,,,,,,,,,,,
18980,2019,7,17,16,30,22.9,111,718,506,1.7000000000000002,,,,,,,,,,,,,,,,,,,,,,,,,,,,,,,,,,,,
18981,2019,7,17,16,45,22.8,109,696,468,1.7000000000000002,,,,,,,,,,,,,,,,,,,,,,,,,,,,,,,,,,,,
18982,2019,7,17,17,0,22.6,104,674,429,1.6,,,,,,,,,,,,,,,,,,,,,,,,,,,,,,,,,,,,
18983,2019,7,17,17,15,22.4,100,651,390,1.6,,,,,,,,,,,,,,,,,,,,,,,,,,,,,,,,,,,,
18984,2019,7,17,17,30,22.1,95,627,352,1.5,,,,,,,,,,,,,,,,,,,,,,,,,,,,,,,,,,,,
18985,2019,7,17,17,45,21.9,91,592,312,1.4,,,,,,,,,,,,,,,,,,,,,,,,,,,,,,,,,,,,
18986,2019,7,17,18,0,21.700000000000003,85,559,273,1.3,,,,,,,,,,,,,,,,,,,,,,,,,,,,,,,,,,,,
18987,2019,7,17,18,15,21.1,79,522,234,1.2000000000000002,,,,,,,,,,,,,,,,,,,,,,,,,,,,,,,,,,,,
18988,2019,7,17,18,30,20.5,72,479,197,1.0,,,,,,,,,,,,,,,,,,,,,,,,,,,,,,,,,,,,
18989,2019,7,17,18,45,20.0,65,428,160,0.9,,,,,,,,,,,,,,,,,,,,,,,,,,,,,,,,,,,,
18990,2019,7,17,19,0,19.4,56,374,125,0.7000000000000001,,,,,,,,,,,,,,,,,,,,,,,,,,,,,,,,,,,,
18991,2019,7,17,19,15,18.9,48,314,94,0.8,,,,,,,,,,,,,,,,,,,,,,,,,,,,,,,,,,,,
18992,2019,7,17,19,30,18.4,37,247,65,0.8,,,,,,,,,,,,,,,,,,,,,,,,,,,,,,,,,,,,
18993,2019,7,17,19,45,17.900000000000002,27,173,40,0.8,,,,,,,,,,,,,,,,,,,,,,,,,,,,,,,,,,,,
18994,2019,7,17,20,0,17.400000000000002,16,98,20,0.9,,,,,,,,,,,,,,,,,,,,,,,,,,,,,,,,,,,,
18995,2019,7,17,20,15,17.1,0,0,0,0.9,,,,,,,,,,,,,,,,,,,,,,,,,,,,,,,,,,,,
18996,2019,7,17,20,30,16.900000000000002,0,0,0,0.9,,,,,,,,,,,,,,,,,,,,,,,,,,,,,,,,,,,,
18997,2019,7,17,20,45,16.7,0,0,0,0.9,,,,,,,,,,,,,,,,,,,,,,,,,,,,,,,,,,,,
18998,2019,7,17,21,0,16.400000000000002,0,0,0,0.9,,,,,,,,,,,,,,,,,,,,,,,,,,,,,,,,,,,,
18999,2019,7,17,21,15,16.2,0,0,0,0.9,,,,,,,,,,,,,,,,,,,,,,,,,,,,,,,,,,,,
19000,2019,7,17,21,30,16.0,0,0,0,0.9,,,,,,,,,,,,,,,,,,,,,,,,,,,,,,,,,,,,
19001,2019,7,17,21,45,15.8,0,0,0,0.9,,,,,,,,,,,,,,,,,,,,,,,,,,,,,,,,,,,,
19002,2019,7,17,22,0,15.7,0,0,0,0.9,,,,,,,,,,,,,,,,,,,,,,,,,,,,,,,,,,,,
19003,2019,7,17,22,15,15.5,0,0,0,0.9,,,,,,,,,,,,,,,,,,,,,,,,,,,,,,,,,,,,
19004,2019,7,17,22,30,15.3,0,0,0,0.9,,,,,,,,,,,,,,,,,,,,,,,,,,,,,,,,,,,,
19005,2019,7,17,22,45,15.2,0,0,0,0.9,,,,,,,,,,,,,,,,,,,,,,,,,,,,,,,,,,,,
19006,2019,7,17,23,0,15.0,0,0,0,0.9,,,,,,,,,,,,,,,,,,,,,,,,,,,,,,,,,,,,
19007,2019,7,17,23,15,14.9,0,0,0,0.9,,,,,,,,,,,,,,,,,,,,,,,,,,,,,,,,,,,,
19008,2019,7,17,23,30,14.8,0,0,0,0.8,,,,,,,,,,,,,,,,,,,,,,,,,,,,,,,,,,,,
19009,2019,7,17,23,45,14.7,0,0,0,0.8,,,,,,,,,,,,,,,,,,,,,,,,,,,,,,,,,,,,
19010,2019,7,18,0,0,14.6,0,0,0,0.8,,,,,,,,,,,,,,,,,,,,,,,,,,,,,,,,,,,,
19011,2019,7,18,0,15,14.6,0,0,0,0.8,,,,,,,,,,,,,,,,,,,,,,,,,,,,,,,,,,,,
19012,2019,7,18,0,30,14.6,0,0,0,0.8,,,,,,,,,,,,,,,,,,,,,,,,,,,,,,,,,,,,
19013,2019,7,18,0,45,14.6,0,0,0,0.8,,,,,,,,,,,,,,,,,,,,,,,,,,,,,,,,,,,,
19014,2019,7,18,1,0,14.4,0,0,0,0.7000000000000001,,,,,,,,,,,,,,,,,,,,,,,,,,,,,,,,,,,,
19015,2019,7,18,1,15,14.4,0,0,0,0.6000000000000001,,,,,,,,,,,,,,,,,,,,,,,,,,,,,,,,,,,,
19016,2019,7,18,1,30,14.3,0,0,0,0.6000000000000001,,,,,,,,,,,,,,,,,,,,,,,,,,,,,,,,,,,,
19017,2019,7,18,1,45,14.2,0,0,0,0.5,,,,,,,,,,,,,,,,,,,,,,,,,,,,,,,,,,,,
19018,2019,7,18,2,0,14.2,0,0,0,0.5,,,,,,,,,,,,,,,,,,,,,,,,,,,,,,,,,,,,
19019,2019,7,18,2,15,14.1,0,0,0,0.4,,,,,,,,,,,,,,,,,,,,,,,,,,,,,,,,,,,,
19020,2019,7,18,2,30,14.1,0,0,0,0.4,,,,,,,,,,,,,,,,,,,,,,,,,,,,,,,,,,,,
19021,2019,7,18,2,45,14.0,0,0,0,0.4,,,,,,,,,,,,,,,,,,,,,,,,,,,,,,,,,,,,
19022,2019,7,18,3,0,14.0,0,0,0,0.4,,,,,,,,,,,,,,,,,,,,,,,,,,,,,,,,,,,,
19023,2019,7,18,3,15,13.9,0,0,0,0.4,,,,,,,,,,,,,,,,,,,,,,,,,,,,,,,,,,,,
19024,2019,7,18,3,30,13.8,0,0,0,0.4,,,,,,,,,,,,,,,,,,,,,,,,,,,,,,,,,,,,
19025,2019,7,18,3,45,13.7,0,0,0,0.5,,,,,,,,,,,,,,,,,,,,,,,,,,,,,,,,,,,,
19026,2019,7,18,4,0,13.6,0,0,0,0.5,,,,,,,,,,,,,,,,,,,,,,,,,,,,,,,,,,,,
19027,2019,7,18,4,15,13.8,0,0,0,0.5,,,,,,,,,,,,,,,,,,,,,,,,,,,,,,,,,,,,
19028,2019,7,18,4,30,14.0,9,57,11,0.5,,,,,,,,,,,,,,,,,,,,,,,,,,,,,,,,,,,,
19029,2019,7,18,4,45,14.2,19,133,26,0.5,,,,,,,,,,,,,,,,,,,,,,,,,,,,,,,,,,,,
19030,2019,7,18,5,0,14.4,30,214,48,0.5,,,,,,,,,,,,,,,,,,,,,,,,,,,,,,,,,,,,
19031,2019,7,18,5,15,14.8,40,288,75,0.6000000000000001,,,,,,,,,,,,,,,,,,,,,,,,,,,,,,,,,,,,
19032,2019,7,18,5,30,15.2,49,355,105,0.6000000000000001,,,,,,,,,,,,,,,,,,,,,,,,,,,,,,,,,,,,
19033,2019,7,18,5,45,15.6,57,415,138,0.7000000000000001,,,,,,,,,,,,,,,,,,,,,,,,,,,,,,,,,,,,
19034,2019,7,18,6,0,16.0,65,467,174,0.7000000000000001,,,,,,,,,,,,,,,,,,,,,,,,,,,,,,,,,,,,
19035,2019,7,18,6,15,16.900000000000002,72,513,210,0.8,,,,,,,,,,,,,,,,,,,,,,,,,,,,,,,,,,,,
19036,2019,7,18,6,30,17.8,78,554,249,0.9,,,,,,,,,,,,,,,,,,,,,,,,,,,,,,,,,,,,
19037,2019,7,18,6,45,18.7,85,588,288,1.0,,,,,,,,,,,,,,,,,,,,,,,,,,,,,,,,,,,,
19038,2019,7,18,7,0,19.6,90,620,328,1.0,,,,,,,,,,,,,,,,,,,,,,,,,,,,,,,,,,,,
19039,2019,7,18,7,15,20.1,95,648,367,1.1,,,,,,,,,,,,,,,,,,,,,,,,,,,,,,,,,,,,
19040,2019,7,18,7,30,20.700000000000003,100,674,407,1.2000000000000002,,,,,,,,,,,,,,,,,,,,,,,,,,,,,,,,,,,,
19041,2019,7,18,7,45,21.3,106,689,445,1.2000000000000002,,,,,,,,,,,,,,,,,,,,,,,,,,,,,,,,,,,,
19042,2019,7,18,8,0,21.9,110,710,484,1.3,,,,,,,,,,,,,,,,,,,,,,,,,,,,,,,,,,,,
19043,2019,7,18,8,15,22.200000000000003,228,56,260,1.3,,,,,,,,,,,,,,,,,,,,,,,,,,,,,,,,,,,,
19044,2019,7,18,8,30,22.6,247,62,283,1.4,,,,,,,,,,,,,,,,,,,,,,,,,,,,,,,,,,,,
19045,2019,7,18,8,45,22.9,125,749,592,1.4,,,,,,,,,,,,,,,,,,,,,,,,,,,,,,,,,,,,
19046,2019,7,18,9,0,23.3,128,762,626,1.4,,,,,,,,,,,,,,,,,,,,,,,,,,,,,,,,,,,,
19047,2019,7,18,9,15,23.6,131,774,658,1.4,,,,,,,,,,,,,,,,,,,,,,,,,,,,,,,,,,,,
19048,2019,7,18,9,30,23.8,133,785,689,1.4,,,,,,,,,,,,,,,,,,,,,,,,,,,,,,,,,,,,
19049,2019,7,18,9,45,24.1,330,84,391,1.4,,,,,,,,,,,,,,,,,,,,,,,,,,,,,,,,,,,,
19050,2019,7,18,10,0,24.4,344,87,409,1.4,,,,,,,,,,,,,,,,,,,,,,,,,,,,,,,,,,,,
19051,2019,7,18,10,15,24.6,160,776,762,1.4,,,,,,,,,,,,,,,,,,,,,,,,,,,,,,,,,,,,
19052,2019,7,18,10,30,24.8,368,91,440,1.4,,,,,,,,,,,,,,,,,,,,,,,,,,,,,,,,,,,,
19053,2019,7,18,10,45,25.0,378,93,454,1.4,,,,,,,,,,,,,,,,,,,,,,,,,,,,,,,,,,,,
19054,2019,7,18,11,0,25.200000000000003,387,95,465,1.4,,,,,,,,,,,,,,,,,,,,,,,,,,,,,,,,,,,,
19055,2019,7,18,11,15,25.4,395,96,475,1.4,,,,,,,,,,,,,,,,,,,,,,,,,,,,,,,,,,,,
19056,2019,7,18,11,30,25.5,401,98,483,1.4,,,,,,,,,,,,,,,,,,,,,,,,,,,,,,,,,,,,
19057,2019,7,18,11,45,25.700000000000003,405,99,490,1.5,,,,,,,,,,,,,,,,,,,,,,,,,,,,,,,,,,,,
19058,2019,7,18,12,0,25.9,408,99,493,1.5,,,,,,,,,,,,,,,,,,,,,,,,,,,,,,,,,,,,
19059,2019,7,18,12,15,26.0,409,98,494,1.5,,,,,,,,,,,,,,,,,,,,,,,,,,,,,,,,,,,,
19060,2019,7,18,12,30,26.1,419,156,553,1.6,,,,,,,,,,,,,,,,,,,,,,,,,,,,,,,,,,,,
19061,2019,7,18,12,45,26.1,407,99,492,1.6,,,,,,,,,,,,,,,,,,,,,,,,,,,,,,,,,,,,
19062,2019,7,18,13,0,26.200000000000003,386,67,443,1.6,,,,,,,,,,,,,,,,,,,,,,,,,,,,,,,,,,,,
19063,2019,7,18,13,15,26.3,404,113,499,1.7000000000000002,,,,,,,,,,,,,,,,,,,,,,,,,,,,,,,,,,,,
19064,2019,7,18,13,30,26.3,315,26,337,1.8,,,,,,,,,,,,,,,,,,,,,,,,,,,,,,,,,,,,
19065,2019,7,18,13,45,26.3,330,35,358,1.9,,,,,,,,,,,,,,,,,,,,,,,,,,,,,,,,,,,,
19066,2019,7,18,14,0,26.3,369,285,598,1.9,,,,,,,,,,,,,,,,,,,,,,,,,,,,,,,,,,,,
19067,2019,7,18,14,15,26.3,351,67,404,2.0,,,,,,,,,,,,,,,,,,,,,,,,,,,,,,,,,,,,
19068,2019,7,18,14,30,26.200000000000003,331,54,373,2.1,,,,,,,,,,,,,,,,,,,,,,,,,,,,,,,,,,,,
19069,2019,7,18,14,45,26.200000000000003,311,45,344,2.1,,,,,,,,,,,,,,,,,,,,,,,,,,,,,,,,,,,,
19070,2019,7,18,15,0,26.1,286,34,310,2.2,,,,,,,,,,,,,,,,,,,,,,,,,,,,,,,,,,,,
19071,2019,7,18,15,15,25.9,295,53,332,2.2,,,,,,,,,,,,,,,,,,,,,,,,,,,,,,,,,,,,
19072,2019,7,18,15,30,25.8,298,87,356,2.2,,,,,,,,,,,,,,,,,,,,,,,,,,,,,,,,,,,,
19073,2019,7,18,15,45,25.6,284,234,434,2.2,,,,,,,,,,,,,,,,,,,,,,,,,,,,,,,,,,,,
19074,2019,7,18,16,0,25.4,166,642,560,2.2,,,,,,,,,,,,,,,,,,,,,,,,,,,,,,,,,,,,
19075,2019,7,18,16,15,25.3,161,625,524,2.2,,,,,,,,,,,,,,,,,,,,,,,,,,,,,,,,,,,,
19076,2019,7,18,16,30,25.1,156,605,488,2.2,,,,,,,,,,,,,,,,,,,,,,,,,,,,,,,,,,,,
19077,2019,7,18,16,45,24.9,211,243,337,2.2,,,,,,,,,,,,,,,,,,,,,,,,,,,,,,,,,,,,
19078,2019,7,18,17,0,24.8,195,231,306,2.2,,,,,,,,,,,,,,,,,,,,,,,,,,,,,,,,,,,,
19079,2019,7,18,17,15,24.5,183,129,240,2.0,,,,,,,,,,,,,,,,,,,,,,,,,,,,,,,,,,,,
19080,2019,7,18,17,30,24.200000000000003,131,502,335,1.8,,,,,,,,,,,,,,,,,,,,,,,,,,,,,,,,,,,,
19081,2019,7,18,17,45,24.0,128,449,294,1.6,,,,,,,,,,,,,,,,,,,,,,,,,,,,,,,,,,,,
19082,2019,7,18,18,0,23.700000000000003,117,285,212,1.5,,,,,,,,,,,,,,,,,,,,,,,,,,,,,,,,,,,,
19083,2019,7,18,18,15,23.200000000000003,106,234,175,1.3,,,,,,,,,,,,,,,,,,,,,,,,,,,,,,,,,,,,
19084,2019,7,18,18,30,22.700000000000003,93,47,106,1.1,,,,,,,,,,,,,,,,,,,,,,,,,,,,,,,,,,,,
19085,2019,7,18,18,45,22.200000000000003,77,35,85,0.9,,,,,,,,,,,,,,,,,,,,,,,,,,,,,,,,,,,,
19086,2019,7,18,19,0,21.700000000000003,62,23,67,0.7000000000000001,,,,,,,,,,,,,,,,,,,,,,,,,,,,,,,,,,,,
19087,2019,7,18,19,15,21.6,48,13,50,0.7000000000000001,,,,,,,,,,,,,,,,,,,,,,,,,,,,,,,,,,,,
19088,2019,7,18,19,30,21.4,35,4,36,0.6000000000000001,,,,,,,,,,,,,,,,,,,,,,,,,,,,,,,,,,,,
19089,2019,7,18,19,45,21.200000000000003,23,0,23,0.6000000000000001,,,,,,,,,,,,,,,,,,,,,,,,,,,,,,,,,,,,
19090,2019,7,18,20,0,21.1,12,0,12,0.5,,,,,,,,,,,,,,,,,,,,,,,,,,,,,,,,,,,,
19091,2019,7,18,20,15,21.0,0,0,0,0.5,,,,,,,,,,,,,,,,,,,,,,,,,,,,,,,,,,,,
19092,2019,7,18,20,30,20.9,0,0,0,0.5,,,,,,,,,,,,,,,,,,,,,,,,,,,,,,,,,,,,
19093,2019,7,18,20,45,20.9,0,0,0,0.5,,,,,,,,,,,,,,,,,,,,,,,,,,,,,,,,,,,,
19094,2019,7,18,21,0,20.8,0,0,0,0.5,,,,,,,,,,,,,,,,,,,,,,,,,,,,,,,,,,,,
19095,2019,7,18,21,15,20.6,0,0,0,0.6000000000000001,,,,,,,,,,,,,,,,,,,,,,,,,,,,,,,,,,,,
19096,2019,7,18,21,30,20.5,0,0,0,0.6000000000000001,,,,,,,,,,,,,,,,,,,,,,,,,,,,,,,,,,,,
19097,2019,7,18,21,45,20.3,0,0,0,0.7000000000000001,,,,,,,,,,,,,,,,,,,,,,,,,,,,,,,,,,,,
19098,2019,7,18,22,0,20.1,0,0,0,0.7000000000000001,,,,,,,,,,,,,,,,,,,,,,,,,,,,,,,,,,,,
19099,2019,7,18,22,15,19.8,0,0,0,0.8,,,,,,,,,,,,,,,,,,,,,,,,,,,,,,,,,,,,
19100,2019,7,18,22,30,19.6,0,0,0,0.8,,,,,,,,,,,,,,,,,,,,,,,,,,,,,,,,,,,,
19101,2019,7,18,22,45,19.3,0,0,0,0.8,,,,,,,,,,,,,,,,,,,,,,,,,,,,,,,,,,,,
19102,2019,7,18,23,0,19.0,0,0,0,0.9,,,,,,,,,,,,,,,,,,,,,,,,,,,,,,,,,,,,
19103,2019,7,18,23,15,18.8,0,0,0,0.9,,,,,,,,,,,,,,,,,,,,,,,,,,,,,,,,,,,,
19104,2019,7,18,23,30,18.6,0,0,0,1.0,,,,,,,,,,,,,,,,,,,,,,,,,,,,,,,,,,,,
19105,2019,7,18,23,45,18.4,0,0,0,1.0,,,,,,,,,,,,,,,,,,,,,,,,,,,,,,,,,,,,
19106,2019,7,19,0,0,18.2,0,0,0,1.1,,,,,,,,,,,,,,,,,,,,,,,,,,,,,,,,,,,,
19107,2019,7,19,0,15,18.2,0,0,0,1.1,,,,,,,,,,,,,,,,,,,,,,,,,,,,,,,,,,,,
19108,2019,7,19,0,30,18.2,0,0,0,1.1,,,,,,,,,,,,,,,,,,,,,,,,,,,,,,,,,,,,
19109,2019,7,19,0,45,18.2,0,0,0,1.1,,,,,,,,,,,,,,,,,,,,,,,,,,,,,,,,,,,,
19110,2019,7,19,1,0,17.6,0,0,0,1.2000000000000002,,,,,,,,,,,,,,,,,,,,,,,,,,,,,,,,,,,,
19111,2019,7,19,1,15,17.5,0,0,0,1.2000000000000002,,,,,,,,,,,,,,,,,,,,,,,,,,,,,,,,,,,,
19112,2019,7,19,1,30,17.3,0,0,0,1.2000000000000002,,,,,,,,,,,,,,,,,,,,,,,,,,,,,,,,,,,,
19113,2019,7,19,1,45,17.2,0,0,0,1.2000000000000002,,,,,,,,,,,,,,,,,,,,,,,,,,,,,,,,,,,,
19114,2019,7,19,2,0,17.1,0,0,0,1.2000000000000002,,,,,,,,,,,,,,,,,,,,,,,,,,,,,,,,,,,,
19115,2019,7,19,2,15,17.0,0,0,0,1.2000000000000002,,,,,,,,,,,,,,,,,,,,,,,,,,,,,,,,,,,,
19116,2019,7,19,2,30,16.900000000000002,0,0,0,1.2000000000000002,,,,,,,,,,,,,,,,,,,,,,,,,,,,,,,,,,,,
19117,2019,7,19,2,45,16.8,0,0,0,1.3,,,,,,,,,,,,,,,,,,,,,,,,,,,,,,,,,,,,
19118,2019,7,19,3,0,16.7,0,0,0,1.3,,,,,,,,,,,,,,,,,,,,,,,,,,,,,,,,,,,,
19119,2019,7,19,3,15,16.6,0,0,0,1.4,,,,,,,,,,,,,,,,,,,,,,,,,,,,,,,,,,,,
19120,2019,7,19,3,30,16.6,0,0,0,1.5,,,,,,,,,,,,,,,,,,,,,,,,,,,,,,,,,,,,
19121,2019,7,19,3,45,16.5,0,0,0,1.6,,,,,,,,,,,,,,,,,,,,,,,,,,,,,,,,,,,,
19122,2019,7,19,4,0,16.5,0,0,0,1.6,,,,,,,,,,,,,,,,,,,,,,,,,,,,,,,,,,,,
19123,2019,7,19,4,15,16.6,0,0,0,1.8,,,,,,,,,,,,,,,,,,,,,,,,,,,,,,,,,,,,
19124,2019,7,19,4,30,16.7,1,0,1,1.9,,,,,,,,,,,,,,,,,,,,,,,,,,,,,,,,,,,,
19125,2019,7,19,4,45,16.8,3,0,3,2.1,,,,,,,,,,,,,,,,,,,,,,,,,,,,,,,,,,,,
19126,2019,7,19,5,0,17.0,4,0,4,2.3000000000000003,,,,,,,,,,,,,,,,,,,,,,,,,,,,,,,,,,,,
19127,2019,7,19,5,15,17.1,6,0,6,2.3000000000000003,,,,,,,,,,,,,,,,,,,,,,,,,,,,,,,,,,,,
19128,2019,7,19,5,30,17.3,7,0,7,2.4000000000000004,,,,,,,,,,,,,,,,,,,,,,,,,,,,,,,,,,,,
19129,2019,7,19,5,45,17.5,10,0,10,2.5,,,,,,,,,,,,,,,,,,,,,,,,,,,,,,,,,,,,
19130,2019,7,19,6,0,17.6,12,0,12,2.5,,,,,,,,,,,,,,,,,,,,,,,,,,,,,,,,,,,,
19131,2019,7,19,6,15,18.1,15,0,15,2.5,,,,,,,,,,,,,,,,,,,,,,,,,,,,,,,,,,,,
19132,2019,7,19,6,30,18.5,18,0,18,2.5,,,,,,,,,,,,,,,,,,,,,,,,,,,,,,,,,,,,
19133,2019,7,19,6,45,18.9,21,0,21,2.6,,,,,,,,,,,,,,,,,,,,,,,,,,,,,,,,,,,,
19134,2019,7,19,7,0,19.4,25,0,25,2.6,,,,,,,,,,,,,,,,,,,,,,,,,,,,,,,,,,,,
19135,2019,7,19,7,15,19.9,37,0,37,2.6,,,,,,,,,,,,,,,,,,,,,,,,,,,,,,,,,,,,
19136,2019,7,19,7,30,20.5,109,0,109,2.7,,,,,,,,,,,,,,,,,,,,,,,,,,,,,,,,,,,,
19137,2019,7,19,7,45,21.0,139,0,139,2.8000000000000003,,,,,,,,,,,,,,,,,,,,,,,,,,,,,,,,,,,,
19138,2019,7,19,8,0,21.5,100,0,100,2.9000000000000004,,,,,,,,,,,,,,,,,,,,,,,,,,,,,,,,,,,,
19139,2019,7,19,8,15,21.9,45,0,45,3.0,,,,,,,,,,,,,,,,,,,,,,,,,,,,,,,,,,,,
19140,2019,7,19,8,30,22.3,48,0,48,3.0,,,,,,,,,,,,,,,,,,,,,,,,,,,,,,,,,,,,
19141,2019,7,19,8,45,22.700000000000003,68,0,68,3.1,,,,,,,,,,,,,,,,,,,,,,,,,,,,,,,,,,,,
19142,2019,7,19,9,0,23.1,77,0,77,3.2,,,,,,,,,,,,,,,,,,,,,,,,,,,,,,,,,,,,
19143,2019,7,19,9,15,23.4,98,0,98,3.2,,,,,,,,,,,,,,,,,,,,,,,,,,,,,,,,,,,,
19144,2019,7,19,9,30,23.6,92,0,92,3.3000000000000003,,,,,,,,,,,,,,,,,,,,,,,,,,,,,,,,,,,,
19145,2019,7,19,9,45,23.9,160,727,691,3.3000000000000003,,,,,,,,,,,,,,,,,,,,,,,,,,,,,,,,,,,,
19146,2019,7,19,10,0,24.1,173,4,176,3.4000000000000004,,,,,,,,,,,,,,,,,,,,,,,,,,,,,,,,,,,,
19147,2019,7,19,10,15,24.3,181,6,186,3.4000000000000004,,,,,,,,,,,,,,,,,,,,,,,,,,,,,,,,,,,,
19148,2019,7,19,10,30,24.5,111,0,111,3.4000000000000004,,,,,,,,,,,,,,,,,,,,,,,,,,,,,,,,,,,,
19149,2019,7,19,10,45,24.6,106,0,106,3.4000000000000004,,,,,,,,,,,,,,,,,,,,,,,,,,,,,,,,,,,,
19150,2019,7,19,11,0,24.8,129,0,129,3.4000000000000004,,,,,,,,,,,,,,,,,,,,,,,,,,,,,,,,,,,,
19151,2019,7,19,11,15,24.9,208,9,215,3.4000000000000004,,,,,,,,,,,,,,,,,,,,,,,,,,,,,,,,,,,,
19152,2019,7,19,11,30,25.0,211,9,219,3.4000000000000004,,,,,,,,,,,,,,,,,,,,,,,,,,,,,,,,,,,,
19153,2019,7,19,11,45,25.1,106,0,106,3.4000000000000004,,,,,,,,,,,,,,,,,,,,,,,,,,,,,,,,,,,,
19154,2019,7,19,12,0,25.200000000000003,86,0,86,3.4000000000000004,,,,,,,,,,,,,,,,,,,,,,,,,,,,,,,,,,,,
19155,2019,7,19,12,15,25.200000000000003,73,0,73,3.4000000000000004,,,,,,,,,,,,,,,,,,,,,,,,,,,,,,,,,,,,
19156,2019,7,19,12,30,25.1,73,0,73,3.3000000000000003,,,,,,,,,,,,,,,,,,,,,,,,,,,,,,,,,,,,
19157,2019,7,19,12,45,25.1,75,0,75,3.3000000000000003,,,,,,,,,,,,,,,,,,,,,,,,,,,,,,,,,,,,
19158,2019,7,19,13,0,25.0,75,0,75,3.3000000000000003,,,,,,,,,,,,,,,,,,,,,,,,,,,,,,,,,,,,
19159,2019,7,19,13,15,24.9,229,11,239,3.3000000000000003,,,,,,,,,,,,,,,,,,,,,,,,,,,,,,,,,,,,
19160,2019,7,19,13,30,24.8,301,22,319,3.3000000000000003,,,,,,,,,,,,,,,,,,,,,,,,,,,,,,,,,,,,
19161,2019,7,19,13,45,24.700000000000003,394,176,538,3.2,,,,,,,,,,,,,,,,,,,,,,,,,,,,,,,,,,,,
19162,2019,7,19,14,0,24.6,385,173,524,3.2,,,,,,,,,,,,,,,,,,,,,,,,,,,,,,,,,,,,
19163,2019,7,19,14,15,24.5,375,169,508,3.2,,,,,,,,,,,,,,,,,,,,,,,,,,,,,,,,,,,,
19164,2019,7,19,14,30,24.3,275,479,643,3.1,,,,,,,,,,,,,,,,,,,,,,,,,,,,,,,,,,,,
19165,2019,7,19,14,45,24.200000000000003,265,478,621,3.0,,,,,,,,,,,,,,,,,,,,,,,,,,,,,,,,,,,,
19166,2019,7,19,15,0,24.1,252,480,599,3.0,,,,,,,,,,,,,,,,,,,,,,,,,,,,,,,,,,,,
19167,2019,7,19,15,15,24.1,251,455,568,2.9000000000000004,,,,,,,,,,,,,,,,,,,,,,,,,,,,,,,,,,,,
19168,2019,7,19,15,30,24.0,172,664,617,2.8000000000000003,,,,,,,,,,,,,,,,,,,,,,,,,,,,,,,,,,,,
19169,2019,7,19,15,45,23.9,249,384,496,2.7,,,,,,,,,,,,,,,,,,,,,,,,,,,,,,,,,,,,
19170,2019,7,19,16,0,23.9,229,402,475,2.6,,,,,,,,,,,,,,,,,,,,,,,,,,,,,,,,,,,,
19171,2019,7,19,16,15,23.8,240,279,402,2.5,,,,,,,,,,,,,,,,,,,,,,,,,,,,,,,,,,,,
19172,2019,7,19,16,30,23.8,210,345,398,2.4000000000000004,,,,,,,,,,,,,,,,,,,,,,,,,,,,,,,,,,,,
19173,2019,7,19,16,45,23.700000000000003,135,606,446,2.3000000000000003,,,,,,,,,,,,,,,,,,,,,,,,,,,,,,,,,,,,
19174,2019,7,19,17,0,23.6,126,0,126,2.2,,,,,,,,,,,,,,,,,,,,,,,,,,,,,,,,,,,,
19175,2019,7,19,17,15,23.5,167,289,295,2.0,,,,,,,,,,,,,,,,,,,,,,,,,,,,,,,,,,,,
19176,2019,7,19,17,30,23.3,102,0,102,1.8,,,,,,,,,,,,,,,,,,,,,,,,,,,,,,,,,,,,
19177,2019,7,19,17,45,23.1,138,41,153,1.6,,,,,,,,,,,,,,,,,,,,,,,,,,,,,,,,,,,,
19178,2019,7,19,18,0,22.9,11,0,11,1.4,,,,,,,,,,,,,,,,,,,,,,,,,,,,,,,,,,,,
19179,2019,7,19,18,15,22.5,110,157,156,1.2000000000000002,,,,,,,,,,,,,,,,,,,,,,,,,,,,,,,,,,,,
19180,2019,7,19,18,30,22.1,39,0,39,1.0,,,,,,,,,,,,,,,,,,,,,,,,,,,,,,,,,,,,
19181,2019,7,19,18,45,21.700000000000003,32,0,32,0.8,,,,,,,,,,,,,,,,,,,,,,,,,,,,,,,,,,,,
19182,2019,7,19,19,0,21.3,53,0,53,0.7000000000000001,,,,,,,,,,,,,,,,,,,,,,,,,,,,,,,,,,,,
19183,2019,7,19,19,15,21.1,39,0,39,0.6000000000000001,,,,,,,,,,,,,,,,,,,,,,,,,,,,,,,,,,,,
19184,2019,7,19,19,30,20.9,15,0,15,0.6000000000000001,,,,,,,,,,,,,,,,,,,,,,,,,,,,,,,,,,,,
19185,2019,7,19,19,45,20.6,16,0,16,0.6000000000000001,,,,,,,,,,,,,,,,,,,,,,,,,,,,,,,,,,,,
19186,2019,7,19,20,0,20.4,8,0,8,0.6000000000000001,,,,,,,,,,,,,,,,,,,,,,,,,,,,,,,,,,,,
19187,2019,7,19,20,15,20.3,0,0,0,0.6000000000000001,,,,,,,,,,,,,,,,,,,,,,,,,,,,,,,,,,,,
19188,2019,7,19,20,30,20.1,0,0,0,0.6000000000000001,,,,,,,,,,,,,,,,,,,,,,,,,,,,,,,,,,,,
19189,2019,7,19,20,45,20.0,0,0,0,0.6000000000000001,,,,,,,,,,,,,,,,,,,,,,,,,,,,,,,,,,,,
19190,2019,7,19,21,0,19.8,0,0,0,0.6000000000000001,,,,,,,,,,,,,,,,,,,,,,,,,,,,,,,,,,,,
19191,2019,7,19,21,15,19.5,0,0,0,0.6000000000000001,,,,,,,,,,,,,,,,,,,,,,,,,,,,,,,,,,,,
19192,2019,7,19,21,30,19.200000000000003,0,0,0,0.7000000000000001,,,,,,,,,,,,,,,,,,,,,,,,,,,,,,,,,,,,
19193,2019,7,19,21,45,19.0,0,0,0,0.7000000000000001,,,,,,,,,,,,,,,,,,,,,,,,,,,,,,,,,,,,
19194,2019,7,19,22,0,18.7,0,0,0,0.8,,,,,,,,,,,,,,,,,,,,,,,,,,,,,,,,,,,,
19195,2019,7,19,22,15,18.4,0,0,0,0.8,,,,,,,,,,,,,,,,,,,,,,,,,,,,,,,,,,,,
19196,2019,7,19,22,30,18.1,0,0,0,0.8,,,,,,,,,,,,,,,,,,,,,,,,,,,,,,,,,,,,
19197,2019,7,19,22,45,17.8,0,0,0,0.9,,,,,,,,,,,,,,,,,,,,,,,,,,,,,,,,,,,,
19198,2019,7,19,23,0,17.6,0,0,0,0.9,,,,,,,,,,,,,,,,,,,,,,,,,,,,,,,,,,,,
19199,2019,7,19,23,15,17.400000000000002,0,0,0,0.9,,,,,,,,,,,,,,,,,,,,,,,,,,,,,,,,,,,,
19200,2019,7,19,23,30,17.2,0,0,0,0.9,,,,,,,,,,,,,,,,,,,,,,,,,,,,,,,,,,,,
19201,2019,7,19,23,45,17.0,0,0,0,0.9,,,,,,,,,,,,,,,,,,,,,,,,,,,,,,,,,,,,
19202,2019,7,20,0,0,16.8,0,0,0,1.0,,,,,,,,,,,,,,,,,,,,,,,,,,,,,,,,,,,,
19203,2019,7,20,0,15,16.8,0,0,0,1.0,,,,,,,,,,,,,,,,,,,,,,,,,,,,,,,,,,,,
19204,2019,7,20,0,30,16.8,0,0,0,1.0,,,,,,,,,,,,,,,,,,,,,,,,,,,,,,,,,,,,
19205,2019,7,20,0,45,16.8,0,0,0,1.0,,,,,,,,,,,,,,,,,,,,,,,,,,,,,,,,,,,,
19206,2019,7,20,1,0,16.1,0,0,0,1.0,,,,,,,,,,,,,,,,,,,,,,,,,,,,,,,,,,,,
19207,2019,7,20,1,15,16.0,0,0,0,1.0,,,,,,,,,,,,,,,,,,,,,,,,,,,,,,,,,,,,
19208,2019,7,20,1,30,15.8,0,0,0,1.0,,,,,,,,,,,,,,,,,,,,,,,,,,,,,,,,,,,,
19209,2019,7,20,1,45,15.7,0,0,0,1.0,,,,,,,,,,,,,,,,,,,,,,,,,,,,,,,,,,,,
19210,2019,7,20,2,0,15.5,0,0,0,1.0,,,,,,,,,,,,,,,,,,,,,,,,,,,,,,,,,,,,
19211,2019,7,20,2,15,15.3,0,0,0,1.0,,,,,,,,,,,,,,,,,,,,,,,,,,,,,,,,,,,,
19212,2019,7,20,2,30,15.1,0,0,0,1.0,,,,,,,,,,,,,,,,,,,,,,,,,,,,,,,,,,,,
19213,2019,7,20,2,45,15.0,0,0,0,1.1,,,,,,,,,,,,,,,,,,,,,,,,,,,,,,,,,,,,
19214,2019,7,20,3,0,14.8,0,0,0,1.1,,,,,,,,,,,,,,,,,,,,,,,,,,,,,,,,,,,,
19215,2019,7,20,3,15,14.7,0,0,0,1.1,,,,,,,,,,,,,,,,,,,,,,,,,,,,,,,,,,,,
19216,2019,7,20,3,30,14.6,0,0,0,1.1,,,,,,,,,,,,,,,,,,,,,,,,,,,,,,,,,,,,
19217,2019,7,20,3,45,14.5,0,0,0,1.1,,,,,,,,,,,,,,,,,,,,,,,,,,,,,,,,,,,,
19218,2019,7,20,4,0,14.4,0,0,0,1.1,,,,,,,,,,,,,,,,,,,,,,,,,,,,,,,,,,,,
19219,2019,7,20,4,15,14.9,0,0,0,1.2000000000000002,,,,,,,,,,,,,,,,,,,,,,,,,,,,,,,,,,,,
19220,2019,7,20,4,30,15.4,0,0,0,1.4,,,,,,,,,,,,,,,,,,,,,,,,,,,,,,,,,,,,
19221,2019,7,20,4,45,15.8,9,0,9,1.5,,,,,,,,,,,,,,,,,,,,,,,,,,,,,,,,,,,,
19222,2019,7,20,5,0,16.3,29,135,40,1.7000000000000002,,,,,,,,,,,,,,,,,,,,,,,,,,,,,,,,,,,,
19223,2019,7,20,5,15,16.7,41,199,65,1.8,,,,,,,,,,,,,,,,,,,,,,,,,,,,,,,,,,,,
19224,2019,7,20,5,30,17.0,53,259,93,1.8,,,,,,,,,,,,,,,,,,,,,,,,,,,,,,,,,,,,
19225,2019,7,20,5,45,17.400000000000002,66,301,123,1.9,,,,,,,,,,,,,,,,,,,,,,,,,,,,,,,,,,,,
19226,2019,7,20,6,0,17.8,82,128,112,2.0,,,,,,,,,,,,,,,,,,,,,,,,,,,,,,,,,,,,
19227,2019,7,20,6,15,18.4,85,0,85,2.0,,,,,,,,,,,,,,,,,,,,,,,,,,,,,,,,,,,,
19228,2019,7,20,6,30,18.9,114,169,165,2.0,,,,,,,,,,,,,,,,,,,,,,,,,,,,,,,,,,,,
19229,2019,7,20,6,45,19.5,130,186,193,2.1,,,,,,,,,,,,,,,,,,,,,,,,,,,,,,,,,,,,
19230,2019,7,20,7,0,20.1,149,171,213,2.1,,,,,,,,,,,,,,,,,,,,,,,,,,,,,,,,,,,,
19231,2019,7,20,7,15,20.8,166,82,200,2.3000000000000003,,,,,,,,,,,,,,,,,,,,,,,,,,,,,,,,,,,,
19232,2019,7,20,7,30,21.6,169,308,308,2.4000000000000004,,,,,,,,,,,,,,,,,,,,,,,,,,,,,,,,,,,,
19233,2019,7,20,7,45,22.3,200,216,305,2.6,,,,,,,,,,,,,,,,,,,,,,,,,,,,,,,,,,,,
19234,2019,7,20,8,0,23.1,202,318,368,2.8000000000000003,,,,,,,,,,,,,,,,,,,,,,,,,,,,,,,,,,,,
19235,2019,7,20,8,15,23.5,209,365,412,2.9000000000000004,,,,,,,,,,,,,,,,,,,,,,,,,,,,,,,,,,,,
19236,2019,7,20,8,30,23.8,228,356,437,3.0,,,,,,,,,,,,,,,,,,,,,,,,,,,,,,,,,,,,
19237,2019,7,20,8,45,24.200000000000003,246,351,463,3.0,,,,,,,,,,,,,,,,,,,,,,,,,,,,,,,,,,,,
19238,2019,7,20,9,0,24.6,249,396,507,3.1,,,,,,,,,,,,,,,,,,,,,,,,,,,,,,,,,,,,
19239,2019,7,20,9,15,24.700000000000003,263,406,538,3.1,,,,,,,,,,,,,,,,,,,,,,,,,,,,,,,,,,,,
19240,2019,7,20,9,30,24.9,273,411,562,3.1,,,,,,,,,,,,,,,,,,,,,,,,,,,,,,,,,,,,
19241,2019,7,20,9,45,25.1,283,415,585,3.1,,,,,,,,,,,,,,,,,,,,,,,,,,,,,,,,,,,,
19242,2019,7,20,10,0,25.3,145,765,719,3.1,,,,,,,,,,,,,,,,,,,,,,,,,,,,,,,,,,,,
19243,2019,7,20,10,15,25.4,146,772,743,3.0,,,,,,,,,,,,,,,,,,,,,,,,,,,,,,,,,,,,
19244,2019,7,20,10,30,25.6,148,779,764,3.0,,,,,,,,,,,,,,,,,,,,,,,,,,,,,,,,,,,,
19245,2019,7,20,10,45,25.8,306,451,670,2.9000000000000004,,,,,,,,,,,,,,,,,,,,,,,,,,,,,,,,,,,,
19246,2019,7,20,11,0,25.9,319,438,678,2.9000000000000004,,,,,,,,,,,,,,,,,,,,,,,,,,,,,,,,,,,,
19247,2019,7,20,11,15,26.3,319,453,697,2.8000000000000003,,,,,,,,,,,,,,,,,,,,,,,,,,,,,,,,,,,,
19248,2019,7,20,11,30,26.700000000000003,376,345,667,2.8000000000000003,,,,,,,,,,,,,,,,,,,,,,,,,,,,,,,,,,,,
19249,2019,7,20,11,45,27.0,340,422,699,2.7,,,,,,,,,,,,,,,,,,,,,,,,,,,,,,,,,,,,
19250,2019,7,20,12,0,27.4,341,425,705,2.7,,,,,,,,,,,,,,,,,,,,,,,,,,,,,,,,,,,,
19251,2019,7,20,12,15,27.700000000000003,350,410,700,2.7,,,,,,,,,,,,,,,,,,,,,,,,,,,,,,,,,,,,
19252,2019,7,20,12,30,28.0,331,459,724,2.6,,,,,,,,,,,,,,,,,,,,,,,,,,,,,,,,,,,,
19253,2019,7,20,12,45,28.4,372,363,682,2.6,,,,,,,,,,,,,,,,,,,,,,,,,,,,,,,,,,,,
19254,2019,7,20,13,0,28.700000000000003,353,393,686,2.6,,,,,,,,,,,,,,,,,,,,,,,,,,,,,,,,,,,,
19255,2019,7,20,13,15,28.700000000000003,364,366,671,2.5,,,,,,,,,,,,,,,,,,,,,,,,,,,,,,,,,,,,
19256,2019,7,20,13,30,28.8,370,345,656,2.5,,,,,,,,,,,,,,,,,,,,,,,,,,,,,,,,,,,,
19257,2019,7,20,13,45,28.8,369,310,622,2.5,,,,,,,,,,,,,,,,,,,,,,,,,,,,,,,,,,,,
19258,2019,7,20,14,0,28.8,318,417,653,2.4000000000000004,,,,,,,,,,,,,,,,,,,,,,,,,,,,,,,,,,,,
19259,2019,7,20,14,15,28.6,296,448,648,2.3000000000000003,,,,,,,,,,,,,,,,,,,,,,,,,,,,,,,,,,,,
19260,2019,7,20,14,30,28.3,356,233,534,2.2,,,,,,,,,,,,,,,,,,,,,,,,,,,,,,,,,,,,
19261,2019,7,20,14,45,28.1,341,97,414,2.0,,,,,,,,,,,,,,,,,,,,,,,,,,,,,,,,,,,,
19262,2019,7,20,15,0,27.9,302,49,338,1.9,,,,,,,,,,,,,,,,,,,,,,,,,,,,,,,,,,,,
19263,2019,7,20,15,15,27.6,291,51,327,1.8,,,,,,,,,,,,,,,,,,,,,,,,,,,,,,,,,,,,
19264,2019,7,20,15,30,27.4,284,60,325,1.6,,,,,,,,,,,,,,,,,,,,,,,,,,,,,,,,,,,,
19265,2019,7,20,15,45,27.1,281,90,339,1.5,,,,,,,,,,,,,,,,,,,,,,,,,,,,,,,,,,,,
19266,2019,7,20,16,0,26.9,200,12,207,1.4,,,,,,,,,,,,,,,,,,,,,,,,,,,,,,,,,,,,
19267,2019,7,20,16,15,26.9,140,0,140,1.4,,,,,,,,,,,,,,,,,,,,,,,,,,,,,,,,,,,,
19268,2019,7,20,16,30,26.9,193,412,418,1.4,,,,,,,,,,,,,,,,,,,,,,,,,,,,,,,,,,,,
19269,2019,7,20,16,45,26.9,195,327,363,1.3,,,,,,,,,,,,,,,,,,,,,,,,,,,,,,,,,,,,
19270,2019,7,20,17,0,26.8,124,592,406,1.3,,,,,,,,,,,,,,,,,,,,,,,,,,,,,,,,,,,,
19271,2019,7,20,17,15,26.6,155,359,313,1.2000000000000002,,,,,,,,,,,,,,,,,,,,,,,,,,,,,,,,,,,,
19272,2019,7,20,17,30,26.3,161,183,234,1.0,,,,,,,,,,,,,,,,,,,,,,,,,,,,,,,,,,,,
19273,2019,7,20,17,45,26.0,122,6,124,0.9,,,,,,,,,,,,,,,,,,,,,,,,,,,,,,,,,,,,
19274,2019,7,20,18,0,25.8,15,0,15,0.7000000000000001,,,,,,,,,,,,,,,,,,,,,,,,,,,,,,,,,,,,
19275,2019,7,20,18,15,25.4,14,0,14,0.7000000000000001,,,,,,,,,,,,,,,,,,,,,,,,,,,,,,,,,,,,
19276,2019,7,20,18,30,25.1,8,0,8,0.6000000000000001,,,,,,,,,,,,,,,,,,,,,,,,,,,,,,,,,,,,
19277,2019,7,20,18,45,24.700000000000003,7,0,7,0.6000000000000001,,,,,,,,,,,,,,,,,,,,,,,,,,,,,,,,,,,,
19278,2019,7,20,19,0,24.3,6,0,6,0.6000000000000001,,,,,,,,,,,,,,,,,,,,,,,,,,,,,,,,,,,,
19279,2019,7,20,19,15,24.200000000000003,5,0,5,0.6000000000000001,,,,,,,,,,,,,,,,,,,,,,,,,,,,,,,,,,,,
19280,2019,7,20,19,30,24.0,5,0,5,0.6000000000000001,,,,,,,,,,,,,,,,,,,,,,,,,,,,,,,,,,,,
19281,2019,7,20,19,45,23.8,4,0,4,0.5,,,,,,,,,,,,,,,,,,,,,,,,,,,,,,,,,,,,
19282,2019,7,20,20,0,23.6,3,0,3,0.5,,,,,,,,,,,,,,,,,,,,,,,,,,,,,,,,,,,,
19283,2019,7,20,20,15,23.3,0,0,0,0.6000000000000001,,,,,,,,,,,,,,,,,,,,,,,,,,,,,,,,,,,,
19284,2019,7,20,20,30,23.0,0,0,0,0.6000000000000001,,,,,,,,,,,,,,,,,,,,,,,,,,,,,,,,,,,,
19285,2019,7,20,20,45,22.8,0,0,0,0.7000000000000001,,,,,,,,,,,,,,,,,,,,,,,,,,,,,,,,,,,,
19286,2019,7,20,21,0,22.5,0,0,0,0.7000000000000001,,,,,,,,,,,,,,,,,,,,,,,,,,,,,,,,,,,,
19287,2019,7,20,21,15,22.1,0,0,0,0.8,,,,,,,,,,,,,,,,,,,,,,,,,,,,,,,,,,,,
19288,2019,7,20,21,30,21.8,0,0,0,0.9,,,,,,,,,,,,,,,,,,,,,,,,,,,,,,,,,,,,
19289,2019,7,20,21,45,21.4,0,0,0,0.9,,,,,,,,,,,,,,,,,,,,,,,,,,,,,,,,,,,,
19290,2019,7,20,22,0,21.1,0,0,0,1.0,,,,,,,,,,,,,,,,,,,,,,,,,,,,,,,,,,,,
19291,2019,7,20,22,15,20.8,0,0,0,1.0,,,,,,,,,,,,,,,,,,,,,,,,,,,,,,,,,,,,
19292,2019,7,20,22,30,20.5,0,0,0,1.1,,,,,,,,,,,,,,,,,,,,,,,,,,,,,,,,,,,,
19293,2019,7,20,22,45,20.200000000000003,0,0,0,1.1,,,,,,,,,,,,,,,,,,,,,,,,,,,,,,,,,,,,
19294,2019,7,20,23,0,19.9,0,0,0,1.2000000000000002,,,,,,,,,,,,,,,,,,,,,,,,,,,,,,,,,,,,
19295,2019,7,20,23,15,19.700000000000003,0,0,0,1.2000000000000002,,,,,,,,,,,,,,,,,,,,,,,,,,,,,,,,,,,,
19296,2019,7,20,23,30,19.5,0,0,0,1.3,,,,,,,,,,,,,,,,,,,,,,,,,,,,,,,,,,,,
19297,2019,7,20,23,45,19.3,0,0,0,1.3,,,,,,,,,,,,,,,,,,,,,,,,,,,,,,,,,,,,
19298,2019,7,21,0,0,19.1,0,0,0,1.4,,,,,,,,,,,,,,,,,,,,,,,,,,,,,,,,,,,,
19299,2019,7,21,0,15,19.1,0,0,0,1.4,,,,,,,,,,,,,,,,,,,,,,,,,,,,,,,,,,,,
19300,2019,7,21,0,30,19.1,0,0,0,1.4,,,,,,,,,,,,,,,,,,,,,,,,,,,,,,,,,,,,
19301,2019,7,21,0,45,19.1,0,0,0,1.4,,,,,,,,,,,,,,,,,,,,,,,,,,,,,,,,,,,,
19302,2019,7,21,1,0,17.900000000000002,0,0,0,1.4,,,,,,,,,,,,,,,,,,,,,,,,,,,,,,,,,,,,
19303,2019,7,21,1,15,17.6,0,0,0,1.5,,,,,,,,,,,,,,,,,,,,,,,,,,,,,,,,,,,,
19304,2019,7,21,1,30,17.400000000000002,0,0,0,1.5,,,,,,,,,,,,,,,,,,,,,,,,,,,,,,,,,,,,
19305,2019,7,21,1,45,17.2,0,0,0,1.6,,,,,,,,,,,,,,,,,,,,,,,,,,,,,,,,,,,,
19306,2019,7,21,2,0,17.0,0,0,0,1.6,,,,,,,,,,,,,,,,,,,,,,,,,,,,,,,,,,,,
19307,2019,7,21,2,15,16.8,0,0,0,1.6,,,,,,,,,,,,,,,,,,,,,,,,,,,,,,,,,,,,
19308,2019,7,21,2,30,16.7,0,0,0,1.7000000000000002,,,,,,,,,,,,,,,,,,,,,,,,,,,,,,,,,,,,
19309,2019,7,21,2,45,16.6,0,0,0,1.7000000000000002,,,,,,,,,,,,,,,,,,,,,,,,,,,,,,,,,,,,
19310,2019,7,21,3,0,16.400000000000002,0,0,0,1.7000000000000002,,,,,,,,,,,,,,,,,,,,,,,,,,,,,,,,,,,,
19311,2019,7,21,3,15,16.3,0,0,0,1.7000000000000002,,,,,,,,,,,,,,,,,,,,,,,,,,,,,,,,,,,,
19312,2019,7,21,3,30,16.2,0,0,0,1.7000000000000002,,,,,,,,,,,,,,,,,,,,,,,,,,,,,,,,,,,,
19313,2019,7,21,3,45,16.1,0,0,0,1.7000000000000002,,,,,,,,,,,,,,,,,,,,,,,,,,,,,,,,,,,,
19314,2019,7,21,4,0,16.0,0,0,0,1.7000000000000002,,,,,,,,,,,,,,,,,,,,,,,,,,,,,,,,,,,,
19315,2019,7,21,4,15,16.3,0,0,0,2.0,,,,,,,,,,,,,,,,,,,,,,,,,,,,,,,,,,,,
19316,2019,7,21,4,30,16.6,0,0,0,2.2,,,,,,,,,,,,,,,,,,,,,,,,,,,,,,,,,,,,
19317,2019,7,21,4,45,16.900000000000002,16,25,17,2.4000000000000004,,,,,,,,,,,,,,,,,,,,,,,,,,,,,,,,,,,,
19318,2019,7,21,5,0,17.1,26,85,33,2.6,,,,,,,,,,,,,,,,,,,,,,,,,,,,,,,,,,,,
19319,2019,7,21,5,15,17.5,5,0,5,2.6,,,,,,,,,,,,,,,,,,,,,,,,,,,,,,,,,,,,
19320,2019,7,21,5,30,17.8,7,0,7,2.7,,,,,,,,,,,,,,,,,,,,,,,,,,,,,,,,,,,,
19321,2019,7,21,5,45,18.1,64,176,97,2.8000000000000003,,,,,,,,,,,,,,,,,,,,,,,,,,,,,,,,,,,,
19322,2019,7,21,6,0,18.4,78,205,124,2.8000000000000003,,,,,,,,,,,,,,,,,,,,,,,,,,,,,,,,,,,,
19323,2019,7,21,6,15,18.8,14,0,14,3.0,,,,,,,,,,,,,,,,,,,,,,,,,,,,,,,,,,,,
19324,2019,7,21,6,30,19.1,42,0,42,3.1,,,,,,,,,,,,,,,,,,,,,,,,,,,,,,,,,,,,
19325,2019,7,21,6,45,19.5,103,0,103,3.3000000000000003,,,,,,,,,,,,,,,,,,,,,,,,,,,,,,,,,,,,
19326,2019,7,21,7,0,19.9,135,292,245,3.4000000000000004,,,,,,,,,,,,,,,,,,,,,,,,,,,,,,,,,,,,
19327,2019,7,21,7,15,20.200000000000003,142,360,290,3.5,,,,,,,,,,,,,,,,,,,,,,,,,,,,,,,,,,,,
19328,2019,7,21,7,30,20.5,152,394,329,3.6,,,,,,,,,,,,,,,,,,,,,,,,,,,,,,,,,,,,
19329,2019,7,21,7,45,20.700000000000003,187,300,332,3.7,,,,,,,,,,,,,,,,,,,,,,,,,,,,,,,,,,,,
19330,2019,7,21,8,0,21.0,111,688,468,3.8,,,,,,,,,,,,,,,,,,,,,,,,,,,,,,,,,,,,
19331,2019,7,21,8,15,21.4,115,707,506,3.9,,,,,,,,,,,,,,,,,,,,,,,,,,,,,,,,,,,,
19332,2019,7,21,8,30,21.8,119,724,543,3.9,,,,,,,,,,,,,,,,,,,,,,,,,,,,,,,,,,,,
19333,2019,7,21,8,45,22.200000000000003,275,131,355,4.0,,,,,,,,,,,,,,,,,,,,,,,,,,,,,,,,,,,,
19334,2019,7,21,9,0,22.6,292,138,381,4.1000000000000005,,,,,,,,,,,,,,,,,,,,,,,,,,,,,,,,,,,,
19335,2019,7,21,9,15,23.0,306,117,385,4.1000000000000005,,,,,,,,,,,,,,,,,,,,,,,,,,,,,,,,,,,,
19336,2019,7,21,9,30,23.5,271,31,293,4.2,,,,,,,,,,,,,,,,,,,,,,,,,,,,,,,,,,,,
19337,2019,7,21,9,45,23.9,337,136,436,4.2,,,,,,,,,,,,,,,,,,,,,,,,,,,,,,,,,,,,
19338,2019,7,21,10,0,24.3,315,49,352,4.3,,,,,,,,,,,,,,,,,,,,,,,,,,,,,,,,,,,,
19339,2019,7,21,10,15,24.6,364,157,485,4.3,,,,,,,,,,,,,,,,,,,,,,,,,,,,,,,,,,,,
19340,2019,7,21,10,30,24.9,376,164,505,4.3,,,,,,,,,,,,,,,,,,,,,,,,,,,,,,,,,,,,
19341,2019,7,21,10,45,25.200000000000003,379,234,567,4.3,,,,,,,,,,,,,,,,,,,,,,,,,,,,,,,,,,,,
19342,2019,7,21,11,0,25.5,385,244,585,4.3,,,,,,,,,,,,,,,,,,,,,,,,,,,,,,,,,,,,
19343,2019,7,21,11,15,25.6,392,245,596,4.4,,,,,,,,,,,,,,,,,,,,,,,,,,,,,,,,,,,,
19344,2019,7,21,11,30,25.700000000000003,404,212,582,4.4,,,,,,,,,,,,,,,,,,,,,,,,,,,,,,,,,,,,
19345,2019,7,21,11,45,25.9,395,84,466,4.4,,,,,,,,,,,,,,,,,,,,,,,,,,,,,,,,,,,,
19346,2019,7,21,12,0,26.0,400,272,631,4.4,,,,,,,,,,,,,,,,,,,,,,,,,,,,,,,,,,,,
19347,2019,7,21,12,15,26.1,127,855,858,4.4,,,,,,,,,,,,,,,,,,,,,,,,,,,,,,,,,,,,
19348,2019,7,21,12,30,26.1,410,227,604,4.4,,,,,,,,,,,,,,,,,,,,,,,,,,,,,,,,,,,,
19349,2019,7,21,12,45,26.1,412,132,524,4.4,,,,,,,,,,,,,,,,,,,,,,,,,,,,,,,,,,,,
19350,2019,7,21,13,0,26.1,147,822,842,4.4,,,,,,,,,,,,,,,,,,,,,,,,,,,,,,,,,,,,
19351,2019,7,21,13,15,26.1,146,818,831,4.4,,,,,,,,,,,,,,,,,,,,,,,,,,,,,,,,,,,,
19352,2019,7,21,13,30,26.0,349,44,386,4.4,,,,,,,,,,,,,,,,,,,,,,,,,,,,,,,,,,,,
19353,2019,7,21,13,45,26.0,392,171,531,4.3,,,,,,,,,,,,,,,,,,,,,,,,,,,,,,,,,,,,
19354,2019,7,21,14,0,25.9,383,152,504,4.3,,,,,,,,,,,,,,,,,,,,,,,,,,,,,,,,,,,,
19355,2019,7,21,14,15,25.8,372,163,500,4.3,,,,,,,,,,,,,,,,,,,,,,,,,,,,,,,,,,,,
19356,2019,7,21,14,30,25.700000000000003,358,202,513,4.3,,,,,,,,,,,,,,,,,,,,,,,,,,,,,,,,,,,,
19357,2019,7,21,14,45,25.6,338,251,524,4.2,,,,,,,,,,,,,,,,,,,,,,,,,,,,,,,,,,,,
19358,2019,7,21,15,0,25.5,332,192,470,4.2,,,,,,,,,,,,,,,,,,,,,,,,,,,,,,,,,,,,
19359,2019,7,21,15,15,25.3,134,761,662,4.1000000000000005,,,,,,,,,,,,,,,,,,,,,,,,,,,,,,,,,,,,
19360,2019,7,21,15,30,25.200000000000003,131,750,631,4.0,,,,,,,,,,,,,,,,,,,,,,,,,,,,,,,,,,,,
19361,2019,7,21,15,45,25.1,130,733,598,4.0,,,,,,,,,,,,,,,,,,,,,,,,,,,,,,,,,,,,
19362,2019,7,21,16,0,24.9,127,719,564,3.9,,,,,,,,,,,,,,,,,,,,,,,,,,,,,,,,,,,,
19363,2019,7,21,16,15,24.700000000000003,123,703,528,3.8,,,,,,,,,,,,,,,,,,,,,,,,,,,,,,,,,,,,
19364,2019,7,21,16,30,24.6,119,685,491,3.7,,,,,,,,,,,,,,,,,,,,,,,,,,,,,,,,,,,,
19365,2019,7,21,16,45,24.4,116,661,453,3.5,,,,,,,,,,,,,,,,,,,,,,,,,,,,,,,,,,,,
19366,2019,7,21,17,0,24.200000000000003,112,640,416,3.4000000000000004,,,,,,,,,,,,,,,,,,,,,,,,,,,,,,,,,,,,
19367,2019,7,21,17,15,23.9,107,615,377,3.2,,,,,,,,,,,,,,,,,,,,,,,,,,,,,,,,,,,,
19368,2019,7,21,17,30,23.700000000000003,139,345,277,3.0,,,,,,,,,,,,,,,,,,,,,,,,,,,,,,,,,,,,
19369,2019,7,21,17,45,23.4,119,368,253,2.7,,,,,,,,,,,,,,,,,,,,,,,,,,,,,,,,,,,,
19370,2019,7,21,18,0,23.1,89,524,260,2.5,,,,,,,,,,,,,,,,,,,,,,,,,,,,,,,,,,,,
19371,2019,7,21,18,15,22.6,87,377,196,2.2,,,,,,,,,,,,,,,,,,,,,,,,,,,,,,,,,,,,
19372,2019,7,21,18,30,22.0,74,440,185,1.9,,,,,,,,,,,,,,,,,,,,,,,,,,,,,,,,,,,,
19373,2019,7,21,18,45,21.4,69,261,125,1.6,,,,,,,,,,,,,,,,,,,,,,,,,,,,,,,,,,,,
19374,2019,7,21,19,0,20.8,55,264,102,1.3,,,,,,,,,,,,,,,,,,,,,,,,,,,,,,,,,,,,
19375,2019,7,21,19,15,20.4,44,220,75,1.3,,,,,,,,,,,,,,,,,,,,,,,,,,,,,,,,,,,,
19376,2019,7,21,19,30,19.9,36,199,56,1.2000000000000002,,,,,,,,,,,,,,,,,,,,,,,,,,,,,,,,,,,,
19377,2019,7,21,19,45,19.4,23,93,29,1.2000000000000002,,,,,,,,,,,,,,,,,,,,,,,,,,,,,,,,,,,,
19378,2019,7,21,20,0,18.9,13,55,15,1.1,,,,,,,,,,,,,,,,,,,,,,,,,,,,,,,,,,,,
19379,2019,7,21,20,15,18.8,0,0,0,1.1,,,,,,,,,,,,,,,,,,,,,,,,,,,,,,,,,,,,
19380,2019,7,21,20,30,18.6,0,0,0,1.1,,,,,,,,,,,,,,,,,,,,,,,,,,,,,,,,,,,,
19381,2019,7,21,20,45,18.4,0,0,0,1.1,,,,,,,,,,,,,,,,,,,,,,,,,,,,,,,,,,,,
19382,2019,7,21,21,0,18.3,0,0,0,1.1,,,,,,,,,,,,,,,,,,,,,,,,,,,,,,,,,,,,
19383,2019,7,21,21,15,18.0,0,0,0,1.1,,,,,,,,,,,,,,,,,,,,,,,,,,,,,,,,,,,,
19384,2019,7,21,21,30,17.8,0,0,0,1.1,,,,,,,,,,,,,,,,,,,,,,,,,,,,,,,,,,,,
19385,2019,7,21,21,45,17.6,0,0,0,1.1,,,,,,,,,,,,,,,,,,,,,,,,,,,,,,,,,,,,
19386,2019,7,21,22,0,17.3,0,0,0,1.0,,,,,,,,,,,,,,,,,,,,,,,,,,,,,,,,,,,,
19387,2019,7,21,22,15,17.1,0,0,0,1.0,,,,,,,,,,,,,,,,,,,,,,,,,,,,,,,,,,,,
19388,2019,7,21,22,30,16.900000000000002,0,0,0,1.0,,,,,,,,,,,,,,,,,,,,,,,,,,,,,,,,,,,,
19389,2019,7,21,22,45,16.7,0,0,0,1.0,,,,,,,,,,,,,,,,,,,,,,,,,,,,,,,,,,,,
19390,2019,7,21,23,0,16.400000000000002,0,0,0,1.0,,,,,,,,,,,,,,,,,,,,,,,,,,,,,,,,,,,,
19391,2019,7,21,23,15,16.3,0,0,0,1.0,,,,,,,,,,,,,,,,,,,,,,,,,,,,,,,,,,,,
19392,2019,7,21,23,30,16.2,0,0,0,0.9,,,,,,,,,,,,,,,,,,,,,,,,,,,,,,,,,,,,
19393,2019,7,21,23,45,16.1,0,0,0,0.9,,,,,,,,,,,,,,,,,,,,,,,,,,,,,,,,,,,,
19394,2019,7,22,0,0,15.9,0,0,0,0.9,,,,,,,,,,,,,,,,,,,,,,,,,,,,,,,,,,,,
19395,2019,7,22,0,15,15.9,0,0,0,0.9,,,,,,,,,,,,,,,,,,,,,,,,,,,,,,,,,,,,
19396,2019,7,22,0,30,15.9,0,0,0,0.9,,,,,,,,,,,,,,,,,,,,,,,,,,,,,,,,,,,,
19397,2019,7,22,0,45,15.9,0,0,0,0.9,,,,,,,,,,,,,,,,,,,,,,,,,,,,,,,,,,,,
19398,2019,7,22,1,0,15.6,0,0,0,0.8,,,,,,,,,,,,,,,,,,,,,,,,,,,,,,,,,,,,
19399,2019,7,22,1,15,15.5,0,0,0,0.8,,,,,,,,,,,,,,,,,,,,,,,,,,,,,,,,,,,,
19400,2019,7,22,1,30,15.3,0,0,0,0.8,,,,,,,,,,,,,,,,,,,,,,,,,,,,,,,,,,,,
19401,2019,7,22,1,45,15.2,0,0,0,0.7000000000000001,,,,,,,,,,,,,,,,,,,,,,,,,,,,,,,,,,,,
19402,2019,7,22,2,0,15.0,0,0,0,0.7000000000000001,,,,,,,,,,,,,,,,,,,,,,,,,,,,,,,,,,,,
19403,2019,7,22,2,15,15.0,0,0,0,0.7000000000000001,,,,,,,,,,,,,,,,,,,,,,,,,,,,,,,,,,,,
19404,2019,7,22,2,30,15.0,0,0,0,0.6000000000000001,,,,,,,,,,,,,,,,,,,,,,,,,,,,,,,,,,,,
19405,2019,7,22,2,45,15.1,0,0,0,0.6000000000000001,,,,,,,,,,,,,,,,,,,,,,,,,,,,,,,,,,,,
19406,2019,7,22,3,0,15.1,0,0,0,0.5,,,,,,,,,,,,,,,,,,,,,,,,,,,,,,,,,,,,
19407,2019,7,22,3,15,15.1,0,0,0,0.5,,,,,,,,,,,,,,,,,,,,,,,,,,,,,,,,,,,,
19408,2019,7,22,3,30,15.1,0,0,0,0.4,,,,,,,,,,,,,,,,,,,,,,,,,,,,,,,,,,,,
19409,2019,7,22,3,45,15.1,0,0,0,0.4,,,,,,,,,,,,,,,,,,,,,,,,,,,,,,,,,,,,
19410,2019,7,22,4,0,15.2,0,0,0,0.4,,,,,,,,,,,,,,,,,,,,,,,,,,,,,,,,,,,,
19411,2019,7,22,4,15,15.3,0,0,0,0.4,,,,,,,,,,,,,,,,,,,,,,,,,,,,,,,,,,,,
19412,2019,7,22,4,30,15.5,0,0,0,0.5,,,,,,,,,,,,,,,,,,,,,,,,,,,,,,,,,,,,
19413,2019,7,22,4,45,15.6,4,0,4,0.6000000000000001,,,,,,,,,,,,,,,,,,,,,,,,,,,,,,,,,,,,
19414,2019,7,22,5,0,15.8,5,0,5,0.7000000000000001,,,,,,,,,,,,,,,,,,,,,,,,,,,,,,,,,,,,
19415,2019,7,22,5,15,16.3,6,0,6,0.8,,,,,,,,,,,,,,,,,,,,,,,,,,,,,,,,,,,,
19416,2019,7,22,5,30,16.7,7,0,7,1.0,,,,,,,,,,,,,,,,,,,,,,,,,,,,,,,,,,,,
19417,2019,7,22,5,45,17.2,9,0,9,1.2000000000000002,,,,,,,,,,,,,,,,,,,,,,,,,,,,,,,,,,,,
19418,2019,7,22,6,0,17.7,10,0,10,1.4,,,,,,,,,,,,,,,,,,,,,,,,,,,,,,,,,,,,
19419,2019,7,22,6,15,18.4,12,0,12,1.5,,,,,,,,,,,,,,,,,,,,,,,,,,,,,,,,,,,,
19420,2019,7,22,6,30,19.200000000000003,113,91,140,1.7000000000000002,,,,,,,,,,,,,,,,,,,,,,,,,,,,,,,,,,,,
19421,2019,7,22,6,45,20.0,129,74,154,1.8,,,,,,,,,,,,,,,,,,,,,,,,,,,,,,,,,,,,
19422,2019,7,22,7,0,20.700000000000003,43,0,43,1.9,,,,,,,,,,,,,,,,,,,,,,,,,,,,,,,,,,,,
19423,2019,7,22,7,15,21.3,163,79,196,2.1,,,,,,,,,,,,,,,,,,,,,,,,,,,,,,,,,,,,
19424,2019,7,22,7,30,21.9,178,227,279,2.2,,,,,,,,,,,,,,,,,,,,,,,,,,,,,,,,,,,,
19425,2019,7,22,7,45,22.5,199,197,294,2.3000000000000003,,,,,,,,,,,,,,,,,,,,,,,,,,,,,,,,,,,,
19426,2019,7,22,8,0,23.1,220,145,295,2.5,,,,,,,,,,,,,,,,,,,,,,,,,,,,,,,,,,,,
19427,2019,7,22,8,15,23.200000000000003,238,130,310,2.5,,,,,,,,,,,,,,,,,,,,,,,,,,,,,,,,,,,,
19428,2019,7,22,8,30,23.3,252,217,378,2.5,,,,,,,,,,,,,,,,,,,,,,,,,,,,,,,,,,,,
19429,2019,7,22,8,45,23.4,270,207,398,2.6,,,,,,,,,,,,,,,,,,,,,,,,,,,,,,,,,,,,
19430,2019,7,22,9,0,23.5,259,350,485,2.6,,,,,,,,,,,,,,,,,,,,,,,,,,,,,,,,,,,,
19431,2019,7,22,9,15,23.6,281,325,500,2.6,,,,,,,,,,,,,,,,,,,,,,,,,,,,,,,,,,,,
19432,2019,7,22,9,30,23.6,322,162,435,2.6,,,,,,,,,,,,,,,,,,,,,,,,,,,,,,,,,,,,
19433,2019,7,22,9,45,23.6,281,31,303,2.6,,,,,,,,,,,,,,,,,,,,,,,,,,,,,,,,,,,,
19434,2019,7,22,10,0,23.700000000000003,350,157,468,2.6,,,,,,,,,,,,,,,,,,,,,,,,,,,,,,,,,,,,
19435,2019,7,22,10,15,23.700000000000003,357,227,531,2.6,,,,,,,,,,,,,,,,,,,,,,,,,,,,,,,,,,,,
19436,2019,7,22,10,30,23.8,372,127,471,2.6,,,,,,,,,,,,,,,,,,,,,,,,,,,,,,,,,,,,
19437,2019,7,22,10,45,23.9,353,59,400,2.6,,,,,,,,,,,,,,,,,,,,,,,,,,,,,,,,,,,,
19438,2019,7,22,11,0,24.0,363,62,414,2.6,,,,,,,,,,,,,,,,,,,,,,,,,,,,,,,,,,,,
19439,2019,7,22,11,15,24.1,339,38,370,2.6,,,,,,,,,,,,,,,,,,,,,,,,,,,,,,,,,,,,
19440,2019,7,22,11,30,24.200000000000003,385,76,449,2.6,,,,,,,,,,,,,,,,,,,,,,,,,,,,,,,,,,,,
19441,2019,7,22,11,45,24.4,408,206,582,2.6,,,,,,,,,,,,,,,,,,,,,,,,,,,,,,,,,,,,
19442,2019,7,22,12,0,24.5,401,93,479,2.6,,,,,,,,,,,,,,,,,,,,,,,,,,,,,,,,,,,,
19443,2019,7,22,12,15,24.5,372,52,416,2.6,,,,,,,,,,,,,,,,,,,,,,,,,,,,,,,,,,,,
19444,2019,7,22,12,30,24.6,408,112,503,2.5,,,,,,,,,,,,,,,,,,,,,,,,,,,,,,,,,,,,
19445,2019,7,22,12,45,24.700000000000003,411,189,572,2.5,,,,,,,,,,,,,,,,,,,,,,,,,,,,,,,,,,,,
19446,2019,7,22,13,0,24.700000000000003,384,309,645,2.5,,,,,,,,,,,,,,,,,,,,,,,,,,,,,,,,,,,,
19447,2019,7,22,13,15,24.700000000000003,379,310,639,2.4000000000000004,,,,,,,,,,,,,,,,,,,,,,,,,,,,,,,,,,,,
19448,2019,7,22,13,30,24.700000000000003,386,260,601,2.4000000000000004,,,,,,,,,,,,,,,,,,,,,,,,,,,,,,,,,,,,
19449,2019,7,22,13,45,24.700000000000003,388,202,553,2.3000000000000003,,,,,,,,,,,,,,,,,,,,,,,,,,,,,,,,,,,,
19450,2019,7,22,14,0,24.700000000000003,369,90,441,2.3000000000000003,,,,,,,,,,,,,,,,,,,,,,,,,,,,,,,,,,,,
19451,2019,7,22,14,15,24.6,361,95,435,2.2,,,,,,,,,,,,,,,,,,,,,,,,,,,,,,,,,,,,
19452,2019,7,22,14,30,24.5,329,56,372,2.2,,,,,,,,,,,,,,,,,,,,,,,,,,,,,,,,,,,,
19453,2019,7,22,14,45,24.4,192,6,197,2.1,,,,,,,,,,,,,,,,,,,,,,,,,,,,,,,,,,,,
19454,2019,7,22,15,0,24.3,176,4,179,2.1,,,,,,,,,,,,,,,,,,,,,,,,,,,,,,,,,,,,
19455,2019,7,22,15,15,24.1,232,15,242,2.0,,,,,,,,,,,,,,,,,,,,,,,,,,,,,,,,,,,,
19456,2019,7,22,15,30,24.0,282,302,483,1.9,,,,,,,,,,,,,,,,,,,,,,,,,,,,,,,,,,,,
19457,2019,7,22,15,45,23.9,256,343,475,1.9,,,,,,,,,,,,,,,,,,,,,,,,,,,,,,,,,,,,
19458,2019,7,22,16,0,23.700000000000003,268,178,376,1.8,,,,,,,,,,,,,,,,,,,,,,,,,,,,,,,,,,,,
19459,2019,7,22,16,15,23.6,243,241,381,1.7000000000000002,,,,,,,,,,,,,,,,,,,,,,,,,,,,,,,,,,,,
19460,2019,7,22,16,30,23.5,229,213,344,1.7000000000000002,,,,,,,,,,,,,,,,,,,,,,,,,,,,,,,,,,,,
19461,2019,7,22,16,45,23.4,186,26,199,1.6,,,,,,,,,,,,,,,,,,,,,,,,,,,,,,,,,,,,
19462,2019,7,22,17,0,23.3,190,69,223,1.5,,,,,,,,,,,,,,,,,,,,,,,,,,,,,,,,,,,,
19463,2019,7,22,17,15,23.200000000000003,174,211,266,1.4,,,,,,,,,,,,,,,,,,,,,,,,,,,,,,,,,,,,
19464,2019,7,22,17,30,23.1,133,375,282,1.3,,,,,,,,,,,,,,,,,,,,,,,,,,,,,,,,,,,,
19465,2019,7,22,17,45,23.0,125,316,240,1.2000000000000002,,,,,,,,,,,,,,,,,,,,,,,,,,,,,,,,,,,,
19466,2019,7,22,18,0,22.8,113,15,117,1.1,,,,,,,,,,,,,,,,,,,,,,,,,,,,,,,,,,,,
19467,2019,7,22,18,15,22.4,86,0,86,1.0,,,,,,,,,,,,,,,,,,,,,,,,,,,,,,,,,,,,
19468,2019,7,22,18,30,22.0,70,0,70,0.9,,,,,,,,,,,,,,,,,,,,,,,,,,,,,,,,,,,,
19469,2019,7,22,18,45,21.700000000000003,55,0,55,0.8,,,,,,,,,,,,,,,,,,,,,,,,,,,,,,,,,,,,
19470,2019,7,22,19,0,21.3,41,0,41,0.7000000000000001,,,,,,,,,,,,,,,,,,,,,,,,,,,,,,,,,,,,
19471,2019,7,22,19,15,21.1,30,0,30,0.7000000000000001,,,,,,,,,,,,,,,,,,,,,,,,,,,,,,,,,,,,
19472,2019,7,22,19,30,20.9,20,0,20,0.7000000000000001,,,,,,,,,,,,,,,,,,,,,,,,,,,,,,,,,,,,
19473,2019,7,22,19,45,20.700000000000003,22,172,33,0.7000000000000001,,,,,,,,,,,,,,,,,,,,,,,,,,,,,,,,,,,,
19474,2019,7,22,20,0,20.5,12,89,15,0.7000000000000001,,,,,,,,,,,,,,,,,,,,,,,,,,,,,,,,,,,,
19475,2019,7,22,20,15,20.4,0,0,0,0.7000000000000001,,,,,,,,,,,,,,,,,,,,,,,,,,,,,,,,,,,,
19476,2019,7,22,20,30,20.4,0,0,0,0.7000000000000001,,,,,,,,,,,,,,,,,,,,,,,,,,,,,,,,,,,,
19477,2019,7,22,20,45,20.3,0,0,0,0.7000000000000001,,,,,,,,,,,,,,,,,,,,,,,,,,,,,,,,,,,,
19478,2019,7,22,21,0,20.3,0,0,0,0.7000000000000001,,,,,,,,,,,,,,,,,,,,,,,,,,,,,,,,,,,,
19479,2019,7,22,21,15,20.200000000000003,0,0,0,0.7000000000000001,,,,,,,,,,,,,,,,,,,,,,,,,,,,,,,,,,,,
19480,2019,7,22,21,30,20.0,0,0,0,0.7000000000000001,,,,,,,,,,,,,,,,,,,,,,,,,,,,,,,,,,,,
19481,2019,7,22,21,45,19.9,0,0,0,0.7000000000000001,,,,,,,,,,,,,,,,,,,,,,,,,,,,,,,,,,,,
19482,2019,7,22,22,0,19.700000000000003,0,0,0,0.7000000000000001,,,,,,,,,,,,,,,,,,,,,,,,,,,,,,,,,,,,
19483,2019,7,22,22,15,19.5,0,0,0,0.8,,,,,,,,,,,,,,,,,,,,,,,,,,,,,,,,,,,,
19484,2019,7,22,22,30,19.3,0,0,0,0.8,,,,,,,,,,,,,,,,,,,,,,,,,,,,,,,,,,,,
19485,2019,7,22,22,45,19.1,0,0,0,0.8,,,,,,,,,,,,,,,,,,,,,,,,,,,,,,,,,,,,
19486,2019,7,22,23,0,18.9,0,0,0,0.9,,,,,,,,,,,,,,,,,,,,,,,,,,,,,,,,,,,,
19487,2019,7,22,23,15,18.7,0,0,0,0.9,,,,,,,,,,,,,,,,,,,,,,,,,,,,,,,,,,,,
19488,2019,7,22,23,30,18.5,0,0,0,0.9,,,,,,,,,,,,,,,,,,,,,,,,,,,,,,,,,,,,
19489,2019,7,22,23,45,18.3,0,0,0,1.0,,,,,,,,,,,,,,,,,,,,,,,,,,,,,,,,,,,,
19490,2019,7,23,0,0,18.1,0,0,0,1.0,,,,,,,,,,,,,,,,,,,,,,,,,,,,,,,,,,,,
19491,2019,7,23,0,15,18.1,0,0,0,1.0,,,,,,,,,,,,,,,,,,,,,,,,,,,,,,,,,,,,
19492,2019,7,23,0,30,18.1,0,0,0,1.0,,,,,,,,,,,,,,,,,,,,,,,,,,,,,,,,,,,,
19493,2019,7,23,0,45,18.1,0,0,0,1.0,,,,,,,,,,,,,,,,,,,,,,,,,,,,,,,,,,,,
19494,2019,7,23,1,0,17.400000000000002,0,0,0,1.1,,,,,,,,,,,,,,,,,,,,,,,,,,,,,,,,,,,,
19495,2019,7,23,1,15,17.2,0,0,0,1.1,,,,,,,,,,,,,,,,,,,,,,,,,,,,,,,,,,,,
19496,2019,7,23,1,30,17.0,0,0,0,1.1,,,,,,,,,,,,,,,,,,,,,,,,,,,,,,,,,,,,
19497,2019,7,23,1,45,16.900000000000002,0,0,0,1.1,,,,,,,,,,,,,,,,,,,,,,,,,,,,,,,,,,,,
19498,2019,7,23,2,0,16.7,0,0,0,1.1,,,,,,,,,,,,,,,,,,,,,,,,,,,,,,,,,,,,
19499,2019,7,23,2,15,16.6,0,0,0,1.1,,,,,,,,,,,,,,,,,,,,,,,,,,,,,,,,,,,,
19500,2019,7,23,2,30,16.400000000000002,0,0,0,1.1,,,,,,,,,,,,,,,,,,,,,,,,,,,,,,,,,,,,
19501,2019,7,23,2,45,16.3,0,0,0,1.0,,,,,,,,,,,,,,,,,,,,,,,,,,,,,,,,,,,,
19502,2019,7,23,3,0,16.2,0,0,0,1.0,,,,,,,,,,,,,,,,,,,,,,,,,,,,,,,,,,,,
19503,2019,7,23,3,15,16.1,0,0,0,1.0,,,,,,,,,,,,,,,,,,,,,,,,,,,,,,,,,,,,
19504,2019,7,23,3,30,16.0,0,0,0,1.0,,,,,,,,,,,,,,,,,,,,,,,,,,,,,,,,,,,,
19505,2019,7,23,3,45,16.0,0,0,0,1.0,,,,,,,,,,,,,,,,,,,,,,,,,,,,,,,,,,,,
19506,2019,7,23,4,0,15.9,0,0,0,1.0,,,,,,,,,,,,,,,,,,,,,,,,,,,,,,,,,,,,
19507,2019,7,23,4,15,16.400000000000002,0,0,0,1.0,,,,,,,,,,,,,,,,,,,,,,,,,,,,,,,,,,,,
19508,2019,7,23,4,30,16.8,0,0,0,1.1,,,,,,,,,,,,,,,,,,,,,,,,,,,,,,,,,,,,
19509,2019,7,23,4,45,17.3,15,130,20,1.1,,,,,,,,,,,,,,,,,,,,,,,,,,,,,,,,,,,,
19510,2019,7,23,5,0,17.8,24,221,40,1.2000000000000002,,,,,,,,,,,,,,,,,,,,,,,,,,,,,,,,,,,,
19511,2019,7,23,5,15,18.3,33,305,66,1.2000000000000002,,,,,,,,,,,,,,,,,,,,,,,,,,,,,,,,,,,,
19512,2019,7,23,5,30,18.8,40,378,95,1.2000000000000002,,,,,,,,,,,,,,,,,,,,,,,,,,,,,,,,,,,,
19513,2019,7,23,5,45,19.200000000000003,47,447,129,1.2000000000000002,,,,,,,,,,,,,,,,,,,,,,,,,,,,,,,,,,,,
19514,2019,7,23,6,0,19.700000000000003,54,502,164,1.2000000000000002,,,,,,,,,,,,,,,,,,,,,,,,,,,,,,,,,,,,
19515,2019,7,23,6,15,20.5,59,549,200,1.2000000000000002,,,,,,,,,,,,,,,,,,,,,,,,,,,,,,,,,,,,
19516,2019,7,23,6,30,21.200000000000003,64,590,238,1.2000000000000002,,,,,,,,,,,,,,,,,,,,,,,,,,,,,,,,,,,,
19517,2019,7,23,6,45,22.0,68,630,277,1.2000000000000002,,,,,,,,,,,,,,,,,,,,,,,,,,,,,,,,,,,,
19518,2019,7,23,7,0,22.700000000000003,72,661,317,1.2000000000000002,,,,,,,,,,,,,,,,,,,,,,,,,,,,,,,,,,,,
19519,2019,7,23,7,15,23.200000000000003,76,690,357,1.2000000000000002,,,,,,,,,,,,,,,,,,,,,,,,,,,,,,,,,,,,
19520,2019,7,23,7,30,23.700000000000003,79,715,397,1.3,,,,,,,,,,,,,,,,,,,,,,,,,,,,,,,,,,,,
19521,2019,7,23,7,45,24.3,82,738,436,1.3,,,,,,,,,,,,,,,,,,,,,,,,,,,,,,,,,,,,
19522,2019,7,23,8,0,24.8,85,757,475,1.4,,,,,,,,,,,,,,,,,,,,,,,,,,,,,,,,,,,,
19523,2019,7,23,8,15,25.200000000000003,88,774,513,1.4,,,,,,,,,,,,,,,,,,,,,,,,,,,,,,,,,,,,
19524,2019,7,23,8,30,25.6,90,790,549,1.4,,,,,,,,,,,,,,,,,,,,,,,,,,,,,,,,,,,,
19525,2019,7,23,8,45,26.1,92,805,585,1.5,,,,,,,,,,,,,,,,,,,,,,,,,,,,,,,,,,,,
19526,2019,7,23,9,0,26.5,94,817,619,1.5,,,,,,,,,,,,,,,,,,,,,,,,,,,,,,,,,,,,
19527,2019,7,23,9,15,26.9,96,828,651,1.6,,,,,,,,,,,,,,,,,,,,,,,,,,,,,,,,,,,,
19528,2019,7,23,9,30,27.3,97,838,682,1.6,,,,,,,,,,,,,,,,,,,,,,,,,,,,,,,,,,,,
19529,2019,7,23,9,45,27.700000000000003,98,848,711,1.7000000000000002,,,,,,,,,,,,,,,,,,,,,,,,,,,,,,,,,,,,
19530,2019,7,23,10,0,28.200000000000003,100,855,737,1.7000000000000002,,,,,,,,,,,,,,,,,,,,,,,,,,,,,,,,,,,,
19531,2019,7,23,10,15,28.5,101,862,761,1.8,,,,,,,,,,,,,,,,,,,,,,,,,,,,,,,,,,,,
19532,2019,7,23,10,30,28.9,102,868,783,1.8,,,,,,,,,,,,,,,,,,,,,,,,,,,,,,,,,,,,
19533,2019,7,23,10,45,29.200000000000003,103,873,802,1.9,,,,,,,,,,,,,,,,,,,,,,,,,,,,,,,,,,,,
19534,2019,7,23,11,0,29.6,103,877,819,1.9,,,,,,,,,,,,,,,,,,,,,,,,,,,,,,,,,,,,
19535,2019,7,23,11,15,29.9,104,881,833,1.9,,,,,,,,,,,,,,,,,,,,,,,,,,,,,,,,,,,,
19536,2019,7,23,11,30,30.1,105,883,844,2.0,,,,,,,,,,,,,,,,,,,,,,,,,,,,,,,,,,,,
19537,2019,7,23,11,45,30.4,105,886,852,2.0,,,,,,,,,,,,,,,,,,,,,,,,,,,,,,,,,,,,
19538,2019,7,23,12,0,30.700000000000003,105,887,858,2.1,,,,,,,,,,,,,,,,,,,,,,,,,,,,,,,,,,,,
19539,2019,7,23,12,15,30.8,105,887,860,2.1,,,,,,,,,,,,,,,,,,,,,,,,,,,,,,,,,,,,
19540,2019,7,23,12,30,31.0,105,887,860,2.2,,,,,,,,,,,,,,,,,,,,,,,,,,,,,,,,,,,,
19541,2019,7,23,12,45,31.200000000000003,105,887,856,2.2,,,,,,,,,,,,,,,,,,,,,,,,,,,,,,,,,,,,
19542,2019,7,23,13,0,31.4,104,886,850,2.2,,,,,,,,,,,,,,,,,,,,,,,,,,,,,,,,,,,,
19543,2019,7,23,13,15,31.4,104,883,841,2.3000000000000003,,,,,,,,,,,,,,,,,,,,,,,,,,,,,,,,,,,,
19544,2019,7,23,13,30,31.5,103,881,829,2.3000000000000003,,,,,,,,,,,,,,,,,,,,,,,,,,,,,,,,,,,,
19545,2019,7,23,13,45,31.6,102,877,814,2.3000000000000003,,,,,,,,,,,,,,,,,,,,,,,,,,,,,,,,,,,,
19546,2019,7,23,14,0,31.700000000000003,101,873,797,2.3000000000000003,,,,,,,,,,,,,,,,,,,,,,,,,,,,,,,,,,,,
19547,2019,7,23,14,15,31.700000000000003,100,868,777,2.3000000000000003,,,,,,,,,,,,,,,,,,,,,,,,,,,,,,,,,,,,
19548,2019,7,23,14,30,31.700000000000003,99,862,755,2.4000000000000004,,,,,,,,,,,,,,,,,,,,,,,,,,,,,,,,,,,,
19549,2019,7,23,14,45,31.700000000000003,98,855,730,2.4000000000000004,,,,,,,,,,,,,,,,,,,,,,,,,,,,,,,,,,,,
19550,2019,7,23,15,0,31.6,96,848,703,2.4000000000000004,,,,,,,,,,,,,,,,,,,,,,,,,,,,,,,,,,,,
19551,2019,7,23,15,15,31.6,95,839,674,2.4000000000000004,,,,,,,,,,,,,,,,,,,,,,,,,,,,,,,,,,,,
19552,2019,7,23,15,30,31.5,93,829,643,2.3000000000000003,,,,,,,,,,,,,,,,,,,,,,,,,,,,,,,,,,,,
19553,2019,7,23,15,45,31.4,91,818,610,2.3000000000000003,,,,,,,,,,,,,,,,,,,,,,,,,,,,,,,,,,,,
19554,2019,7,23,16,0,31.3,89,806,575,2.3000000000000003,,,,,,,,,,,,,,,,,,,,,,,,,,,,,,,,,,,,
19555,2019,7,23,16,15,31.1,86,792,540,2.3000000000000003,,,,,,,,,,,,,,,,,,,,,,,,,,,,,,,,,,,,
19556,2019,7,23,16,30,30.9,84,777,502,2.2,,,,,,,,,,,,,,,,,,,,,,,,,,,,,,,,,,,,
19557,2019,7,23,16,45,30.700000000000003,81,759,464,2.2,,,,,,,,,,,,,,,,,,,,,,,,,,,,,,,,,,,,
19558,2019,7,23,17,0,30.5,78,740,426,2.1,,,,,,,,,,,,,,,,,,,,,,,,,,,,,,,,,,,,
19559,2019,7,23,17,15,30.1,75,718,386,1.9,,,,,,,,,,,,,,,,,,,,,,,,,,,,,,,,,,,,
19560,2019,7,23,17,30,29.700000000000003,72,693,346,1.8,,,,,,,,,,,,,,,,,,,,,,,,,,,,,,,,,,,,
19561,2019,7,23,17,45,29.3,68,665,307,1.6,,,,,,,,,,,,,,,,,,,,,,,,,,,,,,,,,,,,
19562,2019,7,23,18,0,28.9,64,632,267,1.4,,,,,,,,,,,,,,,,,,,,,,,,,,,,,,,,,,,,
19563,2019,7,23,18,15,28.0,59,596,229,1.3,,,,,,,,,,,,,,,,,,,,,,,,,,,,,,,,,,,,
19564,2019,7,23,18,30,27.1,54,554,191,1.2000000000000002,,,,,,,,,,,,,,,,,,,,,,,,,,,,,,,,,,,,
19565,2019,7,23,18,45,26.3,49,504,154,1.1,,,,,,,,,,,,,,,,,,,,,,,,,,,,,,,,,,,,
19566,2019,7,23,19,0,25.4,43,447,119,1.0,,,,,,,,,,,,,,,,,,,,,,,,,,,,,,,,,,,,
19567,2019,7,23,19,15,24.8,36,381,87,1.0,,,,,,,,,,,,,,,,,,,,,,,,,,,,,,,,,,,,
19568,2019,7,23,19,30,24.200000000000003,29,304,58,1.1,,,,,,,,,,,,,,,,,,,,,,,,,,,,,,,,,,,,
19569,2019,7,23,19,45,23.700000000000003,20,217,34,1.1,,,,,,,,,,,,,,,,,,,,,,,,,,,,,,,,,,,,
19570,2019,7,23,20,0,23.1,12,119,15,1.1,,,,,,,,,,,,,,,,,,,,,,,,,,,,,,,,,,,,
19571,2019,7,23,20,15,22.8,0,0,0,1.2000000000000002,,,,,,,,,,,,,,,,,,,,,,,,,,,,,,,,,,,,
19572,2019,7,23,20,30,22.6,0,0,0,1.2000000000000002,,,,,,,,,,,,,,,,,,,,,,,,,,,,,,,,,,,,
19573,2019,7,23,20,45,22.3,0,0,0,1.2000000000000002,,,,,,,,,,,,,,,,,,,,,,,,,,,,,,,,,,,,
19574,2019,7,23,21,0,22.1,0,0,0,1.2000000000000002,,,,,,,,,,,,,,,,,,,,,,,,,,,,,,,,,,,,
19575,2019,7,23,21,15,21.8,0,0,0,1.2000000000000002,,,,,,,,,,,,,,,,,,,,,,,,,,,,,,,,,,,,
19576,2019,7,23,21,30,21.6,0,0,0,1.2000000000000002,,,,,,,,,,,,,,,,,,,,,,,,,,,,,,,,,,,,
19577,2019,7,23,21,45,21.4,0,0,0,1.2000000000000002,,,,,,,,,,,,,,,,,,,,,,,,,,,,,,,,,,,,
19578,2019,7,23,22,0,21.1,0,0,0,1.2000000000000002,,,,,,,,,,,,,,,,,,,,,,,,,,,,,,,,,,,,
19579,2019,7,23,22,15,20.9,0,0,0,1.2000000000000002,,,,,,,,,,,,,,,,,,,,,,,,,,,,,,,,,,,,
19580,2019,7,23,22,30,20.700000000000003,0,0,0,1.2000000000000002,,,,,,,,,,,,,,,,,,,,,,,,,,,,,,,,,,,,
19581,2019,7,23,22,45,20.5,0,0,0,1.2000000000000002,,,,,,,,,,,,,,,,,,,,,,,,,,,,,,,,,,,,
19582,2019,7,23,23,0,20.3,0,0,0,1.2000000000000002,,,,,,,,,,,,,,,,,,,,,,,,,,,,,,,,,,,,
19583,2019,7,23,23,15,20.1,0,0,0,1.2000000000000002,,,,,,,,,,,,,,,,,,,,,,,,,,,,,,,,,,,,
19584,2019,7,23,23,30,19.9,0,0,0,1.2000000000000002,,,,,,,,,,,,,,,,,,,,,,,,,,,,,,,,,,,,
19585,2019,7,23,23,45,19.700000000000003,0,0,0,1.2000000000000002,,,,,,,,,,,,,,,,,,,,,,,,,,,,,,,,,,,,
19586,2019,7,24,0,0,19.6,0,0,0,1.2000000000000002,,,,,,,,,,,,,,,,,,,,,,,,,,,,,,,,,,,,
19587,2019,7,24,0,15,19.6,0,0,0,1.2000000000000002,,,,,,,,,,,,,,,,,,,,,,,,,,,,,,,,,,,,
19588,2019,7,24,0,30,19.6,0,0,0,1.2000000000000002,,,,,,,,,,,,,,,,,,,,,,,,,,,,,,,,,,,,
19589,2019,7,24,0,45,19.6,0,0,0,1.2000000000000002,,,,,,,,,,,,,,,,,,,,,,,,,,,,,,,,,,,,
19590,2019,7,24,1,0,19.1,0,0,0,1.2000000000000002,,,,,,,,,,,,,,,,,,,,,,,,,,,,,,,,,,,,
19591,2019,7,24,1,15,19.0,0,0,0,1.1,,,,,,,,,,,,,,,,,,,,,,,,,,,,,,,,,,,,
19592,2019,7,24,1,30,18.9,0,0,0,1.1,,,,,,,,,,,,,,,,,,,,,,,,,,,,,,,,,,,,
19593,2019,7,24,1,45,18.8,0,0,0,1.1,,,,,,,,,,,,,,,,,,,,,,,,,,,,,,,,,,,,
19594,2019,7,24,2,0,18.8,0,0,0,1.1,,,,,,,,,,,,,,,,,,,,,,,,,,,,,,,,,,,,
19595,2019,7,24,2,15,18.7,0,0,0,1.1,,,,,,,,,,,,,,,,,,,,,,,,,,,,,,,,,,,,
19596,2019,7,24,2,30,18.6,0,0,0,1.0,,,,,,,,,,,,,,,,,,,,,,,,,,,,,,,,,,,,
19597,2019,7,24,2,45,18.5,0,0,0,1.0,,,,,,,,,,,,,,,,,,,,,,,,,,,,,,,,,,,,
19598,2019,7,24,3,0,18.4,0,0,0,1.0,,,,,,,,,,,,,,,,,,,,,,,,,,,,,,,,,,,,
19599,2019,7,24,3,15,18.4,0,0,0,1.0,,,,,,,,,,,,,,,,,,,,,,,,,,,,,,,,,,,,
19600,2019,7,24,3,30,18.4,0,0,0,1.0,,,,,,,,,,,,,,,,,,,,,,,,,,,,,,,,,,,,
19601,2019,7,24,3,45,18.4,0,0,0,0.9,,,,,,,,,,,,,,,,,,,,,,,,,,,,,,,,,,,,
19602,2019,7,24,4,0,18.4,0,0,0,0.9,,,,,,,,,,,,,,,,,,,,,,,,,,,,,,,,,,,,
19603,2019,7,24,4,15,18.8,0,0,0,0.9,,,,,,,,,,,,,,,,,,,,,,,,,,,,,,,,,,,,
19604,2019,7,24,4,30,19.1,0,0,0,0.9,,,,,,,,,,,,,,,,,,,,,,,,,,,,,,,,,,,,
19605,2019,7,24,4,45,19.5,14,129,18,0.8,,,,,,,,,,,,,,,,,,,,,,,,,,,,,,,,,,,,
19606,2019,7,24,5,0,19.9,23,222,38,0.8,,,,,,,,,,,,,,,,,,,,,,,,,,,,,,,,,,,,
19607,2019,7,24,5,15,20.4,31,308,64,0.9,,,,,,,,,,,,,,,,,,,,,,,,,,,,,,,,,,,,
19608,2019,7,24,5,30,20.9,39,382,93,1.1,,,,,,,,,,,,,,,,,,,,,,,,,,,,,,,,,,,,
19609,2019,7,24,5,45,21.4,46,444,126,1.2000000000000002,,,,,,,,,,,,,,,,,,,,,,,,,,,,,,,,,,,,
19610,2019,7,24,6,0,21.9,53,499,161,1.3,,,,,,,,,,,,,,,,,,,,,,,,,,,,,,,,,,,,
19611,2019,7,24,6,15,22.5,58,547,198,1.3,,,,,,,,,,,,,,,,,,,,,,,,,,,,,,,,,,,,
19612,2019,7,24,6,30,23.1,64,589,236,1.3,,,,,,,,,,,,,,,,,,,,,,,,,,,,,,,,,,,,
19613,2019,7,24,6,45,23.700000000000003,69,625,275,1.3,,,,,,,,,,,,,,,,,,,,,,,,,,,,,,,,,,,,
19614,2019,7,24,7,0,24.3,73,656,314,1.4,,,,,,,,,,,,,,,,,,,,,,,,,,,,,,,,,,,,
19615,2019,7,24,7,15,25.200000000000003,77,684,354,1.5,,,,,,,,,,,,,,,,,,,,,,,,,,,,,,,,,,,,
19616,2019,7,24,7,30,26.1,81,709,394,1.6,,,,,,,,,,,,,,,,,,,,,,,,,,,,,,,,,,,,
19617,2019,7,24,7,45,27.0,84,731,433,1.7000000000000002,,,,,,,,,,,,,,,,,,,,,,,,,,,,,,,,,,,,
19618,2019,7,24,8,0,27.9,87,750,472,1.9,,,,,,,,,,,,,,,,,,,,,,,,,,,,,,,,,,,,
19619,2019,7,24,8,15,28.4,90,768,510,1.8,,,,,,,,,,,,,,,,,,,,,,,,,,,,,,,,,,,,
19620,2019,7,24,8,30,28.9,93,783,546,1.8,,,,,,,,,,,,,,,,,,,,,,,,,,,,,,,,,,,,
19621,2019,7,24,8,45,29.4,96,796,582,1.8,,,,,,,,,,,,,,,,,,,,,,,,,,,,,,,,,,,,
19622,2019,7,24,9,0,29.9,98,807,615,1.8,,,,,,,,,,,,,,,,,,,,,,,,,,,,,,,,,,,,
19623,2019,7,24,9,15,30.3,100,818,647,1.8,,,,,,,,,,,,,,,,,,,,,,,,,,,,,,,,,,,,
19624,2019,7,24,9,30,30.6,131,764,662,1.7000000000000002,,,,,,,,,,,,,,,,,,,,,,,,,,,,,,,,,,,,
19625,2019,7,24,9,45,31.0,139,765,690,1.7000000000000002,,,,,,,,,,,,,,,,,,,,,,,,,,,,,,,,,,,,
19626,2019,7,24,10,0,31.4,111,832,730,1.7000000000000002,,,,,,,,,,,,,,,,,,,,,,,,,,,,,,,,,,,,
19627,2019,7,24,10,15,31.6,155,765,739,1.6,,,,,,,,,,,,,,,,,,,,,,,,,,,,,,,,,,,,
19628,2019,7,24,10,30,31.9,114,845,776,1.6,,,,,,,,,,,,,,,,,,,,,,,,,,,,,,,,,,,,
19629,2019,7,24,10,45,32.2,116,850,795,1.5,,,,,,,,,,,,,,,,,,,,,,,,,,,,,,,,,,,,
19630,2019,7,24,11,0,32.5,117,854,812,1.5,,,,,,,,,,,,,,,,,,,,,,,,,,,,,,,,,,,,
19631,2019,7,24,11,15,32.7,117,858,826,1.4,,,,,,,,,,,,,,,,,,,,,,,,,,,,,,,,,,,,
19632,2019,7,24,11,30,33.0,118,859,835,1.4,,,,,,,,,,,,,,,,,,,,,,,,,,,,,,,,,,,,
19633,2019,7,24,11,45,33.2,118,861,843,1.4,,,,,,,,,,,,,,,,,,,,,,,,,,,,,,,,,,,,
19634,2019,7,24,12,0,33.4,119,862,849,1.3,,,,,,,,,,,,,,,,,,,,,,,,,,,,,,,,,,,,
19635,2019,7,24,12,15,33.6,119,863,851,1.3,,,,,,,,,,,,,,,,,,,,,,,,,,,,,,,,,,,,
19636,2019,7,24,12,30,33.7,119,863,851,1.3,,,,,,,,,,,,,,,,,,,,,,,,,,,,,,,,,,,,
19637,2019,7,24,12,45,33.9,117,864,848,1.3,,,,,,,,,,,,,,,,,,,,,,,,,,,,,,,,,,,,
19638,2019,7,24,13,0,34.0,117,863,842,1.3,,,,,,,,,,,,,,,,,,,,,,,,,,,,,,,,,,,,
19639,2019,7,24,13,15,34.1,116,860,833,1.4,,,,,,,,,,,,,,,,,,,,,,,,,,,,,,,,,,,,
19640,2019,7,24,13,30,34.2,116,857,821,1.4,,,,,,,,,,,,,,,,,,,,,,,,,,,,,,,,,,,,
19641,2019,7,24,13,45,34.2,114,855,807,1.4,,,,,,,,,,,,,,,,,,,,,,,,,,,,,,,,,,,,
19642,2019,7,24,14,0,34.300000000000004,113,850,789,1.5,,,,,,,,,,,,,,,,,,,,,,,,,,,,,,,,,,,,
19643,2019,7,24,14,15,34.300000000000004,112,845,769,1.5,,,,,,,,,,,,,,,,,,,,,,,,,,,,,,,,,,,,
19644,2019,7,24,14,30,34.300000000000004,111,839,747,1.6,,,,,,,,,,,,,,,,,,,,,,,,,,,,,,,,,,,,
19645,2019,7,24,14,45,34.300000000000004,109,832,722,1.6,,,,,,,,,,,,,,,,,,,,,,,,,,,,,,,,,,,,
19646,2019,7,24,15,0,34.300000000000004,107,824,695,1.7000000000000002,,,,,,,,,,,,,,,,,,,,,,,,,,,,,,,,,,,,
19647,2019,7,24,15,15,34.1,105,815,666,1.7000000000000002,,,,,,,,,,,,,,,,,,,,,,,,,,,,,,,,,,,,
19648,2019,7,24,15,30,34.0,103,805,635,1.7000000000000002,,,,,,,,,,,,,,,,,,,,,,,,,,,,,,,,,,,,
19649,2019,7,24,15,45,33.9,101,792,602,1.8,,,,,,,,,,,,,,,,,,,,,,,,,,,,,,,,,,,,
19650,2019,7,24,16,0,33.800000000000004,99,779,568,1.8,,,,,,,,,,,,,,,,,,,,,,,,,,,,,,,,,,,,
19651,2019,7,24,16,15,33.7,96,765,532,1.8,,,,,,,,,,,,,,,,,,,,,,,,,,,,,,,,,,,,
19652,2019,7,24,16,30,33.5,93,748,495,1.8,,,,,,,,,,,,,,,,,,,,,,,,,,,,,,,,,,,,
19653,2019,7,24,16,45,33.300000000000004,91,727,456,1.8,,,,,,,,,,,,,,,,,,,,,,,,,,,,,,,,,,,,
19654,2019,7,24,17,0,33.1,88,706,417,1.7000000000000002,,,,,,,,,,,,,,,,,,,,,,,,,,,,,,,,,,,,
19655,2019,7,24,17,15,32.6,84,685,379,1.6,,,,,,,,,,,,,,,,,,,,,,,,,,,,,,,,,,,,
19656,2019,7,24,17,30,32.1,80,658,340,1.5,,,,,,,,,,,,,,,,,,,,,,,,,,,,,,,,,,,,
19657,2019,7,24,17,45,31.6,76,624,299,1.4,,,,,,,,,,,,,,,,,,,,,,,,,,,,,,,,,,,,
19658,2019,7,24,18,0,31.1,72,591,260,1.3,,,,,,,,,,,,,,,,,,,,,,,,,,,,,,,,,,,,
19659,2019,7,24,18,15,30.200000000000003,66,552,221,1.2000000000000002,,,,,,,,,,,,,,,,,,,,,,,,,,,,,,,,,,,,
19660,2019,7,24,18,30,29.200000000000003,60,508,184,1.2000000000000002,,,,,,,,,,,,,,,,,,,,,,,,,,,,,,,,,,,,
19661,2019,7,24,18,45,28.3,54,455,148,1.2000000000000002,,,,,,,,,,,,,,,,,,,,,,,,,,,,,,,,,,,,
19662,2019,7,24,19,0,27.4,47,397,114,1.1,,,,,,,,,,,,,,,,,,,,,,,,,,,,,,,,,,,,
19663,2019,7,24,19,15,26.8,39,331,82,1.2000000000000002,,,,,,,,,,,,,,,,,,,,,,,,,,,,,,,,,,,,
19664,2019,7,24,19,30,26.200000000000003,30,254,54,1.3,,,,,,,,,,,,,,,,,,,,,,,,,,,,,,,,,,,,
19665,2019,7,24,19,45,25.700000000000003,20,170,30,1.3,,,,,,,,,,,,,,,,,,,,,,,,,,,,,,,,,,,,
19666,2019,7,24,20,0,25.1,11,82,13,1.4,,,,,,,,,,,,,,,,,,,,,,,,,,,,,,,,,,,,
19667,2019,7,24,20,15,24.8,0,0,0,1.4,,,,,,,,,,,,,,,,,,,,,,,,,,,,,,,,,,,,
19668,2019,7,24,20,30,24.6,0,0,0,1.4,,,,,,,,,,,,,,,,,,,,,,,,,,,,,,,,,,,,
19669,2019,7,24,20,45,24.3,0,0,0,1.5,,,,,,,,,,,,,,,,,,,,,,,,,,,,,,,,,,,,
19670,2019,7,24,21,0,24.1,0,0,0,1.5,,,,,,,,,,,,,,,,,,,,,,,,,,,,,,,,,,,,
19671,2019,7,24,21,15,23.8,0,0,0,1.5,,,,,,,,,,,,,,,,,,,,,,,,,,,,,,,,,,,,
19672,2019,7,24,21,30,23.6,0,0,0,1.5,,,,,,,,,,,,,,,,,,,,,,,,,,,,,,,,,,,,
19673,2019,7,24,21,45,23.3,0,0,0,1.5,,,,,,,,,,,,,,,,,,,,,,,,,,,,,,,,,,,,
19674,2019,7,24,22,0,23.1,0,0,0,1.6,,,,,,,,,,,,,,,,,,,,,,,,,,,,,,,,,,,,
19675,2019,7,24,22,15,22.8,0,0,0,1.5,,,,,,,,,,,,,,,,,,,,,,,,,,,,,,,,,,,,
19676,2019,7,24,22,30,22.6,0,0,0,1.5,,,,,,,,,,,,,,,,,,,,,,,,,,,,,,,,,,,,
19677,2019,7,24,22,45,22.3,0,0,0,1.5,,,,,,,,,,,,,,,,,,,,,,,,,,,,,,,,,,,,
19678,2019,7,24,23,0,22.1,0,0,0,1.5,,,,,,,,,,,,,,,,,,,,,,,,,,,,,,,,,,,,
19679,2019,7,24,23,15,21.9,0,0,0,1.5,,,,,,,,,,,,,,,,,,,,,,,,,,,,,,,,,,,,
19680,2019,7,24,23,30,21.6,0,0,0,1.5,,,,,,,,,,,,,,,,,,,,,,,,,,,,,,,,,,,,
19681,2019,7,24,23,45,21.4,0,0,0,1.4,,,,,,,,,,,,,,,,,,,,,,,,,,,,,,,,,,,,
19682,2019,7,25,0,0,21.200000000000003,0,0,0,1.4,,,,,,,,,,,,,,,,,,,,,,,,,,,,,,,,,,,,
19683,2019,7,25,0,15,21.200000000000003,0,0,0,1.4,,,,,,,,,,,,,,,,,,,,,,,,,,,,,,,,,,,,
19684,2019,7,25,0,30,21.200000000000003,0,0,0,1.4,,,,,,,,,,,,,,,,,,,,,,,,,,,,,,,,,,,,
19685,2019,7,25,0,45,21.200000000000003,0,0,0,1.4,,,,,,,,,,,,,,,,,,,,,,,,,,,,,,,,,,,,
19686,2019,7,25,1,0,20.4,0,0,0,1.3,,,,,,,,,,,,,,,,,,,,,,,,,,,,,,,,,,,,
19687,2019,7,25,1,15,20.3,0,0,0,1.2000000000000002,,,,,,,,,,,,,,,,,,,,,,,,,,,,,,,,,,,,
19688,2019,7,25,1,30,20.200000000000003,0,0,0,1.2000000000000002,,,,,,,,,,,,,,,,,,,,,,,,,,,,,,,,,,,,
19689,2019,7,25,1,45,20.0,0,0,0,1.2000000000000002,,,,,,,,,,,,,,,,,,,,,,,,,,,,,,,,,,,,
19690,2019,7,25,2,0,19.9,0,0,0,1.2000000000000002,,,,,,,,,,,,,,,,,,,,,,,,,,,,,,,,,,,,
19691,2019,7,25,2,15,19.8,0,0,0,1.1,,,,,,,,,,,,,,,,,,,,,,,,,,,,,,,,,,,,
19692,2019,7,25,2,30,19.8,0,0,0,1.1,,,,,,,,,,,,,,,,,,,,,,,,,,,,,,,,,,,,
19693,2019,7,25,2,45,19.700000000000003,0,0,0,1.1,,,,,,,,,,,,,,,,,,,,,,,,,,,,,,,,,,,,
19694,2019,7,25,3,0,19.6,0,0,0,1.1,,,,,,,,,,,,,,,,,,,,,,,,,,,,,,,,,,,,
19695,2019,7,25,3,15,19.6,0,0,0,1.1,,,,,,,,,,,,,,,,,,,,,,,,,,,,,,,,,,,,
19696,2019,7,25,3,30,19.5,0,0,0,1.1,,,,,,,,,,,,,,,,,,,,,,,,,,,,,,,,,,,,
19697,2019,7,25,3,45,19.5,0,0,0,1.1,,,,,,,,,,,,,,,,,,,,,,,,,,,,,,,,,,,,
19698,2019,7,25,4,0,19.4,0,0,0,1.0,,,,,,,,,,,,,,,,,,,,,,,,,,,,,,,,,,,,
19699,2019,7,25,4,15,19.8,0,0,0,1.0,,,,,,,,,,,,,,,,,,,,,,,,,,,,,,,,,,,,
19700,2019,7,25,4,30,20.1,0,0,0,1.1,,,,,,,,,,,,,,,,,,,,,,,,,,,,,,,,,,,,
19701,2019,7,25,4,45,20.5,13,70,15,1.1,,,,,,,,,,,,,,,,,,,,,,,,,,,,,,,,,,,,
19702,2019,7,25,5,0,20.8,23,150,34,1.1,,,,,,,,,,,,,,,,,,,,,,,,,,,,,,,,,,,,
19703,2019,7,25,5,15,21.3,34,232,58,1.2000000000000002,,,,,,,,,,,,,,,,,,,,,,,,,,,,,,,,,,,,
19704,2019,7,25,5,30,21.9,44,307,87,1.3,,,,,,,,,,,,,,,,,,,,,,,,,,,,,,,,,,,,
19705,2019,7,25,5,45,22.4,53,364,118,1.4,,,,,,,,,,,,,,,,,,,,,,,,,,,,,,,,,,,,
19706,2019,7,25,6,0,22.9,62,423,152,1.5,,,,,,,,,,,,,,,,,,,,,,,,,,,,,,,,,,,,
19707,2019,7,25,6,15,23.4,70,474,189,1.5,,,,,,,,,,,,,,,,,,,,,,,,,,,,,,,,,,,,
19708,2019,7,25,6,30,24.0,76,519,227,1.5,,,,,,,,,,,,,,,,,,,,,,,,,,,,,,,,,,,,
19709,2019,7,25,6,45,24.5,84,551,264,1.4,,,,,,,,,,,,,,,,,,,,,,,,,,,,,,,,,,,,
19710,2019,7,25,7,0,25.1,89,584,303,1.4,,,,,,,,,,,,,,,,,,,,,,,,,,,,,,,,,,,,
19711,2019,7,25,7,15,26.0,95,615,342,1.5,,,,,,,,,,,,,,,,,,,,,,,,,,,,,,,,,,,,
19712,2019,7,25,7,30,26.9,99,643,382,1.6,,,,,,,,,,,,,,,,,,,,,,,,,,,,,,,,,,,,
19713,2019,7,25,7,45,27.8,106,659,419,1.7000000000000002,,,,,,,,,,,,,,,,,,,,,,,,,,,,,,,,,,,,
19714,2019,7,25,8,0,28.700000000000003,102,673,445,1.9,,,,,,,,,,,,,,,,,,,,,,,,,,,,,,,,,,,,
19715,2019,7,25,8,15,29.5,115,664,477,1.9,,,,,,,,,,,,,,,,,,,,,,,,,,,,,,,,,,,,
19716,2019,7,25,8,30,30.3,128,658,508,1.9,,,,,,,,,,,,,,,,,,,,,,,,,,,,,,,,,,,,
19717,2019,7,25,8,45,31.200000000000003,143,649,538,2.0,,,,,,,,,,,,,,,,,,,,,,,,,,,,,,,,,,,,
19718,2019,7,25,9,0,32.0,158,641,567,2.0,,,,,,,,,,,,,,,,,,,,,,,,,,,,,,,,,,,,
19719,2019,7,25,9,15,32.4,168,645,598,2.0,,,,,,,,,,,,,,,,,,,,,,,,,,,,,,,,,,,,
19720,2019,7,25,9,30,32.7,176,653,629,2.0,,,,,,,,,,,,,,,,,,,,,,,,,,,,,,,,,,,,
19721,2019,7,25,9,45,33.1,184,658,657,1.9,,,,,,,,,,,,,,,,,,,,,,,,,,,,,,,,,,,,
19722,2019,7,25,10,0,33.5,194,660,683,1.9,,,,,,,,,,,,,,,,,,,,,,,,,,,,,,,,,,,,
19723,2019,7,25,10,15,33.7,207,651,703,1.9,,,,,,,,,,,,,,,,,,,,,,,,,,,,,,,,,,,,
19724,2019,7,25,10,30,34.0,217,648,723,1.9,,,,,,,,,,,,,,,,,,,,,,,,,,,,,,,,,,,,
19725,2019,7,25,10,45,34.2,230,638,738,1.9,,,,,,,,,,,,,,,,,,,,,,,,,,,,,,,,,,,,
19726,2019,7,25,11,0,34.5,239,633,753,1.9,,,,,,,,,,,,,,,,,,,,,,,,,,,,,,,,,,,,
19727,2019,7,25,11,15,34.7,249,626,764,1.9,,,,,,,,,,,,,,,,,,,,,,,,,,,,,,,,,,,,
19728,2019,7,25,11,30,34.9,257,619,773,1.9,,,,,,,,,,,,,,,,,,,,,,,,,,,,,,,,,,,,
19729,2019,7,25,11,45,35.0,268,605,776,1.9,,,,,,,,,,,,,,,,,,,,,,,,,,,,,,,,,,,,
19730,2019,7,25,12,0,35.2,274,598,779,1.9,,,,,,,,,,,,,,,,,,,,,,,,,,,,,,,,,,,,
19731,2019,7,25,12,15,35.4,281,587,778,2.0,,,,,,,,,,,,,,,,,,,,,,,,,,,,,,,,,,,,
19732,2019,7,25,12,30,35.5,284,580,775,2.0,,,,,,,,,,,,,,,,,,,,,,,,,,,,,,,,,,,,
19733,2019,7,25,12,45,35.6,164,784,825,2.1,,,,,,,,,,,,,,,,,,,,,,,,,,,,,,,,,,,,
19734,2019,7,25,13,0,35.7,163,782,819,2.1,,,,,,,,,,,,,,,,,,,,,,,,,,,,,,,,,,,,
19735,2019,7,25,13,15,35.800000000000004,163,780,810,2.2,,,,,,,,,,,,,,,,,,,,,,,,,,,,,,,,,,,,
19736,2019,7,25,13,30,35.800000000000004,162,776,798,2.3000000000000003,,,,,,,,,,,,,,,,,,,,,,,,,,,,,,,,,,,,
19737,2019,7,25,13,45,35.800000000000004,190,728,778,2.3000000000000003,,,,,,,,,,,,,,,,,,,,,,,,,,,,,,,,,,,,
19738,2019,7,25,14,0,35.9,187,721,759,2.4000000000000004,,,,,,,,,,,,,,,,,,,,,,,,,,,,,,,,,,,,
19739,2019,7,25,14,15,35.800000000000004,190,699,733,2.5,,,,,,,,,,,,,,,,,,,,,,,,,,,,,,,,,,,,
19740,2019,7,25,14,30,35.7,194,674,704,2.5,,,,,,,,,,,,,,,,,,,,,,,,,,,,,,,,,,,,
19741,2019,7,25,14,45,35.7,198,644,671,2.6,,,,,,,,,,,,,,,,,,,,,,,,,,,,,,,,,,,,
19742,2019,7,25,15,0,35.6,198,617,637,2.7,,,,,,,,,,,,,,,,,,,,,,,,,,,,,,,,,,,,
19743,2019,7,25,15,15,35.5,204,568,594,2.7,,,,,,,,,,,,,,,,,,,,,,,,,,,,,,,,,,,,
19744,2019,7,25,15,30,35.300000000000004,209,517,550,2.7,,,,,,,,,,,,,,,,,,,,,,,,,,,,,,,,,,,,
19745,2019,7,25,15,45,35.2,220,457,507,2.7,,,,,,,,,,,,,,,,,,,,,,,,,,,,,,,,,,,,
19746,2019,7,25,16,0,35.1,221,408,465,2.8000000000000003,,,,,,,,,,,,,,,,,,,,,,,,,,,,,,,,,,,,
19747,2019,7,25,16,15,34.800000000000004,215,369,424,2.7,,,,,,,,,,,,,,,,,,,,,,,,,,,,,,,,,,,,
19748,2019,7,25,16,30,34.5,206,335,384,2.7,,,,,,,,,,,,,,,,,,,,,,,,,,,,,,,,,,,,
19749,2019,7,25,16,45,34.2,194,302,345,2.7,,,,,,,,,,,,,,,,,,,,,,,,,,,,,,,,,,,,
19750,2019,7,25,17,0,34.0,181,271,307,2.7,,,,,,,,,,,,,,,,,,,,,,,,,,,,,,,,,,,,
19751,2019,7,25,17,15,33.300000000000004,165,257,276,2.4000000000000004,,,,,,,,,,,,,,,,,,,,,,,,,,,,,,,,,,,,
19752,2019,7,25,17,30,32.6,149,242,244,2.2,,,,,,,,,,,,,,,,,,,,,,,,,,,,,,,,,,,,
19753,2019,7,25,17,45,31.9,127,277,226,2.0,,,,,,,,,,,,,,,,,,,,,,,,,,,,,,,,,,,,
19754,2019,7,25,18,0,31.3,113,257,194,1.8,,,,,,,,,,,,,,,,,,,,,,,,,,,,,,,,,,,,
19755,2019,7,25,18,15,30.4,99,228,162,1.7000000000000002,,,,,,,,,,,,,,,,,,,,,,,,,,,,,,,,,,,,
19756,2019,7,25,18,30,29.6,85,198,132,1.7000000000000002,,,,,,,,,,,,,,,,,,,,,,,,,,,,,,,,,,,,
19757,2019,7,25,18,45,28.8,71,165,104,1.7000000000000002,,,,,,,,,,,,,,,,,,,,,,,,,,,,,,,,,,,,
19758,2019,7,25,19,0,27.9,57,133,79,1.7000000000000002,,,,,,,,,,,,,,,,,,,,,,,,,,,,,,,,,,,,
19759,2019,7,25,19,15,27.4,43,112,57,1.8,,,,,,,,,,,,,,,,,,,,,,,,,,,,,,,,,,,,
19760,2019,7,25,19,30,27.0,30,86,38,1.9,,,,,,,,,,,,,,,,,,,,,,,,,,,,,,,,,,,,
19761,2019,7,25,19,45,26.5,20,36,22,2.0,,,,,,,,,,,,,,,,,,,,,,,,,,,,,,,,,,,,
19762,2019,7,25,20,0,26.0,8,17,9,2.1,,,,,,,,,,,,,,,,,,,,,,,,,,,,,,,,,,,,
19763,2019,7,25,20,15,25.700000000000003,0,0,0,2.2,,,,,,,,,,,,,,,,,,,,,,,,,,,,,,,,,,,,
19764,2019,7,25,20,30,25.4,0,0,0,2.2,,,,,,,,,,,,,,,,,,,,,,,,,,,,,,,,,,,,
19765,2019,7,25,20,45,25.1,0,0,0,2.3000000000000003,,,,,,,,,,,,,,,,,,,,,,,,,,,,,,,,,,,,
19766,2019,7,25,21,0,24.8,0,0,0,2.3000000000000003,,,,,,,,,,,,,,,,,,,,,,,,,,,,,,,,,,,,
19767,2019,7,25,21,15,24.4,0,0,0,2.3000000000000003,,,,,,,,,,,,,,,,,,,,,,,,,,,,,,,,,,,,
19768,2019,7,25,21,30,24.1,0,0,0,2.3000000000000003,,,,,,,,,,,,,,,,,,,,,,,,,,,,,,,,,,,,
19769,2019,7,25,21,45,23.700000000000003,0,0,0,2.3000000000000003,,,,,,,,,,,,,,,,,,,,,,,,,,,,,,,,,,,,
19770,2019,7,25,22,0,23.4,0,0,0,2.2,,,,,,,,,,,,,,,,,,,,,,,,,,,,,,,,,,,,
19771,2019,7,25,22,15,23.0,0,0,0,2.2,,,,,,,,,,,,,,,,,,,,,,,,,,,,,,,,,,,,
19772,2019,7,25,22,30,22.6,0,0,0,2.1,,,,,,,,,,,,,,,,,,,,,,,,,,,,,,,,,,,,
19773,2019,7,25,22,45,22.3,0,0,0,2.0,,,,,,,,,,,,,,,,,,,,,,,,,,,,,,,,,,,,
19774,2019,7,25,23,0,21.9,0,0,0,2.0,,,,,,,,,,,,,,,,,,,,,,,,,,,,,,,,,,,,
19775,2019,7,25,23,15,21.700000000000003,0,0,0,1.9,,,,,,,,,,,,,,,,,,,,,,,,,,,,,,,,,,,,
19776,2019,7,25,23,30,21.4,0,0,0,1.8,,,,,,,,,,,,,,,,,,,,,,,,,,,,,,,,,,,,
19777,2019,7,25,23,45,21.1,0,0,0,1.8,,,,,,,,,,,,,,,,,,,,,,,,,,,,,,,,,,,,
19778,2019,7,26,0,0,20.8,0,0,0,1.7000000000000002,,,,,,,,,,,,,,,,,,,,,,,,,,,,,,,,,,,,
19779,2019,7,26,0,15,20.8,0,0,0,1.7000000000000002,,,,,,,,,,,,,,,,,,,,,,,,,,,,,,,,,,,,
19780,2019,7,26,0,30,20.8,0,0,0,1.7000000000000002,,,,,,,,,,,,,,,,,,,,,,,,,,,,,,,,,,,,
19781,2019,7,26,0,45,20.8,0,0,0,1.7000000000000002,,,,,,,,,,,,,,,,,,,,,,,,,,,,,,,,,,,,
19782,2019,7,26,1,0,19.8,0,0,0,1.4,,,,,,,,,,,,,,,,,,,,,,,,,,,,,,,,,,,,
19783,2019,7,26,1,15,19.6,0,0,0,1.4,,,,,,,,,,,,,,,,,,,,,,,,,,,,,,,,,,,,
19784,2019,7,26,1,30,19.4,0,0,0,1.4,,,,,,,,,,,,,,,,,,,,,,,,,,,,,,,,,,,,
19785,2019,7,26,1,45,19.200000000000003,0,0,0,1.4,,,,,,,,,,,,,,,,,,,,,,,,,,,,,,,,,,,,
19786,2019,7,26,2,0,19.1,0,0,0,1.4,,,,,,,,,,,,,,,,,,,,,,,,,,,,,,,,,,,,
19787,2019,7,26,2,15,18.9,0,0,0,1.4,,,,,,,,,,,,,,,,,,,,,,,,,,,,,,,,,,,,
19788,2019,7,26,2,30,18.7,0,0,0,1.4,,,,,,,,,,,,,,,,,,,,,,,,,,,,,,,,,,,,
19789,2019,7,26,2,45,18.5,0,0,0,1.3,,,,,,,,,,,,,,,,,,,,,,,,,,,,,,,,,,,,
19790,2019,7,26,3,0,18.4,0,0,0,1.3,,,,,,,,,,,,,,,,,,,,,,,,,,,,,,,,,,,,
19791,2019,7,26,3,15,18.2,0,0,0,1.4,,,,,,,,,,,,,,,,,,,,,,,,,,,,,,,,,,,,
19792,2019,7,26,3,30,18.1,0,0,0,1.4,,,,,,,,,,,,,,,,,,,,,,,,,,,,,,,,,,,,
19793,2019,7,26,3,45,18.0,0,0,0,1.4,,,,,,,,,,,,,,,,,,,,,,,,,,,,,,,,,,,,
19794,2019,7,26,4,0,17.900000000000002,0,0,0,1.4,,,,,,,,,,,,,,,,,,,,,,,,,,,,,,,,,,,,
19795,2019,7,26,4,15,18.1,0,0,0,1.7000000000000002,,,,,,,,,,,,,,,,,,,,,,,,,,,,,,,,,,,,
19796,2019,7,26,4,30,18.4,0,0,0,1.9,,,,,,,,,,,,,,,,,,,,,,,,,,,,,,,,,,,,
19797,2019,7,26,4,45,18.6,12,46,13,2.1,,,,,,,,,,,,,,,,,,,,,,,,,,,,,,,,,,,,
19798,2019,7,26,5,0,18.9,23,116,30,2.3000000000000003,,,,,,,,,,,,,,,,,,,,,,,,,,,,,,,,,,,,
19799,2019,7,26,5,15,19.3,35,192,54,2.4000000000000004,,,,,,,,,,,,,,,,,,,,,,,,,,,,,,,,,,,,
19800,2019,7,26,5,30,19.700000000000003,45,265,82,2.4000000000000004,,,,,,,,,,,,,,,,,,,,,,,,,,,,,,,,,,,,
19801,2019,7,26,5,45,20.0,54,342,114,2.5,,,,,,,,,,,,,,,,,,,,,,,,,,,,,,,,,,,,
19802,2019,7,26,6,0,20.4,63,401,148,2.6,,,,,,,,,,,,,,,,,,,,,,,,,,,,,,,,,,,,
19803,2019,7,26,6,15,21.1,71,453,184,2.7,,,,,,,,,,,,,,,,,,,,,,,,,,,,,,,,,,,,
19804,2019,7,26,6,30,21.700000000000003,78,498,221,2.8000000000000003,,,,,,,,,,,,,,,,,,,,,,,,,,,,,,,,,,,,
19805,2019,7,26,6,45,22.4,82,551,261,2.9000000000000004,,,,,,,,,,,,,,,,,,,,,,,,,,,,,,,,,,,,
19806,2019,7,26,7,0,23.0,88,586,300,3.0,,,,,,,,,,,,,,,,,,,,,,,,,,,,,,,,,,,,
19807,2019,7,26,7,15,23.700000000000003,93,617,339,3.2,,,,,,,,,,,,,,,,,,,,,,,,,,,,,,,,,,,,
19808,2019,7,26,7,30,24.4,97,645,379,3.3000000000000003,,,,,,,,,,,,,,,,,,,,,,,,,,,,,,,,,,,,
19809,2019,7,26,7,45,25.1,99,679,420,3.5,,,,,,,,,,,,,,,,,,,,,,,,,,,,,,,,,,,,
19810,2019,7,26,8,0,25.8,103,700,458,3.7,,,,,,,,,,,,,,,,,,,,,,,,,,,,,,,,,,,,
19811,2019,7,26,8,15,26.4,106,720,496,3.8,,,,,,,,,,,,,,,,,,,,,,,,,,,,,,,,,,,,
19812,2019,7,26,8,30,26.9,110,737,533,3.9,,,,,,,,,,,,,,,,,,,,,,,,,,,,,,,,,,,,
19813,2019,7,26,8,45,27.5,110,760,570,3.9,,,,,,,,,,,,,,,,,,,,,,,,,,,,,,,,,,,,
19814,2019,7,26,9,0,28.0,112,773,604,4.0,,,,,,,,,,,,,,,,,,,,,,,,,,,,,,,,,,,,
19815,2019,7,26,9,15,28.4,115,783,635,4.0,,,,,,,,,,,,,,,,,,,,,,,,,,,,,,,,,,,,
19816,2019,7,26,9,30,28.8,117,794,666,4.1000000000000005,,,,,,,,,,,,,,,,,,,,,,,,,,,,,,,,,,,,
19817,2019,7,26,9,45,29.200000000000003,138,764,686,4.1000000000000005,,,,,,,,,,,,,,,,,,,,,,,,,,,,,,,,,,,,
19818,2019,7,26,10,0,29.6,145,767,712,4.1000000000000005,,,,,,,,,,,,,,,,,,,,,,,,,,,,,,,,,,,,
19819,2019,7,26,10,15,29.9,192,684,711,4.1000000000000005,,,,,,,,,,,,,,,,,,,,,,,,,,,,,,,,,,,,
19820,2019,7,26,10,30,30.200000000000003,209,663,726,4.1000000000000005,,,,,,,,,,,,,,,,,,,,,,,,,,,,,,,,,,,,
19821,2019,7,26,10,45,30.5,221,655,742,4.0,,,,,,,,,,,,,,,,,,,,,,,,,,,,,,,,,,,,
19822,2019,7,26,11,0,30.8,233,644,755,4.0,,,,,,,,,,,,,,,,,,,,,,,,,,,,,,,,,,,,
19823,2019,7,26,11,15,31.0,243,636,766,4.0,,,,,,,,,,,,,,,,,,,,,,,,,,,,,,,,,,,,
19824,2019,7,26,11,30,31.200000000000003,252,628,775,4.0,,,,,,,,,,,,,,,,,,,,,,,,,,,,,,,,,,,,
19825,2019,7,26,11,45,31.5,258,624,781,4.0,,,,,,,,,,,,,,,,,,,,,,,,,,,,,,,,,,,,
19826,2019,7,26,12,0,31.700000000000003,263,619,785,4.0,,,,,,,,,,,,,,,,,,,,,,,,,,,,,,,,,,,,
19827,2019,7,26,12,15,31.8,259,629,791,4.0,,,,,,,,,,,,,,,,,,,,,,,,,,,,,,,,,,,,
19828,2019,7,26,12,30,31.9,255,637,793,4.1000000000000005,,,,,,,,,,,,,,,,,,,,,,,,,,,,,,,,,,,,
19829,2019,7,26,12,45,32.1,246,650,794,4.1000000000000005,,,,,,,,,,,,,,,,,,,,,,,,,,,,,,,,,,,,
19830,2019,7,26,13,0,32.2,228,679,797,4.1000000000000005,,,,,,,,,,,,,,,,,,,,,,,,,,,,,,,,,,,,
19831,2019,7,26,13,15,32.2,222,684,789,4.1000000000000005,,,,,,,,,,,,,,,,,,,,,,,,,,,,,,,,,,,,
19832,2019,7,26,13,30,32.300000000000004,209,701,782,4.1000000000000005,,,,,,,,,,,,,,,,,,,,,,,,,,,,,,,,,,,,
19833,2019,7,26,13,45,32.300000000000004,176,754,784,4.1000000000000005,,,,,,,,,,,,,,,,,,,,,,,,,,,,,,,,,,,,
19834,2019,7,26,14,0,32.4,167,762,769,4.2,,,,,,,,,,,,,,,,,,,,,,,,,,,,,,,,,,,,
19835,2019,7,26,14,15,32.300000000000004,158,766,751,4.1000000000000005,,,,,,,,,,,,,,,,,,,,,,,,,,,,,,,,,,,,
19836,2019,7,26,14,30,32.300000000000004,141,790,736,4.1000000000000005,,,,,,,,,,,,,,,,,,,,,,,,,,,,,,,,,,,,
19837,2019,7,26,14,45,32.2,150,751,701,4.1000000000000005,,,,,,,,,,,,,,,,,,,,,,,,,,,,,,,,,,,,
19838,2019,7,26,15,0,32.2,164,698,659,4.1000000000000005,,,,,,,,,,,,,,,,,,,,,,,,,,,,,,,,,,,,
19839,2019,7,26,15,15,32.0,152,705,634,4.0,,,,,,,,,,,,,,,,,,,,,,,,,,,,,,,,,,,,
19840,2019,7,26,15,30,31.9,139,712,606,4.0,,,,,,,,,,,,,,,,,,,,,,,,,,,,,,,,,,,,
19841,2019,7,26,15,45,31.700000000000003,126,718,577,3.9,,,,,,,,,,,,,,,,,,,,,,,,,,,,,,,,,,,,
19842,2019,7,26,16,0,31.6,117,717,545,3.9,,,,,,,,,,,,,,,,,,,,,,,,,,,,,,,,,,,,
19843,2019,7,26,16,15,31.3,102,732,516,3.8,,,,,,,,,,,,,,,,,,,,,,,,,,,,,,,,,,,,
19844,2019,7,26,16,30,31.0,96,740,490,3.7,,,,,,,,,,,,,,,,,,,,,,,,,,,,,,,,,,,,
19845,2019,7,26,16,45,30.700000000000003,92,729,454,3.7,,,,,,,,,,,,,,,,,,,,,,,,,,,,,,,,,,,,
19846,2019,7,26,17,0,30.5,88,707,415,3.6,,,,,,,,,,,,,,,,,,,,,,,,,,,,,,,,,,,,
19847,2019,7,26,17,15,30.0,84,683,375,3.4000000000000004,,,,,,,,,,,,,,,,,,,,,,,,,,,,,,,,,,,,
19848,2019,7,26,17,30,29.6,80,656,336,3.2,,,,,,,,,,,,,,,,,,,,,,,,,,,,,,,,,,,,
19849,2019,7,26,17,45,29.1,74,631,296,3.0,,,,,,,,,,,,,,,,,,,,,,,,,,,,,,,,,,,,
19850,2019,7,26,18,0,28.6,69,596,256,2.8000000000000003,,,,,,,,,,,,,,,,,,,,,,,,,,,,,,,,,,,,
19851,2019,7,26,18,15,27.8,64,556,218,2.6,,,,,,,,,,,,,,,,,,,,,,,,,,,,,,,,,,,,
19852,2019,7,26,18,30,26.9,59,511,180,2.4000000000000004,,,,,,,,,,,,,,,,,,,,,,,,,,,,,,,,,,,,
19853,2019,7,26,18,45,26.1,52,463,144,2.1,,,,,,,,,,,,,,,,,,,,,,,,,,,,,,,,,,,,
19854,2019,7,26,19,0,25.3,45,404,110,1.9,,,,,,,,,,,,,,,,,,,,,,,,,,,,,,,,,,,,
19855,2019,7,26,19,15,24.700000000000003,37,333,79,1.9,,,,,,,,,,,,,,,,,,,,,,,,,,,,,,,,,,,,
19856,2019,7,26,19,30,24.1,28,250,51,2.0,,,,,,,,,,,,,,,,,,,,,,,,,,,,,,,,,,,,
19857,2019,7,26,19,45,23.5,19,162,28,2.0,,,,,,,,,,,,,,,,,,,,,,,,,,,,,,,,,,,,
19858,2019,7,26,20,0,23.0,10,68,11,2.0,,,,,,,,,,,,,,,,,,,,,,,,,,,,,,,,,,,,
19859,2019,7,26,20,15,22.700000000000003,0,0,0,2.0,,,,,,,,,,,,,,,,,,,,,,,,,,,,,,,,,,,,
19860,2019,7,26,20,30,22.4,0,0,0,2.1,,,,,,,,,,,,,,,,,,,,,,,,,,,,,,,,,,,,
19861,2019,7,26,20,45,22.1,0,0,0,2.1,,,,,,,,,,,,,,,,,,,,,,,,,,,,,,,,,,,,
19862,2019,7,26,21,0,21.9,0,0,0,2.1,,,,,,,,,,,,,,,,,,,,,,,,,,,,,,,,,,,,
19863,2019,7,26,21,15,21.6,0,0,0,2.1,,,,,,,,,,,,,,,,,,,,,,,,,,,,,,,,,,,,
19864,2019,7,26,21,30,21.3,0,0,0,2.1,,,,,,,,,,,,,,,,,,,,,,,,,,,,,,,,,,,,
19865,2019,7,26,21,45,21.1,0,0,0,2.1,,,,,,,,,,,,,,,,,,,,,,,,,,,,,,,,,,,,
19866,2019,7,26,22,0,20.8,0,0,0,2.1,,,,,,,,,,,,,,,,,,,,,,,,,,,,,,,,,,,,
19867,2019,7,26,22,15,20.5,0,0,0,2.1,,,,,,,,,,,,,,,,,,,,,,,,,,,,,,,,,,,,
19868,2019,7,26,22,30,20.3,0,0,0,2.0,,,,,,,,,,,,,,,,,,,,,,,,,,,,,,,,,,,,
19869,2019,7,26,22,45,20.0,0,0,0,2.0,,,,,,,,,,,,,,,,,,,,,,,,,,,,,,,,,,,,
19870,2019,7,26,23,0,19.700000000000003,0,0,0,1.9,,,,,,,,,,,,,,,,,,,,,,,,,,,,,,,,,,,,
19871,2019,7,26,23,15,19.5,0,0,0,1.9,,,,,,,,,,,,,,,,,,,,,,,,,,,,,,,,,,,,
19872,2019,7,26,23,30,19.3,0,0,0,1.8,,,,,,,,,,,,,,,,,,,,,,,,,,,,,,,,,,,,
19873,2019,7,26,23,45,19.1,0,0,0,1.7000000000000002,,,,,,,,,,,,,,,,,,,,,,,,,,,,,,,,,,,,
19874,2019,7,27,0,0,18.8,0,0,0,1.7000000000000002,,,,,,,,,,,,,,,,,,,,,,,,,,,,,,,,,,,,
19875,2019,7,27,0,15,18.8,0,0,0,1.7000000000000002,,,,,,,,,,,,,,,,,,,,,,,,,,,,,,,,,,,,
19876,2019,7,27,0,30,18.8,0,0,0,1.7000000000000002,,,,,,,,,,,,,,,,,,,,,,,,,,,,,,,,,,,,
19877,2019,7,27,0,45,18.8,0,0,0,1.7000000000000002,,,,,,,,,,,,,,,,,,,,,,,,,,,,,,,,,,,,
19878,2019,7,27,1,0,18.1,0,0,0,1.6,,,,,,,,,,,,,,,,,,,,,,,,,,,,,,,,,,,,
19879,2019,7,27,1,15,18.0,0,0,0,1.6,,,,,,,,,,,,,,,,,,,,,,,,,,,,,,,,,,,,
19880,2019,7,27,1,30,17.900000000000002,0,0,0,1.7000000000000002,,,,,,,,,,,,,,,,,,,,,,,,,,,,,,,,,,,,
19881,2019,7,27,1,45,17.7,0,0,0,1.7000000000000002,,,,,,,,,,,,,,,,,,,,,,,,,,,,,,,,,,,,
19882,2019,7,27,2,0,17.6,0,0,0,1.7000000000000002,,,,,,,,,,,,,,,,,,,,,,,,,,,,,,,,,,,,
19883,2019,7,27,2,15,17.5,0,0,0,1.7000000000000002,,,,,,,,,,,,,,,,,,,,,,,,,,,,,,,,,,,,
19884,2019,7,27,2,30,17.400000000000002,0,0,0,1.7000000000000002,,,,,,,,,,,,,,,,,,,,,,,,,,,,,,,,,,,,
19885,2019,7,27,2,45,17.2,0,0,0,1.7000000000000002,,,,,,,,,,,,,,,,,,,,,,,,,,,,,,,,,,,,
19886,2019,7,27,3,0,17.1,0,0,0,1.8,,,,,,,,,,,,,,,,,,,,,,,,,,,,,,,,,,,,
19887,2019,7,27,3,15,17.0,0,0,0,1.8,,,,,,,,,,,,,,,,,,,,,,,,,,,,,,,,,,,,
19888,2019,7,27,3,30,16.900000000000002,0,0,0,1.8,,,,,,,,,,,,,,,,,,,,,,,,,,,,,,,,,,,,
19889,2019,7,27,3,45,16.8,0,0,0,1.8,,,,,,,,,,,,,,,,,,,,,,,,,,,,,,,,,,,,
19890,2019,7,27,4,0,16.7,0,0,0,1.9,,,,,,,,,,,,,,,,,,,,,,,,,,,,,,,,,,,,
19891,2019,7,27,4,15,17.0,0,0,0,2.1,,,,,,,,,,,,,,,,,,,,,,,,,,,,,,,,,,,,
19892,2019,7,27,4,30,17.2,0,0,0,2.4000000000000004,,,,,,,,,,,,,,,,,,,,,,,,,,,,,,,,,,,,
19893,2019,7,27,4,45,17.5,11,84,14,2.6,,,,,,,,,,,,,,,,,,,,,,,,,,,,,,,,,,,,
19894,2019,7,27,5,0,17.8,21,173,32,2.8000000000000003,,,,,,,,,,,,,,,,,,,,,,,,,,,,,,,,,,,,
19895,2019,7,27,5,15,18.2,31,259,56,3.0,,,,,,,,,,,,,,,,,,,,,,,,,,,,,,,,,,,,
19896,2019,7,27,5,30,18.7,40,337,85,3.1,,,,,,,,,,,,,,,,,,,,,,,,,,,,,,,,,,,,
19897,2019,7,27,5,45,19.1,49,393,116,3.2,,,,,,,,,,,,,,,,,,,,,,,,,,,,,,,,,,,,
19898,2019,7,27,6,0,19.6,57,451,151,3.4000000000000004,,,,,,,,,,,,,,,,,,,,,,,,,,,,,,,,,,,,
19899,2019,7,27,6,15,20.200000000000003,64,502,188,3.5,,,,,,,,,,,,,,,,,,,,,,,,,,,,,,,,,,,,
19900,2019,7,27,6,30,20.8,70,547,226,3.7,,,,,,,,,,,,,,,,,,,,,,,,,,,,,,,,,,,,
19901,2019,7,27,6,45,21.5,78,576,263,3.9,,,,,,,,,,,,,,,,,,,,,,,,,,,,,,,,,,,,
19902,2019,7,27,7,0,22.1,83,611,303,4.0,,,,,,,,,,,,,,,,,,,,,,,,,,,,,,,,,,,,
19903,2019,7,27,7,15,22.700000000000003,88,641,343,4.2,,,,,,,,,,,,,,,,,,,,,,,,,,,,,,,,,,,,
19904,2019,7,27,7,30,23.3,92,668,382,4.4,,,,,,,,,,,,,,,,,,,,,,,,,,,,,,,,,,,,
19905,2019,7,27,7,45,23.9,98,687,421,4.6000000000000005,,,,,,,,,,,,,,,,,,,,,,,,,,,,,,,,,,,,
19906,2019,7,27,8,0,24.5,207,68,241,4.800000000000001,,,,,,,,,,,,,,,,,,,,,,,,,,,,,,,,,,,,
19907,2019,7,27,8,15,25.0,226,76,266,4.9,,,,,,,,,,,,,,,,,,,,,,,,,,,,,,,,,,,,
19908,2019,7,27,8,30,25.4,244,83,291,5.0,,,,,,,,,,,,,,,,,,,,,,,,,,,,,,,,,,,,
19909,2019,7,27,8,45,25.8,262,89,316,5.1000000000000005,,,,,,,,,,,,,,,,,,,,,,,,,,,,,,,,,,,,
19910,2019,7,27,9,0,26.200000000000003,280,95,340,5.300000000000001,,,,,,,,,,,,,,,,,,,,,,,,,,,,,,,,,,,,
19911,2019,7,27,9,15,26.6,297,100,363,5.300000000000001,,,,,,,,,,,,,,,,,,,,,,,,,,,,,,,,,,,,
19912,2019,7,27,9,30,26.9,313,105,385,5.300000000000001,,,,,,,,,,,,,,,,,,,,,,,,,,,,,,,,,,,,
19913,2019,7,27,9,45,27.200000000000003,328,110,406,5.4,,,,,,,,,,,,,,,,,,,,,,,,,,,,,,,,,,,,
19914,2019,7,27,10,0,27.5,342,114,426,5.4,,,,,,,,,,,,,,,,,,,,,,,,,,,,,,,,,,,,
19915,2019,7,27,10,15,27.8,355,117,444,5.4,,,,,,,,,,,,,,,,,,,,,,,,,,,,,,,,,,,,
19916,2019,7,27,10,30,28.0,367,120,460,5.300000000000001,,,,,,,,,,,,,,,,,,,,,,,,,,,,,,,,,,,,
19917,2019,7,27,10,45,28.3,377,123,475,5.300000000000001,,,,,,,,,,,,,,,,,,,,,,,,,,,,,,,,,,,,
19918,2019,7,27,11,0,28.5,386,125,487,5.300000000000001,,,,,,,,,,,,,,,,,,,,,,,,,,,,,,,,,,,,
19919,2019,7,27,11,15,28.700000000000003,394,127,498,5.2,,,,,,,,,,,,,,,,,,,,,,,,,,,,,,,,,,,,
19920,2019,7,27,11,30,28.9,400,129,506,5.2,,,,,,,,,,,,,,,,,,,,,,,,,,,,,,,,,,,,
19921,2019,7,27,11,45,29.1,404,130,513,5.1000000000000005,,,,,,,,,,,,,,,,,,,,,,,,,,,,,,,,,,,,
19922,2019,7,27,12,0,29.3,407,131,517,5.1000000000000005,,,,,,,,,,,,,,,,,,,,,,,,,,,,,,,,,,,,
19923,2019,7,27,12,15,29.4,409,131,519,5.0,,,,,,,,,,,,,,,,,,,,,,,,,,,,,,,,,,,,
19924,2019,7,27,12,30,29.5,408,131,519,5.0,,,,,,,,,,,,,,,,,,,,,,,,,,,,,,,,,,,,
19925,2019,7,27,12,45,29.700000000000003,407,131,517,4.9,,,,,,,,,,,,,,,,,,,,,,,,,,,,,,,,,,,,
19926,2019,7,27,13,0,29.8,403,130,512,4.9,,,,,,,,,,,,,,,,,,,,,,,,,,,,,,,,,,,,
19927,2019,7,27,13,15,29.8,398,129,505,4.800000000000001,,,,,,,,,,,,,,,,,,,,,,,,,,,,,,,,,,,,
19928,2019,7,27,13,30,29.9,392,127,496,4.800000000000001,,,,,,,,,,,,,,,,,,,,,,,,,,,,,,,,,,,,
19929,2019,7,27,13,45,29.9,384,125,485,4.800000000000001,,,,,,,,,,,,,,,,,,,,,,,,,,,,,,,,,,,,
19930,2019,7,27,14,0,29.9,375,123,471,4.7,,,,,,,,,,,,,,,,,,,,,,,,,,,,,,,,,,,,
19931,2019,7,27,14,15,29.9,364,120,456,4.7,,,,,,,,,,,,,,,,,,,,,,,,,,,,,,,,,,,,
19932,2019,7,27,14,30,29.8,352,117,439,4.6000000000000005,,,,,,,,,,,,,,,,,,,,,,,,,,,,,,,,,,,,
19933,2019,7,27,14,45,29.8,338,113,421,4.5,,,,,,,,,,,,,,,,,,,,,,,,,,,,,,,,,,,,
19934,2019,7,27,15,0,29.700000000000003,313,75,366,4.5,,,,,,,,,,,,,,,,,,,,,,,,,,,,,,,,,,,,
19935,2019,7,27,15,15,29.6,305,244,471,4.4,,,,,,,,,,,,,,,,,,,,,,,,,,,,,,,,,,,,
19936,2019,7,27,15,30,29.5,291,232,443,4.4,,,,,,,,,,,,,,,,,,,,,,,,,,,,,,,,,,,,
19937,2019,7,27,15,45,29.4,132,728,587,4.3,,,,,,,,,,,,,,,,,,,,,,,,,,,,,,,,,,,,
19938,2019,7,27,16,0,29.200000000000003,128,713,552,4.3,,,,,,,,,,,,,,,,,,,,,,,,,,,,,,,,,,,,
19939,2019,7,27,16,15,29.0,125,696,516,4.2,,,,,,,,,,,,,,,,,,,,,,,,,,,,,,,,,,,,
19940,2019,7,27,16,30,28.8,121,677,479,4.1000000000000005,,,,,,,,,,,,,,,,,,,,,,,,,,,,,,,,,,,,
19941,2019,7,27,16,45,28.6,119,647,439,4.0,,,,,,,,,,,,,,,,,,,,,,,,,,,,,,,,,,,,
19942,2019,7,27,17,0,28.3,114,621,399,4.0,,,,,,,,,,,,,,,,,,,,,,,,,,,,,,,,,,,,
19943,2019,7,27,17,15,28.0,162,265,274,3.8,,,,,,,,,,,,,,,,,,,,,,,,,,,,,,,,,,,,
19944,2019,7,27,17,30,27.6,103,565,321,3.6,,,,,,,,,,,,,,,,,,,,,,,,,,,,,,,,,,,,
19945,2019,7,27,17,45,27.200000000000003,97,531,282,3.4000000000000004,,,,,,,,,,,,,,,,,,,,,,,,,,,,,,,,,,,,
19946,2019,7,27,18,0,26.9,101,339,207,3.3000000000000003,,,,,,,,,,,,,,,,,,,,,,,,,,,,,,,,,,,,
19947,2019,7,27,18,15,26.200000000000003,82,451,205,3.1,,,,,,,,,,,,,,,,,,,,,,,,,,,,,,,,,,,,
19948,2019,7,27,18,30,25.5,77,278,142,2.8000000000000003,,,,,,,,,,,,,,,,,,,,,,,,,,,,,,,,,,,,
19949,2019,7,27,18,45,24.8,64,243,112,2.6,,,,,,,,,,,,,,,,,,,,,,,,,,,,,,,,,,,,
19950,2019,7,27,19,0,24.200000000000003,52,204,85,2.4000000000000004,,,,,,,,,,,,,,,,,,,,,,,,,,,,,,,,,,,,
19951,2019,7,27,19,15,23.700000000000003,40,160,60,2.5,,,,,,,,,,,,,,,,,,,,,,,,,,,,,,,,,,,,
19952,2019,7,27,19,30,23.200000000000003,28,108,38,2.5,,,,,,,,,,,,,,,,,,,,,,,,,,,,,,,,,,,,
19953,2019,7,27,19,45,22.700000000000003,18,21,19,2.5,,,,,,,,,,,,,,,,,,,,,,,,,,,,,,,,,,,,
19954,2019,7,27,20,0,22.200000000000003,7,25,8,2.6,,,,,,,,,,,,,,,,,,,,,,,,,,,,,,,,,,,,
19955,2019,7,27,20,15,22.1,0,0,0,2.7,,,,,,,,,,,,,,,,,,,,,,,,,,,,,,,,,,,,
19956,2019,7,27,20,30,21.9,0,0,0,2.7,,,,,,,,,,,,,,,,,,,,,,,,,,,,,,,,,,,,
19957,2019,7,27,20,45,21.700000000000003,0,0,0,2.8000000000000003,,,,,,,,,,,,,,,,,,,,,,,,,,,,,,,,,,,,
19958,2019,7,27,21,0,21.6,0,0,0,2.9000000000000004,,,,,,,,,,,,,,,,,,,,,,,,,,,,,,,,,,,,
19959,2019,7,27,21,15,21.4,0,0,0,2.8000000000000003,,,,,,,,,,,,,,,,,,,,,,,,,,,,,,,,,,,,
19960,2019,7,27,21,30,21.1,0,0,0,2.8000000000000003,,,,,,,,,,,,,,,,,,,,,,,,,,,,,,,,,,,,
19961,2019,7,27,21,45,20.9,0,0,0,2.7,,,,,,,,,,,,,,,,,,,,,,,,,,,,,,,,,,,,
19962,2019,7,27,22,0,20.700000000000003,0,0,0,2.6,,,,,,,,,,,,,,,,,,,,,,,,,,,,,,,,,,,,
19963,2019,7,27,22,15,20.5,0,0,0,2.6,,,,,,,,,,,,,,,,,,,,,,,,,,,,,,,,,,,,
19964,2019,7,27,22,30,20.3,0,0,0,2.6,,,,,,,,,,,,,,,,,,,,,,,,,,,,,,,,,,,,
19965,2019,7,27,22,45,20.1,0,0,0,2.5,,,,,,,,,,,,,,,,,,,,,,,,,,,,,,,,,,,,
19966,2019,7,27,23,0,19.9,0,0,0,2.5,,,,,,,,,,,,,,,,,,,,,,,,,,,,,,,,,,,,
19967,2019,7,27,23,15,19.8,0,0,0,2.5,,,,,,,,,,,,,,,,,,,,,,,,,,,,,,,,,,,,
19968,2019,7,27,23,30,19.700000000000003,0,0,0,2.5,,,,,,,,,,,,,,,,,,,,,,,,,,,,,,,,,,,,
19969,2019,7,27,23,45,19.6,0,0,0,2.6,,,,,,,,,,,,,,,,,,,,,,,,,,,,,,,,,,,,
19970,2019,7,28,0,0,19.5,0,0,0,2.6,,,,,,,,,,,,,,,,,,,,,,,,,,,,,,,,,,,,
19971,2019,7,28,0,15,19.5,0,0,0,2.6,,,,,,,,,,,,,,,,,,,,,,,,,,,,,,,,,,,,
19972,2019,7,28,0,30,19.5,0,0,0,2.6,,,,,,,,,,,,,,,,,,,,,,,,,,,,,,,,,,,,
19973,2019,7,28,0,45,19.5,0,0,0,2.6,,,,,,,,,,,,,,,,,,,,,,,,,,,,,,,,,,,,
19974,2019,7,28,1,0,18.8,0,0,0,2.3000000000000003,,,,,,,,,,,,,,,,,,,,,,,,,,,,,,,,,,,,
19975,2019,7,28,1,15,18.6,0,0,0,2.3000000000000003,,,,,,,,,,,,,,,,,,,,,,,,,,,,,,,,,,,,
19976,2019,7,28,1,30,18.5,0,0,0,2.2,,,,,,,,,,,,,,,,,,,,,,,,,,,,,,,,,,,,
19977,2019,7,28,1,45,18.3,0,0,0,2.2,,,,,,,,,,,,,,,,,,,,,,,,,,,,,,,,,,,,
19978,2019,7,28,2,0,18.2,0,0,0,2.1,,,,,,,,,,,,,,,,,,,,,,,,,,,,,,,,,,,,
19979,2019,7,28,2,15,18.1,0,0,0,2.1,,,,,,,,,,,,,,,,,,,,,,,,,,,,,,,,,,,,
19980,2019,7,28,2,30,18.0,0,0,0,2.1,,,,,,,,,,,,,,,,,,,,,,,,,,,,,,,,,,,,
19981,2019,7,28,2,45,17.900000000000002,0,0,0,2.0,,,,,,,,,,,,,,,,,,,,,,,,,,,,,,,,,,,,
19982,2019,7,28,3,0,17.8,0,0,0,2.0,,,,,,,,,,,,,,,,,,,,,,,,,,,,,,,,,,,,
19983,2019,7,28,3,15,17.7,0,0,0,2.0,,,,,,,,,,,,,,,,,,,,,,,,,,,,,,,,,,,,
19984,2019,7,28,3,30,17.7,0,0,0,2.0,,,,,,,,,,,,,,,,,,,,,,,,,,,,,,,,,,,,
19985,2019,7,28,3,45,17.7,0,0,0,2.0,,,,,,,,,,,,,,,,,,,,,,,,,,,,,,,,,,,,
19986,2019,7,28,4,0,17.7,0,0,0,2.0,,,,,,,,,,,,,,,,,,,,,,,,,,,,,,,,,,,,
19987,2019,7,28,4,15,17.900000000000002,0,0,0,2.2,,,,,,,,,,,,,,,,,,,,,,,,,,,,,,,,,,,,
19988,2019,7,28,4,30,18.1,0,0,0,2.3000000000000003,,,,,,,,,,,,,,,,,,,,,,,,,,,,,,,,,,,,
19989,2019,7,28,4,45,18.3,7,14,7,2.4000000000000004,,,,,,,,,,,,,,,,,,,,,,,,,,,,,,,,,,,,
19990,2019,7,28,5,0,18.5,19,45,21,2.6,,,,,,,,,,,,,,,,,,,,,,,,,,,,,,,,,,,,
19991,2019,7,28,5,15,18.9,34,88,42,2.6,,,,,,,,,,,,,,,,,,,,,,,,,,,,,,,,,,,,
19992,2019,7,28,5,30,19.3,50,135,68,2.6,,,,,,,,,,,,,,,,,,,,,,,,,,,,,,,,,,,,
19993,2019,7,28,5,45,19.700000000000003,67,174,96,2.7,,,,,,,,,,,,,,,,,,,,,,,,,,,,,,,,,,,,
19994,2019,7,28,6,0,20.1,83,220,128,2.7,,,,,,,,,,,,,,,,,,,,,,,,,,,,,,,,,,,,
19995,2019,7,28,6,15,20.6,97,264,161,2.7,,,,,,,,,,,,,,,,,,,,,,,,,,,,,,,,,,,,
19996,2019,7,28,6,30,21.200000000000003,111,305,197,2.7,,,,,,,,,,,,,,,,,,,,,,,,,,,,,,,,,,,,
19997,2019,7,28,6,45,21.700000000000003,123,345,233,2.7,,,,,,,,,,,,,,,,,,,,,,,,,,,,,,,,,,,,
19998,2019,7,28,7,0,22.3,137,381,272,2.7,,,,,,,,,,,,,,,,,,,,,,,,,,,,,,,,,,,,
19999,2019,7,28,7,15,22.700000000000003,145,413,308,2.7,,,,,,,,,,,,,,,,,,,,,,,,,,,,,,,,,,,,
20000,2019,7,28,7,30,23.1,155,443,346,2.8000000000000003,,,,,,,,,,,,,,,,,,,,,,,,,,,,,,,,,,,,
20001,2019,7,28,7,45,23.6,158,487,386,2.8000000000000003,,,,,,,,,,,,,,,,,,,,,,,,,,,,,,,,,,,,
20002,2019,7,28,8,0,24.0,166,512,423,2.8000000000000003,,,,,,,,,,,,,,,,,,,,,,,,,,,,,,,,,,,,
20003,2019,7,28,8,15,24.3,231,112,291,2.7,,,,,,,,,,,,,,,,,,,,,,,,,,,,,,,,,,,,
20004,2019,7,28,8,30,24.6,217,368,427,2.7,,,,,,,,,,,,,,,,,,,,,,,,,,,,,,,,,,,,
20005,2019,7,28,8,45,24.8,267,128,344,2.7,,,,,,,,,,,,,,,,,,,,,,,,,,,,,,,,,,,,
20006,2019,7,28,9,0,25.1,284,135,369,2.7,,,,,,,,,,,,,,,,,,,,,,,,,,,,,,,,,,,,
20007,2019,7,28,9,15,25.4,187,622,597,2.7,,,,,,,,,,,,,,,,,,,,,,,,,,,,,,,,,,,,
20008,2019,7,28,9,30,25.6,191,633,626,2.7,,,,,,,,,,,,,,,,,,,,,,,,,,,,,,,,,,,,
20009,2019,7,28,9,45,25.8,166,700,664,2.7,,,,,,,,,,,,,,,,,,,,,,,,,,,,,,,,,,,,
20010,2019,7,28,10,0,26.1,169,710,691,2.6,,,,,,,,,,,,,,,,,,,,,,,,,,,,,,,,,,,,
20011,2019,7,28,10,15,26.3,358,160,478,2.6,,,,,,,,,,,,,,,,,,,,,,,,,,,,,,,,,,,,
20012,2019,7,28,10,30,26.5,369,162,495,2.6,,,,,,,,,,,,,,,,,,,,,,,,,,,,,,,,,,,,
20013,2019,7,28,10,45,26.6,379,165,510,2.6,,,,,,,,,,,,,,,,,,,,,,,,,,,,,,,,,,,,
20014,2019,7,28,11,0,26.8,388,168,523,2.6,,,,,,,,,,,,,,,,,,,,,,,,,,,,,,,,,,,,
20015,2019,7,28,11,15,26.9,395,169,534,2.6,,,,,,,,,,,,,,,,,,,,,,,,,,,,,,,,,,,,
20016,2019,7,28,11,30,27.0,401,171,543,2.6,,,,,,,,,,,,,,,,,,,,,,,,,,,,,,,,,,,,
20017,2019,7,28,11,45,27.1,381,310,640,2.6,,,,,,,,,,,,,,,,,,,,,,,,,,,,,,,,,,,,
20018,2019,7,28,12,0,27.200000000000003,408,172,553,2.6,,,,,,,,,,,,,,,,,,,,,,,,,,,,,,,,,,,,
20019,2019,7,28,12,15,27.200000000000003,410,172,555,2.6,,,,,,,,,,,,,,,,,,,,,,,,,,,,,,,,,,,,
20020,2019,7,28,12,30,27.3,410,172,554,2.6,,,,,,,,,,,,,,,,,,,,,,,,,,,,,,,,,,,,
20021,2019,7,28,12,45,27.3,373,350,666,2.6,,,,,,,,,,,,,,,,,,,,,,,,,,,,,,,,,,,,
20022,2019,7,28,13,0,27.3,404,175,550,2.6,,,,,,,,,,,,,,,,,,,,,,,,,,,,,,,,,,,,
20023,2019,7,28,13,15,27.3,399,189,554,2.6,,,,,,,,,,,,,,,,,,,,,,,,,,,,,,,,,,,,
20024,2019,7,28,13,30,27.3,392,191,547,2.6,,,,,,,,,,,,,,,,,,,,,,,,,,,,,,,,,,,,
20025,2019,7,28,13,45,27.3,385,186,534,2.6,,,,,,,,,,,,,,,,,,,,,,,,,,,,,,,,,,,,
20026,2019,7,28,14,0,27.3,343,342,613,2.5,,,,,,,,,,,,,,,,,,,,,,,,,,,,,,,,,,,,
20027,2019,7,28,14,15,27.3,342,311,581,2.5,,,,,,,,,,,,,,,,,,,,,,,,,,,,,,,,,,,,
20028,2019,7,28,14,30,27.200000000000003,316,362,588,2.4000000000000004,,,,,,,,,,,,,,,,,,,,,,,,,,,,,,,,,,,,
20029,2019,7,28,14,45,27.200000000000003,340,130,434,2.4000000000000004,,,,,,,,,,,,,,,,,,,,,,,,,,,,,,,,,,,,
20030,2019,7,28,15,0,27.200000000000003,241,492,588,2.4000000000000004,,,,,,,,,,,,,,,,,,,,,,,,,,,,,,,,,,,,
20031,2019,7,28,15,15,27.200000000000003,224,505,567,2.3000000000000003,,,,,,,,,,,,,,,,,,,,,,,,,,,,,,,,,,,,
20032,2019,7,28,15,30,27.200000000000003,242,429,521,2.2,,,,,,,,,,,,,,,,,,,,,,,,,,,,,,,,,,,,
20033,2019,7,28,15,45,27.200000000000003,227,433,497,2.2,,,,,,,,,,,,,,,,,,,,,,,,,,,,,,,,,,,,
20034,2019,7,28,16,0,27.1,254,244,399,2.1,,,,,,,,,,,,,,,,,,,,,,,,,,,,,,,,,,,,
20035,2019,7,28,16,15,27.1,198,428,437,2.0,,,,,,,,,,,,,,,,,,,,,,,,,,,,,,,,,,,,
20036,2019,7,28,16,30,27.200000000000003,193,377,392,1.9,,,,,,,,,,,,,,,,,,,,,,,,,,,,,,,,,,,,
20037,2019,7,28,16,45,27.200000000000003,171,403,370,1.8,,,,,,,,,,,,,,,,,,,,,,,,,,,,,,,,,,,,
20038,2019,7,28,17,0,27.200000000000003,150,424,344,1.7000000000000002,,,,,,,,,,,,,,,,,,,,,,,,,,,,,,,,,,,,
20039,2019,7,28,17,15,26.9,138,403,308,1.5,,,,,,,,,,,,,,,,,,,,,,,,,,,,,,,,,,,,
20040,2019,7,28,17,30,26.700000000000003,124,393,275,1.3,,,,,,,,,,,,,,,,,,,,,,,,,,,,,,,,,,,,
20041,2019,7,28,17,45,26.4,117,330,232,1.0,,,,,,,,,,,,,,,,,,,,,,,,,,,,,,,,,,,,
20042,2019,7,28,18,0,26.200000000000003,99,346,206,0.8,,,,,,,,,,,,,,,,,,,,,,,,,,,,,,,,,,,,
20043,2019,7,28,18,15,26.0,102,315,187,0.7000000000000001,,,,,,,,,,,,,,,,,,,,,,,,,,,,,,,,,,,,
20044,2019,7,28,18,30,25.8,89,271,152,0.7000000000000001,,,,,,,,,,,,,,,,,,,,,,,,,,,,,,,,,,,,
20045,2019,7,28,18,45,25.6,77,212,118,0.7000000000000001,,,,,,,,,,,,,,,,,,,,,,,,,,,,,,,,,,,,
20046,2019,7,28,19,0,25.3,62,164,87,0.6000000000000001,,,,,,,,,,,,,,,,,,,,,,,,,,,,,,,,,,,,
20047,2019,7,28,19,15,25.3,46,115,59,0.6000000000000001,,,,,,,,,,,,,,,,,,,,,,,,,,,,,,,,,,,,
20048,2019,7,28,19,30,25.200000000000003,29,68,35,0.6000000000000001,,,,,,,,,,,,,,,,,,,,,,,,,,,,,,,,,,,,
20049,2019,7,28,19,45,25.1,14,26,15,0.6000000000000001,,,,,,,,,,,,,,,,,,,,,,,,,,,,,,,,,,,,
20050,2019,7,28,20,0,25.1,0,0,0,0.5,,,,,,,,,,,,,,,,,,,,,,,,,,,,,,,,,,,,
20051,2019,7,28,20,15,24.9,0,0,0,0.6000000000000001,,,,,,,,,,,,,,,,,,,,,,,,,,,,,,,,,,,,
20052,2019,7,28,20,30,24.700000000000003,0,0,0,0.6000000000000001,,,,,,,,,,,,,,,,,,,,,,,,,,,,,,,,,,,,
20053,2019,7,28,20,45,24.5,0,0,0,0.7000000000000001,,,,,,,,,,,,,,,,,,,,,,,,,,,,,,,,,,,,
20054,2019,7,28,21,0,24.3,0,0,0,0.7000000000000001,,,,,,,,,,,,,,,,,,,,,,,,,,,,,,,,,,,,
20055,2019,7,28,21,15,24.1,0,0,0,0.7000000000000001,,,,,,,,,,,,,,,,,,,,,,,,,,,,,,,,,,,,
20056,2019,7,28,21,30,23.9,0,0,0,0.8,,,,,,,,,,,,,,,,,,,,,,,,,,,,,,,,,,,,
20057,2019,7,28,21,45,23.6,0,0,0,0.8,,,,,,,,,,,,,,,,,,,,,,,,,,,,,,,,,,,,
20058,2019,7,28,22,0,23.4,0,0,0,0.9,,,,,,,,,,,,,,,,,,,,,,,,,,,,,,,,,,,,
20059,2019,7,28,22,15,23.200000000000003,0,0,0,0.9,,,,,,,,,,,,,,,,,,,,,,,,,,,,,,,,,,,,
20060,2019,7,28,22,30,22.9,0,0,0,1.0,,,,,,,,,,,,,,,,,,,,,,,,,,,,,,,,,,,,
20061,2019,7,28,22,45,22.700000000000003,0,0,0,1.0,,,,,,,,,,,,,,,,,,,,,,,,,,,,,,,,,,,,
20062,2019,7,28,23,0,22.4,0,0,0,1.1,,,,,,,,,,,,,,,,,,,,,,,,,,,,,,,,,,,,
20063,2019,7,28,23,15,22.200000000000003,0,0,0,1.1,,,,,,,,,,,,,,,,,,,,,,,,,,,,,,,,,,,,
20064,2019,7,28,23,30,22.0,0,0,0,1.2000000000000002,,,,,,,,,,,,,,,,,,,,,,,,,,,,,,,,,,,,
20065,2019,7,28,23,45,21.8,0,0,0,1.2000000000000002,,,,,,,,,,,,,,,,,,,,,,,,,,,,,,,,,,,,
20066,2019,7,29,0,0,21.6,0,0,0,1.3,,,,,,,,,,,,,,,,,,,,,,,,,,,,,,,,,,,,
20067,2019,7,29,0,15,21.6,0,0,0,1.3,,,,,,,,,,,,,,,,,,,,,,,,,,,,,,,,,,,,
20068,2019,7,29,0,30,21.6,0,0,0,1.3,,,,,,,,,,,,,,,,,,,,,,,,,,,,,,,,,,,,
20069,2019,7,29,0,45,21.6,0,0,0,1.3,,,,,,,,,,,,,,,,,,,,,,,,,,,,,,,,,,,,
20070,2019,7,29,1,0,20.9,0,0,0,1.5,,,,,,,,,,,,,,,,,,,,,,,,,,,,,,,,,,,,
20071,2019,7,29,1,15,20.8,0,0,0,1.5,,,,,,,,,,,,,,,,,,,,,,,,,,,,,,,,,,,,
20072,2019,7,29,1,30,20.6,0,0,0,1.6,,,,,,,,,,,,,,,,,,,,,,,,,,,,,,,,,,,,
20073,2019,7,29,1,45,20.5,0,0,0,1.6,,,,,,,,,,,,,,,,,,,,,,,,,,,,,,,,,,,,
20074,2019,7,29,2,0,20.3,0,0,0,1.7000000000000002,,,,,,,,,,,,,,,,,,,,,,,,,,,,,,,,,,,,
20075,2019,7,29,2,15,20.200000000000003,0,0,0,1.8,,,,,,,,,,,,,,,,,,,,,,,,,,,,,,,,,,,,
20076,2019,7,29,2,30,20.1,0,0,0,1.8,,,,,,,,,,,,,,,,,,,,,,,,,,,,,,,,,,,,
20077,2019,7,29,2,45,20.0,0,0,0,1.9,,,,,,,,,,,,,,,,,,,,,,,,,,,,,,,,,,,,
20078,2019,7,29,3,0,19.9,0,0,0,2.0,,,,,,,,,,,,,,,,,,,,,,,,,,,,,,,,,,,,
20079,2019,7,29,3,15,19.8,0,0,0,2.1,,,,,,,,,,,,,,,,,,,,,,,,,,,,,,,,,,,,
20080,2019,7,29,3,30,19.700000000000003,0,0,0,2.1,,,,,,,,,,,,,,,,,,,,,,,,,,,,,,,,,,,,
20081,2019,7,29,3,45,19.5,0,0,0,2.2,,,,,,,,,,,,,,,,,,,,,,,,,,,,,,,,,,,,
20082,2019,7,29,4,0,19.4,0,0,0,2.3000000000000003,,,,,,,,,,,,,,,,,,,,,,,,,,,,,,,,,,,,
20083,2019,7,29,4,15,19.4,0,0,0,2.5,,,,,,,,,,,,,,,,,,,,,,,,,,,,,,,,,,,,
20084,2019,7,29,4,30,19.4,0,0,0,2.6,,,,,,,,,,,,,,,,,,,,,,,,,,,,,,,,,,,,
20085,2019,7,29,4,45,19.4,4,2,4,2.8000000000000003,,,,,,,,,,,,,,,,,,,,,,,,,,,,,,,,,,,,
20086,2019,7,29,5,0,19.4,3,0,3,2.9000000000000004,,,,,,,,,,,,,,,,,,,,,,,,,,,,,,,,,,,,
20087,2019,7,29,5,15,19.4,4,0,4,3.0,,,,,,,,,,,,,,,,,,,,,,,,,,,,,,,,,,,,
20088,2019,7,29,5,30,19.5,6,0,6,3.1,,,,,,,,,,,,,,,,,,,,,,,,,,,,,,,,,,,,
20089,2019,7,29,5,45,19.6,8,0,8,3.3000000000000003,,,,,,,,,,,,,,,,,,,,,,,,,,,,,,,,,,,,
20090,2019,7,29,6,0,19.6,10,0,10,3.4000000000000004,,,,,,,,,,,,,,,,,,,,,,,,,,,,,,,,,,,,
20091,2019,7,29,6,15,19.8,12,0,12,3.4000000000000004,,,,,,,,,,,,,,,,,,,,,,,,,,,,,,,,,,,,
20092,2019,7,29,6,30,19.9,15,0,15,3.5,,,,,,,,,,,,,,,,,,,,,,,,,,,,,,,,,,,,
20093,2019,7,29,6,45,20.1,18,0,18,3.6,,,,,,,,,,,,,,,,,,,,,,,,,,,,,,,,,,,,
20094,2019,7,29,7,0,20.200000000000003,22,0,22,3.7,,,,,,,,,,,,,,,,,,,,,,,,,,,,,,,,,,,,
20095,2019,7,29,7,15,20.5,25,0,25,3.7,,,,,,,,,,,,,,,,,,,,,,,,,,,,,,,,,,,,
20096,2019,7,29,7,30,20.700000000000003,29,0,29,3.7,,,,,,,,,,,,,,,,,,,,,,,,,,,,,,,,,,,,
20097,2019,7,29,7,45,20.9,33,0,33,3.7,,,,,,,,,,,,,,,,,,,,,,,,,,,,,,,,,,,,
20098,2019,7,29,8,0,21.1,20,0,20,3.7,,,,,,,,,,,,,,,,,,,,,,,,,,,,,,,,,,,,
20099,2019,7,29,8,15,21.4,57,0,57,3.6,,,,,,,,,,,,,,,,,,,,,,,,,,,,,,,,,,,,
20100,2019,7,29,8,30,21.700000000000003,104,0,104,3.6,,,,,,,,,,,,,,,,,,,,,,,,,,,,,,,,,,,,
20101,2019,7,29,8,45,21.9,125,0,125,3.6,,,,,,,,,,,,,,,,,,,,,,,,,,,,,,,,,,,,
20102,2019,7,29,9,0,22.200000000000003,135,0,135,3.5,,,,,,,,,,,,,,,,,,,,,,,,,,,,,,,,,,,,
20103,2019,7,29,9,15,22.6,165,2,166,3.5,,,,,,,,,,,,,,,,,,,,,,,,,,,,,,,,,,,,
20104,2019,7,29,9,30,22.9,174,4,176,3.5,,,,,,,,,,,,,,,,,,,,,,,,,,,,,,,,,,,,
20105,2019,7,29,9,45,23.3,182,5,186,3.4000000000000004,,,,,,,,,,,,,,,,,,,,,,,,,,,,,,,,,,,,
20106,2019,7,29,10,0,23.6,143,0,143,3.4000000000000004,,,,,,,,,,,,,,,,,,,,,,,,,,,,,,,,,,,,
20107,2019,7,29,10,15,24.0,148,1,148,3.4000000000000004,,,,,,,,,,,,,,,,,,,,,,,,,,,,,,,,,,,,
20108,2019,7,29,10,30,24.4,104,0,104,3.4000000000000004,,,,,,,,,,,,,,,,,,,,,,,,,,,,,,,,,,,,
20109,2019,7,29,10,45,24.8,150,2,152,3.4000000000000004,,,,,,,,,,,,,,,,,,,,,,,,,,,,,,,,,,,,
20110,2019,7,29,11,0,25.1,158,3,161,3.4000000000000004,,,,,,,,,,,,,,,,,,,,,,,,,,,,,,,,,,,,
20111,2019,7,29,11,15,25.4,182,6,187,3.5,,,,,,,,,,,,,,,,,,,,,,,,,,,,,,,,,,,,
20112,2019,7,29,11,30,25.6,181,6,186,3.5,,,,,,,,,,,,,,,,,,,,,,,,,,,,,,,,,,,,
20113,2019,7,29,11,45,25.9,223,10,231,3.5,,,,,,,,,,,,,,,,,,,,,,,,,,,,,,,,,,,,
20114,2019,7,29,12,0,26.1,267,15,280,3.6,,,,,,,,,,,,,,,,,,,,,,,,,,,,,,,,,,,,
20115,2019,7,29,12,15,26.200000000000003,294,20,311,3.6,,,,,,,,,,,,,,,,,,,,,,,,,,,,,,,,,,,,
20116,2019,7,29,12,30,26.3,343,37,374,3.7,,,,,,,,,,,,,,,,,,,,,,,,,,,,,,,,,,,,
20117,2019,7,29,12,45,26.4,322,28,346,3.7,,,,,,,,,,,,,,,,,,,,,,,,,,,,,,,,,,,,
20118,2019,7,29,13,0,26.5,328,32,355,3.7,,,,,,,,,,,,,,,,,,,,,,,,,,,,,,,,,,,,
20119,2019,7,29,13,15,26.6,277,17,291,3.7,,,,,,,,,,,,,,,,,,,,,,,,,,,,,,,,,,,,
20120,2019,7,29,13,30,26.6,303,25,323,3.7,,,,,,,,,,,,,,,,,,,,,,,,,,,,,,,,,,,,
20121,2019,7,29,13,45,26.6,296,24,315,3.8,,,,,,,,,,,,,,,,,,,,,,,,,,,,,,,,,,,,
20122,2019,7,29,14,0,26.6,288,24,307,3.8,,,,,,,,,,,,,,,,,,,,,,,,,,,,,,,,,,,,
20123,2019,7,29,14,15,26.5,287,515,683,3.7,,,,,,,,,,,,,,,,,,,,,,,,,,,,,,,,,,,,
20124,2019,7,29,14,30,26.5,283,506,661,3.7,,,,,,,,,,,,,,,,,,,,,,,,,,,,,,,,,,,,
20125,2019,7,29,14,45,26.4,271,508,639,3.7,,,,,,,,,,,,,,,,,,,,,,,,,,,,,,,,,,,,
20126,2019,7,29,15,0,26.4,265,496,614,3.6,,,,,,,,,,,,,,,,,,,,,,,,,,,,,,,,,,,,
20127,2019,7,29,15,15,26.3,259,483,586,3.6,,,,,,,,,,,,,,,,,,,,,,,,,,,,,,,,,,,,
20128,2019,7,29,15,30,26.200000000000003,252,468,556,3.6,,,,,,,,,,,,,,,,,,,,,,,,,,,,,,,,,,,,
20129,2019,7,29,15,45,26.1,243,455,526,3.5,,,,,,,,,,,,,,,,,,,,,,,,,,,,,,,,,,,,
20130,2019,7,29,16,0,26.0,235,437,493,3.5,,,,,,,,,,,,,,,,,,,,,,,,,,,,,,,,,,,,
20131,2019,7,29,16,15,25.8,226,418,459,3.4000000000000004,,,,,,,,,,,,,,,,,,,,,,,,,,,,,,,,,,,,
20132,2019,7,29,16,30,25.700000000000003,216,396,424,3.3000000000000003,,,,,,,,,,,,,,,,,,,,,,,,,,,,,,,,,,,,
20133,2019,7,29,16,45,25.5,206,372,388,3.3000000000000003,,,,,,,,,,,,,,,,,,,,,,,,,,,,,,,,,,,,
20134,2019,7,29,17,0,25.3,194,347,352,3.2,,,,,,,,,,,,,,,,,,,,,,,,,,,,,,,,,,,,
20135,2019,7,29,17,15,25.1,182,320,316,3.2,,,,,,,,,,,,,,,,,,,,,,,,,,,,,,,,,,,,
20136,2019,7,29,17,30,24.8,168,291,279,3.1,,,,,,,,,,,,,,,,,,,,,,,,,,,,,,,,,,,,
20137,2019,7,29,17,45,24.6,153,260,242,3.0,,,,,,,,,,,,,,,,,,,,,,,,,,,,,,,,,,,,
20138,2019,7,29,18,0,24.3,137,228,206,2.9000000000000004,,,,,,,,,,,,,,,,,,,,,,,,,,,,,,,,,,,,
20139,2019,7,29,18,15,24.0,120,193,172,2.7,,,,,,,,,,,,,,,,,,,,,,,,,,,,,,,,,,,,
20140,2019,7,29,18,30,23.6,102,158,138,2.5,,,,,,,,,,,,,,,,,,,,,,,,,,,,,,,,,,,,
20141,2019,7,29,18,45,23.200000000000003,82,117,105,2.3000000000000003,,,,,,,,,,,,,,,,,,,,,,,,,,,,,,,,,,,,
20142,2019,7,29,19,0,22.9,62,83,75,2.1,,,,,,,,,,,,,,,,,,,,,,,,,,,,,,,,,,,,
20143,2019,7,29,19,15,22.5,42,53,48,2.1,,,,,,,,,,,,,,,,,,,,,,,,,,,,,,,,,,,,
20144,2019,7,29,19,30,22.200000000000003,23,27,25,2.1,,,,,,,,,,,,,,,,,,,,,,,,,,,,,,,,,,,,
20145,2019,7,29,19,45,21.9,6,0,6,2.0,,,,,,,,,,,,,,,,,,,,,,,,,,,,,,,,,,,,
20146,2019,7,29,20,0,21.6,0,0,0,2.0,,,,,,,,,,,,,,,,,,,,,,,,,,,,,,,,,,,,
20147,2019,7,29,20,15,21.4,0,0,0,2.1,,,,,,,,,,,,,,,,,,,,,,,,,,,,,,,,,,,,
20148,2019,7,29,20,30,21.200000000000003,0,0,0,2.2,,,,,,,,,,,,,,,,,,,,,,,,,,,,,,,,,,,,
20149,2019,7,29,20,45,21.0,0,0,0,2.3000000000000003,,,,,,,,,,,,,,,,,,,,,,,,,,,,,,,,,,,,
20150,2019,7,29,21,0,20.9,0,0,0,2.4000000000000004,,,,,,,,,,,,,,,,,,,,,,,,,,,,,,,,,,,,
20151,2019,7,29,21,15,20.700000000000003,0,0,0,2.5,,,,,,,,,,,,,,,,,,,,,,,,,,,,,,,,,,,,
20152,2019,7,29,21,30,20.6,0,0,0,2.5,,,,,,,,,,,,,,,,,,,,,,,,,,,,,,,,,,,,
20153,2019,7,29,21,45,20.4,0,0,0,2.5,,,,,,,,,,,,,,,,,,,,,,,,,,,,,,,,,,,,
20154,2019,7,29,22,0,20.3,0,0,0,2.5,,,,,,,,,,,,,,,,,,,,,,,,,,,,,,,,,,,,
20155,2019,7,29,22,15,20.200000000000003,0,0,0,2.5,,,,,,,,,,,,,,,,,,,,,,,,,,,,,,,,,,,,
20156,2019,7,29,22,30,20.1,0,0,0,2.5,,,,,,,,,,,,,,,,,,,,,,,,,,,,,,,,,,,,
20157,2019,7,29,22,45,20.0,0,0,0,2.5,,,,,,,,,,,,,,,,,,,,,,,,,,,,,,,,,,,,
20158,2019,7,29,23,0,19.9,0,0,0,2.5,,,,,,,,,,,,,,,,,,,,,,,,,,,,,,,,,,,,
20159,2019,7,29,23,15,19.8,0,0,0,2.6,,,,,,,,,,,,,,,,,,,,,,,,,,,,,,,,,,,,
20160,2019,7,29,23,30,19.700000000000003,0,0,0,2.6,,,,,,,,,,,,,,,,,,,,,,,,,,,,,,,,,,,,
20161,2019,7,29,23,45,19.6,0,0,0,2.6,,,,,,,,,,,,,,,,,,,,,,,,,,,,,,,,,,,,
20162,2019,7,30,0,0,19.5,0,0,0,2.6,,,,,,,,,,,,,,,,,,,,,,,,,,,,,,,,,,,,
20163,2019,7,30,0,15,19.5,0,0,0,2.6,,,,,,,,,,,,,,,,,,,,,,,,,,,,,,,,,,,,
20164,2019,7,30,0,30,19.5,0,0,0,2.6,,,,,,,,,,,,,,,,,,,,,,,,,,,,,,,,,,,,
20165,2019,7,30,0,45,19.5,0,0,0,2.6,,,,,,,,,,,,,,,,,,,,,,,,,,,,,,,,,,,,
20166,2019,7,30,1,0,19.200000000000003,0,0,0,2.5,,,,,,,,,,,,,,,,,,,,,,,,,,,,,,,,,,,,
20167,2019,7,30,1,15,19.1,0,0,0,2.5,,,,,,,,,,,,,,,,,,,,,,,,,,,,,,,,,,,,
20168,2019,7,30,1,30,19.0,0,0,0,2.5,,,,,,,,,,,,,,,,,,,,,,,,,,,,,,,,,,,,
20169,2019,7,30,1,45,18.9,0,0,0,2.5,,,,,,,,,,,,,,,,,,,,,,,,,,,,,,,,,,,,
20170,2019,7,30,2,0,18.8,0,0,0,2.5,,,,,,,,,,,,,,,,,,,,,,,,,,,,,,,,,,,,
20171,2019,7,30,2,15,18.7,0,0,0,2.5,,,,,,,,,,,,,,,,,,,,,,,,,,,,,,,,,,,,
20172,2019,7,30,2,30,18.7,0,0,0,2.4000000000000004,,,,,,,,,,,,,,,,,,,,,,,,,,,,,,,,,,,,
20173,2019,7,30,2,45,18.6,0,0,0,2.4000000000000004,,,,,,,,,,,,,,,,,,,,,,,,,,,,,,,,,,,,
20174,2019,7,30,3,0,18.5,0,0,0,2.4000000000000004,,,,,,,,,,,,,,,,,,,,,,,,,,,,,,,,,,,,
20175,2019,7,30,3,15,18.4,0,0,0,2.4000000000000004,,,,,,,,,,,,,,,,,,,,,,,,,,,,,,,,,,,,
20176,2019,7,30,3,30,18.3,0,0,0,2.4000000000000004,,,,,,,,,,,,,,,,,,,,,,,,,,,,,,,,,,,,
20177,2019,7,30,3,45,18.2,0,0,0,2.4000000000000004,,,,,,,,,,,,,,,,,,,,,,,,,,,,,,,,,,,,
20178,2019,7,30,4,0,18.1,0,0,0,2.3000000000000003,,,,,,,,,,,,,,,,,,,,,,,,,,,,,,,,,,,,
20179,2019,7,30,4,15,18.2,0,0,0,2.4000000000000004,,,,,,,,,,,,,,,,,,,,,,,,,,,,,,,,,,,,
20180,2019,7,30,4,30,18.3,0,0,0,2.5,,,,,,,,,,,,,,,,,,,,,,,,,,,,,,,,,,,,
20181,2019,7,30,4,45,18.3,4,3,4,2.6,,,,,,,,,,,,,,,,,,,,,,,,,,,,,,,,,,,,
20182,2019,7,30,5,0,18.4,14,18,15,2.7,,,,,,,,,,,,,,,,,,,,,,,,,,,,,,,,,,,,
20183,2019,7,30,5,15,18.6,30,45,34,2.7,,,,,,,,,,,,,,,,,,,,,,,,,,,,,,,,,,,,
20184,2019,7,30,5,30,18.8,48,81,58,2.8000000000000003,,,,,,,,,,,,,,,,,,,,,,,,,,,,,,,,,,,,
20185,2019,7,30,5,45,19.0,67,118,86,2.8000000000000003,,,,,,,,,,,,,,,,,,,,,,,,,,,,,,,,,,,,
20186,2019,7,30,6,0,19.200000000000003,86,159,117,2.8000000000000003,,,,,,,,,,,,,,,,,,,,,,,,,,,,,,,,,,,,
20187,2019,7,30,6,15,19.5,103,198,150,2.9000000000000004,,,,,,,,,,,,,,,,,,,,,,,,,,,,,,,,,,,,
20188,2019,7,30,6,30,19.8,15,0,15,2.9000000000000004,,,,,,,,,,,,,,,,,,,,,,,,,,,,,,,,,,,,
20189,2019,7,30,6,45,20.1,18,0,18,2.9000000000000004,,,,,,,,,,,,,,,,,,,,,,,,,,,,,,,,,,,,
20190,2019,7,30,7,0,20.4,22,0,22,2.9000000000000004,,,,,,,,,,,,,,,,,,,,,,,,,,,,,,,,,,,,
20191,2019,7,30,7,15,20.8,25,0,25,2.9000000000000004,,,,,,,,,,,,,,,,,,,,,,,,,,,,,,,,,,,,
20192,2019,7,30,7,30,21.200000000000003,29,0,29,2.9000000000000004,,,,,,,,,,,,,,,,,,,,,,,,,,,,,,,,,,,,
20193,2019,7,30,7,45,21.6,33,0,33,2.9000000000000004,,,,,,,,,,,,,,,,,,,,,,,,,,,,,,,,,,,,
20194,2019,7,30,8,0,22.0,37,0,37,3.0,,,,,,,,,,,,,,,,,,,,,,,,,,,,,,,,,,,,
20195,2019,7,30,8,15,22.3,40,0,40,3.0,,,,,,,,,,,,,,,,,,,,,,,,,,,,,,,,,,,,
20196,2019,7,30,8,30,22.700000000000003,44,0,44,3.0,,,,,,,,,,,,,,,,,,,,,,,,,,,,,,,,,,,,
20197,2019,7,30,8,45,23.1,214,501,513,3.1,,,,,,,,,,,,,,,,,,,,,,,,,,,,,,,,,,,,
20198,2019,7,30,9,0,23.5,221,519,545,3.1,,,,,,,,,,,,,,,,,,,,,,,,,,,,,,,,,,,,
20199,2019,7,30,9,15,23.9,227,534,577,3.1,,,,,,,,,,,,,,,,,,,,,,,,,,,,,,,,,,,,
20200,2019,7,30,9,30,24.3,232,549,606,3.2,,,,,,,,,,,,,,,,,,,,,,,,,,,,,,,,,,,,
20201,2019,7,30,9,45,24.700000000000003,232,572,636,3.2,,,,,,,,,,,,,,,,,,,,,,,,,,,,,,,,,,,,
20202,2019,7,30,10,0,25.1,236,583,661,3.3000000000000003,,,,,,,,,,,,,,,,,,,,,,,,,,,,,,,,,,,,
20203,2019,7,30,10,15,25.5,347,233,522,3.3000000000000003,,,,,,,,,,,,,,,,,,,,,,,,,,,,,,,,,,,,
20204,2019,7,30,10,30,25.8,358,238,541,3.3000000000000003,,,,,,,,,,,,,,,,,,,,,,,,,,,,,,,,,,,,
20205,2019,7,30,10,45,26.200000000000003,367,241,557,3.3000000000000003,,,,,,,,,,,,,,,,,,,,,,,,,,,,,,,,,,,,
20206,2019,7,30,11,0,26.5,239,631,744,3.3000000000000003,,,,,,,,,,,,,,,,,,,,,,,,,,,,,,,,,,,,
20207,2019,7,30,11,15,26.700000000000003,240,636,757,3.3000000000000003,,,,,,,,,,,,,,,,,,,,,,,,,,,,,,,,,,,,
20208,2019,7,30,11,30,26.9,388,250,593,3.3000000000000003,,,,,,,,,,,,,,,,,,,,,,,,,,,,,,,,,,,,
20209,2019,7,30,11,45,27.1,392,251,600,3.3000000000000003,,,,,,,,,,,,,,,,,,,,,,,,,,,,,,,,,,,,
20210,2019,7,30,12,0,27.4,394,252,605,3.2,,,,,,,,,,,,,,,,,,,,,,,,,,,,,,,,,,,,
20211,2019,7,30,12,15,27.5,396,253,607,3.2,,,,,,,,,,,,,,,,,,,,,,,,,,,,,,,,,,,,
20212,2019,7,30,12,30,27.6,317,26,339,3.2,,,,,,,,,,,,,,,,,,,,,,,,,,,,,,,,,,,,
20213,2019,7,30,12,45,27.700000000000003,315,26,336,3.2,,,,,,,,,,,,,,,,,,,,,,,,,,,,,,,,,,,,
20214,2019,7,30,13,0,27.9,312,26,333,3.1,,,,,,,,,,,,,,,,,,,,,,,,,,,,,,,,,,,,
20215,2019,7,30,13,15,28.0,333,36,363,3.1,,,,,,,,,,,,,,,,,,,,,,,,,,,,,,,,,,,,
20216,2019,7,30,13,30,28.1,380,97,459,3.1,,,,,,,,,,,,,,,,,,,,,,,,,,,,,,,,,,,,
20217,2019,7,30,13,45,28.200000000000003,336,46,373,3.0,,,,,,,,,,,,,,,,,,,,,,,,,,,,,,,,,,,,
20218,2019,7,30,14,0,28.4,328,45,362,3.0,,,,,,,,,,,,,,,,,,,,,,,,,,,,,,,,,,,,
20219,2019,7,30,14,15,28.4,361,193,508,2.9000000000000004,,,,,,,,,,,,,,,,,,,,,,,,,,,,,,,,,,,,
20220,2019,7,30,14,30,28.4,349,189,490,2.9000000000000004,,,,,,,,,,,,,,,,,,,,,,,,,,,,,,,,,,,,
20221,2019,7,30,14,45,28.4,336,195,477,2.9000000000000004,,,,,,,,,,,,,,,,,,,,,,,,,,,,,,,,,,,,
20222,2019,7,30,15,0,28.4,296,55,335,2.8000000000000003,,,,,,,,,,,,,,,,,,,,,,,,,,,,,,,,,,,,
20223,2019,7,30,15,15,28.3,285,57,323,2.8000000000000003,,,,,,,,,,,,,,,,,,,,,,,,,,,,,,,,,,,,
20224,2019,7,30,15,30,28.200000000000003,290,109,360,2.7,,,,,,,,,,,,,,,,,,,,,,,,,,,,,,,,,,,,
20225,2019,7,30,15,45,28.1,271,97,331,2.7,,,,,,,,,,,,,,,,,,,,,,,,,,,,,,,,,,,,
20226,2019,7,30,16,0,28.1,194,12,201,2.6,,,,,,,,,,,,,,,,,,,,,,,,,,,,,,,,,,,,
20227,2019,7,30,16,15,27.9,163,3,164,2.5,,,,,,,,,,,,,,,,,,,,,,,,,,,,,,,,,,,,
20228,2019,7,30,16,30,27.700000000000003,161,4,163,2.5,,,,,,,,,,,,,,,,,,,,,,,,,,,,,,,,,,,,
20229,2019,7,30,16,45,27.6,175,22,186,2.4000000000000004,,,,,,,,,,,,,,,,,,,,,,,,,,,,,,,,,,,,
20230,2019,7,30,17,0,27.4,121,0,121,2.3000000000000003,,,,,,,,,,,,,,,,,,,,,,,,,,,,,,,,,,,,
20231,2019,7,30,17,15,27.200000000000003,72,0,72,2.1,,,,,,,,,,,,,,,,,,,,,,,,,,,,,,,,,,,,
20232,2019,7,30,17,30,26.9,68,0,68,2.0,,,,,,,,,,,,,,,,,,,,,,,,,,,,,,,,,,,,
20233,2019,7,30,17,45,26.6,27,0,27,1.8,,,,,,,,,,,,,,,,,,,,,,,,,,,,,,,,,,,,
20234,2019,7,30,18,0,26.4,59,0,59,1.7000000000000002,,,,,,,,,,,,,,,,,,,,,,,,,,,,,,,,,,,,
20235,2019,7,30,18,15,25.700000000000003,83,400,188,1.5,,,,,,,,,,,,,,,,,,,,,,,,,,,,,,,,,,,,
20236,2019,7,30,18,30,25.1,39,0,39,1.3,,,,,,,,,,,,,,,,,,,,,,,,,,,,,,,,,,,,
20237,2019,7,30,18,45,24.4,30,0,30,1.2000000000000002,,,,,,,,,,,,,,,,,,,,,,,,,,,,,,,,,,,,
20238,2019,7,30,19,0,23.700000000000003,22,0,22,1.0,,,,,,,,,,,,,,,,,,,,,,,,,,,,,,,,,,,,
20239,2019,7,30,19,15,23.3,15,0,15,1.0,,,,,,,,,,,,,,,,,,,,,,,,,,,,,,,,,,,,
20240,2019,7,30,19,30,22.9,10,0,10,1.1,,,,,,,,,,,,,,,,,,,,,,,,,,,,,,,,,,,,
20241,2019,7,30,19,45,22.4,5,0,5,1.1,,,,,,,,,,,,,,,,,,,,,,,,,,,,,,,,,,,,
20242,2019,7,30,20,0,22.0,0,0,0,1.1,,,,,,,,,,,,,,,,,,,,,,,,,,,,,,,,,,,,
20243,2019,7,30,20,15,21.8,0,0,0,1.1,,,,,,,,,,,,,,,,,,,,,,,,,,,,,,,,,,,,
20244,2019,7,30,20,30,21.6,0,0,0,1.2000000000000002,,,,,,,,,,,,,,,,,,,,,,,,,,,,,,,,,,,,
20245,2019,7,30,20,45,21.4,0,0,0,1.2000000000000002,,,,,,,,,,,,,,,,,,,,,,,,,,,,,,,,,,,,
20246,2019,7,30,21,0,21.200000000000003,0,0,0,1.2000000000000002,,,,,,,,,,,,,,,,,,,,,,,,,,,,,,,,,,,,
20247,2019,7,30,21,15,21.0,0,0,0,1.2000000000000002,,,,,,,,,,,,,,,,,,,,,,,,,,,,,,,,,,,,
20248,2019,7,30,21,30,20.8,0,0,0,1.2000000000000002,,,,,,,,,,,,,,,,,,,,,,,,,,,,,,,,,,,,
20249,2019,7,30,21,45,20.700000000000003,0,0,0,1.2000000000000002,,,,,,,,,,,,,,,,,,,,,,,,,,,,,,,,,,,,
20250,2019,7,30,22,0,20.5,0,0,0,1.2000000000000002,,,,,,,,,,,,,,,,,,,,,,,,,,,,,,,,,,,,
20251,2019,7,30,22,15,20.3,0,0,0,1.2000000000000002,,,,,,,,,,,,,,,,,,,,,,,,,,,,,,,,,,,,
20252,2019,7,30,22,30,20.200000000000003,0,0,0,1.2000000000000002,,,,,,,,,,,,,,,,,,,,,,,,,,,,,,,,,,,,
20253,2019,7,30,22,45,20.0,0,0,0,1.1,,,,,,,,,,,,,,,,,,,,,,,,,,,,,,,,,,,,
20254,2019,7,30,23,0,19.8,0,0,0,1.1,,,,,,,,,,,,,,,,,,,,,,,,,,,,,,,,,,,,
20255,2019,7,30,23,15,19.700000000000003,0,0,0,1.1,,,,,,,,,,,,,,,,,,,,,,,,,,,,,,,,,,,,
20256,2019,7,30,23,30,19.5,0,0,0,1.1,,,,,,,,,,,,,,,,,,,,,,,,,,,,,,,,,,,,
20257,2019,7,30,23,45,19.4,0,0,0,1.0,,,,,,,,,,,,,,,,,,,,,,,,,,,,,,,,,,,,
20258,2019,7,31,0,0,19.200000000000003,0,0,0,1.0,,,,,,,,,,,,,,,,,,,,,,,,,,,,,,,,,,,,
20259,2019,7,31,0,15,19.200000000000003,0,0,0,1.0,,,,,,,,,,,,,,,,,,,,,,,,,,,,,,,,,,,,
20260,2019,7,31,0,30,19.200000000000003,0,0,0,1.0,,,,,,,,,,,,,,,,,,,,,,,,,,,,,,,,,,,,
20261,2019,7,31,0,45,19.200000000000003,0,0,0,1.0,,,,,,,,,,,,,,,,,,,,,,,,,,,,,,,,,,,,
20262,2019,7,31,1,0,18.7,0,0,0,0.8,,,,,,,,,,,,,,,,,,,,,,,,,,,,,,,,,,,,
20263,2019,7,31,1,15,18.7,0,0,0,0.8,,,,,,,,,,,,,,,,,,,,,,,,,,,,,,,,,,,,
20264,2019,7,31,1,30,18.6,0,0,0,0.7000000000000001,,,,,,,,,,,,,,,,,,,,,,,,,,,,,,,,,,,,
20265,2019,7,31,1,45,18.6,0,0,0,0.7000000000000001,,,,,,,,,,,,,,,,,,,,,,,,,,,,,,,,,,,,
20266,2019,7,31,2,0,18.6,0,0,0,0.7000000000000001,,,,,,,,,,,,,,,,,,,,,,,,,,,,,,,,,,,,
20267,2019,7,31,2,15,18.5,0,0,0,0.8,,,,,,,,,,,,,,,,,,,,,,,,,,,,,,,,,,,,
20268,2019,7,31,2,30,18.4,0,0,0,0.8,,,,,,,,,,,,,,,,,,,,,,,,,,,,,,,,,,,,
20269,2019,7,31,2,45,18.3,0,0,0,0.9,,,,,,,,,,,,,,,,,,,,,,,,,,,,,,,,,,,,
20270,2019,7,31,3,0,18.2,0,0,0,0.9,,,,,,,,,,,,,,,,,,,,,,,,,,,,,,,,,,,,
20271,2019,7,31,3,15,18.1,0,0,0,1.1,,,,,,,,,,,,,,,,,,,,,,,,,,,,,,,,,,,,
20272,2019,7,31,3,30,17.900000000000002,0,0,0,1.2000000000000002,,,,,,,,,,,,,,,,,,,,,,,,,,,,,,,,,,,,
20273,2019,7,31,3,45,17.8,0,0,0,1.3,,,,,,,,,,,,,,,,,,,,,,,,,,,,,,,,,,,,
20274,2019,7,31,4,0,17.7,0,0,0,1.5,,,,,,,,,,,,,,,,,,,,,,,,,,,,,,,,,,,,
20275,2019,7,31,4,15,17.8,0,0,0,1.8,,,,,,,,,,,,,,,,,,,,,,,,,,,,,,,,,,,,
20276,2019,7,31,4,30,17.900000000000002,0,0,0,2.1,,,,,,,,,,,,,,,,,,,,,,,,,,,,,,,,,,,,
20277,2019,7,31,4,45,18.1,0,0,0,2.4000000000000004,,,,,,,,,,,,,,,,,,,,,,,,,,,,,,,,,,,,
20278,2019,7,31,5,0,18.2,3,0,3,2.7,,,,,,,,,,,,,,,,,,,,,,,,,,,,,,,,,,,,
20279,2019,7,31,5,15,18.4,4,0,4,2.9000000000000004,,,,,,,,,,,,,,,,,,,,,,,,,,,,,,,,,,,,
20280,2019,7,31,5,30,18.6,5,0,5,3.0,,,,,,,,,,,,,,,,,,,,,,,,,,,,,,,,,,,,
20281,2019,7,31,5,45,18.7,6,0,6,3.2,,,,,,,,,,,,,,,,,,,,,,,,,,,,,,,,,,,,
20282,2019,7,31,6,0,18.9,10,0,10,3.3000000000000003,,,,,,,,,,,,,,,,,,,,,,,,,,,,,,,,,,,,
20283,2019,7,31,6,15,19.200000000000003,8,0,8,3.3000000000000003,,,,,,,,,,,,,,,,,,,,,,,,,,,,,,,,,,,,
20284,2019,7,31,6,30,19.4,15,0,15,3.3000000000000003,,,,,,,,,,,,,,,,,,,,,,,,,,,,,,,,,,,,
20285,2019,7,31,6,45,19.700000000000003,18,0,18,3.3000000000000003,,,,,,,,,,,,,,,,,,,,,,,,,,,,,,,,,,,,
20286,2019,7,31,7,0,20.0,22,0,22,3.3000000000000003,,,,,,,,,,,,,,,,,,,,,,,,,,,,,,,,,,,,
20287,2019,7,31,7,15,20.200000000000003,14,0,14,3.3000000000000003,,,,,,,,,,,,,,,,,,,,,,,,,,,,,,,,,,,,
20288,2019,7,31,7,30,20.5,16,0,16,3.2,,,,,,,,,,,,,,,,,,,,,,,,,,,,,,,,,,,,
20289,2019,7,31,7,45,20.700000000000003,18,0,18,3.1,,,,,,,,,,,,,,,,,,,,,,,,,,,,,,,,,,,,
20290,2019,7,31,8,0,21.0,36,0,36,3.1,,,,,,,,,,,,,,,,,,,,,,,,,,,,,,,,,,,,
20291,2019,7,31,8,15,21.1,152,0,152,3.0,,,,,,,,,,,,,,,,,,,,,,,,,,,,,,,,,,,,
20292,2019,7,31,8,30,21.200000000000003,64,0,64,2.9000000000000004,,,,,,,,,,,,,,,,,,,,,,,,,,,,,,,,,,,,
20293,2019,7,31,8,45,21.3,28,0,28,2.9000000000000004,,,,,,,,,,,,,,,,,,,,,,,,,,,,,,,,,,,,
20294,2019,7,31,9,0,21.4,37,0,37,2.8000000000000003,,,,,,,,,,,,,,,,,,,,,,,,,,,,,,,,,,,,
20295,2019,7,31,9,15,21.3,40,0,40,2.8000000000000003,,,,,,,,,,,,,,,,,,,,,,,,,,,,,,,,,,,,
20296,2019,7,31,9,30,21.200000000000003,57,0,57,2.7,,,,,,,,,,,,,,,,,,,,,,,,,,,,,,,,,,,,
20297,2019,7,31,9,45,21.1,59,0,59,2.7,,,,,,,,,,,,,,,,,,,,,,,,,,,,,,,,,,,,
20298,2019,7,31,10,0,20.9,62,0,62,2.7,,,,,,,,,,,,,,,,,,,,,,,,,,,,,,,,,,,,
20299,2019,7,31,10,15,20.8,46,0,46,2.7,,,,,,,,,,,,,,,,,,,,,,,,,,,,,,,,,,,,
20300,2019,7,31,10,30,20.700000000000003,48,0,48,2.6,,,,,,,,,,,,,,,,,,,,,,,,,,,,,,,,,,,,
20301,2019,7,31,10,45,20.6,68,0,68,2.6,,,,,,,,,,,,,,,,,,,,,,,,,,,,,,,,,,,,
20302,2019,7,31,11,0,20.5,53,0,53,2.5,,,,,,,,,,,,,,,,,,,,,,,,,,,,,,,,,,,,
20303,2019,7,31,11,15,20.700000000000003,70,0,70,2.5,,,,,,,,,,,,,,,,,,,,,,,,,,,,,,,,,,,,
20304,2019,7,31,11,30,20.8,72,0,72,2.4000000000000004,,,,,,,,,,,,,,,,,,,,,,,,,,,,,,,,,,,,
20305,2019,7,31,11,45,20.9,93,0,93,2.4000000000000004,,,,,,,,,,,,,,,,,,,,,,,,,,,,,,,,,,,,
20306,2019,7,31,12,0,21.0,58,0,58,2.3000000000000003,,,,,,,,,,,,,,,,,,,,,,,,,,,,,,,,,,,,
20307,2019,7,31,12,15,21.4,358,48,398,2.2,,,,,,,,,,,,,,,,,,,,,,,,,,,,,,,,,,,,
20308,2019,7,31,12,30,21.700000000000003,378,313,639,2.2,,,,,,,,,,,,,,,,,,,,,,,,,,,,,,,,,,,,
20309,2019,7,31,12,45,22.1,234,663,785,2.1,,,,,,,,,,,,,,,,,,,,,,,,,,,,,,,,,,,,
20310,2019,7,31,13,0,22.5,305,24,325,2.0,,,,,,,,,,,,,,,,,,,,,,,,,,,,,,,,,,,,
20311,2019,7,31,13,15,22.8,108,0,108,2.0,,,,,,,,,,,,,,,,,,,,,,,,,,,,,,,,,,,,
20312,2019,7,31,13,30,23.1,276,18,291,1.9,,,,,,,,,,,,,,,,,,,,,,,,,,,,,,,,,,,,
20313,2019,7,31,13,45,23.5,58,0,58,1.9,,,,,,,,,,,,,,,,,,,,,,,,,,,,,,,,,,,,
20314,2019,7,31,14,0,23.8,57,0,57,1.9,,,,,,,,,,,,,,,,,,,,,,,,,,,,,,,,,,,,
20315,2019,7,31,14,15,23.9,79,0,79,1.8,,,,,,,,,,,,,,,,,,,,,,,,,,,,,,,,,,,,
20316,2019,7,31,14,30,24.0,52,0,52,1.8,,,,,,,,,,,,,,,,,,,,,,,,,,,,,,,,,,,,
20317,2019,7,31,14,45,24.1,47,0,47,1.8,,,,,,,,,,,,,,,,,,,,,,,,,,,,,,,,,,,,
20318,2019,7,31,15,0,24.200000000000003,46,0,46,1.8,,,,,,,,,,,,,,,,,,,,,,,,,,,,,,,,,,,,
20319,2019,7,31,15,15,24.200000000000003,241,21,256,1.8,,,,,,,,,,,,,,,,,,,,,,,,,,,,,,,,,,,,
20320,2019,7,31,15,30,24.1,291,163,396,1.8,,,,,,,,,,,,,,,,,,,,,,,,,,,,,,,,,,,,
20321,2019,7,31,15,45,24.1,229,27,245,1.8,,,,,,,,,,,,,,,,,,,,,,,,,,,,,,,,,,,,
20322,2019,7,31,16,0,24.0,252,89,304,1.8,,,,,,,,,,,,,,,,,,,,,,,,,,,,,,,,,,,,
20323,2019,7,31,16,15,23.9,189,443,433,1.7000000000000002,,,,,,,,,,,,,,,,,,,,,,,,,,,,,,,,,,,,
20324,2019,7,31,16,30,23.700000000000003,191,366,381,1.7000000000000002,,,,,,,,,,,,,,,,,,,,,,,,,,,,,,,,,,,,
20325,2019,7,31,16,45,23.6,174,369,352,1.7000000000000002,,,,,,,,,,,,,,,,,,,,,,,,,,,,,,,,,,,,
20326,2019,7,31,17,0,23.4,182,84,220,1.6,,,,,,,,,,,,,,,,,,,,,,,,,,,,,,,,,,,,
20327,2019,7,31,17,15,23.1,36,0,36,1.5,,,,,,,,,,,,,,,,,,,,,,,,,,,,,,,,,,,,
20328,2019,7,31,17,30,22.9,70,0,70,1.4,,,,,,,,,,,,,,,,,,,,,,,,,,,,,,,,,,,,
20329,2019,7,31,17,45,22.6,104,0,104,1.2000000000000002,,,,,,,,,,,,,,,,,,,,,,,,,,,,,,,,,,,,
20330,2019,7,31,18,0,22.3,112,171,163,1.1,,,,,,,,,,,,,,,,,,,,,,,,,,,,,,,,,,,,
20331,2019,7,31,18,15,21.8,97,131,131,1.0,,,,,,,,,,,,,,,,,,,,,,,,,,,,,,,,,,,,
20332,2019,7,31,18,30,21.3,81,106,104,0.9,,,,,,,,,,,,,,,,,,,,,,,,,,,,,,,,,,,,
20333,2019,7,31,18,45,20.8,65,81,80,0.8,,,,,,,,,,,,,,,,,,,,,,,,,,,,,,,,,,,,
20334,2019,7,31,19,0,20.3,60,125,79,0.7000000000000001,,,,,,,,,,,,,,,,,,,,,,,,,,,,,,,,,,,,
20335,2019,7,31,19,15,20.0,36,28,39,0.7000000000000001,,,,,,,,,,,,,,,,,,,,,,,,,,,,,,,,,,,,
20336,2019,7,31,19,30,19.6,23,0,23,0.7000000000000001,,,,,,,,,,,,,,,,,,,,,,,,,,,,,,,,,,,,
20337,2019,7,31,19,45,19.200000000000003,10,0,10,0.7000000000000001,,,,,,,,,,,,,,,,,,,,,,,,,,,,,,,,,,,,
20338,2019,7,31,20,0,18.9,0,0,0,0.7000000000000001,,,,,,,,,,,,,,,,,,,,,,,,,,,,,,,,,,,,
20339,2019,7,31,20,15,18.7,0,0,0,0.7000000000000001,,,,,,,,,,,,,,,,,,,,,,,,,,,,,,,,,,,,
20340,2019,7,31,20,30,18.5,0,0,0,0.7000000000000001,,,,,,,,,,,,,,,,,,,,,,,,,,,,,,,,,,,,
20341,2019,7,31,20,45,18.2,0,0,0,0.8,,,,,,,,,,,,,,,,,,,,,,,,,,,,,,,,,,,,
20342,2019,7,31,21,0,18.0,0,0,0,0.8,,,,,,,,,,,,,,,,,,,,,,,,,,,,,,,,,,,,
20343,2019,7,31,21,15,17.8,0,0,0,0.8,,,,,,,,,,,,,,,,,,,,,,,,,,,,,,,,,,,,
20344,2019,7,31,21,30,17.6,0,0,0,0.8,,,,,,,,,,,,,,,,,,,,,,,,,,,,,,,,,,,,
20345,2019,7,31,21,45,17.3,0,0,0,0.8,,,,,,,,,,,,,,,,,,,,,,,,,,,,,,,,,,,,
20346,2019,7,31,22,0,17.1,0,0,0,0.9,,,,,,,,,,,,,,,,,,,,,,,,,,,,,,,,,,,,
20347,2019,7,31,22,15,16.900000000000002,0,0,0,0.9,,,,,,,,,,,,,,,,,,,,,,,,,,,,,,,,,,,,
20348,2019,7,31,22,30,16.7,0,0,0,0.9,,,,,,,,,,,,,,,,,,,,,,,,,,,,,,,,,,,,
20349,2019,7,31,22,45,16.5,0,0,0,1.0,,,,,,,,,,,,,,,,,,,,,,,,,,,,,,,,,,,,
20350,2019,7,31,23,0,16.3,0,0,0,1.0,,,,,,,,,,,,,,,,,,,,,,,,,,,,,,,,,,,,
20351,2019,7,31,23,15,16.1,0,0,0,1.0,,,,,,,,,,,,,,,,,,,,,,,,,,,,,,,,,,,,
20352,2019,7,31,23,30,16.0,0,0,0,1.1,,,,,,,,,,,,,,,,,,,,,,,,,,,,,,,,,,,,
20353,2019,7,31,23,45,15.8,0,0,0,1.1,,,,,,,,,,,,,,,,,,,,,,,,,,,,,,,,,,,,
20354,2019,8,1,0,0,15.7,0,0,0,1.1,,,,,,,,,,,,,,,,,,,,,,,,,,,,,,,,,,,,
20355,2019,8,1,0,15,15.7,0,0,0,1.1,,,,,,,,,,,,,,,,,,,,,,,,,,,,,,,,,,,,
20356,2019,8,1,0,30,15.7,0,0,0,1.1,,,,,,,,,,,,,,,,,,,,,,,,,,,,,,,,,,,,
20357,2019,8,1,0,45,15.7,0,0,0,1.1,,,,,,,,,,,,,,,,,,,,,,,,,,,,,,,,,,,,
20358,2019,8,1,1,0,15.1,0,0,0,1.2000000000000002,,,,,,,,,,,,,,,,,,,,,,,,,,,,,,,,,,,,
20359,2019,8,1,1,15,15.0,0,0,0,1.2000000000000002,,,,,,,,,,,,,,,,,,,,,,,,,,,,,,,,,,,,
20360,2019,8,1,1,30,14.9,0,0,0,1.2000000000000002,,,,,,,,,,,,,,,,,,,,,,,,,,,,,,,,,,,,
20361,2019,8,1,1,45,14.7,0,0,0,1.2000000000000002,,,,,,,,,,,,,,,,,,,,,,,,,,,,,,,,,,,,
20362,2019,8,1,2,0,14.6,0,0,0,1.2000000000000002,,,,,,,,,,,,,,,,,,,,,,,,,,,,,,,,,,,,
20363,2019,8,1,2,15,14.5,0,0,0,1.2000000000000002,,,,,,,,,,,,,,,,,,,,,,,,,,,,,,,,,,,,
20364,2019,8,1,2,30,14.3,0,0,0,1.2000000000000002,,,,,,,,,,,,,,,,,,,,,,,,,,,,,,,,,,,,
20365,2019,8,1,2,45,14.2,0,0,0,1.1,,,,,,,,,,,,,,,,,,,,,,,,,,,,,,,,,,,,
20366,2019,8,1,3,0,14.1,0,0,0,1.1,,,,,,,,,,,,,,,,,,,,,,,,,,,,,,,,,,,,
20367,2019,8,1,3,15,14.0,0,0,0,1.1,,,,,,,,,,,,,,,,,,,,,,,,,,,,,,,,,,,,
20368,2019,8,1,3,30,13.9,0,0,0,1.0,,,,,,,,,,,,,,,,,,,,,,,,,,,,,,,,,,,,
20369,2019,8,1,3,45,13.8,0,0,0,1.0,,,,,,,,,,,,,,,,,,,,,,,,,,,,,,,,,,,,
20370,2019,8,1,4,0,13.7,0,0,0,0.9,,,,,,,,,,,,,,,,,,,,,,,,,,,,,,,,,,,,
20371,2019,8,1,4,15,13.9,0,0,0,1.0,,,,,,,,,,,,,,,,,,,,,,,,,,,,,,,,,,,,
20372,2019,8,1,4,30,14.1,0,0,0,1.1,,,,,,,,,,,,,,,,,,,,,,,,,,,,,,,,,,,,
20373,2019,8,1,4,45,14.4,0,0,0,1.2000000000000002,,,,,,,,,,,,,,,,,,,,,,,,,,,,,,,,,,,,
20374,2019,8,1,5,0,14.6,15,46,17,1.3,,,,,,,,,,,,,,,,,,,,,,,,,,,,,,,,,,,,
20375,2019,8,1,5,15,15.0,29,99,37,1.3,,,,,,,,,,,,,,,,,,,,,,,,,,,,,,,,,,,,
20376,2019,8,1,5,30,15.3,44,158,63,1.4,,,,,,,,,,,,,,,,,,,,,,,,,,,,,,,,,,,,
20377,2019,8,1,5,45,15.7,58,226,93,1.4,,,,,,,,,,,,,,,,,,,,,,,,,,,,,,,,,,,,
20378,2019,8,1,6,0,16.0,71,282,125,1.5,,,,,,,,,,,,,,,,,,,,,,,,,,,,,,,,,,,,
20379,2019,8,1,6,15,16.7,82,334,159,1.4,,,,,,,,,,,,,,,,,,,,,,,,,,,,,,,,,,,,
20380,2019,8,1,6,30,17.400000000000002,93,381,196,1.4,,,,,,,,,,,,,,,,,,,,,,,,,,,,,,,,,,,,
20381,2019,8,1,6,45,18.1,99,437,233,1.3,,,,,,,,,,,,,,,,,,,,,,,,,,,,,,,,,,,,
20382,2019,8,1,7,0,18.9,107,475,272,1.3,,,,,,,,,,,,,,,,,,,,,,,,,,,,,,,,,,,,
20383,2019,8,1,7,15,19.4,115,511,311,1.4,,,,,,,,,,,,,,,,,,,,,,,,,,,,,,,,,,,,
20384,2019,8,1,7,30,20.0,169,84,204,1.4,,,,,,,,,,,,,,,,,,,,,,,,,,,,,,,,,,,,
20385,2019,8,1,7,45,20.5,188,95,231,1.5,,,,,,,,,,,,,,,,,,,,,,,,,,,,,,,,,,,,
20386,2019,8,1,8,0,21.0,206,105,258,1.6,,,,,,,,,,,,,,,,,,,,,,,,,,,,,,,,,,,,
20387,2019,8,1,8,15,21.4,208,47,233,1.7000000000000002,,,,,,,,,,,,,,,,,,,,,,,,,,,,,,,,,,,,
20388,2019,8,1,8,30,21.700000000000003,227,54,257,1.8,,,,,,,,,,,,,,,,,,,,,,,,,,,,,,,,,,,,
20389,2019,8,1,8,45,22.1,245,59,280,1.8,,,,,,,,,,,,,,,,,,,,,,,,,,,,,,,,,,,,
20390,2019,8,1,9,0,22.4,262,64,302,1.9,,,,,,,,,,,,,,,,,,,,,,,,,,,,,,,,,,,,
20391,2019,8,1,9,15,22.700000000000003,279,67,322,2.0,,,,,,,,,,,,,,,,,,,,,,,,,,,,,,,,,,,,
20392,2019,8,1,9,30,22.9,294,71,343,2.0,,,,,,,,,,,,,,,,,,,,,,,,,,,,,,,,,,,,
20393,2019,8,1,9,45,23.1,315,250,490,2.0,,,,,,,,,,,,,,,,,,,,,,,,,,,,,,,,,,,,
20394,2019,8,1,10,0,23.4,162,731,692,2.1,,,,,,,,,,,,,,,,,,,,,,,,,,,,,,,,,,,,
20395,2019,8,1,10,15,23.5,165,740,717,2.1,,,,,,,,,,,,,,,,,,,,,,,,,,,,,,,,,,,,
20396,2019,8,1,10,30,23.6,349,268,554,2.1,,,,,,,,,,,,,,,,,,,,,,,,,,,,,,,,,,,,
20397,2019,8,1,10,45,23.700000000000003,98,0,98,2.1,,,,,,,,,,,,,,,,,,,,,,,,,,,,,,,,,,,,
20398,2019,8,1,11,0,23.9,69,0,69,2.1,,,,,,,,,,,,,,,,,,,,,,,,,,,,,,,,,,,,
20399,2019,8,1,11,15,23.9,85,0,85,2.1,,,,,,,,,,,,,,,,,,,,,,,,,,,,,,,,,,,,
20400,2019,8,1,11,30,24.0,260,15,272,2.1,,,,,,,,,,,,,,,,,,,,,,,,,,,,,,,,,,,,
20401,2019,8,1,11,45,24.0,392,108,481,2.1,,,,,,,,,,,,,,,,,,,,,,,,,,,,,,,,,,,,
20402,2019,8,1,12,0,24.0,73,0,73,2.1,,,,,,,,,,,,,,,,,,,,,,,,,,,,,,,,,,,,
20403,2019,8,1,12,15,24.0,73,0,73,2.1,,,,,,,,,,,,,,,,,,,,,,,,,,,,,,,,,,,,
20404,2019,8,1,12,30,24.0,85,0,85,2.1,,,,,,,,,,,,,,,,,,,,,,,,,,,,,,,,,,,,
20405,2019,8,1,12,45,23.9,339,37,370,2.0,,,,,,,,,,,,,,,,,,,,,,,,,,,,,,,,,,,,
20406,2019,8,1,13,0,23.9,397,185,549,2.0,,,,,,,,,,,,,,,,,,,,,,,,,,,,,,,,,,,,
20407,2019,8,1,13,15,24.0,391,194,549,2.0,,,,,,,,,,,,,,,,,,,,,,,,,,,,,,,,,,,,
20408,2019,8,1,13,30,24.0,369,283,597,1.9,,,,,,,,,,,,,,,,,,,,,,,,,,,,,,,,,,,,
20409,2019,8,1,13,45,24.1,378,176,518,1.8,,,,,,,,,,,,,,,,,,,,,,,,,,,,,,,,,,,,
20410,2019,8,1,14,0,24.200000000000003,366,211,529,1.8,,,,,,,,,,,,,,,,,,,,,,,,,,,,,,,,,,,,
20411,2019,8,1,14,15,24.200000000000003,356,209,514,1.7000000000000002,,,,,,,,,,,,,,,,,,,,,,,,,,,,,,,,,,,,
20412,2019,8,1,14,30,24.3,220,641,694,1.7000000000000002,,,,,,,,,,,,,,,,,,,,,,,,,,,,,,,,,,,,
20413,2019,8,1,14,45,24.3,334,159,449,1.6,,,,,,,,,,,,,,,,,,,,,,,,,,,,,,,,,,,,
20414,2019,8,1,15,0,24.4,280,40,309,1.6,,,,,,,,,,,,,,,,,,,,,,,,,,,,,,,,,,,,
20415,2019,8,1,15,15,24.3,57,0,57,1.5,,,,,,,,,,,,,,,,,,,,,,,,,,,,,,,,,,,,
20416,2019,8,1,15,30,24.3,54,0,54,1.5,,,,,,,,,,,,,,,,,,,,,,,,,,,,,,,,,,,,
20417,2019,8,1,15,45,24.200000000000003,51,0,51,1.5,,,,,,,,,,,,,,,,,,,,,,,,,,,,,,,,,,,,
20418,2019,8,1,16,0,24.1,47,0,47,1.5,,,,,,,,,,,,,,,,,,,,,,,,,,,,,,,,,,,,
20419,2019,8,1,16,15,24.0,98,0,98,1.4,,,,,,,,,,,,,,,,,,,,,,,,,,,,,,,,,,,,
20420,2019,8,1,16,30,23.9,214,231,333,1.4,,,,,,,,,,,,,,,,,,,,,,,,,,,,,,,,,,,,
20421,2019,8,1,16,45,23.8,199,87,240,1.4,,,,,,,,,,,,,,,,,,,,,,,,,,,,,,,,,,,,
20422,2019,8,1,17,0,23.700000000000003,174,256,288,1.3,,,,,,,,,,,,,,,,,,,,,,,,,,,,,,,,,,,,
20423,2019,8,1,17,15,23.5,163,184,238,1.2000000000000002,,,,,,,,,,,,,,,,,,,,,,,,,,,,,,,,,,,,
20424,2019,8,1,17,30,23.200000000000003,139,246,231,1.1,,,,,,,,,,,,,,,,,,,,,,,,,,,,,,,,,,,,
20425,2019,8,1,17,45,23.0,130,128,172,1.0,,,,,,,,,,,,,,,,,,,,,,,,,,,,,,,,,,,,
20426,2019,8,1,18,0,22.700000000000003,105,240,176,1.0,,,,,,,,,,,,,,,,,,,,,,,,,,,,,,,,,,,,
20427,2019,8,1,18,15,22.0,88,379,186,0.9,,,,,,,,,,,,,,,,,,,,,,,,,,,,,,,,,,,,
20428,2019,8,1,18,30,21.200000000000003,77,331,150,0.9,,,,,,,,,,,,,,,,,,,,,,,,,,,,,,,,,,,,
20429,2019,8,1,18,45,20.5,64,293,117,0.8,,,,,,,,,,,,,,,,,,,,,,,,,,,,,,,,,,,,
20430,2019,8,1,19,0,19.8,52,233,85,0.8,,,,,,,,,,,,,,,,,,,,,,,,,,,,,,,,,,,,
20431,2019,8,1,19,15,19.4,39,169,56,0.8,,,,,,,,,,,,,,,,,,,,,,,,,,,,,,,,,,,,
20432,2019,8,1,19,30,19.0,25,104,32,0.9,,,,,,,,,,,,,,,,,,,,,,,,,,,,,,,,,,,,
20433,2019,8,1,19,45,18.6,12,45,14,0.9,,,,,,,,,,,,,,,,,,,,,,,,,,,,,,,,,,,,
20434,2019,8,1,20,0,18.2,0,0,0,0.9,,,,,,,,,,,,,,,,,,,,,,,,,,,,,,,,,,,,
20435,2019,8,1,20,15,18.0,0,0,0,0.9,,,,,,,,,,,,,,,,,,,,,,,,,,,,,,,,,,,,
20436,2019,8,1,20,30,17.8,0,0,0,0.9,,,,,,,,,,,,,,,,,,,,,,,,,,,,,,,,,,,,
20437,2019,8,1,20,45,17.7,0,0,0,0.9,,,,,,,,,,,,,,,,,,,,,,,,,,,,,,,,,,,,
20438,2019,8,1,21,0,17.5,0,0,0,0.9,,,,,,,,,,,,,,,,,,,,,,,,,,,,,,,,,,,,
20439,2019,8,1,21,15,17.400000000000002,0,0,0,0.9,,,,,,,,,,,,,,,,,,,,,,,,,,,,,,,,,,,,
20440,2019,8,1,21,30,17.3,0,0,0,0.9,,,,,,,,,,,,,,,,,,,,,,,,,,,,,,,,,,,,
20441,2019,8,1,21,45,17.2,0,0,0,0.9,,,,,,,,,,,,,,,,,,,,,,,,,,,,,,,,,,,,
20442,2019,8,1,22,0,17.1,0,0,0,0.9,,,,,,,,,,,,,,,,,,,,,,,,,,,,,,,,,,,,
20443,2019,8,1,22,15,17.0,0,0,0,0.9,,,,,,,,,,,,,,,,,,,,,,,,,,,,,,,,,,,,
20444,2019,8,1,22,30,17.0,0,0,0,0.8,,,,,,,,,,,,,,,,,,,,,,,,,,,,,,,,,,,,
20445,2019,8,1,22,45,16.900000000000002,0,0,0,0.8,,,,,,,,,,,,,,,,,,,,,,,,,,,,,,,,,,,,
20446,2019,8,1,23,0,16.8,0,0,0,0.8,,,,,,,,,,,,,,,,,,,,,,,,,,,,,,,,,,,,
20447,2019,8,1,23,15,16.7,0,0,0,0.8,,,,,,,,,,,,,,,,,,,,,,,,,,,,,,,,,,,,
20448,2019,8,1,23,30,16.6,0,0,0,0.8,,,,,,,,,,,,,,,,,,,,,,,,,,,,,,,,,,,,
20449,2019,8,1,23,45,16.6,0,0,0,0.7000000000000001,,,,,,,,,,,,,,,,,,,,,,,,,,,,,,,,,,,,
20450,2019,8,2,0,0,16.5,0,0,0,0.7000000000000001,,,,,,,,,,,,,,,,,,,,,,,,,,,,,,,,,,,,
20451,2019,8,2,0,15,16.5,0,0,0,0.7000000000000001,,,,,,,,,,,,,,,,,,,,,,,,,,,,,,,,,,,,
20452,2019,8,2,0,30,16.5,0,0,0,0.7000000000000001,,,,,,,,,,,,,,,,,,,,,,,,,,,,,,,,,,,,
20453,2019,8,2,0,45,16.5,0,0,0,0.7000000000000001,,,,,,,,,,,,,,,,,,,,,,,,,,,,,,,,,,,,
20454,2019,8,2,1,0,16.400000000000002,0,0,0,0.7000000000000001,,,,,,,,,,,,,,,,,,,,,,,,,,,,,,,,,,,,
20455,2019,8,2,1,15,16.3,0,0,0,0.6000000000000001,,,,,,,,,,,,,,,,,,,,,,,,,,,,,,,,,,,,
20456,2019,8,2,1,30,16.2,0,0,0,0.6000000000000001,,,,,,,,,,,,,,,,,,,,,,,,,,,,,,,,,,,,
20457,2019,8,2,1,45,16.1,0,0,0,0.6000000000000001,,,,,,,,,,,,,,,,,,,,,,,,,,,,,,,,,,,,
20458,2019,8,2,2,0,16.0,0,0,0,0.6000000000000001,,,,,,,,,,,,,,,,,,,,,,,,,,,,,,,,,,,,
20459,2019,8,2,2,15,16.0,0,0,0,0.6000000000000001,,,,,,,,,,,,,,,,,,,,,,,,,,,,,,,,,,,,
20460,2019,8,2,2,30,15.9,0,0,0,0.6000000000000001,,,,,,,,,,,,,,,,,,,,,,,,,,,,,,,,,,,,
20461,2019,8,2,2,45,15.9,0,0,0,0.5,,,,,,,,,,,,,,,,,,,,,,,,,,,,,,,,,,,,
20462,2019,8,2,3,0,15.9,0,0,0,0.5,,,,,,,,,,,,,,,,,,,,,,,,,,,,,,,,,,,,
20463,2019,8,2,3,15,15.8,0,0,0,0.5,,,,,,,,,,,,,,,,,,,,,,,,,,,,,,,,,,,,
20464,2019,8,2,3,30,15.7,0,0,0,0.6000000000000001,,,,,,,,,,,,,,,,,,,,,,,,,,,,,,,,,,,,
20465,2019,8,2,3,45,15.6,0,0,0,0.6000000000000001,,,,,,,,,,,,,,,,,,,,,,,,,,,,,,,,,,,,
20466,2019,8,2,4,0,15.5,0,0,0,0.6000000000000001,,,,,,,,,,,,,,,,,,,,,,,,,,,,,,,,,,,,
20467,2019,8,2,4,15,15.6,0,0,0,0.6000000000000001,,,,,,,,,,,,,,,,,,,,,,,,,,,,,,,,,,,,
20468,2019,8,2,4,30,15.7,0,0,0,0.5,,,,,,,,,,,,,,,,,,,,,,,,,,,,,,,,,,,,
20469,2019,8,2,4,45,15.8,0,0,0,0.5,,,,,,,,,,,,,,,,,,,,,,,,,,,,,,,,,,,,
20470,2019,8,2,5,0,15.9,2,0,2,0.5,,,,,,,,,,,,,,,,,,,,,,,,,,,,,,,,,,,,
20471,2019,8,2,5,15,16.2,4,0,4,0.6000000000000001,,,,,,,,,,,,,,,,,,,,,,,,,,,,,,,,,,,,
20472,2019,8,2,5,30,16.5,5,0,5,0.7000000000000001,,,,,,,,,,,,,,,,,,,,,,,,,,,,,,,,,,,,
20473,2019,8,2,5,45,16.8,7,0,7,0.9,,,,,,,,,,,,,,,,,,,,,,,,,,,,,,,,,,,,
20474,2019,8,2,6,0,17.1,9,0,9,1.0,,,,,,,,,,,,,,,,,,,,,,,,,,,,,,,,,,,,
20475,2019,8,2,6,15,17.7,83,133,113,0.9,,,,,,,,,,,,,,,,,,,,,,,,,,,,,,,,,,,,
20476,2019,8,2,6,30,18.3,15,0,15,0.8,,,,,,,,,,,,,,,,,,,,,,,,,,,,,,,,,,,,
20477,2019,8,2,6,45,18.9,18,0,18,0.7000000000000001,,,,,,,,,,,,,,,,,,,,,,,,,,,,,,,,,,,,
20478,2019,8,2,7,0,19.6,21,0,21,0.7000000000000001,,,,,,,,,,,,,,,,,,,,,,,,,,,,,,,,,,,,
20479,2019,8,2,7,15,20.1,25,0,25,0.6000000000000001,,,,,,,,,,,,,,,,,,,,,,,,,,,,,,,,,,,,
20480,2019,8,2,7,30,20.6,44,0,44,0.6000000000000001,,,,,,,,,,,,,,,,,,,,,,,,,,,,,,,,,,,,
20481,2019,8,2,7,45,21.1,33,0,33,0.6000000000000001,,,,,,,,,,,,,,,,,,,,,,,,,,,,,,,,,,,,
20482,2019,8,2,8,0,21.6,37,0,37,0.6000000000000001,,,,,,,,,,,,,,,,,,,,,,,,,,,,,,,,,,,,
20483,2019,8,2,8,15,22.0,203,40,224,0.6000000000000001,,,,,,,,,,,,,,,,,,,,,,,,,,,,,,,,,,,,
20484,2019,8,2,8,30,22.4,225,51,253,0.6000000000000001,,,,,,,,,,,,,,,,,,,,,,,,,,,,,,,,,,,,
20485,2019,8,2,8,45,22.8,242,56,275,0.6000000000000001,,,,,,,,,,,,,,,,,,,,,,,,,,,,,,,,,,,,
20486,2019,8,2,9,0,23.200000000000003,260,61,297,0.6000000000000001,,,,,,,,,,,,,,,,,,,,,,,,,,,,,,,,,,,,
20487,2019,8,2,9,15,23.5,286,237,439,0.7000000000000001,,,,,,,,,,,,,,,,,,,,,,,,,,,,,,,,,,,,
20488,2019,8,2,9,30,23.8,300,245,465,0.8,,,,,,,,,,,,,,,,,,,,,,,,,,,,,,,,,,,,
20489,2019,8,2,9,45,24.0,313,254,491,0.8,,,,,,,,,,,,,,,,,,,,,,,,,,,,,,,,,,,,
20490,2019,8,2,10,0,24.3,326,258,512,0.9,,,,,,,,,,,,,,,,,,,,,,,,,,,,,,,,,,,,
20491,2019,8,2,10,15,24.5,337,264,534,1.0,,,,,,,,,,,,,,,,,,,,,,,,,,,,,,,,,,,,
20492,2019,8,2,10,30,24.6,331,335,586,1.0,,,,,,,,,,,,,,,,,,,,,,,,,,,,,,,,,,,,
20493,2019,8,2,10,45,24.8,370,142,481,1.1,,,,,,,,,,,,,,,,,,,,,,,,,,,,,,,,,,,,
20494,2019,8,2,11,0,25.0,379,145,494,1.2000000000000002,,,,,,,,,,,,,,,,,,,,,,,,,,,,,,,,,,,,
20495,2019,8,2,11,15,25.0,353,344,630,1.3,,,,,,,,,,,,,,,,,,,,,,,,,,,,,,,,,,,,
20496,2019,8,2,11,30,25.0,393,177,537,1.4,,,,,,,,,,,,,,,,,,,,,,,,,,,,,,,,,,,,
20497,2019,8,2,11,45,25.1,384,90,458,1.4,,,,,,,,,,,,,,,,,,,,,,,,,,,,,,,,,,,,
20498,2019,8,2,12,0,25.1,343,40,377,1.5,,,,,,,,,,,,,,,,,,,,,,,,,,,,,,,,,,,,
20499,2019,8,2,12,15,25.1,178,6,183,1.5,,,,,,,,,,,,,,,,,,,,,,,,,,,,,,,,,,,,
20500,2019,8,2,12,30,25.0,174,6,179,1.6,,,,,,,,,,,,,,,,,,,,,,,,,,,,,,,,,,,,
20501,2019,8,2,12,45,25.0,196,8,202,1.6,,,,,,,,,,,,,,,,,,,,,,,,,,,,,,,,,,,,
20502,2019,8,2,13,0,25.0,175,6,180,1.7000000000000002,,,,,,,,,,,,,,,,,,,,,,,,,,,,,,,,,,,,
20503,2019,8,2,13,15,24.8,74,0,74,1.7000000000000002,,,,,,,,,,,,,,,,,,,,,,,,,,,,,,,,,,,,
20504,2019,8,2,13,30,24.700000000000003,68,0,68,1.7000000000000002,,,,,,,,,,,,,,,,,,,,,,,,,,,,,,,,,,,,
20505,2019,8,2,13,45,24.6,301,28,323,1.7000000000000002,,,,,,,,,,,,,,,,,,,,,,,,,,,,,,,,,,,,
20506,2019,8,2,14,0,24.5,361,235,543,1.7000000000000002,,,,,,,,,,,,,,,,,,,,,,,,,,,,,,,,,,,,
20507,2019,8,2,14,15,24.3,289,434,618,1.7000000000000002,,,,,,,,,,,,,,,,,,,,,,,,,,,,,,,,,,,,
20508,2019,8,2,14,30,24.1,311,353,571,1.7000000000000002,,,,,,,,,,,,,,,,,,,,,,,,,,,,,,,,,,,,
20509,2019,8,2,14,45,23.9,240,16,252,1.7000000000000002,,,,,,,,,,,,,,,,,,,,,,,,,,,,,,,,,,,,
20510,2019,8,2,15,0,23.8,302,286,500,1.6,,,,,,,,,,,,,,,,,,,,,,,,,,,,,,,,,,,,
20511,2019,8,2,15,15,23.5,272,45,301,1.6,,,,,,,,,,,,,,,,,,,,,,,,,,,,,,,,,,,,
20512,2019,8,2,15,30,23.3,154,0,154,1.6,,,,,,,,,,,,,,,,,,,,,,,,,,,,,,,,,,,,
20513,2019,8,2,15,45,23.1,165,2,166,1.6,,,,,,,,,,,,,,,,,,,,,,,,,,,,,,,,,,,,
20514,2019,8,2,16,0,22.8,209,22,221,1.6,,,,,,,,,,,,,,,,,,,,,,,,,,,,,,,,,,,,
20515,2019,8,2,16,15,22.6,86,0,86,1.5,,,,,,,,,,,,,,,,,,,,,,,,,,,,,,,,,,,,
20516,2019,8,2,16,30,22.4,212,74,250,1.5,,,,,,,,,,,,,,,,,,,,,,,,,,,,,,,,,,,,
20517,2019,8,2,16,45,22.1,195,224,302,1.4,,,,,,,,,,,,,,,,,,,,,,,,,,,,,,,,,,,,
20518,2019,8,2,17,0,21.9,170,273,291,1.4,,,,,,,,,,,,,,,,,,,,,,,,,,,,,,,,,,,,
20519,2019,8,2,17,15,21.6,177,328,310,1.3,,,,,,,,,,,,,,,,,,,,,,,,,,,,,,,,,,,,
20520,2019,8,2,17,30,21.3,163,298,273,1.2000000000000002,,,,,,,,,,,,,,,,,,,,,,,,,,,,,,,,,,,,
20521,2019,8,2,17,45,21.0,153,242,233,1.1,,,,,,,,,,,,,,,,,,,,,,,,,,,,,,,,,,,,
20522,2019,8,2,18,0,20.8,135,209,197,1.0,,,,,,,,,,,,,,,,,,,,,,,,,,,,,,,,,,,,
20523,2019,8,2,18,15,20.4,116,176,161,0.9,,,,,,,,,,,,,,,,,,,,,,,,,,,,,,,,,,,,
20524,2019,8,2,18,30,20.1,96,141,127,0.8,,,,,,,,,,,,,,,,,,,,,,,,,,,,,,,,,,,,
20525,2019,8,2,18,45,19.8,75,92,91,0.7000000000000001,,,,,,,,,,,,,,,,,,,,,,,,,,,,,,,,,,,,
20526,2019,8,2,19,0,19.4,53,62,61,0.7000000000000001,,,,,,,,,,,,,,,,,,,,,,,,,,,,,,,,,,,,
20527,2019,8,2,19,15,19.200000000000003,32,36,36,0.6000000000000001,,,,,,,,,,,,,,,,,,,,,,,,,,,,,,,,,,,,
20528,2019,8,2,19,30,19.0,16,16,17,0.6000000000000001,,,,,,,,,,,,,,,,,,,,,,,,,,,,,,,,,,,,
20529,2019,8,2,19,45,18.8,5,3,5,0.5,,,,,,,,,,,,,,,,,,,,,,,,,,,,,,,,,,,,
20530,2019,8,2,20,0,18.6,0,0,0,0.5,,,,,,,,,,,,,,,,,,,,,,,,,,,,,,,,,,,,
20531,2019,8,2,20,15,18.4,0,0,0,0.5,,,,,,,,,,,,,,,,,,,,,,,,,,,,,,,,,,,,
20532,2019,8,2,20,30,18.3,0,0,0,0.5,,,,,,,,,,,,,,,,,,,,,,,,,,,,,,,,,,,,
20533,2019,8,2,20,45,18.2,0,0,0,0.4,,,,,,,,,,,,,,,,,,,,,,,,,,,,,,,,,,,,
20534,2019,8,2,21,0,18.0,0,0,0,0.4,,,,,,,,,,,,,,,,,,,,,,,,,,,,,,,,,,,,
20535,2019,8,2,21,15,17.900000000000002,0,0,0,0.4,,,,,,,,,,,,,,,,,,,,,,,,,,,,,,,,,,,,
20536,2019,8,2,21,30,17.8,0,0,0,0.4,,,,,,,,,,,,,,,,,,,,,,,,,,,,,,,,,,,,
20537,2019,8,2,21,45,17.7,0,0,0,0.4,,,,,,,,,,,,,,,,,,,,,,,,,,,,,,,,,,,,
20538,2019,8,2,22,0,17.6,0,0,0,0.4,,,,,,,,,,,,,,,,,,,,,,,,,,,,,,,,,,,,
20539,2019,8,2,22,15,17.5,0,0,0,0.4,,,,,,,,,,,,,,,,,,,,,,,,,,,,,,,,,,,,
20540,2019,8,2,22,30,17.400000000000002,0,0,0,0.3,,,,,,,,,,,,,,,,,,,,,,,,,,,,,,,,,,,,
20541,2019,8,2,22,45,17.3,0,0,0,0.3,,,,,,,,,,,,,,,,,,,,,,,,,,,,,,,,,,,,
20542,2019,8,2,23,0,17.2,0,0,0,0.3,,,,,,,,,,,,,,,,,,,,,,,,,,,,,,,,,,,,
20543,2019,8,2,23,15,17.1,0,0,0,0.3,,,,,,,,,,,,,,,,,,,,,,,,,,,,,,,,,,,,
20544,2019,8,2,23,30,17.0,0,0,0,0.3,,,,,,,,,,,,,,,,,,,,,,,,,,,,,,,,,,,,
20545,2019,8,2,23,45,16.900000000000002,0,0,0,0.3,,,,,,,,,,,,,,,,,,,,,,,,,,,,,,,,,,,,
20546,2019,8,3,0,0,16.8,0,0,0,0.3,,,,,,,,,,,,,,,,,,,,,,,,,,,,,,,,,,,,
20547,2019,8,3,0,15,16.8,0,0,0,0.3,,,,,,,,,,,,,,,,,,,,,,,,,,,,,,,,,,,,
20548,2019,8,3,0,30,16.8,0,0,0,0.3,,,,,,,,,,,,,,,,,,,,,,,,,,,,,,,,,,,,
20549,2019,8,3,0,45,16.8,0,0,0,0.3,,,,,,,,,,,,,,,,,,,,,,,,,,,,,,,,,,,,
20550,2019,8,3,1,0,16.2,0,0,0,0.4,,,,,,,,,,,,,,,,,,,,,,,,,,,,,,,,,,,,
20551,2019,8,3,1,15,16.1,0,0,0,0.4,,,,,,,,,,,,,,,,,,,,,,,,,,,,,,,,,,,,
20552,2019,8,3,1,30,16.0,0,0,0,0.5,,,,,,,,,,,,,,,,,,,,,,,,,,,,,,,,,,,,
20553,2019,8,3,1,45,15.9,0,0,0,0.5,,,,,,,,,,,,,,,,,,,,,,,,,,,,,,,,,,,,
20554,2019,8,3,2,0,15.8,0,0,0,0.6000000000000001,,,,,,,,,,,,,,,,,,,,,,,,,,,,,,,,,,,,
20555,2019,8,3,2,15,15.8,0,0,0,0.6000000000000001,,,,,,,,,,,,,,,,,,,,,,,,,,,,,,,,,,,,
20556,2019,8,3,2,30,15.7,0,0,0,0.6000000000000001,,,,,,,,,,,,,,,,,,,,,,,,,,,,,,,,,,,,
20557,2019,8,3,2,45,15.6,0,0,0,0.6000000000000001,,,,,,,,,,,,,,,,,,,,,,,,,,,,,,,,,,,,
20558,2019,8,3,3,0,15.5,0,0,0,0.6000000000000001,,,,,,,,,,,,,,,,,,,,,,,,,,,,,,,,,,,,
20559,2019,8,3,3,15,15.4,0,0,0,0.6000000000000001,,,,,,,,,,,,,,,,,,,,,,,,,,,,,,,,,,,,
20560,2019,8,3,3,30,15.4,0,0,0,0.6000000000000001,,,,,,,,,,,,,,,,,,,,,,,,,,,,,,,,,,,,
20561,2019,8,3,3,45,15.3,0,0,0,0.6000000000000001,,,,,,,,,,,,,,,,,,,,,,,,,,,,,,,,,,,,
20562,2019,8,3,4,0,15.3,0,0,0,0.6000000000000001,,,,,,,,,,,,,,,,,,,,,,,,,,,,,,,,,,,,
20563,2019,8,3,4,15,15.3,0,0,0,0.7000000000000001,,,,,,,,,,,,,,,,,,,,,,,,,,,,,,,,,,,,
20564,2019,8,3,4,30,15.4,0,0,0,0.8,,,,,,,,,,,,,,,,,,,,,,,,,,,,,,,,,,,,
20565,2019,8,3,4,45,15.5,0,0,0,0.9,,,,,,,,,,,,,,,,,,,,,,,,,,,,,,,,,,,,
20566,2019,8,3,5,0,15.6,8,0,8,0.9,,,,,,,,,,,,,,,,,,,,,,,,,,,,,,,,,,,,
20567,2019,8,3,5,15,15.7,16,0,16,1.0,,,,,,,,,,,,,,,,,,,,,,,,,,,,,,,,,,,,
20568,2019,8,3,5,30,15.9,27,0,27,1.1,,,,,,,,,,,,,,,,,,,,,,,,,,,,,,,,,,,,
20569,2019,8,3,5,45,16.0,39,0,39,1.2000000000000002,,,,,,,,,,,,,,,,,,,,,,,,,,,,,,,,,,,,
20570,2019,8,3,6,0,16.2,55,0,55,1.3,,,,,,,,,,,,,,,,,,,,,,,,,,,,,,,,,,,,
20571,2019,8,3,6,15,16.5,100,169,138,1.4,,,,,,,,,,,,,,,,,,,,,,,,,,,,,,,,,,,,
20572,2019,8,3,6,30,16.8,119,205,173,1.4,,,,,,,,,,,,,,,,,,,,,,,,,,,,,,,,,,,,
20573,2019,8,3,6,45,17.1,133,262,212,1.5,,,,,,,,,,,,,,,,,,,,,,,,,,,,,,,,,,,,
20574,2019,8,3,7,0,17.400000000000002,148,296,249,1.5,,,,,,,,,,,,,,,,,,,,,,,,,,,,,,,,,,,,
20575,2019,8,3,7,15,17.8,162,328,286,1.6,,,,,,,,,,,,,,,,,,,,,,,,,,,,,,,,,,,,
20576,2019,8,3,7,30,18.3,175,358,324,1.7000000000000002,,,,,,,,,,,,,,,,,,,,,,,,,,,,,,,,,,,,
20577,2019,8,3,7,45,18.7,178,56,203,1.7000000000000002,,,,,,,,,,,,,,,,,,,,,,,,,,,,,,,,,,,,
20578,2019,8,3,8,0,19.1,190,437,402,1.8,,,,,,,,,,,,,,,,,,,,,,,,,,,,,,,,,,,,
20579,2019,8,3,8,15,19.6,199,460,439,1.8,,,,,,,,,,,,,,,,,,,,,,,,,,,,,,,,,,,,
20580,2019,8,3,8,30,20.0,208,482,475,1.8,,,,,,,,,,,,,,,,,,,,,,,,,,,,,,,,,,,,
20581,2019,8,3,8,45,20.4,208,519,512,1.9,,,,,,,,,,,,,,,,,,,,,,,,,,,,,,,,,,,,
20582,2019,8,3,9,0,20.9,215,537,545,1.9,,,,,,,,,,,,,,,,,,,,,,,,,,,,,,,,,,,,
20583,2019,8,3,9,15,21.200000000000003,286,97,348,1.9,,,,,,,,,,,,,,,,,,,,,,,,,,,,,,,,,,,,
20584,2019,8,3,9,30,21.5,302,102,370,1.9,,,,,,,,,,,,,,,,,,,,,,,,,,,,,,,,,,,,
20585,2019,8,3,9,45,21.9,317,106,391,1.9,,,,,,,,,,,,,,,,,,,,,,,,,,,,,,,,,,,,
20586,2019,8,3,10,0,22.200000000000003,331,110,410,2.0,,,,,,,,,,,,,,,,,,,,,,,,,,,,,,,,,,,,
20587,2019,8,3,10,15,22.4,344,114,428,2.0,,,,,,,,,,,,,,,,,,,,,,,,,,,,,,,,,,,,
20588,2019,8,3,10,30,22.6,356,117,445,2.0,,,,,,,,,,,,,,,,,,,,,,,,,,,,,,,,,,,,
20589,2019,8,3,10,45,22.700000000000003,290,25,309,2.0,,,,,,,,,,,,,,,,,,,,,,,,,,,,,,,,,,,,
20590,2019,8,3,11,0,22.9,376,129,479,2.0,,,,,,,,,,,,,,,,,,,,,,,,,,,,,,,,,,,,
20591,2019,8,3,11,15,23.0,307,28,329,2.0,,,,,,,,,,,,,,,,,,,,,,,,,,,,,,,,,,,,
20592,2019,8,3,11,30,23.0,109,0,109,2.0,,,,,,,,,,,,,,,,,,,,,,,,,,,,,,,,,,,,
20593,2019,8,3,11,45,23.0,336,38,367,2.0,,,,,,,,,,,,,,,,,,,,,,,,,,,,,,,,,,,,
20594,2019,8,3,12,0,23.1,366,60,416,2.0,,,,,,,,,,,,,,,,,,,,,,,,,,,,,,,,,,,,
20595,2019,8,3,12,15,23.1,206,9,213,2.0,,,,,,,,,,,,,,,,,,,,,,,,,,,,,,,,,,,,
20596,2019,8,3,12,30,23.1,175,6,180,1.9,,,,,,,,,,,,,,,,,,,,,,,,,,,,,,,,,,,,
20597,2019,8,3,12,45,23.1,269,16,282,1.9,,,,,,,,,,,,,,,,,,,,,,,,,,,,,,,,,,,,
20598,2019,8,3,13,0,23.200000000000003,271,16,284,1.9,,,,,,,,,,,,,,,,,,,,,,,,,,,,,,,,,,,,
20599,2019,8,3,13,15,23.200000000000003,327,35,356,1.9,,,,,,,,,,,,,,,,,,,,,,,,,,,,,,,,,,,,
20600,2019,8,3,13,30,23.200000000000003,377,109,464,2.0,,,,,,,,,,,,,,,,,,,,,,,,,,,,,,,,,,,,
20601,2019,8,3,13,45,23.200000000000003,376,155,498,2.0,,,,,,,,,,,,,,,,,,,,,,,,,,,,,,,,,,,,
20602,2019,8,3,14,0,23.200000000000003,366,152,484,2.0,,,,,,,,,,,,,,,,,,,,,,,,,,,,,,,,,,,,
20603,2019,8,3,14,15,23.200000000000003,345,258,539,2.0,,,,,,,,,,,,,,,,,,,,,,,,,,,,,,,,,,,,
20604,2019,8,3,14,30,23.200000000000003,334,252,519,2.1,,,,,,,,,,,,,,,,,,,,,,,,,,,,,,,,,,,,
20605,2019,8,3,14,45,23.200000000000003,331,152,439,2.1,,,,,,,,,,,,,,,,,,,,,,,,,,,,,,,,,,,,
20606,2019,8,3,15,0,23.200000000000003,174,4,177,2.2,,,,,,,,,,,,,,,,,,,,,,,,,,,,,,,,,,,,
20607,2019,8,3,15,15,23.1,181,5,184,2.2,,,,,,,,,,,,,,,,,,,,,,,,,,,,,,,,,,,,
20608,2019,8,3,15,30,23.0,187,6,191,2.2,,,,,,,,,,,,,,,,,,,,,,,,,,,,,,,,,,,,
20609,2019,8,3,15,45,23.0,264,92,320,2.3000000000000003,,,,,,,,,,,,,,,,,,,,,,,,,,,,,,,,,,,,
20610,2019,8,3,16,0,22.9,226,341,422,2.3000000000000003,,,,,,,,,,,,,,,,,,,,,,,,,,,,,,,,,,,,
20611,2019,8,3,16,15,22.8,218,297,379,2.3000000000000003,,,,,,,,,,,,,,,,,,,,,,,,,,,,,,,,,,,,
20612,2019,8,3,16,30,22.6,208,248,335,2.3000000000000003,,,,,,,,,,,,,,,,,,,,,,,,,,,,,,,,,,,,
20613,2019,8,3,16,45,22.5,184,290,322,2.4000000000000004,,,,,,,,,,,,,,,,,,,,,,,,,,,,,,,,,,,,
20614,2019,8,3,17,0,22.4,141,4,142,2.4000000000000004,,,,,,,,,,,,,,,,,,,,,,,,,,,,,,,,,,,,
20615,2019,8,3,17,15,22.1,92,0,92,2.2,,,,,,,,,,,,,,,,,,,,,,,,,,,,,,,,,,,,
20616,2019,8,3,17,30,21.8,75,0,75,2.0,,,,,,,,,,,,,,,,,,,,,,,,,,,,,,,,,,,,
20617,2019,8,3,17,45,21.5,13,0,13,1.8,,,,,,,,,,,,,,,,,,,,,,,,,,,,,,,,,,,,
20618,2019,8,3,18,0,21.200000000000003,11,0,11,1.6,,,,,,,,,,,,,,,,,,,,,,,,,,,,,,,,,,,,
20619,2019,8,3,18,15,20.6,9,0,9,1.4,,,,,,,,,,,,,,,,,,,,,,,,,,,,,,,,,,,,
20620,2019,8,3,18,30,20.1,8,0,8,1.3,,,,,,,,,,,,,,,,,,,,,,,,,,,,,,,,,,,,
20621,2019,8,3,18,45,19.5,7,0,7,1.1,,,,,,,,,,,,,,,,,,,,,,,,,,,,,,,,,,,,
20622,2019,8,3,19,0,18.9,19,0,19,1.0,,,,,,,,,,,,,,,,,,,,,,,,,,,,,,,,,,,,
20623,2019,8,3,19,15,18.6,13,0,13,1.0,,,,,,,,,,,,,,,,,,,,,,,,,,,,,,,,,,,,
20624,2019,8,3,19,30,18.2,8,0,8,1.0,,,,,,,,,,,,,,,,,,,,,,,,,,,,,,,,,,,,
20625,2019,8,3,19,45,17.900000000000002,3,0,3,1.0,,,,,,,,,,,,,,,,,,,,,,,,,,,,,,,,,,,,
20626,2019,8,3,20,0,17.5,0,0,0,1.1,,,,,,,,,,,,,,,,,,,,,,,,,,,,,,,,,,,,
20627,2019,8,3,20,15,17.400000000000002,0,0,0,1.1,,,,,,,,,,,,,,,,,,,,,,,,,,,,,,,,,,,,
20628,2019,8,3,20,30,17.2,0,0,0,1.1,,,,,,,,,,,,,,,,,,,,,,,,,,,,,,,,,,,,
20629,2019,8,3,20,45,17.1,0,0,0,1.1,,,,,,,,,,,,,,,,,,,,,,,,,,,,,,,,,,,,
20630,2019,8,3,21,0,16.900000000000002,0,0,0,1.1,,,,,,,,,,,,,,,,,,,,,,,,,,,,,,,,,,,,
20631,2019,8,3,21,15,16.8,0,0,0,1.1,,,,,,,,,,,,,,,,,,,,,,,,,,,,,,,,,,,,
20632,2019,8,3,21,30,16.6,0,0,0,1.1,,,,,,,,,,,,,,,,,,,,,,,,,,,,,,,,,,,,
20633,2019,8,3,21,45,16.5,0,0,0,1.2000000000000002,,,,,,,,,,,,,,,,,,,,,,,,,,,,,,,,,,,,
20634,2019,8,3,22,0,16.3,0,0,0,1.2000000000000002,,,,,,,,,,,,,,,,,,,,,,,,,,,,,,,,,,,,
20635,2019,8,3,22,15,16.2,0,0,0,1.2000000000000002,,,,,,,,,,,,,,,,,,,,,,,,,,,,,,,,,,,,
20636,2019,8,3,22,30,16.0,0,0,0,1.2000000000000002,,,,,,,,,,,,,,,,,,,,,,,,,,,,,,,,,,,,
20637,2019,8,3,22,45,15.9,0,0,0,1.2000000000000002,,,,,,,,,,,,,,,,,,,,,,,,,,,,,,,,,,,,
20638,2019,8,3,23,0,15.8,0,0,0,1.2000000000000002,,,,,,,,,,,,,,,,,,,,,,,,,,,,,,,,,,,,
20639,2019,8,3,23,15,15.6,0,0,0,1.2000000000000002,,,,,,,,,,,,,,,,,,,,,,,,,,,,,,,,,,,,
20640,2019,8,3,23,30,15.5,0,0,0,1.2000000000000002,,,,,,,,,,,,,,,,,,,,,,,,,,,,,,,,,,,,
20641,2019,8,3,23,45,15.4,0,0,0,1.2000000000000002,,,,,,,,,,,,,,,,,,,,,,,,,,,,,,,,,,,,
20642,2019,8,4,0,0,15.2,0,0,0,1.2000000000000002,,,,,,,,,,,,,,,,,,,,,,,,,,,,,,,,,,,,
20643,2019,8,4,0,15,15.2,0,0,0,1.2000000000000002,,,,,,,,,,,,,,,,,,,,,,,,,,,,,,,,,,,,
20644,2019,8,4,0,30,15.2,0,0,0,1.2000000000000002,,,,,,,,,,,,,,,,,,,,,,,,,,,,,,,,,,,,
20645,2019,8,4,0,45,15.2,0,0,0,1.2000000000000002,,,,,,,,,,,,,,,,,,,,,,,,,,,,,,,,,,,,
20646,2019,8,4,1,0,14.8,0,0,0,1.2000000000000002,,,,,,,,,,,,,,,,,,,,,,,,,,,,,,,,,,,,
20647,2019,8,4,1,15,14.7,0,0,0,1.2000000000000002,,,,,,,,,,,,,,,,,,,,,,,,,,,,,,,,,,,,
20648,2019,8,4,1,30,14.6,0,0,0,1.2000000000000002,,,,,,,,,,,,,,,,,,,,,,,,,,,,,,,,,,,,
20649,2019,8,4,1,45,14.5,0,0,0,1.2000000000000002,,,,,,,,,,,,,,,,,,,,,,,,,,,,,,,,,,,,
20650,2019,8,4,2,0,14.5,0,0,0,1.3,,,,,,,,,,,,,,,,,,,,,,,,,,,,,,,,,,,,
20651,2019,8,4,2,15,14.4,0,0,0,1.3,,,,,,,,,,,,,,,,,,,,,,,,,,,,,,,,,,,,
20652,2019,8,4,2,30,14.3,0,0,0,1.3,,,,,,,,,,,,,,,,,,,,,,,,,,,,,,,,,,,,
20653,2019,8,4,2,45,14.2,0,0,0,1.3,,,,,,,,,,,,,,,,,,,,,,,,,,,,,,,,,,,,
20654,2019,8,4,3,0,14.1,0,0,0,1.3,,,,,,,,,,,,,,,,,,,,,,,,,,,,,,,,,,,,
20655,2019,8,4,3,15,14.1,0,0,0,1.4,,,,,,,,,,,,,,,,,,,,,,,,,,,,,,,,,,,,
20656,2019,8,4,3,30,14.0,0,0,0,1.4,,,,,,,,,,,,,,,,,,,,,,,,,,,,,,,,,,,,
20657,2019,8,4,3,45,13.9,0,0,0,1.4,,,,,,,,,,,,,,,,,,,,,,,,,,,,,,,,,,,,
20658,2019,8,4,4,0,13.9,0,0,0,1.5,,,,,,,,,,,,,,,,,,,,,,,,,,,,,,,,,,,,
20659,2019,8,4,4,15,14.0,0,0,0,1.6,,,,,,,,,,,,,,,,,,,,,,,,,,,,,,,,,,,,
20660,2019,8,4,4,30,14.2,0,0,0,1.8,,,,,,,,,,,,,,,,,,,,,,,,,,,,,,,,,,,,
20661,2019,8,4,4,45,14.3,0,0,0,2.0,,,,,,,,,,,,,,,,,,,,,,,,,,,,,,,,,,,,
20662,2019,8,4,5,0,14.5,11,30,12,2.1,,,,,,,,,,,,,,,,,,,,,,,,,,,,,,,,,,,,
20663,2019,8,4,5,15,14.8,25,76,30,2.2,,,,,,,,,,,,,,,,,,,,,,,,,,,,,,,,,,,,
20664,2019,8,4,5,30,15.1,40,131,54,2.2,,,,,,,,,,,,,,,,,,,,,,,,,,,,,,,,,,,,
20665,2019,8,4,5,45,15.4,7,0,7,2.3000000000000003,,,,,,,,,,,,,,,,,,,,,,,,,,,,,,,,,,,,
20666,2019,8,4,6,0,15.8,69,256,116,2.3000000000000003,,,,,,,,,,,,,,,,,,,,,,,,,,,,,,,,,,,,
20667,2019,8,4,6,15,16.3,12,0,12,2.4000000000000004,,,,,,,,,,,,,,,,,,,,,,,,,,,,,,,,,,,,
20668,2019,8,4,6,30,16.8,14,0,14,2.4000000000000004,,,,,,,,,,,,,,,,,,,,,,,,,,,,,,,,,,,,
20669,2019,8,4,6,45,17.3,18,0,18,2.4000000000000004,,,,,,,,,,,,,,,,,,,,,,,,,,,,,,,,,,,,
20670,2019,8,4,7,0,17.8,21,0,21,2.4000000000000004,,,,,,,,,,,,,,,,,,,,,,,,,,,,,,,,,,,,
20671,2019,8,4,7,15,18.2,25,0,25,2.4000000000000004,,,,,,,,,,,,,,,,,,,,,,,,,,,,,,,,,,,,
20672,2019,8,4,7,30,18.7,28,0,28,2.4000000000000004,,,,,,,,,,,,,,,,,,,,,,,,,,,,,,,,,,,,
20673,2019,8,4,7,45,19.1,32,0,32,2.4000000000000004,,,,,,,,,,,,,,,,,,,,,,,,,,,,,,,,,,,,
20674,2019,8,4,8,0,19.5,191,52,217,2.4000000000000004,,,,,,,,,,,,,,,,,,,,,,,,,,,,,,,,,,,,
20675,2019,8,4,8,15,19.9,212,252,342,2.4000000000000004,,,,,,,,,,,,,,,,,,,,,,,,,,,,,,,,,,,,
20676,2019,8,4,8,30,20.3,228,265,374,2.4000000000000004,,,,,,,,,,,,,,,,,,,,,,,,,,,,,,,,,,,,
20677,2019,8,4,8,45,20.700000000000003,243,276,404,2.4000000000000004,,,,,,,,,,,,,,,,,,,,,,,,,,,,,,,,,,,,
20678,2019,8,4,9,0,21.1,258,287,433,2.4000000000000004,,,,,,,,,,,,,,,,,,,,,,,,,,,,,,,,,,,,
20679,2019,8,4,9,15,21.4,284,94,344,2.5,,,,,,,,,,,,,,,,,,,,,,,,,,,,,,,,,,,,
20680,2019,8,4,9,30,21.6,300,99,366,2.5,,,,,,,,,,,,,,,,,,,,,,,,,,,,,,,,,,,,
20681,2019,8,4,9,45,21.9,315,104,387,2.5,,,,,,,,,,,,,,,,,,,,,,,,,,,,,,,,,,,,
20682,2019,8,4,10,0,22.200000000000003,329,108,407,2.6,,,,,,,,,,,,,,,,,,,,,,,,,,,,,,,,,,,,
20683,2019,8,4,10,15,22.4,342,112,425,2.6,,,,,,,,,,,,,,,,,,,,,,,,,,,,,,,,,,,,
20684,2019,8,4,10,30,22.6,354,115,441,2.6,,,,,,,,,,,,,,,,,,,,,,,,,,,,,,,,,,,,
20685,2019,8,4,10,45,22.8,253,15,265,2.6,,,,,,,,,,,,,,,,,,,,,,,,,,,,,,,,,,,,
20686,2019,8,4,11,0,23.1,260,16,272,2.6,,,,,,,,,,,,,,,,,,,,,,,,,,,,,,,,,,,,
20687,2019,8,4,11,15,23.3,265,16,278,2.6,,,,,,,,,,,,,,,,,,,,,,,,,,,,,,,,,,,,
20688,2019,8,4,11,30,23.6,270,17,283,2.7,,,,,,,,,,,,,,,,,,,,,,,,,,,,,,,,,,,,
20689,2019,8,4,11,45,23.8,349,47,388,2.7,,,,,,,,,,,,,,,,,,,,,,,,,,,,,,,,,,,,
20690,2019,8,4,12,0,24.1,352,48,391,2.7,,,,,,,,,,,,,,,,,,,,,,,,,,,,,,,,,,,,
20691,2019,8,4,12,15,24.200000000000003,377,74,437,2.7,,,,,,,,,,,,,,,,,,,,,,,,,,,,,,,,,,,,
20692,2019,8,4,12,30,24.4,376,74,437,2.6,,,,,,,,,,,,,,,,,,,,,,,,,,,,,,,,,,,,
20693,2019,8,4,12,45,24.6,374,73,434,2.6,,,,,,,,,,,,,,,,,,,,,,,,,,,,,,,,,,,,
20694,2019,8,4,13,0,24.8,371,72,430,2.6,,,,,,,,,,,,,,,,,,,,,,,,,,,,,,,,,,,,
20695,2019,8,4,13,15,24.8,366,72,424,2.6,,,,,,,,,,,,,,,,,,,,,,,,,,,,,,,,,,,,
20696,2019,8,4,13,30,24.9,382,171,518,2.6,,,,,,,,,,,,,,,,,,,,,,,,,,,,,,,,,,,,
20697,2019,8,4,13,45,25.0,374,168,505,2.6,,,,,,,,,,,,,,,,,,,,,,,,,,,,,,,,,,,,
20698,2019,8,4,14,0,25.1,365,164,491,2.5,,,,,,,,,,,,,,,,,,,,,,,,,,,,,,,,,,,,
20699,2019,8,4,14,15,25.0,354,159,473,2.5,,,,,,,,,,,,,,,,,,,,,,,,,,,,,,,,,,,,
20700,2019,8,4,14,30,25.0,342,154,455,2.5,,,,,,,,,,,,,,,,,,,,,,,,,,,,,,,,,,,,
20701,2019,8,4,14,45,25.0,329,150,435,2.4000000000000004,,,,,,,,,,,,,,,,,,,,,,,,,,,,,,,,,,,,
20702,2019,8,4,15,0,25.0,315,164,427,2.4000000000000004,,,,,,,,,,,,,,,,,,,,,,,,,,,,,,,,,,,,
20703,2019,8,4,15,15,24.9,117,787,636,2.4000000000000004,,,,,,,,,,,,,,,,,,,,,,,,,,,,,,,,,,,,
20704,2019,8,4,15,30,24.8,285,150,380,2.3000000000000003,,,,,,,,,,,,,,,,,,,,,,,,,,,,,,,,,,,,
20705,2019,8,4,15,45,24.700000000000003,111,762,571,2.3000000000000003,,,,,,,,,,,,,,,,,,,,,,,,,,,,,,,,,,,,
20706,2019,8,4,16,0,24.6,108,747,536,2.3000000000000003,,,,,,,,,,,,,,,,,,,,,,,,,,,,,,,,,,,,
20707,2019,8,4,16,15,24.5,105,730,499,2.2,,,,,,,,,,,,,,,,,,,,,,,,,,,,,,,,,,,,
20708,2019,8,4,16,30,24.3,102,711,462,2.2,,,,,,,,,,,,,,,,,,,,,,,,,,,,,,,,,,,,
20709,2019,8,4,16,45,24.1,98,690,423,2.1,,,,,,,,,,,,,,,,,,,,,,,,,,,,,,,,,,,,
20710,2019,8,4,17,0,23.9,94,666,384,2.1,,,,,,,,,,,,,,,,,,,,,,,,,,,,,,,,,,,,
20711,2019,8,4,17,15,23.6,89,639,344,1.9,,,,,,,,,,,,,,,,,,,,,,,,,,,,,,,,,,,,
20712,2019,8,4,17,30,23.3,84,609,304,1.8,,,,,,,,,,,,,,,,,,,,,,,,,,,,,,,,,,,,
20713,2019,8,4,17,45,23.0,99,391,225,1.6,,,,,,,,,,,,,,,,,,,,,,,,,,,,,,,,,,,,
20714,2019,8,4,18,0,22.6,86,378,194,1.4,,,,,,,,,,,,,,,,,,,,,,,,,,,,,,,,,,,,
20715,2019,8,4,18,15,21.9,66,489,187,1.3,,,,,,,,,,,,,,,,,,,,,,,,,,,,,,,,,,,,
20716,2019,8,4,18,30,21.200000000000003,59,438,150,1.2000000000000002,,,,,,,,,,,,,,,,,,,,,,,,,,,,,,,,,,,,
20717,2019,8,4,18,45,20.4,51,375,114,1.0,,,,,,,,,,,,,,,,,,,,,,,,,,,,,,,,,,,,
20718,2019,8,4,19,0,19.700000000000003,42,213,70,0.9,,,,,,,,,,,,,,,,,,,,,,,,,,,,,,,,,,,,
20719,2019,8,4,19,15,19.3,31,229,53,0.9,,,,,,,,,,,,,,,,,,,,,,,,,,,,,,,,,,,,
20720,2019,8,4,19,30,18.9,20,144,29,0.9,,,,,,,,,,,,,,,,,,,,,,,,,,,,,,,,,,,,
20721,2019,8,4,19,45,18.4,10,60,11,1.0,,,,,,,,,,,,,,,,,,,,,,,,,,,,,,,,,,,,
20722,2019,8,4,20,0,18.0,0,0,0,1.0,,,,,,,,,,,,,,,,,,,,,,,,,,,,,,,,,,,,
20723,2019,8,4,20,15,17.8,0,0,0,1.0,,,,,,,,,,,,,,,,,,,,,,,,,,,,,,,,,,,,
20724,2019,8,4,20,30,17.6,0,0,0,1.0,,,,,,,,,,,,,,,,,,,,,,,,,,,,,,,,,,,,
20725,2019,8,4,20,45,17.400000000000002,0,0,0,1.0,,,,,,,,,,,,,,,,,,,,,,,,,,,,,,,,,,,,
20726,2019,8,4,21,0,17.2,0,0,0,1.0,,,,,,,,,,,,,,,,,,,,,,,,,,,,,,,,,,,,
20727,2019,8,4,21,15,17.0,0,0,0,1.0,,,,,,,,,,,,,,,,,,,,,,,,,,,,,,,,,,,,
20728,2019,8,4,21,30,16.8,0,0,0,1.0,,,,,,,,,,,,,,,,,,,,,,,,,,,,,,,,,,,,
20729,2019,8,4,21,45,16.6,0,0,0,1.0,,,,,,,,,,,,,,,,,,,,,,,,,,,,,,,,,,,,
20730,2019,8,4,22,0,16.400000000000002,0,0,0,1.0,,,,,,,,,,,,,,,,,,,,,,,,,,,,,,,,,,,,
20731,2019,8,4,22,15,16.3,0,0,0,1.0,,,,,,,,,,,,,,,,,,,,,,,,,,,,,,,,,,,,
20732,2019,8,4,22,30,16.2,0,0,0,0.9,,,,,,,,,,,,,,,,,,,,,,,,,,,,,,,,,,,,
20733,2019,8,4,22,45,16.0,0,0,0,0.9,,,,,,,,,,,,,,,,,,,,,,,,,,,,,,,,,,,,
20734,2019,8,4,23,0,15.9,0,0,0,0.9,,,,,,,,,,,,,,,,,,,,,,,,,,,,,,,,,,,,
20735,2019,8,4,23,15,15.8,0,0,0,0.9,,,,,,,,,,,,,,,,,,,,,,,,,,,,,,,,,,,,
20736,2019,8,4,23,30,15.7,0,0,0,0.9,,,,,,,,,,,,,,,,,,,,,,,,,,,,,,,,,,,,
20737,2019,8,4,23,45,15.6,0,0,0,1.0,,,,,,,,,,,,,,,,,,,,,,,,,,,,,,,,,,,,
20738,2019,8,5,0,0,15.5,0,0,0,1.0,,,,,,,,,,,,,,,,,,,,,,,,,,,,,,,,,,,,
20739,2019,8,5,0,15,15.5,0,0,0,1.0,,,,,,,,,,,,,,,,,,,,,,,,,,,,,,,,,,,,
20740,2019,8,5,0,30,15.5,0,0,0,1.0,,,,,,,,,,,,,,,,,,,,,,,,,,,,,,,,,,,,
20741,2019,8,5,0,45,15.5,0,0,0,1.0,,,,,,,,,,,,,,,,,,,,,,,,,,,,,,,,,,,,
20742,2019,8,5,1,0,14.9,0,0,0,1.0,,,,,,,,,,,,,,,,,,,,,,,,,,,,,,,,,,,,
20743,2019,8,5,1,15,14.8,0,0,0,1.1,,,,,,,,,,,,,,,,,,,,,,,,,,,,,,,,,,,,
20744,2019,8,5,1,30,14.6,0,0,0,1.1,,,,,,,,,,,,,,,,,,,,,,,,,,,,,,,,,,,,
20745,2019,8,5,1,45,14.5,0,0,0,1.1,,,,,,,,,,,,,,,,,,,,,,,,,,,,,,,,,,,,
20746,2019,8,5,2,0,14.3,0,0,0,1.1,,,,,,,,,,,,,,,,,,,,,,,,,,,,,,,,,,,,
20747,2019,8,5,2,15,14.3,0,0,0,1.2000000000000002,,,,,,,,,,,,,,,,,,,,,,,,,,,,,,,,,,,,
20748,2019,8,5,2,30,14.2,0,0,0,1.2000000000000002,,,,,,,,,,,,,,,,,,,,,,,,,,,,,,,,,,,,
20749,2019,8,5,2,45,14.2,0,0,0,1.2000000000000002,,,,,,,,,,,,,,,,,,,,,,,,,,,,,,,,,,,,
20750,2019,8,5,3,0,14.1,0,0,0,1.3,,,,,,,,,,,,,,,,,,,,,,,,,,,,,,,,,,,,
20751,2019,8,5,3,15,14.2,0,0,0,1.3,,,,,,,,,,,,,,,,,,,,,,,,,,,,,,,,,,,,
20752,2019,8,5,3,30,14.2,0,0,0,1.3,,,,,,,,,,,,,,,,,,,,,,,,,,,,,,,,,,,,
20753,2019,8,5,3,45,14.3,0,0,0,1.3,,,,,,,,,,,,,,,,,,,,,,,,,,,,,,,,,,,,
20754,2019,8,5,4,0,14.4,0,0,0,1.3,,,,,,,,,,,,,,,,,,,,,,,,,,,,,,,,,,,,
20755,2019,8,5,4,15,14.6,0,0,0,1.4,,,,,,,,,,,,,,,,,,,,,,,,,,,,,,,,,,,,
20756,2019,8,5,4,30,14.9,0,0,0,1.4,,,,,,,,,,,,,,,,,,,,,,,,,,,,,,,,,,,,
20757,2019,8,5,4,45,15.1,0,0,0,1.5,,,,,,,,,,,,,,,,,,,,,,,,,,,,,,,,,,,,
20758,2019,8,5,5,0,15.3,3,0,3,1.5,,,,,,,,,,,,,,,,,,,,,,,,,,,,,,,,,,,,
20759,2019,8,5,5,15,15.6,4,0,4,1.6,,,,,,,,,,,,,,,,,,,,,,,,,,,,,,,,,,,,
20760,2019,8,5,5,30,15.9,5,0,5,1.7000000000000002,,,,,,,,,,,,,,,,,,,,,,,,,,,,,,,,,,,,
20761,2019,8,5,5,45,16.2,6,0,6,1.7000000000000002,,,,,,,,,,,,,,,,,,,,,,,,,,,,,,,,,,,,
20762,2019,8,5,6,0,16.6,7,0,7,1.8,,,,,,,,,,,,,,,,,,,,,,,,,,,,,,,,,,,,
20763,2019,8,5,6,15,16.900000000000002,8,0,8,1.9,,,,,,,,,,,,,,,,,,,,,,,,,,,,,,,,,,,,
20764,2019,8,5,6,30,17.2,10,0,10,1.9,,,,,,,,,,,,,,,,,,,,,,,,,,,,,,,,,,,,
20765,2019,8,5,6,45,17.5,11,0,11,1.9,,,,,,,,,,,,,,,,,,,,,,,,,,,,,,,,,,,,
20766,2019,8,5,7,0,17.8,15,0,15,2.0,,,,,,,,,,,,,,,,,,,,,,,,,,,,,,,,,,,,
20767,2019,8,5,7,15,18.4,58,0,58,2.0,,,,,,,,,,,,,,,,,,,,,,,,,,,,,,,,,,,,
20768,2019,8,5,7,30,19.0,92,0,92,2.1,,,,,,,,,,,,,,,,,,,,,,,,,,,,,,,,,,,,
20769,2019,8,5,7,45,19.700000000000003,31,0,31,2.1,,,,,,,,,,,,,,,,,,,,,,,,,,,,,,,,,,,,
20770,2019,8,5,8,0,20.3,93,0,93,2.2,,,,,,,,,,,,,,,,,,,,,,,,,,,,,,,,,,,,
20771,2019,8,5,8,15,21.200000000000003,167,8,171,2.3000000000000003,,,,,,,,,,,,,,,,,,,,,,,,,,,,,,,,,,,,
20772,2019,8,5,8,30,22.1,43,0,43,2.3000000000000003,,,,,,,,,,,,,,,,,,,,,,,,,,,,,,,,,,,,
20773,2019,8,5,8,45,23.0,47,0,47,2.4000000000000004,,,,,,,,,,,,,,,,,,,,,,,,,,,,,,,,,,,,
20774,2019,8,5,9,0,23.8,50,0,50,2.5,,,,,,,,,,,,,,,,,,,,,,,,,,,,,,,,,,,,
20775,2019,8,5,9,15,24.4,54,0,54,2.5,,,,,,,,,,,,,,,,,,,,,,,,,,,,,,,,,,,,
20776,2019,8,5,9,30,25.0,89,0,89,2.5,,,,,,,,,,,,,,,,,,,,,,,,,,,,,,,,,,,,
20777,2019,8,5,9,45,25.5,59,0,59,2.6,,,,,,,,,,,,,,,,,,,,,,,,,,,,,,,,,,,,
20778,2019,8,5,10,0,26.1,62,0,62,2.6,,,,,,,,,,,,,,,,,,,,,,,,,,,,,,,,,,,,
20779,2019,8,5,10,15,26.4,64,0,64,2.7,,,,,,,,,,,,,,,,,,,,,,,,,,,,,,,,,,,,
20780,2019,8,5,10,30,26.8,66,0,66,2.7,,,,,,,,,,,,,,,,,,,,,,,,,,,,,,,,,,,,
20781,2019,8,5,10,45,27.1,67,0,67,2.8000000000000003,,,,,,,,,,,,,,,,,,,,,,,,,,,,,,,,,,,,
20782,2019,8,5,11,0,27.4,51,0,51,2.8000000000000003,,,,,,,,,,,,,,,,,,,,,,,,,,,,,,,,,,,,
20783,2019,8,5,11,15,27.6,285,21,301,2.9000000000000004,,,,,,,,,,,,,,,,,,,,,,,,,,,,,,,,,,,,
20784,2019,8,5,11,30,27.700000000000003,340,44,375,2.9000000000000004,,,,,,,,,,,,,,,,,,,,,,,,,,,,,,,,,,,,
20785,2019,8,5,11,45,27.8,393,171,533,3.0,,,,,,,,,,,,,,,,,,,,,,,,,,,,,,,,,,,,
20786,2019,8,5,12,0,27.9,381,277,607,3.1,,,,,,,,,,,,,,,,,,,,,,,,,,,,,,,,,,,,
20787,2019,8,5,12,15,27.8,391,231,581,3.1,,,,,,,,,,,,,,,,,,,,,,,,,,,,,,,,,,,,
20788,2019,8,5,12,30,27.6,397,168,535,3.2,,,,,,,,,,,,,,,,,,,,,,,,,,,,,,,,,,,,
20789,2019,8,5,12,45,27.5,389,108,477,3.3000000000000003,,,,,,,,,,,,,,,,,,,,,,,,,,,,,,,,,,,,
20790,2019,8,5,13,0,27.4,372,76,434,3.3000000000000003,,,,,,,,,,,,,,,,,,,,,,,,,,,,,,,,,,,,
20791,2019,8,5,13,15,27.200000000000003,261,15,273,3.4000000000000004,,,,,,,,,,,,,,,,,,,,,,,,,,,,,,,,,,,,
20792,2019,8,5,13,30,26.9,153,2,154,3.4000000000000004,,,,,,,,,,,,,,,,,,,,,,,,,,,,,,,,,,,,
20793,2019,8,5,13,45,26.700000000000003,353,74,411,3.4000000000000004,,,,,,,,,,,,,,,,,,,,,,,,,,,,,,,,,,,,
20794,2019,8,5,14,0,26.5,363,150,478,3.4000000000000004,,,,,,,,,,,,,,,,,,,,,,,,,,,,,,,,,,,,
20795,2019,8,5,14,15,26.4,322,55,363,3.5,,,,,,,,,,,,,,,,,,,,,,,,,,,,,,,,,,,,
20796,2019,8,5,14,30,26.4,310,52,348,3.5,,,,,,,,,,,,,,,,,,,,,,,,,,,,,,,,,,,,
20797,2019,8,5,14,45,26.3,175,4,177,3.5,,,,,,,,,,,,,,,,,,,,,,,,,,,,,,,,,,,,
20798,2019,8,5,15,0,26.200000000000003,175,4,177,3.5,,,,,,,,,,,,,,,,,,,,,,,,,,,,,,,,,,,,
20799,2019,8,5,15,15,26.1,229,18,241,3.4000000000000004,,,,,,,,,,,,,,,,,,,,,,,,,,,,,,,,,,,,
20800,2019,8,5,15,30,26.0,275,246,429,3.4000000000000004,,,,,,,,,,,,,,,,,,,,,,,,,,,,,,,,,,,,
20801,2019,8,5,15,45,26.0,245,316,434,3.3000000000000003,,,,,,,,,,,,,,,,,,,,,,,,,,,,,,,,,,,,
20802,2019,8,5,16,0,25.9,223,342,417,3.3000000000000003,,,,,,,,,,,,,,,,,,,,,,,,,,,,,,,,,,,,
20803,2019,8,5,16,15,25.8,231,180,327,3.2,,,,,,,,,,,,,,,,,,,,,,,,,,,,,,,,,,,,
20804,2019,8,5,16,30,25.6,213,118,273,3.1,,,,,,,,,,,,,,,,,,,,,,,,,,,,,,,,,,,,
20805,2019,8,5,16,45,25.5,195,156,268,3.0,,,,,,,,,,,,,,,,,,,,,,,,,,,,,,,,,,,,
20806,2019,8,5,17,0,25.4,161,33,176,2.9000000000000004,,,,,,,,,,,,,,,,,,,,,,,,,,,,,,,,,,,,
20807,2019,8,5,17,15,25.0,116,0,116,2.6,,,,,,,,,,,,,,,,,,,,,,,,,,,,,,,,,,,,
20808,2019,8,5,17,30,24.6,141,144,192,2.3000000000000003,,,,,,,,,,,,,,,,,,,,,,,,,,,,,,,,,,,,
20809,2019,8,5,17,45,24.200000000000003,117,237,192,1.9,,,,,,,,,,,,,,,,,,,,,,,,,,,,,,,,,,,,
20810,2019,8,5,18,0,23.8,104,183,155,1.6,,,,,,,,,,,,,,,,,,,,,,,,,,,,,,,,,,,,
20811,2019,8,5,18,15,23.1,88,161,127,1.5,,,,,,,,,,,,,,,,,,,,,,,,,,,,,,,,,,,,
20812,2019,8,5,18,30,22.5,73,138,101,1.3,,,,,,,,,,,,,,,,,,,,,,,,,,,,,,,,,,,,
20813,2019,8,5,18,45,21.8,58,114,77,1.2000000000000002,,,,,,,,,,,,,,,,,,,,,,,,,,,,,,,,,,,,
20814,2019,8,5,19,0,21.1,43,93,55,1.0,,,,,,,,,,,,,,,,,,,,,,,,,,,,,,,,,,,,
20815,2019,8,5,19,15,20.8,30,68,36,1.0,,,,,,,,,,,,,,,,,,,,,,,,,,,,,,,,,,,,
20816,2019,8,5,19,30,20.4,16,0,16,1.0,,,,,,,,,,,,,,,,,,,,,,,,,,,,,,,,,,,,
20817,2019,8,5,19,45,20.1,6,19,7,1.0,,,,,,,,,,,,,,,,,,,,,,,,,,,,,,,,,,,,
20818,2019,8,5,20,0,19.700000000000003,0,0,0,1.1,,,,,,,,,,,,,,,,,,,,,,,,,,,,,,,,,,,,
20819,2019,8,5,20,15,19.6,0,0,0,1.1,,,,,,,,,,,,,,,,,,,,,,,,,,,,,,,,,,,,
20820,2019,8,5,20,30,19.4,0,0,0,1.1,,,,,,,,,,,,,,,,,,,,,,,,,,,,,,,,,,,,
20821,2019,8,5,20,45,19.200000000000003,0,0,0,1.1,,,,,,,,,,,,,,,,,,,,,,,,,,,,,,,,,,,,
20822,2019,8,5,21,0,19.1,0,0,0,1.1,,,,,,,,,,,,,,,,,,,,,,,,,,,,,,,,,,,,
20823,2019,8,5,21,15,18.9,0,0,0,1.1,,,,,,,,,,,,,,,,,,,,,,,,,,,,,,,,,,,,
20824,2019,8,5,21,30,18.8,0,0,0,1.2000000000000002,,,,,,,,,,,,,,,,,,,,,,,,,,,,,,,,,,,,
20825,2019,8,5,21,45,18.6,0,0,0,1.2000000000000002,,,,,,,,,,,,,,,,,,,,,,,,,,,,,,,,,,,,
20826,2019,8,5,22,0,18.5,0,0,0,1.2000000000000002,,,,,,,,,,,,,,,,,,,,,,,,,,,,,,,,,,,,
20827,2019,8,5,22,15,18.4,0,0,0,1.3,,,,,,,,,,,,,,,,,,,,,,,,,,,,,,,,,,,,
20828,2019,8,5,22,30,18.2,0,0,0,1.3,,,,,,,,,,,,,,,,,,,,,,,,,,,,,,,,,,,,
20829,2019,8,5,22,45,18.1,0,0,0,1.3,,,,,,,,,,,,,,,,,,,,,,,,,,,,,,,,,,,,
20830,2019,8,5,23,0,18.0,0,0,0,1.3,,,,,,,,,,,,,,,,,,,,,,,,,,,,,,,,,,,,
20831,2019,8,5,23,15,17.900000000000002,0,0,0,1.3,,,,,,,,,,,,,,,,,,,,,,,,,,,,,,,,,,,,
20832,2019,8,5,23,30,17.8,0,0,0,1.3,,,,,,,,,,,,,,,,,,,,,,,,,,,,,,,,,,,,
20833,2019,8,5,23,45,17.7,0,0,0,1.3,,,,,,,,,,,,,,,,,,,,,,,,,,,,,,,,,,,,
20834,2019,8,6,0,0,17.5,0,0,0,1.4,,,,,,,,,,,,,,,,,,,,,,,,,,,,,,,,,,,,
20835,2019,8,6,0,15,17.5,0,0,0,1.4,,,,,,,,,,,,,,,,,,,,,,,,,,,,,,,,,,,,
20836,2019,8,6,0,30,17.5,0,0,0,1.4,,,,,,,,,,,,,,,,,,,,,,,,,,,,,,,,,,,,
20837,2019,8,6,0,45,17.5,0,0,0,1.4,,,,,,,,,,,,,,,,,,,,,,,,,,,,,,,,,,,,
20838,2019,8,6,1,0,17.1,0,0,0,1.3,,,,,,,,,,,,,,,,,,,,,,,,,,,,,,,,,,,,
20839,2019,8,6,1,15,17.0,0,0,0,1.2000000000000002,,,,,,,,,,,,,,,,,,,,,,,,,,,,,,,,,,,,
20840,2019,8,6,1,30,16.900000000000002,0,0,0,1.2000000000000002,,,,,,,,,,,,,,,,,,,,,,,,,,,,,,,,,,,,
20841,2019,8,6,1,45,16.8,0,0,0,1.1,,,,,,,,,,,,,,,,,,,,,,,,,,,,,,,,,,,,
20842,2019,8,6,2,0,16.7,0,0,0,1.1,,,,,,,,,,,,,,,,,,,,,,,,,,,,,,,,,,,,
20843,2019,8,6,2,15,16.6,0,0,0,1.1,,,,,,,,,,,,,,,,,,,,,,,,,,,,,,,,,,,,
20844,2019,8,6,2,30,16.5,0,0,0,1.0,,,,,,,,,,,,,,,,,,,,,,,,,,,,,,,,,,,,
20845,2019,8,6,2,45,16.400000000000002,0,0,0,1.0,,,,,,,,,,,,,,,,,,,,,,,,,,,,,,,,,,,,
20846,2019,8,6,3,0,16.3,0,0,0,0.9,,,,,,,,,,,,,,,,,,,,,,,,,,,,,,,,,,,,
20847,2019,8,6,3,15,16.2,0,0,0,0.9,,,,,,,,,,,,,,,,,,,,,,,,,,,,,,,,,,,,
20848,2019,8,6,3,30,16.2,0,0,0,0.9,,,,,,,,,,,,,,,,,,,,,,,,,,,,,,,,,,,,
20849,2019,8,6,3,45,16.1,0,0,0,0.9,,,,,,,,,,,,,,,,,,,,,,,,,,,,,,,,,,,,
20850,2019,8,6,4,0,16.0,0,0,0,0.8,,,,,,,,,,,,,,,,,,,,,,,,,,,,,,,,,,,,
20851,2019,8,6,4,15,16.3,0,0,0,0.8,,,,,,,,,,,,,,,,,,,,,,,,,,,,,,,,,,,,
20852,2019,8,6,4,30,16.6,0,0,0,0.8,,,,,,,,,,,,,,,,,,,,,,,,,,,,,,,,,,,,
20853,2019,8,6,4,45,16.900000000000002,0,0,0,0.8,,,,,,,,,,,,,,,,,,,,,,,,,,,,,,,,,,,,
20854,2019,8,6,5,0,17.1,7,28,8,0.8,,,,,,,,,,,,,,,,,,,,,,,,,,,,,,,,,,,,
20855,2019,8,6,5,15,17.6,18,0,18,1.0,,,,,,,,,,,,,,,,,,,,,,,,,,,,,,,,,,,,
20856,2019,8,6,5,30,18.0,33,47,38,1.3,,,,,,,,,,,,,,,,,,,,,,,,,,,,,,,,,,,,
20857,2019,8,6,5,45,18.4,44,0,44,1.5,,,,,,,,,,,,,,,,,,,,,,,,,,,,,,,,,,,,
20858,2019,8,6,6,0,18.8,62,112,82,1.7000000000000002,,,,,,,,,,,,,,,,,,,,,,,,,,,,,,,,,,,,
20859,2019,8,6,6,15,19.3,73,14,76,1.9,,,,,,,,,,,,,,,,,,,,,,,,,,,,,,,,,,,,
20860,2019,8,6,6,30,19.8,92,171,136,2.0,,,,,,,,,,,,,,,,,,,,,,,,,,,,,,,,,,,,
20861,2019,8,6,6,45,20.4,106,36,117,2.2,,,,,,,,,,,,,,,,,,,,,,,,,,,,,,,,,,,,
20862,2019,8,6,7,0,20.9,128,107,164,2.3000000000000003,,,,,,,,,,,,,,,,,,,,,,,,,,,,,,,,,,,,
20863,2019,8,6,7,15,21.6,138,40,153,2.5,,,,,,,,,,,,,,,,,,,,,,,,,,,,,,,,,,,,
20864,2019,8,6,7,30,22.3,150,32,163,2.7,,,,,,,,,,,,,,,,,,,,,,,,,,,,,,,,,,,,
20865,2019,8,6,7,45,23.0,166,34,181,3.0,,,,,,,,,,,,,,,,,,,,,,,,,,,,,,,,,,,,
20866,2019,8,6,8,0,23.700000000000003,185,293,325,3.2,,,,,,,,,,,,,,,,,,,,,,,,,,,,,,,,,,,,
20867,2019,8,6,8,15,24.1,197,324,363,3.3000000000000003,,,,,,,,,,,,,,,,,,,,,,,,,,,,,,,,,,,,
20868,2019,8,6,8,30,24.5,216,318,389,3.4000000000000004,,,,,,,,,,,,,,,,,,,,,,,,,,,,,,,,,,,,
20869,2019,8,6,8,45,24.9,253,187,360,3.5,,,,,,,,,,,,,,,,,,,,,,,,,,,,,,,,,,,,
20870,2019,8,6,9,0,25.200000000000003,260,259,418,3.7,,,,,,,,,,,,,,,,,,,,,,,,,,,,,,,,,,,,
20871,2019,8,6,9,15,25.5,275,268,446,3.8,,,,,,,,,,,,,,,,,,,,,,,,,,,,,,,,,,,,
20872,2019,8,6,9,30,25.700000000000003,288,283,475,3.9,,,,,,,,,,,,,,,,,,,,,,,,,,,,,,,,,,,,
20873,2019,8,6,9,45,26.0,300,289,500,4.0,,,,,,,,,,,,,,,,,,,,,,,,,,,,,,,,,,,,
20874,2019,8,6,10,0,26.200000000000003,331,171,453,4.0,,,,,,,,,,,,,,,,,,,,,,,,,,,,,,,,,,,,
20875,2019,8,6,10,15,26.4,343,184,478,4.1000000000000005,,,,,,,,,,,,,,,,,,,,,,,,,,,,,,,,,,,,
20876,2019,8,6,10,30,26.6,354,188,496,4.2,,,,,,,,,,,,,,,,,,,,,,,,,,,,,,,,,,,,
20877,2019,8,6,10,45,26.8,84,0,84,4.3,,,,,,,,,,,,,,,,,,,,,,,,,,,,,,,,,,,,
20878,2019,8,6,11,0,27.0,355,75,414,4.3,,,,,,,,,,,,,,,,,,,,,,,,,,,,,,,,,,,,
20879,2019,8,6,11,15,27.0,238,12,247,4.4,,,,,,,,,,,,,,,,,,,,,,,,,,,,,,,,,,,,
20880,2019,8,6,11,30,27.0,107,0,107,4.4,,,,,,,,,,,,,,,,,,,,,,,,,,,,,,,,,,,,
20881,2019,8,6,11,45,27.0,133,0,133,4.5,,,,,,,,,,,,,,,,,,,,,,,,,,,,,,,,,,,,
20882,2019,8,6,12,0,27.0,285,19,300,4.6000000000000005,,,,,,,,,,,,,,,,,,,,,,,,,,,,,,,,,,,,
20883,2019,8,6,12,15,26.8,315,28,338,4.6000000000000005,,,,,,,,,,,,,,,,,,,,,,,,,,,,,,,,,,,,
20884,2019,8,6,12,30,26.6,374,74,434,4.6000000000000005,,,,,,,,,,,,,,,,,,,,,,,,,,,,,,,,,,,,
20885,2019,8,6,12,45,26.4,394,147,513,4.6000000000000005,,,,,,,,,,,,,,,,,,,,,,,,,,,,,,,,,,,,
20886,2019,8,6,13,0,26.3,391,164,523,4.6000000000000005,,,,,,,,,,,,,,,,,,,,,,,,,,,,,,,,,,,,
20887,2019,8,6,13,15,26.200000000000003,383,206,548,4.6000000000000005,,,,,,,,,,,,,,,,,,,,,,,,,,,,,,,,,,,,
20888,2019,8,6,13,30,26.1,378,142,490,4.6000000000000005,,,,,,,,,,,,,,,,,,,,,,,,,,,,,,,,,,,,
20889,2019,8,6,13,45,25.9,371,151,489,4.6000000000000005,,,,,,,,,,,,,,,,,,,,,,,,,,,,,,,,,,,,
20890,2019,8,6,14,0,25.8,353,245,540,4.5,,,,,,,,,,,,,,,,,,,,,,,,,,,,,,,,,,,,
20891,2019,8,6,14,15,25.700000000000003,319,344,576,4.4,,,,,,,,,,,,,,,,,,,,,,,,,,,,,,,,,,,,
20892,2019,8,6,14,30,25.6,339,187,475,4.4,,,,,,,,,,,,,,,,,,,,,,,,,,,,,,,,,,,,
20893,2019,8,6,14,45,25.4,326,133,419,4.3,,,,,,,,,,,,,,,,,,,,,,,,,,,,,,,,,,,,
20894,2019,8,6,15,0,25.3,298,73,348,4.2,,,,,,,,,,,,,,,,,,,,,,,,,,,,,,,,,,,,
20895,2019,8,6,15,15,25.200000000000003,267,46,298,4.0,,,,,,,,,,,,,,,,,,,,,,,,,,,,,,,,,,,,
20896,2019,8,6,15,30,25.0,269,73,315,3.9,,,,,,,,,,,,,,,,,,,,,,,,,,,,,,,,,,,,
20897,2019,8,6,15,45,24.9,254,71,296,3.8,,,,,,,,,,,,,,,,,,,,,,,,,,,,,,,,,,,,
20898,2019,8,6,16,0,24.8,241,82,287,3.6,,,,,,,,,,,,,,,,,,,,,,,,,,,,,,,,,,,,
20899,2019,8,6,16,15,24.6,230,129,299,3.4000000000000004,,,,,,,,,,,,,,,,,,,,,,,,,,,,,,,,,,,,
20900,2019,8,6,16,30,24.4,212,128,276,3.2,,,,,,,,,,,,,,,,,,,,,,,,,,,,,,,,,,,,
20901,2019,8,6,16,45,24.200000000000003,182,50,206,3.0,,,,,,,,,,,,,,,,,,,,,,,,,,,,,,,,,,,,
20902,2019,8,6,17,0,24.1,166,49,187,2.8000000000000003,,,,,,,,,,,,,,,,,,,,,,,,,,,,,,,,,,,,
20903,2019,8,6,17,15,23.700000000000003,149,46,167,2.4000000000000004,,,,,,,,,,,,,,,,,,,,,,,,,,,,,,,,,,,,
20904,2019,8,6,17,30,23.3,108,0,108,2.0,,,,,,,,,,,,,,,,,,,,,,,,,,,,,,,,,,,,
20905,2019,8,6,17,45,23.0,62,0,62,1.6,,,,,,,,,,,,,,,,,,,,,,,,,,,,,,,,,,,,
20906,2019,8,6,18,0,22.6,51,0,51,1.2000000000000002,,,,,,,,,,,,,,,,,,,,,,,,,,,,,,,,,,,,
20907,2019,8,6,18,15,22.200000000000003,42,0,42,1.1,,,,,,,,,,,,,,,,,,,,,,,,,,,,,,,,,,,,
20908,2019,8,6,18,30,21.8,31,0,31,1.0,,,,,,,,,,,,,,,,,,,,,,,,,,,,,,,,,,,,
20909,2019,8,6,18,45,21.4,23,0,23,0.9,,,,,,,,,,,,,,,,,,,,,,,,,,,,,,,,,,,,
20910,2019,8,6,19,0,21.0,16,0,16,0.7000000000000001,,,,,,,,,,,,,,,,,,,,,,,,,,,,,,,,,,,,
20911,2019,8,6,19,15,20.700000000000003,11,0,11,0.7000000000000001,,,,,,,,,,,,,,,,,,,,,,,,,,,,,,,,,,,,
20912,2019,8,6,19,30,20.5,6,0,6,0.8,,,,,,,,,,,,,,,,,,,,,,,,,,,,,,,,,,,,
20913,2019,8,6,19,45,20.200000000000003,0,0,0,0.8,,,,,,,,,,,,,,,,,,,,,,,,,,,,,,,,,,,,
20914,2019,8,6,20,0,20.0,0,0,0,0.8,,,,,,,,,,,,,,,,,,,,,,,,,,,,,,,,,,,,
20915,2019,8,6,20,15,19.9,0,0,0,0.8,,,,,,,,,,,,,,,,,,,,,,,,,,,,,,,,,,,,
20916,2019,8,6,20,30,19.8,0,0,0,0.7000000000000001,,,,,,,,,,,,,,,,,,,,,,,,,,,,,,,,,,,,
20917,2019,8,6,20,45,19.700000000000003,0,0,0,0.7000000000000001,,,,,,,,,,,,,,,,,,,,,,,,,,,,,,,,,,,,
20918,2019,8,6,21,0,19.6,0,0,0,0.7000000000000001,,,,,,,,,,,,,,,,,,,,,,,,,,,,,,,,,,,,
20919,2019,8,6,21,15,19.6,0,0,0,0.6000000000000001,,,,,,,,,,,,,,,,,,,,,,,,,,,,,,,,,,,,
20920,2019,8,6,21,30,19.6,0,0,0,0.6000000000000001,,,,,,,,,,,,,,,,,,,,,,,,,,,,,,,,,,,,
20921,2019,8,6,21,45,19.5,0,0,0,0.5,,,,,,,,,,,,,,,,,,,,,,,,,,,,,,,,,,,,
20922,2019,8,6,22,0,19.5,0,0,0,0.5,,,,,,,,,,,,,,,,,,,,,,,,,,,,,,,,,,,,
20923,2019,8,6,22,15,19.3,0,0,0,0.5,,,,,,,,,,,,,,,,,,,,,,,,,,,,,,,,,,,,
20924,2019,8,6,22,30,19.1,0,0,0,0.6000000000000001,,,,,,,,,,,,,,,,,,,,,,,,,,,,,,,,,,,,
20925,2019,8,6,22,45,18.9,0,0,0,0.6000000000000001,,,,,,,,,,,,,,,,,,,,,,,,,,,,,,,,,,,,
20926,2019,8,6,23,0,18.7,0,0,0,0.7000000000000001,,,,,,,,,,,,,,,,,,,,,,,,,,,,,,,,,,,,
20927,2019,8,6,23,15,18.6,0,0,0,0.8,,,,,,,,,,,,,,,,,,,,,,,,,,,,,,,,,,,,
20928,2019,8,6,23,30,18.5,0,0,0,0.8,,,,,,,,,,,,,,,,,,,,,,,,,,,,,,,,,,,,
20929,2019,8,6,23,45,18.4,0,0,0,0.8,,,,,,,,,,,,,,,,,,,,,,,,,,,,,,,,,,,,
20930,2019,8,7,0,0,18.2,0,0,0,0.9,,,,,,,,,,,,,,,,,,,,,,,,,,,,,,,,,,,,
20931,2019,8,7,0,15,18.2,0,0,0,0.9,,,,,,,,,,,,,,,,,,,,,,,,,,,,,,,,,,,,
20932,2019,8,7,0,30,18.2,0,0,0,0.9,,,,,,,,,,,,,,,,,,,,,,,,,,,,,,,,,,,,
20933,2019,8,7,0,45,18.2,0,0,0,0.9,,,,,,,,,,,,,,,,,,,,,,,,,,,,,,,,,,,,
20934,2019,8,7,1,0,18.0,0,0,0,1.0,,,,,,,,,,,,,,,,,,,,,,,,,,,,,,,,,,,,
20935,2019,8,7,1,15,17.900000000000002,0,0,0,1.0,,,,,,,,,,,,,,,,,,,,,,,,,,,,,,,,,,,,
20936,2019,8,7,1,30,17.900000000000002,0,0,0,1.0,,,,,,,,,,,,,,,,,,,,,,,,,,,,,,,,,,,,
20937,2019,8,7,1,45,17.8,0,0,0,1.0,,,,,,,,,,,,,,,,,,,,,,,,,,,,,,,,,,,,
20938,2019,8,7,2,0,17.7,0,0,0,1.0,,,,,,,,,,,,,,,,,,,,,,,,,,,,,,,,,,,,
20939,2019,8,7,2,15,17.6,0,0,0,1.0,,,,,,,,,,,,,,,,,,,,,,,,,,,,,,,,,,,,
20940,2019,8,7,2,30,17.5,0,0,0,1.0,,,,,,,,,,,,,,,,,,,,,,,,,,,,,,,,,,,,
20941,2019,8,7,2,45,17.400000000000002,0,0,0,1.0,,,,,,,,,,,,,,,,,,,,,,,,,,,,,,,,,,,,
20942,2019,8,7,3,0,17.3,0,0,0,1.0,,,,,,,,,,,,,,,,,,,,,,,,,,,,,,,,,,,,
20943,2019,8,7,3,15,17.2,0,0,0,1.1,,,,,,,,,,,,,,,,,,,,,,,,,,,,,,,,,,,,
20944,2019,8,7,3,30,17.1,0,0,0,1.1,,,,,,,,,,,,,,,,,,,,,,,,,,,,,,,,,,,,
20945,2019,8,7,3,45,17.1,0,0,0,1.1,,,,,,,,,,,,,,,,,,,,,,,,,,,,,,,,,,,,
20946,2019,8,7,4,0,17.0,0,0,0,1.1,,,,,,,,,,,,,,,,,,,,,,,,,,,,,,,,,,,,
20947,2019,8,7,4,15,17.1,0,0,0,1.2000000000000002,,,,,,,,,,,,,,,,,,,,,,,,,,,,,,,,,,,,
20948,2019,8,7,4,30,17.1,0,0,0,1.3,,,,,,,,,,,,,,,,,,,,,,,,,,,,,,,,,,,,
20949,2019,8,7,4,45,17.2,0,0,0,1.3,,,,,,,,,,,,,,,,,,,,,,,,,,,,,,,,,,,,
20950,2019,8,7,5,0,17.3,3,0,3,1.4,,,,,,,,,,,,,,,,,,,,,,,,,,,,,,,,,,,,
20951,2019,8,7,5,15,17.5,7,0,7,1.6,,,,,,,,,,,,,,,,,,,,,,,,,,,,,,,,,,,,
20952,2019,8,7,5,30,17.7,6,0,6,1.7000000000000002,,,,,,,,,,,,,,,,,,,,,,,,,,,,,,,,,,,,
20953,2019,8,7,5,45,17.900000000000002,7,0,7,1.9,,,,,,,,,,,,,,,,,,,,,,,,,,,,,,,,,,,,
20954,2019,8,7,6,0,18.1,8,0,8,2.1,,,,,,,,,,,,,,,,,,,,,,,,,,,,,,,,,,,,
20955,2019,8,7,6,15,18.3,10,0,10,2.2,,,,,,,,,,,,,,,,,,,,,,,,,,,,,,,,,,,,
20956,2019,8,7,6,30,18.5,11,0,11,2.2,,,,,,,,,,,,,,,,,,,,,,,,,,,,,,,,,,,,
20957,2019,8,7,6,45,18.7,13,0,13,2.3000000000000003,,,,,,,,,,,,,,,,,,,,,,,,,,,,,,,,,,,,
20958,2019,8,7,7,0,18.9,26,0,26,2.4000000000000004,,,,,,,,,,,,,,,,,,,,,,,,,,,,,,,,,,,,
20959,2019,8,7,7,15,19.200000000000003,15,0,15,2.5,,,,,,,,,,,,,,,,,,,,,,,,,,,,,,,,,,,,
20960,2019,8,7,7,30,19.6,22,0,22,2.6,,,,,,,,,,,,,,,,,,,,,,,,,,,,,,,,,,,,
20961,2019,8,7,7,45,19.9,35,0,35,2.7,,,,,,,,,,,,,,,,,,,,,,,,,,,,,,,,,,,,
20962,2019,8,7,8,0,20.3,33,0,33,2.7,,,,,,,,,,,,,,,,,,,,,,,,,,,,,,,,,,,,
20963,2019,8,7,8,15,20.6,35,0,35,2.9000000000000004,,,,,,,,,,,,,,,,,,,,,,,,,,,,,,,,,,,,
20964,2019,8,7,8,30,20.9,37,0,37,3.0,,,,,,,,,,,,,,,,,,,,,,,,,,,,,,,,,,,,
20965,2019,8,7,8,45,21.200000000000003,31,0,31,3.1,,,,,,,,,,,,,,,,,,,,,,,,,,,,,,,,,,,,
20966,2019,8,7,9,0,21.6,50,0,50,3.2,,,,,,,,,,,,,,,,,,,,,,,,,,,,,,,,,,,,
20967,2019,8,7,9,15,21.8,86,0,86,3.3000000000000003,,,,,,,,,,,,,,,,,,,,,,,,,,,,,,,,,,,,
20968,2019,8,7,9,30,22.0,136,0,136,3.4000000000000004,,,,,,,,,,,,,,,,,,,,,,,,,,,,,,,,,,,,
20969,2019,8,7,9,45,22.3,148,0,148,3.5,,,,,,,,,,,,,,,,,,,,,,,,,,,,,,,,,,,,
20970,2019,8,7,10,0,22.5,135,0,135,3.7,,,,,,,,,,,,,,,,,,,,,,,,,,,,,,,,,,,,
20971,2019,8,7,10,15,22.700000000000003,114,0,114,3.7,,,,,,,,,,,,,,,,,,,,,,,,,,,,,,,,,,,,
20972,2019,8,7,10,30,22.9,69,0,69,3.8,,,,,,,,,,,,,,,,,,,,,,,,,,,,,,,,,,,,
20973,2019,8,7,10,45,23.1,59,0,59,3.8,,,,,,,,,,,,,,,,,,,,,,,,,,,,,,,,,,,,
20974,2019,8,7,11,0,23.3,84,0,84,3.9,,,,,,,,,,,,,,,,,,,,,,,,,,,,,,,,,,,,
20975,2019,8,7,11,15,23.3,244,13,254,3.9,,,,,,,,,,,,,,,,,,,,,,,,,,,,,,,,,,,,
20976,2019,8,7,11,30,23.3,381,110,469,3.8,,,,,,,,,,,,,,,,,,,,,,,,,,,,,,,,,,,,
20977,2019,8,7,11,45,23.3,391,176,533,3.8,,,,,,,,,,,,,,,,,,,,,,,,,,,,,,,,,,,,
20978,2019,8,7,12,0,23.3,383,95,460,3.8,,,,,,,,,,,,,,,,,,,,,,,,,,,,,,,,,,,,
20979,2019,8,7,12,15,23.4,394,140,508,3.8,,,,,,,,,,,,,,,,,,,,,,,,,,,,,,,,,,,,
20980,2019,8,7,12,30,23.5,393,134,503,3.8,,,,,,,,,,,,,,,,,,,,,,,,,,,,,,,,,,,,
20981,2019,8,7,12,45,23.6,371,74,431,3.8,,,,,,,,,,,,,,,,,,,,,,,,,,,,,,,,,,,,
20982,2019,8,7,13,0,23.6,327,36,356,3.8,,,,,,,,,,,,,,,,,,,,,,,,,,,,,,,,,,,,
20983,2019,8,7,13,15,23.6,376,101,457,3.8,,,,,,,,,,,,,,,,,,,,,,,,,,,,,,,,,,,,
20984,2019,8,7,13,30,23.5,377,147,494,3.7,,,,,,,,,,,,,,,,,,,,,,,,,,,,,,,,,,,,
20985,2019,8,7,13,45,23.4,360,93,432,3.6,,,,,,,,,,,,,,,,,,,,,,,,,,,,,,,,,,,,
20986,2019,8,7,14,0,23.3,318,45,352,3.5,,,,,,,,,,,,,,,,,,,,,,,,,,,,,,,,,,,,
20987,2019,8,7,14,15,23.200000000000003,320,55,361,3.4000000000000004,,,,,,,,,,,,,,,,,,,,,,,,,,,,,,,,,,,,
20988,2019,8,7,14,30,23.0,255,19,269,3.2,,,,,,,,,,,,,,,,,,,,,,,,,,,,,,,,,,,,
20989,2019,8,7,14,45,22.9,212,10,219,3.1,,,,,,,,,,,,,,,,,,,,,,,,,,,,,,,,,,,,
20990,2019,8,7,15,0,22.700000000000003,172,3,174,3.0,,,,,,,,,,,,,,,,,,,,,,,,,,,,,,,,,,,,
20991,2019,8,7,15,15,22.5,118,0,118,2.8000000000000003,,,,,,,,,,,,,,,,,,,,,,,,,,,,,,,,,,,,
20992,2019,8,7,15,30,22.4,146,0,146,2.6,,,,,,,,,,,,,,,,,,,,,,,,,,,,,,,,,,,,
20993,2019,8,7,15,45,22.200000000000003,151,0,151,2.4000000000000004,,,,,,,,,,,,,,,,,,,,,,,,,,,,,,,,,,,,
20994,2019,8,7,16,0,22.0,101,0,101,2.2,,,,,,,,,,,,,,,,,,,,,,,,,,,,,,,,,,,,
20995,2019,8,7,16,15,21.8,90,0,90,1.9,,,,,,,,,,,,,,,,,,,,,,,,,,,,,,,,,,,,
20996,2019,8,7,16,30,21.5,96,0,96,1.7000000000000002,,,,,,,,,,,,,,,,,,,,,,,,,,,,,,,,,,,,
20997,2019,8,7,16,45,21.200000000000003,78,0,78,1.5,,,,,,,,,,,,,,,,,,,,,,,,,,,,,,,,,,,,
20998,2019,8,7,17,0,20.9,19,0,19,1.2000000000000002,,,,,,,,,,,,,,,,,,,,,,,,,,,,,,,,,,,,
20999,2019,8,7,17,15,20.6,16,0,16,1.2000000000000002,,,,,,,,,,,,,,,,,,,,,,,,,,,,,,,,,,,,
21000,2019,8,7,17,30,20.200000000000003,55,0,55,1.1,,,,,,,,,,,,,,,,,,,,,,,,,,,,,,,,,,,,
21001,2019,8,7,17,45,19.9,47,0,47,1.1,,,,,,,,,,,,,,,,,,,,,,,,,,,,,,,,,,,,
21002,2019,8,7,18,0,19.5,10,0,10,1.1,,,,,,,,,,,,,,,,,,,,,,,,,,,,,,,,,,,,
21003,2019,8,7,18,15,19.200000000000003,9,0,9,1.1,,,,,,,,,,,,,,,,,,,,,,,,,,,,,,,,,,,,
21004,2019,8,7,18,30,18.9,8,0,8,1.1,,,,,,,,,,,,,,,,,,,,,,,,,,,,,,,,,,,,
21005,2019,8,7,18,45,18.6,7,0,7,1.2000000000000002,,,,,,,,,,,,,,,,,,,,,,,,,,,,,,,,,,,,
21006,2019,8,7,19,0,18.3,6,0,6,1.2000000000000002,,,,,,,,,,,,,,,,,,,,,,,,,,,,,,,,,,,,
21007,2019,8,7,19,15,18.0,5,0,5,1.3,,,,,,,,,,,,,,,,,,,,,,,,,,,,,,,,,,,,
21008,2019,8,7,19,30,17.8,3,0,3,1.4,,,,,,,,,,,,,,,,,,,,,,,,,,,,,,,,,,,,
21009,2019,8,7,19,45,17.6,0,0,0,1.5,,,,,,,,,,,,,,,,,,,,,,,,,,,,,,,,,,,,
21010,2019,8,7,20,0,17.3,0,0,0,1.6,,,,,,,,,,,,,,,,,,,,,,,,,,,,,,,,,,,,
21011,2019,8,7,20,15,17.1,0,0,0,1.6,,,,,,,,,,,,,,,,,,,,,,,,,,,,,,,,,,,,
21012,2019,8,7,20,30,16.900000000000002,0,0,0,1.7000000000000002,,,,,,,,,,,,,,,,,,,,,,,,,,,,,,,,,,,,
21013,2019,8,7,20,45,16.6,0,0,0,1.7000000000000002,,,,,,,,,,,,,,,,,,,,,,,,,,,,,,,,,,,,
21014,2019,8,7,21,0,16.400000000000002,0,0,0,1.8,,,,,,,,,,,,,,,,,,,,,,,,,,,,,,,,,,,,
21015,2019,8,7,21,15,16.2,0,0,0,1.8,,,,,,,,,,,,,,,,,,,,,,,,,,,,,,,,,,,,
21016,2019,8,7,21,30,16.0,0,0,0,1.8,,,,,,,,,,,,,,,,,,,,,,,,,,,,,,,,,,,,
21017,2019,8,7,21,45,15.8,0,0,0,1.8,,,,,,,,,,,,,,,,,,,,,,,,,,,,,,,,,,,,
21018,2019,8,7,22,0,15.7,0,0,0,1.9,,,,,,,,,,,,,,,,,,,,,,,,,,,,,,,,,,,,
21019,2019,8,7,22,15,15.5,0,0,0,1.8,,,,,,,,,,,,,,,,,,,,,,,,,,,,,,,,,,,,
21020,2019,8,7,22,30,15.3,0,0,0,1.8,,,,,,,,,,,,,,,,,,,,,,,,,,,,,,,,,,,,
21021,2019,8,7,22,45,15.2,0,0,0,1.8,,,,,,,,,,,,,,,,,,,,,,,,,,,,,,,,,,,,
21022,2019,8,7,23,0,15.0,0,0,0,1.8,,,,,,,,,,,,,,,,,,,,,,,,,,,,,,,,,,,,
21023,2019,8,7,23,15,14.8,0,0,0,1.8,,,,,,,,,,,,,,,,,,,,,,,,,,,,,,,,,,,,
21024,2019,8,7,23,30,14.7,0,0,0,1.8,,,,,,,,,,,,,,,,,,,,,,,,,,,,,,,,,,,,
21025,2019,8,7,23,45,14.5,0,0,0,1.7000000000000002,,,,,,,,,,,,,,,,,,,,,,,,,,,,,,,,,,,,
21026,2019,8,8,0,0,14.4,0,0,0,1.7000000000000002,,,,,,,,,,,,,,,,,,,,,,,,,,,,,,,,,,,,
21027,2019,8,8,0,15,14.4,0,0,0,1.7000000000000002,,,,,,,,,,,,,,,,,,,,,,,,,,,,,,,,,,,,
21028,2019,8,8,0,30,14.4,0,0,0,1.7000000000000002,,,,,,,,,,,,,,,,,,,,,,,,,,,,,,,,,,,,
21029,2019,8,8,0,45,14.4,0,0,0,1.7000000000000002,,,,,,,,,,,,,,,,,,,,,,,,,,,,,,,,,,,,
21030,2019,8,8,1,0,14.0,0,0,0,1.7000000000000002,,,,,,,,,,,,,,,,,,,,,,,,,,,,,,,,,,,,
21031,2019,8,8,1,15,13.9,0,0,0,1.8,,,,,,,,,,,,,,,,,,,,,,,,,,,,,,,,,,,,
21032,2019,8,8,1,30,13.8,0,0,0,1.8,,,,,,,,,,,,,,,,,,,,,,,,,,,,,,,,,,,,
21033,2019,8,8,1,45,13.7,0,0,0,1.8,,,,,,,,,,,,,,,,,,,,,,,,,,,,,,,,,,,,
21034,2019,8,8,2,0,13.6,0,0,0,1.8,,,,,,,,,,,,,,,,,,,,,,,,,,,,,,,,,,,,
21035,2019,8,8,2,15,13.5,0,0,0,1.8,,,,,,,,,,,,,,,,,,,,,,,,,,,,,,,,,,,,
21036,2019,8,8,2,30,13.4,0,0,0,1.8,,,,,,,,,,,,,,,,,,,,,,,,,,,,,,,,,,,,
21037,2019,8,8,2,45,13.3,0,0,0,1.8,,,,,,,,,,,,,,,,,,,,,,,,,,,,,,,,,,,,
21038,2019,8,8,3,0,13.2,0,0,0,1.8,,,,,,,,,,,,,,,,,,,,,,,,,,,,,,,,,,,,
21039,2019,8,8,3,15,13.2,0,0,0,1.9,,,,,,,,,,,,,,,,,,,,,,,,,,,,,,,,,,,,
21040,2019,8,8,3,30,13.1,0,0,0,1.9,,,,,,,,,,,,,,,,,,,,,,,,,,,,,,,,,,,,
21041,2019,8,8,3,45,13.0,0,0,0,1.9,,,,,,,,,,,,,,,,,,,,,,,,,,,,,,,,,,,,
21042,2019,8,8,4,0,13.0,0,0,0,2.0,,,,,,,,,,,,,,,,,,,,,,,,,,,,,,,,,,,,
21043,2019,8,8,4,15,13.2,0,0,0,2.2,,,,,,,,,,,,,,,,,,,,,,,,,,,,,,,,,,,,
21044,2019,8,8,4,30,13.5,0,0,0,2.3000000000000003,,,,,,,,,,,,,,,,,,,,,,,,,,,,,,,,,,,,
21045,2019,8,8,4,45,13.7,0,0,0,2.5,,,,,,,,,,,,,,,,,,,,,,,,,,,,,,,,,,,,
21046,2019,8,8,5,0,14.0,9,45,10,2.7,,,,,,,,,,,,,,,,,,,,,,,,,,,,,,,,,,,,
21047,2019,8,8,5,15,14.4,20,121,27,2.8000000000000003,,,,,,,,,,,,,,,,,,,,,,,,,,,,,,,,,,,,
21048,2019,8,8,5,30,14.8,32,202,51,2.9000000000000004,,,,,,,,,,,,,,,,,,,,,,,,,,,,,,,,,,,,
21049,2019,8,8,5,45,15.3,43,292,81,3.0,,,,,,,,,,,,,,,,,,,,,,,,,,,,,,,,,,,,
21050,2019,8,8,6,0,15.7,53,361,114,3.1,,,,,,,,,,,,,,,,,,,,,,,,,,,,,,,,,,,,
21051,2019,8,8,6,15,16.5,61,421,149,3.2,,,,,,,,,,,,,,,,,,,,,,,,,,,,,,,,,,,,
21052,2019,8,8,6,30,17.2,69,474,186,3.2,,,,,,,,,,,,,,,,,,,,,,,,,,,,,,,,,,,,
21053,2019,8,8,6,45,18.0,72,542,227,3.2,,,,,,,,,,,,,,,,,,,,,,,,,,,,,,,,,,,,
21054,2019,8,8,7,0,18.7,78,582,267,3.3000000000000003,,,,,,,,,,,,,,,,,,,,,,,,,,,,,,,,,,,,
21055,2019,8,8,7,15,19.5,84,616,307,3.5,,,,,,,,,,,,,,,,,,,,,,,,,,,,,,,,,,,,
21056,2019,8,8,7,30,20.200000000000003,88,647,346,3.7,,,,,,,,,,,,,,,,,,,,,,,,,,,,,,,,,,,,
21057,2019,8,8,7,45,21.0,89,690,390,3.9,,,,,,,,,,,,,,,,,,,,,,,,,,,,,,,,,,,,
21058,2019,8,8,8,0,21.700000000000003,93,714,429,4.1000000000000005,,,,,,,,,,,,,,,,,,,,,,,,,,,,,,,,,,,,
21059,2019,8,8,8,15,22.1,96,735,468,4.2,,,,,,,,,,,,,,,,,,,,,,,,,,,,,,,,,,,,
21060,2019,8,8,8,30,22.4,99,753,505,4.3,,,,,,,,,,,,,,,,,,,,,,,,,,,,,,,,,,,,
21061,2019,8,8,8,45,22.8,100,777,544,4.4,,,,,,,,,,,,,,,,,,,,,,,,,,,,,,,,,,,,
21062,2019,8,8,9,0,23.200000000000003,102,792,579,4.6000000000000005,,,,,,,,,,,,,,,,,,,,,,,,,,,,,,,,,,,,
21063,2019,8,8,9,15,23.5,105,804,612,4.7,,,,,,,,,,,,,,,,,,,,,,,,,,,,,,,,,,,,
21064,2019,8,8,9,30,23.8,107,816,643,4.800000000000001,,,,,,,,,,,,,,,,,,,,,,,,,,,,,,,,,,,,
21065,2019,8,8,9,45,24.1,108,828,674,4.800000000000001,,,,,,,,,,,,,,,,,,,,,,,,,,,,,,,,,,,,
21066,2019,8,8,10,0,24.4,110,837,701,4.9,,,,,,,,,,,,,,,,,,,,,,,,,,,,,,,,,,,,
21067,2019,8,8,10,15,24.6,341,153,452,5.0,,,,,,,,,,,,,,,,,,,,,,,,,,,,,,,,,,,,
21068,2019,8,8,10,30,24.9,352,157,469,5.1000000000000005,,,,,,,,,,,,,,,,,,,,,,,,,,,,,,,,,,,,
21069,2019,8,8,10,45,25.1,362,160,485,5.2,,,,,,,,,,,,,,,,,,,,,,,,,,,,,,,,,,,,
21070,2019,8,8,11,0,25.4,371,163,498,5.2,,,,,,,,,,,,,,,,,,,,,,,,,,,,,,,,,,,,
21071,2019,8,8,11,15,25.6,335,376,632,5.300000000000001,,,,,,,,,,,,,,,,,,,,,,,,,,,,,,,,,,,,
21072,2019,8,8,11,30,25.8,116,869,811,5.300000000000001,,,,,,,,,,,,,,,,,,,,,,,,,,,,,,,,,,,,
21073,2019,8,8,11,45,26.0,389,169,525,5.4,,,,,,,,,,,,,,,,,,,,,,,,,,,,,,,,,,,,
21074,2019,8,8,12,0,26.200000000000003,391,170,529,5.4,,,,,,,,,,,,,,,,,,,,,,,,,,,,,,,,,,,,
21075,2019,8,8,12,15,26.3,392,181,539,5.4,,,,,,,,,,,,,,,,,,,,,,,,,,,,,,,,,,,,
21076,2019,8,8,12,30,26.4,392,180,539,5.4,,,,,,,,,,,,,,,,,,,,,,,,,,,,,,,,,,,,
21077,2019,8,8,12,45,26.5,390,180,536,5.5,,,,,,,,,,,,,,,,,,,,,,,,,,,,,,,,,,,,
21078,2019,8,8,13,0,26.6,123,857,812,5.5,,,,,,,,,,,,,,,,,,,,,,,,,,,,,,,,,,,,
21079,2019,8,8,13,15,26.700000000000003,382,175,521,5.4,,,,,,,,,,,,,,,,,,,,,,,,,,,,,,,,,,,,
21080,2019,8,8,13,30,26.700000000000003,376,173,511,5.4,,,,,,,,,,,,,,,,,,,,,,,,,,,,,,,,,,,,
21081,2019,8,8,13,45,26.700000000000003,367,189,513,5.4,,,,,,,,,,,,,,,,,,,,,,,,,,,,,,,,,,,,
21082,2019,8,8,14,0,26.700000000000003,344,272,550,5.4,,,,,,,,,,,,,,,,,,,,,,,,,,,,,,,,,,,,
21083,2019,8,8,14,15,26.6,340,240,517,5.4,,,,,,,,,,,,,,,,,,,,,,,,,,,,,,,,,,,,
21084,2019,8,8,14,30,26.5,329,100,401,5.300000000000001,,,,,,,,,,,,,,,,,,,,,,,,,,,,,,,,,,,,
21085,2019,8,8,14,45,26.4,291,48,324,5.300000000000001,,,,,,,,,,,,,,,,,,,,,,,,,,,,,,,,,,,,
21086,2019,8,8,15,0,26.3,287,59,326,5.2,,,,,,,,,,,,,,,,,,,,,,,,,,,,,,,,,,,,
21087,2019,8,8,15,15,26.1,282,76,331,5.2,,,,,,,,,,,,,,,,,,,,,,,,,,,,,,,,,,,,
21088,2019,8,8,15,30,25.9,278,167,381,5.1000000000000005,,,,,,,,,,,,,,,,,,,,,,,,,,,,,,,,,,,,
21089,2019,8,8,15,45,25.8,218,407,458,5.0,,,,,,,,,,,,,,,,,,,,,,,,,,,,,,,,,,,,
21090,2019,8,8,16,0,25.6,235,248,374,4.9,,,,,,,,,,,,,,,,,,,,,,,,,,,,,,,,,,,,
21091,2019,8,8,16,15,25.3,226,147,304,4.800000000000001,,,,,,,,,,,,,,,,,,,,,,,,,,,,,,,,,,,,
21092,2019,8,8,16,30,25.1,109,679,443,4.6000000000000005,,,,,,,,,,,,,,,,,,,,,,,,,,,,,,,,,,,,
21093,2019,8,8,16,45,24.8,112,635,402,4.4,,,,,,,,,,,,,,,,,,,,,,,,,,,,,,,,,,,,
21094,2019,8,8,17,0,24.6,169,199,253,4.3,,,,,,,,,,,,,,,,,,,,,,,,,,,,,,,,,,,,
21095,2019,8,8,17,15,24.1,143,271,247,3.8,,,,,,,,,,,,,,,,,,,,,,,,,,,,,,,,,,,,
21096,2019,8,8,17,30,23.700000000000003,121,306,227,3.4000000000000004,,,,,,,,,,,,,,,,,,,,,,,,,,,,,,,,,,,,
21097,2019,8,8,17,45,23.3,107,282,194,3.0,,,,,,,,,,,,,,,,,,,,,,,,,,,,,,,,,,,,
21098,2019,8,8,18,0,22.8,99,182,148,2.6,,,,,,,,,,,,,,,,,,,,,,,,,,,,,,,,,,,,
21099,2019,8,8,18,15,22.200000000000003,79,225,131,2.3000000000000003,,,,,,,,,,,,,,,,,,,,,,,,,,,,,,,,,,,,
21100,2019,8,8,18,30,21.5,63,351,131,2.0,,,,,,,,,,,,,,,,,,,,,,,,,,,,,,,,,,,,
21101,2019,8,8,18,45,20.8,53,286,97,1.6,,,,,,,,,,,,,,,,,,,,,,,,,,,,,,,,,,,,
21102,2019,8,8,19,0,20.1,39,111,51,1.3,,,,,,,,,,,,,,,,,,,,,,,,,,,,,,,,,,,,
21103,2019,8,8,19,15,19.8,26,57,31,1.3,,,,,,,,,,,,,,,,,,,,,,,,,,,,,,,,,,,,
21104,2019,8,8,19,30,19.4,14,0,14,1.2000000000000002,,,,,,,,,,,,,,,,,,,,,,,,,,,,,,,,,,,,
21105,2019,8,8,19,45,19.0,0,0,0,1.2000000000000002,,,,,,,,,,,,,,,,,,,,,,,,,,,,,,,,,,,,
21106,2019,8,8,20,0,18.6,0,0,0,1.1,,,,,,,,,,,,,,,,,,,,,,,,,,,,,,,,,,,,
21107,2019,8,8,20,15,18.4,0,0,0,1.1,,,,,,,,,,,,,,,,,,,,,,,,,,,,,,,,,,,,
21108,2019,8,8,20,30,18.2,0,0,0,1.1,,,,,,,,,,,,,,,,,,,,,,,,,,,,,,,,,,,,
21109,2019,8,8,20,45,18.0,0,0,0,1.1,,,,,,,,,,,,,,,,,,,,,,,,,,,,,,,,,,,,
21110,2019,8,8,21,0,17.8,0,0,0,1.0,,,,,,,,,,,,,,,,,,,,,,,,,,,,,,,,,,,,
21111,2019,8,8,21,15,17.6,0,0,0,1.0,,,,,,,,,,,,,,,,,,,,,,,,,,,,,,,,,,,,
21112,2019,8,8,21,30,17.400000000000002,0,0,0,1.0,,,,,,,,,,,,,,,,,,,,,,,,,,,,,,,,,,,,
21113,2019,8,8,21,45,17.1,0,0,0,1.0,,,,,,,,,,,,,,,,,,,,,,,,,,,,,,,,,,,,
21114,2019,8,8,22,0,16.900000000000002,0,0,0,1.0,,,,,,,,,,,,,,,,,,,,,,,,,,,,,,,,,,,,
21115,2019,8,8,22,15,16.8,0,0,0,1.0,,,,,,,,,,,,,,,,,,,,,,,,,,,,,,,,,,,,
21116,2019,8,8,22,30,16.6,0,0,0,1.0,,,,,,,,,,,,,,,,,,,,,,,,,,,,,,,,,,,,
21117,2019,8,8,22,45,16.400000000000002,0,0,0,1.0,,,,,,,,,,,,,,,,,,,,,,,,,,,,,,,,,,,,
21118,2019,8,8,23,0,16.2,0,0,0,1.0,,,,,,,,,,,,,,,,,,,,,,,,,,,,,,,,,,,,
21119,2019,8,8,23,15,16.0,0,0,0,1.0,,,,,,,,,,,,,,,,,,,,,,,,,,,,,,,,,,,,
21120,2019,8,8,23,30,15.9,0,0,0,1.0,,,,,,,,,,,,,,,,,,,,,,,,,,,,,,,,,,,,
21121,2019,8,8,23,45,15.7,0,0,0,1.0,,,,,,,,,,,,,,,,,,,,,,,,,,,,,,,,,,,,
21122,2019,8,9,0,0,15.6,0,0,0,1.0,,,,,,,,,,,,,,,,,,,,,,,,,,,,,,,,,,,,
21123,2019,8,9,0,15,15.6,0,0,0,1.0,,,,,,,,,,,,,,,,,,,,,,,,,,,,,,,,,,,,
21124,2019,8,9,0,30,15.6,0,0,0,1.0,,,,,,,,,,,,,,,,,,,,,,,,,,,,,,,,,,,,
21125,2019,8,9,0,45,15.6,0,0,0,1.0,,,,,,,,,,,,,,,,,,,,,,,,,,,,,,,,,,,,
21126,2019,8,9,1,0,15.0,0,0,0,0.9,,,,,,,,,,,,,,,,,,,,,,,,,,,,,,,,,,,,
21127,2019,8,9,1,15,14.9,0,0,0,0.9,,,,,,,,,,,,,,,,,,,,,,,,,,,,,,,,,,,,
21128,2019,8,9,1,30,14.8,0,0,0,0.9,,,,,,,,,,,,,,,,,,,,,,,,,,,,,,,,,,,,
21129,2019,8,9,1,45,14.7,0,0,0,0.9,,,,,,,,,,,,,,,,,,,,,,,,,,,,,,,,,,,,
21130,2019,8,9,2,0,14.6,0,0,0,0.9,,,,,,,,,,,,,,,,,,,,,,,,,,,,,,,,,,,,
21131,2019,8,9,2,15,14.4,0,0,0,0.9,,,,,,,,,,,,,,,,,,,,,,,,,,,,,,,,,,,,
21132,2019,8,9,2,30,14.3,0,0,0,0.9,,,,,,,,,,,,,,,,,,,,,,,,,,,,,,,,,,,,
21133,2019,8,9,2,45,14.2,0,0,0,0.9,,,,,,,,,,,,,,,,,,,,,,,,,,,,,,,,,,,,
21134,2019,8,9,3,0,14.1,0,0,0,0.9,,,,,,,,,,,,,,,,,,,,,,,,,,,,,,,,,,,,
21135,2019,8,9,3,15,14.0,0,0,0,0.9,,,,,,,,,,,,,,,,,,,,,,,,,,,,,,,,,,,,
21136,2019,8,9,3,30,13.9,0,0,0,0.9,,,,,,,,,,,,,,,,,,,,,,,,,,,,,,,,,,,,
21137,2019,8,9,3,45,13.8,0,0,0,0.9,,,,,,,,,,,,,,,,,,,,,,,,,,,,,,,,,,,,
21138,2019,8,9,4,0,13.7,0,0,0,0.9,,,,,,,,,,,,,,,,,,,,,,,,,,,,,,,,,,,,
21139,2019,8,9,4,15,14.0,0,0,0,0.9,,,,,,,,,,,,,,,,,,,,,,,,,,,,,,,,,,,,
21140,2019,8,9,4,30,14.2,0,0,0,0.8,,,,,,,,,,,,,,,,,,,,,,,,,,,,,,,,,,,,
21141,2019,8,9,4,45,14.5,0,0,0,0.8,,,,,,,,,,,,,,,,,,,,,,,,,,,,,,,,,,,,
21142,2019,8,9,5,0,14.8,9,42,9,0.8,,,,,,,,,,,,,,,,,,,,,,,,,,,,,,,,,,,,
21143,2019,8,9,5,15,15.3,15,0,15,0.9,,,,,,,,,,,,,,,,,,,,,,,,,,,,,,,,,,,,
21144,2019,8,9,5,30,15.9,31,201,49,1.1,,,,,,,,,,,,,,,,,,,,,,,,,,,,,,,,,,,,
21145,2019,8,9,5,45,16.400000000000002,42,29,46,1.2000000000000002,,,,,,,,,,,,,,,,,,,,,,,,,,,,,,,,,,,,
21146,2019,8,9,6,0,17.0,58,52,66,1.4,,,,,,,,,,,,,,,,,,,,,,,,,,,,,,,,,,,,
21147,2019,8,9,6,15,17.5,74,76,89,1.3,,,,,,,,,,,,,,,,,,,,,,,,,,,,,,,,,,,,
21148,2019,8,9,6,30,18.0,90,100,114,1.3,,,,,,,,,,,,,,,,,,,,,,,,,,,,,,,,,,,,
21149,2019,8,9,6,45,18.6,107,118,140,1.3,,,,,,,,,,,,,,,,,,,,,,,,,,,,,,,,,,,,
21150,2019,8,9,7,0,19.1,124,142,169,1.3,,,,,,,,,,,,,,,,,,,,,,,,,,,,,,,,,,,,
21151,2019,8,9,7,15,19.6,132,266,227,1.3,,,,,,,,,,,,,,,,,,,,,,,,,,,,,,,,,,,,
21152,2019,8,9,7,30,20.1,153,238,247,1.4,,,,,,,,,,,,,,,,,,,,,,,,,,,,,,,,,,,,
21153,2019,8,9,7,45,20.6,166,275,285,1.5,,,,,,,,,,,,,,,,,,,,,,,,,,,,,,,,,,,,
21154,2019,8,9,8,0,21.1,174,332,329,1.6,,,,,,,,,,,,,,,,,,,,,,,,,,,,,,,,,,,,
21155,2019,8,9,8,15,21.5,209,224,321,1.7000000000000002,,,,,,,,,,,,,,,,,,,,,,,,,,,,,,,,,,,,
21156,2019,8,9,8,30,21.9,201,366,397,1.8,,,,,,,,,,,,,,,,,,,,,,,,,,,,,,,,,,,,
21157,2019,8,9,8,45,22.200000000000003,212,388,432,1.9,,,,,,,,,,,,,,,,,,,,,,,,,,,,,,,,,,,,
21158,2019,8,9,9,0,22.6,234,364,451,2.0,,,,,,,,,,,,,,,,,,,,,,,,,,,,,,,,,,,,
21159,2019,8,9,9,15,23.200000000000003,272,258,434,2.1,,,,,,,,,,,,,,,,,,,,,,,,,,,,,,,,,,,,
21160,2019,8,9,9,30,23.8,289,249,452,2.2,,,,,,,,,,,,,,,,,,,,,,,,,,,,,,,,,,,,
21161,2019,8,9,9,45,24.4,301,263,480,2.3000000000000003,,,,,,,,,,,,,,,,,,,,,,,,,,,,,,,,,,,,
21162,2019,8,9,10,0,25.0,325,188,458,2.3000000000000003,,,,,,,,,,,,,,,,,,,,,,,,,,,,,,,,,,,,
21163,2019,8,9,10,15,25.6,339,170,462,2.3000000000000003,,,,,,,,,,,,,,,,,,,,,,,,,,,,,,,,,,,,
21164,2019,8,9,10,30,26.1,351,160,470,2.3000000000000003,,,,,,,,,,,,,,,,,,,,,,,,,,,,,,,,,,,,
21165,2019,8,9,10,45,26.700000000000003,334,324,580,2.3000000000000003,,,,,,,,,,,,,,,,,,,,,,,,,,,,,,,,,,,,
21166,2019,8,9,11,0,27.3,320,391,623,2.3000000000000003,,,,,,,,,,,,,,,,,,,,,,,,,,,,,,,,,,,,
21167,2019,8,9,11,15,27.700000000000003,302,441,649,2.3000000000000003,,,,,,,,,,,,,,,,,,,,,,,,,,,,,,,,,,,,
21168,2019,8,9,11,30,28.1,366,280,589,2.2,,,,,,,,,,,,,,,,,,,,,,,,,,,,,,,,,,,,
21169,2019,8,9,11,45,28.5,384,206,550,2.2,,,,,,,,,,,,,,,,,,,,,,,,,,,,,,,,,,,,
21170,2019,8,9,12,0,28.9,375,274,596,2.1,,,,,,,,,,,,,,,,,,,,,,,,,,,,,,,,,,,,
21171,2019,8,9,12,15,29.1,380,254,586,2.1,,,,,,,,,,,,,,,,,,,,,,,,,,,,,,,,,,,,
21172,2019,8,9,12,30,29.4,377,269,595,2.0,,,,,,,,,,,,,,,,,,,,,,,,,,,,,,,,,,,,
21173,2019,8,9,12,45,29.6,378,254,583,2.0,,,,,,,,,,,,,,,,,,,,,,,,,,,,,,,,,,,,
21174,2019,8,9,13,0,29.9,367,290,599,1.9,,,,,,,,,,,,,,,,,,,,,,,,,,,,,,,,,,,,
21175,2019,8,9,13,15,30.0,363,285,589,2.0,,,,,,,,,,,,,,,,,,,,,,,,,,,,,,,,,,,,
21176,2019,8,9,13,30,30.200000000000003,328,382,627,2.0,,,,,,,,,,,,,,,,,,,,,,,,,,,,,,,,,,,,
21177,2019,8,9,13,45,30.3,360,106,441,2.0,,,,,,,,,,,,,,,,,,,,,,,,,,,,,,,,,,,,
21178,2019,8,9,14,0,30.5,312,43,344,2.0,,,,,,,,,,,,,,,,,,,,,,,,,,,,,,,,,,,,
21179,2019,8,9,14,15,30.5,319,59,362,2.1,,,,,,,,,,,,,,,,,,,,,,,,,,,,,,,,,,,,
21180,2019,8,9,14,30,30.5,312,63,357,2.1,,,,,,,,,,,,,,,,,,,,,,,,,,,,,,,,,,,,
21181,2019,8,9,14,45,30.5,321,147,423,2.2,,,,,,,,,,,,,,,,,,,,,,,,,,,,,,,,,,,,
21182,2019,8,9,15,0,30.5,304,115,382,2.3000000000000003,,,,,,,,,,,,,,,,,,,,,,,,,,,,,,,,,,,,
21183,2019,8,9,15,15,30.3,267,328,478,2.3000000000000003,,,,,,,,,,,,,,,,,,,,,,,,,,,,,,,,,,,,
21184,2019,8,9,15,30,30.200000000000003,272,100,333,2.4000000000000004,,,,,,,,,,,,,,,,,,,,,,,,,,,,,,,,,,,,
21185,2019,8,9,15,45,30.1,246,64,283,2.4000000000000004,,,,,,,,,,,,,,,,,,,,,,,,,,,,,,,,,,,,
21186,2019,8,9,16,0,30.0,188,13,196,2.5,,,,,,,,,,,,,,,,,,,,,,,,,,,,,,,,,,,,
21187,2019,8,9,16,15,29.700000000000003,127,0,127,2.4000000000000004,,,,,,,,,,,,,,,,,,,,,,,,,,,,,,,,,,,,
21188,2019,8,9,16,30,29.4,22,0,22,2.4000000000000004,,,,,,,,,,,,,,,,,,,,,,,,,,,,,,,,,,,,
21189,2019,8,9,16,45,29.200000000000003,125,0,125,2.3000000000000003,,,,,,,,,,,,,,,,,,,,,,,,,,,,,,,,,,,,
21190,2019,8,9,17,0,28.9,17,0,17,2.2,,,,,,,,,,,,,,,,,,,,,,,,,,,,,,,,,,,,
21191,2019,8,9,17,15,28.4,17,0,17,2.0,,,,,,,,,,,,,,,,,,,,,,,,,,,,,,,,,,,,
21192,2019,8,9,17,30,27.8,55,0,55,1.8,,,,,,,,,,,,,,,,,,,,,,,,,,,,,,,,,,,,
21193,2019,8,9,17,45,27.3,10,0,10,1.6,,,,,,,,,,,,,,,,,,,,,,,,,,,,,,,,,,,,
21194,2019,8,9,18,0,26.700000000000003,27,0,27,1.3,,,,,,,,,,,,,,,,,,,,,,,,,,,,,,,,,,,,
21195,2019,8,9,18,15,26.200000000000003,23,0,23,1.3,,,,,,,,,,,,,,,,,,,,,,,,,,,,,,,,,,,,
21196,2019,8,9,18,30,25.6,66,54,76,1.3,,,,,,,,,,,,,,,,,,,,,,,,,,,,,,,,,,,,
21197,2019,8,9,18,45,25.0,50,32,55,1.3,,,,,,,,,,,,,,,,,,,,,,,,,,,,,,,,,,,,
21198,2019,8,9,19,0,24.4,11,0,11,1.3,,,,,,,,,,,,,,,,,,,,,,,,,,,,,,,,,,,,
21199,2019,8,9,19,15,24.200000000000003,8,0,8,1.3,,,,,,,,,,,,,,,,,,,,,,,,,,,,,,,,,,,,
21200,2019,8,9,19,30,24.0,5,0,5,1.3,,,,,,,,,,,,,,,,,,,,,,,,,,,,,,,,,,,,
21201,2019,8,9,19,45,23.8,0,0,0,1.3,,,,,,,,,,,,,,,,,,,,,,,,,,,,,,,,,,,,
21202,2019,8,9,20,0,23.6,0,0,0,1.3,,,,,,,,,,,,,,,,,,,,,,,,,,,,,,,,,,,,
21203,2019,8,9,20,15,23.5,0,0,0,1.4,,,,,,,,,,,,,,,,,,,,,,,,,,,,,,,,,,,,
21204,2019,8,9,20,30,23.3,0,0,0,1.4,,,,,,,,,,,,,,,,,,,,,,,,,,,,,,,,,,,,
21205,2019,8,9,20,45,23.200000000000003,0,0,0,1.4,,,,,,,,,,,,,,,,,,,,,,,,,,,,,,,,,,,,
21206,2019,8,9,21,0,23.0,0,0,0,1.4,,,,,,,,,,,,,,,,,,,,,,,,,,,,,,,,,,,,
21207,2019,8,9,21,15,22.700000000000003,0,0,0,1.4,,,,,,,,,,,,,,,,,,,,,,,,,,,,,,,,,,,,
21208,2019,8,9,21,30,22.5,0,0,0,1.4,,,,,,,,,,,,,,,,,,,,,,,,,,,,,,,,,,,,
21209,2019,8,9,21,45,22.200000000000003,0,0,0,1.5,,,,,,,,,,,,,,,,,,,,,,,,,,,,,,,,,,,,
21210,2019,8,9,22,0,21.9,0,0,0,1.5,,,,,,,,,,,,,,,,,,,,,,,,,,,,,,,,,,,,
21211,2019,8,9,22,15,21.700000000000003,0,0,0,1.5,,,,,,,,,,,,,,,,,,,,,,,,,,,,,,,,,,,,
21212,2019,8,9,22,30,21.4,0,0,0,1.4,,,,,,,,,,,,,,,,,,,,,,,,,,,,,,,,,,,,
21213,2019,8,9,22,45,21.1,0,0,0,1.4,,,,,,,,,,,,,,,,,,,,,,,,,,,,,,,,,,,,
21214,2019,8,9,23,0,20.9,0,0,0,1.4,,,,,,,,,,,,,,,,,,,,,,,,,,,,,,,,,,,,
21215,2019,8,9,23,15,20.700000000000003,0,0,0,1.4,,,,,,,,,,,,,,,,,,,,,,,,,,,,,,,,,,,,
21216,2019,8,9,23,30,20.5,0,0,0,1.3,,,,,,,,,,,,,,,,,,,,,,,,,,,,,,,,,,,,
21217,2019,8,9,23,45,20.3,0,0,0,1.3,,,,,,,,,,,,,,,,,,,,,,,,,,,,,,,,,,,,
21218,2019,8,10,0,0,20.1,0,0,0,1.2000000000000002,,,,,,,,,,,,,,,,,,,,,,,,,,,,,,,,,,,,
21219,2019,8,10,0,15,20.1,0,0,0,1.2000000000000002,,,,,,,,,,,,,,,,,,,,,,,,,,,,,,,,,,,,
21220,2019,8,10,0,30,20.1,0,0,0,1.2000000000000002,,,,,,,,,,,,,,,,,,,,,,,,,,,,,,,,,,,,
21221,2019,8,10,0,45,20.1,0,0,0,1.2000000000000002,,,,,,,,,,,,,,,,,,,,,,,,,,,,,,,,,,,,
21222,2019,8,10,1,0,19.700000000000003,0,0,0,1.3,,,,,,,,,,,,,,,,,,,,,,,,,,,,,,,,,,,,
21223,2019,8,10,1,15,19.6,0,0,0,1.4,,,,,,,,,,,,,,,,,,,,,,,,,,,,,,,,,,,,
21224,2019,8,10,1,30,19.6,0,0,0,1.5,,,,,,,,,,,,,,,,,,,,,,,,,,,,,,,,,,,,
21225,2019,8,10,1,45,19.6,0,0,0,1.7000000000000002,,,,,,,,,,,,,,,,,,,,,,,,,,,,,,,,,,,,
21226,2019,8,10,2,0,19.5,0,0,0,1.8,,,,,,,,,,,,,,,,,,,,,,,,,,,,,,,,,,,,
21227,2019,8,10,2,15,19.5,0,0,0,2.0,,,,,,,,,,,,,,,,,,,,,,,,,,,,,,,,,,,,
21228,2019,8,10,2,30,19.4,0,0,0,2.2,,,,,,,,,,,,,,,,,,,,,,,,,,,,,,,,,,,,
21229,2019,8,10,2,45,19.4,0,0,0,2.4000000000000004,,,,,,,,,,,,,,,,,,,,,,,,,,,,,,,,,,,,
21230,2019,8,10,3,0,19.3,0,0,0,2.6,,,,,,,,,,,,,,,,,,,,,,,,,,,,,,,,,,,,
21231,2019,8,10,3,15,19.3,0,0,0,2.6,,,,,,,,,,,,,,,,,,,,,,,,,,,,,,,,,,,,
21232,2019,8,10,3,30,19.200000000000003,0,0,0,2.6,,,,,,,,,,,,,,,,,,,,,,,,,,,,,,,,,,,,
21233,2019,8,10,3,45,19.1,0,0,0,2.7,,,,,,,,,,,,,,,,,,,,,,,,,,,,,,,,,,,,
21234,2019,8,10,4,0,19.1,0,0,0,2.7,,,,,,,,,,,,,,,,,,,,,,,,,,,,,,,,,,,,
21235,2019,8,10,4,15,19.200000000000003,0,0,0,2.7,,,,,,,,,,,,,,,,,,,,,,,,,,,,,,,,,,,,
21236,2019,8,10,4,30,19.200000000000003,0,0,0,2.6,,,,,,,,,,,,,,,,,,,,,,,,,,,,,,,,,,,,
21237,2019,8,10,4,45,19.3,0,0,0,2.6,,,,,,,,,,,,,,,,,,,,,,,,,,,,,,,,,,,,
21238,2019,8,10,5,0,19.4,0,0,0,2.6,,,,,,,,,,,,,,,,,,,,,,,,,,,,,,,,,,,,
21239,2019,8,10,5,15,19.6,4,0,4,2.7,,,,,,,,,,,,,,,,,,,,,,,,,,,,,,,,,,,,
21240,2019,8,10,5,30,19.9,5,0,5,2.8000000000000003,,,,,,,,,,,,,,,,,,,,,,,,,,,,,,,,,,,,
21241,2019,8,10,5,45,20.200000000000003,33,0,33,2.9000000000000004,,,,,,,,,,,,,,,,,,,,,,,,,,,,,,,,,,,,
21242,2019,8,10,6,0,20.5,48,0,48,3.1,,,,,,,,,,,,,,,,,,,,,,,,,,,,,,,,,,,,
21243,2019,8,10,6,15,20.9,8,0,8,3.3000000000000003,,,,,,,,,,,,,,,,,,,,,,,,,,,,,,,,,,,,
21244,2019,8,10,6,30,21.3,10,0,10,3.6,,,,,,,,,,,,,,,,,,,,,,,,,,,,,,,,,,,,
21245,2019,8,10,6,45,21.700000000000003,11,0,11,3.9,,,,,,,,,,,,,,,,,,,,,,,,,,,,,,,,,,,,
21246,2019,8,10,7,0,22.200000000000003,13,0,13,4.2,,,,,,,,,,,,,,,,,,,,,,,,,,,,,,,,,,,,
21247,2019,8,10,7,15,22.5,13,0,13,4.5,,,,,,,,,,,,,,,,,,,,,,,,,,,,,,,,,,,,
21248,2019,8,10,7,30,22.8,14,0,14,4.800000000000001,,,,,,,,,,,,,,,,,,,,,,,,,,,,,,,,,,,,
21249,2019,8,10,7,45,23.1,24,0,24,5.1000000000000005,,,,,,,,,,,,,,,,,,,,,,,,,,,,,,,,,,,,
21250,2019,8,10,8,0,23.4,37,0,37,5.5,,,,,,,,,,,,,,,,,,,,,,,,,,,,,,,,,,,,
21251,2019,8,10,8,15,23.4,56,0,56,5.4,,,,,,,,,,,,,,,,,,,,,,,,,,,,,,,,,,,,
21252,2019,8,10,8,30,23.3,48,0,48,5.4,,,,,,,,,,,,,,,,,,,,,,,,,,,,,,,,,,,,
21253,2019,8,10,8,45,23.200000000000003,112,0,112,5.300000000000001,,,,,,,,,,,,,,,,,,,,,,,,,,,,,,,,,,,,
21254,2019,8,10,9,0,23.1,130,0,130,5.300000000000001,,,,,,,,,,,,,,,,,,,,,,,,,,,,,,,,,,,,
21255,2019,8,10,9,15,23.200000000000003,261,307,453,5.300000000000001,,,,,,,,,,,,,,,,,,,,,,,,,,,,,,,,,,,,
21256,2019,8,10,9,30,23.3,266,347,493,5.300000000000001,,,,,,,,,,,,,,,,,,,,,,,,,,,,,,,,,,,,
21257,2019,8,10,9,45,23.3,310,133,400,5.300000000000001,,,,,,,,,,,,,,,,,,,,,,,,,,,,,,,,,,,,
21258,2019,8,10,10,0,23.4,324,138,421,5.2,,,,,,,,,,,,,,,,,,,,,,,,,,,,,,,,,,,,
21259,2019,8,10,10,15,23.700000000000003,337,142,440,5.300000000000001,,,,,,,,,,,,,,,,,,,,,,,,,,,,,,,,,,,,
21260,2019,8,10,10,30,24.0,340,245,522,5.4,,,,,,,,,,,,,,,,,,,,,,,,,,,,,,,,,,,,
21261,2019,8,10,10,45,24.200000000000003,331,328,579,5.5,,,,,,,,,,,,,,,,,,,,,,,,,,,,,,,,,,,,
21262,2019,8,10,11,0,24.5,350,287,572,5.6000000000000005,,,,,,,,,,,,,,,,,,,,,,,,,,,,,,,,,,,,
21263,2019,8,10,11,15,24.9,375,178,514,5.7,,,,,,,,,,,,,,,,,,,,,,,,,,,,,,,,,,,,
21264,2019,8,10,11,30,25.3,375,109,461,5.800000000000001,,,,,,,,,,,,,,,,,,,,,,,,,,,,,,,,,,,,
21265,2019,8,10,11,45,25.700000000000003,378,235,566,5.9,,,,,,,,,,,,,,,,,,,,,,,,,,,,,,,,,,,,
21266,2019,8,10,12,0,26.0,384,220,561,5.9,,,,,,,,,,,,,,,,,,,,,,,,,,,,,,,,,,,,
21267,2019,8,10,12,15,26.200000000000003,357,339,630,5.9,,,,,,,,,,,,,,,,,,,,,,,,,,,,,,,,,,,,
21268,2019,8,10,12,30,26.4,353,350,635,6.0,,,,,,,,,,,,,,,,,,,,,,,,,,,,,,,,,,,,
21269,2019,8,10,12,45,26.5,377,96,454,6.0,,,,,,,,,,,,,,,,,,,,,,,,,,,,,,,,,,,,
21270,2019,8,10,13,0,26.700000000000003,114,0,114,6.0,,,,,,,,,,,,,,,,,,,,,,,,,,,,,,,,,,,,
21271,2019,8,10,13,15,26.700000000000003,112,0,112,6.0,,,,,,,,,,,,,,,,,,,,,,,,,,,,,,,,,,,,
21272,2019,8,10,13,30,26.8,73,0,73,6.0,,,,,,,,,,,,,,,,,,,,,,,,,,,,,,,,,,,,
21273,2019,8,10,13,45,26.8,67,0,67,6.0,,,,,,,,,,,,,,,,,,,,,,,,,,,,,,,,,,,,
21274,2019,8,10,14,0,26.9,126,0,126,6.0,,,,,,,,,,,,,,,,,,,,,,,,,,,,,,,,,,,,
21275,2019,8,10,14,15,26.9,282,29,304,6.0,,,,,,,,,,,,,,,,,,,,,,,,,,,,,,,,,,,,
21276,2019,8,10,14,30,26.8,325,238,494,5.9,,,,,,,,,,,,,,,,,,,,,,,,,,,,,,,,,,,,
21277,2019,8,10,14,45,26.8,313,232,473,5.9,,,,,,,,,,,,,,,,,,,,,,,,,,,,,,,,,,,,
21278,2019,8,10,15,0,26.8,301,109,374,5.800000000000001,,,,,,,,,,,,,,,,,,,,,,,,,,,,,,,,,,,,
21279,2019,8,10,15,15,26.700000000000003,206,11,213,5.800000000000001,,,,,,,,,,,,,,,,,,,,,,,,,,,,,,,,,,,,
21280,2019,8,10,15,30,26.6,211,16,221,5.7,,,,,,,,,,,,,,,,,,,,,,,,,,,,,,,,,,,,
21281,2019,8,10,15,45,26.5,255,202,372,5.6000000000000005,,,,,,,,,,,,,,,,,,,,,,,,,,,,,,,,,,,,
21282,2019,8,10,16,0,26.4,86,790,521,5.6000000000000005,,,,,,,,,,,,,,,,,,,,,,,,,,,,,,,,,,,,
21283,2019,8,10,16,15,26.200000000000003,84,773,485,5.4,,,,,,,,,,,,,,,,,,,,,,,,,,,,,,,,,,,,
21284,2019,8,10,16,30,26.0,197,237,312,5.300000000000001,,,,,,,,,,,,,,,,,,,,,,,,,,,,,,,,,,,,
21285,2019,8,10,16,45,25.8,162,348,318,5.2,,,,,,,,,,,,,,,,,,,,,,,,,,,,,,,,,,,,
21286,2019,8,10,17,0,25.6,74,714,369,5.0,,,,,,,,,,,,,,,,,,,,,,,,,,,,,,,,,,,,
21287,2019,8,10,17,15,25.200000000000003,71,687,329,4.7,,,,,,,,,,,,,,,,,,,,,,,,,,,,,,,,,,,,
21288,2019,8,10,17,30,24.9,113,343,229,4.4,,,,,,,,,,,,,,,,,,,,,,,,,,,,,,,,,,,,
21289,2019,8,10,17,45,24.5,96,347,200,4.1000000000000005,,,,,,,,,,,,,,,,,,,,,,,,,,,,,,,,,,,,
21290,2019,8,10,18,0,24.200000000000003,59,572,208,3.8,,,,,,,,,,,,,,,,,,,,,,,,,,,,,,,,,,,,
21291,2019,8,10,18,15,23.5,72,283,135,3.4000000000000004,,,,,,,,,,,,,,,,,,,,,,,,,,,,,,,,,,,,
21292,2019,8,10,18,30,22.8,60,245,105,3.1,,,,,,,,,,,,,,,,,,,,,,,,,,,,,,,,,,,,
21293,2019,8,10,18,45,22.200000000000003,47,202,77,2.7,,,,,,,,,,,,,,,,,,,,,,,,,,,,,,,,,,,,
21294,2019,8,10,19,0,21.5,35,150,51,2.3000000000000003,,,,,,,,,,,,,,,,,,,,,,,,,,,,,,,,,,,,
21295,2019,8,10,19,15,21.1,24,80,29,2.3000000000000003,,,,,,,,,,,,,,,,,,,,,,,,,,,,,,,,,,,,
21296,2019,8,10,19,30,20.8,10,35,12,2.2,,,,,,,,,,,,,,,,,,,,,,,,,,,,,,,,,,,,
21297,2019,8,10,19,45,20.4,0,0,0,2.2,,,,,,,,,,,,,,,,,,,,,,,,,,,,,,,,,,,,
21298,2019,8,10,20,0,20.1,0,0,0,2.1,,,,,,,,,,,,,,,,,,,,,,,,,,,,,,,,,,,,
21299,2019,8,10,20,15,19.9,0,0,0,2.2,,,,,,,,,,,,,,,,,,,,,,,,,,,,,,,,,,,,
21300,2019,8,10,20,30,19.8,0,0,0,2.2,,,,,,,,,,,,,,,,,,,,,,,,,,,,,,,,,,,,
21301,2019,8,10,20,45,19.700000000000003,0,0,0,2.3000000000000003,,,,,,,,,,,,,,,,,,,,,,,,,,,,,,,,,,,,
21302,2019,8,10,21,0,19.5,0,0,0,2.3000000000000003,,,,,,,,,,,,,,,,,,,,,,,,,,,,,,,,,,,,
21303,2019,8,10,21,15,19.4,0,0,0,2.4000000000000004,,,,,,,,,,,,,,,,,,,,,,,,,,,,,,,,,,,,
21304,2019,8,10,21,30,19.3,0,0,0,2.5,,,,,,,,,,,,,,,,,,,,,,,,,,,,,,,,,,,,
21305,2019,8,10,21,45,19.200000000000003,0,0,0,2.5,,,,,,,,,,,,,,,,,,,,,,,,,,,,,,,,,,,,
21306,2019,8,10,22,0,19.1,0,0,0,2.6,,,,,,,,,,,,,,,,,,,,,,,,,,,,,,,,,,,,
21307,2019,8,10,22,15,19.0,0,0,0,2.6,,,,,,,,,,,,,,,,,,,,,,,,,,,,,,,,,,,,
21308,2019,8,10,22,30,18.9,0,0,0,2.6,,,,,,,,,,,,,,,,,,,,,,,,,,,,,,,,,,,,
21309,2019,8,10,22,45,18.8,0,0,0,2.6,,,,,,,,,,,,,,,,,,,,,,,,,,,,,,,,,,,,
21310,2019,8,10,23,0,18.7,0,0,0,2.7,,,,,,,,,,,,,,,,,,,,,,,,,,,,,,,,,,,,
21311,2019,8,10,23,15,18.5,0,0,0,2.7,,,,,,,,,,,,,,,,,,,,,,,,,,,,,,,,,,,,
21312,2019,8,10,23,30,18.4,0,0,0,2.6,,,,,,,,,,,,,,,,,,,,,,,,,,,,,,,,,,,,
21313,2019,8,10,23,45,18.3,0,0,0,2.6,,,,,,,,,,,,,,,,,,,,,,,,,,,,,,,,,,,,
21314,2019,8,11,0,0,18.1,0,0,0,2.6,,,,,,,,,,,,,,,,,,,,,,,,,,,,,,,,,,,,
21315,2019,8,11,0,15,18.1,0,0,0,2.6,,,,,,,,,,,,,,,,,,,,,,,,,,,,,,,,,,,,
21316,2019,8,11,0,30,18.1,0,0,0,2.6,,,,,,,,,,,,,,,,,,,,,,,,,,,,,,,,,,,,
21317,2019,8,11,0,45,18.1,0,0,0,2.6,,,,,,,,,,,,,,,,,,,,,,,,,,,,,,,,,,,,
21318,2019,8,11,1,0,17.7,0,0,0,2.6,,,,,,,,,,,,,,,,,,,,,,,,,,,,,,,,,,,,
21319,2019,8,11,1,15,17.5,0,0,0,2.6,,,,,,,,,,,,,,,,,,,,,,,,,,,,,,,,,,,,
21320,2019,8,11,1,30,17.400000000000002,0,0,0,2.6,,,,,,,,,,,,,,,,,,,,,,,,,,,,,,,,,,,,
21321,2019,8,11,1,45,17.2,0,0,0,2.6,,,,,,,,,,,,,,,,,,,,,,,,,,,,,,,,,,,,
21322,2019,8,11,2,0,17.1,0,0,0,2.6,,,,,,,,,,,,,,,,,,,,,,,,,,,,,,,,,,,,
21323,2019,8,11,2,15,16.900000000000002,0,0,0,2.5,,,,,,,,,,,,,,,,,,,,,,,,,,,,,,,,,,,,
21324,2019,8,11,2,30,16.7,0,0,0,2.4000000000000004,,,,,,,,,,,,,,,,,,,,,,,,,,,,,,,,,,,,
21325,2019,8,11,2,45,16.5,0,0,0,2.4000000000000004,,,,,,,,,,,,,,,,,,,,,,,,,,,,,,,,,,,,
21326,2019,8,11,3,0,16.400000000000002,0,0,0,2.3000000000000003,,,,,,,,,,,,,,,,,,,,,,,,,,,,,,,,,,,,
21327,2019,8,11,3,15,16.1,0,0,0,2.2,,,,,,,,,,,,,,,,,,,,,,,,,,,,,,,,,,,,
21328,2019,8,11,3,30,15.9,0,0,0,2.1,,,,,,,,,,,,,,,,,,,,,,,,,,,,,,,,,,,,
21329,2019,8,11,3,45,15.7,0,0,0,2.0,,,,,,,,,,,,,,,,,,,,,,,,,,,,,,,,,,,,
21330,2019,8,11,4,0,15.4,0,0,0,1.8,,,,,,,,,,,,,,,,,,,,,,,,,,,,,,,,,,,,
21331,2019,8,11,4,15,15.5,0,0,0,1.9,,,,,,,,,,,,,,,,,,,,,,,,,,,,,,,,,,,,
21332,2019,8,11,4,30,15.7,0,0,0,2.0,,,,,,,,,,,,,,,,,,,,,,,,,,,,,,,,,,,,
21333,2019,8,11,4,45,15.8,0,0,0,2.0,,,,,,,,,,,,,,,,,,,,,,,,,,,,,,,,,,,,
21334,2019,8,11,5,0,15.9,0,0,0,2.1,,,,,,,,,,,,,,,,,,,,,,,,,,,,,,,,,,,,
21335,2019,8,11,5,15,16.3,18,139,25,2.3000000000000003,,,,,,,,,,,,,,,,,,,,,,,,,,,,,,,,,,,,
21336,2019,8,11,5,30,16.8,29,241,49,2.5,,,,,,,,,,,,,,,,,,,,,,,,,,,,,,,,,,,,
21337,2019,8,11,5,45,17.2,39,316,77,2.6,,,,,,,,,,,,,,,,,,,,,,,,,,,,,,,,,,,,
21338,2019,8,11,6,0,17.7,48,393,110,2.8000000000000003,,,,,,,,,,,,,,,,,,,,,,,,,,,,,,,,,,,,
21339,2019,8,11,6,15,18.2,56,458,147,2.8000000000000003,,,,,,,,,,,,,,,,,,,,,,,,,,,,,,,,,,,,
21340,2019,8,11,6,30,18.8,63,514,184,2.8000000000000003,,,,,,,,,,,,,,,,,,,,,,,,,,,,,,,,,,,,
21341,2019,8,11,6,45,19.4,104,97,131,2.8000000000000003,,,,,,,,,,,,,,,,,,,,,,,,,,,,,,,,,,,,
21342,2019,8,11,7,0,19.9,121,117,158,2.7,,,,,,,,,,,,,,,,,,,,,,,,,,,,,,,,,,,,
21343,2019,8,11,7,15,20.700000000000003,139,136,186,2.8000000000000003,,,,,,,,,,,,,,,,,,,,,,,,,,,,,,,,,,,,
21344,2019,8,11,7,30,21.4,83,669,344,2.9000000000000004,,,,,,,,,,,,,,,,,,,,,,,,,,,,,,,,,,,,
21345,2019,8,11,7,45,22.1,85,708,387,3.0,,,,,,,,,,,,,,,,,,,,,,,,,,,,,,,,,,,,
21346,2019,8,11,8,0,22.8,88,732,427,3.1,,,,,,,,,,,,,,,,,,,,,,,,,,,,,,,,,,,,
21347,2019,8,11,8,15,23.3,92,753,466,3.2,,,,,,,,,,,,,,,,,,,,,,,,,,,,,,,,,,,,
21348,2019,8,11,8,30,23.700000000000003,224,213,338,3.3000000000000003,,,,,,,,,,,,,,,,,,,,,,,,,,,,,,,,,,,,
21349,2019,8,11,8,45,24.200000000000003,240,225,367,3.4000000000000004,,,,,,,,,,,,,,,,,,,,,,,,,,,,,,,,,,,,
21350,2019,8,11,9,0,24.6,256,236,396,3.5,,,,,,,,,,,,,,,,,,,,,,,,,,,,,,,,,,,,
21351,2019,8,11,9,15,25.0,99,821,610,3.6,,,,,,,,,,,,,,,,,,,,,,,,,,,,,,,,,,,,
21352,2019,8,11,9,30,25.3,285,251,448,3.8,,,,,,,,,,,,,,,,,,,,,,,,,,,,,,,,,,,,
21353,2019,8,11,9,45,25.6,298,260,473,3.9,,,,,,,,,,,,,,,,,,,,,,,,,,,,,,,,,,,,
21354,2019,8,11,10,0,26.0,301,310,517,4.0,,,,,,,,,,,,,,,,,,,,,,,,,,,,,,,,,,,,
21355,2019,8,11,10,15,26.200000000000003,311,317,539,4.0,,,,,,,,,,,,,,,,,,,,,,,,,,,,,,,,,,,,
21356,2019,8,11,10,30,26.5,321,324,559,4.1000000000000005,,,,,,,,,,,,,,,,,,,,,,,,,,,,,,,,,,,,
21357,2019,8,11,10,45,26.8,329,329,577,4.1000000000000005,,,,,,,,,,,,,,,,,,,,,,,,,,,,,,,,,,,,
21358,2019,8,11,11,0,27.0,336,334,592,4.1000000000000005,,,,,,,,,,,,,,,,,,,,,,,,,,,,,,,,,,,,
21359,2019,8,11,11,15,27.3,343,334,603,4.1000000000000005,,,,,,,,,,,,,,,,,,,,,,,,,,,,,,,,,,,,
21360,2019,8,11,11,30,27.5,347,337,614,4.1000000000000005,,,,,,,,,,,,,,,,,,,,,,,,,,,,,,,,,,,,
21361,2019,8,11,11,45,27.8,351,339,621,4.1000000000000005,,,,,,,,,,,,,,,,,,,,,,,,,,,,,,,,,,,,
21362,2019,8,11,12,0,28.0,353,341,626,4.1000000000000005,,,,,,,,,,,,,,,,,,,,,,,,,,,,,,,,,,,,
21363,2019,8,11,12,15,28.1,354,341,629,4.1000000000000005,,,,,,,,,,,,,,,,,,,,,,,,,,,,,,,,,,,,
21364,2019,8,11,12,30,28.200000000000003,116,870,815,4.0,,,,,,,,,,,,,,,,,,,,,,,,,,,,,,,,,,,,
21365,2019,8,11,12,45,28.3,353,337,623,4.0,,,,,,,,,,,,,,,,,,,,,,,,,,,,,,,,,,,,
21366,2019,8,11,13,0,28.5,351,335,617,3.9,,,,,,,,,,,,,,,,,,,,,,,,,,,,,,,,,,,,
21367,2019,8,11,13,15,28.5,347,332,608,3.9,,,,,,,,,,,,,,,,,,,,,,,,,,,,,,,,,,,,
21368,2019,8,11,13,30,28.5,357,265,563,3.8,,,,,,,,,,,,,,,,,,,,,,,,,,,,,,,,,,,,
21369,2019,8,11,13,45,28.6,361,183,501,3.8,,,,,,,,,,,,,,,,,,,,,,,,,,,,,,,,,,,,
21370,2019,8,11,14,0,28.6,351,196,497,3.7,,,,,,,,,,,,,,,,,,,,,,,,,,,,,,,,,,,,
21371,2019,8,11,14,15,28.6,318,317,549,3.7,,,,,,,,,,,,,,,,,,,,,,,,,,,,,,,,,,,,
21372,2019,8,11,14,30,28.6,285,395,566,3.6,,,,,,,,,,,,,,,,,,,,,,,,,,,,,,,,,,,,
21373,2019,8,11,14,45,28.6,298,300,504,3.5,,,,,,,,,,,,,,,,,,,,,,,,,,,,,,,,,,,,
21374,2019,8,11,15,0,28.6,273,344,501,3.5,,,,,,,,,,,,,,,,,,,,,,,,,,,,,,,,,,,,
21375,2019,8,11,15,15,28.5,105,800,615,3.3000000000000003,,,,,,,,,,,,,,,,,,,,,,,,,,,,,,,,,,,,
21376,2019,8,11,15,30,28.4,103,786,581,3.2,,,,,,,,,,,,,,,,,,,,,,,,,,,,,,,,,,,,
21377,2019,8,11,15,45,28.3,166,549,484,3.1,,,,,,,,,,,,,,,,,,,,,,,,,,,,,,,,,,,,
21378,2019,8,11,16,0,28.200000000000003,166,513,447,3.0,,,,,,,,,,,,,,,,,,,,,,,,,,,,,,,,,,,,
21379,2019,8,11,16,15,27.9,194,347,373,2.8000000000000003,,,,,,,,,,,,,,,,,,,,,,,,,,,,,,,,,,,,
21380,2019,8,11,16,30,27.6,203,146,273,2.6,,,,,,,,,,,,,,,,,,,,,,,,,,,,,,,,,,,,
21381,2019,8,11,16,45,27.3,184,152,252,2.5,,,,,,,,,,,,,,,,,,,,,,,,,,,,,,,,,,,,
21382,2019,8,11,17,0,27.0,166,105,209,2.3000000000000003,,,,,,,,,,,,,,,,,,,,,,,,,,,,,,,,,,,,
21383,2019,8,11,17,15,26.4,72,0,72,2.1,,,,,,,,,,,,,,,,,,,,,,,,,,,,,,,,,,,,
21384,2019,8,11,17,30,25.8,47,0,47,2.0,,,,,,,,,,,,,,,,,,,,,,,,,,,,,,,,,,,,
21385,2019,8,11,17,45,25.200000000000003,12,0,12,1.9,,,,,,,,,,,,,,,,,,,,,,,,,,,,,,,,,,,,
21386,2019,8,11,18,0,24.6,20,0,20,1.8,,,,,,,,,,,,,,,,,,,,,,,,,,,,,,,,,,,,
21387,2019,8,11,18,15,23.9,16,0,16,1.9,,,,,,,,,,,,,,,,,,,,,,,,,,,,,,,,,,,,
21388,2019,8,11,18,30,23.3,13,0,13,2.1,,,,,,,,,,,,,,,,,,,,,,,,,,,,,,,,,,,,
21389,2019,8,11,18,45,22.6,11,0,11,2.2,,,,,,,,,,,,,,,,,,,,,,,,,,,,,,,,,,,,
21390,2019,8,11,19,0,22.0,9,0,9,2.4000000000000004,,,,,,,,,,,,,,,,,,,,,,,,,,,,,,,,,,,,
21391,2019,8,11,19,15,21.5,6,0,6,2.4000000000000004,,,,,,,,,,,,,,,,,,,,,,,,,,,,,,,,,,,,
21392,2019,8,11,19,30,21.0,3,0,3,2.4000000000000004,,,,,,,,,,,,,,,,,,,,,,,,,,,,,,,,,,,,
21393,2019,8,11,19,45,20.5,0,0,0,2.4000000000000004,,,,,,,,,,,,,,,,,,,,,,,,,,,,,,,,,,,,
21394,2019,8,11,20,0,20.0,0,0,0,2.5,,,,,,,,,,,,,,,,,,,,,,,,,,,,,,,,,,,,
21395,2019,8,11,20,15,19.6,0,0,0,2.3000000000000003,,,,,,,,,,,,,,,,,,,,,,,,,,,,,,,,,,,,
21396,2019,8,11,20,30,19.3,0,0,0,2.2,,,,,,,,,,,,,,,,,,,,,,,,,,,,,,,,,,,,
21397,2019,8,11,20,45,18.9,0,0,0,2.0,,,,,,,,,,,,,,,,,,,,,,,,,,,,,,,,,,,,
21398,2019,8,11,21,0,18.5,0,0,0,1.9,,,,,,,,,,,,,,,,,,,,,,,,,,,,,,,,,,,,
21399,2019,8,11,21,15,18.4,0,0,0,1.8,,,,,,,,,,,,,,,,,,,,,,,,,,,,,,,,,,,,
21400,2019,8,11,21,30,18.3,0,0,0,1.7000000000000002,,,,,,,,,,,,,,,,,,,,,,,,,,,,,,,,,,,,
21401,2019,8,11,21,45,18.1,0,0,0,1.6,,,,,,,,,,,,,,,,,,,,,,,,,,,,,,,,,,,,
21402,2019,8,11,22,0,18.0,0,0,0,1.5,,,,,,,,,,,,,,,,,,,,,,,,,,,,,,,,,,,,
21403,2019,8,11,22,15,17.900000000000002,0,0,0,1.5,,,,,,,,,,,,,,,,,,,,,,,,,,,,,,,,,,,,
21404,2019,8,11,22,30,17.8,0,0,0,1.4,,,,,,,,,,,,,,,,,,,,,,,,,,,,,,,,,,,,
21405,2019,8,11,22,45,17.8,0,0,0,1.4,,,,,,,,,,,,,,,,,,,,,,,,,,,,,,,,,,,,
21406,2019,8,11,23,0,17.7,0,0,0,1.3,,,,,,,,,,,,,,,,,,,,,,,,,,,,,,,,,,,,
21407,2019,8,11,23,15,17.6,0,0,0,1.3,,,,,,,,,,,,,,,,,,,,,,,,,,,,,,,,,,,,
21408,2019,8,11,23,30,17.5,0,0,0,1.3,,,,,,,,,,,,,,,,,,,,,,,,,,,,,,,,,,,,
21409,2019,8,11,23,45,17.400000000000002,0,0,0,1.3,,,,,,,,,,,,,,,,,,,,,,,,,,,,,,,,,,,,
21410,2019,8,12,0,0,17.3,0,0,0,1.3,,,,,,,,,,,,,,,,,,,,,,,,,,,,,,,,,,,,
21411,2019,8,12,0,15,17.3,0,0,0,1.3,,,,,,,,,,,,,,,,,,,,,,,,,,,,,,,,,,,,
21412,2019,8,12,0,30,17.3,0,0,0,1.3,,,,,,,,,,,,,,,,,,,,,,,,,,,,,,,,,,,,
21413,2019,8,12,0,45,17.3,0,0,0,1.3,,,,,,,,,,,,,,,,,,,,,,,,,,,,,,,,,,,,
21414,2019,8,12,1,0,16.900000000000002,0,0,0,1.8,,,,,,,,,,,,,,,,,,,,,,,,,,,,,,,,,,,,
21415,2019,8,12,1,15,16.8,0,0,0,1.9,,,,,,,,,,,,,,,,,,,,,,,,,,,,,,,,,,,,
21416,2019,8,12,1,30,16.6,0,0,0,2.0,,,,,,,,,,,,,,,,,,,,,,,,,,,,,,,,,,,,
21417,2019,8,12,1,45,16.5,0,0,0,2.1,,,,,,,,,,,,,,,,,,,,,,,,,,,,,,,,,,,,
21418,2019,8,12,2,0,16.400000000000002,0,0,0,2.1,,,,,,,,,,,,,,,,,,,,,,,,,,,,,,,,,,,,
21419,2019,8,12,2,15,16.2,0,0,0,2.1,,,,,,,,,,,,,,,,,,,,,,,,,,,,,,,,,,,,
21420,2019,8,12,2,30,16.1,0,0,0,2.1,,,,,,,,,,,,,,,,,,,,,,,,,,,,,,,,,,,,
21421,2019,8,12,2,45,16.0,0,0,0,2.1,,,,,,,,,,,,,,,,,,,,,,,,,,,,,,,,,,,,
21422,2019,8,12,3,0,15.8,0,0,0,2.1,,,,,,,,,,,,,,,,,,,,,,,,,,,,,,,,,,,,
21423,2019,8,12,3,15,15.7,0,0,0,2.1,,,,,,,,,,,,,,,,,,,,,,,,,,,,,,,,,,,,
21424,2019,8,12,3,30,15.5,0,0,0,2.1,,,,,,,,,,,,,,,,,,,,,,,,,,,,,,,,,,,,
21425,2019,8,12,3,45,15.3,0,0,0,2.1,,,,,,,,,,,,,,,,,,,,,,,,,,,,,,,,,,,,
21426,2019,8,12,4,0,15.2,0,0,0,2.1,,,,,,,,,,,,,,,,,,,,,,,,,,,,,,,,,,,,
21427,2019,8,12,4,15,15.1,0,0,0,2.1,,,,,,,,,,,,,,,,,,,,,,,,,,,,,,,,,,,,
21428,2019,8,12,4,30,15.0,0,0,0,2.2,,,,,,,,,,,,,,,,,,,,,,,,,,,,,,,,,,,,
21429,2019,8,12,4,45,15.0,0,0,0,2.3000000000000003,,,,,,,,,,,,,,,,,,,,,,,,,,,,,,,,,,,,
21430,2019,8,12,5,0,14.9,0,0,0,2.3000000000000003,,,,,,,,,,,,,,,,,,,,,,,,,,,,,,,,,,,,
21431,2019,8,12,5,15,15.1,16,70,19,2.4000000000000004,,,,,,,,,,,,,,,,,,,,,,,,,,,,,,,,,,,,
21432,2019,8,12,5,30,15.3,28,152,41,2.6,,,,,,,,,,,,,,,,,,,,,,,,,,,,,,,,,,,,
21433,2019,8,12,5,45,15.6,5,0,5,2.7,,,,,,,,,,,,,,,,,,,,,,,,,,,,,,,,,,,,
21434,2019,8,12,6,0,15.8,7,0,7,2.8000000000000003,,,,,,,,,,,,,,,,,,,,,,,,,,,,,,,,,,,,
21435,2019,8,12,6,15,16.400000000000002,9,0,9,2.9000000000000004,,,,,,,,,,,,,,,,,,,,,,,,,,,,,,,,,,,,
21436,2019,8,12,6,30,17.0,12,0,12,2.9000000000000004,,,,,,,,,,,,,,,,,,,,,,,,,,,,,,,,,,,,
21437,2019,8,12,6,45,17.6,15,0,15,3.0,,,,,,,,,,,,,,,,,,,,,,,,,,,,,,,,,,,,
21438,2019,8,12,7,0,18.1,118,69,140,3.0,,,,,,,,,,,,,,,,,,,,,,,,,,,,,,,,,,,,
21439,2019,8,12,7,15,18.5,136,86,166,3.0,,,,,,,,,,,,,,,,,,,,,,,,,,,,,,,,,,,,
21440,2019,8,12,7,30,18.9,155,100,193,3.0,,,,,,,,,,,,,,,,,,,,,,,,,,,,,,,,,,,,
21441,2019,8,12,7,45,19.3,92,658,371,3.0,,,,,,,,,,,,,,,,,,,,,,,,,,,,,,,,,,,,
21442,2019,8,12,8,0,19.700000000000003,97,683,410,2.9000000000000004,,,,,,,,,,,,,,,,,,,,,,,,,,,,,,,,,,,,
21443,2019,8,12,8,15,20.1,187,331,350,3.0,,,,,,,,,,,,,,,,,,,,,,,,,,,,,,,,,,,,
21444,2019,8,12,8,30,20.6,200,349,384,3.0,,,,,,,,,,,,,,,,,,,,,,,,,,,,,,,,,,,,
21445,2019,8,12,8,45,21.0,213,363,416,3.0,,,,,,,,,,,,,,,,,,,,,,,,,,,,,,,,,,,,
21446,2019,8,12,9,0,21.5,226,376,448,3.0,,,,,,,,,,,,,,,,,,,,,,,,,,,,,,,,,,,,
21447,2019,8,12,9,15,21.8,108,784,593,3.0,,,,,,,,,,,,,,,,,,,,,,,,,,,,,,,,,,,,
21448,2019,8,12,9,30,22.200000000000003,250,394,505,3.0,,,,,,,,,,,,,,,,,,,,,,,,,,,,,,,,,,,,
21449,2019,8,12,9,45,22.5,265,391,527,3.0,,,,,,,,,,,,,,,,,,,,,,,,,,,,,,,,,,,,
21450,2019,8,12,10,0,22.9,253,451,567,3.0,,,,,,,,,,,,,,,,,,,,,,,,,,,,,,,,,,,,
21451,2019,8,12,10,15,23.200000000000003,271,432,581,3.0,,,,,,,,,,,,,,,,,,,,,,,,,,,,,,,,,,,,
21452,2019,8,12,10,30,23.4,304,383,585,3.0,,,,,,,,,,,,,,,,,,,,,,,,,,,,,,,,,,,,
21453,2019,8,12,10,45,23.700000000000003,331,315,567,3.0,,,,,,,,,,,,,,,,,,,,,,,,,,,,,,,,,,,,
21454,2019,8,12,11,0,23.9,358,106,439,3.0,,,,,,,,,,,,,,,,,,,,,,,,,,,,,,,,,,,,
21455,2019,8,12,11,15,24.0,362,98,439,3.0,,,,,,,,,,,,,,,,,,,,,,,,,,,,,,,,,,,,
21456,2019,8,12,11,30,24.1,370,236,556,3.0,,,,,,,,,,,,,,,,,,,,,,,,,,,,,,,,,,,,
21457,2019,8,12,11,45,24.200000000000003,378,214,548,3.0,,,,,,,,,,,,,,,,,,,,,,,,,,,,,,,,,,,,
21458,2019,8,12,12,0,24.3,364,74,423,3.0,,,,,,,,,,,,,,,,,,,,,,,,,,,,,,,,,,,,
21459,2019,8,12,12,15,24.200000000000003,382,121,479,2.9000000000000004,,,,,,,,,,,,,,,,,,,,,,,,,,,,,,,,,,,,
21460,2019,8,12,12,30,24.200000000000003,172,762,782,2.8000000000000003,,,,,,,,,,,,,,,,,,,,,,,,,,,,,,,,,,,,
21461,2019,8,12,12,45,24.200000000000003,358,314,608,2.8000000000000003,,,,,,,,,,,,,,,,,,,,,,,,,,,,,,,,,,,,
21462,2019,8,12,13,0,24.1,376,118,470,2.7,,,,,,,,,,,,,,,,,,,,,,,,,,,,,,,,,,,,
21463,2019,8,12,13,15,24.1,369,225,545,2.6,,,,,,,,,,,,,,,,,,,,,,,,,,,,,,,,,,,,
21464,2019,8,12,13,30,24.1,360,243,548,2.5,,,,,,,,,,,,,,,,,,,,,,,,,,,,,,,,,,,,
21465,2019,8,12,13,45,24.1,354,233,530,2.4000000000000004,,,,,,,,,,,,,,,,,,,,,,,,,,,,,,,,,,,,
21466,2019,8,12,14,0,24.1,340,89,406,2.4000000000000004,,,,,,,,,,,,,,,,,,,,,,,,,,,,,,,,,,,,
21467,2019,8,12,14,15,24.1,260,21,276,2.3000000000000003,,,,,,,,,,,,,,,,,,,,,,,,,,,,,,,,,,,,
21468,2019,8,12,14,30,24.0,184,5,188,2.2,,,,,,,,,,,,,,,,,,,,,,,,,,,,,,,,,,,,
21469,2019,8,12,14,45,24.0,192,6,197,2.2,,,,,,,,,,,,,,,,,,,,,,,,,,,,,,,,,,,,
21470,2019,8,12,15,0,23.9,117,0,117,2.1,,,,,,,,,,,,,,,,,,,,,,,,,,,,,,,,,,,,
21471,2019,8,12,15,15,23.8,180,5,183,2.1,,,,,,,,,,,,,,,,,,,,,,,,,,,,,,,,,,,,
21472,2019,8,12,15,30,23.700000000000003,130,0,130,2.0,,,,,,,,,,,,,,,,,,,,,,,,,,,,,,,,,,,,
21473,2019,8,12,15,45,23.5,163,2,164,2.0,,,,,,,,,,,,,,,,,,,,,,,,,,,,,,,,,,,,
21474,2019,8,12,16,0,23.4,204,29,220,2.0,,,,,,,,,,,,,,,,,,,,,,,,,,,,,,,,,,,,
21475,2019,8,12,16,15,23.3,217,103,269,1.9,,,,,,,,,,,,,,,,,,,,,,,,,,,,,,,,,,,,
21476,2019,8,12,16,30,23.1,158,433,364,1.9,,,,,,,,,,,,,,,,,,,,,,,,,,,,,,,,,,,,
21477,2019,8,12,16,45,23.0,174,57,199,1.8,,,,,,,,,,,,,,,,,,,,,,,,,,,,,,,,,,,,
21478,2019,8,12,17,0,22.9,130,504,334,1.7000000000000002,,,,,,,,,,,,,,,,,,,,,,,,,,,,,,,,,,,,
21479,2019,8,12,17,15,22.5,145,162,205,1.6,,,,,,,,,,,,,,,,,,,,,,,,,,,,,,,,,,,,
21480,2019,8,12,17,30,22.200000000000003,128,102,162,1.4,,,,,,,,,,,,,,,,,,,,,,,,,,,,,,,,,,,,
21481,2019,8,12,17,45,21.9,56,0,56,1.2000000000000002,,,,,,,,,,,,,,,,,,,,,,,,,,,,,,,,,,,,
21482,2019,8,12,18,0,21.5,10,0,10,1.1,,,,,,,,,,,,,,,,,,,,,,,,,,,,,,,,,,,,
21483,2019,8,12,18,15,21.1,36,0,36,1.0,,,,,,,,,,,,,,,,,,,,,,,,,,,,,,,,,,,,
21484,2019,8,12,18,30,20.6,27,0,27,1.0,,,,,,,,,,,,,,,,,,,,,,,,,,,,,,,,,,,,
21485,2019,8,12,18,45,20.200000000000003,6,0,6,0.9,,,,,,,,,,,,,,,,,,,,,,,,,,,,,,,,,,,,
21486,2019,8,12,19,0,19.700000000000003,5,0,5,0.8,,,,,,,,,,,,,,,,,,,,,,,,,,,,,,,,,,,,
21487,2019,8,12,19,15,19.5,22,39,24,0.9,,,,,,,,,,,,,,,,,,,,,,,,,,,,,,,,,,,,
21488,2019,8,12,19,30,19.3,3,0,3,0.9,,,,,,,,,,,,,,,,,,,,,,,,,,,,,,,,,,,,
21489,2019,8,12,19,45,19.1,0,0,0,0.9,,,,,,,,,,,,,,,,,,,,,,,,,,,,,,,,,,,,
21490,2019,8,12,20,0,18.8,0,0,0,1.0,,,,,,,,,,,,,,,,,,,,,,,,,,,,,,,,,,,,
21491,2019,8,12,20,15,18.7,0,0,0,1.0,,,,,,,,,,,,,,,,,,,,,,,,,,,,,,,,,,,,
21492,2019,8,12,20,30,18.5,0,0,0,1.1,,,,,,,,,,,,,,,,,,,,,,,,,,,,,,,,,,,,
21493,2019,8,12,20,45,18.3,0,0,0,1.2000000000000002,,,,,,,,,,,,,,,,,,,,,,,,,,,,,,,,,,,,
21494,2019,8,12,21,0,18.2,0,0,0,1.2000000000000002,,,,,,,,,,,,,,,,,,,,,,,,,,,,,,,,,,,,
21495,2019,8,12,21,15,18.0,0,0,0,1.3,,,,,,,,,,,,,,,,,,,,,,,,,,,,,,,,,,,,
21496,2019,8,12,21,30,17.8,0,0,0,1.4,,,,,,,,,,,,,,,,,,,,,,,,,,,,,,,,,,,,
21497,2019,8,12,21,45,17.6,0,0,0,1.4,,,,,,,,,,,,,,,,,,,,,,,,,,,,,,,,,,,,
21498,2019,8,12,22,0,17.5,0,0,0,1.5,,,,,,,,,,,,,,,,,,,,,,,,,,,,,,,,,,,,
21499,2019,8,12,22,15,17.3,0,0,0,1.6,,,,,,,,,,,,,,,,,,,,,,,,,,,,,,,,,,,,
21500,2019,8,12,22,30,17.1,0,0,0,1.7000000000000002,,,,,,,,,,,,,,,,,,,,,,,,,,,,,,,,,,,,
21501,2019,8,12,22,45,17.0,0,0,0,1.8,,,,,,,,,,,,,,,,,,,,,,,,,,,,,,,,,,,,
21502,2019,8,12,23,0,16.8,0,0,0,1.9,,,,,,,,,,,,,,,,,,,,,,,,,,,,,,,,,,,,
21503,2019,8,12,23,15,16.7,0,0,0,2.0,,,,,,,,,,,,,,,,,,,,,,,,,,,,,,,,,,,,
21504,2019,8,12,23,30,16.5,0,0,0,2.1,,,,,,,,,,,,,,,,,,,,,,,,,,,,,,,,,,,,
21505,2019,8,12,23,45,16.400000000000002,0,0,0,2.2,,,,,,,,,,,,,,,,,,,,,,,,,,,,,,,,,,,,
21506,2019,8,13,0,0,16.2,0,0,0,2.3000000000000003,,,,,,,,,,,,,,,,,,,,,,,,,,,,,,,,,,,,
21507,2019,8,13,0,15,16.2,0,0,0,2.3000000000000003,,,,,,,,,,,,,,,,,,,,,,,,,,,,,,,,,,,,
21508,2019,8,13,0,30,16.2,0,0,0,2.3000000000000003,,,,,,,,,,,,,,,,,,,,,,,,,,,,,,,,,,,,
21509,2019,8,13,0,45,16.2,0,0,0,2.3000000000000003,,,,,,,,,,,,,,,,,,,,,,,,,,,,,,,,,,,,
21510,2019,8,13,1,0,15.6,0,0,0,2.4000000000000004,,,,,,,,,,,,,,,,,,,,,,,,,,,,,,,,,,,,
21511,2019,8,13,1,15,15.4,0,0,0,2.4000000000000004,,,,,,,,,,,,,,,,,,,,,,,,,,,,,,,,,,,,
21512,2019,8,13,1,30,15.1,0,0,0,2.4000000000000004,,,,,,,,,,,,,,,,,,,,,,,,,,,,,,,,,,,,
21513,2019,8,13,1,45,14.9,0,0,0,2.4000000000000004,,,,,,,,,,,,,,,,,,,,,,,,,,,,,,,,,,,,
21514,2019,8,13,2,0,14.7,0,0,0,2.3000000000000003,,,,,,,,,,,,,,,,,,,,,,,,,,,,,,,,,,,,
21515,2019,8,13,2,15,14.5,0,0,0,2.3000000000000003,,,,,,,,,,,,,,,,,,,,,,,,,,,,,,,,,,,,
21516,2019,8,13,2,30,14.3,0,0,0,2.3000000000000003,,,,,,,,,,,,,,,,,,,,,,,,,,,,,,,,,,,,
21517,2019,8,13,2,45,14.1,0,0,0,2.2,,,,,,,,,,,,,,,,,,,,,,,,,,,,,,,,,,,,
21518,2019,8,13,3,0,13.9,0,0,0,2.2,,,,,,,,,,,,,,,,,,,,,,,,,,,,,,,,,,,,
21519,2019,8,13,3,15,13.8,0,0,0,2.2,,,,,,,,,,,,,,,,,,,,,,,,,,,,,,,,,,,,
21520,2019,8,13,3,30,13.6,0,0,0,2.1,,,,,,,,,,,,,,,,,,,,,,,,,,,,,,,,,,,,
21521,2019,8,13,3,45,13.4,0,0,0,2.1,,,,,,,,,,,,,,,,,,,,,,,,,,,,,,,,,,,,
21522,2019,8,13,4,0,13.2,0,0,0,2.0,,,,,,,,,,,,,,,,,,,,,,,,,,,,,,,,,,,,
21523,2019,8,13,4,15,13.3,0,0,0,2.1,,,,,,,,,,,,,,,,,,,,,,,,,,,,,,,,,,,,
21524,2019,8,13,4,30,13.3,0,0,0,2.3000000000000003,,,,,,,,,,,,,,,,,,,,,,,,,,,,,,,,,,,,
21525,2019,8,13,4,45,13.3,0,0,0,2.4000000000000004,,,,,,,,,,,,,,,,,,,,,,,,,,,,,,,,,,,,
21526,2019,8,13,5,0,13.4,0,0,0,2.5,,,,,,,,,,,,,,,,,,,,,,,,,,,,,,,,,,,,
21527,2019,8,13,5,15,13.7,14,37,16,2.7,,,,,,,,,,,,,,,,,,,,,,,,,,,,,,,,,,,,
21528,2019,8,13,5,30,14.1,28,99,36,2.9000000000000004,,,,,,,,,,,,,,,,,,,,,,,,,,,,,,,,,,,,
21529,2019,8,13,5,45,14.4,43,177,63,3.1,,,,,,,,,,,,,,,,,,,,,,,,,,,,,,,,,,,,
21530,2019,8,13,6,0,14.8,56,246,93,3.3000000000000003,,,,,,,,,,,,,,,,,,,,,,,,,,,,,,,,,,,,
21531,2019,8,13,6,15,15.3,68,309,127,3.4000000000000004,,,,,,,,,,,,,,,,,,,,,,,,,,,,,,,,,,,,
21532,2019,8,13,6,30,15.8,79,366,163,3.6,,,,,,,,,,,,,,,,,,,,,,,,,,,,,,,,,,,,
21533,2019,8,13,6,45,16.3,87,425,201,3.7,,,,,,,,,,,,,,,,,,,,,,,,,,,,,,,,,,,,
21534,2019,8,13,7,0,16.8,95,470,239,3.9,,,,,,,,,,,,,,,,,,,,,,,,,,,,,,,,,,,,
21535,2019,8,13,7,15,17.2,135,80,162,4.0,,,,,,,,,,,,,,,,,,,,,,,,,,,,,,,,,,,,
21536,2019,8,13,7,30,17.5,143,36,157,4.1000000000000005,,,,,,,,,,,,,,,,,,,,,,,,,,,,,,,,,,,,
21537,2019,8,13,7,45,17.900000000000002,29,0,29,4.2,,,,,,,,,,,,,,,,,,,,,,,,,,,,,,,,,,,,
21538,2019,8,13,8,0,18.3,33,0,33,4.3,,,,,,,,,,,,,,,,,,,,,,,,,,,,,,,,,,,,
21539,2019,8,13,8,15,18.6,36,0,36,4.4,,,,,,,,,,,,,,,,,,,,,,,,,,,,,,,,,,,,
21540,2019,8,13,8,30,18.9,40,0,40,4.6000000000000005,,,,,,,,,,,,,,,,,,,,,,,,,,,,,,,,,,,,
21541,2019,8,13,8,45,19.1,44,0,44,4.7,,,,,,,,,,,,,,,,,,,,,,,,,,,,,,,,,,,,
21542,2019,8,13,9,0,19.4,47,0,47,4.9,,,,,,,,,,,,,,,,,,,,,,,,,,,,,,,,,,,,
21543,2019,8,13,9,15,19.6,50,0,50,5.0,,,,,,,,,,,,,,,,,,,,,,,,,,,,,,,,,,,,
21544,2019,8,13,9,30,19.8,53,0,53,5.1000000000000005,,,,,,,,,,,,,,,,,,,,,,,,,,,,,,,,,,,,
21545,2019,8,13,9,45,20.0,56,0,56,5.2,,,,,,,,,,,,,,,,,,,,,,,,,,,,,,,,,,,,
21546,2019,8,13,10,0,20.200000000000003,59,0,59,5.300000000000001,,,,,,,,,,,,,,,,,,,,,,,,,,,,,,,,,,,,
21547,2019,8,13,10,15,20.4,61,0,61,5.300000000000001,,,,,,,,,,,,,,,,,,,,,,,,,,,,,,,,,,,,
21548,2019,8,13,10,30,20.5,304,45,337,5.4,,,,,,,,,,,,,,,,,,,,,,,,,,,,,,,,,,,,
21549,2019,8,13,10,45,20.700000000000003,314,46,349,5.5,,,,,,,,,,,,,,,,,,,,,,,,,,,,,,,,,,,,
21550,2019,8,13,11,0,20.9,323,48,359,5.5,,,,,,,,,,,,,,,,,,,,,,,,,,,,,,,,,,,,
21551,2019,8,13,11,15,21.0,330,48,367,5.6000000000000005,,,,,,,,,,,,,,,,,,,,,,,,,,,,,,,,,,,,
21552,2019,8,13,11,30,21.1,141,816,781,5.6000000000000005,,,,,,,,,,,,,,,,,,,,,,,,,,,,,,,,,,,,
21553,2019,8,13,11,45,21.200000000000003,133,837,795,5.6000000000000005,,,,,,,,,,,,,,,,,,,,,,,,,,,,,,,,,,,,
21554,2019,8,13,12,0,21.3,82,0,82,5.7,,,,,,,,,,,,,,,,,,,,,,,,,,,,,,,,,,,,
21555,2019,8,13,12,15,21.3,115,0,115,5.7,,,,,,,,,,,,,,,,,,,,,,,,,,,,,,,,,,,,
21556,2019,8,13,12,30,21.3,295,24,314,5.7,,,,,,,,,,,,,,,,,,,,,,,,,,,,,,,,,,,,
21557,2019,8,13,12,45,21.3,342,362,629,5.7,,,,,,,,,,,,,,,,,,,,,,,,,,,,,,,,,,,,
21558,2019,8,13,13,0,21.3,250,14,261,5.7,,,,,,,,,,,,,,,,,,,,,,,,,,,,,,,,,,,,
21559,2019,8,13,13,15,21.3,351,302,587,5.6000000000000005,,,,,,,,,,,,,,,,,,,,,,,,,,,,,,,,,,,,
21560,2019,8,13,13,30,21.3,162,773,757,5.6000000000000005,,,,,,,,,,,,,,,,,,,,,,,,,,,,,,,,,,,,
21561,2019,8,13,13,45,21.200000000000003,309,40,339,5.5,,,,,,,,,,,,,,,,,,,,,,,,,,,,,,,,,,,,
21562,2019,8,13,14,0,21.200000000000003,346,205,498,5.5,,,,,,,,,,,,,,,,,,,,,,,,,,,,,,,,,,,,
21563,2019,8,13,14,15,21.0,332,228,497,5.4,,,,,,,,,,,,,,,,,,,,,,,,,,,,,,,,,,,,
21564,2019,8,13,14,30,20.9,325,137,421,5.300000000000001,,,,,,,,,,,,,,,,,,,,,,,,,,,,,,,,,,,,
21565,2019,8,13,14,45,20.8,301,81,356,5.2,,,,,,,,,,,,,,,,,,,,,,,,,,,,,,,,,,,,
21566,2019,8,13,15,0,20.700000000000003,295,106,364,5.1000000000000005,,,,,,,,,,,,,,,,,,,,,,,,,,,,,,,,,,,,
21567,2019,8,13,15,15,20.6,261,53,294,5.0,,,,,,,,,,,,,,,,,,,,,,,,,,,,,,,,,,,,
21568,2019,8,13,15,30,20.4,264,100,324,4.9,,,,,,,,,,,,,,,,,,,,,,,,,,,,,,,,,,,,
21569,2019,8,13,15,45,20.3,146,668,528,4.800000000000001,,,,,,,,,,,,,,,,,,,,,,,,,,,,,,,,,,,,
21570,2019,8,13,16,0,20.1,234,157,319,4.6000000000000005,,,,,,,,,,,,,,,,,,,,,,,,,,,,,,,,,,,,
21571,2019,8,13,16,15,20.0,137,628,455,4.5,,,,,,,,,,,,,,,,,,,,,,,,,,,,,,,,,,,,
21572,2019,8,13,16,30,19.8,164,15,171,4.4,,,,,,,,,,,,,,,,,,,,,,,,,,,,,,,,,,,,
21573,2019,8,13,16,45,19.6,154,17,161,4.2,,,,,,,,,,,,,,,,,,,,,,,,,,,,,,,,,,,,
21574,2019,8,13,17,0,19.4,134,7,137,4.1000000000000005,,,,,,,,,,,,,,,,,,,,,,,,,,,,,,,,,,,,
21575,2019,8,13,17,15,19.1,144,98,180,3.7,,,,,,,,,,,,,,,,,,,,,,,,,,,,,,,,,,,,
21576,2019,8,13,17,30,18.7,125,71,148,3.4000000000000004,,,,,,,,,,,,,,,,,,,,,,,,,,,,,,,,,,,,
21577,2019,8,13,17,45,18.4,109,98,137,3.0,,,,,,,,,,,,,,,,,,,,,,,,,,,,,,,,,,,,
21578,2019,8,13,18,0,18.0,92,77,111,2.7,,,,,,,,,,,,,,,,,,,,,,,,,,,,,,,,,,,,
21579,2019,8,13,18,15,17.400000000000002,8,0,8,2.3000000000000003,,,,,,,,,,,,,,,,,,,,,,,,,,,,,,,,,,,,
21580,2019,8,13,18,30,16.8,7,0,7,2.0,,,,,,,,,,,,,,,,,,,,,,,,,,,,,,,,,,,,
21581,2019,8,13,18,45,16.2,43,14,45,1.6,,,,,,,,,,,,,,,,,,,,,,,,,,,,,,,,,,,,
21582,2019,8,13,19,0,15.6,28,0,28,1.2000000000000002,,,,,,,,,,,,,,,,,,,,,,,,,,,,,,,,,,,,
21583,2019,8,13,19,15,15.3,15,0,15,1.2000000000000002,,,,,,,,,,,,,,,,,,,,,,,,,,,,,,,,,,,,
21584,2019,8,13,19,30,15.0,7,10,7,1.1,,,,,,,,,,,,,,,,,,,,,,,,,,,,,,,,,,,,
21585,2019,8,13,19,45,14.8,0,0,0,1.1,,,,,,,,,,,,,,,,,,,,,,,,,,,,,,,,,,,,
21586,2019,8,13,20,0,14.5,0,0,0,1.1,,,,,,,,,,,,,,,,,,,,,,,,,,,,,,,,,,,,
21587,2019,8,13,20,15,14.3,0,0,0,1.1,,,,,,,,,,,,,,,,,,,,,,,,,,,,,,,,,,,,
21588,2019,8,13,20,30,14.1,0,0,0,1.1,,,,,,,,,,,,,,,,,,,,,,,,,,,,,,,,,,,,
21589,2019,8,13,20,45,14.0,0,0,0,1.1,,,,,,,,,,,,,,,,,,,,,,,,,,,,,,,,,,,,
21590,2019,8,13,21,0,13.8,0,0,0,1.0,,,,,,,,,,,,,,,,,,,,,,,,,,,,,,,,,,,,
21591,2019,8,13,21,15,13.7,0,0,0,1.1,,,,,,,,,,,,,,,,,,,,,,,,,,,,,,,,,,,,
21592,2019,8,13,21,30,13.5,0,0,0,1.1,,,,,,,,,,,,,,,,,,,,,,,,,,,,,,,,,,,,
21593,2019,8,13,21,45,13.4,0,0,0,1.1,,,,,,,,,,,,,,,,,,,,,,,,,,,,,,,,,,,,
21594,2019,8,13,22,0,13.2,0,0,0,1.1,,,,,,,,,,,,,,,,,,,,,,,,,,,,,,,,,,,,
21595,2019,8,13,22,15,13.1,0,0,0,1.1,,,,,,,,,,,,,,,,,,,,,,,,,,,,,,,,,,,,
21596,2019,8,13,22,30,13.0,0,0,0,1.1,,,,,,,,,,,,,,,,,,,,,,,,,,,,,,,,,,,,
21597,2019,8,13,22,45,12.9,0,0,0,1.1,,,,,,,,,,,,,,,,,,,,,,,,,,,,,,,,,,,,
21598,2019,8,13,23,0,12.7,0,0,0,1.1,,,,,,,,,,,,,,,,,,,,,,,,,,,,,,,,,,,,
21599,2019,8,13,23,15,12.6,0,0,0,1.1,,,,,,,,,,,,,,,,,,,,,,,,,,,,,,,,,,,,
21600,2019,8,13,23,30,12.4,0,0,0,1.1,,,,,,,,,,,,,,,,,,,,,,,,,,,,,,,,,,,,
21601,2019,8,13,23,45,12.3,0,0,0,1.1,,,,,,,,,,,,,,,,,,,,,,,,,,,,,,,,,,,,
21602,2019,8,14,0,0,12.2,0,0,0,1.1,,,,,,,,,,,,,,,,,,,,,,,,,,,,,,,,,,,,
21603,2019,8,14,0,15,12.2,0,0,0,1.1,,,,,,,,,,,,,,,,,,,,,,,,,,,,,,,,,,,,
21604,2019,8,14,0,30,12.2,0,0,0,1.1,,,,,,,,,,,,,,,,,,,,,,,,,,,,,,,,,,,,
21605,2019,8,14,0,45,12.2,0,0,0,1.1,,,,,,,,,,,,,,,,,,,,,,,,,,,,,,,,,,,,
21606,2019,8,14,1,0,11.7,0,0,0,1.2000000000000002,,,,,,,,,,,,,,,,,,,,,,,,,,,,,,,,,,,,
21607,2019,8,14,1,15,11.7,0,0,0,1.2000000000000002,,,,,,,,,,,,,,,,,,,,,,,,,,,,,,,,,,,,
21608,2019,8,14,1,30,11.6,0,0,0,1.2000000000000002,,,,,,,,,,,,,,,,,,,,,,,,,,,,,,,,,,,,
21609,2019,8,14,1,45,11.6,0,0,0,1.2000000000000002,,,,,,,,,,,,,,,,,,,,,,,,,,,,,,,,,,,,
21610,2019,8,14,2,0,11.5,0,0,0,1.2000000000000002,,,,,,,,,,,,,,,,,,,,,,,,,,,,,,,,,,,,
21611,2019,8,14,2,15,11.4,0,0,0,1.3,,,,,,,,,,,,,,,,,,,,,,,,,,,,,,,,,,,,
21612,2019,8,14,2,30,11.3,0,0,0,1.3,,,,,,,,,,,,,,,,,,,,,,,,,,,,,,,,,,,,
21613,2019,8,14,2,45,11.1,0,0,0,1.3,,,,,,,,,,,,,,,,,,,,,,,,,,,,,,,,,,,,
21614,2019,8,14,3,0,11.0,0,0,0,1.4,,,,,,,,,,,,,,,,,,,,,,,,,,,,,,,,,,,,
21615,2019,8,14,3,15,10.8,0,0,0,1.4,,,,,,,,,,,,,,,,,,,,,,,,,,,,,,,,,,,,
21616,2019,8,14,3,30,10.7,0,0,0,1.5,,,,,,,,,,,,,,,,,,,,,,,,,,,,,,,,,,,,
21617,2019,8,14,3,45,10.5,0,0,0,1.5,,,,,,,,,,,,,,,,,,,,,,,,,,,,,,,,,,,,
21618,2019,8,14,4,0,10.4,0,0,0,1.5,,,,,,,,,,,,,,,,,,,,,,,,,,,,,,,,,,,,
21619,2019,8,14,4,15,10.5,0,0,0,1.7000000000000002,,,,,,,,,,,,,,,,,,,,,,,,,,,,,,,,,,,,
21620,2019,8,14,4,30,10.6,0,0,0,1.8,,,,,,,,,,,,,,,,,,,,,,,,,,,,,,,,,,,,
21621,2019,8,14,4,45,10.7,0,0,0,1.9,,,,,,,,,,,,,,,,,,,,,,,,,,,,,,,,,,,,
21622,2019,8,14,5,0,10.8,0,0,0,2.0,,,,,,,,,,,,,,,,,,,,,,,,,,,,,,,,,,,,
21623,2019,8,14,5,15,11.3,11,42,13,2.2,,,,,,,,,,,,,,,,,,,,,,,,,,,,,,,,,,,,
21624,2019,8,14,5,30,11.7,25,103,32,2.4000000000000004,,,,,,,,,,,,,,,,,,,,,,,,,,,,,,,,,,,,
21625,2019,8,14,5,45,12.1,39,185,59,2.6,,,,,,,,,,,,,,,,,,,,,,,,,,,,,,,,,,,,
21626,2019,8,14,6,0,12.6,52,252,90,2.8000000000000003,,,,,,,,,,,,,,,,,,,,,,,,,,,,,,,,,,,,
21627,2019,8,14,6,15,13.2,65,314,124,2.9000000000000004,,,,,,,,,,,,,,,,,,,,,,,,,,,,,,,,,,,,
21628,2019,8,14,6,30,13.9,76,372,160,3.1,,,,,,,,,,,,,,,,,,,,,,,,,,,,,,,,,,,,
21629,2019,8,14,6,45,14.6,84,437,200,3.2,,,,,,,,,,,,,,,,,,,,,,,,,,,,,,,,,,,,
21630,2019,8,14,7,0,15.2,93,481,239,3.3000000000000003,,,,,,,,,,,,,,,,,,,,,,,,,,,,,,,,,,,,
21631,2019,8,14,7,15,15.7,101,520,279,3.4000000000000004,,,,,,,,,,,,,,,,,,,,,,,,,,,,,,,,,,,,
21632,2019,8,14,7,30,16.2,108,555,319,3.4000000000000004,,,,,,,,,,,,,,,,,,,,,,,,,,,,,,,,,,,,
21633,2019,8,14,7,45,16.6,111,600,361,3.5,,,,,,,,,,,,,,,,,,,,,,,,,,,,,,,,,,,,
21634,2019,8,14,8,0,17.1,116,627,400,3.5,,,,,,,,,,,,,,,,,,,,,,,,,,,,,,,,,,,,
21635,2019,8,14,8,15,17.5,122,651,439,3.5,,,,,,,,,,,,,,,,,,,,,,,,,,,,,,,,,,,,
21636,2019,8,14,8,30,17.8,127,676,479,3.6,,,,,,,,,,,,,,,,,,,,,,,,,,,,,,,,,,,,
21637,2019,8,14,8,45,18.2,126,709,518,3.6,,,,,,,,,,,,,,,,,,,,,,,,,,,,,,,,,,,,
21638,2019,8,14,9,0,18.5,130,726,553,3.6,,,,,,,,,,,,,,,,,,,,,,,,,,,,,,,,,,,,
21639,2019,8,14,9,15,18.8,133,741,587,3.6,,,,,,,,,,,,,,,,,,,,,,,,,,,,,,,,,,,,
21640,2019,8,14,9,30,19.200000000000003,136,754,619,3.6,,,,,,,,,,,,,,,,,,,,,,,,,,,,,,,,,,,,
21641,2019,8,14,9,45,19.5,277,51,310,3.6,,,,,,,,,,,,,,,,,,,,,,,,,,,,,,,,,,,,
21642,2019,8,14,10,0,19.8,290,52,326,3.6,,,,,,,,,,,,,,,,,,,,,,,,,,,,,,,,,,,,
21643,2019,8,14,10,15,20.1,302,55,341,3.6,,,,,,,,,,,,,,,,,,,,,,,,,,,,,,,,,,,,
21644,2019,8,14,10,30,20.4,134,814,727,3.7,,,,,,,,,,,,,,,,,,,,,,,,,,,,,,,,,,,,
21645,2019,8,14,10,45,20.6,324,58,367,3.7,,,,,,,,,,,,,,,,,,,,,,,,,,,,,,,,,,,,
21646,2019,8,14,11,0,20.9,332,60,378,3.7,,,,,,,,,,,,,,,,,,,,,,,,,,,,,,,,,,,,
21647,2019,8,14,11,15,21.1,340,61,387,3.7,,,,,,,,,,,,,,,,,,,,,,,,,,,,,,,,,,,,
21648,2019,8,14,11,30,21.3,345,62,394,3.7,,,,,,,,,,,,,,,,,,,,,,,,,,,,,,,,,,,,
21649,2019,8,14,11,45,21.5,350,63,399,3.7,,,,,,,,,,,,,,,,,,,,,,,,,,,,,,,,,,,,
21650,2019,8,14,12,0,21.700000000000003,353,63,402,3.7,,,,,,,,,,,,,,,,,,,,,,,,,,,,,,,,,,,,
21651,2019,8,14,12,15,21.8,351,60,398,3.7,,,,,,,,,,,,,,,,,,,,,,,,,,,,,,,,,,,,
21652,2019,8,14,12,30,21.9,350,59,396,3.7,,,,,,,,,,,,,,,,,,,,,,,,,,,,,,,,,,,,
21653,2019,8,14,12,45,22.0,378,192,529,3.7,,,,,,,,,,,,,,,,,,,,,,,,,,,,,,,,,,,,
21654,2019,8,14,13,0,22.1,371,113,459,3.7,,,,,,,,,,,,,,,,,,,,,,,,,,,,,,,,,,,,
21655,2019,8,14,13,15,22.1,183,6,188,3.6,,,,,,,,,,,,,,,,,,,,,,,,,,,,,,,,,,,,
21656,2019,8,14,13,30,22.1,135,0,135,3.6,,,,,,,,,,,,,,,,,,,,,,,,,,,,,,,,,,,,
21657,2019,8,14,13,45,22.1,351,112,435,3.6,,,,,,,,,,,,,,,,,,,,,,,,,,,,,,,,,,,,
21658,2019,8,14,14,0,22.1,328,291,543,3.5,,,,,,,,,,,,,,,,,,,,,,,,,,,,,,,,,,,,
21659,2019,8,14,14,15,22.0,319,286,525,3.5,,,,,,,,,,,,,,,,,,,,,,,,,,,,,,,,,,,,
21660,2019,8,14,14,30,22.0,315,248,488,3.4000000000000004,,,,,,,,,,,,,,,,,,,,,,,,,,,,,,,,,,,,
21661,2019,8,14,14,45,21.9,294,288,489,3.3000000000000003,,,,,,,,,,,,,,,,,,,,,,,,,,,,,,,,,,,,
21662,2019,8,14,15,0,21.9,293,209,429,3.3000000000000003,,,,,,,,,,,,,,,,,,,,,,,,,,,,,,,,,,,,
21663,2019,8,14,15,15,21.8,137,0,137,3.2,,,,,,,,,,,,,,,,,,,,,,,,,,,,,,,,,,,,
21664,2019,8,14,15,30,21.700000000000003,196,11,203,3.1,,,,,,,,,,,,,,,,,,,,,,,,,,,,,,,,,,,,
21665,2019,8,14,15,45,21.6,249,153,336,3.0,,,,,,,,,,,,,,,,,,,,,,,,,,,,,,,,,,,,
21666,2019,8,14,16,0,21.4,227,217,343,2.9000000000000004,,,,,,,,,,,,,,,,,,,,,,,,,,,,,,,,,,,,
21667,2019,8,14,16,15,21.3,198,299,348,2.7,,,,,,,,,,,,,,,,,,,,,,,,,,,,,,,,,,,,
21668,2019,8,14,16,30,21.1,183,284,316,2.6,,,,,,,,,,,,,,,,,,,,,,,,,,,,,,,,,,,,
21669,2019,8,14,16,45,20.9,158,25,169,2.4000000000000004,,,,,,,,,,,,,,,,,,,,,,,,,,,,,,,,,,,,
21670,2019,8,14,17,0,20.700000000000003,124,0,124,2.3000000000000003,,,,,,,,,,,,,,,,,,,,,,,,,,,,,,,,,,,,
21671,2019,8,14,17,15,20.3,61,0,61,1.9,,,,,,,,,,,,,,,,,,,,,,,,,,,,,,,,,,,,
21672,2019,8,14,17,30,19.9,40,0,40,1.6,,,,,,,,,,,,,,,,,,,,,,,,,,,,,,,,,,,,
21673,2019,8,14,17,45,19.5,97,12,101,1.2000000000000002,,,,,,,,,,,,,,,,,,,,,,,,,,,,,,,,,,,,
21674,2019,8,14,18,0,19.0,81,0,81,0.8,,,,,,,,,,,,,,,,,,,,,,,,,,,,,,,,,,,,
21675,2019,8,14,18,15,18.7,63,0,63,0.8,,,,,,,,,,,,,,,,,,,,,,,,,,,,,,,,,,,,
21676,2019,8,14,18,30,18.5,46,0,46,0.7000000000000001,,,,,,,,,,,,,,,,,,,,,,,,,,,,,,,,,,,,
21677,2019,8,14,18,45,18.2,32,0,32,0.6000000000000001,,,,,,,,,,,,,,,,,,,,,,,,,,,,,,,,,,,,
21678,2019,8,14,19,0,17.900000000000002,20,0,20,0.5,,,,,,,,,,,,,,,,,,,,,,,,,,,,,,,,,,,,
21679,2019,8,14,19,15,17.7,18,142,26,0.5,,,,,,,,,,,,,,,,,,,,,,,,,,,,,,,,,,,,
21680,2019,8,14,19,30,17.400000000000002,0,0,0,0.5,,,,,,,,,,,,,,,,,,,,,,,,,,,,,,,,,,,,
21681,2019,8,14,19,45,17.2,0,0,0,0.5,,,,,,,,,,,,,,,,,,,,,,,,,,,,,,,,,,,,
21682,2019,8,14,20,0,17.0,0,0,0,0.6000000000000001,,,,,,,,,,,,,,,,,,,,,,,,,,,,,,,,,,,,
21683,2019,8,14,20,15,16.5,0,0,0,0.7000000000000001,,,,,,,,,,,,,,,,,,,,,,,,,,,,,,,,,,,,
21684,2019,8,14,20,30,16.1,0,0,0,0.8,,,,,,,,,,,,,,,,,,,,,,,,,,,,,,,,,,,,
21685,2019,8,14,20,45,15.6,0,0,0,0.9,,,,,,,,,,,,,,,,,,,,,,,,,,,,,,,,,,,,
21686,2019,8,14,21,0,15.1,0,0,0,1.0,,,,,,,,,,,,,,,,,,,,,,,,,,,,,,,,,,,,
21687,2019,8,14,21,15,14.7,0,0,0,1.0,,,,,,,,,,,,,,,,,,,,,,,,,,,,,,,,,,,,
21688,2019,8,14,21,30,14.3,0,0,0,1.1,,,,,,,,,,,,,,,,,,,,,,,,,,,,,,,,,,,,
21689,2019,8,14,21,45,13.9,0,0,0,1.1,,,,,,,,,,,,,,,,,,,,,,,,,,,,,,,,,,,,
21690,2019,8,14,22,0,13.4,0,0,0,1.2000000000000002,,,,,,,,,,,,,,,,,,,,,,,,,,,,,,,,,,,,
21691,2019,8,14,22,15,13.3,0,0,0,1.3,,,,,,,,,,,,,,,,,,,,,,,,,,,,,,,,,,,,
21692,2019,8,14,22,30,13.1,0,0,0,1.4,,,,,,,,,,,,,,,,,,,,,,,,,,,,,,,,,,,,
21693,2019,8,14,22,45,12.9,0,0,0,1.4,,,,,,,,,,,,,,,,,,,,,,,,,,,,,,,,,,,,
21694,2019,8,14,23,0,12.8,0,0,0,1.5,,,,,,,,,,,,,,,,,,,,,,,,,,,,,,,,,,,,
21695,2019,8,14,23,15,12.7,0,0,0,1.6,,,,,,,,,,,,,,,,,,,,,,,,,,,,,,,,,,,,
21696,2019,8,14,23,30,12.6,0,0,0,1.7000000000000002,,,,,,,,,,,,,,,,,,,,,,,,,,,,,,,,,,,,
21697,2019,8,14,23,45,12.5,0,0,0,1.8,,,,,,,,,,,,,,,,,,,,,,,,,,,,,,,,,,,,
21698,2019,8,15,0,0,12.4,0,0,0,1.8,,,,,,,,,,,,,,,,,,,,,,,,,,,,,,,,,,,,
21699,2019,8,15,0,15,12.4,0,0,0,1.8,,,,,,,,,,,,,,,,,,,,,,,,,,,,,,,,,,,,
21700,2019,8,15,0,30,12.4,0,0,0,1.8,,,,,,,,,,,,,,,,,,,,,,,,,,,,,,,,,,,,
21701,2019,8,15,0,45,12.4,0,0,0,1.8,,,,,,,,,,,,,,,,,,,,,,,,,,,,,,,,,,,,
21702,2019,8,15,1,0,12.2,0,0,0,2.1,,,,,,,,,,,,,,,,,,,,,,,,,,,,,,,,,,,,
21703,2019,8,15,1,15,12.2,0,0,0,2.1,,,,,,,,,,,,,,,,,,,,,,,,,,,,,,,,,,,,
21704,2019,8,15,1,30,12.2,0,0,0,2.1,,,,,,,,,,,,,,,,,,,,,,,,,,,,,,,,,,,,
21705,2019,8,15,1,45,12.2,0,0,0,2.2,,,,,,,,,,,,,,,,,,,,,,,,,,,,,,,,,,,,
21706,2019,8,15,2,0,12.2,0,0,0,2.2,,,,,,,,,,,,,,,,,,,,,,,,,,,,,,,,,,,,
21707,2019,8,15,2,15,12.2,0,0,0,2.3000000000000003,,,,,,,,,,,,,,,,,,,,,,,,,,,,,,,,,,,,
21708,2019,8,15,2,30,12.2,0,0,0,2.4000000000000004,,,,,,,,,,,,,,,,,,,,,,,,,,,,,,,,,,,,
21709,2019,8,15,2,45,12.2,0,0,0,2.4000000000000004,,,,,,,,,,,,,,,,,,,,,,,,,,,,,,,,,,,,
21710,2019,8,15,3,0,12.2,0,0,0,2.5,,,,,,,,,,,,,,,,,,,,,,,,,,,,,,,,,,,,
21711,2019,8,15,3,15,12.1,0,0,0,2.6,,,,,,,,,,,,,,,,,,,,,,,,,,,,,,,,,,,,
21712,2019,8,15,3,30,12.1,0,0,0,2.6,,,,,,,,,,,,,,,,,,,,,,,,,,,,,,,,,,,,
21713,2019,8,15,3,45,12.1,0,0,0,2.7,,,,,,,,,,,,,,,,,,,,,,,,,,,,,,,,,,,,
21714,2019,8,15,4,0,12.0,0,0,0,2.7,,,,,,,,,,,,,,,,,,,,,,,,,,,,,,,,,,,,
21715,2019,8,15,4,15,12.1,0,0,0,2.9000000000000004,,,,,,,,,,,,,,,,,,,,,,,,,,,,,,,,,,,,
21716,2019,8,15,4,30,12.2,0,0,0,3.0,,,,,,,,,,,,,,,,,,,,,,,,,,,,,,,,,,,,
21717,2019,8,15,4,45,12.3,0,0,0,3.1,,,,,,,,,,,,,,,,,,,,,,,,,,,,,,,,,,,,
21718,2019,8,15,5,0,12.4,0,0,0,3.3000000000000003,,,,,,,,,,,,,,,,,,,,,,,,,,,,,,,,,,,,
21719,2019,8,15,5,15,12.7,2,0,2,3.3000000000000003,,,,,,,,,,,,,,,,,,,,,,,,,,,,,,,,,,,,
21720,2019,8,15,5,30,12.9,4,0,4,3.4000000000000004,,,,,,,,,,,,,,,,,,,,,,,,,,,,,,,,,,,,
21721,2019,8,15,5,45,13.2,5,0,5,3.4000000000000004,,,,,,,,,,,,,,,,,,,,,,,,,,,,,,,,,,,,
21722,2019,8,15,6,0,13.4,6,0,6,3.4000000000000004,,,,,,,,,,,,,,,,,,,,,,,,,,,,,,,,,,,,
21723,2019,8,15,6,15,13.7,9,0,9,3.4000000000000004,,,,,,,,,,,,,,,,,,,,,,,,,,,,,,,,,,,,
21724,2019,8,15,6,30,14.1,9,0,9,3.4000000000000004,,,,,,,,,,,,,,,,,,,,,,,,,,,,,,,,,,,,
21725,2019,8,15,6,45,14.4,10,0,10,3.4000000000000004,,,,,,,,,,,,,,,,,,,,,,,,,,,,,,,,,,,,
21726,2019,8,15,7,0,14.7,12,0,12,3.3000000000000003,,,,,,,,,,,,,,,,,,,,,,,,,,,,,,,,,,,,
21727,2019,8,15,7,15,15.1,11,0,11,3.4000000000000004,,,,,,,,,,,,,,,,,,,,,,,,,,,,,,,,,,,,
21728,2019,8,15,7,30,15.5,16,0,16,3.5,,,,,,,,,,,,,,,,,,,,,,,,,,,,,,,,,,,,
21729,2019,8,15,7,45,15.9,19,0,19,3.6,,,,,,,,,,,,,,,,,,,,,,,,,,,,,,,,,,,,
21730,2019,8,15,8,0,16.3,22,0,22,3.7,,,,,,,,,,,,,,,,,,,,,,,,,,,,,,,,,,,,
21731,2019,8,15,8,15,16.7,24,0,24,3.8,,,,,,,,,,,,,,,,,,,,,,,,,,,,,,,,,,,,
21732,2019,8,15,8,30,17.0,27,0,27,3.9,,,,,,,,,,,,,,,,,,,,,,,,,,,,,,,,,,,,
21733,2019,8,15,8,45,17.400000000000002,30,0,30,3.9,,,,,,,,,,,,,,,,,,,,,,,,,,,,,,,,,,,,
21734,2019,8,15,9,0,17.7,27,0,27,4.0,,,,,,,,,,,,,,,,,,,,,,,,,,,,,,,,,,,,
21735,2019,8,15,9,15,18.0,37,0,37,4.1000000000000005,,,,,,,,,,,,,,,,,,,,,,,,,,,,,,,,,,,,
21736,2019,8,15,9,30,18.2,33,0,33,4.1000000000000005,,,,,,,,,,,,,,,,,,,,,,,,,,,,,,,,,,,,
21737,2019,8,15,9,45,18.5,56,0,56,4.2,,,,,,,,,,,,,,,,,,,,,,,,,,,,,,,,,,,,
21738,2019,8,15,10,0,18.8,38,0,38,4.3,,,,,,,,,,,,,,,,,,,,,,,,,,,,,,,,,,,,
21739,2019,8,15,10,15,19.0,60,0,60,4.3,,,,,,,,,,,,,,,,,,,,,,,,,,,,,,,,,,,,
21740,2019,8,15,10,30,19.1,43,0,43,4.4,,,,,,,,,,,,,,,,,,,,,,,,,,,,,,,,,,,,
21741,2019,8,15,10,45,19.3,87,0,87,4.5,,,,,,,,,,,,,,,,,,,,,,,,,,,,,,,,,,,,
21742,2019,8,15,11,0,19.5,46,0,46,4.6000000000000005,,,,,,,,,,,,,,,,,,,,,,,,,,,,,,,,,,,,
21743,2019,8,15,11,15,19.6,59,0,59,4.6000000000000005,,,,,,,,,,,,,,,,,,,,,,,,,,,,,,,,,,,,
21744,2019,8,15,11,30,19.8,107,0,107,4.7,,,,,,,,,,,,,,,,,,,,,,,,,,,,,,,,,,,,
21745,2019,8,15,11,45,19.9,147,1,148,4.7,,,,,,,,,,,,,,,,,,,,,,,,,,,,,,,,,,,,
21746,2019,8,15,12,0,20.0,57,0,57,4.800000000000001,,,,,,,,,,,,,,,,,,,,,,,,,,,,,,,,,,,,
21747,2019,8,15,12,15,20.1,241,13,251,4.800000000000001,,,,,,,,,,,,,,,,,,,,,,,,,,,,,,,,,,,,
21748,2019,8,15,12,30,20.200000000000003,286,22,303,4.800000000000001,,,,,,,,,,,,,,,,,,,,,,,,,,,,,,,,,,,,
21749,2019,8,15,12,45,20.200000000000003,359,76,418,4.800000000000001,,,,,,,,,,,,,,,,,,,,,,,,,,,,,,,,,,,,
21750,2019,8,15,13,0,20.3,364,94,437,4.800000000000001,,,,,,,,,,,,,,,,,,,,,,,,,,,,,,,,,,,,
21751,2019,8,15,13,15,20.4,357,88,425,4.7,,,,,,,,,,,,,,,,,,,,,,,,,,,,,,,,,,,,
21752,2019,8,15,13,30,20.5,219,10,226,4.7,,,,,,,,,,,,,,,,,,,,,,,,,,,,,,,,,,,,
21753,2019,8,15,13,45,20.6,213,9,219,4.7,,,,,,,,,,,,,,,,,,,,,,,,,,,,,,,,,,,,
21754,2019,8,15,14,0,20.700000000000003,177,5,181,4.6000000000000005,,,,,,,,,,,,,,,,,,,,,,,,,,,,,,,,,,,,
21755,2019,8,15,14,15,20.8,102,0,102,4.6000000000000005,,,,,,,,,,,,,,,,,,,,,,,,,,,,,,,,,,,,
21756,2019,8,15,14,30,20.9,96,0,96,4.5,,,,,,,,,,,,,,,,,,,,,,,,,,,,,,,,,,,,
21757,2019,8,15,14,45,20.9,190,6,195,4.5,,,,,,,,,,,,,,,,,,,,,,,,,,,,,,,,,,,,
21758,2019,8,15,15,0,21.0,257,37,281,4.4,,,,,,,,,,,,,,,,,,,,,,,,,,,,,,,,,,,,
21759,2019,8,15,15,15,21.0,277,108,344,4.3,,,,,,,,,,,,,,,,,,,,,,,,,,,,,,,,,,,,
21760,2019,8,15,15,30,21.0,261,207,384,4.2,,,,,,,,,,,,,,,,,,,,,,,,,,,,,,,,,,,,
21761,2019,8,15,15,45,21.0,237,261,383,4.1000000000000005,,,,,,,,,,,,,,,,,,,,,,,,,,,,,,,,,,,,
21762,2019,8,15,16,0,20.9,214,291,369,4.0,,,,,,,,,,,,,,,,,,,,,,,,,,,,,,,,,,,,
21763,2019,8,15,16,15,20.8,207,222,318,3.8,,,,,,,,,,,,,,,,,,,,,,,,,,,,,,,,,,,,
21764,2019,8,15,16,30,20.700000000000003,188,229,295,3.6,,,,,,,,,,,,,,,,,,,,,,,,,,,,,,,,,,,,
21765,2019,8,15,16,45,20.6,173,74,204,3.3000000000000003,,,,,,,,,,,,,,,,,,,,,,,,,,,,,,,,,,,,
21766,2019,8,15,17,0,20.5,158,111,202,3.1,,,,,,,,,,,,,,,,,,,,,,,,,,,,,,,,,,,,
21767,2019,8,15,17,15,20.1,121,9,124,2.8000000000000003,,,,,,,,,,,,,,,,,,,,,,,,,,,,,,,,,,,,
21768,2019,8,15,17,30,19.8,85,0,85,2.5,,,,,,,,,,,,,,,,,,,,,,,,,,,,,,,,,,,,
21769,2019,8,15,17,45,19.5,105,133,142,2.2,,,,,,,,,,,,,,,,,,,,,,,,,,,,,,,,,,,,
21770,2019,8,15,18,0,19.1,57,0,57,1.9,,,,,,,,,,,,,,,,,,,,,,,,,,,,,,,,,,,,
21771,2019,8,15,18,15,18.8,72,84,89,1.9,,,,,,,,,,,,,,,,,,,,,,,,,,,,,,,,,,,,
21772,2019,8,15,18,30,18.4,35,0,35,1.9,,,,,,,,,,,,,,,,,,,,,,,,,,,,,,,,,,,,
21773,2019,8,15,18,45,18.0,41,33,45,1.9,,,,,,,,,,,,,,,,,,,,,,,,,,,,,,,,,,,,
21774,2019,8,15,19,0,17.6,17,0,17,1.9,,,,,,,,,,,,,,,,,,,,,,,,,,,,,,,,,,,,
21775,2019,8,15,19,15,17.400000000000002,10,0,10,2.0,,,,,,,,,,,,,,,,,,,,,,,,,,,,,,,,,,,,
21776,2019,8,15,19,30,17.3,0,0,0,2.2,,,,,,,,,,,,,,,,,,,,,,,,,,,,,,,,,,,,
21777,2019,8,15,19,45,17.1,0,0,0,2.3000000000000003,,,,,,,,,,,,,,,,,,,,,,,,,,,,,,,,,,,,
21778,2019,8,15,20,0,17.0,0,0,0,2.4000000000000004,,,,,,,,,,,,,,,,,,,,,,,,,,,,,,,,,,,,
21779,2019,8,15,20,15,16.8,0,0,0,2.5,,,,,,,,,,,,,,,,,,,,,,,,,,,,,,,,,,,,
21780,2019,8,15,20,30,16.7,0,0,0,2.5,,,,,,,,,,,,,,,,,,,,,,,,,,,,,,,,,,,,
21781,2019,8,15,20,45,16.5,0,0,0,2.6,,,,,,,,,,,,,,,,,,,,,,,,,,,,,,,,,,,,
21782,2019,8,15,21,0,16.400000000000002,0,0,0,2.6,,,,,,,,,,,,,,,,,,,,,,,,,,,,,,,,,,,,
21783,2019,8,15,21,15,16.3,0,0,0,2.6,,,,,,,,,,,,,,,,,,,,,,,,,,,,,,,,,,,,
21784,2019,8,15,21,30,16.1,0,0,0,2.7,,,,,,,,,,,,,,,,,,,,,,,,,,,,,,,,,,,,
21785,2019,8,15,21,45,16.0,0,0,0,2.7,,,,,,,,,,,,,,,,,,,,,,,,,,,,,,,,,,,,
21786,2019,8,15,22,0,15.9,0,0,0,2.7,,,,,,,,,,,,,,,,,,,,,,,,,,,,,,,,,,,,
21787,2019,8,15,22,15,15.7,0,0,0,2.7,,,,,,,,,,,,,,,,,,,,,,,,,,,,,,,,,,,,
21788,2019,8,15,22,30,15.5,0,0,0,2.7,,,,,,,,,,,,,,,,,,,,,,,,,,,,,,,,,,,,
21789,2019,8,15,22,45,15.4,0,0,0,2.7,,,,,,,,,,,,,,,,,,,,,,,,,,,,,,,,,,,,
21790,2019,8,15,23,0,15.2,0,0,0,2.7,,,,,,,,,,,,,,,,,,,,,,,,,,,,,,,,,,,,
21791,2019,8,15,23,15,15.0,0,0,0,2.6,,,,,,,,,,,,,,,,,,,,,,,,,,,,,,,,,,,,
21792,2019,8,15,23,30,14.8,0,0,0,2.6,,,,,,,,,,,,,,,,,,,,,,,,,,,,,,,,,,,,
21793,2019,8,15,23,45,14.6,0,0,0,2.6,,,,,,,,,,,,,,,,,,,,,,,,,,,,,,,,,,,,
21794,2019,8,16,0,0,14.4,0,0,0,2.5,,,,,,,,,,,,,,,,,,,,,,,,,,,,,,,,,,,,
21795,2019,8,16,0,15,14.4,0,0,0,2.5,,,,,,,,,,,,,,,,,,,,,,,,,,,,,,,,,,,,
21796,2019,8,16,0,30,14.4,0,0,0,2.5,,,,,,,,,,,,,,,,,,,,,,,,,,,,,,,,,,,,
21797,2019,8,16,0,45,14.4,0,0,0,2.5,,,,,,,,,,,,,,,,,,,,,,,,,,,,,,,,,,,,
21798,2019,8,16,1,0,13.7,0,0,0,2.4000000000000004,,,,,,,,,,,,,,,,,,,,,,,,,,,,,,,,,,,,
21799,2019,8,16,1,15,13.6,0,0,0,2.4000000000000004,,,,,,,,,,,,,,,,,,,,,,,,,,,,,,,,,,,,
21800,2019,8,16,1,30,13.4,0,0,0,2.4000000000000004,,,,,,,,,,,,,,,,,,,,,,,,,,,,,,,,,,,,
21801,2019,8,16,1,45,13.3,0,0,0,2.3000000000000003,,,,,,,,,,,,,,,,,,,,,,,,,,,,,,,,,,,,
21802,2019,8,16,2,0,13.2,0,0,0,2.3000000000000003,,,,,,,,,,,,,,,,,,,,,,,,,,,,,,,,,,,,
21803,2019,8,16,2,15,13.1,0,0,0,2.3000000000000003,,,,,,,,,,,,,,,,,,,,,,,,,,,,,,,,,,,,
21804,2019,8,16,2,30,13.0,0,0,0,2.3000000000000003,,,,,,,,,,,,,,,,,,,,,,,,,,,,,,,,,,,,
21805,2019,8,16,2,45,12.9,0,0,0,2.3000000000000003,,,,,,,,,,,,,,,,,,,,,,,,,,,,,,,,,,,,
21806,2019,8,16,3,0,12.8,0,0,0,2.2,,,,,,,,,,,,,,,,,,,,,,,,,,,,,,,,,,,,
21807,2019,8,16,3,15,12.7,0,0,0,2.2,,,,,,,,,,,,,,,,,,,,,,,,,,,,,,,,,,,,
21808,2019,8,16,3,30,12.6,0,0,0,2.2,,,,,,,,,,,,,,,,,,,,,,,,,,,,,,,,,,,,
21809,2019,8,16,3,45,12.5,0,0,0,2.2,,,,,,,,,,,,,,,,,,,,,,,,,,,,,,,,,,,,
21810,2019,8,16,4,0,12.5,0,0,0,2.2,,,,,,,,,,,,,,,,,,,,,,,,,,,,,,,,,,,,
21811,2019,8,16,4,15,12.6,0,0,0,2.3000000000000003,,,,,,,,,,,,,,,,,,,,,,,,,,,,,,,,,,,,
21812,2019,8,16,4,30,12.7,0,0,0,2.4000000000000004,,,,,,,,,,,,,,,,,,,,,,,,,,,,,,,,,,,,
21813,2019,8,16,4,45,12.8,0,0,0,2.5,,,,,,,,,,,,,,,,,,,,,,,,,,,,,,,,,,,,
21814,2019,8,16,5,0,12.9,0,0,0,2.6,,,,,,,,,,,,,,,,,,,,,,,,,,,,,,,,,,,,
21815,2019,8,16,5,15,13.2,6,13,7,2.7,,,,,,,,,,,,,,,,,,,,,,,,,,,,,,,,,,,,
21816,2019,8,16,5,30,13.6,19,0,19,2.9000000000000004,,,,,,,,,,,,,,,,,,,,,,,,,,,,,,,,,,,,
21817,2019,8,16,5,45,14.0,33,9,34,3.0,,,,,,,,,,,,,,,,,,,,,,,,,,,,,,,,,,,,
21818,2019,8,16,6,0,14.3,43,338,91,3.2,,,,,,,,,,,,,,,,,,,,,,,,,,,,,,,,,,,,
21819,2019,8,16,6,15,14.9,52,407,125,3.4000000000000004,,,,,,,,,,,,,,,,,,,,,,,,,,,,,,,,,,,,
21820,2019,8,16,6,30,15.4,60,466,162,3.5,,,,,,,,,,,,,,,,,,,,,,,,,,,,,,,,,,,,
21821,2019,8,16,6,45,15.9,64,534,202,3.7,,,,,,,,,,,,,,,,,,,,,,,,,,,,,,,,,,,,
21822,2019,8,16,7,0,16.400000000000002,113,126,151,3.9,,,,,,,,,,,,,,,,,,,,,,,,,,,,,,,,,,,,
21823,2019,8,16,7,15,16.900000000000002,130,150,181,4.0,,,,,,,,,,,,,,,,,,,,,,,,,,,,,,,,,,,,
21824,2019,8,16,7,30,17.3,80,650,322,4.0,,,,,,,,,,,,,,,,,,,,,,,,,,,,,,,,,,,,
21825,2019,8,16,7,45,17.8,79,696,364,4.1000000000000005,,,,,,,,,,,,,,,,,,,,,,,,,,,,,,,,,,,,
21826,2019,8,16,8,0,18.3,83,723,405,4.2,,,,,,,,,,,,,,,,,,,,,,,,,,,,,,,,,,,,
21827,2019,8,16,8,15,18.7,86,744,444,4.2,,,,,,,,,,,,,,,,,,,,,,,,,,,,,,,,,,,,
21828,2019,8,16,8,30,19.1,89,763,482,4.3,,,,,,,,,,,,,,,,,,,,,,,,,,,,,,,,,,,,
21829,2019,8,16,8,45,19.4,89,791,521,4.3,,,,,,,,,,,,,,,,,,,,,,,,,,,,,,,,,,,,
21830,2019,8,16,9,0,19.8,91,808,557,4.3,,,,,,,,,,,,,,,,,,,,,,,,,,,,,,,,,,,,
21831,2019,8,16,9,15,20.1,258,269,422,4.3,,,,,,,,,,,,,,,,,,,,,,,,,,,,,,,,,,,,
21832,2019,8,16,9,30,20.4,272,279,448,4.3,,,,,,,,,,,,,,,,,,,,,,,,,,,,,,,,,,,,
21833,2019,8,16,9,45,20.700000000000003,284,287,474,4.3,,,,,,,,,,,,,,,,,,,,,,,,,,,,,,,,,,,,
21834,2019,8,16,10,0,21.1,296,295,497,4.3,,,,,,,,,,,,,,,,,,,,,,,,,,,,,,,,,,,,
21835,2019,8,16,10,15,21.3,307,302,519,4.2,,,,,,,,,,,,,,,,,,,,,,,,,,,,,,,,,,,,
21836,2019,8,16,10,30,21.6,338,155,450,4.2,,,,,,,,,,,,,,,,,,,,,,,,,,,,,,,,,,,,
21837,2019,8,16,10,45,21.8,348,158,465,4.1000000000000005,,,,,,,,,,,,,,,,,,,,,,,,,,,,,,,,,,,,
21838,2019,8,16,11,0,22.1,357,162,478,4.1000000000000005,,,,,,,,,,,,,,,,,,,,,,,,,,,,,,,,,,,,
21839,2019,8,16,11,15,22.3,364,164,490,4.0,,,,,,,,,,,,,,,,,,,,,,,,,,,,,,,,,,,,
21840,2019,8,16,11,30,22.5,370,166,499,3.9,,,,,,,,,,,,,,,,,,,,,,,,,,,,,,,,,,,,
21841,2019,8,16,11,45,22.700000000000003,374,168,505,3.9,,,,,,,,,,,,,,,,,,,,,,,,,,,,,,,,,,,,
21842,2019,8,16,12,0,23.0,377,171,511,3.8,,,,,,,,,,,,,,,,,,,,,,,,,,,,,,,,,,,,
21843,2019,8,16,12,15,23.1,378,172,513,3.7,,,,,,,,,,,,,,,,,,,,,,,,,,,,,,,,,,,,
21844,2019,8,16,12,30,23.3,377,171,512,3.7,,,,,,,,,,,,,,,,,,,,,,,,,,,,,,,,,,,,
21845,2019,8,16,12,45,23.5,375,171,510,3.6,,,,,,,,,,,,,,,,,,,,,,,,,,,,,,,,,,,,
21846,2019,8,16,13,0,23.700000000000003,372,170,504,3.5,,,,,,,,,,,,,,,,,,,,,,,,,,,,,,,,,,,,
21847,2019,8,16,13,15,23.8,367,168,496,3.5,,,,,,,,,,,,,,,,,,,,,,,,,,,,,,,,,,,,
21848,2019,8,16,13,30,23.9,360,166,486,3.4000000000000004,,,,,,,,,,,,,,,,,,,,,,,,,,,,,,,,,,,,
21849,2019,8,16,13,45,24.0,352,166,476,3.3000000000000003,,,,,,,,,,,,,,,,,,,,,,,,,,,,,,,,,,,,
21850,2019,8,16,14,0,24.1,342,138,443,3.2,,,,,,,,,,,,,,,,,,,,,,,,,,,,,,,,,,,,
21851,2019,8,16,14,15,24.1,331,175,456,3.1,,,,,,,,,,,,,,,,,,,,,,,,,,,,,,,,,,,,
21852,2019,8,16,14,30,24.1,318,200,456,3.0,,,,,,,,,,,,,,,,,,,,,,,,,,,,,,,,,,,,
21853,2019,8,16,14,45,24.0,306,132,394,3.0,,,,,,,,,,,,,,,,,,,,,,,,,,,,,,,,,,,,
21854,2019,8,16,15,0,24.0,293,154,392,2.9000000000000004,,,,,,,,,,,,,,,,,,,,,,,,,,,,,,,,,,,,
21855,2019,8,16,15,15,23.8,256,54,289,2.8000000000000003,,,,,,,,,,,,,,,,,,,,,,,,,,,,,,,,,,,,
21856,2019,8,16,15,30,23.700000000000003,257,219,386,2.7,,,,,,,,,,,,,,,,,,,,,,,,,,,,,,,,,,,,
21857,2019,8,16,15,45,23.5,245,144,325,2.6,,,,,,,,,,,,,,,,,,,,,,,,,,,,,,,,,,,,
21858,2019,8,16,16,0,23.3,226,112,285,2.5,,,,,,,,,,,,,,,,,,,,,,,,,,,,,,,,,,,,
21859,2019,8,16,16,15,23.1,181,365,361,2.3000000000000003,,,,,,,,,,,,,,,,,,,,,,,,,,,,,,,,,,,,
21860,2019,8,16,16,30,22.9,172,326,321,2.1,,,,,,,,,,,,,,,,,,,,,,,,,,,,,,,,,,,,
21861,2019,8,16,16,45,22.700000000000003,129,463,325,1.9,,,,,,,,,,,,,,,,,,,,,,,,,,,,,,,,,,,,
21862,2019,8,16,17,0,22.5,130,373,275,1.7000000000000002,,,,,,,,,,,,,,,,,,,,,,,,,,,,,,,,,,,,
21863,2019,8,16,17,15,22.1,130,246,216,1.5,,,,,,,,,,,,,,,,,,,,,,,,,,,,,,,,,,,,
21864,2019,8,16,17,30,21.6,95,0,95,1.2000000000000002,,,,,,,,,,,,,,,,,,,,,,,,,,,,,,,,,,,,
21865,2019,8,16,17,45,21.200000000000003,87,333,179,0.9,,,,,,,,,,,,,,,,,,,,,,,,,,,,,,,,,,,,
21866,2019,8,16,18,0,20.8,75,305,146,0.6000000000000001,,,,,,,,,,,,,,,,,,,,,,,,,,,,,,,,,,,,
21867,2019,8,16,18,15,20.5,65,2,65,0.6000000000000001,,,,,,,,,,,,,,,,,,,,,,,,,,,,,,,,,,,,
21868,2019,8,16,18,30,20.3,47,0,47,0.5,,,,,,,,,,,,,,,,,,,,,,,,,,,,,,,,,,,,
21869,2019,8,16,18,45,20.0,32,0,32,0.5,,,,,,,,,,,,,,,,,,,,,,,,,,,,,,,,,,,,
21870,2019,8,16,19,0,19.8,19,0,19,0.4,,,,,,,,,,,,,,,,,,,,,,,,,,,,,,,,,,,,
21871,2019,8,16,19,15,19.4,15,58,18,0.5,,,,,,,,,,,,,,,,,,,,,,,,,,,,,,,,,,,,
21872,2019,8,16,19,30,19.0,0,0,0,0.6000000000000001,,,,,,,,,,,,,,,,,,,,,,,,,,,,,,,,,,,,
21873,2019,8,16,19,45,18.6,0,0,0,0.7000000000000001,,,,,,,,,,,,,,,,,,,,,,,,,,,,,,,,,,,,
21874,2019,8,16,20,0,18.1,0,0,0,0.8,,,,,,,,,,,,,,,,,,,,,,,,,,,,,,,,,,,,
21875,2019,8,16,20,15,17.7,0,0,0,0.9,,,,,,,,,,,,,,,,,,,,,,,,,,,,,,,,,,,,
21876,2019,8,16,20,30,17.2,0,0,0,0.9,,,,,,,,,,,,,,,,,,,,,,,,,,,,,,,,,,,,
21877,2019,8,16,20,45,16.7,0,0,0,1.0,,,,,,,,,,,,,,,,,,,,,,,,,,,,,,,,,,,,
21878,2019,8,16,21,0,16.2,0,0,0,1.1,,,,,,,,,,,,,,,,,,,,,,,,,,,,,,,,,,,,
21879,2019,8,16,21,15,16.1,0,0,0,1.1,,,,,,,,,,,,,,,,,,,,,,,,,,,,,,,,,,,,
21880,2019,8,16,21,30,15.9,0,0,0,1.1,,,,,,,,,,,,,,,,,,,,,,,,,,,,,,,,,,,,
21881,2019,8,16,21,45,15.8,0,0,0,1.2000000000000002,,,,,,,,,,,,,,,,,,,,,,,,,,,,,,,,,,,,
21882,2019,8,16,22,0,15.6,0,0,0,1.2000000000000002,,,,,,,,,,,,,,,,,,,,,,,,,,,,,,,,,,,,
21883,2019,8,16,22,15,15.6,0,0,0,1.3,,,,,,,,,,,,,,,,,,,,,,,,,,,,,,,,,,,,
21884,2019,8,16,22,30,15.6,0,0,0,1.3,,,,,,,,,,,,,,,,,,,,,,,,,,,,,,,,,,,,
21885,2019,8,16,22,45,15.6,0,0,0,1.4,,,,,,,,,,,,,,,,,,,,,,,,,,,,,,,,,,,,
21886,2019,8,16,23,0,15.6,0,0,0,1.5,,,,,,,,,,,,,,,,,,,,,,,,,,,,,,,,,,,,
21887,2019,8,16,23,15,15.6,0,0,0,1.5,,,,,,,,,,,,,,,,,,,,,,,,,,,,,,,,,,,,
21888,2019,8,16,23,30,15.6,0,0,0,1.6,,,,,,,,,,,,,,,,,,,,,,,,,,,,,,,,,,,,
21889,2019,8,16,23,45,15.5,0,0,0,1.6,,,,,,,,,,,,,,,,,,,,,,,,,,,,,,,,,,,,
21890,2019,8,17,0,0,15.5,0,0,0,1.7000000000000002,,,,,,,,,,,,,,,,,,,,,,,,,,,,,,,,,,,,
21891,2019,8,17,0,15,15.5,0,0,0,1.7000000000000002,,,,,,,,,,,,,,,,,,,,,,,,,,,,,,,,,,,,
21892,2019,8,17,0,30,15.5,0,0,0,1.7000000000000002,,,,,,,,,,,,,,,,,,,,,,,,,,,,,,,,,,,,
21893,2019,8,17,0,45,15.5,0,0,0,1.7000000000000002,,,,,,,,,,,,,,,,,,,,,,,,,,,,,,,,,,,,
21894,2019,8,17,1,0,15.4,0,0,0,1.8,,,,,,,,,,,,,,,,,,,,,,,,,,,,,,,,,,,,
21895,2019,8,17,1,15,15.4,0,0,0,1.9,,,,,,,,,,,,,,,,,,,,,,,,,,,,,,,,,,,,
21896,2019,8,17,1,30,15.4,0,0,0,1.9,,,,,,,,,,,,,,,,,,,,,,,,,,,,,,,,,,,,
21897,2019,8,17,1,45,15.3,0,0,0,2.0,,,,,,,,,,,,,,,,,,,,,,,,,,,,,,,,,,,,
21898,2019,8,17,2,0,15.3,0,0,0,2.0,,,,,,,,,,,,,,,,,,,,,,,,,,,,,,,,,,,,
21899,2019,8,17,2,15,15.2,0,0,0,2.0,,,,,,,,,,,,,,,,,,,,,,,,,,,,,,,,,,,,
21900,2019,8,17,2,30,15.2,0,0,0,2.1,,,,,,,,,,,,,,,,,,,,,,,,,,,,,,,,,,,,
21901,2019,8,17,2,45,15.1,0,0,0,2.1,,,,,,,,,,,,,,,,,,,,,,,,,,,,,,,,,,,,
21902,2019,8,17,3,0,15.0,0,0,0,2.1,,,,,,,,,,,,,,,,,,,,,,,,,,,,,,,,,,,,
21903,2019,8,17,3,15,14.9,0,0,0,2.2,,,,,,,,,,,,,,,,,,,,,,,,,,,,,,,,,,,,
21904,2019,8,17,3,30,14.9,0,0,0,2.2,,,,,,,,,,,,,,,,,,,,,,,,,,,,,,,,,,,,
21905,2019,8,17,3,45,14.8,0,0,0,2.2,,,,,,,,,,,,,,,,,,,,,,,,,,,,,,,,,,,,
21906,2019,8,17,4,0,14.7,0,0,0,2.3000000000000003,,,,,,,,,,,,,,,,,,,,,,,,,,,,,,,,,,,,
21907,2019,8,17,4,15,14.7,0,0,0,2.4000000000000004,,,,,,,,,,,,,,,,,,,,,,,,,,,,,,,,,,,,
21908,2019,8,17,4,30,14.8,0,0,0,2.5,,,,,,,,,,,,,,,,,,,,,,,,,,,,,,,,,,,,
21909,2019,8,17,4,45,14.8,0,0,0,2.6,,,,,,,,,,,,,,,,,,,,,,,,,,,,,,,,,,,,
21910,2019,8,17,5,0,14.8,0,0,0,2.8000000000000003,,,,,,,,,,,,,,,,,,,,,,,,,,,,,,,,,,,,
21911,2019,8,17,5,15,14.9,11,71,13,2.8000000000000003,,,,,,,,,,,,,,,,,,,,,,,,,,,,,,,,,,,,
21912,2019,8,17,5,30,15.0,19,0,19,2.9000000000000004,,,,,,,,,,,,,,,,,,,,,,,,,,,,,,,,,,,,
21913,2019,8,17,5,45,15.1,32,14,33,2.9000000000000004,,,,,,,,,,,,,,,,,,,,,,,,,,,,,,,,,,,,
21914,2019,8,17,6,0,15.2,46,27,50,3.0,,,,,,,,,,,,,,,,,,,,,,,,,,,,,,,,,,,,
21915,2019,8,17,6,15,15.5,9,0,9,3.0,,,,,,,,,,,,,,,,,,,,,,,,,,,,,,,,,,,,
21916,2019,8,17,6,30,15.9,11,0,11,3.1,,,,,,,,,,,,,,,,,,,,,,,,,,,,,,,,,,,,
21917,2019,8,17,6,45,16.2,14,0,14,3.1,,,,,,,,,,,,,,,,,,,,,,,,,,,,,,,,,,,,
21918,2019,8,17,7,0,16.5,17,0,17,3.2,,,,,,,,,,,,,,,,,,,,,,,,,,,,,,,,,,,,
21919,2019,8,17,7,15,17.1,20,0,20,3.2,,,,,,,,,,,,,,,,,,,,,,,,,,,,,,,,,,,,
21920,2019,8,17,7,30,17.8,24,0,24,3.3000000000000003,,,,,,,,,,,,,,,,,,,,,,,,,,,,,,,,,,,,
21921,2019,8,17,7,45,18.5,28,0,28,3.4000000000000004,,,,,,,,,,,,,,,,,,,,,,,,,,,,,,,,,,,,
21922,2019,8,17,8,0,19.1,31,0,31,3.4000000000000004,,,,,,,,,,,,,,,,,,,,,,,,,,,,,,,,,,,,
21923,2019,8,17,8,15,20.0,35,0,35,3.6,,,,,,,,,,,,,,,,,,,,,,,,,,,,,,,,,,,,
21924,2019,8,17,8,30,20.9,39,0,39,3.9,,,,,,,,,,,,,,,,,,,,,,,,,,,,,,,,,,,,
21925,2019,8,17,8,45,21.700000000000003,43,0,43,4.1000000000000005,,,,,,,,,,,,,,,,,,,,,,,,,,,,,,,,,,,,
21926,2019,8,17,9,0,22.6,46,0,46,4.3,,,,,,,,,,,,,,,,,,,,,,,,,,,,,,,,,,,,
21927,2019,8,17,9,15,23.0,49,0,49,4.4,,,,,,,,,,,,,,,,,,,,,,,,,,,,,,,,,,,,
21928,2019,8,17,9,30,23.4,52,0,52,4.5,,,,,,,,,,,,,,,,,,,,,,,,,,,,,,,,,,,,
21929,2019,8,17,9,45,23.8,54,0,54,4.6000000000000005,,,,,,,,,,,,,,,,,,,,,,,,,,,,,,,,,,,,
21930,2019,8,17,10,0,24.200000000000003,188,6,192,4.800000000000001,,,,,,,,,,,,,,,,,,,,,,,,,,,,,,,,,,,,
21931,2019,8,17,10,15,24.3,308,70,357,4.800000000000001,,,,,,,,,,,,,,,,,,,,,,,,,,,,,,,,,,,,
21932,2019,8,17,10,30,24.4,331,226,494,4.9,,,,,,,,,,,,,,,,,,,,,,,,,,,,,,,,,,,,
21933,2019,8,17,10,45,24.5,327,70,379,5.0,,,,,,,,,,,,,,,,,,,,,,,,,,,,,,,,,,,,
21934,2019,8,17,11,0,24.6,256,17,268,5.0,,,,,,,,,,,,,,,,,,,,,,,,,,,,,,,,,,,,
21935,2019,8,17,11,15,24.8,178,5,182,5.1000000000000005,,,,,,,,,,,,,,,,,,,,,,,,,,,,,,,,,,,,
21936,2019,8,17,11,30,25.0,362,233,542,5.1000000000000005,,,,,,,,,,,,,,,,,,,,,,,,,,,,,,,,,,,,
21937,2019,8,17,11,45,25.200000000000003,372,191,520,5.2,,,,,,,,,,,,,,,,,,,,,,,,,,,,,,,,,,,,
21938,2019,8,17,12,0,25.3,373,203,532,5.2,,,,,,,,,,,,,,,,,,,,,,,,,,,,,,,,,,,,
21939,2019,8,17,12,15,25.4,358,76,417,5.2,,,,,,,,,,,,,,,,,,,,,,,,,,,,,,,,,,,,
21940,2019,8,17,12,30,25.4,347,61,394,5.2,,,,,,,,,,,,,,,,,,,,,,,,,,,,,,,,,,,,
21941,2019,8,17,12,45,25.5,369,114,459,5.2,,,,,,,,,,,,,,,,,,,,,,,,,,,,,,,,,,,,
21942,2019,8,17,13,0,25.5,370,139,477,5.2,,,,,,,,,,,,,,,,,,,,,,,,,,,,,,,,,,,,
21943,2019,8,17,13,15,25.4,360,224,532,5.1000000000000005,,,,,,,,,,,,,,,,,,,,,,,,,,,,,,,,,,,,
21944,2019,8,17,13,30,25.200000000000003,319,47,354,5.1000000000000005,,,,,,,,,,,,,,,,,,,,,,,,,,,,,,,,,,,,
21945,2019,8,17,13,45,25.1,311,370,585,5.0,,,,,,,,,,,,,,,,,,,,,,,,,,,,,,,,,,,,
21946,2019,8,17,14,0,24.9,241,525,623,5.0,,,,,,,,,,,,,,,,,,,,,,,,,,,,,,,,,,,,
21947,2019,8,17,14,15,24.8,289,379,558,5.0,,,,,,,,,,,,,,,,,,,,,,,,,,,,,,,,,,,,
21948,2019,8,17,14,30,24.700000000000003,288,341,523,5.0,,,,,,,,,,,,,,,,,,,,,,,,,,,,,,,,,,,,
21949,2019,8,17,14,45,24.5,286,63,327,5.0,,,,,,,,,,,,,,,,,,,,,,,,,,,,,,,,,,,,
21950,2019,8,17,15,0,24.4,288,203,418,5.0,,,,,,,,,,,,,,,,,,,,,,,,,,,,,,,,,,,,
21951,2019,8,17,15,15,24.200000000000003,260,64,299,5.0,,,,,,,,,,,,,,,,,,,,,,,,,,,,,,,,,,,,
21952,2019,8,17,15,30,24.1,114,0,114,5.0,,,,,,,,,,,,,,,,,,,,,,,,,,,,,,,,,,,,
21953,2019,8,17,15,45,24.0,239,92,290,5.0,,,,,,,,,,,,,,,,,,,,,,,,,,,,,,,,,,,,
21954,2019,8,17,16,0,23.8,207,44,230,5.0,,,,,,,,,,,,,,,,,,,,,,,,,,,,,,,,,,,,
21955,2019,8,17,16,15,23.5,206,97,254,4.800000000000001,,,,,,,,,,,,,,,,,,,,,,,,,,,,,,,,,,,,
21956,2019,8,17,16,30,23.1,185,71,217,4.6000000000000005,,,,,,,,,,,,,,,,,,,,,,,,,,,,,,,,,,,,
21957,2019,8,17,16,45,22.700000000000003,25,0,25,4.3,,,,,,,,,,,,,,,,,,,,,,,,,,,,,,,,,,,,
21958,2019,8,17,17,0,22.4,121,0,121,4.1000000000000005,,,,,,,,,,,,,,,,,,,,,,,,,,,,,,,,,,,,
21959,2019,8,17,17,15,22.0,51,0,51,3.8,,,,,,,,,,,,,,,,,,,,,,,,,,,,,,,,,,,,
21960,2019,8,17,17,30,21.700000000000003,56,0,56,3.6,,,,,,,,,,,,,,,,,,,,,,,,,,,,,,,,,,,,
21961,2019,8,17,17,45,21.3,9,0,9,3.3000000000000003,,,,,,,,,,,,,,,,,,,,,,,,,,,,,,,,,,,,
21962,2019,8,17,18,0,21.0,8,0,8,3.0,,,,,,,,,,,,,,,,,,,,,,,,,,,,,,,,,,,,
21963,2019,8,17,18,15,20.5,6,0,6,2.8000000000000003,,,,,,,,,,,,,,,,,,,,,,,,,,,,,,,,,,,,
21964,2019,8,17,18,30,20.1,6,0,6,2.6,,,,,,,,,,,,,,,,,,,,,,,,,,,,,,,,,,,,
21965,2019,8,17,18,45,19.6,5,0,5,2.3000000000000003,,,,,,,,,,,,,,,,,,,,,,,,,,,,,,,,,,,,
21966,2019,8,17,19,0,19.200000000000003,4,0,4,2.1,,,,,,,,,,,,,,,,,,,,,,,,,,,,,,,,,,,,
21967,2019,8,17,19,15,19.0,3,0,3,2.1,,,,,,,,,,,,,,,,,,,,,,,,,,,,,,,,,,,,
21968,2019,8,17,19,30,18.8,0,0,0,2.1,,,,,,,,,,,,,,,,,,,,,,,,,,,,,,,,,,,,
21969,2019,8,17,19,45,18.6,0,0,0,2.1,,,,,,,,,,,,,,,,,,,,,,,,,,,,,,,,,,,,
21970,2019,8,17,20,0,18.4,0,0,0,2.1,,,,,,,,,,,,,,,,,,,,,,,,,,,,,,,,,,,,
21971,2019,8,17,20,15,18.3,0,0,0,2.2,,,,,,,,,,,,,,,,,,,,,,,,,,,,,,,,,,,,
21972,2019,8,17,20,30,18.2,0,0,0,2.2,,,,,,,,,,,,,,,,,,,,,,,,,,,,,,,,,,,,
21973,2019,8,17,20,45,18.2,0,0,0,2.3000000000000003,,,,,,,,,,,,,,,,,,,,,,,,,,,,,,,,,,,,
21974,2019,8,17,21,0,18.1,0,0,0,2.4000000000000004,,,,,,,,,,,,,,,,,,,,,,,,,,,,,,,,,,,,
21975,2019,8,17,21,15,18.0,0,0,0,2.4000000000000004,,,,,,,,,,,,,,,,,,,,,,,,,,,,,,,,,,,,
21976,2019,8,17,21,30,17.900000000000002,0,0,0,2.4000000000000004,,,,,,,,,,,,,,,,,,,,,,,,,,,,,,,,,,,,
21977,2019,8,17,21,45,17.8,0,0,0,2.4000000000000004,,,,,,,,,,,,,,,,,,,,,,,,,,,,,,,,,,,,
21978,2019,8,17,22,0,17.6,0,0,0,2.5,,,,,,,,,,,,,,,,,,,,,,,,,,,,,,,,,,,,
21979,2019,8,17,22,15,17.5,0,0,0,2.4000000000000004,,,,,,,,,,,,,,,,,,,,,,,,,,,,,,,,,,,,
21980,2019,8,17,22,30,17.400000000000002,0,0,0,2.4000000000000004,,,,,,,,,,,,,,,,,,,,,,,,,,,,,,,,,,,,
21981,2019,8,17,22,45,17.3,0,0,0,2.4000000000000004,,,,,,,,,,,,,,,,,,,,,,,,,,,,,,,,,,,,
21982,2019,8,17,23,0,17.2,0,0,0,2.4000000000000004,,,,,,,,,,,,,,,,,,,,,,,,,,,,,,,,,,,,
21983,2019,8,17,23,15,17.1,0,0,0,2.3000000000000003,,,,,,,,,,,,,,,,,,,,,,,,,,,,,,,,,,,,
21984,2019,8,17,23,30,17.0,0,0,0,2.3000000000000003,,,,,,,,,,,,,,,,,,,,,,,,,,,,,,,,,,,,
21985,2019,8,17,23,45,16.900000000000002,0,0,0,2.3000000000000003,,,,,,,,,,,,,,,,,,,,,,,,,,,,,,,,,,,,
21986,2019,8,18,0,0,16.8,0,0,0,2.3000000000000003,,,,,,,,,,,,,,,,,,,,,,,,,,,,,,,,,,,,
21987,2019,8,18,0,15,16.8,0,0,0,2.3000000000000003,,,,,,,,,,,,,,,,,,,,,,,,,,,,,,,,,,,,
21988,2019,8,18,0,30,16.8,0,0,0,2.3000000000000003,,,,,,,,,,,,,,,,,,,,,,,,,,,,,,,,,,,,
21989,2019,8,18,0,45,16.8,0,0,0,2.3000000000000003,,,,,,,,,,,,,,,,,,,,,,,,,,,,,,,,,,,,
21990,2019,8,18,1,0,16.7,0,0,0,2.3000000000000003,,,,,,,,,,,,,,,,,,,,,,,,,,,,,,,,,,,,
21991,2019,8,18,1,15,16.7,0,0,0,2.3000000000000003,,,,,,,,,,,,,,,,,,,,,,,,,,,,,,,,,,,,
21992,2019,8,18,1,30,16.6,0,0,0,2.2,,,,,,,,,,,,,,,,,,,,,,,,,,,,,,,,,,,,
21993,2019,8,18,1,45,16.6,0,0,0,2.2,,,,,,,,,,,,,,,,,,,,,,,,,,,,,,,,,,,,
21994,2019,8,18,2,0,16.6,0,0,0,2.2,,,,,,,,,,,,,,,,,,,,,,,,,,,,,,,,,,,,
21995,2019,8,18,2,15,16.6,0,0,0,2.1,,,,,,,,,,,,,,,,,,,,,,,,,,,,,,,,,,,,
21996,2019,8,18,2,30,16.6,0,0,0,2.1,,,,,,,,,,,,,,,,,,,,,,,,,,,,,,,,,,,,
21997,2019,8,18,2,45,16.5,0,0,0,2.0,,,,,,,,,,,,,,,,,,,,,,,,,,,,,,,,,,,,
21998,2019,8,18,3,0,16.5,0,0,0,2.0,,,,,,,,,,,,,,,,,,,,,,,,,,,,,,,,,,,,
21999,2019,8,18,3,15,16.5,0,0,0,2.0,,,,,,,,,,,,,,,,,,,,,,,,,,,,,,,,,,,,
22000,2019,8,18,3,30,16.5,0,0,0,2.0,,,,,,,,,,,,,,,,,,,,,,,,,,,,,,,,,,,,
22001,2019,8,18,3,45,16.400000000000002,0,0,0,2.0,,,,,,,,,,,,,,,,,,,,,,,,,,,,,,,,,,,,
22002,2019,8,18,4,0,16.400000000000002,0,0,0,2.0,,,,,,,,,,,,,,,,,,,,,,,,,,,,,,,,,,,,
22003,2019,8,18,4,15,16.3,0,0,0,2.0,,,,,,,,,,,,,,,,,,,,,,,,,,,,,,,,,,,,
22004,2019,8,18,4,30,16.3,0,0,0,2.1,,,,,,,,,,,,,,,,,,,,,,,,,,,,,,,,,,,,
22005,2019,8,18,4,45,16.3,0,0,0,2.1,,,,,,,,,,,,,,,,,,,,,,,,,,,,,,,,,,,,
22006,2019,8,18,5,0,16.2,0,0,0,2.2,,,,,,,,,,,,,,,,,,,,,,,,,,,,,,,,,,,,
22007,2019,8,18,5,15,16.3,10,41,11,2.3000000000000003,,,,,,,,,,,,,,,,,,,,,,,,,,,,,,,,,,,,
22008,2019,8,18,5,30,16.3,3,0,3,2.4000000000000004,,,,,,,,,,,,,,,,,,,,,,,,,,,,,,,,,,,,
22009,2019,8,18,5,45,16.400000000000002,4,0,4,2.5,,,,,,,,,,,,,,,,,,,,,,,,,,,,,,,,,,,,
22010,2019,8,18,6,0,16.5,6,0,6,2.7,,,,,,,,,,,,,,,,,,,,,,,,,,,,,,,,,,,,
22011,2019,8,18,6,15,16.6,8,0,8,2.7,,,,,,,,,,,,,,,,,,,,,,,,,,,,,,,,,,,,
22012,2019,8,18,6,30,16.7,10,0,10,2.8000000000000003,,,,,,,,,,,,,,,,,,,,,,,,,,,,,,,,,,,,
22013,2019,8,18,6,45,16.8,13,0,13,2.9000000000000004,,,,,,,,,,,,,,,,,,,,,,,,,,,,,,,,,,,,
22014,2019,8,18,7,0,16.900000000000002,16,0,16,2.9000000000000004,,,,,,,,,,,,,,,,,,,,,,,,,,,,,,,,,,,,
22015,2019,8,18,7,15,17.2,19,0,19,3.0,,,,,,,,,,,,,,,,,,,,,,,,,,,,,,,,,,,,
22016,2019,8,18,7,30,17.400000000000002,22,0,22,3.1,,,,,,,,,,,,,,,,,,,,,,,,,,,,,,,,,,,,
22017,2019,8,18,7,45,17.7,26,0,26,3.2,,,,,,,,,,,,,,,,,,,,,,,,,,,,,,,,,,,,
22018,2019,8,18,8,0,17.900000000000002,95,0,95,3.3000000000000003,,,,,,,,,,,,,,,,,,,,,,,,,,,,,,,,,,,,
22019,2019,8,18,8,15,18.5,33,0,33,3.5,,,,,,,,,,,,,,,,,,,,,,,,,,,,,,,,,,,,
22020,2019,8,18,8,30,19.1,39,0,39,3.7,,,,,,,,,,,,,,,,,,,,,,,,,,,,,,,,,,,,
22021,2019,8,18,8,45,19.700000000000003,40,0,40,3.9,,,,,,,,,,,,,,,,,,,,,,,,,,,,,,,,,,,,
22022,2019,8,18,9,0,20.3,97,0,97,4.1000000000000005,,,,,,,,,,,,,,,,,,,,,,,,,,,,,,,,,,,,
22023,2019,8,18,9,15,21.1,47,0,47,4.3,,,,,,,,,,,,,,,,,,,,,,,,,,,,,,,,,,,,
22024,2019,8,18,9,30,21.9,121,0,121,4.4,,,,,,,,,,,,,,,,,,,,,,,,,,,,,,,,,,,,
22025,2019,8,18,9,45,22.6,53,0,53,4.6000000000000005,,,,,,,,,,,,,,,,,,,,,,,,,,,,,,,,,,,,
22026,2019,8,18,10,0,23.4,247,23,262,4.800000000000001,,,,,,,,,,,,,,,,,,,,,,,,,,,,,,,,,,,,
22027,2019,8,18,10,15,24.0,258,24,274,4.800000000000001,,,,,,,,,,,,,,,,,,,,,,,,,,,,,,,,,,,,
22028,2019,8,18,10,30,24.5,268,25,286,4.9,,,,,,,,,,,,,,,,,,,,,,,,,,,,,,,,,,,,
22029,2019,8,18,10,45,25.0,337,244,516,5.0,,,,,,,,,,,,,,,,,,,,,,,,,,,,,,,,,,,,
22030,2019,8,18,11,0,25.6,345,248,530,5.0,,,,,,,,,,,,,,,,,,,,,,,,,,,,,,,,,,,,
22031,2019,8,18,11,15,25.9,105,839,741,5.1000000000000005,,,,,,,,,,,,,,,,,,,,,,,,,,,,,,,,,,,,
22032,2019,8,18,11,30,26.200000000000003,357,252,551,5.1000000000000005,,,,,,,,,,,,,,,,,,,,,,,,,,,,,,,,,,,,
22033,2019,8,18,11,45,26.5,205,8,212,5.2,,,,,,,,,,,,,,,,,,,,,,,,,,,,,,,,,,,,
22034,2019,8,18,12,0,26.8,207,8,213,5.2,,,,,,,,,,,,,,,,,,,,,,,,,,,,,,,,,,,,
22035,2019,8,18,12,15,27.0,222,10,230,5.300000000000001,,,,,,,,,,,,,,,,,,,,,,,,,,,,,,,,,,,,
22036,2019,8,18,12,30,27.1,159,3,161,5.4,,,,,,,,,,,,,,,,,,,,,,,,,,,,,,,,,,,,
22037,2019,8,18,12,45,27.3,134,0,134,5.5,,,,,,,,,,,,,,,,,,,,,,,,,,,,,,,,,,,,
22038,2019,8,18,13,0,27.4,293,27,313,5.6000000000000005,,,,,,,,,,,,,,,,,,,,,,,,,,,,,,,,,,,,
22039,2019,8,18,13,15,27.6,329,53,369,5.7,,,,,,,,,,,,,,,,,,,,,,,,,,,,,,,,,,,,
22040,2019,8,18,13,30,27.700000000000003,341,282,553,5.9,,,,,,,,,,,,,,,,,,,,,,,,,,,,,,,,,,,,
22041,2019,8,18,13,45,27.9,298,37,325,6.0,,,,,,,,,,,,,,,,,,,,,,,,,,,,,,,,,,,,
22042,2019,8,18,14,0,28.0,337,126,428,6.1000000000000005,,,,,,,,,,,,,,,,,,,,,,,,,,,,,,,,,,,,
22043,2019,8,18,14,15,28.1,289,42,318,6.1000000000000005,,,,,,,,,,,,,,,,,,,,,,,,,,,,,,,,,,,,
22044,2019,8,18,14,30,28.1,126,761,646,6.2,,,,,,,,,,,,,,,,,,,,,,,,,,,,,,,,,,,,
22045,2019,8,18,14,45,28.1,300,110,373,6.300000000000001,,,,,,,,,,,,,,,,,,,,,,,,,,,,,,,,,,,,
22046,2019,8,18,15,0,28.200000000000003,270,61,309,6.300000000000001,,,,,,,,,,,,,,,,,,,,,,,,,,,,,,,,,,,,
22047,2019,8,18,15,15,28.1,139,0,139,6.300000000000001,,,,,,,,,,,,,,,,,,,,,,,,,,,,,,,,,,,,
22048,2019,8,18,15,30,28.0,154,0,154,6.300000000000001,,,,,,,,,,,,,,,,,,,,,,,,,,,,,,,,,,,,
22049,2019,8,18,15,45,27.9,116,0,116,6.2,,,,,,,,,,,,,,,,,,,,,,,,,,,,,,,,,,,,
22050,2019,8,18,16,0,27.8,38,0,38,6.2,,,,,,,,,,,,,,,,,,,,,,,,,,,,,,,,,,,,
22051,2019,8,18,16,15,27.5,113,0,113,6.0,,,,,,,,,,,,,,,,,,,,,,,,,,,,,,,,,,,,
22052,2019,8,18,16,30,27.200000000000003,150,418,339,5.800000000000001,,,,,,,,,,,,,,,,,,,,,,,,,,,,,,,,,,,,
22053,2019,8,18,16,45,27.0,163,55,185,5.6000000000000005,,,,,,,,,,,,,,,,,,,,,,,,,,,,,,,,,,,,
22054,2019,8,18,17,0,26.700000000000003,125,383,270,5.4,,,,,,,,,,,,,,,,,,,,,,,,,,,,,,,,,,,,
22055,2019,8,18,17,15,26.200000000000003,118,11,121,5.0,,,,,,,,,,,,,,,,,,,,,,,,,,,,,,,,,,,,
22056,2019,8,18,17,30,25.700000000000003,115,162,164,4.7,,,,,,,,,,,,,,,,,,,,,,,,,,,,,,,,,,,,
22057,2019,8,18,17,45,25.200000000000003,79,374,178,4.3,,,,,,,,,,,,,,,,,,,,,,,,,,,,,,,,,,,,
22058,2019,8,18,18,0,24.700000000000003,82,114,108,4.0,,,,,,,,,,,,,,,,,,,,,,,,,,,,,,,,,,,,
22059,2019,8,18,18,15,24.1,66,88,83,3.7,,,,,,,,,,,,,,,,,,,,,,,,,,,,,,,,,,,,
22060,2019,8,18,18,30,23.5,45,280,86,3.4000000000000004,,,,,,,,,,,,,,,,,,,,,,,,,,,,,,,,,,,,
22061,2019,8,18,18,45,22.9,34,233,59,3.1,,,,,,,,,,,,,,,,,,,,,,,,,,,,,,,,,,,,
22062,2019,8,18,19,0,22.3,23,160,35,2.9000000000000004,,,,,,,,,,,,,,,,,,,,,,,,,,,,,,,,,,,,
22063,2019,8,18,19,15,22.0,13,96,16,2.8000000000000003,,,,,,,,,,,,,,,,,,,,,,,,,,,,,,,,,,,,
22064,2019,8,18,19,30,21.700000000000003,0,0,0,2.7,,,,,,,,,,,,,,,,,,,,,,,,,,,,,,,,,,,,
22065,2019,8,18,19,45,21.3,0,0,0,2.6,,,,,,,,,,,,,,,,,,,,,,,,,,,,,,,,,,,,
22066,2019,8,18,20,0,21.0,0,0,0,2.6,,,,,,,,,,,,,,,,,,,,,,,,,,,,,,,,,,,,
22067,2019,8,18,20,15,20.700000000000003,0,0,0,2.5,,,,,,,,,,,,,,,,,,,,,,,,,,,,,,,,,,,,
22068,2019,8,18,20,30,20.4,0,0,0,2.4000000000000004,,,,,,,,,,,,,,,,,,,,,,,,,,,,,,,,,,,,
22069,2019,8,18,20,45,20.200000000000003,0,0,0,2.3000000000000003,,,,,,,,,,,,,,,,,,,,,,,,,,,,,,,,,,,,
22070,2019,8,18,21,0,19.9,0,0,0,2.2,,,,,,,,,,,,,,,,,,,,,,,,,,,,,,,,,,,,
22071,2019,8,18,21,15,19.6,0,0,0,2.1,,,,,,,,,,,,,,,,,,,,,,,,,,,,,,,,,,,,
22072,2019,8,18,21,30,19.3,0,0,0,2.1,,,,,,,,,,,,,,,,,,,,,,,,,,,,,,,,,,,,
22073,2019,8,18,21,45,19.1,0,0,0,2.0,,,,,,,,,,,,,,,,,,,,,,,,,,,,,,,,,,,,
22074,2019,8,18,22,0,18.8,0,0,0,2.0,,,,,,,,,,,,,,,,,,,,,,,,,,,,,,,,,,,,
22075,2019,8,18,22,15,18.5,0,0,0,1.9,,,,,,,,,,,,,,,,,,,,,,,,,,,,,,,,,,,,
22076,2019,8,18,22,30,18.3,0,0,0,1.9,,,,,,,,,,,,,,,,,,,,,,,,,,,,,,,,,,,,
22077,2019,8,18,22,45,18.0,0,0,0,1.8,,,,,,,,,,,,,,,,,,,,,,,,,,,,,,,,,,,,
22078,2019,8,18,23,0,17.8,0,0,0,1.8,,,,,,,,,,,,,,,,,,,,,,,,,,,,,,,,,,,,
22079,2019,8,18,23,15,17.5,0,0,0,1.6,,,,,,,,,,,,,,,,,,,,,,,,,,,,,,,,,,,,
22080,2019,8,18,23,30,17.3,0,0,0,1.3,,,,,,,,,,,,,,,,,,,,,,,,,,,,,,,,,,,,
22081,2019,8,18,23,45,17.1,0,0,0,1.1,,,,,,,,,,,,,,,,,,,,,,,,,,,,,,,,,,,,
22082,2019,8,19,0,0,16.8,0,0,0,0.9,,,,,,,,,,,,,,,,,,,,,,,,,,,,,,,,,,,,
22083,2019,8,19,0,15,16.8,0,0,0,0.9,,,,,,,,,,,,,,,,,,,,,,,,,,,,,,,,,,,,
22084,2019,8,19,0,30,16.8,0,0,0,0.9,,,,,,,,,,,,,,,,,,,,,,,,,,,,,,,,,,,,
22085,2019,8,19,0,45,16.8,0,0,0,0.9,,,,,,,,,,,,,,,,,,,,,,,,,,,,,,,,,,,,
22086,2019,8,19,1,0,16.400000000000002,0,0,0,0.7000000000000001,,,,,,,,,,,,,,,,,,,,,,,,,,,,,,,,,,,,
22087,2019,8,19,1,15,16.3,0,0,0,0.8,,,,,,,,,,,,,,,,,,,,,,,,,,,,,,,,,,,,
22088,2019,8,19,1,30,16.3,0,0,0,1.0,,,,,,,,,,,,,,,,,,,,,,,,,,,,,,,,,,,,
22089,2019,8,19,1,45,16.2,0,0,0,1.1,,,,,,,,,,,,,,,,,,,,,,,,,,,,,,,,,,,,
22090,2019,8,19,2,0,16.1,0,0,0,1.2000000000000002,,,,,,,,,,,,,,,,,,,,,,,,,,,,,,,,,,,,
22091,2019,8,19,2,15,16.0,0,0,0,1.1,,,,,,,,,,,,,,,,,,,,,,,,,,,,,,,,,,,,
22092,2019,8,19,2,30,15.9,0,0,0,1.0,,,,,,,,,,,,,,,,,,,,,,,,,,,,,,,,,,,,
22093,2019,8,19,2,45,15.8,0,0,0,0.8,,,,,,,,,,,,,,,,,,,,,,,,,,,,,,,,,,,,
22094,2019,8,19,3,0,15.7,0,0,0,0.7000000000000001,,,,,,,,,,,,,,,,,,,,,,,,,,,,,,,,,,,,
22095,2019,8,19,3,15,15.7,0,0,0,0.7000000000000001,,,,,,,,,,,,,,,,,,,,,,,,,,,,,,,,,,,,
22096,2019,8,19,3,30,15.6,0,0,0,0.7000000000000001,,,,,,,,,,,,,,,,,,,,,,,,,,,,,,,,,,,,
22097,2019,8,19,3,45,15.5,0,0,0,0.6000000000000001,,,,,,,,,,,,,,,,,,,,,,,,,,,,,,,,,,,,
22098,2019,8,19,4,0,15.5,0,0,0,0.6000000000000001,,,,,,,,,,,,,,,,,,,,,,,,,,,,,,,,,,,,
22099,2019,8,19,4,15,15.5,0,0,0,0.7000000000000001,,,,,,,,,,,,,,,,,,,,,,,,,,,,,,,,,,,,
22100,2019,8,19,4,30,15.5,0,0,0,0.8,,,,,,,,,,,,,,,,,,,,,,,,,,,,,,,,,,,,
22101,2019,8,19,4,45,15.5,0,0,0,0.9,,,,,,,,,,,,,,,,,,,,,,,,,,,,,,,,,,,,
22102,2019,8,19,5,0,15.5,0,0,0,0.9,,,,,,,,,,,,,,,,,,,,,,,,,,,,,,,,,,,,
22103,2019,8,19,5,15,15.7,8,33,9,1.1,,,,,,,,,,,,,,,,,,,,,,,,,,,,,,,,,,,,
22104,2019,8,19,5,30,15.9,9,0,9,1.3,,,,,,,,,,,,,,,,,,,,,,,,,,,,,,,,,,,,
22105,2019,8,19,5,45,16.2,15,0,15,1.5,,,,,,,,,,,,,,,,,,,,,,,,,,,,,,,,,,,,
22106,2019,8,19,6,0,16.400000000000002,20,0,20,1.7000000000000002,,,,,,,,,,,,,,,,,,,,,,,,,,,,,,,,,,,,
22107,2019,8,19,6,15,16.6,36,0,36,1.8,,,,,,,,,,,,,,,,,,,,,,,,,,,,,,,,,,,,
22108,2019,8,19,6,30,16.7,34,0,34,1.9,,,,,,,,,,,,,,,,,,,,,,,,,,,,,,,,,,,,
22109,2019,8,19,6,45,16.900000000000002,43,0,43,2.0,,,,,,,,,,,,,,,,,,,,,,,,,,,,,,,,,,,,
22110,2019,8,19,7,0,17.0,52,0,52,2.2,,,,,,,,,,,,,,,,,,,,,,,,,,,,,,,,,,,,
22111,2019,8,19,7,15,17.2,74,0,74,2.3000000000000003,,,,,,,,,,,,,,,,,,,,,,,,,,,,,,,,,,,,
22112,2019,8,19,7,30,17.3,111,0,111,2.5,,,,,,,,,,,,,,,,,,,,,,,,,,,,,,,,,,,,
22113,2019,8,19,7,45,17.400000000000002,150,277,260,2.7,,,,,,,,,,,,,,,,,,,,,,,,,,,,,,,,,,,,
22114,2019,8,19,8,0,17.6,139,439,330,2.8000000000000003,,,,,,,,,,,,,,,,,,,,,,,,,,,,,,,,,,,,
22115,2019,8,19,8,15,18.0,90,733,435,3.1,,,,,,,,,,,,,,,,,,,,,,,,,,,,,,,,,,,,
22116,2019,8,19,8,30,18.5,93,755,474,3.3000000000000003,,,,,,,,,,,,,,,,,,,,,,,,,,,,,,,,,,,,
22117,2019,8,19,8,45,18.9,92,791,516,3.6,,,,,,,,,,,,,,,,,,,,,,,,,,,,,,,,,,,,
22118,2019,8,19,9,0,19.4,94,806,550,3.8,,,,,,,,,,,,,,,,,,,,,,,,,,,,,,,,,,,,
22119,2019,8,19,9,15,20.0,96,822,586,4.0,,,,,,,,,,,,,,,,,,,,,,,,,,,,,,,,,,,,
22120,2019,8,19,9,30,20.6,98,834,618,4.2,,,,,,,,,,,,,,,,,,,,,,,,,,,,,,,,,,,,
22121,2019,8,19,9,45,21.1,98,852,651,4.3,,,,,,,,,,,,,,,,,,,,,,,,,,,,,,,,,,,,
22122,2019,8,19,10,0,21.700000000000003,100,861,678,4.5,,,,,,,,,,,,,,,,,,,,,,,,,,,,,,,,,,,,
22123,2019,8,19,10,15,22.1,101,868,704,4.5,,,,,,,,,,,,,,,,,,,,,,,,,,,,,,,,,,,,
22124,2019,8,19,10,30,22.4,103,875,727,4.5,,,,,,,,,,,,,,,,,,,,,,,,,,,,,,,,,,,,
22125,2019,8,19,10,45,22.8,105,880,746,4.6000000000000005,,,,,,,,,,,,,,,,,,,,,,,,,,,,,,,,,,,,
22126,2019,8,19,11,0,23.1,106,884,763,4.6000000000000005,,,,,,,,,,,,,,,,,,,,,,,,,,,,,,,,,,,,
22127,2019,8,19,11,15,23.4,107,888,778,4.6000000000000005,,,,,,,,,,,,,,,,,,,,,,,,,,,,,,,,,,,,
22128,2019,8,19,11,30,23.6,108,891,789,4.5,,,,,,,,,,,,,,,,,,,,,,,,,,,,,,,,,,,,
22129,2019,8,19,11,45,23.8,112,886,796,4.5,,,,,,,,,,,,,,,,,,,,,,,,,,,,,,,,,,,,
22130,2019,8,19,12,0,24.1,304,427,636,4.5,,,,,,,,,,,,,,,,,,,,,,,,,,,,,,,,,,,,
22131,2019,8,19,12,15,24.200000000000003,308,421,635,4.5,,,,,,,,,,,,,,,,,,,,,,,,,,,,,,,,,,,,
22132,2019,8,19,12,30,24.4,113,884,800,4.4,,,,,,,,,,,,,,,,,,,,,,,,,,,,,,,,,,,,
22133,2019,8,19,12,45,24.5,118,874,793,4.4,,,,,,,,,,,,,,,,,,,,,,,,,,,,,,,,,,,,
22134,2019,8,19,13,0,24.700000000000003,118,872,787,4.3,,,,,,,,,,,,,,,,,,,,,,,,,,,,,,,,,,,,
22135,2019,8,19,13,15,24.8,118,869,777,4.2,,,,,,,,,,,,,,,,,,,,,,,,,,,,,,,,,,,,
22136,2019,8,19,13,30,24.9,117,865,764,4.2,,,,,,,,,,,,,,,,,,,,,,,,,,,,,,,,,,,,
22137,2019,8,19,13,45,24.9,116,856,745,4.1000000000000005,,,,,,,,,,,,,,,,,,,,,,,,,,,,,,,,,,,,
22138,2019,8,19,14,0,25.0,115,851,726,4.1000000000000005,,,,,,,,,,,,,,,,,,,,,,,,,,,,,,,,,,,,
22139,2019,8,19,14,15,25.0,286,374,548,4.0,,,,,,,,,,,,,,,,,,,,,,,,,,,,,,,,,,,,
22140,2019,8,19,14,30,24.9,277,366,526,4.0,,,,,,,,,,,,,,,,,,,,,,,,,,,,,,,,,,,,
22141,2019,8,19,14,45,24.9,267,358,502,3.9,,,,,,,,,,,,,,,,,,,,,,,,,,,,,,,,,,,,
22142,2019,8,19,15,0,24.9,257,344,474,3.8,,,,,,,,,,,,,,,,,,,,,,,,,,,,,,,,,,,,
22143,2019,8,19,15,15,24.700000000000003,245,334,447,3.7,,,,,,,,,,,,,,,,,,,,,,,,,,,,,,,,,,,,
22144,2019,8,19,15,30,24.6,232,323,418,3.7,,,,,,,,,,,,,,,,,,,,,,,,,,,,,,,,,,,,
22145,2019,8,19,15,45,24.5,218,311,388,3.6,,,,,,,,,,,,,,,,,,,,,,,,,,,,,,,,,,,,
22146,2019,8,19,16,0,24.4,219,185,315,3.5,,,,,,,,,,,,,,,,,,,,,,,,,,,,,,,,,,,,
22147,2019,8,19,16,15,24.1,201,198,296,3.3000000000000003,,,,,,,,,,,,,,,,,,,,,,,,,,,,,,,,,,,,
22148,2019,8,19,16,30,23.8,99,687,406,3.1,,,,,,,,,,,,,,,,,,,,,,,,,,,,,,,,,,,,
22149,2019,8,19,16,45,23.6,163,218,252,3.0,,,,,,,,,,,,,,,,,,,,,,,,,,,,,,,,,,,,
22150,2019,8,19,17,0,23.3,96,608,323,2.8000000000000003,,,,,,,,,,,,,,,,,,,,,,,,,,,,,,,,,,,,
22151,2019,8,19,17,15,22.700000000000003,90,574,283,2.4000000000000004,,,,,,,,,,,,,,,,,,,,,,,,,,,,,,,,,,,,
22152,2019,8,19,17,30,22.1,95,352,200,2.0,,,,,,,,,,,,,,,,,,,,,,,,,,,,,,,,,,,,
22153,2019,8,19,17,45,21.6,81,340,169,1.6,,,,,,,,,,,,,,,,,,,,,,,,,,,,,,,,,,,,
22154,2019,8,19,18,0,21.0,80,104,103,1.2000000000000002,,,,,,,,,,,,,,,,,,,,,,,,,,,,,,,,,,,,
22155,2019,8,19,18,15,20.4,60,366,126,1.2000000000000002,,,,,,,,,,,,,,,,,,,,,,,,,,,,,,,,,,,,
22156,2019,8,19,18,30,19.8,50,297,92,1.1,,,,,,,,,,,,,,,,,,,,,,,,,,,,,,,,,,,,
22157,2019,8,19,18,45,19.200000000000003,38,208,60,1.0,,,,,,,,,,,,,,,,,,,,,,,,,,,,,,,,,,,,
22158,2019,8,19,19,0,18.6,25,125,33,1.0,,,,,,,,,,,,,,,,,,,,,,,,,,,,,,,,,,,,
22159,2019,8,19,19,15,18.4,6,44,7,1.0,,,,,,,,,,,,,,,,,,,,,,,,,,,,,,,,,,,,
22160,2019,8,19,19,30,18.1,0,0,0,1.0,,,,,,,,,,,,,,,,,,,,,,,,,,,,,,,,,,,,
22161,2019,8,19,19,45,17.900000000000002,0,0,0,0.9,,,,,,,,,,,,,,,,,,,,,,,,,,,,,,,,,,,,
22162,2019,8,19,20,0,17.7,0,0,0,0.9,,,,,,,,,,,,,,,,,,,,,,,,,,,,,,,,,,,,
22163,2019,8,19,20,15,17.6,0,0,0,0.9,,,,,,,,,,,,,,,,,,,,,,,,,,,,,,,,,,,,
22164,2019,8,19,20,30,17.400000000000002,0,0,0,0.9,,,,,,,,,,,,,,,,,,,,,,,,,,,,,,,,,,,,
22165,2019,8,19,20,45,17.3,0,0,0,0.9,,,,,,,,,,,,,,,,,,,,,,,,,,,,,,,,,,,,
22166,2019,8,19,21,0,17.2,0,0,0,0.9,,,,,,,,,,,,,,,,,,,,,,,,,,,,,,,,,,,,
22167,2019,8,19,21,15,17.1,0,0,0,0.8,,,,,,,,,,,,,,,,,,,,,,,,,,,,,,,,,,,,
22168,2019,8,19,21,30,17.1,0,0,0,0.8,,,,,,,,,,,,,,,,,,,,,,,,,,,,,,,,,,,,
22169,2019,8,19,21,45,17.0,0,0,0,0.8,,,,,,,,,,,,,,,,,,,,,,,,,,,,,,,,,,,,
22170,2019,8,19,22,0,17.0,0,0,0,0.8,,,,,,,,,,,,,,,,,,,,,,,,,,,,,,,,,,,,
22171,2019,8,19,22,15,16.900000000000002,0,0,0,0.7000000000000001,,,,,,,,,,,,,,,,,,,,,,,,,,,,,,,,,,,,
22172,2019,8,19,22,30,16.8,0,0,0,0.7000000000000001,,,,,,,,,,,,,,,,,,,,,,,,,,,,,,,,,,,,
22173,2019,8,19,22,45,16.8,0,0,0,0.6000000000000001,,,,,,,,,,,,,,,,,,,,,,,,,,,,,,,,,,,,
22174,2019,8,19,23,0,16.7,0,0,0,0.6000000000000001,,,,,,,,,,,,,,,,,,,,,,,,,,,,,,,,,,,,
22175,2019,8,19,23,15,16.6,0,0,0,0.6000000000000001,,,,,,,,,,,,,,,,,,,,,,,,,,,,,,,,,,,,
22176,2019,8,19,23,30,16.5,0,0,0,0.6000000000000001,,,,,,,,,,,,,,,,,,,,,,,,,,,,,,,,,,,,
22177,2019,8,19,23,45,16.400000000000002,0,0,0,0.5,,,,,,,,,,,,,,,,,,,,,,,,,,,,,,,,,,,,
22178,2019,8,20,0,0,16.3,0,0,0,0.5,,,,,,,,,,,,,,,,,,,,,,,,,,,,,,,,,,,,
22179,2019,8,20,0,15,16.3,0,0,0,0.5,,,,,,,,,,,,,,,,,,,,,,,,,,,,,,,,,,,,
22180,2019,8,20,0,30,16.3,0,0,0,0.5,,,,,,,,,,,,,,,,,,,,,,,,,,,,,,,,,,,,
22181,2019,8,20,0,45,16.3,0,0,0,0.5,,,,,,,,,,,,,,,,,,,,,,,,,,,,,,,,,,,,
22182,2019,8,20,1,0,15.6,0,0,0,0.5,,,,,,,,,,,,,,,,,,,,,,,,,,,,,,,,,,,,
22183,2019,8,20,1,15,15.4,0,0,0,0.5,,,,,,,,,,,,,,,,,,,,,,,,,,,,,,,,,,,,
22184,2019,8,20,1,30,15.3,0,0,0,0.5,,,,,,,,,,,,,,,,,,,,,,,,,,,,,,,,,,,,
22185,2019,8,20,1,45,15.1,0,0,0,0.5,,,,,,,,,,,,,,,,,,,,,,,,,,,,,,,,,,,,
22186,2019,8,20,2,0,15.0,0,0,0,0.6000000000000001,,,,,,,,,,,,,,,,,,,,,,,,,,,,,,,,,,,,
22187,2019,8,20,2,15,14.8,0,0,0,0.6000000000000001,,,,,,,,,,,,,,,,,,,,,,,,,,,,,,,,,,,,
22188,2019,8,20,2,30,14.7,0,0,0,0.6000000000000001,,,,,,,,,,,,,,,,,,,,,,,,,,,,,,,,,,,,
22189,2019,8,20,2,45,14.5,0,0,0,0.6000000000000001,,,,,,,,,,,,,,,,,,,,,,,,,,,,,,,,,,,,
22190,2019,8,20,3,0,14.4,0,0,0,0.6000000000000001,,,,,,,,,,,,,,,,,,,,,,,,,,,,,,,,,,,,
22191,2019,8,20,3,15,14.2,0,0,0,0.6000000000000001,,,,,,,,,,,,,,,,,,,,,,,,,,,,,,,,,,,,
22192,2019,8,20,3,30,14.0,0,0,0,0.6000000000000001,,,,,,,,,,,,,,,,,,,,,,,,,,,,,,,,,,,,
22193,2019,8,20,3,45,13.8,0,0,0,0.6000000000000001,,,,,,,,,,,,,,,,,,,,,,,,,,,,,,,,,,,,
22194,2019,8,20,4,0,13.7,0,0,0,0.7000000000000001,,,,,,,,,,,,,,,,,,,,,,,,,,,,,,,,,,,,
22195,2019,8,20,4,15,13.6,0,0,0,0.7000000000000001,,,,,,,,,,,,,,,,,,,,,,,,,,,,,,,,,,,,
22196,2019,8,20,4,30,13.5,0,0,0,0.7000000000000001,,,,,,,,,,,,,,,,,,,,,,,,,,,,,,,,,,,,
22197,2019,8,20,4,45,13.4,0,0,0,0.8,,,,,,,,,,,,,,,,,,,,,,,,,,,,,,,,,,,,
22198,2019,8,20,5,0,13.3,0,0,0,0.8,,,,,,,,,,,,,,,,,,,,,,,,,,,,,,,,,,,,
22199,2019,8,20,5,15,13.8,0,0,0,1.0,,,,,,,,,,,,,,,,,,,,,,,,,,,,,,,,,,,,
22200,2019,8,20,5,30,14.3,16,0,16,1.1,,,,,,,,,,,,,,,,,,,,,,,,,,,,,,,,,,,,
22201,2019,8,20,5,45,14.8,29,53,34,1.3,,,,,,,,,,,,,,,,,,,,,,,,,,,,,,,,,,,,
22202,2019,8,20,6,0,15.3,43,97,55,1.4,,,,,,,,,,,,,,,,,,,,,,,,,,,,,,,,,,,,
22203,2019,8,20,6,15,15.8,57,135,80,1.5,,,,,,,,,,,,,,,,,,,,,,,,,,,,,,,,,,,,
22204,2019,8,20,6,30,16.3,72,171,107,1.6,,,,,,,,,,,,,,,,,,,,,,,,,,,,,,,,,,,,
22205,2019,8,20,6,45,16.7,86,203,136,1.7000000000000002,,,,,,,,,,,,,,,,,,,,,,,,,,,,,,,,,,,,
22206,2019,8,20,7,0,17.2,101,233,167,1.7000000000000002,,,,,,,,,,,,,,,,,,,,,,,,,,,,,,,,,,,,
22207,2019,8,20,7,15,17.900000000000002,121,205,186,1.8,,,,,,,,,,,,,,,,,,,,,,,,,,,,,,,,,,,,
22208,2019,8,20,7,30,18.6,128,297,235,1.8,,,,,,,,,,,,,,,,,,,,,,,,,,,,,,,,,,,,
22209,2019,8,20,7,45,19.3,144,307,265,1.8,,,,,,,,,,,,,,,,,,,,,,,,,,,,,,,,,,,,
22210,2019,8,20,8,0,20.1,159,322,298,1.8,,,,,,,,,,,,,,,,,,,,,,,,,,,,,,,,,,,,
22211,2019,8,20,8,15,20.5,184,271,311,1.8,,,,,,,,,,,,,,,,,,,,,,,,,,,,,,,,,,,,
22212,2019,8,20,8,30,20.9,182,375,370,1.8,,,,,,,,,,,,,,,,,,,,,,,,,,,,,,,,,,,,
22213,2019,8,20,8,45,21.4,208,327,382,1.8,,,,,,,,,,,,,,,,,,,,,,,,,,,,,,,,,,,,
22214,2019,8,20,9,0,21.8,216,362,420,1.8,,,,,,,,,,,,,,,,,,,,,,,,,,,,,,,,,,,,
22215,2019,8,20,9,15,22.0,237,338,437,1.8,,,,,,,,,,,,,,,,,,,,,,,,,,,,,,,,,,,,
22216,2019,8,20,9,30,22.3,241,379,476,1.8,,,,,,,,,,,,,,,,,,,,,,,,,,,,,,,,,,,,
22217,2019,8,20,9,45,22.5,250,398,506,1.8,,,,,,,,,,,,,,,,,,,,,,,,,,,,,,,,,,,,
22218,2019,8,20,10,0,22.8,258,415,535,1.9,,,,,,,,,,,,,,,,,,,,,,,,,,,,,,,,,,,,
22219,2019,8,20,10,15,22.700000000000003,284,359,532,1.9,,,,,,,,,,,,,,,,,,,,,,,,,,,,,,,,,,,,
22220,2019,8,20,10,30,22.700000000000003,321,250,498,1.9,,,,,,,,,,,,,,,,,,,,,,,,,,,,,,,,,,,,
22221,2019,8,20,10,45,22.700000000000003,331,248,511,1.9,,,,,,,,,,,,,,,,,,,,,,,,,,,,,,,,,,,,
22222,2019,8,20,11,0,22.700000000000003,330,293,547,2.0,,,,,,,,,,,,,,,,,,,,,,,,,,,,,,,,,,,,
22223,2019,8,20,11,15,22.700000000000003,353,211,511,2.0,,,,,,,,,,,,,,,,,,,,,,,,,,,,,,,,,,,,
22224,2019,8,20,11,30,22.700000000000003,361,155,480,2.0,,,,,,,,,,,,,,,,,,,,,,,,,,,,,,,,,,,,
22225,2019,8,20,11,45,22.700000000000003,365,136,469,2.0,,,,,,,,,,,,,,,,,,,,,,,,,,,,,,,,,,,,
22226,2019,8,20,12,0,22.700000000000003,364,113,450,2.1,,,,,,,,,,,,,,,,,,,,,,,,,,,,,,,,,,,,
22227,2019,8,20,12,15,22.700000000000003,347,304,583,2.1,,,,,,,,,,,,,,,,,,,,,,,,,,,,,,,,,,,,
22228,2019,8,20,12,30,22.700000000000003,366,207,526,2.1,,,,,,,,,,,,,,,,,,,,,,,,,,,,,,,,,,,,
22229,2019,8,20,12,45,22.700000000000003,367,153,484,2.1,,,,,,,,,,,,,,,,,,,,,,,,,,,,,,,,,,,,
22230,2019,8,20,13,0,22.6,357,108,440,2.1,,,,,,,,,,,,,,,,,,,,,,,,,,,,,,,,,,,,
22231,2019,8,20,13,15,22.5,316,45,349,2.1,,,,,,,,,,,,,,,,,,,,,,,,,,,,,,,,,,,,
22232,2019,8,20,13,30,22.4,343,98,416,2.1,,,,,,,,,,,,,,,,,,,,,,,,,,,,,,,,,,,,
22233,2019,8,20,13,45,22.3,302,43,334,2.2,,,,,,,,,,,,,,,,,,,,,,,,,,,,,,,,,,,,
22234,2019,8,20,14,0,22.200000000000003,274,29,295,2.2,,,,,,,,,,,,,,,,,,,,,,,,,,,,,,,,,,,,
22235,2019,8,20,14,15,22.1,263,27,282,2.2,,,,,,,,,,,,,,,,,,,,,,,,,,,,,,,,,,,,
22236,2019,8,20,14,30,22.0,241,20,254,2.2,,,,,,,,,,,,,,,,,,,,,,,,,,,,,,,,,,,,
22237,2019,8,20,14,45,21.8,218,14,227,2.2,,,,,,,,,,,,,,,,,,,,,,,,,,,,,,,,,,,,
22238,2019,8,20,15,0,21.700000000000003,184,5,187,2.2,,,,,,,,,,,,,,,,,,,,,,,,,,,,,,,,,,,,
22239,2019,8,20,15,15,21.5,150,0,150,2.2,,,,,,,,,,,,,,,,,,,,,,,,,,,,,,,,,,,,
22240,2019,8,20,15,30,21.3,115,0,115,2.1,,,,,,,,,,,,,,,,,,,,,,,,,,,,,,,,,,,,
22241,2019,8,20,15,45,21.200000000000003,100,0,100,2.1,,,,,,,,,,,,,,,,,,,,,,,,,,,,,,,,,,,,
22242,2019,8,20,16,0,21.0,46,0,46,2.0,,,,,,,,,,,,,,,,,,,,,,,,,,,,,,,,,,,,
22243,2019,8,20,16,15,20.6,53,0,53,1.8,,,,,,,,,,,,,,,,,,,,,,,,,,,,,,,,,,,,
22244,2019,8,20,16,30,20.3,42,0,42,1.6,,,,,,,,,,,,,,,,,,,,,,,,,,,,,,,,,,,,
22245,2019,8,20,16,45,20.0,22,0,22,1.5,,,,,,,,,,,,,,,,,,,,,,,,,,,,,,,,,,,,
22246,2019,8,20,17,0,19.700000000000003,33,0,33,1.3,,,,,,,,,,,,,,,,,,,,,,,,,,,,,,,,,,,,
22247,2019,8,20,17,15,19.3,14,0,14,1.2000000000000002,,,,,,,,,,,,,,,,,,,,,,,,,,,,,,,,,,,,
22248,2019,8,20,17,30,18.9,21,0,21,1.1,,,,,,,,,,,,,,,,,,,,,,,,,,,,,,,,,,,,
22249,2019,8,20,17,45,18.5,15,0,15,1.1,,,,,,,,,,,,,,,,,,,,,,,,,,,,,,,,,,,,
22250,2019,8,20,18,0,18.1,13,0,13,1.0,,,,,,,,,,,,,,,,,,,,,,,,,,,,,,,,,,,,
22251,2019,8,20,18,15,17.8,10,0,10,1.0,,,,,,,,,,,,,,,,,,,,,,,,,,,,,,,,,,,,
22252,2019,8,20,18,30,17.400000000000002,9,0,9,1.0,,,,,,,,,,,,,,,,,,,,,,,,,,,,,,,,,,,,
22253,2019,8,20,18,45,17.1,7,0,7,1.0,,,,,,,,,,,,,,,,,,,,,,,,,,,,,,,,,,,,
22254,2019,8,20,19,0,16.8,5,0,5,1.0,,,,,,,,,,,,,,,,,,,,,,,,,,,,,,,,,,,,
22255,2019,8,20,19,15,16.6,10,37,11,1.0,,,,,,,,,,,,,,,,,,,,,,,,,,,,,,,,,,,,
22256,2019,8,20,19,30,16.5,0,0,0,1.0,,,,,,,,,,,,,,,,,,,,,,,,,,,,,,,,,,,,
22257,2019,8,20,19,45,16.3,0,0,0,1.0,,,,,,,,,,,,,,,,,,,,,,,,,,,,,,,,,,,,
22258,2019,8,20,20,0,16.1,0,0,0,1.0,,,,,,,,,,,,,,,,,,,,,,,,,,,,,,,,,,,,
22259,2019,8,20,20,15,16.0,0,0,0,1.0,,,,,,,,,,,,,,,,,,,,,,,,,,,,,,,,,,,,
22260,2019,8,20,20,30,15.9,0,0,0,1.0,,,,,,,,,,,,,,,,,,,,,,,,,,,,,,,,,,,,
22261,2019,8,20,20,45,15.7,0,0,0,1.0,,,,,,,,,,,,,,,,,,,,,,,,,,,,,,,,,,,,
22262,2019,8,20,21,0,15.6,0,0,0,1.0,,,,,,,,,,,,,,,,,,,,,,,,,,,,,,,,,,,,
22263,2019,8,20,21,15,15.5,0,0,0,1.0,,,,,,,,,,,,,,,,,,,,,,,,,,,,,,,,,,,,
22264,2019,8,20,21,30,15.4,0,0,0,1.0,,,,,,,,,,,,,,,,,,,,,,,,,,,,,,,,,,,,
22265,2019,8,20,21,45,15.2,0,0,0,1.1,,,,,,,,,,,,,,,,,,,,,,,,,,,,,,,,,,,,
22266,2019,8,20,22,0,15.1,0,0,0,1.1,,,,,,,,,,,,,,,,,,,,,,,,,,,,,,,,,,,,
22267,2019,8,20,22,15,15.0,0,0,0,1.1,,,,,,,,,,,,,,,,,,,,,,,,,,,,,,,,,,,,
22268,2019,8,20,22,30,14.8,0,0,0,1.1,,,,,,,,,,,,,,,,,,,,,,,,,,,,,,,,,,,,
22269,2019,8,20,22,45,14.7,0,0,0,1.2000000000000002,,,,,,,,,,,,,,,,,,,,,,,,,,,,,,,,,,,,
22270,2019,8,20,23,0,14.5,0,0,0,1.2000000000000002,,,,,,,,,,,,,,,,,,,,,,,,,,,,,,,,,,,,
22271,2019,8,20,23,15,14.4,0,0,0,1.2000000000000002,,,,,,,,,,,,,,,,,,,,,,,,,,,,,,,,,,,,
22272,2019,8,20,23,30,14.3,0,0,0,1.3,,,,,,,,,,,,,,,,,,,,,,,,,,,,,,,,,,,,
22273,2019,8,20,23,45,14.1,0,0,0,1.3,,,,,,,,,,,,,,,,,,,,,,,,,,,,,,,,,,,,
22274,2019,8,21,0,0,14.0,0,0,0,1.3,,,,,,,,,,,,,,,,,,,,,,,,,,,,,,,,,,,,
22275,2019,8,21,0,15,14.0,0,0,0,1.3,,,,,,,,,,,,,,,,,,,,,,,,,,,,,,,,,,,,
22276,2019,8,21,0,30,14.0,0,0,0,1.3,,,,,,,,,,,,,,,,,,,,,,,,,,,,,,,,,,,,
22277,2019,8,21,0,45,14.0,0,0,0,1.3,,,,,,,,,,,,,,,,,,,,,,,,,,,,,,,,,,,,
22278,2019,8,21,1,0,13.5,0,0,0,1.5,,,,,,,,,,,,,,,,,,,,,,,,,,,,,,,,,,,,
22279,2019,8,21,1,15,13.4,0,0,0,1.6,,,,,,,,,,,,,,,,,,,,,,,,,,,,,,,,,,,,
22280,2019,8,21,1,30,13.2,0,0,0,1.6,,,,,,,,,,,,,,,,,,,,,,,,,,,,,,,,,,,,
22281,2019,8,21,1,45,13.1,0,0,0,1.6,,,,,,,,,,,,,,,,,,,,,,,,,,,,,,,,,,,,
22282,2019,8,21,2,0,13.0,0,0,0,1.7000000000000002,,,,,,,,,,,,,,,,,,,,,,,,,,,,,,,,,,,,
22283,2019,8,21,2,15,12.7,0,0,0,1.7000000000000002,,,,,,,,,,,,,,,,,,,,,,,,,,,,,,,,,,,,
22284,2019,8,21,2,30,12.5,0,0,0,1.7000000000000002,,,,,,,,,,,,,,,,,,,,,,,,,,,,,,,,,,,,
22285,2019,8,21,2,45,12.3,0,0,0,1.6,,,,,,,,,,,,,,,,,,,,,,,,,,,,,,,,,,,,
22286,2019,8,21,3,0,12.1,0,0,0,1.6,,,,,,,,,,,,,,,,,,,,,,,,,,,,,,,,,,,,
22287,2019,8,21,3,15,11.9,0,0,0,1.6,,,,,,,,,,,,,,,,,,,,,,,,,,,,,,,,,,,,
22288,2019,8,21,3,30,11.7,0,0,0,1.6,,,,,,,,,,,,,,,,,,,,,,,,,,,,,,,,,,,,
22289,2019,8,21,3,45,11.5,0,0,0,1.6,,,,,,,,,,,,,,,,,,,,,,,,,,,,,,,,,,,,
22290,2019,8,21,4,0,11.3,0,0,0,1.6,,,,,,,,,,,,,,,,,,,,,,,,,,,,,,,,,,,,
22291,2019,8,21,4,15,11.3,0,0,0,1.7000000000000002,,,,,,,,,,,,,,,,,,,,,,,,,,,,,,,,,,,,
22292,2019,8,21,4,30,11.3,0,0,0,1.8,,,,,,,,,,,,,,,,,,,,,,,,,,,,,,,,,,,,
22293,2019,8,21,4,45,11.3,0,0,0,1.8,,,,,,,,,,,,,,,,,,,,,,,,,,,,,,,,,,,,
22294,2019,8,21,5,0,11.3,0,0,0,1.9,,,,,,,,,,,,,,,,,,,,,,,,,,,,,,,,,,,,
22295,2019,8,21,5,15,11.7,0,0,0,2.1,,,,,,,,,,,,,,,,,,,,,,,,,,,,,,,,,,,,
22296,2019,8,21,5,30,12.1,17,69,20,2.2,,,,,,,,,,,,,,,,,,,,,,,,,,,,,,,,,,,,
22297,2019,8,21,5,45,12.4,31,143,43,2.4000000000000004,,,,,,,,,,,,,,,,,,,,,,,,,,,,,,,,,,,,
22298,2019,8,21,6,0,12.8,46,215,72,2.6,,,,,,,,,,,,,,,,,,,,,,,,,,,,,,,,,,,,
22299,2019,8,21,6,15,13.4,59,282,105,2.6,,,,,,,,,,,,,,,,,,,,,,,,,,,,,,,,,,,,
22300,2019,8,21,6,30,14.0,71,343,140,2.5,,,,,,,,,,,,,,,,,,,,,,,,,,,,,,,,,,,,
22301,2019,8,21,6,45,14.6,80,405,177,2.5,,,,,,,,,,,,,,,,,,,,,,,,,,,,,,,,,,,,
22302,2019,8,21,7,0,15.2,90,453,216,2.5,,,,,,,,,,,,,,,,,,,,,,,,,,,,,,,,,,,,
22303,2019,8,21,7,15,15.9,98,495,255,2.5,,,,,,,,,,,,,,,,,,,,,,,,,,,,,,,,,,,,
22304,2019,8,21,7,30,16.6,106,535,296,2.6,,,,,,,,,,,,,,,,,,,,,,,,,,,,,,,,,,,,
22305,2019,8,21,7,45,17.3,107,585,336,2.6,,,,,,,,,,,,,,,,,,,,,,,,,,,,,,,,,,,,
22306,2019,8,21,8,0,18.0,113,614,376,2.7,,,,,,,,,,,,,,,,,,,,,,,,,,,,,,,,,,,,
22307,2019,8,21,8,15,18.4,118,639,414,2.7,,,,,,,,,,,,,,,,,,,,,,,,,,,,,,,,,,,,
22308,2019,8,21,8,30,18.8,123,662,452,2.7,,,,,,,,,,,,,,,,,,,,,,,,,,,,,,,,,,,,
22309,2019,8,21,8,45,19.200000000000003,117,712,494,2.7,,,,,,,,,,,,,,,,,,,,,,,,,,,,,,,,,,,,
22310,2019,8,21,9,0,19.700000000000003,120,729,529,2.7,,,,,,,,,,,,,,,,,,,,,,,,,,,,,,,,,,,,
22311,2019,8,21,9,15,20.0,123,744,561,2.7,,,,,,,,,,,,,,,,,,,,,,,,,,,,,,,,,,,,
22312,2019,8,21,9,30,20.3,125,758,593,2.7,,,,,,,,,,,,,,,,,,,,,,,,,,,,,,,,,,,,
22313,2019,8,21,9,45,20.6,120,788,626,2.7,,,,,,,,,,,,,,,,,,,,,,,,,,,,,,,,,,,,
22314,2019,8,21,10,0,20.9,122,798,653,2.7,,,,,,,,,,,,,,,,,,,,,,,,,,,,,,,,,,,,
22315,2019,8,21,10,15,21.200000000000003,124,807,678,2.7,,,,,,,,,,,,,,,,,,,,,,,,,,,,,,,,,,,,
22316,2019,8,21,10,30,21.5,325,204,469,2.7,,,,,,,,,,,,,,,,,,,,,,,,,,,,,,,,,,,,
22317,2019,8,21,10,45,21.700000000000003,123,833,724,2.7,,,,,,,,,,,,,,,,,,,,,,,,,,,,,,,,,,,,
22318,2019,8,21,11,0,22.0,124,838,741,2.8000000000000003,,,,,,,,,,,,,,,,,,,,,,,,,,,,,,,,,,,,
22319,2019,8,21,11,15,22.200000000000003,124,842,754,2.7,,,,,,,,,,,,,,,,,,,,,,,,,,,,,,,,,,,,
22320,2019,8,21,11,30,22.4,355,218,520,2.7,,,,,,,,,,,,,,,,,,,,,,,,,,,,,,,,,,,,
22321,2019,8,21,11,45,22.6,359,220,527,2.7,,,,,,,,,,,,,,,,,,,,,,,,,,,,,,,,,,,,
22322,2019,8,21,12,0,22.8,361,221,531,2.7,,,,,,,,,,,,,,,,,,,,,,,,,,,,,,,,,,,,
22323,2019,8,21,12,15,23.0,362,221,532,2.6,,,,,,,,,,,,,,,,,,,,,,,,,,,,,,,,,,,,
22324,2019,8,21,12,30,23.1,361,221,531,2.5,,,,,,,,,,,,,,,,,,,,,,,,,,,,,,,,,,,,
22325,2019,8,21,12,45,23.3,359,222,529,2.5,,,,,,,,,,,,,,,,,,,,,,,,,,,,,,,,,,,,
22326,2019,8,21,13,0,23.4,356,220,523,2.4000000000000004,,,,,,,,,,,,,,,,,,,,,,,,,,,,,,,,,,,,
22327,2019,8,21,13,15,23.5,351,218,514,2.3000000000000003,,,,,,,,,,,,,,,,,,,,,,,,,,,,,,,,,,,,
22328,2019,8,21,13,30,23.5,344,215,503,2.3000000000000003,,,,,,,,,,,,,,,,,,,,,,,,,,,,,,,,,,,,
22329,2019,8,21,13,45,23.6,337,211,490,2.2,,,,,,,,,,,,,,,,,,,,,,,,,,,,,,,,,,,,
22330,2019,8,21,14,0,23.700000000000003,316,278,513,2.1,,,,,,,,,,,,,,,,,,,,,,,,,,,,,,,,,,,,
22331,2019,8,21,14,15,23.700000000000003,306,272,494,2.0,,,,,,,,,,,,,,,,,,,,,,,,,,,,,,,,,,,,
22332,2019,8,21,14,30,23.700000000000003,293,277,479,2.0,,,,,,,,,,,,,,,,,,,,,,,,,,,,,,,,,,,,
22333,2019,8,21,14,45,23.6,280,278,460,1.9,,,,,,,,,,,,,,,,,,,,,,,,,,,,,,,,,,,,
22334,2019,8,21,15,0,23.6,270,257,431,1.8,,,,,,,,,,,,,,,,,,,,,,,,,,,,,,,,,,,,
22335,2019,8,21,15,15,23.5,257,248,405,1.8,,,,,,,,,,,,,,,,,,,,,,,,,,,,,,,,,,,,
22336,2019,8,21,15,30,23.4,238,265,389,1.8,,,,,,,,,,,,,,,,,,,,,,,,,,,,,,,,,,,,
22337,2019,8,21,15,45,23.3,122,704,501,1.7000000000000002,,,,,,,,,,,,,,,,,,,,,,,,,,,,,,,,,,,,
22338,2019,8,21,16,0,23.1,118,685,465,1.7000000000000002,,,,,,,,,,,,,,,,,,,,,,,,,,,,,,,,,,,,
22339,2019,8,21,16,15,22.9,114,664,427,1.7000000000000002,,,,,,,,,,,,,,,,,,,,,,,,,,,,,,,,,,,,
22340,2019,8,21,16,30,22.700000000000003,110,639,390,1.6,,,,,,,,,,,,,,,,,,,,,,,,,,,,,,,,,,,,
22341,2019,8,21,16,45,22.4,106,605,349,1.6,,,,,,,,,,,,,,,,,,,,,,,,,,,,,,,,,,,,
22342,2019,8,21,17,0,22.200000000000003,100,573,310,1.5,,,,,,,,,,,,,,,,,,,,,,,,,,,,,,,,,,,,
22343,2019,8,21,17,15,21.6,94,538,269,1.3,,,,,,,,,,,,,,,,,,,,,,,,,,,,,,,,,,,,
22344,2019,8,21,17,30,20.9,86,497,230,1.2000000000000002,,,,,,,,,,,,,,,,,,,,,,,,,,,,,,,,,,,,
22345,2019,8,21,17,45,20.3,79,443,190,1.0,,,,,,,,,,,,,,,,,,,,,,,,,,,,,,,,,,,,
22346,2019,8,21,18,0,19.700000000000003,76,83,94,0.8,,,,,,,,,,,,,,,,,,,,,,,,,,,,,,,,,,,,
22347,2019,8,21,18,15,19.0,60,58,70,0.8,,,,,,,,,,,,,,,,,,,,,,,,,,,,,,,,,,,,
22348,2019,8,21,18,30,18.3,44,33,48,0.9,,,,,,,,,,,,,,,,,,,,,,,,,,,,,,,,,,,,
22349,2019,8,21,18,45,17.5,30,5,30,0.9,,,,,,,,,,,,,,,,,,,,,,,,,,,,,,,,,,,,
22350,2019,8,21,19,0,16.8,15,0,15,1.0,,,,,,,,,,,,,,,,,,,,,,,,,,,,,,,,,,,,
22351,2019,8,21,19,15,16.6,8,31,9,1.0,,,,,,,,,,,,,,,,,,,,,,,,,,,,,,,,,,,,
22352,2019,8,21,19,30,16.400000000000002,0,0,0,1.0,,,,,,,,,,,,,,,,,,,,,,,,,,,,,,,,,,,,
22353,2019,8,21,19,45,16.2,0,0,0,1.0,,,,,,,,,,,,,,,,,,,,,,,,,,,,,,,,,,,,
22354,2019,8,21,20,0,16.0,0,0,0,1.0,,,,,,,,,,,,,,,,,,,,,,,,,,,,,,,,,,,,
22355,2019,8,21,20,15,15.8,0,0,0,1.0,,,,,,,,,,,,,,,,,,,,,,,,,,,,,,,,,,,,
22356,2019,8,21,20,30,15.7,0,0,0,1.0,,,,,,,,,,,,,,,,,,,,,,,,,,,,,,,,,,,,
22357,2019,8,21,20,45,15.5,0,0,0,1.0,,,,,,,,,,,,,,,,,,,,,,,,,,,,,,,,,,,,
22358,2019,8,21,21,0,15.3,0,0,0,1.0,,,,,,,,,,,,,,,,,,,,,,,,,,,,,,,,,,,,
22359,2019,8,21,21,15,15.2,0,0,0,1.0,,,,,,,,,,,,,,,,,,,,,,,,,,,,,,,,,,,,
22360,2019,8,21,21,30,15.1,0,0,0,1.0,,,,,,,,,,,,,,,,,,,,,,,,,,,,,,,,,,,,
22361,2019,8,21,21,45,15.0,0,0,0,1.0,,,,,,,,,,,,,,,,,,,,,,,,,,,,,,,,,,,,
22362,2019,8,21,22,0,14.9,0,0,0,1.0,,,,,,,,,,,,,,,,,,,,,,,,,,,,,,,,,,,,
22363,2019,8,21,22,15,14.7,0,0,0,1.0,,,,,,,,,,,,,,,,,,,,,,,,,,,,,,,,,,,,
22364,2019,8,21,22,30,14.6,0,0,0,0.9,,,,,,,,,,,,,,,,,,,,,,,,,,,,,,,,,,,,
22365,2019,8,21,22,45,14.5,0,0,0,0.9,,,,,,,,,,,,,,,,,,,,,,,,,,,,,,,,,,,,
22366,2019,8,21,23,0,14.4,0,0,0,0.9,,,,,,,,,,,,,,,,,,,,,,,,,,,,,,,,,,,,
22367,2019,8,21,23,15,14.2,0,0,0,0.9,,,,,,,,,,,,,,,,,,,,,,,,,,,,,,,,,,,,
22368,2019,8,21,23,30,14.1,0,0,0,0.9,,,,,,,,,,,,,,,,,,,,,,,,,,,,,,,,,,,,
22369,2019,8,21,23,45,13.9,0,0,0,0.9,,,,,,,,,,,,,,,,,,,,,,,,,,,,,,,,,,,,
22370,2019,8,22,0,0,13.7,0,0,0,0.9,,,,,,,,,,,,,,,,,,,,,,,,,,,,,,,,,,,,
22371,2019,8,22,0,15,13.7,0,0,0,0.9,,,,,,,,,,,,,,,,,,,,,,,,,,,,,,,,,,,,
22372,2019,8,22,0,30,13.7,0,0,0,0.9,,,,,,,,,,,,,,,,,,,,,,,,,,,,,,,,,,,,
22373,2019,8,22,0,45,13.7,0,0,0,0.9,,,,,,,,,,,,,,,,,,,,,,,,,,,,,,,,,,,,
22374,2019,8,22,1,0,12.9,0,0,0,1.0,,,,,,,,,,,,,,,,,,,,,,,,,,,,,,,,,,,,
22375,2019,8,22,1,15,12.7,0,0,0,1.0,,,,,,,,,,,,,,,,,,,,,,,,,,,,,,,,,,,,
22376,2019,8,22,1,30,12.6,0,0,0,1.0,,,,,,,,,,,,,,,,,,,,,,,,,,,,,,,,,,,,
22377,2019,8,22,1,45,12.4,0,0,0,1.0,,,,,,,,,,,,,,,,,,,,,,,,,,,,,,,,,,,,
22378,2019,8,22,2,0,12.3,0,0,0,1.0,,,,,,,,,,,,,,,,,,,,,,,,,,,,,,,,,,,,
22379,2019,8,22,2,15,12.2,0,0,0,1.0,,,,,,,,,,,,,,,,,,,,,,,,,,,,,,,,,,,,
22380,2019,8,22,2,30,12.1,0,0,0,1.0,,,,,,,,,,,,,,,,,,,,,,,,,,,,,,,,,,,,
22381,2019,8,22,2,45,12.0,0,0,0,1.0,,,,,,,,,,,,,,,,,,,,,,,,,,,,,,,,,,,,
22382,2019,8,22,3,0,12.0,0,0,0,1.0,,,,,,,,,,,,,,,,,,,,,,,,,,,,,,,,,,,,
22383,2019,8,22,3,15,11.9,0,0,0,1.0,,,,,,,,,,,,,,,,,,,,,,,,,,,,,,,,,,,,
22384,2019,8,22,3,30,11.8,0,0,0,1.0,,,,,,,,,,,,,,,,,,,,,,,,,,,,,,,,,,,,
22385,2019,8,22,3,45,11.8,0,0,0,1.0,,,,,,,,,,,,,,,,,,,,,,,,,,,,,,,,,,,,
22386,2019,8,22,4,0,11.7,0,0,0,1.0,,,,,,,,,,,,,,,,,,,,,,,,,,,,,,,,,,,,
22387,2019,8,22,4,15,11.7,0,0,0,1.0,,,,,,,,,,,,,,,,,,,,,,,,,,,,,,,,,,,,
22388,2019,8,22,4,30,11.7,0,0,0,1.0,,,,,,,,,,,,,,,,,,,,,,,,,,,,,,,,,,,,
22389,2019,8,22,4,45,11.7,0,0,0,1.0,,,,,,,,,,,,,,,,,,,,,,,,,,,,,,,,,,,,
22390,2019,8,22,5,0,11.7,0,0,0,1.0,,,,,,,,,,,,,,,,,,,,,,,,,,,,,,,,,,,,
22391,2019,8,22,5,15,12.4,0,0,0,1.1,,,,,,,,,,,,,,,,,,,,,,,,,,,,,,,,,,,,
22392,2019,8,22,5,30,13.0,16,104,21,1.3,,,,,,,,,,,,,,,,,,,,,,,,,,,,,,,,,,,,
22393,2019,8,22,5,45,13.6,29,195,44,1.4,,,,,,,,,,,,,,,,,,,,,,,,,,,,,,,,,,,,
22394,2019,8,22,6,0,14.3,40,278,73,1.6,,,,,,,,,,,,,,,,,,,,,,,,,,,,,,,,,,,,
22395,2019,8,22,6,15,14.8,51,352,107,1.7000000000000002,,,,,,,,,,,,,,,,,,,,,,,,,,,,,,,,,,,,
22396,2019,8,22,6,30,15.4,61,416,143,1.8,,,,,,,,,,,,,,,,,,,,,,,,,,,,,,,,,,,,
22397,2019,8,22,6,45,16.0,69,471,180,1.9,,,,,,,,,,,,,,,,,,,,,,,,,,,,,,,,,,,,
22398,2019,8,22,7,0,16.5,77,519,219,2.0,,,,,,,,,,,,,,,,,,,,,,,,,,,,,,,,,,,,
22399,2019,8,22,7,15,17.5,83,561,259,2.2,,,,,,,,,,,,,,,,,,,,,,,,,,,,,,,,,,,,
22400,2019,8,22,7,30,18.5,89,597,299,2.4000000000000004,,,,,,,,,,,,,,,,,,,,,,,,,,,,,,,,,,,,
22401,2019,8,22,7,45,19.5,95,628,339,2.6,,,,,,,,,,,,,,,,,,,,,,,,,,,,,,,,,,,,
22402,2019,8,22,8,0,20.5,100,656,379,2.8000000000000003,,,,,,,,,,,,,,,,,,,,,,,,,,,,,,,,,,,,
22403,2019,8,22,8,15,21.1,105,680,418,2.9000000000000004,,,,,,,,,,,,,,,,,,,,,,,,,,,,,,,,,,,,
22404,2019,8,22,8,30,21.700000000000003,109,702,456,3.0,,,,,,,,,,,,,,,,,,,,,,,,,,,,,,,,,,,,
22405,2019,8,22,8,45,22.200000000000003,113,720,492,3.0,,,,,,,,,,,,,,,,,,,,,,,,,,,,,,,,,,,,
22406,2019,8,22,9,0,22.8,117,737,527,3.1,,,,,,,,,,,,,,,,,,,,,,,,,,,,,,,,,,,,
22407,2019,8,22,9,15,23.1,120,752,561,3.1,,,,,,,,,,,,,,,,,,,,,,,,,,,,,,,,,,,,
22408,2019,8,22,9,30,23.4,123,766,592,3.0,,,,,,,,,,,,,,,,,,,,,,,,,,,,,,,,,,,,
22409,2019,8,22,9,45,23.8,125,779,622,3.0,,,,,,,,,,,,,,,,,,,,,,,,,,,,,,,,,,,,
22410,2019,8,22,10,0,24.1,127,789,649,3.0,,,,,,,,,,,,,,,,,,,,,,,,,,,,,,,,,,,,
22411,2019,8,22,10,15,24.3,129,798,674,2.9000000000000004,,,,,,,,,,,,,,,,,,,,,,,,,,,,,,,,,,,,
22412,2019,8,22,10,30,24.6,131,806,696,2.8000000000000003,,,,,,,,,,,,,,,,,,,,,,,,,,,,,,,,,,,,
22413,2019,8,22,10,45,24.8,130,818,717,2.7,,,,,,,,,,,,,,,,,,,,,,,,,,,,,,,,,,,,
22414,2019,8,22,11,0,25.0,131,823,734,2.7,,,,,,,,,,,,,,,,,,,,,,,,,,,,,,,,,,,,
22415,2019,8,22,11,15,25.200000000000003,132,827,748,2.6,,,,,,,,,,,,,,,,,,,,,,,,,,,,,,,,,,,,
22416,2019,8,22,11,30,25.4,133,831,759,2.5,,,,,,,,,,,,,,,,,,,,,,,,,,,,,,,,,,,,
22417,2019,8,22,11,45,25.6,131,837,768,2.4000000000000004,,,,,,,,,,,,,,,,,,,,,,,,,,,,,,,,,,,,
22418,2019,8,22,12,0,25.8,131,839,773,2.3000000000000003,,,,,,,,,,,,,,,,,,,,,,,,,,,,,,,,,,,,
22419,2019,8,22,12,15,25.9,132,839,775,2.2,,,,,,,,,,,,,,,,,,,,,,,,,,,,,,,,,,,,
22420,2019,8,22,12,30,26.1,131,839,773,2.2,,,,,,,,,,,,,,,,,,,,,,,,,,,,,,,,,,,,
22421,2019,8,22,12,45,26.200000000000003,131,838,769,2.1,,,,,,,,,,,,,,,,,,,,,,,,,,,,,,,,,,,,
22422,2019,8,22,13,0,26.3,131,836,762,2.0,,,,,,,,,,,,,,,,,,,,,,,,,,,,,,,,,,,,
22423,2019,8,22,13,15,26.4,130,832,752,1.9,,,,,,,,,,,,,,,,,,,,,,,,,,,,,,,,,,,,
22424,2019,8,22,13,30,26.4,129,828,738,1.9,,,,,,,,,,,,,,,,,,,,,,,,,,,,,,,,,,,,
22425,2019,8,22,13,45,26.5,126,826,723,1.8,,,,,,,,,,,,,,,,,,,,,,,,,,,,,,,,,,,,
22426,2019,8,22,14,0,26.5,125,820,704,1.7000000000000002,,,,,,,,,,,,,,,,,,,,,,,,,,,,,,,,,,,,
22427,2019,8,22,14,15,26.5,123,813,682,1.7000000000000002,,,,,,,,,,,,,,,,,,,,,,,,,,,,,,,,,,,,
22428,2019,8,22,14,30,26.5,287,296,485,1.6,,,,,,,,,,,,,,,,,,,,,,,,,,,,,,,,,,,,
22429,2019,8,22,14,45,26.5,276,289,462,1.6,,,,,,,,,,,,,,,,,,,,,,,,,,,,,,,,,,,,
22430,2019,8,22,15,0,26.4,116,785,603,1.5,,,,,,,,,,,,,,,,,,,,,,,,,,,,,,,,,,,,
22431,2019,8,22,15,15,26.3,114,772,571,1.5,,,,,,,,,,,,,,,,,,,,,,,,,,,,,,,,,,,,
22432,2019,8,22,15,30,26.200000000000003,237,259,383,1.5,,,,,,,,,,,,,,,,,,,,,,,,,,,,,,,,,,,,
22433,2019,8,22,15,45,26.1,108,742,503,1.4,,,,,,,,,,,,,,,,,,,,,,,,,,,,,,,,,,,,
22434,2019,8,22,16,0,26.0,104,724,467,1.4,,,,,,,,,,,,,,,,,,,,,,,,,,,,,,,,,,,,
22435,2019,8,22,16,15,25.700000000000003,100,703,429,1.4,,,,,,,,,,,,,,,,,,,,,,,,,,,,,,,,,,,,
22436,2019,8,22,16,30,25.5,96,680,390,1.3,,,,,,,,,,,,,,,,,,,,,,,,,,,,,,,,,,,,
22437,2019,8,22,16,45,25.200000000000003,92,653,351,1.2000000000000002,,,,,,,,,,,,,,,,,,,,,,,,,,,,,,,,,,,,
22438,2019,8,22,17,0,25.0,87,623,311,1.2000000000000002,,,,,,,,,,,,,,,,,,,,,,,,,,,,,,,,,,,,
22439,2019,8,22,17,15,24.4,81,588,270,1.1,,,,,,,,,,,,,,,,,,,,,,,,,,,,,,,,,,,,
22440,2019,8,22,17,30,23.700000000000003,75,548,230,1.0,,,,,,,,,,,,,,,,,,,,,,,,,,,,,,,,,,,,
22441,2019,8,22,17,45,23.0,68,503,191,0.9,,,,,,,,,,,,,,,,,,,,,,,,,,,,,,,,,,,,
22442,2019,8,22,18,0,22.4,60,449,152,0.8,,,,,,,,,,,,,,,,,,,,,,,,,,,,,,,,,,,,
22443,2019,8,22,18,15,21.8,51,387,115,0.8,,,,,,,,,,,,,,,,,,,,,,,,,,,,,,,,,,,,
22444,2019,8,22,18,30,21.200000000000003,42,314,81,0.9,,,,,,,,,,,,,,,,,,,,,,,,,,,,,,,,,,,,
22445,2019,8,22,18,45,20.6,30,231,51,1.0,,,,,,,,,,,,,,,,,,,,,,,,,,,,,,,,,,,,
22446,2019,8,22,19,0,20.1,19,138,26,1.1,,,,,,,,,,,,,,,,,,,,,,,,,,,,,,,,,,,,
22447,2019,8,22,19,15,19.700000000000003,0,0,0,1.1,,,,,,,,,,,,,,,,,,,,,,,,,,,,,,,,,,,,
22448,2019,8,22,19,30,19.3,0,0,0,1.1,,,,,,,,,,,,,,,,,,,,,,,,,,,,,,,,,,,,
22449,2019,8,22,19,45,19.0,0,0,0,1.1,,,,,,,,,,,,,,,,,,,,,,,,,,,,,,,,,,,,
22450,2019,8,22,20,0,18.6,0,0,0,1.1,,,,,,,,,,,,,,,,,,,,,,,,,,,,,,,,,,,,
22451,2019,8,22,20,15,18.3,0,0,0,1.2000000000000002,,,,,,,,,,,,,,,,,,,,,,,,,,,,,,,,,,,,
22452,2019,8,22,20,30,18.0,0,0,0,1.2000000000000002,,,,,,,,,,,,,,,,,,,,,,,,,,,,,,,,,,,,
22453,2019,8,22,20,45,17.7,0,0,0,1.2000000000000002,,,,,,,,,,,,,,,,,,,,,,,,,,,,,,,,,,,,
22454,2019,8,22,21,0,17.400000000000002,0,0,0,1.2000000000000002,,,,,,,,,,,,,,,,,,,,,,,,,,,,,,,,,,,,
22455,2019,8,22,21,15,17.1,0,0,0,1.2000000000000002,,,,,,,,,,,,,,,,,,,,,,,,,,,,,,,,,,,,
22456,2019,8,22,21,30,16.900000000000002,0,0,0,1.2000000000000002,,,,,,,,,,,,,,,,,,,,,,,,,,,,,,,,,,,,
22457,2019,8,22,21,45,16.6,0,0,0,1.2000000000000002,,,,,,,,,,,,,,,,,,,,,,,,,,,,,,,,,,,,
22458,2019,8,22,22,0,16.400000000000002,0,0,0,1.2000000000000002,,,,,,,,,,,,,,,,,,,,,,,,,,,,,,,,,,,,
22459,2019,8,22,22,15,16.2,0,0,0,1.2000000000000002,,,,,,,,,,,,,,,,,,,,,,,,,,,,,,,,,,,,
22460,2019,8,22,22,30,16.0,0,0,0,1.2000000000000002,,,,,,,,,,,,,,,,,,,,,,,,,,,,,,,,,,,,
22461,2019,8,22,22,45,15.8,0,0,0,1.2000000000000002,,,,,,,,,,,,,,,,,,,,,,,,,,,,,,,,,,,,
22462,2019,8,22,23,0,15.6,0,0,0,1.2000000000000002,,,,,,,,,,,,,,,,,,,,,,,,,,,,,,,,,,,,
22463,2019,8,22,23,15,15.4,0,0,0,1.2000000000000002,,,,,,,,,,,,,,,,,,,,,,,,,,,,,,,,,,,,
22464,2019,8,22,23,30,15.3,0,0,0,1.2000000000000002,,,,,,,,,,,,,,,,,,,,,,,,,,,,,,,,,,,,
22465,2019,8,22,23,45,15.1,0,0,0,1.2000000000000002,,,,,,,,,,,,,,,,,,,,,,,,,,,,,,,,,,,,
22466,2019,8,23,0,0,15.0,0,0,0,1.2000000000000002,,,,,,,,,,,,,,,,,,,,,,,,,,,,,,,,,,,,
22467,2019,8,23,0,15,15.0,0,0,0,1.2000000000000002,,,,,,,,,,,,,,,,,,,,,,,,,,,,,,,,,,,,
22468,2019,8,23,0,30,15.0,0,0,0,1.2000000000000002,,,,,,,,,,,,,,,,,,,,,,,,,,,,,,,,,,,,
22469,2019,8,23,0,45,15.0,0,0,0,1.2000000000000002,,,,,,,,,,,,,,,,,,,,,,,,,,,,,,,,,,,,
22470,2019,8,23,1,0,14.5,0,0,0,1.2000000000000002,,,,,,,,,,,,,,,,,,,,,,,,,,,,,,,,,,,,
22471,2019,8,23,1,15,14.4,0,0,0,1.2000000000000002,,,,,,,,,,,,,,,,,,,,,,,,,,,,,,,,,,,,
22472,2019,8,23,1,30,14.3,0,0,0,1.2000000000000002,,,,,,,,,,,,,,,,,,,,,,,,,,,,,,,,,,,,
22473,2019,8,23,1,45,14.2,0,0,0,1.1,,,,,,,,,,,,,,,,,,,,,,,,,,,,,,,,,,,,
22474,2019,8,23,2,0,14.1,0,0,0,1.1,,,,,,,,,,,,,,,,,,,,,,,,,,,,,,,,,,,,
22475,2019,8,23,2,15,14.0,0,0,0,1.1,,,,,,,,,,,,,,,,,,,,,,,,,,,,,,,,,,,,
22476,2019,8,23,2,30,13.9,0,0,0,1.1,,,,,,,,,,,,,,,,,,,,,,,,,,,,,,,,,,,,
22477,2019,8,23,2,45,13.9,0,0,0,1.1,,,,,,,,,,,,,,,,,,,,,,,,,,,,,,,,,,,,
22478,2019,8,23,3,0,13.8,0,0,0,1.1,,,,,,,,,,,,,,,,,,,,,,,,,,,,,,,,,,,,
22479,2019,8,23,3,15,13.7,0,0,0,1.1,,,,,,,,,,,,,,,,,,,,,,,,,,,,,,,,,,,,
22480,2019,8,23,3,30,13.7,0,0,0,1.1,,,,,,,,,,,,,,,,,,,,,,,,,,,,,,,,,,,,
22481,2019,8,23,3,45,13.6,0,0,0,1.1,,,,,,,,,,,,,,,,,,,,,,,,,,,,,,,,,,,,
22482,2019,8,23,4,0,13.5,0,0,0,1.1,,,,,,,,,,,,,,,,,,,,,,,,,,,,,,,,,,,,
22483,2019,8,23,4,15,13.6,0,0,0,1.0,,,,,,,,,,,,,,,,,,,,,,,,,,,,,,,,,,,,
22484,2019,8,23,4,30,13.6,0,0,0,1.0,,,,,,,,,,,,,,,,,,,,,,,,,,,,,,,,,,,,
22485,2019,8,23,4,45,13.6,0,0,0,1.0,,,,,,,,,,,,,,,,,,,,,,,,,,,,,,,,,,,,
22486,2019,8,23,5,0,13.6,0,0,0,1.0,,,,,,,,,,,,,,,,,,,,,,,,,,,,,,,,,,,,
22487,2019,8,23,5,15,14.2,0,0,0,1.0,,,,,,,,,,,,,,,,,,,,,,,,,,,,,,,,,,,,
22488,2019,8,23,5,30,14.7,15,118,20,0.9,,,,,,,,,,,,,,,,,,,,,,,,,,,,,,,,,,,,
22489,2019,8,23,5,45,15.3,27,216,43,0.9,,,,,,,,,,,,,,,,,,,,,,,,,,,,,,,,,,,,
22490,2019,8,23,6,0,15.8,37,305,73,0.9,,,,,,,,,,,,,,,,,,,,,,,,,,,,,,,,,,,,
22491,2019,8,23,6,15,16.3,47,382,106,0.9,,,,,,,,,,,,,,,,,,,,,,,,,,,,,,,,,,,,
22492,2019,8,23,6,30,16.900000000000002,56,448,142,0.9,,,,,,,,,,,,,,,,,,,,,,,,,,,,,,,,,,,,
22493,2019,8,23,6,45,17.400000000000002,63,503,180,0.9,,,,,,,,,,,,,,,,,,,,,,,,,,,,,,,,,,,,
22494,2019,8,23,7,0,17.900000000000002,70,551,220,1.0,,,,,,,,,,,,,,,,,,,,,,,,,,,,,,,,,,,,
22495,2019,8,23,7,15,18.8,76,590,259,0.8,,,,,,,,,,,,,,,,,,,,,,,,,,,,,,,,,,,,
22496,2019,8,23,7,30,19.6,82,626,300,0.7000000000000001,,,,,,,,,,,,,,,,,,,,,,,,,,,,,,,,,,,,
22497,2019,8,23,7,45,20.5,87,657,340,0.6000000000000001,,,,,,,,,,,,,,,,,,,,,,,,,,,,,,,,,,,,
22498,2019,8,23,8,0,21.3,91,684,379,0.5,,,,,,,,,,,,,,,,,,,,,,,,,,,,,,,,,,,,
22499,2019,8,23,8,15,22.1,95,708,418,0.8,,,,,,,,,,,,,,,,,,,,,,,,,,,,,,,,,,,,
22500,2019,8,23,8,30,23.0,99,729,456,1.0,,,,,,,,,,,,,,,,,,,,,,,,,,,,,,,,,,,,
22501,2019,8,23,8,45,23.8,103,747,493,1.3,,,,,,,,,,,,,,,,,,,,,,,,,,,,,,,,,,,,
22502,2019,8,23,9,0,24.6,106,763,528,1.6,,,,,,,,,,,,,,,,,,,,,,,,,,,,,,,,,,,,
22503,2019,8,23,9,15,25.0,109,778,562,1.6,,,,,,,,,,,,,,,,,,,,,,,,,,,,,,,,,,,,
22504,2019,8,23,9,30,25.3,111,791,593,1.6,,,,,,,,,,,,,,,,,,,,,,,,,,,,,,,,,,,,
22505,2019,8,23,9,45,25.6,113,803,623,1.7000000000000002,,,,,,,,,,,,,,,,,,,,,,,,,,,,,,,,,,,,
22506,2019,8,23,10,0,26.0,115,813,650,1.7000000000000002,,,,,,,,,,,,,,,,,,,,,,,,,,,,,,,,,,,,
22507,2019,8,23,10,15,26.200000000000003,117,822,675,1.7000000000000002,,,,,,,,,,,,,,,,,,,,,,,,,,,,,,,,,,,,
22508,2019,8,23,10,30,26.5,118,829,697,1.7000000000000002,,,,,,,,,,,,,,,,,,,,,,,,,,,,,,,,,,,,
22509,2019,8,23,10,45,26.8,119,836,717,1.7000000000000002,,,,,,,,,,,,,,,,,,,,,,,,,,,,,,,,,,,,
22510,2019,8,23,11,0,27.0,120,841,734,1.7000000000000002,,,,,,,,,,,,,,,,,,,,,,,,,,,,,,,,,,,,
22511,2019,8,23,11,15,27.200000000000003,121,846,748,1.7000000000000002,,,,,,,,,,,,,,,,,,,,,,,,,,,,,,,,,,,,
22512,2019,8,23,11,30,27.4,122,849,759,1.7000000000000002,,,,,,,,,,,,,,,,,,,,,,,,,,,,,,,,,,,,
22513,2019,8,23,11,45,27.6,122,852,767,1.6,,,,,,,,,,,,,,,,,,,,,,,,,,,,,,,,,,,,
22514,2019,8,23,12,0,27.8,122,854,772,1.6,,,,,,,,,,,,,,,,,,,,,,,,,,,,,,,,,,,,
22515,2019,8,23,12,15,28.0,122,854,774,1.6,,,,,,,,,,,,,,,,,,,,,,,,,,,,,,,,,,,,
22516,2019,8,23,12,30,28.1,122,854,773,1.7000000000000002,,,,,,,,,,,,,,,,,,,,,,,,,,,,,,,,,,,,
22517,2019,8,23,12,45,28.3,121,855,769,1.7000000000000002,,,,,,,,,,,,,,,,,,,,,,,,,,,,,,,,,,,,
22518,2019,8,23,13,0,28.4,120,853,762,1.7000000000000002,,,,,,,,,,,,,,,,,,,,,,,,,,,,,,,,,,,,
22519,2019,8,23,13,15,28.5,120,850,751,1.7000000000000002,,,,,,,,,,,,,,,,,,,,,,,,,,,,,,,,,,,,
22520,2019,8,23,13,30,28.6,119,846,738,1.7000000000000002,,,,,,,,,,,,,,,,,,,,,,,,,,,,,,,,,,,,
22521,2019,8,23,13,45,28.6,117,842,722,1.8,,,,,,,,,,,,,,,,,,,,,,,,,,,,,,,,,,,,
22522,2019,8,23,14,0,28.700000000000003,116,836,703,1.8,,,,,,,,,,,,,,,,,,,,,,,,,,,,,,,,,,,,
22523,2019,8,23,14,15,28.700000000000003,114,829,681,1.8,,,,,,,,,,,,,,,,,,,,,,,,,,,,,,,,,,,,
22524,2019,8,23,14,30,28.6,113,821,657,1.9,,,,,,,,,,,,,,,,,,,,,,,,,,,,,,,,,,,,
22525,2019,8,23,14,45,28.6,111,811,630,1.9,,,,,,,,,,,,,,,,,,,,,,,,,,,,,,,,,,,,
22526,2019,8,23,15,0,28.6,109,801,601,2.0,,,,,,,,,,,,,,,,,,,,,,,,,,,,,,,,,,,,
22527,2019,8,23,15,15,28.5,106,788,570,2.0,,,,,,,,,,,,,,,,,,,,,,,,,,,,,,,,,,,,
22528,2019,8,23,15,30,28.3,104,774,536,2.0,,,,,,,,,,,,,,,,,,,,,,,,,,,,,,,,,,,,
22529,2019,8,23,15,45,28.200000000000003,101,757,501,2.0,,,,,,,,,,,,,,,,,,,,,,,,,,,,,,,,,,,,
22530,2019,8,23,16,0,28.1,98,739,465,2.1,,,,,,,,,,,,,,,,,,,,,,,,,,,,,,,,,,,,
22531,2019,8,23,16,15,27.700000000000003,94,718,427,1.9,,,,,,,,,,,,,,,,,,,,,,,,,,,,,,,,,,,,
22532,2019,8,23,16,30,27.4,90,695,388,1.8,,,,,,,,,,,,,,,,,,,,,,,,,,,,,,,,,,,,
22533,2019,8,23,16,45,27.1,86,667,348,1.7000000000000002,,,,,,,,,,,,,,,,,,,,,,,,,,,,,,,,,,,,
22534,2019,8,23,17,0,26.8,82,636,307,1.6,,,,,,,,,,,,,,,,,,,,,,,,,,,,,,,,,,,,
22535,2019,8,23,17,15,26.0,76,601,267,1.4,,,,,,,,,,,,,,,,,,,,,,,,,,,,,,,,,,,,
22536,2019,8,23,17,30,25.1,70,561,226,1.3,,,,,,,,,,,,,,,,,,,,,,,,,,,,,,,,,,,,
22537,2019,8,23,17,45,24.200000000000003,64,513,186,1.1,,,,,,,,,,,,,,,,,,,,,,,,,,,,,,,,,,,,
22538,2019,8,23,18,0,23.3,56,459,148,1.0,,,,,,,,,,,,,,,,,,,,,,,,,,,,,,,,,,,,
22539,2019,8,23,18,15,22.6,48,395,111,1.0,,,,,,,,,,,,,,,,,,,,,,,,,,,,,,,,,,,,
22540,2019,8,23,18,30,21.9,38,321,77,1.1,,,,,,,,,,,,,,,,,,,,,,,,,,,,,,,,,,,,
22541,2019,8,23,18,45,21.1,28,232,47,1.1,,,,,,,,,,,,,,,,,,,,,,,,,,,,,,,,,,,,
22542,2019,8,23,19,0,20.4,16,135,22,1.2000000000000002,,,,,,,,,,,,,,,,,,,,,,,,,,,,,,,,,,,,
22543,2019,8,23,19,15,20.1,0,0,0,1.2000000000000002,,,,,,,,,,,,,,,,,,,,,,,,,,,,,,,,,,,,
22544,2019,8,23,19,30,19.8,0,0,0,1.2000000000000002,,,,,,,,,,,,,,,,,,,,,,,,,,,,,,,,,,,,
22545,2019,8,23,19,45,19.5,0,0,0,1.2000000000000002,,,,,,,,,,,,,,,,,,,,,,,,,,,,,,,,,,,,
22546,2019,8,23,20,0,19.200000000000003,0,0,0,1.2000000000000002,,,,,,,,,,,,,,,,,,,,,,,,,,,,,,,,,,,,
22547,2019,8,23,20,15,19.0,0,0,0,1.2000000000000002,,,,,,,,,,,,,,,,,,,,,,,,,,,,,,,,,,,,
22548,2019,8,23,20,30,18.7,0,0,0,1.2000000000000002,,,,,,,,,,,,,,,,,,,,,,,,,,,,,,,,,,,,
22549,2019,8,23,20,45,18.5,0,0,0,1.2000000000000002,,,,,,,,,,,,,,,,,,,,,,,,,,,,,,,,,,,,
22550,2019,8,23,21,0,18.3,0,0,0,1.3,,,,,,,,,,,,,,,,,,,,,,,,,,,,,,,,,,,,
22551,2019,8,23,21,15,18.1,0,0,0,1.3,,,,,,,,,,,,,,,,,,,,,,,,,,,,,,,,,,,,
22552,2019,8,23,21,30,17.8,0,0,0,1.2000000000000002,,,,,,,,,,,,,,,,,,,,,,,,,,,,,,,,,,,,
22553,2019,8,23,21,45,17.6,0,0,0,1.2000000000000002,,,,,,,,,,,,,,,,,,,,,,,,,,,,,,,,,,,,
22554,2019,8,23,22,0,17.400000000000002,0,0,0,1.2000000000000002,,,,,,,,,,,,,,,,,,,,,,,,,,,,,,,,,,,,
22555,2019,8,23,22,15,17.2,0,0,0,1.2000000000000002,,,,,,,,,,,,,,,,,,,,,,,,,,,,,,,,,,,,
22556,2019,8,23,22,30,17.0,0,0,0,1.2000000000000002,,,,,,,,,,,,,,,,,,,,,,,,,,,,,,,,,,,,
22557,2019,8,23,22,45,16.7,0,0,0,1.2000000000000002,,,,,,,,,,,,,,,,,,,,,,,,,,,,,,,,,,,,
22558,2019,8,23,23,0,16.5,0,0,0,1.2000000000000002,,,,,,,,,,,,,,,,,,,,,,,,,,,,,,,,,,,,
22559,2019,8,23,23,15,16.3,0,0,0,1.2000000000000002,,,,,,,,,,,,,,,,,,,,,,,,,,,,,,,,,,,,
22560,2019,8,23,23,30,16.1,0,0,0,1.2000000000000002,,,,,,,,,,,,,,,,,,,,,,,,,,,,,,,,,,,,
22561,2019,8,23,23,45,15.9,0,0,0,1.2000000000000002,,,,,,,,,,,,,,,,,,,,,,,,,,,,,,,,,,,,
22562,2019,8,24,0,0,15.8,0,0,0,1.2000000000000002,,,,,,,,,,,,,,,,,,,,,,,,,,,,,,,,,,,,
22563,2019,8,24,0,15,15.8,0,0,0,1.2000000000000002,,,,,,,,,,,,,,,,,,,,,,,,,,,,,,,,,,,,
22564,2019,8,24,0,30,15.8,0,0,0,1.2000000000000002,,,,,,,,,,,,,,,,,,,,,,,,,,,,,,,,,,,,
22565,2019,8,24,0,45,15.8,0,0,0,1.2000000000000002,,,,,,,,,,,,,,,,,,,,,,,,,,,,,,,,,,,,
22566,2019,8,24,1,0,15.1,0,0,0,1.1,,,,,,,,,,,,,,,,,,,,,,,,,,,,,,,,,,,,
22567,2019,8,24,1,15,15.0,0,0,0,1.1,,,,,,,,,,,,,,,,,,,,,,,,,,,,,,,,,,,,
22568,2019,8,24,1,30,14.9,0,0,0,1.1,,,,,,,,,,,,,,,,,,,,,,,,,,,,,,,,,,,,
22569,2019,8,24,1,45,14.8,0,0,0,1.1,,,,,,,,,,,,,,,,,,,,,,,,,,,,,,,,,,,,
22570,2019,8,24,2,0,14.7,0,0,0,1.1,,,,,,,,,,,,,,,,,,,,,,,,,,,,,,,,,,,,
22571,2019,8,24,2,15,14.6,0,0,0,1.1,,,,,,,,,,,,,,,,,,,,,,,,,,,,,,,,,,,,
22572,2019,8,24,2,30,14.5,0,0,0,1.1,,,,,,,,,,,,,,,,,,,,,,,,,,,,,,,,,,,,
22573,2019,8,24,2,45,14.4,0,0,0,1.0,,,,,,,,,,,,,,,,,,,,,,,,,,,,,,,,,,,,
22574,2019,8,24,3,0,14.3,0,0,0,1.0,,,,,,,,,,,,,,,,,,,,,,,,,,,,,,,,,,,,
22575,2019,8,24,3,15,14.1,0,0,0,1.0,,,,,,,,,,,,,,,,,,,,,,,,,,,,,,,,,,,,
22576,2019,8,24,3,30,14.0,0,0,0,1.0,,,,,,,,,,,,,,,,,,,,,,,,,,,,,,,,,,,,
22577,2019,8,24,3,45,13.9,0,0,0,1.0,,,,,,,,,,,,,,,,,,,,,,,,,,,,,,,,,,,,
22578,2019,8,24,4,0,13.8,0,0,0,1.0,,,,,,,,,,,,,,,,,,,,,,,,,,,,,,,,,,,,
22579,2019,8,24,4,15,13.7,0,0,0,1.0,,,,,,,,,,,,,,,,,,,,,,,,,,,,,,,,,,,,
22580,2019,8,24,4,30,13.7,0,0,0,1.0,,,,,,,,,,,,,,,,,,,,,,,,,,,,,,,,,,,,
22581,2019,8,24,4,45,13.7,0,0,0,1.0,,,,,,,,,,,,,,,,,,,,,,,,,,,,,,,,,,,,
22582,2019,8,24,5,0,13.6,0,0,0,0.9,,,,,,,,,,,,,,,,,,,,,,,,,,,,,,,,,,,,
22583,2019,8,24,5,15,14.3,0,0,0,1.1,,,,,,,,,,,,,,,,,,,,,,,,,,,,,,,,,,,,
22584,2019,8,24,5,30,14.9,14,91,17,1.2000000000000002,,,,,,,,,,,,,,,,,,,,,,,,,,,,,,,,,,,,
22585,2019,8,24,5,45,15.5,26,179,39,1.3,,,,,,,,,,,,,,,,,,,,,,,,,,,,,,,,,,,,
22586,2019,8,24,6,0,16.1,38,265,68,1.5,,,,,,,,,,,,,,,,,,,,,,,,,,,,,,,,,,,,
22587,2019,8,24,6,15,16.6,49,342,100,1.5,,,,,,,,,,,,,,,,,,,,,,,,,,,,,,,,,,,,
22588,2019,8,24,6,30,17.1,59,408,136,1.6,,,,,,,,,,,,,,,,,,,,,,,,,,,,,,,,,,,,
22589,2019,8,24,6,45,17.7,68,459,173,1.7000000000000002,,,,,,,,,,,,,,,,,,,,,,,,,,,,,,,,,,,,
22590,2019,8,24,7,0,18.2,76,509,212,1.7000000000000002,,,,,,,,,,,,,,,,,,,,,,,,,,,,,,,,,,,,
22591,2019,8,24,7,15,19.1,83,549,251,2.0,,,,,,,,,,,,,,,,,,,,,,,,,,,,,,,,,,,,
22592,2019,8,24,7,30,20.0,89,586,291,2.3000000000000003,,,,,,,,,,,,,,,,,,,,,,,,,,,,,,,,,,,,
22593,2019,8,24,7,45,21.0,96,612,330,2.5,,,,,,,,,,,,,,,,,,,,,,,,,,,,,,,,,,,,
22594,2019,8,24,8,0,21.9,102,641,369,2.8000000000000003,,,,,,,,,,,,,,,,,,,,,,,,,,,,,,,,,,,,
22595,2019,8,24,8,15,22.5,106,666,408,3.0,,,,,,,,,,,,,,,,,,,,,,,,,,,,,,,,,,,,
22596,2019,8,24,8,30,23.1,111,689,446,3.1,,,,,,,,,,,,,,,,,,,,,,,,,,,,,,,,,,,,
22597,2019,8,24,8,45,23.700000000000003,118,702,482,3.2,,,,,,,,,,,,,,,,,,,,,,,,,,,,,,,,,,,,
22598,2019,8,24,9,0,24.4,121,720,517,3.4000000000000004,,,,,,,,,,,,,,,,,,,,,,,,,,,,,,,,,,,,
22599,2019,8,24,9,15,24.700000000000003,125,736,551,3.4000000000000004,,,,,,,,,,,,,,,,,,,,,,,,,,,,,,,,,,,,
22600,2019,8,24,9,30,25.1,128,747,580,3.3000000000000003,,,,,,,,,,,,,,,,,,,,,,,,,,,,,,,,,,,,
22601,2019,8,24,9,45,25.5,130,759,610,3.3000000000000003,,,,,,,,,,,,,,,,,,,,,,,,,,,,,,,,,,,,
22602,2019,8,24,10,0,25.9,133,770,637,3.3000000000000003,,,,,,,,,,,,,,,,,,,,,,,,,,,,,,,,,,,,
22603,2019,8,24,10,15,26.200000000000003,134,779,660,3.3000000000000003,,,,,,,,,,,,,,,,,,,,,,,,,,,,,,,,,,,,
22604,2019,8,24,10,30,26.5,136,787,682,3.3000000000000003,,,,,,,,,,,,,,,,,,,,,,,,,,,,,,,,,,,,
22605,2019,8,24,10,45,26.8,137,794,702,3.2,,,,,,,,,,,,,,,,,,,,,,,,,,,,,,,,,,,,
22606,2019,8,24,11,0,27.200000000000003,321,298,537,3.2,,,,,,,,,,,,,,,,,,,,,,,,,,,,,,,,,,,,
22607,2019,8,24,11,15,27.4,139,804,732,3.2,,,,,,,,,,,,,,,,,,,,,,,,,,,,,,,,,,,,
22608,2019,8,24,11,30,27.700000000000003,140,806,741,3.2,,,,,,,,,,,,,,,,,,,,,,,,,,,,,,,,,,,,
22609,2019,8,24,11,45,27.9,140,810,749,3.2,,,,,,,,,,,,,,,,,,,,,,,,,,,,,,,,,,,,
22610,2019,8,24,12,0,28.200000000000003,140,811,754,3.2,,,,,,,,,,,,,,,,,,,,,,,,,,,,,,,,,,,,
22611,2019,8,24,12,15,28.4,140,812,756,3.2,,,,,,,,,,,,,,,,,,,,,,,,,,,,,,,,,,,,
22612,2019,8,24,12,30,28.6,140,811,755,3.2,,,,,,,,,,,,,,,,,,,,,,,,,,,,,,,,,,,,
22613,2019,8,24,12,45,28.8,141,808,750,3.2,,,,,,,,,,,,,,,,,,,,,,,,,,,,,,,,,,,,
22614,2019,8,24,13,0,29.0,140,803,741,3.2,,,,,,,,,,,,,,,,,,,,,,,,,,,,,,,,,,,,
22615,2019,8,24,13,15,29.1,139,800,730,3.2,,,,,,,,,,,,,,,,,,,,,,,,,,,,,,,,,,,,
22616,2019,8,24,13,30,29.200000000000003,138,796,717,3.2,,,,,,,,,,,,,,,,,,,,,,,,,,,,,,,,,,,,
22617,2019,8,24,13,45,29.3,140,783,699,3.2,,,,,,,,,,,,,,,,,,,,,,,,,,,,,,,,,,,,
22618,2019,8,24,14,0,29.4,138,774,679,3.3000000000000003,,,,,,,,,,,,,,,,,,,,,,,,,,,,,,,,,,,,
22619,2019,8,24,14,15,29.3,137,767,657,3.3000000000000003,,,,,,,,,,,,,,,,,,,,,,,,,,,,,,,,,,,,
22620,2019,8,24,14,30,29.3,134,757,633,3.3000000000000003,,,,,,,,,,,,,,,,,,,,,,,,,,,,,,,,,,,,
22621,2019,8,24,14,45,29.3,136,735,603,3.3000000000000003,,,,,,,,,,,,,,,,,,,,,,,,,,,,,,,,,,,,
22622,2019,8,24,15,0,29.3,133,723,574,3.3000000000000003,,,,,,,,,,,,,,,,,,,,,,,,,,,,,,,,,,,,
22623,2019,8,24,15,15,29.200000000000003,130,709,543,3.3000000000000003,,,,,,,,,,,,,,,,,,,,,,,,,,,,,,,,,,,,
22624,2019,8,24,15,30,29.0,126,691,509,3.3000000000000003,,,,,,,,,,,,,,,,,,,,,,,,,,,,,,,,,,,,
22625,2019,8,24,15,45,28.9,128,658,472,3.3000000000000003,,,,,,,,,,,,,,,,,,,,,,,,,,,,,,,,,,,,
22626,2019,8,24,16,0,28.8,123,638,437,3.2,,,,,,,,,,,,,,,,,,,,,,,,,,,,,,,,,,,,
22627,2019,8,24,16,15,28.5,118,613,399,3.1,,,,,,,,,,,,,,,,,,,,,,,,,,,,,,,,,,,,
22628,2019,8,24,16,30,28.200000000000003,113,587,361,2.9000000000000004,,,,,,,,,,,,,,,,,,,,,,,,,,,,,,,,,,,,
22629,2019,8,24,16,45,28.0,112,535,319,2.8000000000000003,,,,,,,,,,,,,,,,,,,,,,,,,,,,,,,,,,,,
22630,2019,8,24,17,0,27.700000000000003,105,500,280,2.6,,,,,,,,,,,,,,,,,,,,,,,,,,,,,,,,,,,,
22631,2019,8,24,17,15,26.9,97,463,241,2.3000000000000003,,,,,,,,,,,,,,,,,,,,,,,,,,,,,,,,,,,,
22632,2019,8,24,17,30,26.200000000000003,88,419,202,2.0,,,,,,,,,,,,,,,,,,,,,,,,,,,,,,,,,,,,
22633,2019,8,24,17,45,25.5,81,351,163,1.7000000000000002,,,,,,,,,,,,,,,,,,,,,,,,,,,,,,,,,,,,
22634,2019,8,24,18,0,24.700000000000003,70,298,128,1.4,,,,,,,,,,,,,,,,,,,,,,,,,,,,,,,,,,,,
22635,2019,8,24,18,15,24.1,57,239,94,1.4,,,,,,,,,,,,,,,,,,,,,,,,,,,,,,,,,,,,
22636,2019,8,24,18,30,23.5,43,175,63,1.4,,,,,,,,,,,,,,,,,,,,,,,,,,,,,,,,,,,,
22637,2019,8,24,18,45,22.9,23,0,23,1.4,,,,,,,,,,,,,,,,,,,,,,,,,,,,,,,,,,,,
22638,2019,8,24,19,0,22.3,10,0,10,1.4,,,,,,,,,,,,,,,,,,,,,,,,,,,,,,,,,,,,
22639,2019,8,24,19,15,22.1,0,0,0,1.4,,,,,,,,,,,,,,,,,,,,,,,,,,,,,,,,,,,,
22640,2019,8,24,19,30,21.9,0,0,0,1.4,,,,,,,,,,,,,,,,,,,,,,,,,,,,,,,,,,,,
22641,2019,8,24,19,45,21.8,0,0,0,1.4,,,,,,,,,,,,,,,,,,,,,,,,,,,,,,,,,,,,
22642,2019,8,24,20,0,21.6,0,0,0,1.4,,,,,,,,,,,,,,,,,,,,,,,,,,,,,,,,,,,,
22643,2019,8,24,20,15,21.4,0,0,0,1.3,,,,,,,,,,,,,,,,,,,,,,,,,,,,,,,,,,,,
22644,2019,8,24,20,30,21.3,0,0,0,1.3,,,,,,,,,,,,,,,,,,,,,,,,,,,,,,,,,,,,
22645,2019,8,24,20,45,21.1,0,0,0,1.3,,,,,,,,,,,,,,,,,,,,,,,,,,,,,,,,,,,,
22646,2019,8,24,21,0,21.0,0,0,0,1.3,,,,,,,,,,,,,,,,,,,,,,,,,,,,,,,,,,,,
22647,2019,8,24,21,15,20.9,0,0,0,1.3,,,,,,,,,,,,,,,,,,,,,,,,,,,,,,,,,,,,
22648,2019,8,24,21,30,20.8,0,0,0,1.3,,,,,,,,,,,,,,,,,,,,,,,,,,,,,,,,,,,,
22649,2019,8,24,21,45,20.700000000000003,0,0,0,1.2000000000000002,,,,,,,,,,,,,,,,,,,,,,,,,,,,,,,,,,,,
22650,2019,8,24,22,0,20.5,0,0,0,1.2000000000000002,,,,,,,,,,,,,,,,,,,,,,,,,,,,,,,,,,,,
22651,2019,8,24,22,15,20.5,0,0,0,1.2000000000000002,,,,,,,,,,,,,,,,,,,,,,,,,,,,,,,,,,,,
22652,2019,8,24,22,30,20.4,0,0,0,1.2000000000000002,,,,,,,,,,,,,,,,,,,,,,,,,,,,,,,,,,,,
22653,2019,8,24,22,45,20.3,0,0,0,1.2000000000000002,,,,,,,,,,,,,,,,,,,,,,,,,,,,,,,,,,,,
22654,2019,8,24,23,0,20.200000000000003,0,0,0,1.2000000000000002,,,,,,,,,,,,,,,,,,,,,,,,,,,,,,,,,,,,
22655,2019,8,24,23,15,20.1,0,0,0,1.2000000000000002,,,,,,,,,,,,,,,,,,,,,,,,,,,,,,,,,,,,
22656,2019,8,24,23,30,20.0,0,0,0,1.2000000000000002,,,,,,,,,,,,,,,,,,,,,,,,,,,,,,,,,,,,
22657,2019,8,24,23,45,19.9,0,0,0,1.2000000000000002,,,,,,,,,,,,,,,,,,,,,,,,,,,,,,,,,,,,
22658,2019,8,25,0,0,19.8,0,0,0,1.2000000000000002,,,,,,,,,,,,,,,,,,,,,,,,,,,,,,,,,,,,
22659,2019,8,25,0,15,19.8,0,0,0,1.2000000000000002,,,,,,,,,,,,,,,,,,,,,,,,,,,,,,,,,,,,
22660,2019,8,25,0,30,19.8,0,0,0,1.2000000000000002,,,,,,,,,,,,,,,,,,,,,,,,,,,,,,,,,,,,
22661,2019,8,25,0,45,19.8,0,0,0,1.2000000000000002,,,,,,,,,,,,,,,,,,,,,,,,,,,,,,,,,,,,
22662,2019,8,25,1,0,19.4,0,0,0,1.3,,,,,,,,,,,,,,,,,,,,,,,,,,,,,,,,,,,,
22663,2019,8,25,1,15,19.4,0,0,0,1.3,,,,,,,,,,,,,,,,,,,,,,,,,,,,,,,,,,,,
22664,2019,8,25,1,30,19.3,0,0,0,1.3,,,,,,,,,,,,,,,,,,,,,,,,,,,,,,,,,,,,
22665,2019,8,25,1,45,19.200000000000003,0,0,0,1.3,,,,,,,,,,,,,,,,,,,,,,,,,,,,,,,,,,,,
22666,2019,8,25,2,0,19.200000000000003,0,0,0,1.3,,,,,,,,,,,,,,,,,,,,,,,,,,,,,,,,,,,,
22667,2019,8,25,2,15,19.1,0,0,0,1.3,,,,,,,,,,,,,,,,,,,,,,,,,,,,,,,,,,,,
22668,2019,8,25,2,30,19.0,0,0,0,1.3,,,,,,,,,,,,,,,,,,,,,,,,,,,,,,,,,,,,
22669,2019,8,25,2,45,18.9,0,0,0,1.3,,,,,,,,,,,,,,,,,,,,,,,,,,,,,,,,,,,,
22670,2019,8,25,3,0,18.8,0,0,0,1.3,,,,,,,,,,,,,,,,,,,,,,,,,,,,,,,,,,,,
22671,2019,8,25,3,15,18.7,0,0,0,1.3,,,,,,,,,,,,,,,,,,,,,,,,,,,,,,,,,,,,
22672,2019,8,25,3,30,18.6,0,0,0,1.3,,,,,,,,,,,,,,,,,,,,,,,,,,,,,,,,,,,,
22673,2019,8,25,3,45,18.5,0,0,0,1.3,,,,,,,,,,,,,,,,,,,,,,,,,,,,,,,,,,,,
22674,2019,8,25,4,0,18.3,0,0,0,1.3,,,,,,,,,,,,,,,,,,,,,,,,,,,,,,,,,,,,
22675,2019,8,25,4,15,18.3,0,0,0,1.3,,,,,,,,,,,,,,,,,,,,,,,,,,,,,,,,,,,,
22676,2019,8,25,4,30,18.2,0,0,0,1.3,,,,,,,,,,,,,,,,,,,,,,,,,,,,,,,,,,,,
22677,2019,8,25,4,45,18.2,0,0,0,1.3,,,,,,,,,,,,,,,,,,,,,,,,,,,,,,,,,,,,
22678,2019,8,25,5,0,18.1,0,0,0,1.4,,,,,,,,,,,,,,,,,,,,,,,,,,,,,,,,,,,,
22679,2019,8,25,5,15,18.5,0,0,0,1.6,,,,,,,,,,,,,,,,,,,,,,,,,,,,,,,,,,,,
22680,2019,8,25,5,30,18.8,7,0,7,1.8,,,,,,,,,,,,,,,,,,,,,,,,,,,,,,,,,,,,
22681,2019,8,25,5,45,19.200000000000003,24,66,29,2.1,,,,,,,,,,,,,,,,,,,,,,,,,,,,,,,,,,,,
22682,2019,8,25,6,0,19.5,41,119,54,2.3000000000000003,,,,,,,,,,,,,,,,,,,,,,,,,,,,,,,,,,,,
22683,2019,8,25,6,15,20.0,58,173,83,2.3000000000000003,,,,,,,,,,,,,,,,,,,,,,,,,,,,,,,,,,,,
22684,2019,8,25,6,30,20.5,73,226,115,2.3000000000000003,,,,,,,,,,,,,,,,,,,,,,,,,,,,,,,,,,,,
22685,2019,8,25,6,45,21.0,87,280,150,2.4000000000000004,,,,,,,,,,,,,,,,,,,,,,,,,,,,,,,,,,,,
22686,2019,8,25,7,0,21.5,100,326,186,2.4000000000000004,,,,,,,,,,,,,,,,,,,,,,,,,,,,,,,,,,,,
22687,2019,8,25,7,15,22.1,111,367,222,2.5,,,,,,,,,,,,,,,,,,,,,,,,,,,,,,,,,,,,
22688,2019,8,25,7,30,22.700000000000003,122,406,260,2.5,,,,,,,,,,,,,,,,,,,,,,,,,,,,,,,,,,,,
22689,2019,8,25,7,45,23.3,130,446,298,2.6,,,,,,,,,,,,,,,,,,,,,,,,,,,,,,,,,,,,
22690,2019,8,25,8,0,23.9,138,476,336,2.7,,,,,,,,,,,,,,,,,,,,,,,,,,,,,,,,,,,,
22691,2019,8,25,8,15,24.4,146,503,372,2.7,,,,,,,,,,,,,,,,,,,,,,,,,,,,,,,,,,,,
22692,2019,8,25,8,30,25.0,153,528,408,2.8000000000000003,,,,,,,,,,,,,,,,,,,,,,,,,,,,,,,,,,,,
22693,2019,8,25,8,45,25.6,157,557,444,2.8000000000000003,,,,,,,,,,,,,,,,,,,,,,,,,,,,,,,,,,,,
22694,2019,8,25,9,0,26.200000000000003,163,576,477,2.9000000000000004,,,,,,,,,,,,,,,,,,,,,,,,,,,,,,,,,,,,
22695,2019,8,25,9,15,26.700000000000003,168,594,509,2.9000000000000004,,,,,,,,,,,,,,,,,,,,,,,,,,,,,,,,,,,,
22696,2019,8,25,9,30,27.200000000000003,172,609,539,2.8000000000000003,,,,,,,,,,,,,,,,,,,,,,,,,,,,,,,,,,,,
22697,2019,8,25,9,45,27.700000000000003,199,576,561,2.8000000000000003,,,,,,,,,,,,,,,,,,,,,,,,,,,,,,,,,,,,
22698,2019,8,25,10,0,28.200000000000003,203,588,586,2.8000000000000003,,,,,,,,,,,,,,,,,,,,,,,,,,,,,,,,,,,,
22699,2019,8,25,10,15,28.5,207,599,610,2.7,,,,,,,,,,,,,,,,,,,,,,,,,,,,,,,,,,,,
22700,2019,8,25,10,30,28.9,211,609,631,2.7,,,,,,,,,,,,,,,,,,,,,,,,,,,,,,,,,,,,
22701,2019,8,25,10,45,29.3,206,631,652,2.6,,,,,,,,,,,,,,,,,,,,,,,,,,,,,,,,,,,,
22702,2019,8,25,11,0,29.6,208,637,668,2.5,,,,,,,,,,,,,,,,,,,,,,,,,,,,,,,,,,,,
22703,2019,8,25,11,15,29.9,210,643,681,2.5,,,,,,,,,,,,,,,,,,,,,,,,,,,,,,,,,,,,
22704,2019,8,25,11,30,30.1,211,647,692,2.4000000000000004,,,,,,,,,,,,,,,,,,,,,,,,,,,,,,,,,,,,
22705,2019,8,25,11,45,30.3,206,662,702,2.3000000000000003,,,,,,,,,,,,,,,,,,,,,,,,,,,,,,,,,,,,
22706,2019,8,25,12,0,30.6,207,665,707,2.3000000000000003,,,,,,,,,,,,,,,,,,,,,,,,,,,,,,,,,,,,
22707,2019,8,25,12,15,30.700000000000003,207,665,709,2.2,,,,,,,,,,,,,,,,,,,,,,,,,,,,,,,,,,,,
22708,2019,8,25,12,30,30.8,207,665,708,2.2,,,,,,,,,,,,,,,,,,,,,,,,,,,,,,,,,,,,
22709,2019,8,25,12,45,31.0,205,665,704,2.2,,,,,,,,,,,,,,,,,,,,,,,,,,,,,,,,,,,,
22710,2019,8,25,13,0,31.1,204,663,697,2.1,,,,,,,,,,,,,,,,,,,,,,,,,,,,,,,,,,,,
22711,2019,8,25,13,15,31.200000000000003,203,659,687,2.1,,,,,,,,,,,,,,,,,,,,,,,,,,,,,,,,,,,,
22712,2019,8,25,13,30,31.200000000000003,201,653,674,2.0,,,,,,,,,,,,,,,,,,,,,,,,,,,,,,,,,,,,
22713,2019,8,25,13,45,31.200000000000003,196,653,659,2.0,,,,,,,,,,,,,,,,,,,,,,,,,,,,,,,,,,,,
22714,2019,8,25,14,0,31.3,312,252,487,2.0,,,,,,,,,,,,,,,,,,,,,,,,,,,,,,,,,,,,
22715,2019,8,25,14,15,31.3,302,247,469,2.0,,,,,,,,,,,,,,,,,,,,,,,,,,,,,,,,,,,,
22716,2019,8,25,14,30,31.200000000000003,299,171,411,1.9,,,,,,,,,,,,,,,,,,,,,,,,,,,,,,,,,,,,
22717,2019,8,25,14,45,31.200000000000003,284,192,405,1.9,,,,,,,,,,,,,,,,,,,,,,,,,,,,,,,,,,,,
22718,2019,8,25,15,0,31.200000000000003,269,195,387,1.9,,,,,,,,,,,,,,,,,,,,,,,,,,,,,,,,,,,,
22719,2019,8,25,15,15,31.1,237,306,414,1.9,,,,,,,,,,,,,,,,,,,,,,,,,,,,,,,,,,,,
22720,2019,8,25,15,30,31.0,235,227,359,1.9,,,,,,,,,,,,,,,,,,,,,,,,,,,,,,,,,,,,
22721,2019,8,25,15,45,30.9,161,548,446,1.9,,,,,,,,,,,,,,,,,,,,,,,,,,,,,,,,,,,,
22722,2019,8,25,16,0,30.8,157,527,413,1.9,,,,,,,,,,,,,,,,,,,,,,,,,,,,,,,,,,,,
22723,2019,8,25,16,15,30.4,150,502,377,1.7000000000000002,,,,,,,,,,,,,,,,,,,,,,,,,,,,,,,,,,,,
22724,2019,8,25,16,30,30.1,142,475,341,1.6,,,,,,,,,,,,,,,,,,,,,,,,,,,,,,,,,,,,
22725,2019,8,25,16,45,29.700000000000003,135,439,302,1.4,,,,,,,,,,,,,,,,,,,,,,,,,,,,,,,,,,,,
22726,2019,8,25,17,0,29.4,125,405,265,1.3,,,,,,,,,,,,,,,,,,,,,,,,,,,,,,,,,,,,
22727,2019,8,25,17,15,28.700000000000003,116,56,133,1.3,,,,,,,,,,,,,,,,,,,,,,,,,,,,,,,,,,,,
22728,2019,8,25,17,30,28.0,103,328,190,1.2000000000000002,,,,,,,,,,,,,,,,,,,,,,,,,,,,,,,,,,,,
22729,2019,8,25,17,45,27.3,90,278,154,1.2000000000000002,,,,,,,,,,,,,,,,,,,,,,,,,,,,,,,,,,,,
22730,2019,8,25,18,0,26.700000000000003,75,229,119,1.2000000000000002,,,,,,,,,,,,,,,,,,,,,,,,,,,,,,,,,,,,
22731,2019,8,25,18,15,26.200000000000003,59,176,86,1.3,,,,,,,,,,,,,,,,,,,,,,,,,,,,,,,,,,,,
22732,2019,8,25,18,30,25.8,31,0,31,1.4,,,,,,,,,,,,,,,,,,,,,,,,,,,,,,,,,,,,
22733,2019,8,25,18,45,25.4,18,0,18,1.4,,,,,,,,,,,,,,,,,,,,,,,,,,,,,,,,,,,,
22734,2019,8,25,19,0,25.0,7,0,7,1.5,,,,,,,,,,,,,,,,,,,,,,,,,,,,,,,,,,,,
22735,2019,8,25,19,15,24.8,0,0,0,1.6,,,,,,,,,,,,,,,,,,,,,,,,,,,,,,,,,,,,
22736,2019,8,25,19,30,24.6,0,0,0,1.7000000000000002,,,,,,,,,,,,,,,,,,,,,,,,,,,,,,,,,,,,
22737,2019,8,25,19,45,24.4,0,0,0,1.8,,,,,,,,,,,,,,,,,,,,,,,,,,,,,,,,,,,,
22738,2019,8,25,20,0,24.200000000000003,0,0,0,1.9,,,,,,,,,,,,,,,,,,,,,,,,,,,,,,,,,,,,
22739,2019,8,25,20,15,24.0,0,0,0,1.9,,,,,,,,,,,,,,,,,,,,,,,,,,,,,,,,,,,,
22740,2019,8,25,20,30,23.8,0,0,0,2.0,,,,,,,,,,,,,,,,,,,,,,,,,,,,,,,,,,,,
22741,2019,8,25,20,45,23.5,0,0,0,2.0,,,,,,,,,,,,,,,,,,,,,,,,,,,,,,,,,,,,
22742,2019,8,25,21,0,23.3,0,0,0,2.1,,,,,,,,,,,,,,,,,,,,,,,,,,,,,,,,,,,,
22743,2019,8,25,21,15,23.1,0,0,0,2.0,,,,,,,,,,,,,,,,,,,,,,,,,,,,,,,,,,,,
22744,2019,8,25,21,30,22.9,0,0,0,2.0,,,,,,,,,,,,,,,,,,,,,,,,,,,,,,,,,,,,
22745,2019,8,25,21,45,22.700000000000003,0,0,0,2.0,,,,,,,,,,,,,,,,,,,,,,,,,,,,,,,,,,,,
22746,2019,8,25,22,0,22.4,0,0,0,2.0,,,,,,,,,,,,,,,,,,,,,,,,,,,,,,,,,,,,
22747,2019,8,25,22,15,22.200000000000003,0,0,0,1.9,,,,,,,,,,,,,,,,,,,,,,,,,,,,,,,,,,,,
22748,2019,8,25,22,30,22.0,0,0,0,1.8,,,,,,,,,,,,,,,,,,,,,,,,,,,,,,,,,,,,
22749,2019,8,25,22,45,21.8,0,0,0,1.7000000000000002,,,,,,,,,,,,,,,,,,,,,,,,,,,,,,,,,,,,
22750,2019,8,25,23,0,21.6,0,0,0,1.7000000000000002,,,,,,,,,,,,,,,,,,,,,,,,,,,,,,,,,,,,
22751,2019,8,25,23,15,21.4,0,0,0,1.6,,,,,,,,,,,,,,,,,,,,,,,,,,,,,,,,,,,,
22752,2019,8,25,23,30,21.200000000000003,0,0,0,1.5,,,,,,,,,,,,,,,,,,,,,,,,,,,,,,,,,,,,
22753,2019,8,25,23,45,21.0,0,0,0,1.5,,,,,,,,,,,,,,,,,,,,,,,,,,,,,,,,,,,,
22754,2019,8,26,0,0,20.8,0,0,0,1.4,,,,,,,,,,,,,,,,,,,,,,,,,,,,,,,,,,,,
22755,2019,8,26,0,15,20.8,0,0,0,1.4,,,,,,,,,,,,,,,,,,,,,,,,,,,,,,,,,,,,
22756,2019,8,26,0,30,20.8,0,0,0,1.4,,,,,,,,,,,,,,,,,,,,,,,,,,,,,,,,,,,,
22757,2019,8,26,0,45,20.8,0,0,0,1.4,,,,,,,,,,,,,,,,,,,,,,,,,,,,,,,,,,,,
22758,2019,8,26,1,0,20.1,0,0,0,1.2000000000000002,,,,,,,,,,,,,,,,,,,,,,,,,,,,,,,,,,,,
22759,2019,8,26,1,15,20.0,0,0,0,1.1,,,,,,,,,,,,,,,,,,,,,,,,,,,,,,,,,,,,
22760,2019,8,26,1,30,19.8,0,0,0,1.1,,,,,,,,,,,,,,,,,,,,,,,,,,,,,,,,,,,,
22761,2019,8,26,1,45,19.700000000000003,0,0,0,1.0,,,,,,,,,,,,,,,,,,,,,,,,,,,,,,,,,,,,
22762,2019,8,26,2,0,19.6,0,0,0,1.0,,,,,,,,,,,,,,,,,,,,,,,,,,,,,,,,,,,,
22763,2019,8,26,2,15,19.5,0,0,0,1.0,,,,,,,,,,,,,,,,,,,,,,,,,,,,,,,,,,,,
22764,2019,8,26,2,30,19.4,0,0,0,0.9,,,,,,,,,,,,,,,,,,,,,,,,,,,,,,,,,,,,
22765,2019,8,26,2,45,19.4,0,0,0,0.9,,,,,,,,,,,,,,,,,,,,,,,,,,,,,,,,,,,,
22766,2019,8,26,3,0,19.3,0,0,0,0.8,,,,,,,,,,,,,,,,,,,,,,,,,,,,,,,,,,,,
22767,2019,8,26,3,15,19.200000000000003,0,0,0,0.8,,,,,,,,,,,,,,,,,,,,,,,,,,,,,,,,,,,,
22768,2019,8,26,3,30,19.1,0,0,0,0.8,,,,,,,,,,,,,,,,,,,,,,,,,,,,,,,,,,,,
22769,2019,8,26,3,45,19.0,0,0,0,0.7000000000000001,,,,,,,,,,,,,,,,,,,,,,,,,,,,,,,,,,,,
22770,2019,8,26,4,0,18.9,0,0,0,0.7000000000000001,,,,,,,,,,,,,,,,,,,,,,,,,,,,,,,,,,,,
22771,2019,8,26,4,15,18.9,0,0,0,0.7000000000000001,,,,,,,,,,,,,,,,,,,,,,,,,,,,,,,,,,,,
22772,2019,8,26,4,30,18.8,0,0,0,0.7000000000000001,,,,,,,,,,,,,,,,,,,,,,,,,,,,,,,,,,,,
22773,2019,8,26,4,45,18.8,0,0,0,0.7000000000000001,,,,,,,,,,,,,,,,,,,,,,,,,,,,,,,,,,,,
22774,2019,8,26,5,0,18.7,0,0,0,0.7000000000000001,,,,,,,,,,,,,,,,,,,,,,,,,,,,,,,,,,,,
22775,2019,8,26,5,15,19.1,0,0,0,0.8,,,,,,,,,,,,,,,,,,,,,,,,,,,,,,,,,,,,
22776,2019,8,26,5,30,19.4,10,37,11,1.0,,,,,,,,,,,,,,,,,,,,,,,,,,,,,,,,,,,,
22777,2019,8,26,5,45,19.8,23,95,29,1.1,,,,,,,,,,,,,,,,,,,,,,,,,,,,,,,,,,,,
22778,2019,8,26,6,0,20.1,38,163,55,1.3,,,,,,,,,,,,,,,,,,,,,,,,,,,,,,,,,,,,
22779,2019,8,26,6,15,20.6,52,229,85,1.3,,,,,,,,,,,,,,,,,,,,,,,,,,,,,,,,,,,,
22780,2019,8,26,6,30,21.0,65,290,118,1.3,,,,,,,,,,,,,,,,,,,,,,,,,,,,,,,,,,,,
22781,2019,8,26,6,45,21.4,77,340,152,1.3,,,,,,,,,,,,,,,,,,,,,,,,,,,,,,,,,,,,
22782,2019,8,26,7,0,21.8,88,388,189,1.4,,,,,,,,,,,,,,,,,,,,,,,,,,,,,,,,,,,,
22783,2019,8,26,7,15,22.700000000000003,97,430,226,1.6,,,,,,,,,,,,,,,,,,,,,,,,,,,,,,,,,,,,
22784,2019,8,26,7,30,23.5,106,469,264,1.8,,,,,,,,,,,,,,,,,,,,,,,,,,,,,,,,,,,,
22785,2019,8,26,7,45,24.3,115,499,301,2.0,,,,,,,,,,,,,,,,,,,,,,,,,,,,,,,,,,,,
22786,2019,8,26,8,0,25.200000000000003,122,529,339,2.2,,,,,,,,,,,,,,,,,,,,,,,,,,,,,,,,,,,,
22787,2019,8,26,8,15,25.9,128,556,376,2.4000000000000004,,,,,,,,,,,,,,,,,,,,,,,,,,,,,,,,,,,,
22788,2019,8,26,8,30,26.5,134,580,412,2.6,,,,,,,,,,,,,,,,,,,,,,,,,,,,,,,,,,,,
22789,2019,8,26,8,45,27.200000000000003,142,595,446,2.8000000000000003,,,,,,,,,,,,,,,,,,,,,,,,,,,,,,,,,,,,
22790,2019,8,26,9,0,27.9,147,615,480,3.0,,,,,,,,,,,,,,,,,,,,,,,,,,,,,,,,,,,,
22791,2019,8,26,9,15,28.200000000000003,151,632,512,3.0,,,,,,,,,,,,,,,,,,,,,,,,,,,,,,,,,,,,
22792,2019,8,26,9,30,28.6,155,647,543,3.0,,,,,,,,,,,,,,,,,,,,,,,,,,,,,,,,,,,,
22793,2019,8,26,9,45,29.0,160,655,569,3.0,,,,,,,,,,,,,,,,,,,,,,,,,,,,,,,,,,,,
22794,2019,8,26,10,0,29.3,164,667,595,3.0,,,,,,,,,,,,,,,,,,,,,,,,,,,,,,,,,,,,
22795,2019,8,26,10,15,29.6,166,677,619,3.0,,,,,,,,,,,,,,,,,,,,,,,,,,,,,,,,,,,,
22796,2019,8,26,10,30,29.8,169,686,640,2.9000000000000004,,,,,,,,,,,,,,,,,,,,,,,,,,,,,,,,,,,,
22797,2019,8,26,10,45,30.1,173,690,658,2.9000000000000004,,,,,,,,,,,,,,,,,,,,,,,,,,,,,,,,,,,,
22798,2019,8,26,11,0,30.4,327,91,393,2.8000000000000003,,,,,,,,,,,,,,,,,,,,,,,,,,,,,,,,,,,,
22799,2019,8,26,11,15,30.5,335,93,403,2.8000000000000003,,,,,,,,,,,,,,,,,,,,,,,,,,,,,,,,,,,,
22800,2019,8,26,11,30,30.700000000000003,340,95,410,2.7,,,,,,,,,,,,,,,,,,,,,,,,,,,,,,,,,,,,
22801,2019,8,26,11,45,30.9,344,95,415,2.6,,,,,,,,,,,,,,,,,,,,,,,,,,,,,,,,,,,,
22802,2019,8,26,12,0,31.1,181,704,708,2.5,,,,,,,,,,,,,,,,,,,,,,,,,,,,,,,,,,,,
22803,2019,8,26,12,15,31.200000000000003,181,705,710,2.5,,,,,,,,,,,,,,,,,,,,,,,,,,,,,,,,,,,,
22804,2019,8,26,12,30,31.3,181,704,709,2.4000000000000004,,,,,,,,,,,,,,,,,,,,,,,,,,,,,,,,,,,,
22805,2019,8,26,12,45,31.4,203,661,696,2.4000000000000004,,,,,,,,,,,,,,,,,,,,,,,,,,,,,,,,,,,,
22806,2019,8,26,13,0,31.5,202,658,689,2.3000000000000003,,,,,,,,,,,,,,,,,,,,,,,,,,,,,,,,,,,,
22807,2019,8,26,13,15,31.5,335,93,403,2.3000000000000003,,,,,,,,,,,,,,,,,,,,,,,,,,,,,,,,,,,,
22808,2019,8,26,13,30,31.5,199,649,666,2.3000000000000003,,,,,,,,,,,,,,,,,,,,,,,,,,,,,,,,,,,,
22809,2019,8,26,13,45,31.5,205,630,650,2.2,,,,,,,,,,,,,,,,,,,,,,,,,,,,,,,,,,,,
22810,2019,8,26,14,0,31.5,203,621,630,2.2,,,,,,,,,,,,,,,,,,,,,,,,,,,,,,,,,,,,
22811,2019,8,26,14,15,31.5,298,83,354,2.2,,,,,,,,,,,,,,,,,,,,,,,,,,,,,,,,,,,,
22812,2019,8,26,14,30,31.4,286,80,338,2.2,,,,,,,,,,,,,,,,,,,,,,,,,,,,,,,,,,,,
22813,2019,8,26,14,45,31.3,272,76,320,2.2,,,,,,,,,,,,,,,,,,,,,,,,,,,,,,,,,,,,
22814,2019,8,26,15,0,31.200000000000003,269,168,370,2.2,,,,,,,,,,,,,,,,,,,,,,,,,,,,,,,,,,,,
22815,2019,8,26,15,15,31.0,251,198,365,2.2,,,,,,,,,,,,,,,,,,,,,,,,,,,,,,,,,,,,
22816,2019,8,26,15,30,30.9,222,291,381,2.1,,,,,,,,,,,,,,,,,,,,,,,,,,,,,,,,,,,,
22817,2019,8,26,15,45,30.700000000000003,218,208,324,2.1,,,,,,,,,,,,,,,,,,,,,,,,,,,,,,,,,,,,
22818,2019,8,26,16,0,30.5,197,238,312,2.1,,,,,,,,,,,,,,,,,,,,,,,,,,,,,,,,,,,,
22819,2019,8,26,16,15,30.200000000000003,166,442,364,2.0,,,,,,,,,,,,,,,,,,,,,,,,,,,,,,,,,,,,
22820,2019,8,26,16,30,29.9,156,415,328,1.8,,,,,,,,,,,,,,,,,,,,,,,,,,,,,,,,,,,,
22821,2019,8,26,16,45,29.6,149,373,290,1.6,,,,,,,,,,,,,,,,,,,,,,,,,,,,,,,,,,,,
22822,2019,8,26,17,0,29.3,137,340,252,1.5,,,,,,,,,,,,,,,,,,,,,,,,,,,,,,,,,,,,
22823,2019,8,26,17,15,28.6,124,304,216,1.3,,,,,,,,,,,,,,,,,,,,,,,,,,,,,,,,,,,,
22824,2019,8,26,17,30,27.9,109,265,179,1.2000000000000002,,,,,,,,,,,,,,,,,,,,,,,,,,,,,,,,,,,,
22825,2019,8,26,17,45,27.3,82,125,110,1.1,,,,,,,,,,,,,,,,,,,,,,,,,,,,,,,,,,,,
22826,2019,8,26,18,0,26.6,66,104,85,1.0,,,,,,,,,,,,,,,,,,,,,,,,,,,,,,,,,,,,
22827,2019,8,26,18,15,26.0,50,83,62,1.0,,,,,,,,,,,,,,,,,,,,,,,,,,,,,,,,,,,,
22828,2019,8,26,18,30,25.5,35,62,42,1.1,,,,,,,,,,,,,,,,,,,,,,,,,,,,,,,,,,,,
22829,2019,8,26,18,45,24.9,23,25,24,1.1,,,,,,,,,,,,,,,,,,,,,,,,,,,,,,,,,,,,
22830,2019,8,26,19,0,24.3,8,16,8,1.2000000000000002,,,,,,,,,,,,,,,,,,,,,,,,,,,,,,,,,,,,
22831,2019,8,26,19,15,24.1,0,0,0,1.2000000000000002,,,,,,,,,,,,,,,,,,,,,,,,,,,,,,,,,,,,
22832,2019,8,26,19,30,23.8,0,0,0,1.2000000000000002,,,,,,,,,,,,,,,,,,,,,,,,,,,,,,,,,,,,
22833,2019,8,26,19,45,23.5,0,0,0,1.2000000000000002,,,,,,,,,,,,,,,,,,,,,,,,,,,,,,,,,,,,
22834,2019,8,26,20,0,23.200000000000003,0,0,0,1.2000000000000002,,,,,,,,,,,,,,,,,,,,,,,,,,,,,,,,,,,,
22835,2019,8,26,20,15,23.0,0,0,0,1.2000000000000002,,,,,,,,,,,,,,,,,,,,,,,,,,,,,,,,,,,,
22836,2019,8,26,20,30,22.8,0,0,0,1.2000000000000002,,,,,,,,,,,,,,,,,,,,,,,,,,,,,,,,,,,,
22837,2019,8,26,20,45,22.5,0,0,0,1.2000000000000002,,,,,,,,,,,,,,,,,,,,,,,,,,,,,,,,,,,,
22838,2019,8,26,21,0,22.3,0,0,0,1.2000000000000002,,,,,,,,,,,,,,,,,,,,,,,,,,,,,,,,,,,,
22839,2019,8,26,21,15,22.1,0,0,0,1.2000000000000002,,,,,,,,,,,,,,,,,,,,,,,,,,,,,,,,,,,,
22840,2019,8,26,21,30,21.9,0,0,0,1.2000000000000002,,,,,,,,,,,,,,,,,,,,,,,,,,,,,,,,,,,,
22841,2019,8,26,21,45,21.6,0,0,0,1.2000000000000002,,,,,,,,,,,,,,,,,,,,,,,,,,,,,,,,,,,,
22842,2019,8,26,22,0,21.4,0,0,0,1.2000000000000002,,,,,,,,,,,,,,,,,,,,,,,,,,,,,,,,,,,,
22843,2019,8,26,22,15,21.3,0,0,0,1.1,,,,,,,,,,,,,,,,,,,,,,,,,,,,,,,,,,,,
22844,2019,8,26,22,30,21.1,0,0,0,1.1,,,,,,,,,,,,,,,,,,,,,,,,,,,,,,,,,,,,
22845,2019,8,26,22,45,20.9,0,0,0,1.1,,,,,,,,,,,,,,,,,,,,,,,,,,,,,,,,,,,,
22846,2019,8,26,23,0,20.700000000000003,0,0,0,1.1,,,,,,,,,,,,,,,,,,,,,,,,,,,,,,,,,,,,
22847,2019,8,26,23,15,20.6,0,0,0,1.1,,,,,,,,,,,,,,,,,,,,,,,,,,,,,,,,,,,,
22848,2019,8,26,23,30,20.5,0,0,0,1.1,,,,,,,,,,,,,,,,,,,,,,,,,,,,,,,,,,,,
22849,2019,8,26,23,45,20.4,0,0,0,1.0,,,,,,,,,,,,,,,,,,,,,,,,,,,,,,,,,,,,
22850,2019,8,27,0,0,20.200000000000003,0,0,0,1.0,,,,,,,,,,,,,,,,,,,,,,,,,,,,,,,,,,,,
22851,2019,8,27,0,15,20.200000000000003,0,0,0,1.0,,,,,,,,,,,,,,,,,,,,,,,,,,,,,,,,,,,,
22852,2019,8,27,0,30,20.200000000000003,0,0,0,1.0,,,,,,,,,,,,,,,,,,,,,,,,,,,,,,,,,,,,
22853,2019,8,27,0,45,20.200000000000003,0,0,0,1.0,,,,,,,,,,,,,,,,,,,,,,,,,,,,,,,,,,,,
22854,2019,8,27,1,0,19.9,0,0,0,0.9,,,,,,,,,,,,,,,,,,,,,,,,,,,,,,,,,,,,
22855,2019,8,27,1,15,19.8,0,0,0,0.9,,,,,,,,,,,,,,,,,,,,,,,,,,,,,,,,,,,,
22856,2019,8,27,1,30,19.700000000000003,0,0,0,0.9,,,,,,,,,,,,,,,,,,,,,,,,,,,,,,,,,,,,
22857,2019,8,27,1,45,19.6,0,0,0,0.9,,,,,,,,,,,,,,,,,,,,,,,,,,,,,,,,,,,,
22858,2019,8,27,2,0,19.6,0,0,0,0.8,,,,,,,,,,,,,,,,,,,,,,,,,,,,,,,,,,,,
22859,2019,8,27,2,15,19.5,0,0,0,0.8,,,,,,,,,,,,,,,,,,,,,,,,,,,,,,,,,,,,
22860,2019,8,27,2,30,19.5,0,0,0,0.8,,,,,,,,,,,,,,,,,,,,,,,,,,,,,,,,,,,,
22861,2019,8,27,2,45,19.4,0,0,0,0.8,,,,,,,,,,,,,,,,,,,,,,,,,,,,,,,,,,,,
22862,2019,8,27,3,0,19.3,0,0,0,0.8,,,,,,,,,,,,,,,,,,,,,,,,,,,,,,,,,,,,
22863,2019,8,27,3,15,19.3,0,0,0,0.8,,,,,,,,,,,,,,,,,,,,,,,,,,,,,,,,,,,,
22864,2019,8,27,3,30,19.3,0,0,0,0.8,,,,,,,,,,,,,,,,,,,,,,,,,,,,,,,,,,,,
22865,2019,8,27,3,45,19.3,0,0,0,0.7000000000000001,,,,,,,,,,,,,,,,,,,,,,,,,,,,,,,,,,,,
22866,2019,8,27,4,0,19.200000000000003,0,0,0,0.7000000000000001,,,,,,,,,,,,,,,,,,,,,,,,,,,,,,,,,,,,
22867,2019,8,27,4,15,19.200000000000003,0,0,0,0.7000000000000001,,,,,,,,,,,,,,,,,,,,,,,,,,,,,,,,,,,,
22868,2019,8,27,4,30,19.200000000000003,0,0,0,0.7000000000000001,,,,,,,,,,,,,,,,,,,,,,,,,,,,,,,,,,,,
22869,2019,8,27,4,45,19.200000000000003,0,0,0,0.7000000000000001,,,,,,,,,,,,,,,,,,,,,,,,,,,,,,,,,,,,
22870,2019,8,27,5,0,19.200000000000003,0,0,0,0.6000000000000001,,,,,,,,,,,,,,,,,,,,,,,,,,,,,,,,,,,,
22871,2019,8,27,5,15,19.5,0,0,0,0.7000000000000001,,,,,,,,,,,,,,,,,,,,,,,,,,,,,,,,,,,,
22872,2019,8,27,5,30,19.8,7,14,7,0.7000000000000001,,,,,,,,,,,,,,,,,,,,,,,,,,,,,,,,,,,,
22873,2019,8,27,5,45,20.1,18,0,18,0.8,,,,,,,,,,,,,,,,,,,,,,,,,,,,,,,,,,,,
22874,2019,8,27,6,0,20.5,33,24,35,0.8,,,,,,,,,,,,,,,,,,,,,,,,,,,,,,,,,,,,
22875,2019,8,27,6,15,20.8,47,55,55,0.9,,,,,,,,,,,,,,,,,,,,,,,,,,,,,,,,,,,,
22876,2019,8,27,6,30,21.200000000000003,63,82,78,0.9,,,,,,,,,,,,,,,,,,,,,,,,,,,,,,,,,,,,
22877,2019,8,27,6,45,21.6,89,237,140,0.9,,,,,,,,,,,,,,,,,,,,,,,,,,,,,,,,,,,,
22878,2019,8,27,7,0,21.9,96,135,130,1.0,,,,,,,,,,,,,,,,,,,,,,,,,,,,,,,,,,,,
22879,2019,8,27,7,15,22.700000000000003,112,163,160,1.2000000000000002,,,,,,,,,,,,,,,,,,,,,,,,,,,,,,,,,,,,
22880,2019,8,27,7,30,23.4,129,180,188,1.4,,,,,,,,,,,,,,,,,,,,,,,,,,,,,,,,,,,,
22881,2019,8,27,7,45,24.1,137,274,239,1.5,,,,,,,,,,,,,,,,,,,,,,,,,,,,,,,,,,,,
22882,2019,8,27,8,0,24.8,156,265,263,1.7000000000000002,,,,,,,,,,,,,,,,,,,,,,,,,,,,,,,,,,,,
22883,2019,8,27,8,15,25.6,167,303,301,1.9,,,,,,,,,,,,,,,,,,,,,,,,,,,,,,,,,,,,
22884,2019,8,27,8,30,26.4,177,343,340,2.2,,,,,,,,,,,,,,,,,,,,,,,,,,,,,,,,,,,,
22885,2019,8,27,8,45,27.200000000000003,179,493,429,2.4000000000000004,,,,,,,,,,,,,,,,,,,,,,,,,,,,,,,,,,,,
22886,2019,8,27,9,0,28.0,186,513,462,2.6,,,,,,,,,,,,,,,,,,,,,,,,,,,,,,,,,,,,
22887,2019,8,27,9,15,28.5,192,531,494,2.6,,,,,,,,,,,,,,,,,,,,,,,,,,,,,,,,,,,,
22888,2019,8,27,9,30,28.9,197,546,522,2.7,,,,,,,,,,,,,,,,,,,,,,,,,,,,,,,,,,,,
22889,2019,8,27,9,45,29.4,186,596,555,2.8000000000000003,,,,,,,,,,,,,,,,,,,,,,,,,,,,,,,,,,,,
22890,2019,8,27,10,0,29.9,190,608,581,2.8000000000000003,,,,,,,,,,,,,,,,,,,,,,,,,,,,,,,,,,,,
22891,2019,8,27,10,15,30.1,193,619,605,2.8000000000000003,,,,,,,,,,,,,,,,,,,,,,,,,,,,,,,,,,,,
22892,2019,8,27,10,30,30.3,196,628,626,2.8000000000000003,,,,,,,,,,,,,,,,,,,,,,,,,,,,,,,,,,,,
22893,2019,8,27,10,45,30.5,256,457,576,2.8000000000000003,,,,,,,,,,,,,,,,,,,,,,,,,,,,,,,,,,,,
22894,2019,8,27,11,0,30.700000000000003,310,321,539,2.8000000000000003,,,,,,,,,,,,,,,,,,,,,,,,,,,,,,,,,,,,
22895,2019,8,27,11,15,30.8,338,216,494,2.8000000000000003,,,,,,,,,,,,,,,,,,,,,,,,,,,,,,,,,,,,
22896,2019,8,27,11,30,30.9,322,320,557,2.8000000000000003,,,,,,,,,,,,,,,,,,,,,,,,,,,,,,,,,,,,
22897,2019,8,27,11,45,30.9,310,383,594,2.7,,,,,,,,,,,,,,,,,,,,,,,,,,,,,,,,,,,,
22898,2019,8,27,12,0,31.0,328,321,567,2.7,,,,,,,,,,,,,,,,,,,,,,,,,,,,,,,,,,,,
22899,2019,8,27,12,15,31.0,335,299,558,2.7,,,,,,,,,,,,,,,,,,,,,,,,,,,,,,,,,,,,
22900,2019,8,27,12,30,30.9,287,437,612,2.6,,,,,,,,,,,,,,,,,,,,,,,,,,,,,,,,,,,,
22901,2019,8,27,12,45,30.9,332,297,552,2.6,,,,,,,,,,,,,,,,,,,,,,,,,,,,,,,,,,,,
22902,2019,8,27,13,0,30.8,300,398,592,2.6,,,,,,,,,,,,,,,,,,,,,,,,,,,,,,,,,,,,
22903,2019,8,27,13,15,30.700000000000003,297,395,584,2.5,,,,,,,,,,,,,,,,,,,,,,,,,,,,,,,,,,,,
22904,2019,8,27,13,30,30.5,258,469,593,2.5,,,,,,,,,,,,,,,,,,,,,,,,,,,,,,,,,,,,
22905,2019,8,27,13,45,30.4,284,387,555,2.4000000000000004,,,,,,,,,,,,,,,,,,,,,,,,,,,,,,,,,,,,
22906,2019,8,27,14,0,30.3,292,56,330,2.4000000000000004,,,,,,,,,,,,,,,,,,,,,,,,,,,,,,,,,,,,
22907,2019,8,27,14,15,30.0,266,37,290,2.3000000000000003,,,,,,,,,,,,,,,,,,,,,,,,,,,,,,,,,,,,
22908,2019,8,27,14,30,29.8,235,22,250,2.3000000000000003,,,,,,,,,,,,,,,,,,,,,,,,,,,,,,,,,,,,
22909,2019,8,27,14,45,29.6,154,0,154,2.2,,,,,,,,,,,,,,,,,,,,,,,,,,,,,,,,,,,,
22910,2019,8,27,15,0,29.4,201,13,208,2.2,,,,,,,,,,,,,,,,,,,,,,,,,,,,,,,,,,,,
22911,2019,8,27,15,15,29.1,229,46,256,2.1,,,,,,,,,,,,,,,,,,,,,,,,,,,,,,,,,,,,
22912,2019,8,27,15,30,28.8,212,40,234,2.1,,,,,,,,,,,,,,,,,,,,,,,,,,,,,,,,,,,,
22913,2019,8,27,15,45,28.6,219,125,282,2.0,,,,,,,,,,,,,,,,,,,,,,,,,,,,,,,,,,,,
22914,2019,8,27,16,0,28.3,185,304,330,1.9,,,,,,,,,,,,,,,,,,,,,,,,,,,,,,,,,,,,
22915,2019,8,27,16,15,27.9,160,447,358,1.7000000000000002,,,,,,,,,,,,,,,,,,,,,,,,,,,,,,,,,,,,
22916,2019,8,27,16,30,27.6,152,294,272,1.6,,,,,,,,,,,,,,,,,,,,,,,,,,,,,,,,,,,,
22917,2019,8,27,16,45,27.200000000000003,138,272,239,1.4,,,,,,,,,,,,,,,,,,,,,,,,,,,,,,,,,,,,
22918,2019,8,27,17,0,26.8,117,308,219,1.3,,,,,,,,,,,,,,,,,,,,,,,,,,,,,,,,,,,,
22919,2019,8,27,17,15,26.4,110,205,171,1.2000000000000002,,,,,,,,,,,,,,,,,,,,,,,,,,,,,,,,,,,,
22920,2019,8,27,17,30,26.0,91,229,150,1.2000000000000002,,,,,,,,,,,,,,,,,,,,,,,,,,,,,,,,,,,,
22921,2019,8,27,17,45,25.5,78,176,116,1.2000000000000002,,,,,,,,,,,,,,,,,,,,,,,,,,,,,,,,,,,,
22922,2019,8,27,18,0,25.1,63,144,88,1.1,,,,,,,,,,,,,,,,,,,,,,,,,,,,,,,,,,,,
22923,2019,8,27,18,15,24.8,48,108,63,1.1,,,,,,,,,,,,,,,,,,,,,,,,,,,,,,,,,,,,
22924,2019,8,27,18,30,24.4,33,67,40,1.1,,,,,,,,,,,,,,,,,,,,,,,,,,,,,,,,,,,,
22925,2019,8,27,18,45,24.1,21,2,21,1.1,,,,,,,,,,,,,,,,,,,,,,,,,,,,,,,,,,,,
22926,2019,8,27,19,0,23.8,8,14,8,1.2000000000000002,,,,,,,,,,,,,,,,,,,,,,,,,,,,,,,,,,,,
22927,2019,8,27,19,15,23.6,0,0,0,1.2000000000000002,,,,,,,,,,,,,,,,,,,,,,,,,,,,,,,,,,,,
22928,2019,8,27,19,30,23.4,0,0,0,1.2000000000000002,,,,,,,,,,,,,,,,,,,,,,,,,,,,,,,,,,,,
22929,2019,8,27,19,45,23.200000000000003,0,0,0,1.2000000000000002,,,,,,,,,,,,,,,,,,,,,,,,,,,,,,,,,,,,
22930,2019,8,27,20,0,23.0,0,0,0,1.2000000000000002,,,,,,,,,,,,,,,,,,,,,,,,,,,,,,,,,,,,
22931,2019,8,27,20,15,22.9,0,0,0,1.2000000000000002,,,,,,,,,,,,,,,,,,,,,,,,,,,,,,,,,,,,
22932,2019,8,27,20,30,22.700000000000003,0,0,0,1.2000000000000002,,,,,,,,,,,,,,,,,,,,,,,,,,,,,,,,,,,,
22933,2019,8,27,20,45,22.5,0,0,0,1.2000000000000002,,,,,,,,,,,,,,,,,,,,,,,,,,,,,,,,,,,,
22934,2019,8,27,21,0,22.4,0,0,0,1.1,,,,,,,,,,,,,,,,,,,,,,,,,,,,,,,,,,,,
22935,2019,8,27,21,15,22.200000000000003,0,0,0,1.1,,,,,,,,,,,,,,,,,,,,,,,,,,,,,,,,,,,,
22936,2019,8,27,21,30,22.1,0,0,0,1.1,,,,,,,,,,,,,,,,,,,,,,,,,,,,,,,,,,,,
22937,2019,8,27,21,45,21.9,0,0,0,1.1,,,,,,,,,,,,,,,,,,,,,,,,,,,,,,,,,,,,
22938,2019,8,27,22,0,21.8,0,0,0,1.1,,,,,,,,,,,,,,,,,,,,,,,,,,,,,,,,,,,,
22939,2019,8,27,22,15,21.6,0,0,0,1.1,,,,,,,,,,,,,,,,,,,,,,,,,,,,,,,,,,,,
22940,2019,8,27,22,30,21.5,0,0,0,1.1,,,,,,,,,,,,,,,,,,,,,,,,,,,,,,,,,,,,
22941,2019,8,27,22,45,21.3,0,0,0,1.2000000000000002,,,,,,,,,,,,,,,,,,,,,,,,,,,,,,,,,,,,
22942,2019,8,27,23,0,21.1,0,0,0,1.2000000000000002,,,,,,,,,,,,,,,,,,,,,,,,,,,,,,,,,,,,
22943,2019,8,27,23,15,21.0,0,0,0,1.2000000000000002,,,,,,,,,,,,,,,,,,,,,,,,,,,,,,,,,,,,
22944,2019,8,27,23,30,20.8,0,0,0,1.2000000000000002,,,,,,,,,,,,,,,,,,,,,,,,,,,,,,,,,,,,
22945,2019,8,27,23,45,20.700000000000003,0,0,0,1.2000000000000002,,,,,,,,,,,,,,,,,,,,,,,,,,,,,,,,,,,,
22946,2019,8,28,0,0,20.5,0,0,0,1.2000000000000002,,,,,,,,,,,,,,,,,,,,,,,,,,,,,,,,,,,,
22947,2019,8,28,0,15,20.5,0,0,0,1.2000000000000002,,,,,,,,,,,,,,,,,,,,,,,,,,,,,,,,,,,,
22948,2019,8,28,0,30,20.5,0,0,0,1.2000000000000002,,,,,,,,,,,,,,,,,,,,,,,,,,,,,,,,,,,,
22949,2019,8,28,0,45,20.5,0,0,0,1.2000000000000002,,,,,,,,,,,,,,,,,,,,,,,,,,,,,,,,,,,,
22950,2019,8,28,1,0,20.0,0,0,0,1.2000000000000002,,,,,,,,,,,,,,,,,,,,,,,,,,,,,,,,,,,,
22951,2019,8,28,1,15,19.9,0,0,0,1.3,,,,,,,,,,,,,,,,,,,,,,,,,,,,,,,,,,,,
22952,2019,8,28,1,30,19.8,0,0,0,1.3,,,,,,,,,,,,,,,,,,,,,,,,,,,,,,,,,,,,
22953,2019,8,28,1,45,19.6,0,0,0,1.3,,,,,,,,,,,,,,,,,,,,,,,,,,,,,,,,,,,,
22954,2019,8,28,2,0,19.5,0,0,0,1.3,,,,,,,,,,,,,,,,,,,,,,,,,,,,,,,,,,,,
22955,2019,8,28,2,15,19.4,0,0,0,1.3,,,,,,,,,,,,,,,,,,,,,,,,,,,,,,,,,,,,
22956,2019,8,28,2,30,19.3,0,0,0,1.3,,,,,,,,,,,,,,,,,,,,,,,,,,,,,,,,,,,,
22957,2019,8,28,2,45,19.200000000000003,0,0,0,1.3,,,,,,,,,,,,,,,,,,,,,,,,,,,,,,,,,,,,
22958,2019,8,28,3,0,19.1,0,0,0,1.4,,,,,,,,,,,,,,,,,,,,,,,,,,,,,,,,,,,,
22959,2019,8,28,3,15,19.0,0,0,0,1.4,,,,,,,,,,,,,,,,,,,,,,,,,,,,,,,,,,,,
22960,2019,8,28,3,30,18.9,0,0,0,1.4,,,,,,,,,,,,,,,,,,,,,,,,,,,,,,,,,,,,
22961,2019,8,28,3,45,18.8,0,0,0,1.4,,,,,,,,,,,,,,,,,,,,,,,,,,,,,,,,,,,,
22962,2019,8,28,4,0,18.7,0,0,0,1.4,,,,,,,,,,,,,,,,,,,,,,,,,,,,,,,,,,,,
22963,2019,8,28,4,15,18.7,0,0,0,1.4,,,,,,,,,,,,,,,,,,,,,,,,,,,,,,,,,,,,
22964,2019,8,28,4,30,18.7,0,0,0,1.4,,,,,,,,,,,,,,,,,,,,,,,,,,,,,,,,,,,,
22965,2019,8,28,4,45,18.7,0,0,0,1.5,,,,,,,,,,,,,,,,,,,,,,,,,,,,,,,,,,,,
22966,2019,8,28,5,0,18.7,0,0,0,1.5,,,,,,,,,,,,,,,,,,,,,,,,,,,,,,,,,,,,
22967,2019,8,28,5,15,19.200000000000003,0,0,0,1.7000000000000002,,,,,,,,,,,,,,,,,,,,,,,,,,,,,,,,,,,,
22968,2019,8,28,5,30,19.700000000000003,8,23,8,1.9,,,,,,,,,,,,,,,,,,,,,,,,,,,,,,,,,,,,
22969,2019,8,28,5,45,20.200000000000003,21,73,25,2.2,,,,,,,,,,,,,,,,,,,,,,,,,,,,,,,,,,,,
22970,2019,8,28,6,0,20.700000000000003,30,0,30,2.4000000000000004,,,,,,,,,,,,,,,,,,,,,,,,,,,,,,,,,,,,
22971,2019,8,28,6,15,21.200000000000003,45,18,47,2.4000000000000004,,,,,,,,,,,,,,,,,,,,,,,,,,,,,,,,,,,,
22972,2019,8,28,6,30,21.700000000000003,61,39,67,2.4000000000000004,,,,,,,,,,,,,,,,,,,,,,,,,,,,,,,,,,,,
22973,2019,8,28,6,45,22.200000000000003,77,142,107,2.4000000000000004,,,,,,,,,,,,,,,,,,,,,,,,,,,,,,,,,,,,
22974,2019,8,28,7,0,22.700000000000003,94,81,115,2.4000000000000004,,,,,,,,,,,,,,,,,,,,,,,,,,,,,,,,,,,,
22975,2019,8,28,7,15,23.4,112,101,141,2.3000000000000003,,,,,,,,,,,,,,,,,,,,,,,,,,,,,,,,,,,,
22976,2019,8,28,7,30,24.1,125,206,193,2.2,,,,,,,,,,,,,,,,,,,,,,,,,,,,,,,,,,,,
22977,2019,8,28,7,45,24.700000000000003,139,241,228,2.2,,,,,,,,,,,,,,,,,,,,,,,,,,,,,,,,,,,,
22978,2019,8,28,8,0,25.4,125,505,328,2.1,,,,,,,,,,,,,,,,,,,,,,,,,,,,,,,,,,,,
22979,2019,8,28,8,15,26.1,181,167,254,2.1,,,,,,,,,,,,,,,,,,,,,,,,,,,,,,,,,,,,
22980,2019,8,28,8,30,26.8,174,349,339,2.2,,,,,,,,,,,,,,,,,,,,,,,,,,,,,,,,,,,,
22981,2019,8,28,8,45,27.5,192,343,364,2.3000000000000003,,,,,,,,,,,,,,,,,,,,,,,,,,,,,,,,,,,,
22982,2019,8,28,9,0,28.200000000000003,212,320,383,2.4000000000000004,,,,,,,,,,,,,,,,,,,,,,,,,,,,,,,,,,,,
22983,2019,8,28,9,15,28.200000000000003,230,304,402,2.4000000000000004,,,,,,,,,,,,,,,,,,,,,,,,,,,,,,,,,,,,
22984,2019,8,28,9,30,28.3,259,220,389,2.4000000000000004,,,,,,,,,,,,,,,,,,,,,,,,,,,,,,,,,,,,
22985,2019,8,28,9,45,28.4,273,228,413,2.3000000000000003,,,,,,,,,,,,,,,,,,,,,,,,,,,,,,,,,,,,
22986,2019,8,28,10,0,28.5,279,270,452,2.3000000000000003,,,,,,,,,,,,,,,,,,,,,,,,,,,,,,,,,,,,
22987,2019,8,28,10,15,28.5,288,285,476,2.4000000000000004,,,,,,,,,,,,,,,,,,,,,,,,,,,,,,,,,,,,
22988,2019,8,28,10,30,28.6,303,266,484,2.4000000000000004,,,,,,,,,,,,,,,,,,,,,,,,,,,,,,,,,,,,
22989,2019,8,28,10,45,28.6,324,134,417,2.4000000000000004,,,,,,,,,,,,,,,,,,,,,,,,,,,,,,,,,,,,
22990,2019,8,28,11,0,28.6,326,234,493,2.4000000000000004,,,,,,,,,,,,,,,,,,,,,,,,,,,,,,,,,,,,
22991,2019,8,28,11,15,28.700000000000003,322,292,533,2.4000000000000004,,,,,,,,,,,,,,,,,,,,,,,,,,,,,,,,,,,,
22992,2019,8,28,11,30,28.9,331,274,532,2.4000000000000004,,,,,,,,,,,,,,,,,,,,,,,,,,,,,,,,,,,,
22993,2019,8,28,11,45,29.0,347,200,494,2.4000000000000004,,,,,,,,,,,,,,,,,,,,,,,,,,,,,,,,,,,,
22994,2019,8,28,12,0,29.200000000000003,349,208,503,2.4000000000000004,,,,,,,,,,,,,,,,,,,,,,,,,,,,,,,,,,,,
22995,2019,8,28,12,15,29.5,345,239,523,2.4000000000000004,,,,,,,,,,,,,,,,,,,,,,,,,,,,,,,,,,,,
22996,2019,8,28,12,30,29.8,350,129,445,2.3000000000000003,,,,,,,,,,,,,,,,,,,,,,,,,,,,,,,,,,,,
22997,2019,8,28,12,45,30.1,348,133,446,2.3000000000000003,,,,,,,,,,,,,,,,,,,,,,,,,,,,,,,,,,,,
22998,2019,8,28,13,0,30.4,345,180,476,2.3000000000000003,,,,,,,,,,,,,,,,,,,,,,,,,,,,,,,,,,,,
22999,2019,8,28,13,15,30.700000000000003,336,112,417,2.2,,,,,,,,,,,,,,,,,,,,,,,,,,,,,,,,,,,,
23000,2019,8,28,13,30,31.0,318,76,371,2.2,,,,,,,,,,,,,,,,,,,,,,,,,,,,,,,,,,,,
23001,2019,8,28,13,45,31.200000000000003,168,3,169,2.1,,,,,,,,,,,,,,,,,,,,,,,,,,,,,,,,,,,,
23002,2019,8,28,14,0,31.5,264,31,284,2.1,,,,,,,,,,,,,,,,,,,,,,,,,,,,,,,,,,,,
23003,2019,8,28,14,15,31.6,201,8,206,2.0,,,,,,,,,,,,,,,,,,,,,,,,,,,,,,,,,,,,
23004,2019,8,28,14,30,31.700000000000003,177,4,179,1.9,,,,,,,,,,,,,,,,,,,,,,,,,,,,,,,,,,,,
23005,2019,8,28,14,45,31.8,51,0,51,1.9,,,,,,,,,,,,,,,,,,,,,,,,,,,,,,,,,,,,
23006,2019,8,28,15,0,31.9,71,0,71,1.8,,,,,,,,,,,,,,,,,,,,,,,,,,,,,,,,,,,,
23007,2019,8,28,15,15,31.700000000000003,249,143,330,1.8,,,,,,,,,,,,,,,,,,,,,,,,,,,,,,,,,,,,
23008,2019,8,28,15,30,31.6,40,0,40,1.8,,,,,,,,,,,,,,,,,,,,,,,,,,,,,,,,,,,,
23009,2019,8,28,15,45,31.4,216,125,279,1.7000000000000002,,,,,,,,,,,,,,,,,,,,,,,,,,,,,,,,,,,,
23010,2019,8,28,16,0,31.3,35,0,35,1.7000000000000002,,,,,,,,,,,,,,,,,,,,,,,,,,,,,,,,,,,,
23011,2019,8,28,16,15,30.9,30,0,30,1.6,,,,,,,,,,,,,,,,,,,,,,,,,,,,,,,,,,,,
23012,2019,8,28,16,30,30.5,80,0,80,1.4,,,,,,,,,,,,,,,,,,,,,,,,,,,,,,,,,,,,
23013,2019,8,28,16,45,30.200000000000003,44,0,44,1.3,,,,,,,,,,,,,,,,,,,,,,,,,,,,,,,,,,,,
23014,2019,8,28,17,0,29.8,20,0,20,1.1,,,,,,,,,,,,,,,,,,,,,,,,,,,,,,,,,,,,
23015,2019,8,28,17,15,29.0,111,345,212,1.0,,,,,,,,,,,,,,,,,,,,,,,,,,,,,,,,,,,,
23016,2019,8,28,17,30,28.3,91,204,142,0.9,,,,,,,,,,,,,,,,,,,,,,,,,,,,,,,,,,,,
23017,2019,8,28,17,45,27.5,86,246,138,0.8,,,,,,,,,,,,,,,,,,,,,,,,,,,,,,,,,,,,
23018,2019,8,28,18,0,26.700000000000003,61,140,85,0.8,,,,,,,,,,,,,,,,,,,,,,,,,,,,,,,,,,,,
23019,2019,8,28,18,15,26.200000000000003,53,141,72,0.8,,,,,,,,,,,,,,,,,,,,,,,,,,,,,,,,,,,,
23020,2019,8,28,18,30,25.700000000000003,36,88,44,0.8,,,,,,,,,,,,,,,,,,,,,,,,,,,,,,,,,,,,
23021,2019,8,28,18,45,25.1,18,37,20,0.9,,,,,,,,,,,,,,,,,,,,,,,,,,,,,,,,,,,,
23022,2019,8,28,19,0,24.6,5,8,6,0.9,,,,,,,,,,,,,,,,,,,,,,,,,,,,,,,,,,,,
23023,2019,8,28,19,15,24.4,0,0,0,0.9,,,,,,,,,,,,,,,,,,,,,,,,,,,,,,,,,,,,
23024,2019,8,28,19,30,24.1,0,0,0,1.0,,,,,,,,,,,,,,,,,,,,,,,,,,,,,,,,,,,,
23025,2019,8,28,19,45,23.9,0,0,0,1.0,,,,,,,,,,,,,,,,,,,,,,,,,,,,,,,,,,,,
23026,2019,8,28,20,0,23.6,0,0,0,1.0,,,,,,,,,,,,,,,,,,,,,,,,,,,,,,,,,,,,
23027,2019,8,28,20,15,23.5,0,0,0,1.0,,,,,,,,,,,,,,,,,,,,,,,,,,,,,,,,,,,,
23028,2019,8,28,20,30,23.3,0,0,0,1.1,,,,,,,,,,,,,,,,,,,,,,,,,,,,,,,,,,,,
23029,2019,8,28,20,45,23.1,0,0,0,1.1,,,,,,,,,,,,,,,,,,,,,,,,,,,,,,,,,,,,
23030,2019,8,28,21,0,22.9,0,0,0,1.1,,,,,,,,,,,,,,,,,,,,,,,,,,,,,,,,,,,,
23031,2019,8,28,21,15,22.8,0,0,0,1.1,,,,,,,,,,,,,,,,,,,,,,,,,,,,,,,,,,,,
23032,2019,8,28,21,30,22.6,0,0,0,1.1,,,,,,,,,,,,,,,,,,,,,,,,,,,,,,,,,,,,
23033,2019,8,28,21,45,22.4,0,0,0,1.1,,,,,,,,,,,,,,,,,,,,,,,,,,,,,,,,,,,,
23034,2019,8,28,22,0,22.3,0,0,0,1.1,,,,,,,,,,,,,,,,,,,,,,,,,,,,,,,,,,,,
23035,2019,8,28,22,15,22.1,0,0,0,1.1,,,,,,,,,,,,,,,,,,,,,,,,,,,,,,,,,,,,
23036,2019,8,28,22,30,21.9,0,0,0,1.1,,,,,,,,,,,,,,,,,,,,,,,,,,,,,,,,,,,,
23037,2019,8,28,22,45,21.700000000000003,0,0,0,1.1,,,,,,,,,,,,,,,,,,,,,,,,,,,,,,,,,,,,
23038,2019,8,28,23,0,21.5,0,0,0,1.1,,,,,,,,,,,,,,,,,,,,,,,,,,,,,,,,,,,,
23039,2019,8,28,23,15,21.3,0,0,0,1.1,,,,,,,,,,,,,,,,,,,,,,,,,,,,,,,,,,,,
23040,2019,8,28,23,30,21.200000000000003,0,0,0,1.1,,,,,,,,,,,,,,,,,,,,,,,,,,,,,,,,,,,,
23041,2019,8,28,23,45,21.0,0,0,0,1.1,,,,,,,,,,,,,,,,,,,,,,,,,,,,,,,,,,,,
23042,2019,8,29,0,0,20.9,0,0,0,1.1,,,,,,,,,,,,,,,,,,,,,,,,,,,,,,,,,,,,
23043,2019,8,29,0,15,20.9,0,0,0,1.1,,,,,,,,,,,,,,,,,,,,,,,,,,,,,,,,,,,,
23044,2019,8,29,0,30,20.9,0,0,0,1.1,,,,,,,,,,,,,,,,,,,,,,,,,,,,,,,,,,,,
23045,2019,8,29,0,45,20.9,0,0,0,1.1,,,,,,,,,,,,,,,,,,,,,,,,,,,,,,,,,,,,
23046,2019,8,29,1,0,20.3,0,0,0,1.2000000000000002,,,,,,,,,,,,,,,,,,,,,,,,,,,,,,,,,,,,
23047,2019,8,29,1,15,20.1,0,0,0,1.1,,,,,,,,,,,,,,,,,,,,,,,,,,,,,,,,,,,,
23048,2019,8,29,1,30,20.0,0,0,0,1.1,,,,,,,,,,,,,,,,,,,,,,,,,,,,,,,,,,,,
23049,2019,8,29,1,45,19.9,0,0,0,1.1,,,,,,,,,,,,,,,,,,,,,,,,,,,,,,,,,,,,
23050,2019,8,29,2,0,19.700000000000003,0,0,0,1.1,,,,,,,,,,,,,,,,,,,,,,,,,,,,,,,,,,,,
23051,2019,8,29,2,15,19.6,0,0,0,1.0,,,,,,,,,,,,,,,,,,,,,,,,,,,,,,,,,,,,
23052,2019,8,29,2,30,19.5,0,0,0,1.0,,,,,,,,,,,,,,,,,,,,,,,,,,,,,,,,,,,,
23053,2019,8,29,2,45,19.4,0,0,0,1.0,,,,,,,,,,,,,,,,,,,,,,,,,,,,,,,,,,,,
23054,2019,8,29,3,0,19.200000000000003,0,0,0,1.0,,,,,,,,,,,,,,,,,,,,,,,,,,,,,,,,,,,,
23055,2019,8,29,3,15,19.200000000000003,0,0,0,0.9,,,,,,,,,,,,,,,,,,,,,,,,,,,,,,,,,,,,
23056,2019,8,29,3,30,19.1,0,0,0,0.9,,,,,,,,,,,,,,,,,,,,,,,,,,,,,,,,,,,,
23057,2019,8,29,3,45,19.0,0,0,0,0.9,,,,,,,,,,,,,,,,,,,,,,,,,,,,,,,,,,,,
23058,2019,8,29,4,0,18.9,0,0,0,0.9,,,,,,,,,,,,,,,,,,,,,,,,,,,,,,,,,,,,
23059,2019,8,29,4,15,18.9,0,0,0,0.8,,,,,,,,,,,,,,,,,,,,,,,,,,,,,,,,,,,,
23060,2019,8,29,4,30,18.9,0,0,0,0.8,,,,,,,,,,,,,,,,,,,,,,,,,,,,,,,,,,,,
23061,2019,8,29,4,45,18.8,0,0,0,0.8,,,,,,,,,,,,,,,,,,,,,,,,,,,,,,,,,,,,
23062,2019,8,29,5,0,18.8,0,0,0,0.7000000000000001,,,,,,,,,,,,,,,,,,,,,,,,,,,,,,,,,,,,
23063,2019,8,29,5,15,19.0,0,0,0,0.8,,,,,,,,,,,,,,,,,,,,,,,,,,,,,,,,,,,,
23064,2019,8,29,5,30,19.3,0,0,0,0.9,,,,,,,,,,,,,,,,,,,,,,,,,,,,,,,,,,,,
23065,2019,8,29,5,45,19.5,16,0,16,1.0,,,,,,,,,,,,,,,,,,,,,,,,,,,,,,,,,,,,
23066,2019,8,29,6,0,19.700000000000003,30,20,32,1.1,,,,,,,,,,,,,,,,,,,,,,,,,,,,,,,,,,,,
23067,2019,8,29,6,15,19.8,44,53,51,1.2000000000000002,,,,,,,,,,,,,,,,,,,,,,,,,,,,,,,,,,,,
23068,2019,8,29,6,30,20.0,60,82,74,1.3,,,,,,,,,,,,,,,,,,,,,,,,,,,,,,,,,,,,
23069,2019,8,29,6,45,20.1,76,110,99,1.3,,,,,,,,,,,,,,,,,,,,,,,,,,,,,,,,,,,,
23070,2019,8,29,7,0,20.3,8,0,8,1.4,,,,,,,,,,,,,,,,,,,,,,,,,,,,,,,,,,,,
23071,2019,8,29,7,15,20.5,9,0,9,1.4,,,,,,,,,,,,,,,,,,,,,,,,,,,,,,,,,,,,
23072,2019,8,29,7,30,20.8,14,0,14,1.3,,,,,,,,,,,,,,,,,,,,,,,,,,,,,,,,,,,,
23073,2019,8,29,7,45,21.0,134,31,145,1.3,,,,,,,,,,,,,,,,,,,,,,,,,,,,,,,,,,,,
23074,2019,8,29,8,0,21.3,152,40,168,1.3,,,,,,,,,,,,,,,,,,,,,,,,,,,,,,,,,,,,
23075,2019,8,29,8,15,21.700000000000003,177,196,262,1.4,,,,,,,,,,,,,,,,,,,,,,,,,,,,,,,,,,,,
23076,2019,8,29,8,30,22.1,168,372,342,1.4,,,,,,,,,,,,,,,,,,,,,,,,,,,,,,,,,,,,
23077,2019,8,29,8,45,22.6,191,337,359,1.5,,,,,,,,,,,,,,,,,,,,,,,,,,,,,,,,,,,,
23078,2019,8,29,9,0,23.0,202,360,393,1.5,,,,,,,,,,,,,,,,,,,,,,,,,,,,,,,,,,,,
23079,2019,8,29,9,15,23.700000000000003,217,358,418,1.6,,,,,,,,,,,,,,,,,,,,,,,,,,,,,,,,,,,,
23080,2019,8,29,9,30,24.4,176,571,512,1.7000000000000002,,,,,,,,,,,,,,,,,,,,,,,,,,,,,,,,,,,,
23081,2019,8,29,9,45,25.1,257,303,443,1.8,,,,,,,,,,,,,,,,,,,,,,,,,,,,,,,,,,,,
23082,2019,8,29,10,0,25.8,268,311,466,1.8,,,,,,,,,,,,,,,,,,,,,,,,,,,,,,,,,,,,
23083,2019,8,29,10,15,26.4,262,384,514,1.9,,,,,,,,,,,,,,,,,,,,,,,,,,,,,,,,,,,,
23084,2019,8,29,10,30,26.9,279,45,309,2.0,,,,,,,,,,,,,,,,,,,,,,,,,,,,,,,,,,,,
23085,2019,8,29,10,45,27.5,311,263,493,2.0,,,,,,,,,,,,,,,,,,,,,,,,,,,,,,,,,,,,
23086,2019,8,29,11,0,28.1,286,392,563,2.1,,,,,,,,,,,,,,,,,,,,,,,,,,,,,,,,,,,,
23087,2019,8,29,11,15,28.5,324,272,519,2.1,,,,,,,,,,,,,,,,,,,,,,,,,,,,,,,,,,,,
23088,2019,8,29,11,30,28.8,206,634,667,2.2,,,,,,,,,,,,,,,,,,,,,,,,,,,,,,,,,,,,
23089,2019,8,29,11,45,29.200000000000003,200,651,677,2.2,,,,,,,,,,,,,,,,,,,,,,,,,,,,,,,,,,,,
23090,2019,8,29,12,0,29.5,200,652,681,2.3000000000000003,,,,,,,,,,,,,,,,,,,,,,,,,,,,,,,,,,,,
23091,2019,8,29,12,15,29.6,201,653,683,2.3000000000000003,,,,,,,,,,,,,,,,,,,,,,,,,,,,,,,,,,,,
23092,2019,8,29,12,30,29.8,203,652,684,2.3000000000000003,,,,,,,,,,,,,,,,,,,,,,,,,,,,,,,,,,,,
23093,2019,8,29,12,45,29.9,179,694,688,2.3000000000000003,,,,,,,,,,,,,,,,,,,,,,,,,,,,,,,,,,,,
23094,2019,8,29,13,0,30.1,179,691,680,2.3000000000000003,,,,,,,,,,,,,,,,,,,,,,,,,,,,,,,,,,,,
23095,2019,8,29,13,15,30.1,177,687,670,2.3000000000000003,,,,,,,,,,,,,,,,,,,,,,,,,,,,,,,,,,,,
23096,2019,8,29,13,30,30.1,176,681,657,2.4000000000000004,,,,,,,,,,,,,,,,,,,,,,,,,,,,,,,,,,,,
23097,2019,8,29,13,45,30.0,176,670,640,2.4000000000000004,,,,,,,,,,,,,,,,,,,,,,,,,,,,,,,,,,,,
23098,2019,8,29,14,0,30.0,174,662,621,2.4000000000000004,,,,,,,,,,,,,,,,,,,,,,,,,,,,,,,,,,,,
23099,2019,8,29,14,15,29.9,171,653,600,2.4000000000000004,,,,,,,,,,,,,,,,,,,,,,,,,,,,,,,,,,,,
23100,2019,8,29,14,30,29.700000000000003,168,642,576,2.4000000000000004,,,,,,,,,,,,,,,,,,,,,,,,,,,,,,,,,,,,
23101,2019,8,29,14,45,29.6,191,522,511,2.4000000000000004,,,,,,,,,,,,,,,,,,,,,,,,,,,,,,,,,,,,
23102,2019,8,29,15,0,29.4,244,298,419,2.5,,,,,,,,,,,,,,,,,,,,,,,,,,,,,,,,,,,,
23103,2019,8,29,15,15,29.200000000000003,192,455,447,2.4000000000000004,,,,,,,,,,,,,,,,,,,,,,,,,,,,,,,,,,,,
23104,2019,8,29,15,30,28.9,212,306,374,2.4000000000000004,,,,,,,,,,,,,,,,,,,,,,,,,,,,,,,,,,,,
23105,2019,8,29,15,45,28.700000000000003,179,393,375,2.4000000000000004,,,,,,,,,,,,,,,,,,,,,,,,,,,,,,,,,,,,
23106,2019,8,29,16,0,28.4,194,194,285,2.4000000000000004,,,,,,,,,,,,,,,,,,,,,,,,,,,,,,,,,,,,
23107,2019,8,29,16,15,28.1,125,0,125,2.4000000000000004,,,,,,,,,,,,,,,,,,,,,,,,,,,,,,,,,,,,
23108,2019,8,29,16,30,27.700000000000003,17,0,17,2.3000000000000003,,,,,,,,,,,,,,,,,,,,,,,,,,,,,,,,,,,,
23109,2019,8,29,16,45,27.3,45,0,45,2.3000000000000003,,,,,,,,,,,,,,,,,,,,,,,,,,,,,,,,,,,,
23110,2019,8,29,17,0,26.9,20,0,20,2.2,,,,,,,,,,,,,,,,,,,,,,,,,,,,,,,,,,,,
23111,2019,8,29,17,15,26.4,11,0,11,2.2,,,,,,,,,,,,,,,,,,,,,,,,,,,,,,,,,,,,
23112,2019,8,29,17,30,25.8,10,0,10,2.1,,,,,,,,,,,,,,,,,,,,,,,,,,,,,,,,,,,,
23113,2019,8,29,17,45,25.3,8,0,8,2.1,,,,,,,,,,,,,,,,,,,,,,,,,,,,,,,,,,,,
23114,2019,8,29,18,0,24.700000000000003,7,0,7,2.1,,,,,,,,,,,,,,,,,,,,,,,,,,,,,,,,,,,,
23115,2019,8,29,18,15,24.200000000000003,6,0,6,2.1,,,,,,,,,,,,,,,,,,,,,,,,,,,,,,,,,,,,
23116,2019,8,29,18,30,23.700000000000003,5,0,5,2.1,,,,,,,,,,,,,,,,,,,,,,,,,,,,,,,,,,,,
23117,2019,8,29,18,45,23.200000000000003,4,0,4,2.1,,,,,,,,,,,,,,,,,,,,,,,,,,,,,,,,,,,,
23118,2019,8,29,19,0,22.700000000000003,0,0,0,2.1,,,,,,,,,,,,,,,,,,,,,,,,,,,,,,,,,,,,
23119,2019,8,29,19,15,22.4,0,0,0,2.0,,,,,,,,,,,,,,,,,,,,,,,,,,,,,,,,,,,,
23120,2019,8,29,19,30,22.1,0,0,0,2.0,,,,,,,,,,,,,,,,,,,,,,,,,,,,,,,,,,,,
23121,2019,8,29,19,45,21.8,0,0,0,2.0,,,,,,,,,,,,,,,,,,,,,,,,,,,,,,,,,,,,
23122,2019,8,29,20,0,21.5,0,0,0,1.9,,,,,,,,,,,,,,,,,,,,,,,,,,,,,,,,,,,,
23123,2019,8,29,20,15,21.3,0,0,0,1.9,,,,,,,,,,,,,,,,,,,,,,,,,,,,,,,,,,,,
23124,2019,8,29,20,30,21.1,0,0,0,1.8,,,,,,,,,,,,,,,,,,,,,,,,,,,,,,,,,,,,
23125,2019,8,29,20,45,20.9,0,0,0,1.7000000000000002,,,,,,,,,,,,,,,,,,,,,,,,,,,,,,,,,,,,
23126,2019,8,29,21,0,20.700000000000003,0,0,0,1.6,,,,,,,,,,,,,,,,,,,,,,,,,,,,,,,,,,,,
23127,2019,8,29,21,15,20.5,0,0,0,1.5,,,,,,,,,,,,,,,,,,,,,,,,,,,,,,,,,,,,
23128,2019,8,29,21,30,20.3,0,0,0,1.4,,,,,,,,,,,,,,,,,,,,,,,,,,,,,,,,,,,,
23129,2019,8,29,21,45,20.200000000000003,0,0,0,1.4,,,,,,,,,,,,,,,,,,,,,,,,,,,,,,,,,,,,
23130,2019,8,29,22,0,20.0,0,0,0,1.3,,,,,,,,,,,,,,,,,,,,,,,,,,,,,,,,,,,,
23131,2019,8,29,22,15,19.9,0,0,0,1.3,,,,,,,,,,,,,,,,,,,,,,,,,,,,,,,,,,,,
23132,2019,8,29,22,30,19.8,0,0,0,1.2000000000000002,,,,,,,,,,,,,,,,,,,,,,,,,,,,,,,,,,,,
23133,2019,8,29,22,45,19.700000000000003,0,0,0,1.2000000000000002,,,,,,,,,,,,,,,,,,,,,,,,,,,,,,,,,,,,
23134,2019,8,29,23,0,19.6,0,0,0,1.2000000000000002,,,,,,,,,,,,,,,,,,,,,,,,,,,,,,,,,,,,
23135,2019,8,29,23,15,19.5,0,0,0,1.2000000000000002,,,,,,,,,,,,,,,,,,,,,,,,,,,,,,,,,,,,
23136,2019,8,29,23,30,19.4,0,0,0,1.2000000000000002,,,,,,,,,,,,,,,,,,,,,,,,,,,,,,,,,,,,
23137,2019,8,29,23,45,19.4,0,0,0,1.2000000000000002,,,,,,,,,,,,,,,,,,,,,,,,,,,,,,,,,,,,
23138,2019,8,30,0,0,19.3,0,0,0,1.2000000000000002,,,,,,,,,,,,,,,,,,,,,,,,,,,,,,,,,,,,
23139,2019,8,30,0,15,19.3,0,0,0,1.2000000000000002,,,,,,,,,,,,,,,,,,,,,,,,,,,,,,,,,,,,
23140,2019,8,30,0,30,19.3,0,0,0,1.2000000000000002,,,,,,,,,,,,,,,,,,,,,,,,,,,,,,,,,,,,
23141,2019,8,30,0,45,19.3,0,0,0,1.2000000000000002,,,,,,,,,,,,,,,,,,,,,,,,,,,,,,,,,,,,
23142,2019,8,30,1,0,19.0,0,0,0,1.2000000000000002,,,,,,,,,,,,,,,,,,,,,,,,,,,,,,,,,,,,
23143,2019,8,30,1,15,18.9,0,0,0,1.2000000000000002,,,,,,,,,,,,,,,,,,,,,,,,,,,,,,,,,,,,
23144,2019,8,30,1,30,18.9,0,0,0,1.2000000000000002,,,,,,,,,,,,,,,,,,,,,,,,,,,,,,,,,,,,
23145,2019,8,30,1,45,18.8,0,0,0,1.2000000000000002,,,,,,,,,,,,,,,,,,,,,,,,,,,,,,,,,,,,
23146,2019,8,30,2,0,18.7,0,0,0,1.1,,,,,,,,,,,,,,,,,,,,,,,,,,,,,,,,,,,,
23147,2019,8,30,2,15,18.6,0,0,0,1.1,,,,,,,,,,,,,,,,,,,,,,,,,,,,,,,,,,,,
23148,2019,8,30,2,30,18.5,0,0,0,1.1,,,,,,,,,,,,,,,,,,,,,,,,,,,,,,,,,,,,
23149,2019,8,30,2,45,18.4,0,0,0,1.0,,,,,,,,,,,,,,,,,,,,,,,,,,,,,,,,,,,,
23150,2019,8,30,3,0,18.3,0,0,0,1.0,,,,,,,,,,,,,,,,,,,,,,,,,,,,,,,,,,,,
23151,2019,8,30,3,15,18.2,0,0,0,0.9,,,,,,,,,,,,,,,,,,,,,,,,,,,,,,,,,,,,
23152,2019,8,30,3,30,18.1,0,0,0,0.9,,,,,,,,,,,,,,,,,,,,,,,,,,,,,,,,,,,,
23153,2019,8,30,3,45,18.1,0,0,0,0.8,,,,,,,,,,,,,,,,,,,,,,,,,,,,,,,,,,,,
23154,2019,8,30,4,0,18.0,0,0,0,0.8,,,,,,,,,,,,,,,,,,,,,,,,,,,,,,,,,,,,
23155,2019,8,30,4,15,17.900000000000002,0,0,0,0.7000000000000001,,,,,,,,,,,,,,,,,,,,,,,,,,,,,,,,,,,,
23156,2019,8,30,4,30,17.8,0,0,0,0.7000000000000001,,,,,,,,,,,,,,,,,,,,,,,,,,,,,,,,,,,,
23157,2019,8,30,4,45,17.8,0,0,0,0.6000000000000001,,,,,,,,,,,,,,,,,,,,,,,,,,,,,,,,,,,,
23158,2019,8,30,5,0,17.7,0,0,0,0.6000000000000001,,,,,,,,,,,,,,,,,,,,,,,,,,,,,,,,,,,,
23159,2019,8,30,5,15,18.0,0,0,0,0.6000000000000001,,,,,,,,,,,,,,,,,,,,,,,,,,,,,,,,,,,,
23160,2019,8,30,5,30,18.3,0,0,0,0.7000000000000001,,,,,,,,,,,,,,,,,,,,,,,,,,,,,,,,,,,,
23161,2019,8,30,5,45,18.6,15,26,16,0.8,,,,,,,,,,,,,,,,,,,,,,,,,,,,,,,,,,,,
23162,2019,8,30,6,0,18.8,32,66,38,0.8,,,,,,,,,,,,,,,,,,,,,,,,,,,,,,,,,,,,
23163,2019,8,30,6,15,19.3,51,114,65,0.9,,,,,,,,,,,,,,,,,,,,,,,,,,,,,,,,,,,,
23164,2019,8,30,6,30,19.8,69,164,96,0.9,,,,,,,,,,,,,,,,,,,,,,,,,,,,,,,,,,,,
23165,2019,8,30,6,45,20.200000000000003,86,210,129,0.9,,,,,,,,,,,,,,,,,,,,,,,,,,,,,,,,,,,,
23166,2019,8,30,7,0,20.700000000000003,102,255,165,0.9,,,,,,,,,,,,,,,,,,,,,,,,,,,,,,,,,,,,
23167,2019,8,30,7,15,21.3,116,298,201,0.9,,,,,,,,,,,,,,,,,,,,,,,,,,,,,,,,,,,,
23168,2019,8,30,7,30,21.9,129,336,237,0.9,,,,,,,,,,,,,,,,,,,,,,,,,,,,,,,,,,,,
23169,2019,8,30,7,45,22.5,140,63,162,1.0,,,,,,,,,,,,,,,,,,,,,,,,,,,,,,,,,,,,
23170,2019,8,30,8,0,23.1,154,396,310,1.0,,,,,,,,,,,,,,,,,,,,,,,,,,,,,,,,,,,,
23171,2019,8,30,8,15,23.5,176,86,213,1.0,,,,,,,,,,,,,,,,,,,,,,,,,,,,,,,,,,,,
23172,2019,8,30,8,30,24.0,193,96,238,1.0,,,,,,,,,,,,,,,,,,,,,,,,,,,,,,,,,,,,
23173,2019,8,30,8,45,24.4,211,105,263,0.9,,,,,,,,,,,,,,,,,,,,,,,,,,,,,,,,,,,,
23174,2019,8,30,9,0,24.9,181,516,453,0.9,,,,,,,,,,,,,,,,,,,,,,,,,,,,,,,,,,,,
23175,2019,8,30,9,15,25.200000000000003,187,535,484,0.9,,,,,,,,,,,,,,,,,,,,,,,,,,,,,,,,,,,,
23176,2019,8,30,9,30,25.5,192,552,514,0.9,,,,,,,,,,,,,,,,,,,,,,,,,,,,,,,,,,,,
23177,2019,8,30,9,45,25.9,273,135,355,0.9,,,,,,,,,,,,,,,,,,,,,,,,,,,,,,,,,,,,
23178,2019,8,30,10,0,26.200000000000003,287,141,376,0.9,,,,,,,,,,,,,,,,,,,,,,,,,,,,,,,,,,,,
23179,2019,8,30,10,15,26.6,299,146,394,0.9,,,,,,,,,,,,,,,,,,,,,,,,,,,,,,,,,,,,
23180,2019,8,30,10,30,26.9,310,150,411,0.9,,,,,,,,,,,,,,,,,,,,,,,,,,,,,,,,,,,,
23181,2019,8,30,10,45,27.200000000000003,320,154,425,0.9,,,,,,,,,,,,,,,,,,,,,,,,,,,,,,,,,,,,
23182,2019,8,30,11,0,27.5,328,157,438,0.9,,,,,,,,,,,,,,,,,,,,,,,,,,,,,,,,,,,,
23183,2019,8,30,11,15,27.700000000000003,335,159,449,1.0,,,,,,,,,,,,,,,,,,,,,,,,,,,,,,,,,,,,
23184,2019,8,30,11,30,28.0,340,161,457,1.0,,,,,,,,,,,,,,,,,,,,,,,,,,,,,,,,,,,,
23185,2019,8,30,11,45,28.200000000000003,344,162,462,1.1,,,,,,,,,,,,,,,,,,,,,,,,,,,,,,,,,,,,
23186,2019,8,30,12,0,28.4,346,163,466,1.2000000000000002,,,,,,,,,,,,,,,,,,,,,,,,,,,,,,,,,,,,
23187,2019,8,30,12,15,28.6,347,164,467,1.2000000000000002,,,,,,,,,,,,,,,,,,,,,,,,,,,,,,,,,,,,
23188,2019,8,30,12,30,28.700000000000003,346,163,466,1.2000000000000002,,,,,,,,,,,,,,,,,,,,,,,,,,,,,,,,,,,,
23189,2019,8,30,12,45,28.8,344,164,463,1.3,,,,,,,,,,,,,,,,,,,,,,,,,,,,,,,,,,,,
23190,2019,8,30,13,0,28.9,340,163,457,1.3,,,,,,,,,,,,,,,,,,,,,,,,,,,,,,,,,,,,
23191,2019,8,30,13,15,29.0,318,73,370,1.3,,,,,,,,,,,,,,,,,,,,,,,,,,,,,,,,,,,,
23192,2019,8,30,13,30,29.0,325,121,410,1.3,,,,,,,,,,,,,,,,,,,,,,,,,,,,,,,,,,,,
23193,2019,8,30,13,45,29.0,296,59,336,1.2000000000000002,,,,,,,,,,,,,,,,,,,,,,,,,,,,,,,,,,,,
23194,2019,8,30,14,0,29.1,275,43,304,1.2000000000000002,,,,,,,,,,,,,,,,,,,,,,,,,,,,,,,,,,,,
23195,2019,8,30,14,15,29.0,263,40,289,1.2000000000000002,,,,,,,,,,,,,,,,,,,,,,,,,,,,,,,,,,,,
23196,2019,8,30,14,30,29.0,276,81,327,1.1,,,,,,,,,,,,,,,,,,,,,,,,,,,,,,,,,,,,
23197,2019,8,30,14,45,28.9,273,142,359,1.1,,,,,,,,,,,,,,,,,,,,,,,,,,,,,,,,,,,,
23198,2019,8,30,15,0,28.9,240,53,270,1.0,,,,,,,,,,,,,,,,,,,,,,,,,,,,,,,,,,,,
23199,2019,8,30,15,15,28.8,234,255,375,1.0,,,,,,,,,,,,,,,,,,,,,,,,,,,,,,,,,,,,
23200,2019,8,30,15,30,28.6,217,260,354,0.9,,,,,,,,,,,,,,,,,,,,,,,,,,,,,,,,,,,,
23201,2019,8,30,15,45,28.5,182,467,413,0.9,,,,,,,,,,,,,,,,,,,,,,,,,,,,,,,,,,,,
23202,2019,8,30,16,0,28.4,174,444,379,0.8,,,,,,,,,,,,,,,,,,,,,,,,,,,,,,,,,,,,
23203,2019,8,30,16,15,28.200000000000003,165,417,343,0.8,,,,,,,,,,,,,,,,,,,,,,,,,,,,,,,,,,,,
23204,2019,8,30,16,30,28.0,155,388,307,0.8,,,,,,,,,,,,,,,,,,,,,,,,,,,,,,,,,,,,
23205,2019,8,30,16,45,27.8,143,358,270,0.8,,,,,,,,,,,,,,,,,,,,,,,,,,,,,,,,,,,,
23206,2019,8,30,17,0,27.6,131,323,233,0.8,,,,,,,,,,,,,,,,,,,,,,,,,,,,,,,,,,,,
23207,2019,8,30,17,15,27.0,117,284,197,0.8,,,,,,,,,,,,,,,,,,,,,,,,,,,,,,,,,,,,
23208,2019,8,30,17,30,26.5,102,243,161,0.8,,,,,,,,,,,,,,,,,,,,,,,,,,,,,,,,,,,,
23209,2019,8,30,17,45,25.9,85,203,126,0.8,,,,,,,,,,,,,,,,,,,,,,,,,,,,,,,,,,,,
23210,2019,8,30,18,0,25.4,68,156,93,0.8,,,,,,,,,,,,,,,,,,,,,,,,,,,,,,,,,,,,
23211,2019,8,30,18,15,24.9,48,108,61,0.9,,,,,,,,,,,,,,,,,,,,,,,,,,,,,,,,,,,,
23212,2019,8,30,18,30,24.3,29,61,34,1.0,,,,,,,,,,,,,,,,,,,,,,,,,,,,,,,,,,,,
23213,2019,8,30,18,45,23.8,13,24,14,1.0,,,,,,,,,,,,,,,,,,,,,,,,,,,,,,,,,,,,
23214,2019,8,30,19,0,23.3,0,0,0,1.1,,,,,,,,,,,,,,,,,,,,,,,,,,,,,,,,,,,,
23215,2019,8,30,19,15,23.1,0,0,0,1.2000000000000002,,,,,,,,,,,,,,,,,,,,,,,,,,,,,,,,,,,,
23216,2019,8,30,19,30,22.9,0,0,0,1.2000000000000002,,,,,,,,,,,,,,,,,,,,,,,,,,,,,,,,,,,,
23217,2019,8,30,19,45,22.700000000000003,0,0,0,1.3,,,,,,,,,,,,,,,,,,,,,,,,,,,,,,,,,,,,
23218,2019,8,30,20,0,22.5,0,0,0,1.3,,,,,,,,,,,,,,,,,,,,,,,,,,,,,,,,,,,,
23219,2019,8,30,20,15,22.3,0,0,0,1.4,,,,,,,,,,,,,,,,,,,,,,,,,,,,,,,,,,,,
23220,2019,8,30,20,30,22.1,0,0,0,1.4,,,,,,,,,,,,,,,,,,,,,,,,,,,,,,,,,,,,
23221,2019,8,30,20,45,21.9,0,0,0,1.4,,,,,,,,,,,,,,,,,,,,,,,,,,,,,,,,,,,,
23222,2019,8,30,21,0,21.8,0,0,0,1.4,,,,,,,,,,,,,,,,,,,,,,,,,,,,,,,,,,,,
23223,2019,8,30,21,15,21.6,0,0,0,1.4,,,,,,,,,,,,,,,,,,,,,,,,,,,,,,,,,,,,
23224,2019,8,30,21,30,21.4,0,0,0,1.4,,,,,,,,,,,,,,,,,,,,,,,,,,,,,,,,,,,,
23225,2019,8,30,21,45,21.200000000000003,0,0,0,1.4,,,,,,,,,,,,,,,,,,,,,,,,,,,,,,,,,,,,
23226,2019,8,30,22,0,21.0,0,0,0,1.3,,,,,,,,,,,,,,,,,,,,,,,,,,,,,,,,,,,,
23227,2019,8,30,22,15,20.9,0,0,0,1.3,,,,,,,,,,,,,,,,,,,,,,,,,,,,,,,,,,,,
23228,2019,8,30,22,30,20.700000000000003,0,0,0,1.2000000000000002,,,,,,,,,,,,,,,,,,,,,,,,,,,,,,,,,,,,
23229,2019,8,30,22,45,20.5,0,0,0,1.2000000000000002,,,,,,,,,,,,,,,,,,,,,,,,,,,,,,,,,,,,
23230,2019,8,30,23,0,20.3,0,0,0,1.1,,,,,,,,,,,,,,,,,,,,,,,,,,,,,,,,,,,,
23231,2019,8,30,23,15,20.200000000000003,0,0,0,1.1,,,,,,,,,,,,,,,,,,,,,,,,,,,,,,,,,,,,
23232,2019,8,30,23,30,20.1,0,0,0,1.1,,,,,,,,,,,,,,,,,,,,,,,,,,,,,,,,,,,,
23233,2019,8,30,23,45,19.9,0,0,0,1.0,,,,,,,,,,,,,,,,,,,,,,,,,,,,,,,,,,,,
23234,2019,8,31,0,0,19.8,0,0,0,1.0,,,,,,,,,,,,,,,,,,,,,,,,,,,,,,,,,,,,
23235,2019,8,31,0,15,19.8,0,0,0,1.0,,,,,,,,,,,,,,,,,,,,,,,,,,,,,,,,,,,,
23236,2019,8,31,0,30,19.8,0,0,0,1.0,,,,,,,,,,,,,,,,,,,,,,,,,,,,,,,,,,,,
23237,2019,8,31,0,45,19.8,0,0,0,1.0,,,,,,,,,,,,,,,,,,,,,,,,,,,,,,,,,,,,
23238,2019,8,31,1,0,19.5,0,0,0,0.8,,,,,,,,,,,,,,,,,,,,,,,,,,,,,,,,,,,,
23239,2019,8,31,1,15,19.5,0,0,0,0.8,,,,,,,,,,,,,,,,,,,,,,,,,,,,,,,,,,,,
23240,2019,8,31,1,30,19.4,0,0,0,0.8,,,,,,,,,,,,,,,,,,,,,,,,,,,,,,,,,,,,
23241,2019,8,31,1,45,19.4,0,0,0,0.8,,,,,,,,,,,,,,,,,,,,,,,,,,,,,,,,,,,,
23242,2019,8,31,2,0,19.4,0,0,0,0.7000000000000001,,,,,,,,,,,,,,,,,,,,,,,,,,,,,,,,,,,,
23243,2019,8,31,2,15,19.3,0,0,0,0.7000000000000001,,,,,,,,,,,,,,,,,,,,,,,,,,,,,,,,,,,,
23244,2019,8,31,2,30,19.3,0,0,0,0.7000000000000001,,,,,,,,,,,,,,,,,,,,,,,,,,,,,,,,,,,,
23245,2019,8,31,2,45,19.3,0,0,0,0.7000000000000001,,,,,,,,,,,,,,,,,,,,,,,,,,,,,,,,,,,,
23246,2019,8,31,3,0,19.3,0,0,0,0.7000000000000001,,,,,,,,,,,,,,,,,,,,,,,,,,,,,,,,,,,,
23247,2019,8,31,3,15,19.200000000000003,0,0,0,0.6000000000000001,,,,,,,,,,,,,,,,,,,,,,,,,,,,,,,,,,,,
23248,2019,8,31,3,30,19.200000000000003,0,0,0,0.6000000000000001,,,,,,,,,,,,,,,,,,,,,,,,,,,,,,,,,,,,
23249,2019,8,31,3,45,19.1,0,0,0,0.6000000000000001,,,,,,,,,,,,,,,,,,,,,,,,,,,,,,,,,,,,
23250,2019,8,31,4,0,19.1,0,0,0,0.6000000000000001,,,,,,,,,,,,,,,,,,,,,,,,,,,,,,,,,,,,
23251,2019,8,31,4,15,19.0,0,0,0,0.6000000000000001,,,,,,,,,,,,,,,,,,,,,,,,,,,,,,,,,,,,
23252,2019,8,31,4,30,19.0,0,0,0,0.6000000000000001,,,,,,,,,,,,,,,,,,,,,,,,,,,,,,,,,,,,
23253,2019,8,31,4,45,18.9,0,0,0,0.6000000000000001,,,,,,,,,,,,,,,,,,,,,,,,,,,,,,,,,,,,
23254,2019,8,31,5,0,18.8,0,0,0,0.6000000000000001,,,,,,,,,,,,,,,,,,,,,,,,,,,,,,,,,,,,
23255,2019,8,31,5,15,19.1,0,0,0,0.7000000000000001,,,,,,,,,,,,,,,,,,,,,,,,,,,,,,,,,,,,
23256,2019,8,31,5,30,19.5,0,0,0,0.8,,,,,,,,,,,,,,,,,,,,,,,,,,,,,,,,,,,,
23257,2019,8,31,5,45,19.8,15,57,18,0.8,,,,,,,,,,,,,,,,,,,,,,,,,,,,,,,,,,,,
23258,2019,8,31,6,0,20.1,30,123,40,0.9,,,,,,,,,,,,,,,,,,,,,,,,,,,,,,,,,,,,
23259,2019,8,31,6,15,20.5,44,192,68,1.0,,,,,,,,,,,,,,,,,,,,,,,,,,,,,,,,,,,,
23260,2019,8,31,6,30,21.0,58,257,99,1.0,,,,,,,,,,,,,,,,,,,,,,,,,,,,,,,,,,,,
23261,2019,8,31,6,45,21.4,70,316,133,1.1,,,,,,,,,,,,,,,,,,,,,,,,,,,,,,,,,,,,
23262,2019,8,31,7,0,21.8,80,369,169,1.2000000000000002,,,,,,,,,,,,,,,,,,,,,,,,,,,,,,,,,,,,
23263,2019,8,31,7,15,22.700000000000003,90,415,206,1.3,,,,,,,,,,,,,,,,,,,,,,,,,,,,,,,,,,,,
23264,2019,8,31,7,30,23.5,99,457,244,1.4,,,,,,,,,,,,,,,,,,,,,,,,,,,,,,,,,,,,
23265,2019,8,31,7,45,24.4,106,494,282,1.5,,,,,,,,,,,,,,,,,,,,,,,,,,,,,,,,,,,,
23266,2019,8,31,8,0,25.200000000000003,115,525,320,1.5,,,,,,,,,,,,,,,,,,,,,,,,,,,,,,,,,,,,
23267,2019,8,31,8,15,26.1,121,554,357,1.7000000000000002,,,,,,,,,,,,,,,,,,,,,,,,,,,,,,,,,,,,
23268,2019,8,31,8,30,27.0,127,579,393,2.0,,,,,,,,,,,,,,,,,,,,,,,,,,,,,,,,,,,,
23269,2019,8,31,8,45,27.9,131,603,429,2.2,,,,,,,,,,,,,,,,,,,,,,,,,,,,,,,,,,,,
23270,2019,8,31,9,0,28.700000000000003,136,623,462,2.4000000000000004,,,,,,,,,,,,,,,,,,,,,,,,,,,,,,,,,,,,
23271,2019,8,31,9,15,29.1,140,640,494,2.4000000000000004,,,,,,,,,,,,,,,,,,,,,,,,,,,,,,,,,,,,
23272,2019,8,31,9,30,29.6,144,656,524,2.5,,,,,,,,,,,,,,,,,,,,,,,,,,,,,,,,,,,,
23273,2019,8,31,9,45,30.0,146,673,553,2.6,,,,,,,,,,,,,,,,,,,,,,,,,,,,,,,,,,,,
23274,2019,8,31,10,0,30.4,149,686,581,2.7,,,,,,,,,,,,,,,,,,,,,,,,,,,,,,,,,,,,
23275,2019,8,31,10,15,30.6,152,696,604,2.8000000000000003,,,,,,,,,,,,,,,,,,,,,,,,,,,,,,,,,,,,
23276,2019,8,31,10,30,30.9,154,705,626,2.8000000000000003,,,,,,,,,,,,,,,,,,,,,,,,,,,,,,,,,,,,
23277,2019,8,31,10,45,31.200000000000003,153,720,646,2.9000000000000004,,,,,,,,,,,,,,,,,,,,,,,,,,,,,,,,,,,,
23278,2019,8,31,11,0,31.5,154,727,662,2.9000000000000004,,,,,,,,,,,,,,,,,,,,,,,,,,,,,,,,,,,,
23279,2019,8,31,11,15,31.700000000000003,156,732,675,3.0,,,,,,,,,,,,,,,,,,,,,,,,,,,,,,,,,,,,
23280,2019,8,31,11,30,31.9,157,735,685,3.0,,,,,,,,,,,,,,,,,,,,,,,,,,,,,,,,,,,,
23281,2019,8,31,11,45,32.1,153,746,694,3.0,,,,,,,,,,,,,,,,,,,,,,,,,,,,,,,,,,,,
23282,2019,8,31,12,0,32.300000000000004,154,749,700,3.1,,,,,,,,,,,,,,,,,,,,,,,,,,,,,,,,,,,,
23283,2019,8,31,12,15,32.4,154,750,701,3.1,,,,,,,,,,,,,,,,,,,,,,,,,,,,,,,,,,,,
23284,2019,8,31,12,30,32.6,154,749,700,3.1,,,,,,,,,,,,,,,,,,,,,,,,,,,,,,,,,,,,
23285,2019,8,31,12,45,32.7,147,759,697,3.1,,,,,,,,,,,,,,,,,,,,,,,,,,,,,,,,,,,,
23286,2019,8,31,13,0,32.800000000000004,147,756,690,3.1,,,,,,,,,,,,,,,,,,,,,,,,,,,,,,,,,,,,
23287,2019,8,31,13,15,32.9,146,752,679,3.1,,,,,,,,,,,,,,,,,,,,,,,,,,,,,,,,,,,,
23288,2019,8,31,13,30,32.9,145,747,665,3.1,,,,,,,,,,,,,,,,,,,,,,,,,,,,,,,,,,,,
23289,2019,8,31,13,45,32.9,143,742,649,3.1,,,,,,,,,,,,,,,,,,,,,,,,,,,,,,,,,,,,
23290,2019,8,31,14,0,33.0,141,734,630,3.1,,,,,,,,,,,,,,,,,,,,,,,,,,,,,,,,,,,,
23291,2019,8,31,14,15,32.9,139,725,608,3.1,,,,,,,,,,,,,,,,,,,,,,,,,,,,,,,,,,,,
23292,2019,8,31,14,30,32.800000000000004,137,715,584,3.1,,,,,,,,,,,,,,,,,,,,,,,,,,,,,,,,,,,,
23293,2019,8,31,14,45,32.800000000000004,134,703,558,3.1,,,,,,,,,,,,,,,,,,,,,,,,,,,,,,,,,,,,
23294,2019,8,31,15,0,32.7,131,689,529,3.1,,,,,,,,,,,,,,,,,,,,,,,,,,,,,,,,,,,,
23295,2019,8,31,15,15,32.5,128,672,497,3.1,,,,,,,,,,,,,,,,,,,,,,,,,,,,,,,,,,,,
23296,2019,8,31,15,30,32.4,124,655,464,3.0,,,,,,,,,,,,,,,,,,,,,,,,,,,,,,,,,,,,
23297,2019,8,31,15,45,32.2,123,626,429,3.0,,,,,,,,,,,,,,,,,,,,,,,,,,,,,,,,,,,,
23298,2019,8,31,16,0,32.0,118,604,394,3.0,,,,,,,,,,,,,,,,,,,,,,,,,,,,,,,,,,,,
23299,2019,8,31,16,15,31.6,113,579,357,2.7,,,,,,,,,,,,,,,,,,,,,,,,,,,,,,,,,,,,
23300,2019,8,31,16,30,31.200000000000003,107,550,320,2.4000000000000004,,,,,,,,,,,,,,,,,,,,,,,,,,,,,,,,,,,,
23301,2019,8,31,16,45,30.700000000000003,101,513,281,2.1,,,,,,,,,,,,,,,,,,,,,,,,,,,,,,,,,,,,
23302,2019,8,31,17,0,30.3,95,476,244,1.8,,,,,,,,,,,,,,,,,,,,,,,,,,,,,,,,,,,,
23303,2019,8,31,17,15,29.5,87,434,206,1.7000000000000002,,,,,,,,,,,,,,,,,,,,,,,,,,,,,,,,,,,,
23304,2019,8,31,17,30,28.700000000000003,78,386,169,1.6,,,,,,,,,,,,,,,,,,,,,,,,,,,,,,,,,,,,
23305,2019,8,31,17,45,27.8,67,334,133,1.4,,,,,,,,,,,,,,,,,,,,,,,,,,,,,,,,,,,,
23306,2019,8,31,18,0,27.0,56,273,99,1.3,,,,,,,,,,,,,,,,,,,,,,,,,,,,,,,,,,,,
23307,2019,8,31,18,15,26.5,43,204,67,1.3,,,,,,,,,,,,,,,,,,,,,,,,,,,,,,,,,,,,
23308,2019,8,31,18,30,26.1,29,130,39,1.4,,,,,,,,,,,,,,,,,,,,,,,,,,,,,,,,,,,,
23309,2019,8,31,18,45,25.6,15,57,17,1.4,,,,,,,,,,,,,,,,,,,,,,,,,,,,,,,,,,,,
23310,2019,8,31,19,0,25.1,0,0,0,1.4,,,,,,,,,,,,,,,,,,,,,,,,,,,,,,,,,,,,
23311,2019,8,31,19,15,24.9,0,0,0,1.5,,,,,,,,,,,,,,,,,,,,,,,,,,,,,,,,,,,,
23312,2019,8,31,19,30,24.8,0,0,0,1.5,,,,,,,,,,,,,,,,,,,,,,,,,,,,,,,,,,,,
23313,2019,8,31,19,45,24.6,0,0,0,1.6,,,,,,,,,,,,,,,,,,,,,,,,,,,,,,,,,,,,
23314,2019,8,31,20,0,24.4,0,0,0,1.6,,,,,,,,,,,,,,,,,,,,,,,,,,,,,,,,,,,,
23315,2019,8,31,20,15,24.3,0,0,0,1.6,,,,,,,,,,,,,,,,,,,,,,,,,,,,,,,,,,,,
23316,2019,8,31,20,30,24.1,0,0,0,1.7000000000000002,,,,,,,,,,,,,,,,,,,,,,,,,,,,,,,,,,,,
23317,2019,8,31,20,45,23.9,0,0,0,1.7000000000000002,,,,,,,,,,,,,,,,,,,,,,,,,,,,,,,,,,,,
23318,2019,8,31,21,0,23.8,0,0,0,1.7000000000000002,,,,,,,,,,,,,,,,,,,,,,,,,,,,,,,,,,,,
23319,2019,8,31,21,15,23.6,0,0,0,1.8,,,,,,,,,,,,,,,,,,,,,,,,,,,,,,,,,,,,
23320,2019,8,31,21,30,23.4,0,0,0,1.8,,,,,,,,,,,,,,,,,,,,,,,,,,,,,,,,,,,,
23321,2019,8,31,21,45,23.200000000000003,0,0,0,1.8,,,,,,,,,,,,,,,,,,,,,,,,,,,,,,,,,,,,
23322,2019,8,31,22,0,23.0,0,0,0,1.8,,,,,,,,,,,,,,,,,,,,,,,,,,,,,,,,,,,,
23323,2019,8,31,22,15,22.8,0,0,0,1.8,,,,,,,,,,,,,,,,,,,,,,,,,,,,,,,,,,,,
23324,2019,8,31,22,30,22.6,0,0,0,1.8,,,,,,,,,,,,,,,,,,,,,,,,,,,,,,,,,,,,
23325,2019,8,31,22,45,22.5,0,0,0,1.8,,,,,,,,,,,,,,,,,,,,,,,,,,,,,,,,,,,,
23326,2019,8,31,23,0,22.3,0,0,0,1.8,,,,,,,,,,,,,,,,,,,,,,,,,,,,,,,,,,,,
23327,2019,8,31,23,15,22.1,0,0,0,1.8,,,,,,,,,,,,,,,,,,,,,,,,,,,,,,,,,,,,
23328,2019,8,31,23,30,21.9,0,0,0,1.8,,,,,,,,,,,,,,,,,,,,,,,,,,,,,,,,,,,,
23329,2019,8,31,23,45,21.700000000000003,0,0,0,1.7000000000000002,,,,,,,,,,,,,,,,,,,,,,,,,,,,,,,,,,,,
23330,2019,9,1,0,0,21.6,0,0,0,1.7000000000000002,,,,,,,,,,,,,,,,,,,,,,,,,,,,,,,,,,,,
23331,2019,9,1,0,15,21.6,0,0,0,1.7000000000000002,,,,,,,,,,,,,,,,,,,,,,,,,,,,,,,,,,,,
23332,2019,9,1,0,30,21.6,0,0,0,1.7000000000000002,,,,,,,,,,,,,,,,,,,,,,,,,,,,,,,,,,,,
23333,2019,9,1,0,45,21.6,0,0,0,1.7000000000000002,,,,,,,,,,,,,,,,,,,,,,,,,,,,,,,,,,,,
23334,2019,9,1,1,0,20.9,0,0,0,1.6,,,,,,,,,,,,,,,,,,,,,,,,,,,,,,,,,,,,
23335,2019,9,1,1,15,20.700000000000003,0,0,0,1.6,,,,,,,,,,,,,,,,,,,,,,,,,,,,,,,,,,,,
23336,2019,9,1,1,30,20.6,0,0,0,1.6,,,,,,,,,,,,,,,,,,,,,,,,,,,,,,,,,,,,
23337,2019,9,1,1,45,20.4,0,0,0,1.6,,,,,,,,,,,,,,,,,,,,,,,,,,,,,,,,,,,,
23338,2019,9,1,2,0,20.3,0,0,0,1.6,,,,,,,,,,,,,,,,,,,,,,,,,,,,,,,,,,,,
23339,2019,9,1,2,15,20.1,0,0,0,1.6,,,,,,,,,,,,,,,,,,,,,,,,,,,,,,,,,,,,
23340,2019,9,1,2,30,20.0,0,0,0,1.7000000000000002,,,,,,,,,,,,,,,,,,,,,,,,,,,,,,,,,,,,
23341,2019,9,1,2,45,19.8,0,0,0,1.7000000000000002,,,,,,,,,,,,,,,,,,,,,,,,,,,,,,,,,,,,
23342,2019,9,1,3,0,19.700000000000003,0,0,0,1.7000000000000002,,,,,,,,,,,,,,,,,,,,,,,,,,,,,,,,,,,,
23343,2019,9,1,3,15,19.6,0,0,0,1.8,,,,,,,,,,,,,,,,,,,,,,,,,,,,,,,,,,,,
23344,2019,9,1,3,30,19.5,0,0,0,1.9,,,,,,,,,,,,,,,,,,,,,,,,,,,,,,,,,,,,
23345,2019,9,1,3,45,19.3,0,0,0,2.0,,,,,,,,,,,,,,,,,,,,,,,,,,,,,,,,,,,,
23346,2019,9,1,4,0,19.200000000000003,0,0,0,2.1,,,,,,,,,,,,,,,,,,,,,,,,,,,,,,,,,,,,
23347,2019,9,1,4,15,19.200000000000003,0,0,0,2.2,,,,,,,,,,,,,,,,,,,,,,,,,,,,,,,,,,,,
23348,2019,9,1,4,30,19.1,0,0,0,2.3000000000000003,,,,,,,,,,,,,,,,,,,,,,,,,,,,,,,,,,,,
23349,2019,9,1,4,45,19.1,0,0,0,2.4000000000000004,,,,,,,,,,,,,,,,,,,,,,,,,,,,,,,,,,,,
23350,2019,9,1,5,0,19.1,0,0,0,2.6,,,,,,,,,,,,,,,,,,,,,,,,,,,,,,,,,,,,
23351,2019,9,1,5,15,19.3,0,0,0,2.8000000000000003,,,,,,,,,,,,,,,,,,,,,,,,,,,,,,,,,,,,
23352,2019,9,1,5,30,19.5,0,0,0,3.0,,,,,,,,,,,,,,,,,,,,,,,,,,,,,,,,,,,,
23353,2019,9,1,5,45,19.700000000000003,13,0,13,3.2,,,,,,,,,,,,,,,,,,,,,,,,,,,,,,,,,,,,
23354,2019,9,1,6,0,19.9,26,8,27,3.4000000000000004,,,,,,,,,,,,,,,,,,,,,,,,,,,,,,,,,,,,
23355,2019,9,1,6,15,20.3,39,26,43,3.5,,,,,,,,,,,,,,,,,,,,,,,,,,,,,,,,,,,,
23356,2019,9,1,6,30,20.6,55,39,61,3.7,,,,,,,,,,,,,,,,,,,,,,,,,,,,,,,,,,,,
23357,2019,9,1,6,45,21.0,71,53,81,3.9,,,,,,,,,,,,,,,,,,,,,,,,,,,,,,,,,,,,
23358,2019,9,1,7,0,21.3,88,68,104,4.0,,,,,,,,,,,,,,,,,,,,,,,,,,,,,,,,,,,,
23359,2019,9,1,7,15,21.700000000000003,103,183,153,4.1000000000000005,,,,,,,,,,,,,,,,,,,,,,,,,,,,,,,,,,,,
23360,2019,9,1,7,30,22.1,119,201,182,4.1000000000000005,,,,,,,,,,,,,,,,,,,,,,,,,,,,,,,,,,,,
23361,2019,9,1,7,45,22.5,134,222,212,4.2,,,,,,,,,,,,,,,,,,,,,,,,,,,,,,,,,,,,
23362,2019,9,1,8,0,22.9,150,239,243,4.2,,,,,,,,,,,,,,,,,,,,,,,,,,,,,,,,,,,,
23363,2019,9,1,8,15,23.3,166,256,274,4.2,,,,,,,,,,,,,,,,,,,,,,,,,,,,,,,,,,,,
23364,2019,9,1,8,30,23.700000000000003,181,270,304,4.2,,,,,,,,,,,,,,,,,,,,,,,,,,,,,,,,,,,,
23365,2019,9,1,8,45,24.0,209,126,270,4.1000000000000005,,,,,,,,,,,,,,,,,,,,,,,,,,,,,,,,,,,,
23366,2019,9,1,9,0,24.4,225,135,295,4.1000000000000005,,,,,,,,,,,,,,,,,,,,,,,,,,,,,,,,,,,,
23367,2019,9,1,9,15,24.700000000000003,241,144,320,4.1000000000000005,,,,,,,,,,,,,,,,,,,,,,,,,,,,,,,,,,,,
23368,2019,9,1,9,30,25.1,256,151,343,4.1000000000000005,,,,,,,,,,,,,,,,,,,,,,,,,,,,,,,,,,,,
23369,2019,9,1,9,45,25.4,270,157,365,4.1000000000000005,,,,,,,,,,,,,,,,,,,,,,,,,,,,,,,,,,,,
23370,2019,9,1,10,0,25.700000000000003,283,132,365,4.1000000000000005,,,,,,,,,,,,,,,,,,,,,,,,,,,,,,,,,,,,
23371,2019,9,1,10,15,25.9,292,212,429,4.1000000000000005,,,,,,,,,,,,,,,,,,,,,,,,,,,,,,,,,,,,
23372,2019,9,1,10,30,26.1,306,141,400,4.1000000000000005,,,,,,,,,,,,,,,,,,,,,,,,,,,,,,,,,,,,
23373,2019,9,1,10,45,26.3,314,202,451,4.1000000000000005,,,,,,,,,,,,,,,,,,,,,,,,,,,,,,,,,,,,
23374,2019,9,1,11,0,26.5,322,205,464,4.1000000000000005,,,,,,,,,,,,,,,,,,,,,,,,,,,,,,,,,,,,
23375,2019,9,1,11,15,26.4,324,236,491,4.1000000000000005,,,,,,,,,,,,,,,,,,,,,,,,,,,,,,,,,,,,
23376,2019,9,1,11,30,26.4,180,5,183,4.1000000000000005,,,,,,,,,,,,,,,,,,,,,,,,,,,,,,,,,,,,
23377,2019,9,1,11,45,26.3,183,5,186,4.1000000000000005,,,,,,,,,,,,,,,,,,,,,,,,,,,,,,,,,,,,
23378,2019,9,1,12,0,26.3,290,35,315,4.1000000000000005,,,,,,,,,,,,,,,,,,,,,,,,,,,,,,,,,,,,
23379,2019,9,1,12,15,26.1,257,19,271,4.2,,,,,,,,,,,,,,,,,,,,,,,,,,,,,,,,,,,,
23380,2019,9,1,12,30,25.8,250,17,262,4.2,,,,,,,,,,,,,,,,,,,,,,,,,,,,,,,,,,,,
23381,2019,9,1,12,45,25.6,141,0,141,4.3,,,,,,,,,,,,,,,,,,,,,,,,,,,,,,,,,,,,
23382,2019,9,1,13,0,25.4,150,0,151,4.3,,,,,,,,,,,,,,,,,,,,,,,,,,,,,,,,,,,,
23383,2019,9,1,13,15,25.200000000000003,219,11,227,4.3,,,,,,,,,,,,,,,,,,,,,,,,,,,,,,,,,,,,
23384,2019,9,1,13,30,24.9,272,32,294,4.4,,,,,,,,,,,,,,,,,,,,,,,,,,,,,,,,,,,,
23385,2019,9,1,13,45,24.6,300,74,350,4.4,,,,,,,,,,,,,,,,,,,,,,,,,,,,,,,,,,,,
23386,2019,9,1,14,0,24.4,261,34,284,4.5,,,,,,,,,,,,,,,,,,,,,,,,,,,,,,,,,,,,
23387,2019,9,1,14,15,24.1,250,32,270,4.5,,,,,,,,,,,,,,,,,,,,,,,,,,,,,,,,,,,,
23388,2019,9,1,14,30,23.700000000000003,214,15,224,4.5,,,,,,,,,,,,,,,,,,,,,,,,,,,,,,,,,,,,
23389,2019,9,1,14,45,23.4,221,24,235,4.5,,,,,,,,,,,,,,,,,,,,,,,,,,,,,,,,,,,,
23390,2019,9,1,15,0,23.1,207,21,219,4.5,,,,,,,,,,,,,,,,,,,,,,,,,,,,,,,,,,,,
23391,2019,9,1,15,15,22.8,114,0,114,4.4,,,,,,,,,,,,,,,,,,,,,,,,,,,,,,,,,,,,
23392,2019,9,1,15,30,22.5,111,0,111,4.4,,,,,,,,,,,,,,,,,,,,,,,,,,,,,,,,,,,,
23393,2019,9,1,15,45,22.200000000000003,88,0,88,4.3,,,,,,,,,,,,,,,,,,,,,,,,,,,,,,,,,,,,
23394,2019,9,1,16,0,21.9,20,0,20,4.3,,,,,,,,,,,,,,,,,,,,,,,,,,,,,,,,,,,,
23395,2019,9,1,16,15,21.6,18,0,18,4.2,,,,,,,,,,,,,,,,,,,,,,,,,,,,,,,,,,,,
23396,2019,9,1,16,30,21.3,37,0,37,4.1000000000000005,,,,,,,,,,,,,,,,,,,,,,,,,,,,,,,,,,,,
23397,2019,9,1,16,45,21.0,135,79,162,4.1000000000000005,,,,,,,,,,,,,,,,,,,,,,,,,,,,,,,,,,,,
23398,2019,9,1,17,0,20.700000000000003,116,197,177,4.0,,,,,,,,,,,,,,,,,,,,,,,,,,,,,,,,,,,,
23399,2019,9,1,17,15,20.4,93,266,165,3.8,,,,,,,,,,,,,,,,,,,,,,,,,,,,,,,,,,,,
23400,2019,9,1,17,30,20.200000000000003,79,240,134,3.7,,,,,,,,,,,,,,,,,,,,,,,,,,,,,,,,,,,,
23401,2019,9,1,17,45,19.9,65,209,105,3.5,,,,,,,,,,,,,,,,,,,,,,,,,,,,,,,,,,,,
23402,2019,9,1,18,0,19.6,51,177,78,3.3000000000000003,,,,,,,,,,,,,,,,,,,,,,,,,,,,,,,,,,,,
23403,2019,9,1,18,15,19.3,37,141,53,3.2,,,,,,,,,,,,,,,,,,,,,,,,,,,,,,,,,,,,
23404,2019,9,1,18,30,19.0,25,91,31,3.1,,,,,,,,,,,,,,,,,,,,,,,,,,,,,,,,,,,,
23405,2019,9,1,18,45,18.7,14,57,16,2.9000000000000004,,,,,,,,,,,,,,,,,,,,,,,,,,,,,,,,,,,,
23406,2019,9,1,19,0,18.5,0,0,0,2.8000000000000003,,,,,,,,,,,,,,,,,,,,,,,,,,,,,,,,,,,,
23407,2019,9,1,19,15,18.3,0,0,0,2.8000000000000003,,,,,,,,,,,,,,,,,,,,,,,,,,,,,,,,,,,,
23408,2019,9,1,19,30,18.1,0,0,0,2.7,,,,,,,,,,,,,,,,,,,,,,,,,,,,,,,,,,,,
23409,2019,9,1,19,45,17.900000000000002,0,0,0,2.7,,,,,,,,,,,,,,,,,,,,,,,,,,,,,,,,,,,,
23410,2019,9,1,20,0,17.7,0,0,0,2.7,,,,,,,,,,,,,,,,,,,,,,,,,,,,,,,,,,,,
23411,2019,9,1,20,15,17.5,0,0,0,2.6,,,,,,,,,,,,,,,,,,,,,,,,,,,,,,,,,,,,
23412,2019,9,1,20,30,17.3,0,0,0,2.6,,,,,,,,,,,,,,,,,,,,,,,,,,,,,,,,,,,,
23413,2019,9,1,20,45,17.1,0,0,0,2.5,,,,,,,,,,,,,,,,,,,,,,,,,,,,,,,,,,,,
23414,2019,9,1,21,0,16.900000000000002,0,0,0,2.4000000000000004,,,,,,,,,,,,,,,,,,,,,,,,,,,,,,,,,,,,
23415,2019,9,1,21,15,16.8,0,0,0,2.4000000000000004,,,,,,,,,,,,,,,,,,,,,,,,,,,,,,,,,,,,
23416,2019,9,1,21,30,16.6,0,0,0,2.3000000000000003,,,,,,,,,,,,,,,,,,,,,,,,,,,,,,,,,,,,
23417,2019,9,1,21,45,16.400000000000002,0,0,0,2.2,,,,,,,,,,,,,,,,,,,,,,,,,,,,,,,,,,,,
23418,2019,9,1,22,0,16.3,0,0,0,2.2,,,,,,,,,,,,,,,,,,,,,,,,,,,,,,,,,,,,
23419,2019,9,1,22,15,16.1,0,0,0,2.1,,,,,,,,,,,,,,,,,,,,,,,,,,,,,,,,,,,,
23420,2019,9,1,22,30,15.9,0,0,0,2.0,,,,,,,,,,,,,,,,,,,,,,,,,,,,,,,,,,,,
23421,2019,9,1,22,45,15.7,0,0,0,1.9,,,,,,,,,,,,,,,,,,,,,,,,,,,,,,,,,,,,
23422,2019,9,1,23,0,15.5,0,0,0,1.9,,,,,,,,,,,,,,,,,,,,,,,,,,,,,,,,,,,,
23423,2019,9,1,23,15,15.3,0,0,0,1.8,,,,,,,,,,,,,,,,,,,,,,,,,,,,,,,,,,,,
23424,2019,9,1,23,30,15.1,0,0,0,1.8,,,,,,,,,,,,,,,,,,,,,,,,,,,,,,,,,,,,
23425,2019,9,1,23,45,14.8,0,0,0,1.8,,,,,,,,,,,,,,,,,,,,,,,,,,,,,,,,,,,,
23426,2019,9,2,0,0,14.6,0,0,0,1.7000000000000002,,,,,,,,,,,,,,,,,,,,,,,,,,,,,,,,,,,,
23427,2019,9,2,0,15,14.6,0,0,0,1.7000000000000002,,,,,,,,,,,,,,,,,,,,,,,,,,,,,,,,,,,,
23428,2019,9,2,0,30,14.6,0,0,0,1.7000000000000002,,,,,,,,,,,,,,,,,,,,,,,,,,,,,,,,,,,,
23429,2019,9,2,0,45,14.6,0,0,0,1.7000000000000002,,,,,,,,,,,,,,,,,,,,,,,,,,,,,,,,,,,,
23430,2019,9,2,1,0,13.7,0,0,0,1.6,,,,,,,,,,,,,,,,,,,,,,,,,,,,,,,,,,,,
23431,2019,9,2,1,15,13.5,0,0,0,1.6,,,,,,,,,,,,,,,,,,,,,,,,,,,,,,,,,,,,
23432,2019,9,2,1,30,13.3,0,0,0,1.6,,,,,,,,,,,,,,,,,,,,,,,,,,,,,,,,,,,,
23433,2019,9,2,1,45,13.1,0,0,0,1.6,,,,,,,,,,,,,,,,,,,,,,,,,,,,,,,,,,,,
23434,2019,9,2,2,0,12.8,0,0,0,1.6,,,,,,,,,,,,,,,,,,,,,,,,,,,,,,,,,,,,
23435,2019,9,2,2,15,12.7,0,0,0,1.7000000000000002,,,,,,,,,,,,,,,,,,,,,,,,,,,,,,,,,,,,
23436,2019,9,2,2,30,12.5,0,0,0,1.7000000000000002,,,,,,,,,,,,,,,,,,,,,,,,,,,,,,,,,,,,
23437,2019,9,2,2,45,12.3,0,0,0,1.7000000000000002,,,,,,,,,,,,,,,,,,,,,,,,,,,,,,,,,,,,
23438,2019,9,2,3,0,12.2,0,0,0,1.8,,,,,,,,,,,,,,,,,,,,,,,,,,,,,,,,,,,,
23439,2019,9,2,3,15,12.0,0,0,0,1.8,,,,,,,,,,,,,,,,,,,,,,,,,,,,,,,,,,,,
23440,2019,9,2,3,30,11.9,0,0,0,1.8,,,,,,,,,,,,,,,,,,,,,,,,,,,,,,,,,,,,
23441,2019,9,2,3,45,11.7,0,0,0,1.8,,,,,,,,,,,,,,,,,,,,,,,,,,,,,,,,,,,,
23442,2019,9,2,4,0,11.6,0,0,0,1.9,,,,,,,,,,,,,,,,,,,,,,,,,,,,,,,,,,,,
23443,2019,9,2,4,15,11.5,0,0,0,1.9,,,,,,,,,,,,,,,,,,,,,,,,,,,,,,,,,,,,
23444,2019,9,2,4,30,11.4,0,0,0,2.0,,,,,,,,,,,,,,,,,,,,,,,,,,,,,,,,,,,,
23445,2019,9,2,4,45,11.3,0,0,0,2.0,,,,,,,,,,,,,,,,,,,,,,,,,,,,,,,,,,,,
23446,2019,9,2,5,0,11.2,0,0,0,2.0,,,,,,,,,,,,,,,,,,,,,,,,,,,,,,,,,,,,
23447,2019,9,2,5,15,11.4,0,0,0,2.3000000000000003,,,,,,,,,,,,,,,,,,,,,,,,,,,,,,,,,,,,
23448,2019,9,2,5,30,11.7,0,0,0,2.5,,,,,,,,,,,,,,,,,,,,,,,,,,,,,,,,,,,,
23449,2019,9,2,5,45,12.0,16,112,20,2.7,,,,,,,,,,,,,,,,,,,,,,,,,,,,,,,,,,,,
23450,2019,9,2,6,0,12.2,27,220,44,2.9000000000000004,,,,,,,,,,,,,,,,,,,,,,,,,,,,,,,,,,,,
23451,2019,9,2,6,15,12.8,38,316,74,3.0,,,,,,,,,,,,,,,,,,,,,,,,,,,,,,,,,,,,
23452,2019,9,2,6,30,13.4,47,397,109,3.1,,,,,,,,,,,,,,,,,,,,,,,,,,,,,,,,,,,,
23453,2019,9,2,6,45,14.0,54,477,147,3.3000000000000003,,,,,,,,,,,,,,,,,,,,,,,,,,,,,,,,,,,,
23454,2019,9,2,7,0,14.6,61,534,185,3.4000000000000004,,,,,,,,,,,,,,,,,,,,,,,,,,,,,,,,,,,,
23455,2019,9,2,7,15,15.2,67,582,225,3.5,,,,,,,,,,,,,,,,,,,,,,,,,,,,,,,,,,,,
23456,2019,9,2,7,30,15.7,72,624,266,3.6,,,,,,,,,,,,,,,,,,,,,,,,,,,,,,,,,,,,
23457,2019,9,2,7,45,16.3,75,667,307,3.8,,,,,,,,,,,,,,,,,,,,,,,,,,,,,,,,,,,,
23458,2019,9,2,8,0,16.8,80,698,347,3.9,,,,,,,,,,,,,,,,,,,,,,,,,,,,,,,,,,,,
23459,2019,9,2,8,15,17.2,84,727,388,3.9,,,,,,,,,,,,,,,,,,,,,,,,,,,,,,,,,,,,
23460,2019,9,2,8,30,17.6,87,750,426,3.9,,,,,,,,,,,,,,,,,,,,,,,,,,,,,,,,,,,,
23461,2019,9,2,8,45,17.900000000000002,88,775,464,3.9,,,,,,,,,,,,,,,,,,,,,,,,,,,,,,,,,,,,
23462,2019,9,2,9,0,18.3,91,792,500,3.9,,,,,,,,,,,,,,,,,,,,,,,,,,,,,,,,,,,,
23463,2019,9,2,9,15,18.6,94,807,534,3.9,,,,,,,,,,,,,,,,,,,,,,,,,,,,,,,,,,,,
23464,2019,9,2,9,30,18.9,95,820,565,3.8,,,,,,,,,,,,,,,,,,,,,,,,,,,,,,,,,,,,
23465,2019,9,2,9,45,19.200000000000003,265,112,332,3.8,,,,,,,,,,,,,,,,,,,,,,,,,,,,,,,,,,,,
23466,2019,9,2,10,0,19.5,98,845,622,3.8,,,,,,,,,,,,,,,,,,,,,,,,,,,,,,,,,,,,
23467,2019,9,2,10,15,19.8,291,123,370,3.8,,,,,,,,,,,,,,,,,,,,,,,,,,,,,,,,,,,,
23468,2019,9,2,10,30,20.0,302,127,386,3.8,,,,,,,,,,,,,,,,,,,,,,,,,,,,,,,,,,,,
23469,2019,9,2,10,45,20.3,312,130,400,3.8,,,,,,,,,,,,,,,,,,,,,,,,,,,,,,,,,,,,
23470,2019,9,2,11,0,20.5,320,133,412,3.8,,,,,,,,,,,,,,,,,,,,,,,,,,,,,,,,,,,,
23471,2019,9,2,11,15,20.700000000000003,327,136,422,3.8,,,,,,,,,,,,,,,,,,,,,,,,,,,,,,,,,,,,
23472,2019,9,2,11,30,20.9,332,138,430,3.8,,,,,,,,,,,,,,,,,,,,,,,,,,,,,,,,,,,,
23473,2019,9,2,11,45,21.1,105,880,736,3.9,,,,,,,,,,,,,,,,,,,,,,,,,,,,,,,,,,,,
23474,2019,9,2,12,0,21.200000000000003,106,881,740,3.9,,,,,,,,,,,,,,,,,,,,,,,,,,,,,,,,,,,,
23475,2019,9,2,12,15,21.3,106,879,739,3.9,,,,,,,,,,,,,,,,,,,,,,,,,,,,,,,,,,,,
23476,2019,9,2,12,30,21.4,106,878,737,3.9,,,,,,,,,,,,,,,,,,,,,,,,,,,,,,,,,,,,
23477,2019,9,2,12,45,21.5,336,137,434,3.9,,,,,,,,,,,,,,,,,,,,,,,,,,,,,,,,,,,,
23478,2019,9,2,13,0,21.6,113,857,720,3.9,,,,,,,,,,,,,,,,,,,,,,,,,,,,,,,,,,,,
23479,2019,9,2,13,15,21.6,112,853,709,3.9,,,,,,,,,,,,,,,,,,,,,,,,,,,,,,,,,,,,
23480,2019,9,2,13,30,21.6,319,131,409,3.9,,,,,,,,,,,,,,,,,,,,,,,,,,,,,,,,,,,,
23481,2019,9,2,13,45,21.6,310,184,434,3.9,,,,,,,,,,,,,,,,,,,,,,,,,,,,,,,,,,,,
23482,2019,9,2,14,0,21.6,295,234,449,3.9,,,,,,,,,,,,,,,,,,,,,,,,,,,,,,,,,,,,
23483,2019,9,2,14,15,21.5,284,230,431,3.9,,,,,,,,,,,,,,,,,,,,,,,,,,,,,,,,,,,,
23484,2019,9,2,14,30,21.5,106,819,610,3.9,,,,,,,,,,,,,,,,,,,,,,,,,,,,,,,,,,,,
23485,2019,9,2,14,45,21.4,104,807,582,3.9,,,,,,,,,,,,,,,,,,,,,,,,,,,,,,,,,,,,
23486,2019,9,2,15,0,21.3,102,795,552,3.9,,,,,,,,,,,,,,,,,,,,,,,,,,,,,,,,,,,,
23487,2019,9,2,15,15,21.1,210,341,394,3.8,,,,,,,,,,,,,,,,,,,,,,,,,,,,,,,,,,,,
23488,2019,9,2,15,30,21.0,97,764,487,3.8,,,,,,,,,,,,,,,,,,,,,,,,,,,,,,,,,,,,
23489,2019,9,2,15,45,20.8,96,742,450,3.7,,,,,,,,,,,,,,,,,,,,,,,,,,,,,,,,,,,,
23490,2019,9,2,16,0,20.700000000000003,92,720,413,3.7,,,,,,,,,,,,,,,,,,,,,,,,,,,,,,,,,,,,
23491,2019,9,2,16,15,20.4,88,696,375,3.6,,,,,,,,,,,,,,,,,,,,,,,,,,,,,,,,,,,,
23492,2019,9,2,16,30,20.200000000000003,84,665,334,3.4000000000000004,,,,,,,,,,,,,,,,,,,,,,,,,,,,,,,,,,,,
23493,2019,9,2,16,45,19.9,133,84,161,3.3000000000000003,,,,,,,,,,,,,,,,,,,,,,,,,,,,,,,,,,,,
23494,2019,9,2,17,0,19.700000000000003,75,0,75,3.2,,,,,,,,,,,,,,,,,,,,,,,,,,,,,,,,,,,,
23495,2019,9,2,17,15,19.0,75,0,75,2.7,,,,,,,,,,,,,,,,,,,,,,,,,,,,,,,,,,,,
23496,2019,9,2,17,30,18.4,59,0,59,2.3000000000000003,,,,,,,,,,,,,,,,,,,,,,,,,,,,,,,,,,,,
23497,2019,9,2,17,45,17.7,55,428,135,1.9,,,,,,,,,,,,,,,,,,,,,,,,,,,,,,,,,,,,
23498,2019,9,2,18,0,17.1,46,357,98,1.4,,,,,,,,,,,,,,,,,,,,,,,,,,,,,,,,,,,,
23499,2019,9,2,18,15,16.5,36,274,65,1.4,,,,,,,,,,,,,,,,,,,,,,,,,,,,,,,,,,,,
23500,2019,9,2,18,30,15.9,25,178,36,1.3,,,,,,,,,,,,,,,,,,,,,,,,,,,,,,,,,,,,
23501,2019,9,2,18,45,15.4,13,78,15,1.2000000000000002,,,,,,,,,,,,,,,,,,,,,,,,,,,,,,,,,,,,
23502,2019,9,2,19,0,14.8,0,0,0,1.1,,,,,,,,,,,,,,,,,,,,,,,,,,,,,,,,,,,,
23503,2019,9,2,19,15,14.6,0,0,0,1.1,,,,,,,,,,,,,,,,,,,,,,,,,,,,,,,,,,,,
23504,2019,9,2,19,30,14.4,0,0,0,1.1,,,,,,,,,,,,,,,,,,,,,,,,,,,,,,,,,,,,
23505,2019,9,2,19,45,14.2,0,0,0,1.0,,,,,,,,,,,,,,,,,,,,,,,,,,,,,,,,,,,,
23506,2019,9,2,20,0,14.0,0,0,0,1.0,,,,,,,,,,,,,,,,,,,,,,,,,,,,,,,,,,,,
23507,2019,9,2,20,15,13.9,0,0,0,1.0,,,,,,,,,,,,,,,,,,,,,,,,,,,,,,,,,,,,
23508,2019,9,2,20,30,13.8,0,0,0,1.0,,,,,,,,,,,,,,,,,,,,,,,,,,,,,,,,,,,,
23509,2019,9,2,20,45,13.6,0,0,0,1.0,,,,,,,,,,,,,,,,,,,,,,,,,,,,,,,,,,,,
23510,2019,9,2,21,0,13.5,0,0,0,0.9,,,,,,,,,,,,,,,,,,,,,,,,,,,,,,,,,,,,
23511,2019,9,2,21,15,13.5,0,0,0,0.9,,,,,,,,,,,,,,,,,,,,,,,,,,,,,,,,,,,,
23512,2019,9,2,21,30,13.4,0,0,0,0.9,,,,,,,,,,,,,,,,,,,,,,,,,,,,,,,,,,,,
23513,2019,9,2,21,45,13.4,0,0,0,0.9,,,,,,,,,,,,,,,,,,,,,,,,,,,,,,,,,,,,
23514,2019,9,2,22,0,13.4,0,0,0,0.9,,,,,,,,,,,,,,,,,,,,,,,,,,,,,,,,,,,,
23515,2019,9,2,22,15,13.3,0,0,0,0.8,,,,,,,,,,,,,,,,,,,,,,,,,,,,,,,,,,,,
23516,2019,9,2,22,30,13.2,0,0,0,0.8,,,,,,,,,,,,,,,,,,,,,,,,,,,,,,,,,,,,
23517,2019,9,2,22,45,13.1,0,0,0,0.8,,,,,,,,,,,,,,,,,,,,,,,,,,,,,,,,,,,,
23518,2019,9,2,23,0,13.1,0,0,0,0.8,,,,,,,,,,,,,,,,,,,,,,,,,,,,,,,,,,,,
23519,2019,9,2,23,15,12.9,0,0,0,0.8,,,,,,,,,,,,,,,,,,,,,,,,,,,,,,,,,,,,
23520,2019,9,2,23,30,12.7,0,0,0,0.8,,,,,,,,,,,,,,,,,,,,,,,,,,,,,,,,,,,,
23521,2019,9,2,23,45,12.5,0,0,0,0.9,,,,,,,,,,,,,,,,,,,,,,,,,,,,,,,,,,,,
23522,2019,9,3,0,0,12.3,0,0,0,0.9,,,,,,,,,,,,,,,,,,,,,,,,,,,,,,,,,,,,
23523,2019,9,3,0,15,12.3,0,0,0,0.9,,,,,,,,,,,,,,,,,,,,,,,,,,,,,,,,,,,,
23524,2019,9,3,0,30,12.3,0,0,0,0.9,,,,,,,,,,,,,,,,,,,,,,,,,,,,,,,,,,,,
23525,2019,9,3,0,45,12.3,0,0,0,0.9,,,,,,,,,,,,,,,,,,,,,,,,,,,,,,,,,,,,
23526,2019,9,3,1,0,11.3,0,0,0,1.1,,,,,,,,,,,,,,,,,,,,,,,,,,,,,,,,,,,,
23527,2019,9,3,1,15,11.2,0,0,0,1.1,,,,,,,,,,,,,,,,,,,,,,,,,,,,,,,,,,,,
23528,2019,9,3,1,30,11.0,0,0,0,1.2000000000000002,,,,,,,,,,,,,,,,,,,,,,,,,,,,,,,,,,,,
23529,2019,9,3,1,45,10.9,0,0,0,1.3,,,,,,,,,,,,,,,,,,,,,,,,,,,,,,,,,,,,
23530,2019,9,3,2,0,10.7,0,0,0,1.3,,,,,,,,,,,,,,,,,,,,,,,,,,,,,,,,,,,,
23531,2019,9,3,2,15,10.6,0,0,0,1.4,,,,,,,,,,,,,,,,,,,,,,,,,,,,,,,,,,,,
23532,2019,9,3,2,30,10.6,0,0,0,1.4,,,,,,,,,,,,,,,,,,,,,,,,,,,,,,,,,,,,
23533,2019,9,3,2,45,10.5,0,0,0,1.5,,,,,,,,,,,,,,,,,,,,,,,,,,,,,,,,,,,,
23534,2019,9,3,3,0,10.5,0,0,0,1.6,,,,,,,,,,,,,,,,,,,,,,,,,,,,,,,,,,,,
23535,2019,9,3,3,15,10.4,0,0,0,1.6,,,,,,,,,,,,,,,,,,,,,,,,,,,,,,,,,,,,
23536,2019,9,3,3,30,10.4,0,0,0,1.7000000000000002,,,,,,,,,,,,,,,,,,,,,,,,,,,,,,,,,,,,
23537,2019,9,3,3,45,10.3,0,0,0,1.8,,,,,,,,,,,,,,,,,,,,,,,,,,,,,,,,,,,,
23538,2019,9,3,4,0,10.3,0,0,0,1.8,,,,,,,,,,,,,,,,,,,,,,,,,,,,,,,,,,,,
23539,2019,9,3,4,15,10.3,0,0,0,1.9,,,,,,,,,,,,,,,,,,,,,,,,,,,,,,,,,,,,
23540,2019,9,3,4,30,10.3,0,0,0,2.0,,,,,,,,,,,,,,,,,,,,,,,,,,,,,,,,,,,,
23541,2019,9,3,4,45,10.4,0,0,0,2.1,,,,,,,,,,,,,,,,,,,,,,,,,,,,,,,,,,,,
23542,2019,9,3,5,0,10.4,0,0,0,2.2,,,,,,,,,,,,,,,,,,,,,,,,,,,,,,,,,,,,
23543,2019,9,3,5,15,10.8,0,0,0,2.5,,,,,,,,,,,,,,,,,,,,,,,,,,,,,,,,,,,,
23544,2019,9,3,5,30,11.3,0,0,0,2.8000000000000003,,,,,,,,,,,,,,,,,,,,,,,,,,,,,,,,,,,,
23545,2019,9,3,5,45,11.7,2,0,2,3.1,,,,,,,,,,,,,,,,,,,,,,,,,,,,,,,,,,,,
23546,2019,9,3,6,0,12.2,4,0,4,3.4000000000000004,,,,,,,,,,,,,,,,,,,,,,,,,,,,,,,,,,,,
23547,2019,9,3,6,15,12.7,5,0,5,3.4000000000000004,,,,,,,,,,,,,,,,,,,,,,,,,,,,,,,,,,,,
23548,2019,9,3,6,30,13.2,7,0,7,3.4000000000000004,,,,,,,,,,,,,,,,,,,,,,,,,,,,,,,,,,,,
23549,2019,9,3,6,45,13.7,10,0,10,3.5,,,,,,,,,,,,,,,,,,,,,,,,,,,,,,,,,,,,
23550,2019,9,3,7,0,14.2,12,0,12,3.5,,,,,,,,,,,,,,,,,,,,,,,,,,,,,,,,,,,,
23551,2019,9,3,7,15,15.1,15,0,15,3.6,,,,,,,,,,,,,,,,,,,,,,,,,,,,,,,,,,,,
23552,2019,9,3,7,30,15.9,18,0,18,3.8,,,,,,,,,,,,,,,,,,,,,,,,,,,,,,,,,,,,
23553,2019,9,3,7,45,16.7,110,0,110,3.9,,,,,,,,,,,,,,,,,,,,,,,,,,,,,,,,,,,,
23554,2019,9,3,8,0,17.5,127,5,129,4.1000000000000005,,,,,,,,,,,,,,,,,,,,,,,,,,,,,,,,,,,,
23555,2019,9,3,8,15,18.2,136,3,138,4.2,,,,,,,,,,,,,,,,,,,,,,,,,,,,,,,,,,,,
23556,2019,9,3,8,30,18.8,152,9,155,4.3,,,,,,,,,,,,,,,,,,,,,,,,,,,,,,,,,,,,
23557,2019,9,3,8,45,19.4,177,25,189,4.5,,,,,,,,,,,,,,,,,,,,,,,,,,,,,,,,,,,,
23558,2019,9,3,9,0,20.0,193,29,208,4.6000000000000005,,,,,,,,,,,,,,,,,,,,,,,,,,,,,,,,,,,,
23559,2019,9,3,9,15,20.4,209,34,227,4.6000000000000005,,,,,,,,,,,,,,,,,,,,,,,,,,,,,,,,,,,,
23560,2019,9,3,9,30,20.700000000000003,117,0,117,4.7,,,,,,,,,,,,,,,,,,,,,,,,,,,,,,,,,,,,
23561,2019,9,3,9,45,21.1,49,0,49,4.7,,,,,,,,,,,,,,,,,,,,,,,,,,,,,,,,,,,,
23562,2019,9,3,10,0,21.4,52,0,52,4.7,,,,,,,,,,,,,,,,,,,,,,,,,,,,,,,,,,,,
23563,2019,9,3,10,15,21.6,123,0,123,4.800000000000001,,,,,,,,,,,,,,,,,,,,,,,,,,,,,,,,,,,,
23564,2019,9,3,10,30,21.8,283,64,325,4.800000000000001,,,,,,,,,,,,,,,,,,,,,,,,,,,,,,,,,,,,
23565,2019,9,3,10,45,22.0,291,64,334,4.800000000000001,,,,,,,,,,,,,,,,,,,,,,,,,,,,,,,,,,,,
23566,2019,9,3,11,0,22.200000000000003,183,4,186,4.9,,,,,,,,,,,,,,,,,,,,,,,,,,,,,,,,,,,,
23567,2019,9,3,11,15,22.4,190,5,194,4.9,,,,,,,,,,,,,,,,,,,,,,,,,,,,,,,,,,,,
23568,2019,9,3,11,30,22.6,331,147,434,4.9,,,,,,,,,,,,,,,,,,,,,,,,,,,,,,,,,,,,
23569,2019,9,3,11,45,22.8,213,9,219,4.9,,,,,,,,,,,,,,,,,,,,,,,,,,,,,,,,,,,,
23570,2019,9,3,12,0,23.0,185,5,188,5.0,,,,,,,,,,,,,,,,,,,,,,,,,,,,,,,,,,,,
23571,2019,9,3,12,15,23.1,161,2,162,5.0,,,,,,,,,,,,,,,,,,,,,,,,,,,,,,,,,,,,
23572,2019,9,3,12,30,23.3,194,6,198,5.0,,,,,,,,,,,,,,,,,,,,,,,,,,,,,,,,,,,,
23573,2019,9,3,12,45,23.4,106,0,106,5.0,,,,,,,,,,,,,,,,,,,,,,,,,,,,,,,,,,,,
23574,2019,9,3,13,0,23.5,61,0,61,5.0,,,,,,,,,,,,,,,,,,,,,,,,,,,,,,,,,,,,
23575,2019,9,3,13,15,23.5,60,0,60,5.0,,,,,,,,,,,,,,,,,,,,,,,,,,,,,,,,,,,,
23576,2019,9,3,13,30,23.6,126,0,126,5.0,,,,,,,,,,,,,,,,,,,,,,,,,,,,,,,,,,,,
23577,2019,9,3,13,45,23.6,173,3,174,4.9,,,,,,,,,,,,,,,,,,,,,,,,,,,,,,,,,,,,
23578,2019,9,3,14,0,23.6,192,6,196,4.9,,,,,,,,,,,,,,,,,,,,,,,,,,,,,,,,,,,,
23579,2019,9,3,14,15,23.5,175,3,177,4.9,,,,,,,,,,,,,,,,,,,,,,,,,,,,,,,,,,,,
23580,2019,9,3,14,30,23.4,166,1,167,4.800000000000001,,,,,,,,,,,,,,,,,,,,,,,,,,,,,,,,,,,,
23581,2019,9,3,14,45,23.3,157,0,157,4.800000000000001,,,,,,,,,,,,,,,,,,,,,,,,,,,,,,,,,,,,
23582,2019,9,3,15,0,23.200000000000003,107,0,107,4.800000000000001,,,,,,,,,,,,,,,,,,,,,,,,,,,,,,,,,,,,
23583,2019,9,3,15,15,23.0,100,0,100,4.7,,,,,,,,,,,,,,,,,,,,,,,,,,,,,,,,,,,,
23584,2019,9,3,15,30,22.700000000000003,41,0,41,4.6000000000000005,,,,,,,,,,,,,,,,,,,,,,,,,,,,,,,,,,,,
23585,2019,9,3,15,45,22.5,35,0,35,4.5,,,,,,,,,,,,,,,,,,,,,,,,,,,,,,,,,,,,
23586,2019,9,3,16,0,22.3,31,0,31,4.5,,,,,,,,,,,,,,,,,,,,,,,,,,,,,,,,,,,,
23587,2019,9,3,16,15,22.0,28,0,28,4.3,,,,,,,,,,,,,,,,,,,,,,,,,,,,,,,,,,,,
23588,2019,9,3,16,30,21.6,24,0,24,4.2,,,,,,,,,,,,,,,,,,,,,,,,,,,,,,,,,,,,
23589,2019,9,3,16,45,21.3,102,0,102,4.0,,,,,,,,,,,,,,,,,,,,,,,,,,,,,,,,,,,,
23590,2019,9,3,17,0,21.0,17,0,17,3.8,,,,,,,,,,,,,,,,,,,,,,,,,,,,,,,,,,,,
23591,2019,9,3,17,15,20.4,14,0,14,3.4000000000000004,,,,,,,,,,,,,,,,,,,,,,,,,,,,,,,,,,,,
23592,2019,9,3,17,30,19.8,11,0,11,3.0,,,,,,,,,,,,,,,,,,,,,,,,,,,,,,,,,,,,
23593,2019,9,3,17,45,19.200000000000003,9,0,9,2.5,,,,,,,,,,,,,,,,,,,,,,,,,,,,,,,,,,,,
23594,2019,9,3,18,0,18.6,46,320,91,2.1,,,,,,,,,,,,,,,,,,,,,,,,,,,,,,,,,,,,
23595,2019,9,3,18,15,18.0,5,0,5,1.9,,,,,,,,,,,,,,,,,,,,,,,,,,,,,,,,,,,,
23596,2019,9,3,18,30,17.400000000000002,23,144,32,1.7000000000000002,,,,,,,,,,,,,,,,,,,,,,,,,,,,,,,,,,,,
23597,2019,9,3,18,45,16.8,11,52,12,1.5,,,,,,,,,,,,,,,,,,,,,,,,,,,,,,,,,,,,
23598,2019,9,3,19,0,16.2,0,0,0,1.3,,,,,,,,,,,,,,,,,,,,,,,,,,,,,,,,,,,,
23599,2019,9,3,19,15,15.9,0,0,0,1.2000000000000002,,,,,,,,,,,,,,,,,,,,,,,,,,,,,,,,,,,,
23600,2019,9,3,19,30,15.7,0,0,0,1.2000000000000002,,,,,,,,,,,,,,,,,,,,,,,,,,,,,,,,,,,,
23601,2019,9,3,19,45,15.5,0,0,0,1.2000000000000002,,,,,,,,,,,,,,,,,,,,,,,,,,,,,,,,,,,,
23602,2019,9,3,20,0,15.3,0,0,0,1.1,,,,,,,,,,,,,,,,,,,,,,,,,,,,,,,,,,,,
23603,2019,9,3,20,15,15.2,0,0,0,1.1,,,,,,,,,,,,,,,,,,,,,,,,,,,,,,,,,,,,
23604,2019,9,3,20,30,15.1,0,0,0,1.1,,,,,,,,,,,,,,,,,,,,,,,,,,,,,,,,,,,,
23605,2019,9,3,20,45,15.0,0,0,0,1.1,,,,,,,,,,,,,,,,,,,,,,,,,,,,,,,,,,,,
23606,2019,9,3,21,0,14.9,0,0,0,1.0,,,,,,,,,,,,,,,,,,,,,,,,,,,,,,,,,,,,
23607,2019,9,3,21,15,14.9,0,0,0,1.0,,,,,,,,,,,,,,,,,,,,,,,,,,,,,,,,,,,,
23608,2019,9,3,21,30,14.8,0,0,0,1.0,,,,,,,,,,,,,,,,,,,,,,,,,,,,,,,,,,,,
23609,2019,9,3,21,45,14.7,0,0,0,1.0,,,,,,,,,,,,,,,,,,,,,,,,,,,,,,,,,,,,
23610,2019,9,3,22,0,14.7,0,0,0,1.0,,,,,,,,,,,,,,,,,,,,,,,,,,,,,,,,,,,,
23611,2019,9,3,22,15,14.5,0,0,0,1.0,,,,,,,,,,,,,,,,,,,,,,,,,,,,,,,,,,,,
23612,2019,9,3,22,30,14.4,0,0,0,1.0,,,,,,,,,,,,,,,,,,,,,,,,,,,,,,,,,,,,
23613,2019,9,3,22,45,14.3,0,0,0,1.0,,,,,,,,,,,,,,,,,,,,,,,,,,,,,,,,,,,,
23614,2019,9,3,23,0,14.2,0,0,0,1.0,,,,,,,,,,,,,,,,,,,,,,,,,,,,,,,,,,,,
23615,2019,9,3,23,15,14.0,0,0,0,1.1,,,,,,,,,,,,,,,,,,,,,,,,,,,,,,,,,,,,
23616,2019,9,3,23,30,13.8,0,0,0,1.1,,,,,,,,,,,,,,,,,,,,,,,,,,,,,,,,,,,,
23617,2019,9,3,23,45,13.6,0,0,0,1.1,,,,,,,,,,,,,,,,,,,,,,,,,,,,,,,,,,,,
23618,2019,9,4,0,0,13.4,0,0,0,1.1,,,,,,,,,,,,,,,,,,,,,,,,,,,,,,,,,,,,
23619,2019,9,4,0,15,13.4,0,0,0,1.1,,,,,,,,,,,,,,,,,,,,,,,,,,,,,,,,,,,,
23620,2019,9,4,0,30,13.4,0,0,0,1.1,,,,,,,,,,,,,,,,,,,,,,,,,,,,,,,,,,,,
23621,2019,9,4,0,45,13.4,0,0,0,1.1,,,,,,,,,,,,,,,,,,,,,,,,,,,,,,,,,,,,
23622,2019,9,4,1,0,12.7,0,0,0,1.2000000000000002,,,,,,,,,,,,,,,,,,,,,,,,,,,,,,,,,,,,
23623,2019,9,4,1,15,12.6,0,0,0,1.2000000000000002,,,,,,,,,,,,,,,,,,,,,,,,,,,,,,,,,,,,
23624,2019,9,4,1,30,12.5,0,0,0,1.2000000000000002,,,,,,,,,,,,,,,,,,,,,,,,,,,,,,,,,,,,
23625,2019,9,4,1,45,12.3,0,0,0,1.2000000000000002,,,,,,,,,,,,,,,,,,,,,,,,,,,,,,,,,,,,
23626,2019,9,4,2,0,12.2,0,0,0,1.3,,,,,,,,,,,,,,,,,,,,,,,,,,,,,,,,,,,,
23627,2019,9,4,2,15,12.1,0,0,0,1.3,,,,,,,,,,,,,,,,,,,,,,,,,,,,,,,,,,,,
23628,2019,9,4,2,30,12.0,0,0,0,1.3,,,,,,,,,,,,,,,,,,,,,,,,,,,,,,,,,,,,
23629,2019,9,4,2,45,11.9,0,0,0,1.3,,,,,,,,,,,,,,,,,,,,,,,,,,,,,,,,,,,,
23630,2019,9,4,3,0,11.8,0,0,0,1.3,,,,,,,,,,,,,,,,,,,,,,,,,,,,,,,,,,,,
23631,2019,9,4,3,15,11.7,0,0,0,1.3,,,,,,,,,,,,,,,,,,,,,,,,,,,,,,,,,,,,
23632,2019,9,4,3,30,11.6,0,0,0,1.4,,,,,,,,,,,,,,,,,,,,,,,,,,,,,,,,,,,,
23633,2019,9,4,3,45,11.6,0,0,0,1.4,,,,,,,,,,,,,,,,,,,,,,,,,,,,,,,,,,,,
23634,2019,9,4,4,0,11.5,0,0,0,1.4,,,,,,,,,,,,,,,,,,,,,,,,,,,,,,,,,,,,
23635,2019,9,4,4,15,11.4,0,0,0,1.4,,,,,,,,,,,,,,,,,,,,,,,,,,,,,,,,,,,,
23636,2019,9,4,4,30,11.3,0,0,0,1.4,,,,,,,,,,,,,,,,,,,,,,,,,,,,,,,,,,,,
23637,2019,9,4,4,45,11.3,0,0,0,1.4,,,,,,,,,,,,,,,,,,,,,,,,,,,,,,,,,,,,
23638,2019,9,4,5,0,11.2,0,0,0,1.4,,,,,,,,,,,,,,,,,,,,,,,,,,,,,,,,,,,,
23639,2019,9,4,5,15,11.7,0,0,0,1.6,,,,,,,,,,,,,,,,,,,,,,,,,,,,,,,,,,,,
23640,2019,9,4,5,30,12.2,0,0,0,1.8,,,,,,,,,,,,,,,,,,,,,,,,,,,,,,,,,,,,
23641,2019,9,4,5,45,12.7,13,69,15,2.0,,,,,,,,,,,,,,,,,,,,,,,,,,,,,,,,,,,,
23642,2019,9,4,6,0,13.2,26,163,37,2.2,,,,,,,,,,,,,,,,,,,,,,,,,,,,,,,,,,,,
23643,2019,9,4,6,15,13.8,38,254,65,2.3000000000000003,,,,,,,,,,,,,,,,,,,,,,,,,,,,,,,,,,,,
23644,2019,9,4,6,30,14.3,49,334,98,2.4000000000000004,,,,,,,,,,,,,,,,,,,,,,,,,,,,,,,,,,,,
23645,2019,9,4,6,45,14.9,58,409,134,2.5,,,,,,,,,,,,,,,,,,,,,,,,,,,,,,,,,,,,
23646,2019,9,4,7,0,15.5,66,468,172,2.5,,,,,,,,,,,,,,,,,,,,,,,,,,,,,,,,,,,,
23647,2019,9,4,7,15,16.3,74,518,210,2.7,,,,,,,,,,,,,,,,,,,,,,,,,,,,,,,,,,,,
23648,2019,9,4,7,30,17.1,113,201,174,2.8000000000000003,,,,,,,,,,,,,,,,,,,,,,,,,,,,,,,,,,,,
23649,2019,9,4,7,45,17.900000000000002,129,223,204,2.9000000000000004,,,,,,,,,,,,,,,,,,,,,,,,,,,,,,,,,,,,
23650,2019,9,4,8,0,18.7,89,641,330,3.0,,,,,,,,,,,,,,,,,,,,,,,,,,,,,,,,,,,,
23651,2019,9,4,8,15,19.200000000000003,152,309,279,3.1,,,,,,,,,,,,,,,,,,,,,,,,,,,,,,,,,,,,
23652,2019,9,4,8,30,19.8,173,279,297,3.2,,,,,,,,,,,,,,,,,,,,,,,,,,,,,,,,,,,,
23653,2019,9,4,8,45,20.3,176,357,346,3.2,,,,,,,,,,,,,,,,,,,,,,,,,,,,,,,,,,,,
23654,2019,9,4,9,0,20.9,201,307,357,3.3000000000000003,,,,,,,,,,,,,,,,,,,,,,,,,,,,,,,,,,,,
23655,2019,9,4,9,15,21.4,214,320,385,3.4000000000000004,,,,,,,,,,,,,,,,,,,,,,,,,,,,,,,,,,,,
23656,2019,9,4,9,30,21.8,210,398,435,3.5,,,,,,,,,,,,,,,,,,,,,,,,,,,,,,,,,,,,
23657,2019,9,4,9,45,22.3,238,337,437,3.6,,,,,,,,,,,,,,,,,,,,,,,,,,,,,,,,,,,,
23658,2019,9,4,10,0,22.8,241,376,471,3.6,,,,,,,,,,,,,,,,,,,,,,,,,,,,,,,,,,,,
23659,2019,9,4,10,15,23.1,247,395,497,3.7,,,,,,,,,,,,,,,,,,,,,,,,,,,,,,,,,,,,
23660,2019,9,4,10,30,23.5,266,361,501,3.8,,,,,,,,,,,,,,,,,,,,,,,,,,,,,,,,,,,,
23661,2019,9,4,10,45,23.8,273,367,518,3.8,,,,,,,,,,,,,,,,,,,,,,,,,,,,,,,,,,,,
23662,2019,9,4,11,0,24.200000000000003,279,372,533,3.9,,,,,,,,,,,,,,,,,,,,,,,,,,,,,,,,,,,,
23663,2019,9,4,11,15,24.4,284,377,545,4.0,,,,,,,,,,,,,,,,,,,,,,,,,,,,,,,,,,,,
23664,2019,9,4,11,30,24.700000000000003,113,839,702,4.0,,,,,,,,,,,,,,,,,,,,,,,,,,,,,,,,,,,,
23665,2019,9,4,11,45,25.0,312,303,527,4.1000000000000005,,,,,,,,,,,,,,,,,,,,,,,,,,,,,,,,,,,,
23666,2019,9,4,12,0,25.200000000000003,111,848,714,4.2,,,,,,,,,,,,,,,,,,,,,,,,,,,,,,,,,,,,
23667,2019,9,4,12,15,25.4,315,305,532,4.2,,,,,,,,,,,,,,,,,,,,,,,,,,,,,,,,,,,,
23668,2019,9,4,12,30,25.6,228,552,620,4.3,,,,,,,,,,,,,,,,,,,,,,,,,,,,,,,,,,,,
23669,2019,9,4,12,45,25.700000000000003,110,847,709,4.3,,,,,,,,,,,,,,,,,,,,,,,,,,,,,,,,,,,,
23670,2019,9,4,13,0,25.9,308,300,518,4.4,,,,,,,,,,,,,,,,,,,,,,,,,,,,,,,,,,,,
23671,2019,9,4,13,15,26.0,109,841,689,4.4,,,,,,,,,,,,,,,,,,,,,,,,,,,,,,,,,,,,
23672,2019,9,4,13,30,26.0,108,836,675,4.4,,,,,,,,,,,,,,,,,,,,,,,,,,,,,,,,,,,,
23673,2019,9,4,13,45,26.1,105,835,659,4.5,,,,,,,,,,,,,,,,,,,,,,,,,,,,,,,,,,,,
23674,2019,9,4,14,0,26.200000000000003,103,831,640,4.5,,,,,,,,,,,,,,,,,,,,,,,,,,,,,,,,,,,,
23675,2019,9,4,14,15,26.200000000000003,272,279,447,4.5,,,,,,,,,,,,,,,,,,,,,,,,,,,,,,,,,,,,
23676,2019,9,4,14,30,26.200000000000003,264,251,416,4.5,,,,,,,,,,,,,,,,,,,,,,,,,,,,,,,,,,,,
23677,2019,9,4,14,45,26.200000000000003,236,330,428,4.5,,,,,,,,,,,,,,,,,,,,,,,,,,,,,,,,,,,,
23678,2019,9,4,15,0,26.200000000000003,217,353,414,4.5,,,,,,,,,,,,,,,,,,,,,,,,,,,,,,,,,,,,
23679,2019,9,4,15,15,26.1,208,329,382,4.4,,,,,,,,,,,,,,,,,,,,,,,,,,,,,,,,,,,,
23680,2019,9,4,15,30,25.9,200,286,343,4.4,,,,,,,,,,,,,,,,,,,,,,,,,,,,,,,,,,,,
23681,2019,9,4,15,45,25.8,84,751,435,4.3,,,,,,,,,,,,,,,,,,,,,,,,,,,,,,,,,,,,
23682,2019,9,4,16,0,25.700000000000003,81,730,399,4.3,,,,,,,,,,,,,,,,,,,,,,,,,,,,,,,,,,,,
23683,2019,9,4,16,15,25.3,78,703,359,4.0,,,,,,,,,,,,,,,,,,,,,,,,,,,,,,,,,,,,
23684,2019,9,4,16,30,24.9,74,676,320,3.7,,,,,,,,,,,,,,,,,,,,,,,,,,,,,,,,,,,,
23685,2019,9,4,16,45,24.6,115,308,216,3.4000000000000004,,,,,,,,,,,,,,,,,,,,,,,,,,,,,,,,,,,,
23686,2019,9,4,17,0,24.200000000000003,64,612,242,3.1,,,,,,,,,,,,,,,,,,,,,,,,,,,,,,,,,,,,
23687,2019,9,4,17,15,23.3,59,569,202,2.7,,,,,,,,,,,,,,,,,,,,,,,,,,,,,,,,,,,,
23688,2019,9,4,17,30,22.3,53,516,163,2.3000000000000003,,,,,,,,,,,,,,,,,,,,,,,,,,,,,,,,,,,,
23689,2019,9,4,17,45,21.3,46,455,125,1.9,,,,,,,,,,,,,,,,,,,,,,,,,,,,,,,,,,,,
23690,2019,9,4,18,0,20.4,39,383,90,1.5,,,,,,,,,,,,,,,,,,,,,,,,,,,,,,,,,,,,
23691,2019,9,4,18,15,19.8,29,293,57,1.5,,,,,,,,,,,,,,,,,,,,,,,,,,,,,,,,,,,,
23692,2019,9,4,18,30,19.3,20,190,30,1.5,,,,,,,,,,,,,,,,,,,,,,,,,,,,,,,,,,,,
23693,2019,9,4,18,45,18.7,9,73,11,1.4,,,,,,,,,,,,,,,,,,,,,,,,,,,,,,,,,,,,
23694,2019,9,4,19,0,18.2,0,0,0,1.4,,,,,,,,,,,,,,,,,,,,,,,,,,,,,,,,,,,,
23695,2019,9,4,19,15,18.0,0,0,0,1.4,,,,,,,,,,,,,,,,,,,,,,,,,,,,,,,,,,,,
23696,2019,9,4,19,30,17.900000000000002,0,0,0,1.4,,,,,,,,,,,,,,,,,,,,,,,,,,,,,,,,,,,,
23697,2019,9,4,19,45,17.7,0,0,0,1.4,,,,,,,,,,,,,,,,,,,,,,,,,,,,,,,,,,,,
23698,2019,9,4,20,0,17.6,0,0,0,1.4,,,,,,,,,,,,,,,,,,,,,,,,,,,,,,,,,,,,
23699,2019,9,4,20,15,17.5,0,0,0,1.5,,,,,,,,,,,,,,,,,,,,,,,,,,,,,,,,,,,,
23700,2019,9,4,20,30,17.3,0,0,0,1.5,,,,,,,,,,,,,,,,,,,,,,,,,,,,,,,,,,,,
23701,2019,9,4,20,45,17.2,0,0,0,1.6,,,,,,,,,,,,,,,,,,,,,,,,,,,,,,,,,,,,
23702,2019,9,4,21,0,17.1,0,0,0,1.6,,,,,,,,,,,,,,,,,,,,,,,,,,,,,,,,,,,,
23703,2019,9,4,21,15,17.1,0,0,0,1.7000000000000002,,,,,,,,,,,,,,,,,,,,,,,,,,,,,,,,,,,,
23704,2019,9,4,21,30,17.0,0,0,0,1.8,,,,,,,,,,,,,,,,,,,,,,,,,,,,,,,,,,,,
23705,2019,9,4,21,45,16.900000000000002,0,0,0,1.9,,,,,,,,,,,,,,,,,,,,,,,,,,,,,,,,,,,,
23706,2019,9,4,22,0,16.900000000000002,0,0,0,2.0,,,,,,,,,,,,,,,,,,,,,,,,,,,,,,,,,,,,
23707,2019,9,4,22,15,16.8,0,0,0,2.1,,,,,,,,,,,,,,,,,,,,,,,,,,,,,,,,,,,,
23708,2019,9,4,22,30,16.7,0,0,0,2.2,,,,,,,,,,,,,,,,,,,,,,,,,,,,,,,,,,,,
23709,2019,9,4,22,45,16.6,0,0,0,2.3000000000000003,,,,,,,,,,,,,,,,,,,,,,,,,,,,,,,,,,,,
23710,2019,9,4,23,0,16.5,0,0,0,2.5,,,,,,,,,,,,,,,,,,,,,,,,,,,,,,,,,,,,
23711,2019,9,4,23,15,16.3,0,0,0,2.5,,,,,,,,,,,,,,,,,,,,,,,,,,,,,,,,,,,,
23712,2019,9,4,23,30,16.1,0,0,0,2.5,,,,,,,,,,,,,,,,,,,,,,,,,,,,,,,,,,,,
23713,2019,9,4,23,45,16.0,0,0,0,2.5,,,,,,,,,,,,,,,,,,,,,,,,,,,,,,,,,,,,
23714,2019,9,5,0,0,15.8,0,0,0,2.5,,,,,,,,,,,,,,,,,,,,,,,,,,,,,,,,,,,,
23715,2019,9,5,0,15,15.8,0,0,0,2.5,,,,,,,,,,,,,,,,,,,,,,,,,,,,,,,,,,,,
23716,2019,9,5,0,30,15.8,0,0,0,2.5,,,,,,,,,,,,,,,,,,,,,,,,,,,,,,,,,,,,
23717,2019,9,5,0,45,15.8,0,0,0,2.5,,,,,,,,,,,,,,,,,,,,,,,,,,,,,,,,,,,,
23718,2019,9,5,1,0,15.2,0,0,0,2.5,,,,,,,,,,,,,,,,,,,,,,,,,,,,,,,,,,,,
23719,2019,9,5,1,15,15.0,0,0,0,2.4000000000000004,,,,,,,,,,,,,,,,,,,,,,,,,,,,,,,,,,,,
23720,2019,9,5,1,30,14.8,0,0,0,2.4000000000000004,,,,,,,,,,,,,,,,,,,,,,,,,,,,,,,,,,,,
23721,2019,9,5,1,45,14.7,0,0,0,2.3000000000000003,,,,,,,,,,,,,,,,,,,,,,,,,,,,,,,,,,,,
23722,2019,9,5,2,0,14.5,0,0,0,2.2,,,,,,,,,,,,,,,,,,,,,,,,,,,,,,,,,,,,
23723,2019,9,5,2,15,14.3,0,0,0,2.1,,,,,,,,,,,,,,,,,,,,,,,,,,,,,,,,,,,,
23724,2019,9,5,2,30,14.1,0,0,0,2.0,,,,,,,,,,,,,,,,,,,,,,,,,,,,,,,,,,,,
23725,2019,9,5,2,45,13.9,0,0,0,1.9,,,,,,,,,,,,,,,,,,,,,,,,,,,,,,,,,,,,
23726,2019,9,5,3,0,13.7,0,0,0,1.8,,,,,,,,,,,,,,,,,,,,,,,,,,,,,,,,,,,,
23727,2019,9,5,3,15,13.6,0,0,0,1.8,,,,,,,,,,,,,,,,,,,,,,,,,,,,,,,,,,,,
23728,2019,9,5,3,30,13.4,0,0,0,1.7000000000000002,,,,,,,,,,,,,,,,,,,,,,,,,,,,,,,,,,,,
23729,2019,9,5,3,45,13.2,0,0,0,1.7000000000000002,,,,,,,,,,,,,,,,,,,,,,,,,,,,,,,,,,,,
23730,2019,9,5,4,0,13.0,0,0,0,1.6,,,,,,,,,,,,,,,,,,,,,,,,,,,,,,,,,,,,
23731,2019,9,5,4,15,12.9,0,0,0,1.6,,,,,,,,,,,,,,,,,,,,,,,,,,,,,,,,,,,,
23732,2019,9,5,4,30,12.8,0,0,0,1.6,,,,,,,,,,,,,,,,,,,,,,,,,,,,,,,,,,,,
23733,2019,9,5,4,45,12.6,0,0,0,1.6,,,,,,,,,,,,,,,,,,,,,,,,,,,,,,,,,,,,
23734,2019,9,5,5,0,12.5,0,0,0,1.6,,,,,,,,,,,,,,,,,,,,,,,,,,,,,,,,,,,,
23735,2019,9,5,5,15,12.7,0,0,0,1.8,,,,,,,,,,,,,,,,,,,,,,,,,,,,,,,,,,,,
23736,2019,9,5,5,30,12.9,0,0,0,2.0,,,,,,,,,,,,,,,,,,,,,,,,,,,,,,,,,,,,
23737,2019,9,5,5,45,13.2,12,75,14,2.3000000000000003,,,,,,,,,,,,,,,,,,,,,,,,,,,,,,,,,,,,
23738,2019,9,5,6,0,13.4,15,0,15,2.5,,,,,,,,,,,,,,,,,,,,,,,,,,,,,,,,,,,,
23739,2019,9,5,6,15,13.8,27,0,27,2.7,,,,,,,,,,,,,,,,,,,,,,,,,,,,,,,,,,,,
23740,2019,9,5,6,30,14.1,43,0,43,2.9000000000000004,,,,,,,,,,,,,,,,,,,,,,,,,,,,,,,,,,,,
23741,2019,9,5,6,45,14.5,60,0,60,3.1,,,,,,,,,,,,,,,,,,,,,,,,,,,,,,,,,,,,
23742,2019,9,5,7,0,14.9,77,15,80,3.3000000000000003,,,,,,,,,,,,,,,,,,,,,,,,,,,,,,,,,,,,
23743,2019,9,5,7,15,15.5,94,29,101,3.6,,,,,,,,,,,,,,,,,,,,,,,,,,,,,,,,,,,,
23744,2019,9,5,7,30,16.0,111,43,124,3.9,,,,,,,,,,,,,,,,,,,,,,,,,,,,,,,,,,,,
23745,2019,9,5,7,45,16.6,73,672,298,4.2,,,,,,,,,,,,,,,,,,,,,,,,,,,,,,,,,,,,
23746,2019,9,5,8,0,17.2,77,703,338,4.5,,,,,,,,,,,,,,,,,,,,,,,,,,,,,,,,,,,,
23747,2019,9,5,8,15,17.7,81,731,378,4.7,,,,,,,,,,,,,,,,,,,,,,,,,,,,,,,,,,,,
23748,2019,9,5,8,30,18.1,84,754,416,4.9,,,,,,,,,,,,,,,,,,,,,,,,,,,,,,,,,,,,
23749,2019,9,5,8,45,18.6,87,772,452,5.1000000000000005,,,,,,,,,,,,,,,,,,,,,,,,,,,,,,,,,,,,
23750,2019,9,5,9,0,19.1,89,790,487,5.2,,,,,,,,,,,,,,,,,,,,,,,,,,,,,,,,,,,,
23751,2019,9,5,9,15,19.3,91,806,521,5.300000000000001,,,,,,,,,,,,,,,,,,,,,,,,,,,,,,,,,,,,
23752,2019,9,5,9,30,19.6,247,126,318,5.4,,,,,,,,,,,,,,,,,,,,,,,,,,,,,,,,,,,,
23753,2019,9,5,9,45,19.8,261,133,339,5.5,,,,,,,,,,,,,,,,,,,,,,,,,,,,,,,,,,,,
23754,2019,9,5,10,0,20.0,274,137,358,5.6000000000000005,,,,,,,,,,,,,,,,,,,,,,,,,,,,,,,,,,,,
23755,2019,9,5,10,15,20.200000000000003,286,143,376,5.7,,,,,,,,,,,,,,,,,,,,,,,,,,,,,,,,,,,,
23756,2019,9,5,10,30,20.3,297,148,393,5.800000000000001,,,,,,,,,,,,,,,,,,,,,,,,,,,,,,,,,,,,
23757,2019,9,5,10,45,20.5,306,135,395,5.9,,,,,,,,,,,,,,,,,,,,,,,,,,,,,,,,,,,,
23758,2019,9,5,11,0,20.6,277,41,305,6.0,,,,,,,,,,,,,,,,,,,,,,,,,,,,,,,,,,,,
23759,2019,9,5,11,15,20.700000000000003,283,42,311,6.0,,,,,,,,,,,,,,,,,,,,,,,,,,,,,,,,,,,,
23760,2019,9,5,11,30,20.8,288,43,317,6.1000000000000005,,,,,,,,,,,,,,,,,,,,,,,,,,,,,,,,,,,,
23761,2019,9,5,11,45,20.9,256,21,271,6.2,,,,,,,,,,,,,,,,,,,,,,,,,,,,,,,,,,,,
23762,2019,9,5,12,0,20.9,257,21,273,6.2,,,,,,,,,,,,,,,,,,,,,,,,,,,,,,,,,,,,
23763,2019,9,5,12,15,21.0,258,22,273,6.2,,,,,,,,,,,,,,,,,,,,,,,,,,,,,,,,,,,,
23764,2019,9,5,12,30,21.0,331,142,432,6.2,,,,,,,,,,,,,,,,,,,,,,,,,,,,,,,,,,,,
23765,2019,9,5,12,45,21.0,308,305,523,6.2,,,,,,,,,,,,,,,,,,,,,,,,,,,,,,,,,,,,
23766,2019,9,5,13,0,21.0,315,255,492,6.2,,,,,,,,,,,,,,,,,,,,,,,,,,,,,,,,,,,,
23767,2019,9,5,13,15,20.9,314,225,468,6.2,,,,,,,,,,,,,,,,,,,,,,,,,,,,,,,,,,,,
23768,2019,9,5,13,30,20.9,304,248,470,6.2,,,,,,,,,,,,,,,,,,,,,,,,,,,,,,,,,,,,
23769,2019,9,5,13,45,20.8,288,286,476,6.1000000000000005,,,,,,,,,,,,,,,,,,,,,,,,,,,,,,,,,,,,
23770,2019,9,5,14,0,20.8,276,296,466,6.1000000000000005,,,,,,,,,,,,,,,,,,,,,,,,,,,,,,,,,,,,
23771,2019,9,5,14,15,20.6,102,834,621,6.1000000000000005,,,,,,,,,,,,,,,,,,,,,,,,,,,,,,,,,,,,
23772,2019,9,5,14,30,20.5,101,824,596,6.0,,,,,,,,,,,,,,,,,,,,,,,,,,,,,,,,,,,,
23773,2019,9,5,14,45,20.4,241,292,409,5.9,,,,,,,,,,,,,,,,,,,,,,,,,,,,,,,,,,,,
23774,2019,9,5,15,0,20.200000000000003,219,331,402,5.9,,,,,,,,,,,,,,,,,,,,,,,,,,,,,,,,,,,,
23775,2019,9,5,15,15,20.0,207,319,374,5.800000000000001,,,,,,,,,,,,,,,,,,,,,,,,,,,,,,,,,,,,
23776,2019,9,5,15,30,19.8,187,345,357,5.7,,,,,,,,,,,,,,,,,,,,,,,,,,,,,,,,,,,,
23777,2019,9,5,15,45,19.5,186,257,304,5.6000000000000005,,,,,,,,,,,,,,,,,,,,,,,,,,,,,,,,,,,,
23778,2019,9,5,16,0,19.3,173,222,268,5.5,,,,,,,,,,,,,,,,,,,,,,,,,,,,,,,,,,,,
23779,2019,9,5,16,15,19.0,160,171,227,5.4,,,,,,,,,,,,,,,,,,,,,,,,,,,,,,,,,,,,
23780,2019,9,5,16,30,18.7,24,0,24,5.2,,,,,,,,,,,,,,,,,,,,,,,,,,,,,,,,,,,,
23781,2019,9,5,16,45,18.4,31,0,31,5.1000000000000005,,,,,,,,,,,,,,,,,,,,,,,,,,,,,,,,,,,,
23782,2019,9,5,17,0,18.0,17,0,17,5.0,,,,,,,,,,,,,,,,,,,,,,,,,,,,,,,,,,,,
23783,2019,9,5,17,15,17.6,14,0,14,4.7,,,,,,,,,,,,,,,,,,,,,,,,,,,,,,,,,,,,
23784,2019,9,5,17,30,17.2,11,0,11,4.5,,,,,,,,,,,,,,,,,,,,,,,,,,,,,,,,,,,,
23785,2019,9,5,17,45,16.8,9,0,9,4.2,,,,,,,,,,,,,,,,,,,,,,,,,,,,,,,,,,,,
23786,2019,9,5,18,0,16.400000000000002,6,0,6,4.0,,,,,,,,,,,,,,,,,,,,,,,,,,,,,,,,,,,,
23787,2019,9,5,18,15,16.1,4,0,4,3.9,,,,,,,,,,,,,,,,,,,,,,,,,,,,,,,,,,,,
23788,2019,9,5,18,30,15.7,3,0,3,3.8,,,,,,,,,,,,,,,,,,,,,,,,,,,,,,,,,,,,
23789,2019,9,5,18,45,15.4,0,0,0,3.7,,,,,,,,,,,,,,,,,,,,,,,,,,,,,,,,,,,,
23790,2019,9,5,19,0,15.0,0,0,0,3.6,,,,,,,,,,,,,,,,,,,,,,,,,,,,,,,,,,,,
23791,2019,9,5,19,15,14.7,0,0,0,3.6,,,,,,,,,,,,,,,,,,,,,,,,,,,,,,,,,,,,
23792,2019,9,5,19,30,14.5,0,0,0,3.5,,,,,,,,,,,,,,,,,,,,,,,,,,,,,,,,,,,,
23793,2019,9,5,19,45,14.2,0,0,0,3.5,,,,,,,,,,,,,,,,,,,,,,,,,,,,,,,,,,,,
23794,2019,9,5,20,0,13.9,0,0,0,3.4000000000000004,,,,,,,,,,,,,,,,,,,,,,,,,,,,,,,,,,,,
23795,2019,9,5,20,15,13.6,0,0,0,3.3000000000000003,,,,,,,,,,,,,,,,,,,,,,,,,,,,,,,,,,,,
23796,2019,9,5,20,30,13.3,0,0,0,3.1,,,,,,,,,,,,,,,,,,,,,,,,,,,,,,,,,,,,
23797,2019,9,5,20,45,13.0,0,0,0,2.9000000000000004,,,,,,,,,,,,,,,,,,,,,,,,,,,,,,,,,,,,
23798,2019,9,5,21,0,12.8,0,0,0,2.7,,,,,,,,,,,,,,,,,,,,,,,,,,,,,,,,,,,,
23799,2019,9,5,21,15,12.5,0,0,0,2.6,,,,,,,,,,,,,,,,,,,,,,,,,,,,,,,,,,,,
23800,2019,9,5,21,30,12.2,0,0,0,2.5,,,,,,,,,,,,,,,,,,,,,,,,,,,,,,,,,,,,
23801,2019,9,5,21,45,12.0,0,0,0,2.3000000000000003,,,,,,,,,,,,,,,,,,,,,,,,,,,,,,,,,,,,
23802,2019,9,5,22,0,11.7,0,0,0,2.2,,,,,,,,,,,,,,,,,,,,,,,,,,,,,,,,,,,,
23803,2019,9,5,22,15,11.5,0,0,0,2.2,,,,,,,,,,,,,,,,,,,,,,,,,,,,,,,,,,,,
23804,2019,9,5,22,30,11.3,0,0,0,2.1,,,,,,,,,,,,,,,,,,,,,,,,,,,,,,,,,,,,
23805,2019,9,5,22,45,11.1,0,0,0,2.1,,,,,,,,,,,,,,,,,,,,,,,,,,,,,,,,,,,,
23806,2019,9,5,23,0,10.9,0,0,0,2.1,,,,,,,,,,,,,,,,,,,,,,,,,,,,,,,,,,,,
23807,2019,9,5,23,15,10.7,0,0,0,2.1,,,,,,,,,,,,,,,,,,,,,,,,,,,,,,,,,,,,
23808,2019,9,5,23,30,10.5,0,0,0,2.1,,,,,,,,,,,,,,,,,,,,,,,,,,,,,,,,,,,,
23809,2019,9,5,23,45,10.3,0,0,0,2.1,,,,,,,,,,,,,,,,,,,,,,,,,,,,,,,,,,,,
23810,2019,9,6,0,0,10.2,0,0,0,2.1,,,,,,,,,,,,,,,,,,,,,,,,,,,,,,,,,,,,
23811,2019,9,6,0,15,10.2,0,0,0,2.1,,,,,,,,,,,,,,,,,,,,,,,,,,,,,,,,,,,,
23812,2019,9,6,0,30,10.2,0,0,0,2.1,,,,,,,,,,,,,,,,,,,,,,,,,,,,,,,,,,,,
23813,2019,9,6,0,45,10.2,0,0,0,2.1,,,,,,,,,,,,,,,,,,,,,,,,,,,,,,,,,,,,
23814,2019,9,6,1,0,9.5,0,0,0,2.0,,,,,,,,,,,,,,,,,,,,,,,,,,,,,,,,,,,,
23815,2019,9,6,1,15,9.3,0,0,0,2.0,,,,,,,,,,,,,,,,,,,,,,,,,,,,,,,,,,,,
23816,2019,9,6,1,30,9.1,0,0,0,1.9,,,,,,,,,,,,,,,,,,,,,,,,,,,,,,,,,,,,
23817,2019,9,6,1,45,8.9,0,0,0,1.9,,,,,,,,,,,,,,,,,,,,,,,,,,,,,,,,,,,,
23818,2019,9,6,2,0,8.8,0,0,0,1.8,,,,,,,,,,,,,,,,,,,,,,,,,,,,,,,,,,,,
23819,2019,9,6,2,15,8.6,0,0,0,1.8,,,,,,,,,,,,,,,,,,,,,,,,,,,,,,,,,,,,
23820,2019,9,6,2,30,8.5,0,0,0,1.8,,,,,,,,,,,,,,,,,,,,,,,,,,,,,,,,,,,,
23821,2019,9,6,2,45,8.3,0,0,0,1.7000000000000002,,,,,,,,,,,,,,,,,,,,,,,,,,,,,,,,,,,,
23822,2019,9,6,3,0,8.1,0,0,0,1.7000000000000002,,,,,,,,,,,,,,,,,,,,,,,,,,,,,,,,,,,,
23823,2019,9,6,3,15,8.0,0,0,0,1.7000000000000002,,,,,,,,,,,,,,,,,,,,,,,,,,,,,,,,,,,,
23824,2019,9,6,3,30,7.9,0,0,0,1.7000000000000002,,,,,,,,,,,,,,,,,,,,,,,,,,,,,,,,,,,,
23825,2019,9,6,3,45,7.7,0,0,0,1.6,,,,,,,,,,,,,,,,,,,,,,,,,,,,,,,,,,,,
23826,2019,9,6,4,0,7.6,0,0,0,1.6,,,,,,,,,,,,,,,,,,,,,,,,,,,,,,,,,,,,
23827,2019,9,6,4,15,7.5,0,0,0,1.6,,,,,,,,,,,,,,,,,,,,,,,,,,,,,,,,,,,,
23828,2019,9,6,4,30,7.4,0,0,0,1.5,,,,,,,,,,,,,,,,,,,,,,,,,,,,,,,,,,,,
23829,2019,9,6,4,45,7.2,0,0,0,1.5,,,,,,,,,,,,,,,,,,,,,,,,,,,,,,,,,,,,
23830,2019,9,6,5,0,7.1000000000000005,0,0,0,1.4,,,,,,,,,,,,,,,,,,,,,,,,,,,,,,,,,,,,
23831,2019,9,6,5,15,7.5,0,0,0,1.6,,,,,,,,,,,,,,,,,,,,,,,,,,,,,,,,,,,,
23832,2019,9,6,5,30,7.9,0,0,0,1.8,,,,,,,,,,,,,,,,,,,,,,,,,,,,,,,,,,,,
23833,2019,9,6,5,45,8.3,12,57,13,2.0,,,,,,,,,,,,,,,,,,,,,,,,,,,,,,,,,,,,
23834,2019,9,6,6,0,8.700000000000001,24,175,34,2.2,,,,,,,,,,,,,,,,,,,,,,,,,,,,,,,,,,,,
23835,2019,9,6,6,15,9.3,35,288,63,2.2,,,,,,,,,,,,,,,,,,,,,,,,,,,,,,,,,,,,
23836,2019,9,6,6,30,9.9,44,383,97,2.2,,,,,,,,,,,,,,,,,,,,,,,,,,,,,,,,,,,,
23837,2019,9,6,6,45,10.5,51,473,136,2.2,,,,,,,,,,,,,,,,,,,,,,,,,,,,,,,,,,,,
23838,2019,9,6,7,0,11.1,58,537,175,2.2,,,,,,,,,,,,,,,,,,,,,,,,,,,,,,,,,,,,
23839,2019,9,6,7,15,11.8,64,591,215,2.1,,,,,,,,,,,,,,,,,,,,,,,,,,,,,,,,,,,,
23840,2019,9,6,7,30,12.6,69,635,256,2.1,,,,,,,,,,,,,,,,,,,,,,,,,,,,,,,,,,,,
23841,2019,9,6,7,45,13.3,72,682,298,2.0,,,,,,,,,,,,,,,,,,,,,,,,,,,,,,,,,,,,
23842,2019,9,6,8,0,14.1,76,714,339,2.0,,,,,,,,,,,,,,,,,,,,,,,,,,,,,,,,,,,,
23843,2019,9,6,8,15,14.5,80,742,378,2.0,,,,,,,,,,,,,,,,,,,,,,,,,,,,,,,,,,,,
23844,2019,9,6,8,30,15.0,83,765,417,2.0,,,,,,,,,,,,,,,,,,,,,,,,,,,,,,,,,,,,
23845,2019,9,6,8,45,15.4,83,795,456,2.0,,,,,,,,,,,,,,,,,,,,,,,,,,,,,,,,,,,,
23846,2019,9,6,9,0,15.8,86,813,492,2.0,,,,,,,,,,,,,,,,,,,,,,,,,,,,,,,,,,,,
23847,2019,9,6,9,15,16.2,88,828,526,2.0,,,,,,,,,,,,,,,,,,,,,,,,,,,,,,,,,,,,
23848,2019,9,6,9,30,16.6,90,842,558,2.0,,,,,,,,,,,,,,,,,,,,,,,,,,,,,,,,,,,,
23849,2019,9,6,9,45,17.1,92,853,588,2.0,,,,,,,,,,,,,,,,,,,,,,,,,,,,,,,,,,,,
23850,2019,9,6,10,0,17.5,93,860,613,2.1,,,,,,,,,,,,,,,,,,,,,,,,,,,,,,,,,,,,
23851,2019,9,6,10,15,17.8,95,868,637,2.1,,,,,,,,,,,,,,,,,,,,,,,,,,,,,,,,,,,,
23852,2019,9,6,10,30,18.2,58,0,58,2.1,,,,,,,,,,,,,,,,,,,,,,,,,,,,,,,,,,,,
23853,2019,9,6,10,45,18.5,96,884,679,2.1,,,,,,,,,,,,,,,,,,,,,,,,,,,,,,,,,,,,
23854,2019,9,6,11,0,18.8,97,889,696,2.1,,,,,,,,,,,,,,,,,,,,,,,,,,,,,,,,,,,,
23855,2019,9,6,11,15,19.1,98,893,709,2.1,,,,,,,,,,,,,,,,,,,,,,,,,,,,,,,,,,,,
23856,2019,9,6,11,30,19.4,98,896,720,2.1,,,,,,,,,,,,,,,,,,,,,,,,,,,,,,,,,,,,
23857,2019,9,6,11,45,19.700000000000003,98,900,727,2.0,,,,,,,,,,,,,,,,,,,,,,,,,,,,,,,,,,,,
23858,2019,9,6,12,0,19.9,98,901,731,2.0,,,,,,,,,,,,,,,,,,,,,,,,,,,,,,,,,,,,
23859,2019,9,6,12,15,20.1,98,902,733,2.0,,,,,,,,,,,,,,,,,,,,,,,,,,,,,,,,,,,,
23860,2019,9,6,12,30,20.3,98,901,730,2.0,,,,,,,,,,,,,,,,,,,,,,,,,,,,,,,,,,,,
23861,2019,9,6,12,45,20.5,101,893,723,1.9,,,,,,,,,,,,,,,,,,,,,,,,,,,,,,,,,,,,
23862,2019,9,6,13,0,20.6,100,887,712,1.9,,,,,,,,,,,,,,,,,,,,,,,,,,,,,,,,,,,,
23863,2019,9,6,13,15,20.700000000000003,100,884,701,1.9,,,,,,,,,,,,,,,,,,,,,,,,,,,,,,,,,,,,
23864,2019,9,6,13,30,20.8,99,879,686,1.8,,,,,,,,,,,,,,,,,,,,,,,,,,,,,,,,,,,,
23865,2019,9,6,13,45,20.9,97,876,670,1.8,,,,,,,,,,,,,,,,,,,,,,,,,,,,,,,,,,,,
23866,2019,9,6,14,0,21.0,96,869,649,1.8,,,,,,,,,,,,,,,,,,,,,,,,,,,,,,,,,,,,
23867,2019,9,6,14,15,21.0,94,862,626,1.7000000000000002,,,,,,,,,,,,,,,,,,,,,,,,,,,,,,,,,,,,
23868,2019,9,6,14,30,21.0,93,852,600,1.7000000000000002,,,,,,,,,,,,,,,,,,,,,,,,,,,,,,,,,,,,
23869,2019,9,6,14,45,21.0,91,843,572,1.7000000000000002,,,,,,,,,,,,,,,,,,,,,,,,,,,,,,,,,,,,
23870,2019,9,6,15,0,21.0,89,830,542,1.6,,,,,,,,,,,,,,,,,,,,,,,,,,,,,,,,,,,,
23871,2019,9,6,15,15,20.9,87,816,510,1.6,,,,,,,,,,,,,,,,,,,,,,,,,,,,,,,,,,,,
23872,2019,9,6,15,30,20.8,84,797,473,1.6,,,,,,,,,,,,,,,,,,,,,,,,,,,,,,,,,,,,
23873,2019,9,6,15,45,20.700000000000003,82,777,437,1.6,,,,,,,,,,,,,,,,,,,,,,,,,,,,,,,,,,,,
23874,2019,9,6,16,0,20.5,79,756,399,1.5,,,,,,,,,,,,,,,,,,,,,,,,,,,,,,,,,,,,
23875,2019,9,6,16,15,20.200000000000003,76,731,360,1.4,,,,,,,,,,,,,,,,,,,,,,,,,,,,,,,,,,,,
23876,2019,9,6,16,30,19.9,72,703,320,1.3,,,,,,,,,,,,,,,,,,,,,,,,,,,,,,,,,,,,
23877,2019,9,6,16,45,19.6,68,668,280,1.1,,,,,,,,,,,,,,,,,,,,,,,,,,,,,,,,,,,,
23878,2019,9,6,17,0,19.3,63,630,239,1.0,,,,,,,,,,,,,,,,,,,,,,,,,,,,,,,,,,,,
23879,2019,9,6,17,15,18.7,58,584,199,0.9,,,,,,,,,,,,,,,,,,,,,,,,,,,,,,,,,,,,
23880,2019,9,6,17,30,18.0,52,529,159,0.8,,,,,,,,,,,,,,,,,,,,,,,,,,,,,,,,,,,,
23881,2019,9,6,17,45,17.3,45,462,120,0.8,,,,,,,,,,,,,,,,,,,,,,,,,,,,,,,,,,,,
23882,2019,9,6,18,0,16.7,37,382,84,0.7000000000000001,,,,,,,,,,,,,,,,,,,,,,,,,,,,,,,,,,,,
23883,2019,9,6,18,15,16.3,28,283,51,0.7000000000000001,,,,,,,,,,,,,,,,,,,,,,,,,,,,,,,,,,,,
23884,2019,9,6,18,30,15.9,18,165,25,0.8,,,,,,,,,,,,,,,,,,,,,,,,,,,,,,,,,,,,
23885,2019,9,6,18,45,15.5,0,0,0,0.8,,,,,,,,,,,,,,,,,,,,,,,,,,,,,,,,,,,,
23886,2019,9,6,19,0,15.0,0,0,0,0.9,,,,,,,,,,,,,,,,,,,,,,,,,,,,,,,,,,,,
23887,2019,9,6,19,15,14.7,0,0,0,0.9,,,,,,,,,,,,,,,,,,,,,,,,,,,,,,,,,,,,
23888,2019,9,6,19,30,14.4,0,0,0,0.9,,,,,,,,,,,,,,,,,,,,,,,,,,,,,,,,,,,,
23889,2019,9,6,19,45,14.1,0,0,0,0.9,,,,,,,,,,,,,,,,,,,,,,,,,,,,,,,,,,,,
23890,2019,9,6,20,0,13.7,0,0,0,0.9,,,,,,,,,,,,,,,,,,,,,,,,,,,,,,,,,,,,
23891,2019,9,6,20,15,13.4,0,0,0,1.0,,,,,,,,,,,,,,,,,,,,,,,,,,,,,,,,,,,,
23892,2019,9,6,20,30,13.1,0,0,0,1.0,,,,,,,,,,,,,,,,,,,,,,,,,,,,,,,,,,,,
23893,2019,9,6,20,45,12.8,0,0,0,1.0,,,,,,,,,,,,,,,,,,,,,,,,,,,,,,,,,,,,
23894,2019,9,6,21,0,12.5,0,0,0,1.1,,,,,,,,,,,,,,,,,,,,,,,,,,,,,,,,,,,,
23895,2019,9,6,21,15,12.4,0,0,0,1.1,,,,,,,,,,,,,,,,,,,,,,,,,,,,,,,,,,,,
23896,2019,9,6,21,30,12.2,0,0,0,1.1,,,,,,,,,,,,,,,,,,,,,,,,,,,,,,,,,,,,
23897,2019,9,6,21,45,12.0,0,0,0,1.1,,,,,,,,,,,,,,,,,,,,,,,,,,,,,,,,,,,,
23898,2019,9,6,22,0,11.8,0,0,0,1.2000000000000002,,,,,,,,,,,,,,,,,,,,,,,,,,,,,,,,,,,,
23899,2019,9,6,22,15,11.7,0,0,0,1.2000000000000002,,,,,,,,,,,,,,,,,,,,,,,,,,,,,,,,,,,,
23900,2019,9,6,22,30,11.5,0,0,0,1.2000000000000002,,,,,,,,,,,,,,,,,,,,,,,,,,,,,,,,,,,,
23901,2019,9,6,22,45,11.3,0,0,0,1.2000000000000002,,,,,,,,,,,,,,,,,,,,,,,,,,,,,,,,,,,,
23902,2019,9,6,23,0,11.2,0,0,0,1.2000000000000002,,,,,,,,,,,,,,,,,,,,,,,,,,,,,,,,,,,,
23903,2019,9,6,23,15,11.1,0,0,0,1.2000000000000002,,,,,,,,,,,,,,,,,,,,,,,,,,,,,,,,,,,,
23904,2019,9,6,23,30,11.0,0,0,0,1.2000000000000002,,,,,,,,,,,,,,,,,,,,,,,,,,,,,,,,,,,,
23905,2019,9,6,23,45,10.9,0,0,0,1.2000000000000002,,,,,,,,,,,,,,,,,,,,,,,,,,,,,,,,,,,,
23906,2019,9,7,0,0,10.7,0,0,0,1.2000000000000002,,,,,,,,,,,,,,,,,,,,,,,,,,,,,,,,,,,,
23907,2019,9,7,0,15,10.7,0,0,0,1.2000000000000002,,,,,,,,,,,,,,,,,,,,,,,,,,,,,,,,,,,,
23908,2019,9,7,0,30,10.7,0,0,0,1.2000000000000002,,,,,,,,,,,,,,,,,,,,,,,,,,,,,,,,,,,,
23909,2019,9,7,0,45,10.7,0,0,0,1.2000000000000002,,,,,,,,,,,,,,,,,,,,,,,,,,,,,,,,,,,,
23910,2019,9,7,1,0,10.2,0,0,0,1.1,,,,,,,,,,,,,,,,,,,,,,,,,,,,,,,,,,,,
23911,2019,9,7,1,15,10.0,0,0,0,1.1,,,,,,,,,,,,,,,,,,,,,,,,,,,,,,,,,,,,
23912,2019,9,7,1,30,9.9,0,0,0,1.1,,,,,,,,,,,,,,,,,,,,,,,,,,,,,,,,,,,,
23913,2019,9,7,1,45,9.8,0,0,0,1.1,,,,,,,,,,,,,,,,,,,,,,,,,,,,,,,,,,,,
23914,2019,9,7,2,0,9.6,0,0,0,1.1,,,,,,,,,,,,,,,,,,,,,,,,,,,,,,,,,,,,
23915,2019,9,7,2,15,9.5,0,0,0,1.1,,,,,,,,,,,,,,,,,,,,,,,,,,,,,,,,,,,,
23916,2019,9,7,2,30,9.5,0,0,0,1.1,,,,,,,,,,,,,,,,,,,,,,,,,,,,,,,,,,,,
23917,2019,9,7,2,45,9.4,0,0,0,1.1,,,,,,,,,,,,,,,,,,,,,,,,,,,,,,,,,,,,
23918,2019,9,7,3,0,9.3,0,0,0,1.1,,,,,,,,,,,,,,,,,,,,,,,,,,,,,,,,,,,,
23919,2019,9,7,3,15,9.2,0,0,0,1.1,,,,,,,,,,,,,,,,,,,,,,,,,,,,,,,,,,,,
23920,2019,9,7,3,30,9.1,0,0,0,1.1,,,,,,,,,,,,,,,,,,,,,,,,,,,,,,,,,,,,
23921,2019,9,7,3,45,9.1,0,0,0,1.1,,,,,,,,,,,,,,,,,,,,,,,,,,,,,,,,,,,,
23922,2019,9,7,4,0,9.0,0,0,0,1.1,,,,,,,,,,,,,,,,,,,,,,,,,,,,,,,,,,,,
23923,2019,9,7,4,15,9.0,0,0,0,1.1,,,,,,,,,,,,,,,,,,,,,,,,,,,,,,,,,,,,
23924,2019,9,7,4,30,8.9,0,0,0,1.1,,,,,,,,,,,,,,,,,,,,,,,,,,,,,,,,,,,,
23925,2019,9,7,4,45,8.9,0,0,0,1.1,,,,,,,,,,,,,,,,,,,,,,,,,,,,,,,,,,,,
23926,2019,9,7,5,0,8.9,0,0,0,1.1,,,,,,,,,,,,,,,,,,,,,,,,,,,,,,,,,,,,
23927,2019,9,7,5,15,9.3,0,0,0,1.1,,,,,,,,,,,,,,,,,,,,,,,,,,,,,,,,,,,,
23928,2019,9,7,5,30,9.7,0,0,0,1.2000000000000002,,,,,,,,,,,,,,,,,,,,,,,,,,,,,,,,,,,,
23929,2019,9,7,5,45,10.2,10,49,11,1.2000000000000002,,,,,,,,,,,,,,,,,,,,,,,,,,,,,,,,,,,,
23930,2019,9,7,6,0,10.6,4,0,4,1.2000000000000002,,,,,,,,,,,,,,,,,,,,,,,,,,,,,,,,,,,,
23931,2019,9,7,6,15,11.2,7,0,7,1.4,,,,,,,,,,,,,,,,,,,,,,,,,,,,,,,,,,,,
23932,2019,9,7,6,30,11.8,10,0,10,1.6,,,,,,,,,,,,,,,,,,,,,,,,,,,,,,,,,,,,
23933,2019,9,7,6,45,12.4,14,0,14,1.9,,,,,,,,,,,,,,,,,,,,,,,,,,,,,,,,,,,,
23934,2019,9,7,7,0,13.0,7,0,7,2.1,,,,,,,,,,,,,,,,,,,,,,,,,,,,,,,,,,,,
23935,2019,9,7,7,15,13.6,9,0,9,2.1,,,,,,,,,,,,,,,,,,,,,,,,,,,,,,,,,,,,
23936,2019,9,7,7,30,14.2,10,0,10,2.1,,,,,,,,,,,,,,,,,,,,,,,,,,,,,,,,,,,,
23937,2019,9,7,7,45,14.7,12,0,12,2.1,,,,,,,,,,,,,,,,,,,,,,,,,,,,,,,,,,,,
23938,2019,9,7,8,0,15.3,26,0,26,2.1,,,,,,,,,,,,,,,,,,,,,,,,,,,,,,,,,,,,
23939,2019,9,7,8,15,15.8,44,0,44,2.1,,,,,,,,,,,,,,,,,,,,,,,,,,,,,,,,,,,,
23940,2019,9,7,8,30,16.3,31,0,31,2.1,,,,,,,,,,,,,,,,,,,,,,,,,,,,,,,,,,,,
23941,2019,9,7,8,45,16.900000000000002,62,0,62,2.1,,,,,,,,,,,,,,,,,,,,,,,,,,,,,,,,,,,,
23942,2019,9,7,9,0,17.400000000000002,49,0,49,2.1,,,,,,,,,,,,,,,,,,,,,,,,,,,,,,,,,,,,
23943,2019,9,7,9,15,17.6,156,1,156,2.0,,,,,,,,,,,,,,,,,,,,,,,,,,,,,,,,,,,,
23944,2019,9,7,9,30,17.900000000000002,159,1,160,2.0,,,,,,,,,,,,,,,,,,,,,,,,,,,,,,,,,,,,
23945,2019,9,7,9,45,18.2,214,24,228,1.9,,,,,,,,,,,,,,,,,,,,,,,,,,,,,,,,,,,,
23946,2019,9,7,10,0,18.4,236,35,257,1.9,,,,,,,,,,,,,,,,,,,,,,,,,,,,,,,,,,,,
23947,2019,9,7,10,15,18.6,279,111,348,1.9,,,,,,,,,,,,,,,,,,,,,,,,,,,,,,,,,,,,
23948,2019,9,7,10,30,18.7,292,175,404,1.9,,,,,,,,,,,,,,,,,,,,,,,,,,,,,,,,,,,,
23949,2019,9,7,10,45,18.8,267,41,294,1.8,,,,,,,,,,,,,,,,,,,,,,,,,,,,,,,,,,,,
23950,2019,9,7,11,0,19.0,274,43,303,1.8,,,,,,,,,,,,,,,,,,,,,,,,,,,,,,,,,,,,
23951,2019,9,7,11,15,19.0,297,65,341,1.8,,,,,,,,,,,,,,,,,,,,,,,,,,,,,,,,,,,,
23952,2019,9,7,11,30,19.0,302,67,348,1.8,,,,,,,,,,,,,,,,,,,,,,,,,,,,,,,,,,,,
23953,2019,9,7,11,45,19.1,286,42,316,1.9,,,,,,,,,,,,,,,,,,,,,,,,,,,,,,,,,,,,
23954,2019,9,7,12,0,19.1,216,10,224,1.9,,,,,,,,,,,,,,,,,,,,,,,,,,,,,,,,,,,,
23955,2019,9,7,12,15,19.0,228,13,237,1.9,,,,,,,,,,,,,,,,,,,,,,,,,,,,,,,,,,,,
23956,2019,9,7,12,30,19.0,251,20,265,1.9,,,,,,,,,,,,,,,,,,,,,,,,,,,,,,,,,,,,
23957,2019,9,7,12,45,19.0,96,0,96,2.0,,,,,,,,,,,,,,,,,,,,,,,,,,,,,,,,,,,,
23958,2019,9,7,13,0,18.9,39,0,39,2.0,,,,,,,,,,,,,,,,,,,,,,,,,,,,,,,,,,,,
23959,2019,9,7,13,15,18.8,38,0,38,2.0,,,,,,,,,,,,,,,,,,,,,,,,,,,,,,,,,,,,
23960,2019,9,7,13,30,18.7,37,0,37,2.0,,,,,,,,,,,,,,,,,,,,,,,,,,,,,,,,,,,,
23961,2019,9,7,13,45,18.5,35,0,35,2.1,,,,,,,,,,,,,,,,,,,,,,,,,,,,,,,,,,,,
23962,2019,9,7,14,0,18.4,66,0,66,2.1,,,,,,,,,,,,,,,,,,,,,,,,,,,,,,,,,,,,
23963,2019,9,7,14,15,18.2,49,0,49,2.1,,,,,,,,,,,,,,,,,,,,,,,,,,,,,,,,,,,,
23964,2019,9,7,14,30,18.0,42,0,42,2.0,,,,,,,,,,,,,,,,,,,,,,,,,,,,,,,,,,,,
23965,2019,9,7,14,45,17.8,32,0,32,2.0,,,,,,,,,,,,,,,,,,,,,,,,,,,,,,,,,,,,
23966,2019,9,7,15,0,17.5,29,0,29,2.0,,,,,,,,,,,,,,,,,,,,,,,,,,,,,,,,,,,,
23967,2019,9,7,15,15,17.3,34,0,34,1.9,,,,,,,,,,,,,,,,,,,,,,,,,,,,,,,,,,,,
23968,2019,9,7,15,30,17.1,29,0,29,1.9,,,,,,,,,,,,,,,,,,,,,,,,,,,,,,,,,,,,
23969,2019,9,7,15,45,16.8,21,0,21,1.8,,,,,,,,,,,,,,,,,,,,,,,,,,,,,,,,,,,,
23970,2019,9,7,16,0,16.6,18,0,18,1.7000000000000002,,,,,,,,,,,,,,,,,,,,,,,,,,,,,,,,,,,,
23971,2019,9,7,16,15,16.3,16,0,16,1.6,,,,,,,,,,,,,,,,,,,,,,,,,,,,,,,,,,,,
23972,2019,9,7,16,30,16.1,17,0,17,1.5,,,,,,,,,,,,,,,,,,,,,,,,,,,,,,,,,,,,
23973,2019,9,7,16,45,15.8,12,0,12,1.3,,,,,,,,,,,,,,,,,,,,,,,,,,,,,,,,,,,,
23974,2019,9,7,17,0,15.6,27,0,27,1.2000000000000002,,,,,,,,,,,,,,,,,,,,,,,,,,,,,,,,,,,,
23975,2019,9,7,17,15,15.3,22,0,22,1.1,,,,,,,,,,,,,,,,,,,,,,,,,,,,,,,,,,,,
23976,2019,9,7,17,30,15.0,18,0,18,1.0,,,,,,,,,,,,,,,,,,,,,,,,,,,,,,,,,,,,
23977,2019,9,7,17,45,14.7,15,0,15,0.9,,,,,,,,,,,,,,,,,,,,,,,,,,,,,,,,,,,,
23978,2019,9,7,18,0,14.4,17,0,17,0.8,,,,,,,,,,,,,,,,,,,,,,,,,,,,,,,,,,,,
23979,2019,9,7,18,15,14.2,11,0,11,0.7000000000000001,,,,,,,,,,,,,,,,,,,,,,,,,,,,,,,,,,,,
23980,2019,9,7,18,30,14.0,5,0,5,0.7000000000000001,,,,,,,,,,,,,,,,,,,,,,,,,,,,,,,,,,,,
23981,2019,9,7,18,45,13.8,0,0,0,0.6000000000000001,,,,,,,,,,,,,,,,,,,,,,,,,,,,,,,,,,,,
23982,2019,9,7,19,0,13.6,0,0,0,0.6000000000000001,,,,,,,,,,,,,,,,,,,,,,,,,,,,,,,,,,,,
23983,2019,9,7,19,15,13.5,0,0,0,0.6000000000000001,,,,,,,,,,,,,,,,,,,,,,,,,,,,,,,,,,,,
23984,2019,9,7,19,30,13.3,0,0,0,0.5,,,,,,,,,,,,,,,,,,,,,,,,,,,,,,,,,,,,
23985,2019,9,7,19,45,13.2,0,0,0,0.5,,,,,,,,,,,,,,,,,,,,,,,,,,,,,,,,,,,,
23986,2019,9,7,20,0,13.0,0,0,0,0.5,,,,,,,,,,,,,,,,,,,,,,,,,,,,,,,,,,,,
23987,2019,9,7,20,15,12.8,0,0,0,0.5,,,,,,,,,,,,,,,,,,,,,,,,,,,,,,,,,,,,
23988,2019,9,7,20,30,12.7,0,0,0,0.5,,,,,,,,,,,,,,,,,,,,,,,,,,,,,,,,,,,,
23989,2019,9,7,20,45,12.5,0,0,0,0.5,,,,,,,,,,,,,,,,,,,,,,,,,,,,,,,,,,,,
23990,2019,9,7,21,0,12.3,0,0,0,0.5,,,,,,,,,,,,,,,,,,,,,,,,,,,,,,,,,,,,
23991,2019,9,7,21,15,12.1,0,0,0,0.5,,,,,,,,,,,,,,,,,,,,,,,,,,,,,,,,,,,,
23992,2019,9,7,21,30,11.9,0,0,0,0.5,,,,,,,,,,,,,,,,,,,,,,,,,,,,,,,,,,,,
23993,2019,9,7,21,45,11.8,0,0,0,0.5,,,,,,,,,,,,,,,,,,,,,,,,,,,,,,,,,,,,
23994,2019,9,7,22,0,11.6,0,0,0,0.5,,,,,,,,,,,,,,,,,,,,,,,,,,,,,,,,,,,,
23995,2019,9,7,22,15,11.4,0,0,0,0.6000000000000001,,,,,,,,,,,,,,,,,,,,,,,,,,,,,,,,,,,,
23996,2019,9,7,22,30,11.3,0,0,0,0.6000000000000001,,,,,,,,,,,,,,,,,,,,,,,,,,,,,,,,,,,,
23997,2019,9,7,22,45,11.2,0,0,0,0.6000000000000001,,,,,,,,,,,,,,,,,,,,,,,,,,,,,,,,,,,,
23998,2019,9,7,23,0,11.0,0,0,0,0.6000000000000001,,,,,,,,,,,,,,,,,,,,,,,,,,,,,,,,,,,,
23999,2019,9,7,23,15,11.0,0,0,0,0.6000000000000001,,,,,,,,,,,,,,,,,,,,,,,,,,,,,,,,,,,,
24000,2019,9,7,23,30,10.9,0,0,0,0.6000000000000001,,,,,,,,,,,,,,,,,,,,,,,,,,,,,,,,,,,,
24001,2019,9,7,23,45,10.8,0,0,0,0.6000000000000001,,,,,,,,,,,,,,,,,,,,,,,,,,,,,,,,,,,,
24002,2019,9,8,0,0,10.7,0,0,0,0.6000000000000001,,,,,,,,,,,,,,,,,,,,,,,,,,,,,,,,,,,,
24003,2019,9,8,0,15,10.7,0,0,0,0.6000000000000001,,,,,,,,,,,,,,,,,,,,,,,,,,,,,,,,,,,,
24004,2019,9,8,0,30,10.7,0,0,0,0.6000000000000001,,,,,,,,,,,,,,,,,,,,,,,,,,,,,,,,,,,,
24005,2019,9,8,0,45,10.7,0,0,0,0.6000000000000001,,,,,,,,,,,,,,,,,,,,,,,,,,,,,,,,,,,,
24006,2019,9,8,1,0,10.3,0,0,0,0.7000000000000001,,,,,,,,,,,,,,,,,,,,,,,,,,,,,,,,,,,,
24007,2019,9,8,1,15,10.2,0,0,0,0.7000000000000001,,,,,,,,,,,,,,,,,,,,,,,,,,,,,,,,,,,,
24008,2019,9,8,1,30,10.1,0,0,0,0.7000000000000001,,,,,,,,,,,,,,,,,,,,,,,,,,,,,,,,,,,,
24009,2019,9,8,1,45,10.1,0,0,0,0.7000000000000001,,,,,,,,,,,,,,,,,,,,,,,,,,,,,,,,,,,,
24010,2019,9,8,2,0,10.0,0,0,0,0.7000000000000001,,,,,,,,,,,,,,,,,,,,,,,,,,,,,,,,,,,,
24011,2019,9,8,2,15,10.0,0,0,0,0.7000000000000001,,,,,,,,,,,,,,,,,,,,,,,,,,,,,,,,,,,,
24012,2019,9,8,2,30,9.9,0,0,0,0.7000000000000001,,,,,,,,,,,,,,,,,,,,,,,,,,,,,,,,,,,,
24013,2019,9,8,2,45,9.8,0,0,0,0.7000000000000001,,,,,,,,,,,,,,,,,,,,,,,,,,,,,,,,,,,,
24014,2019,9,8,3,0,9.8,0,0,0,0.7000000000000001,,,,,,,,,,,,,,,,,,,,,,,,,,,,,,,,,,,,
24015,2019,9,8,3,15,9.7,0,0,0,0.7000000000000001,,,,,,,,,,,,,,,,,,,,,,,,,,,,,,,,,,,,
24016,2019,9,8,3,30,9.7,0,0,0,0.7000000000000001,,,,,,,,,,,,,,,,,,,,,,,,,,,,,,,,,,,,
24017,2019,9,8,3,45,9.7,0,0,0,0.7000000000000001,,,,,,,,,,,,,,,,,,,,,,,,,,,,,,,,,,,,
24018,2019,9,8,4,0,9.6,0,0,0,0.7000000000000001,,,,,,,,,,,,,,,,,,,,,,,,,,,,,,,,,,,,
24019,2019,9,8,4,15,9.6,0,0,0,0.7000000000000001,,,,,,,,,,,,,,,,,,,,,,,,,,,,,,,,,,,,
24020,2019,9,8,4,30,9.5,0,0,0,0.6000000000000001,,,,,,,,,,,,,,,,,,,,,,,,,,,,,,,,,,,,
24021,2019,9,8,4,45,9.5,0,0,0,0.6000000000000001,,,,,,,,,,,,,,,,,,,,,,,,,,,,,,,,,,,,
24022,2019,9,8,5,0,9.4,0,0,0,0.6000000000000001,,,,,,,,,,,,,,,,,,,,,,,,,,,,,,,,,,,,
24023,2019,9,8,5,15,9.6,0,0,0,0.6000000000000001,,,,,,,,,,,,,,,,,,,,,,,,,,,,,,,,,,,,
24024,2019,9,8,5,30,9.8,0,0,0,0.6000000000000001,,,,,,,,,,,,,,,,,,,,,,,,,,,,,,,,,,,,
24025,2019,9,8,5,45,10.0,0,0,0,0.7000000000000001,,,,,,,,,,,,,,,,,,,,,,,,,,,,,,,,,,,,
24026,2019,9,8,6,0,10.2,12,0,12,0.7000000000000001,,,,,,,,,,,,,,,,,,,,,,,,,,,,,,,,,,,,
24027,2019,9,8,6,15,10.5,24,0,24,0.7000000000000001,,,,,,,,,,,,,,,,,,,,,,,,,,,,,,,,,,,,
24028,2019,9,8,6,30,10.9,38,0,38,0.8,,,,,,,,,,,,,,,,,,,,,,,,,,,,,,,,,,,,
24029,2019,9,8,6,45,11.2,55,0,55,0.9,,,,,,,,,,,,,,,,,,,,,,,,,,,,,,,,,,,,
24030,2019,9,8,7,0,11.6,76,55,87,1.0,,,,,,,,,,,,,,,,,,,,,,,,,,,,,,,,,,,,
24031,2019,9,8,7,15,12.2,92,70,110,1.0,,,,,,,,,,,,,,,,,,,,,,,,,,,,,,,,,,,,
24032,2019,9,8,7,30,12.8,109,86,134,0.9,,,,,,,,,,,,,,,,,,,,,,,,,,,,,,,,,,,,
24033,2019,9,8,7,45,13.4,124,195,187,0.9,,,,,,,,,,,,,,,,,,,,,,,,,,,,,,,,,,,,
24034,2019,9,8,8,0,14.0,141,69,166,0.9,,,,,,,,,,,,,,,,,,,,,,,,,,,,,,,,,,,,
24035,2019,9,8,8,15,14.5,147,293,263,1.0,,,,,,,,,,,,,,,,,,,,,,,,,,,,,,,,,,,,
24036,2019,9,8,8,30,15.1,159,324,298,1.1,,,,,,,,,,,,,,,,,,,,,,,,,,,,,,,,,,,,
24037,2019,9,8,8,45,15.6,193,103,241,1.2000000000000002,,,,,,,,,,,,,,,,,,,,,,,,,,,,,,,,,,,,
24038,2019,9,8,9,0,16.1,196,287,338,1.4,,,,,,,,,,,,,,,,,,,,,,,,,,,,,,,,,,,,
24039,2019,9,8,9,15,16.5,226,121,289,1.4,,,,,,,,,,,,,,,,,,,,,,,,,,,,,,,,,,,,
24040,2019,9,8,9,30,16.900000000000002,241,129,311,1.4,,,,,,,,,,,,,,,,,,,,,,,,,,,,,,,,,,,,
24041,2019,9,8,9,45,17.3,255,137,333,1.5,,,,,,,,,,,,,,,,,,,,,,,,,,,,,,,,,,,,
24042,2019,9,8,10,0,17.7,268,143,353,1.5,,,,,,,,,,,,,,,,,,,,,,,,,,,,,,,,,,,,
24043,2019,9,8,10,15,18.1,279,177,388,1.5,,,,,,,,,,,,,,,,,,,,,,,,,,,,,,,,,,,,
24044,2019,9,8,10,30,18.4,286,219,425,1.5,,,,,,,,,,,,,,,,,,,,,,,,,,,,,,,,,,,,
24045,2019,9,8,10,45,18.7,297,202,428,1.4,,,,,,,,,,,,,,,,,,,,,,,,,,,,,,,,,,,,
24046,2019,9,8,11,0,19.1,306,129,392,1.4,,,,,,,,,,,,,,,,,,,,,,,,,,,,,,,,,,,,
24047,2019,9,8,11,15,19.200000000000003,314,145,412,1.4,,,,,,,,,,,,,,,,,,,,,,,,,,,,,,,,,,,,
24048,2019,9,8,11,30,19.3,316,207,458,1.3,,,,,,,,,,,,,,,,,,,,,,,,,,,,,,,,,,,,
24049,2019,9,8,11,45,19.4,320,201,459,1.3,,,,,,,,,,,,,,,,,,,,,,,,,,,,,,,,,,,,
24050,2019,9,8,12,0,19.5,318,234,480,1.3,,,,,,,,,,,,,,,,,,,,,,,,,,,,,,,,,,,,
24051,2019,9,8,12,15,19.5,306,296,512,1.2000000000000002,,,,,,,,,,,,,,,,,,,,,,,,,,,,,,,,,,,,
24052,2019,9,8,12,30,19.5,303,306,515,1.1,,,,,,,,,,,,,,,,,,,,,,,,,,,,,,,,,,,,
24053,2019,9,8,12,45,19.5,321,168,436,1.1,,,,,,,,,,,,,,,,,,,,,,,,,,,,,,,,,,,,
24054,2019,9,8,13,0,19.5,287,50,321,1.0,,,,,,,,,,,,,,,,,,,,,,,,,,,,,,,,,,,,
24055,2019,9,8,13,15,19.4,311,175,428,0.9,,,,,,,,,,,,,,,,,,,,,,,,,,,,,,,,,,,,
24056,2019,9,8,13,30,19.3,304,170,415,0.9,,,,,,,,,,,,,,,,,,,,,,,,,,,,,,,,,,,,
24057,2019,9,8,13,45,19.3,295,177,408,0.8,,,,,,,,,,,,,,,,,,,,,,,,,,,,,,,,,,,,
24058,2019,9,8,14,0,19.200000000000003,278,241,429,0.8,,,,,,,,,,,,,,,,,,,,,,,,,,,,,,,,,,,,
24059,2019,9,8,14,15,19.1,274,136,356,0.8,,,,,,,,,,,,,,,,,,,,,,,,,,,,,,,,,,,,
24060,2019,9,8,14,30,19.0,262,152,351,0.8,,,,,,,,,,,,,,,,,,,,,,,,,,,,,,,,,,,,
24061,2019,9,8,14,45,18.9,246,105,305,0.9,,,,,,,,,,,,,,,,,,,,,,,,,,,,,,,,,,,,
24062,2019,9,8,15,0,18.8,211,40,233,0.9,,,,,,,,,,,,,,,,,,,,,,,,,,,,,,,,,,,,
24063,2019,9,8,15,15,18.6,212,72,248,0.9,,,,,,,,,,,,,,,,,,,,,,,,,,,,,,,,,,,,
24064,2019,9,8,15,30,18.5,202,171,284,0.9,,,,,,,,,,,,,,,,,,,,,,,,,,,,,,,,,,,,
24065,2019,9,8,15,45,18.4,165,336,315,0.9,,,,,,,,,,,,,,,,,,,,,,,,,,,,,,,,,,,,
24066,2019,9,8,16,0,18.2,170,157,234,0.9,,,,,,,,,,,,,,,,,,,,,,,,,,,,,,,,,,,,
24067,2019,9,8,16,15,18.0,146,50,165,0.8,,,,,,,,,,,,,,,,,,,,,,,,,,,,,,,,,,,,
24068,2019,9,8,16,30,17.7,113,1,114,0.7000000000000001,,,,,,,,,,,,,,,,,,,,,,,,,,,,,,,,,,,,
24069,2019,9,8,16,45,17.5,83,0,83,0.7000000000000001,,,,,,,,,,,,,,,,,,,,,,,,,,,,,,,,,,,,
24070,2019,9,8,17,0,17.2,83,0,83,0.6000000000000001,,,,,,,,,,,,,,,,,,,,,,,,,,,,,,,,,,,,
24071,2019,9,8,17,15,16.900000000000002,67,0,67,0.6000000000000001,,,,,,,,,,,,,,,,,,,,,,,,,,,,,,,,,,,,
24072,2019,9,8,17,30,16.7,53,0,53,0.6000000000000001,,,,,,,,,,,,,,,,,,,,,,,,,,,,,,,,,,,,
24073,2019,9,8,17,45,16.400000000000002,39,0,39,0.6000000000000001,,,,,,,,,,,,,,,,,,,,,,,,,,,,,,,,,,,,
24074,2019,9,8,18,0,16.1,28,0,28,0.6000000000000001,,,,,,,,,,,,,,,,,,,,,,,,,,,,,,,,,,,,
24075,2019,9,8,18,15,15.9,17,0,17,0.7000000000000001,,,,,,,,,,,,,,,,,,,,,,,,,,,,,,,,,,,,
24076,2019,9,8,18,30,15.7,8,0,8,0.7000000000000001,,,,,,,,,,,,,,,,,,,,,,,,,,,,,,,,,,,,
24077,2019,9,8,18,45,15.5,0,0,0,0.7000000000000001,,,,,,,,,,,,,,,,,,,,,,,,,,,,,,,,,,,,
24078,2019,9,8,19,0,15.3,0,0,0,0.7000000000000001,,,,,,,,,,,,,,,,,,,,,,,,,,,,,,,,,,,,
24079,2019,9,8,19,15,15.2,0,0,0,0.7000000000000001,,,,,,,,,,,,,,,,,,,,,,,,,,,,,,,,,,,,
24080,2019,9,8,19,30,15.1,0,0,0,0.7000000000000001,,,,,,,,,,,,,,,,,,,,,,,,,,,,,,,,,,,,
24081,2019,9,8,19,45,14.9,0,0,0,0.7000000000000001,,,,,,,,,,,,,,,,,,,,,,,,,,,,,,,,,,,,
24082,2019,9,8,20,0,14.8,0,0,0,0.7000000000000001,,,,,,,,,,,,,,,,,,,,,,,,,,,,,,,,,,,,
24083,2019,9,8,20,15,14.7,0,0,0,0.7000000000000001,,,,,,,,,,,,,,,,,,,,,,,,,,,,,,,,,,,,
24084,2019,9,8,20,30,14.6,0,0,0,0.7000000000000001,,,,,,,,,,,,,,,,,,,,,,,,,,,,,,,,,,,,
24085,2019,9,8,20,45,14.5,0,0,0,0.7000000000000001,,,,,,,,,,,,,,,,,,,,,,,,,,,,,,,,,,,,
24086,2019,9,8,21,0,14.4,0,0,0,0.7000000000000001,,,,,,,,,,,,,,,,,,,,,,,,,,,,,,,,,,,,
24087,2019,9,8,21,15,14.3,0,0,0,0.7000000000000001,,,,,,,,,,,,,,,,,,,,,,,,,,,,,,,,,,,,
24088,2019,9,8,21,30,14.2,0,0,0,0.7000000000000001,,,,,,,,,,,,,,,,,,,,,,,,,,,,,,,,,,,,
24089,2019,9,8,21,45,14.1,0,0,0,0.7000000000000001,,,,,,,,,,,,,,,,,,,,,,,,,,,,,,,,,,,,
24090,2019,9,8,22,0,14.0,0,0,0,0.7000000000000001,,,,,,,,,,,,,,,,,,,,,,,,,,,,,,,,,,,,
24091,2019,9,8,22,15,13.9,0,0,0,0.7000000000000001,,,,,,,,,,,,,,,,,,,,,,,,,,,,,,,,,,,,
24092,2019,9,8,22,30,13.8,0,0,0,0.7000000000000001,,,,,,,,,,,,,,,,,,,,,,,,,,,,,,,,,,,,
24093,2019,9,8,22,45,13.7,0,0,0,0.7000000000000001,,,,,,,,,,,,,,,,,,,,,,,,,,,,,,,,,,,,
24094,2019,9,8,23,0,13.6,0,0,0,0.7000000000000001,,,,,,,,,,,,,,,,,,,,,,,,,,,,,,,,,,,,
24095,2019,9,8,23,15,13.4,0,0,0,0.7000000000000001,,,,,,,,,,,,,,,,,,,,,,,,,,,,,,,,,,,,
24096,2019,9,8,23,30,13.3,0,0,0,0.7000000000000001,,,,,,,,,,,,,,,,,,,,,,,,,,,,,,,,,,,,
24097,2019,9,8,23,45,13.2,0,0,0,0.7000000000000001,,,,,,,,,,,,,,,,,,,,,,,,,,,,,,,,,,,,
24098,2019,9,9,0,0,13.0,0,0,0,0.7000000000000001,,,,,,,,,,,,,,,,,,,,,,,,,,,,,,,,,,,,
24099,2019,9,9,0,15,13.0,0,0,0,0.7000000000000001,,,,,,,,,,,,,,,,,,,,,,,,,,,,,,,,,,,,
24100,2019,9,9,0,30,13.0,0,0,0,0.7000000000000001,,,,,,,,,,,,,,,,,,,,,,,,,,,,,,,,,,,,
24101,2019,9,9,0,45,13.0,0,0,0,0.7000000000000001,,,,,,,,,,,,,,,,,,,,,,,,,,,,,,,,,,,,
24102,2019,9,9,1,0,12.6,0,0,0,0.7000000000000001,,,,,,,,,,,,,,,,,,,,,,,,,,,,,,,,,,,,
24103,2019,9,9,1,15,12.5,0,0,0,0.7000000000000001,,,,,,,,,,,,,,,,,,,,,,,,,,,,,,,,,,,,
24104,2019,9,9,1,30,12.4,0,0,0,0.8,,,,,,,,,,,,,,,,,,,,,,,,,,,,,,,,,,,,
24105,2019,9,9,1,45,12.3,0,0,0,0.8,,,,,,,,,,,,,,,,,,,,,,,,,,,,,,,,,,,,
24106,2019,9,9,2,0,12.2,0,0,0,0.9,,,,,,,,,,,,,,,,,,,,,,,,,,,,,,,,,,,,
24107,2019,9,9,2,15,12.1,0,0,0,1.0,,,,,,,,,,,,,,,,,,,,,,,,,,,,,,,,,,,,
24108,2019,9,9,2,30,12.0,0,0,0,1.1,,,,,,,,,,,,,,,,,,,,,,,,,,,,,,,,,,,,
24109,2019,9,9,2,45,11.9,0,0,0,1.1,,,,,,,,,,,,,,,,,,,,,,,,,,,,,,,,,,,,
24110,2019,9,9,3,0,11.8,0,0,0,1.2000000000000002,,,,,,,,,,,,,,,,,,,,,,,,,,,,,,,,,,,,
24111,2019,9,9,3,15,11.8,0,0,0,1.3,,,,,,,,,,,,,,,,,,,,,,,,,,,,,,,,,,,,
24112,2019,9,9,3,30,11.7,0,0,0,1.3,,,,,,,,,,,,,,,,,,,,,,,,,,,,,,,,,,,,
24113,2019,9,9,3,45,11.6,0,0,0,1.4,,,,,,,,,,,,,,,,,,,,,,,,,,,,,,,,,,,,
24114,2019,9,9,4,0,11.5,0,0,0,1.4,,,,,,,,,,,,,,,,,,,,,,,,,,,,,,,,,,,,
24115,2019,9,9,4,15,11.5,0,0,0,1.6,,,,,,,,,,,,,,,,,,,,,,,,,,,,,,,,,,,,
24116,2019,9,9,4,30,11.5,0,0,0,1.7000000000000002,,,,,,,,,,,,,,,,,,,,,,,,,,,,,,,,,,,,
24117,2019,9,9,4,45,11.4,0,0,0,1.9,,,,,,,,,,,,,,,,,,,,,,,,,,,,,,,,,,,,
24118,2019,9,9,5,0,11.4,0,0,0,2.1,,,,,,,,,,,,,,,,,,,,,,,,,,,,,,,,,,,,
24119,2019,9,9,5,15,11.4,0,0,0,2.1,,,,,,,,,,,,,,,,,,,,,,,,,,,,,,,,,,,,
24120,2019,9,9,5,30,11.4,0,0,0,2.2,,,,,,,,,,,,,,,,,,,,,,,,,,,,,,,,,,,,
24121,2019,9,9,5,45,11.4,0,0,0,2.3000000000000003,,,,,,,,,,,,,,,,,,,,,,,,,,,,,,,,,,,,
24122,2019,9,9,6,0,11.3,3,0,3,2.4000000000000004,,,,,,,,,,,,,,,,,,,,,,,,,,,,,,,,,,,,
24123,2019,9,9,6,15,11.4,5,0,5,2.5,,,,,,,,,,,,,,,,,,,,,,,,,,,,,,,,,,,,
24124,2019,9,9,6,30,11.5,6,0,6,2.6,,,,,,,,,,,,,,,,,,,,,,,,,,,,,,,,,,,,
24125,2019,9,9,6,45,11.6,7,0,7,2.8000000000000003,,,,,,,,,,,,,,,,,,,,,,,,,,,,,,,,,,,,
24126,2019,9,9,7,0,11.7,8,0,8,2.9000000000000004,,,,,,,,,,,,,,,,,,,,,,,,,,,,,,,,,,,,
24127,2019,9,9,7,15,11.8,9,0,9,2.9000000000000004,,,,,,,,,,,,,,,,,,,,,,,,,,,,,,,,,,,,
24128,2019,9,9,7,30,12.0,11,0,11,2.9000000000000004,,,,,,,,,,,,,,,,,,,,,,,,,,,,,,,,,,,,
24129,2019,9,9,7,45,12.1,12,0,12,2.9000000000000004,,,,,,,,,,,,,,,,,,,,,,,,,,,,,,,,,,,,
24130,2019,9,9,8,0,12.2,14,0,14,2.9000000000000004,,,,,,,,,,,,,,,,,,,,,,,,,,,,,,,,,,,,
24131,2019,9,9,8,15,12.4,16,0,16,3.0,,,,,,,,,,,,,,,,,,,,,,,,,,,,,,,,,,,,
24132,2019,9,9,8,30,12.5,18,0,18,3.1,,,,,,,,,,,,,,,,,,,,,,,,,,,,,,,,,,,,
24133,2019,9,9,8,45,12.6,21,0,21,3.2,,,,,,,,,,,,,,,,,,,,,,,,,,,,,,,,,,,,
24134,2019,9,9,9,0,12.8,24,0,24,3.3000000000000003,,,,,,,,,,,,,,,,,,,,,,,,,,,,,,,,,,,,
24135,2019,9,9,9,15,12.9,26,0,26,3.5,,,,,,,,,,,,,,,,,,,,,,,,,,,,,,,,,,,,
24136,2019,9,9,9,30,13.1,61,0,61,3.7,,,,,,,,,,,,,,,,,,,,,,,,,,,,,,,,,,,,
24137,2019,9,9,9,45,13.3,32,0,32,3.9,,,,,,,,,,,,,,,,,,,,,,,,,,,,,,,,,,,,
24138,2019,9,9,10,0,13.5,33,0,33,4.1000000000000005,,,,,,,,,,,,,,,,,,,,,,,,,,,,,,,,,,,,
24139,2019,9,9,10,15,13.6,35,0,35,4.2,,,,,,,,,,,,,,,,,,,,,,,,,,,,,,,,,,,,
24140,2019,9,9,10,30,13.8,37,0,37,4.3,,,,,,,,,,,,,,,,,,,,,,,,,,,,,,,,,,,,
24141,2019,9,9,10,45,13.9,39,0,39,4.4,,,,,,,,,,,,,,,,,,,,,,,,,,,,,,,,,,,,
24142,2019,9,9,11,0,14.1,42,0,42,4.4,,,,,,,,,,,,,,,,,,,,,,,,,,,,,,,,,,,,
24143,2019,9,9,11,15,14.1,43,0,43,4.4,,,,,,,,,,,,,,,,,,,,,,,,,,,,,,,,,,,,
24144,2019,9,9,11,30,14.2,44,0,44,4.4,,,,,,,,,,,,,,,,,,,,,,,,,,,,,,,,,,,,
24145,2019,9,9,11,45,14.3,45,0,45,4.4,,,,,,,,,,,,,,,,,,,,,,,,,,,,,,,,,,,,
24146,2019,9,9,12,0,14.4,46,0,46,4.4,,,,,,,,,,,,,,,,,,,,,,,,,,,,,,,,,,,,
24147,2019,9,9,12,15,14.4,45,0,45,4.4,,,,,,,,,,,,,,,,,,,,,,,,,,,,,,,,,,,,
24148,2019,9,9,12,30,14.4,39,0,39,4.4,,,,,,,,,,,,,,,,,,,,,,,,,,,,,,,,,,,,
24149,2019,9,9,12,45,14.5,46,0,46,4.4,,,,,,,,,,,,,,,,,,,,,,,,,,,,,,,,,,,,
24150,2019,9,9,13,0,14.5,43,0,43,4.5,,,,,,,,,,,,,,,,,,,,,,,,,,,,,,,,,,,,
24151,2019,9,9,13,15,14.4,42,0,42,4.5,,,,,,,,,,,,,,,,,,,,,,,,,,,,,,,,,,,,
24152,2019,9,9,13,30,14.4,41,0,41,4.5,,,,,,,,,,,,,,,,,,,,,,,,,,,,,,,,,,,,
24153,2019,9,9,13,45,14.4,47,0,47,4.5,,,,,,,,,,,,,,,,,,,,,,,,,,,,,,,,,,,,
24154,2019,9,9,14,0,14.3,202,11,209,4.5,,,,,,,,,,,,,,,,,,,,,,,,,,,,,,,,,,,,
24155,2019,9,9,14,15,14.3,134,0,134,4.5,,,,,,,,,,,,,,,,,,,,,,,,,,,,,,,,,,,,
24156,2019,9,9,14,30,14.2,122,0,122,4.5,,,,,,,,,,,,,,,,,,,,,,,,,,,,,,,,,,,,
24157,2019,9,9,14,45,14.2,31,0,31,4.5,,,,,,,,,,,,,,,,,,,,,,,,,,,,,,,,,,,,
24158,2019,9,9,15,0,14.1,27,0,27,4.5,,,,,,,,,,,,,,,,,,,,,,,,,,,,,,,,,,,,
24159,2019,9,9,15,15,14.0,25,0,25,4.4,,,,,,,,,,,,,,,,,,,,,,,,,,,,,,,,,,,,
24160,2019,9,9,15,30,14.0,23,0,23,4.3,,,,,,,,,,,,,,,,,,,,,,,,,,,,,,,,,,,,
24161,2019,9,9,15,45,13.9,26,0,26,4.3,,,,,,,,,,,,,,,,,,,,,,,,,,,,,,,,,,,,
24162,2019,9,9,16,0,13.8,18,0,18,4.2,,,,,,,,,,,,,,,,,,,,,,,,,,,,,,,,,,,,
24163,2019,9,9,16,15,13.7,19,0,19,4.1000000000000005,,,,,,,,,,,,,,,,,,,,,,,,,,,,,,,,,,,,
24164,2019,9,9,16,30,13.6,14,0,14,4.0,,,,,,,,,,,,,,,,,,,,,,,,,,,,,,,,,,,,
24165,2019,9,9,16,45,13.5,11,0,11,3.9,,,,,,,,,,,,,,,,,,,,,,,,,,,,,,,,,,,,
24166,2019,9,9,17,0,13.4,10,0,10,3.8,,,,,,,,,,,,,,,,,,,,,,,,,,,,,,,,,,,,
24167,2019,9,9,17,15,13.2,9,0,9,3.7,,,,,,,,,,,,,,,,,,,,,,,,,,,,,,,,,,,,
24168,2019,9,9,17,30,13.1,7,0,7,3.6,,,,,,,,,,,,,,,,,,,,,,,,,,,,,,,,,,,,
24169,2019,9,9,17,45,12.9,6,0,6,3.5,,,,,,,,,,,,,,,,,,,,,,,,,,,,,,,,,,,,
24170,2019,9,9,18,0,12.8,5,0,5,3.4000000000000004,,,,,,,,,,,,,,,,,,,,,,,,,,,,,,,,,,,,
24171,2019,9,9,18,15,12.7,4,0,4,3.3000000000000003,,,,,,,,,,,,,,,,,,,,,,,,,,,,,,,,,,,,
24172,2019,9,9,18,30,12.6,2,0,2,3.2,,,,,,,,,,,,,,,,,,,,,,,,,,,,,,,,,,,,
24173,2019,9,9,18,45,12.4,0,0,0,3.2,,,,,,,,,,,,,,,,,,,,,,,,,,,,,,,,,,,,
24174,2019,9,9,19,0,12.3,0,0,0,3.1,,,,,,,,,,,,,,,,,,,,,,,,,,,,,,,,,,,,
24175,2019,9,9,19,15,12.2,0,0,0,3.1,,,,,,,,,,,,,,,,,,,,,,,,,,,,,,,,,,,,
24176,2019,9,9,19,30,12.1,0,0,0,3.0,,,,,,,,,,,,,,,,,,,,,,,,,,,,,,,,,,,,
24177,2019,9,9,19,45,12.0,0,0,0,3.0,,,,,,,,,,,,,,,,,,,,,,,,,,,,,,,,,,,,
24178,2019,9,9,20,0,12.0,0,0,0,2.9000000000000004,,,,,,,,,,,,,,,,,,,,,,,,,,,,,,,,,,,,
24179,2019,9,9,20,15,11.8,0,0,0,2.8000000000000003,,,,,,,,,,,,,,,,,,,,,,,,,,,,,,,,,,,,
24180,2019,9,9,20,30,11.7,0,0,0,2.7,,,,,,,,,,,,,,,,,,,,,,,,,,,,,,,,,,,,
24181,2019,9,9,20,45,11.5,0,0,0,2.6,,,,,,,,,,,,,,,,,,,,,,,,,,,,,,,,,,,,
24182,2019,9,9,21,0,11.4,0,0,0,2.5,,,,,,,,,,,,,,,,,,,,,,,,,,,,,,,,,,,,
24183,2019,9,9,21,15,11.3,0,0,0,2.5,,,,,,,,,,,,,,,,,,,,,,,,,,,,,,,,,,,,
24184,2019,9,9,21,30,11.1,0,0,0,2.4000000000000004,,,,,,,,,,,,,,,,,,,,,,,,,,,,,,,,,,,,
24185,2019,9,9,21,45,11.0,0,0,0,2.4000000000000004,,,,,,,,,,,,,,,,,,,,,,,,,,,,,,,,,,,,
24186,2019,9,9,22,0,10.9,0,0,0,2.3000000000000003,,,,,,,,,,,,,,,,,,,,,,,,,,,,,,,,,,,,
24187,2019,9,9,22,15,10.8,0,0,0,2.3000000000000003,,,,,,,,,,,,,,,,,,,,,,,,,,,,,,,,,,,,
24188,2019,9,9,22,30,10.7,0,0,0,2.3000000000000003,,,,,,,,,,,,,,,,,,,,,,,,,,,,,,,,,,,,
24189,2019,9,9,22,45,10.6,0,0,0,2.3000000000000003,,,,,,,,,,,,,,,,,,,,,,,,,,,,,,,,,,,,
24190,2019,9,9,23,0,10.5,0,0,0,2.3000000000000003,,,,,,,,,,,,,,,,,,,,,,,,,,,,,,,,,,,,
24191,2019,9,9,23,15,10.4,0,0,0,2.3000000000000003,,,,,,,,,,,,,,,,,,,,,,,,,,,,,,,,,,,,
24192,2019,9,9,23,30,10.4,0,0,0,2.3000000000000003,,,,,,,,,,,,,,,,,,,,,,,,,,,,,,,,,,,,
24193,2019,9,9,23,45,10.3,0,0,0,2.3000000000000003,,,,,,,,,,,,,,,,,,,,,,,,,,,,,,,,,,,,
24194,2019,9,10,0,0,10.2,0,0,0,2.3000000000000003,,,,,,,,,,,,,,,,,,,,,,,,,,,,,,,,,,,,
24195,2019,9,10,0,15,10.2,0,0,0,2.3000000000000003,,,,,,,,,,,,,,,,,,,,,,,,,,,,,,,,,,,,
24196,2019,9,10,0,30,10.2,0,0,0,2.3000000000000003,,,,,,,,,,,,,,,,,,,,,,,,,,,,,,,,,,,,
24197,2019,9,10,0,45,10.2,0,0,0,2.3000000000000003,,,,,,,,,,,,,,,,,,,,,,,,,,,,,,,,,,,,
24198,2019,9,10,1,0,9.8,0,0,0,2.6,,,,,,,,,,,,,,,,,,,,,,,,,,,,,,,,,,,,
24199,2019,9,10,1,15,9.7,0,0,0,2.7,,,,,,,,,,,,,,,,,,,,,,,,,,,,,,,,,,,,
24200,2019,9,10,1,30,9.6,0,0,0,2.7,,,,,,,,,,,,,,,,,,,,,,,,,,,,,,,,,,,,
24201,2019,9,10,1,45,9.5,0,0,0,2.8000000000000003,,,,,,,,,,,,,,,,,,,,,,,,,,,,,,,,,,,,
24202,2019,9,10,2,0,9.5,0,0,0,2.8000000000000003,,,,,,,,,,,,,,,,,,,,,,,,,,,,,,,,,,,,
24203,2019,9,10,2,15,9.3,0,0,0,2.8000000000000003,,,,,,,,,,,,,,,,,,,,,,,,,,,,,,,,,,,,
24204,2019,9,10,2,30,9.2,0,0,0,2.8000000000000003,,,,,,,,,,,,,,,,,,,,,,,,,,,,,,,,,,,,
24205,2019,9,10,2,45,9.1,0,0,0,2.8000000000000003,,,,,,,,,,,,,,,,,,,,,,,,,,,,,,,,,,,,
24206,2019,9,10,3,0,9.0,0,0,0,2.7,,,,,,,,,,,,,,,,,,,,,,,,,,,,,,,,,,,,
24207,2019,9,10,3,15,8.9,0,0,0,2.7,,,,,,,,,,,,,,,,,,,,,,,,,,,,,,,,,,,,
24208,2019,9,10,3,30,8.8,0,0,0,2.7,,,,,,,,,,,,,,,,,,,,,,,,,,,,,,,,,,,,
24209,2019,9,10,3,45,8.700000000000001,0,0,0,2.7,,,,,,,,,,,,,,,,,,,,,,,,,,,,,,,,,,,,
24210,2019,9,10,4,0,8.6,0,0,0,2.6,,,,,,,,,,,,,,,,,,,,,,,,,,,,,,,,,,,,
24211,2019,9,10,4,15,8.6,0,0,0,2.6,,,,,,,,,,,,,,,,,,,,,,,,,,,,,,,,,,,,
24212,2019,9,10,4,30,8.5,0,0,0,2.6,,,,,,,,,,,,,,,,,,,,,,,,,,,,,,,,,,,,
24213,2019,9,10,4,45,8.5,0,0,0,2.6,,,,,,,,,,,,,,,,,,,,,,,,,,,,,,,,,,,,
24214,2019,9,10,5,0,8.4,0,0,0,2.6,,,,,,,,,,,,,,,,,,,,,,,,,,,,,,,,,,,,
24215,2019,9,10,5,15,8.6,0,0,0,2.8000000000000003,,,,,,,,,,,,,,,,,,,,,,,,,,,,,,,,,,,,
24216,2019,9,10,5,30,8.700000000000001,0,0,0,3.0,,,,,,,,,,,,,,,,,,,,,,,,,,,,,,,,,,,,
24217,2019,9,10,5,45,8.9,0,0,0,3.1,,,,,,,,,,,,,,,,,,,,,,,,,,,,,,,,,,,,
24218,2019,9,10,6,0,9.0,17,110,22,3.3000000000000003,,,,,,,,,,,,,,,,,,,,,,,,,,,,,,,,,,,,
24219,2019,9,10,6,15,9.4,30,207,47,3.4000000000000004,,,,,,,,,,,,,,,,,,,,,,,,,,,,,,,,,,,,
24220,2019,9,10,6,30,9.8,41,296,77,3.5,,,,,,,,,,,,,,,,,,,,,,,,,,,,,,,,,,,,
24221,2019,9,10,6,45,10.1,50,387,113,3.5,,,,,,,,,,,,,,,,,,,,,,,,,,,,,,,,,,,,
24222,2019,9,10,7,0,10.5,59,455,150,3.6,,,,,,,,,,,,,,,,,,,,,,,,,,,,,,,,,,,,
24223,2019,9,10,7,15,11.2,67,510,189,3.7,,,,,,,,,,,,,,,,,,,,,,,,,,,,,,,,,,,,
24224,2019,9,10,7,30,11.9,73,557,228,3.7,,,,,,,,,,,,,,,,,,,,,,,,,,,,,,,,,,,,
24225,2019,9,10,7,45,12.6,77,610,269,3.8,,,,,,,,,,,,,,,,,,,,,,,,,,,,,,,,,,,,
24226,2019,9,10,8,0,13.3,82,644,308,3.8,,,,,,,,,,,,,,,,,,,,,,,,,,,,,,,,,,,,
24227,2019,9,10,8,15,14.0,86,677,348,3.9,,,,,,,,,,,,,,,,,,,,,,,,,,,,,,,,,,,,
24228,2019,9,10,8,30,14.7,90,703,386,4.1000000000000005,,,,,,,,,,,,,,,,,,,,,,,,,,,,,,,,,,,,
24229,2019,9,10,8,45,15.4,91,736,424,4.2,,,,,,,,,,,,,,,,,,,,,,,,,,,,,,,,,,,,
24230,2019,9,10,9,0,16.2,94,755,459,4.3,,,,,,,,,,,,,,,,,,,,,,,,,,,,,,,,,,,,
24231,2019,9,10,9,15,16.5,97,772,492,4.4,,,,,,,,,,,,,,,,,,,,,,,,,,,,,,,,,,,,
24232,2019,9,10,9,30,16.900000000000002,100,787,524,4.4,,,,,,,,,,,,,,,,,,,,,,,,,,,,,,,,,,,,
24233,2019,9,10,9,45,17.3,237,280,394,4.5,,,,,,,,,,,,,,,,,,,,,,,,,,,,,,,,,,,,
24234,2019,9,10,10,0,17.6,248,289,417,4.5,,,,,,,,,,,,,,,,,,,,,,,,,,,,,,,,,,,,
24235,2019,9,10,10,15,17.900000000000002,258,293,436,4.5,,,,,,,,,,,,,,,,,,,,,,,,,,,,,,,,,,,,
24236,2019,9,10,10,30,18.1,260,331,468,4.6000000000000005,,,,,,,,,,,,,,,,,,,,,,,,,,,,,,,,,,,,
24237,2019,9,10,10,45,18.3,268,337,484,4.6000000000000005,,,,,,,,,,,,,,,,,,,,,,,,,,,,,,,,,,,,
24238,2019,9,10,11,0,18.5,287,69,332,4.6000000000000005,,,,,,,,,,,,,,,,,,,,,,,,,,,,,,,,,,,,
24239,2019,9,10,11,15,18.7,286,319,498,4.6000000000000005,,,,,,,,,,,,,,,,,,,,,,,,,,,,,,,,,,,,
24240,2019,9,10,11,30,18.9,313,174,431,4.6000000000000005,,,,,,,,,,,,,,,,,,,,,,,,,,,,,,,,,,,,
24241,2019,9,10,11,45,19.0,279,376,535,4.6000000000000005,,,,,,,,,,,,,,,,,,,,,,,,,,,,,,,,,,,,
24242,2019,9,10,12,0,19.200000000000003,290,342,524,4.6000000000000005,,,,,,,,,,,,,,,,,,,,,,,,,,,,,,,,,,,,
24243,2019,9,10,12,15,19.3,300,303,507,4.6000000000000005,,,,,,,,,,,,,,,,,,,,,,,,,,,,,,,,,,,,
24244,2019,9,10,12,30,19.4,284,361,530,4.5,,,,,,,,,,,,,,,,,,,,,,,,,,,,,,,,,,,,
24245,2019,9,10,12,45,19.5,308,244,473,4.5,,,,,,,,,,,,,,,,,,,,,,,,,,,,,,,,,,,,
24246,2019,9,10,13,0,19.6,299,270,480,4.5,,,,,,,,,,,,,,,,,,,,,,,,,,,,,,,,,,,,
24247,2019,9,10,13,15,19.700000000000003,293,271,472,4.4,,,,,,,,,,,,,,,,,,,,,,,,,,,,,,,,,,,,
24248,2019,9,10,13,30,19.8,296,200,426,4.4,,,,,,,,,,,,,,,,,,,,,,,,,,,,,,,,,,,,
24249,2019,9,10,13,45,19.8,274,68,318,4.3,,,,,,,,,,,,,,,,,,,,,,,,,,,,,,,,,,,,
24250,2019,9,10,14,0,19.9,264,289,442,4.3,,,,,,,,,,,,,,,,,,,,,,,,,,,,,,,,,,,,
24251,2019,9,10,14,15,19.9,267,117,336,4.2,,,,,,,,,,,,,,,,,,,,,,,,,,,,,,,,,,,,
24252,2019,9,10,14,30,19.8,195,13,202,4.1000000000000005,,,,,,,,,,,,,,,,,,,,,,,,,,,,,,,,,,,,
24253,2019,9,10,14,45,19.8,104,0,104,4.0,,,,,,,,,,,,,,,,,,,,,,,,,,,,,,,,,,,,
24254,2019,9,10,15,0,19.8,136,0,136,4.0,,,,,,,,,,,,,,,,,,,,,,,,,,,,,,,,,,,,
24255,2019,9,10,15,15,19.6,143,0,143,3.8,,,,,,,,,,,,,,,,,,,,,,,,,,,,,,,,,,,,
24256,2019,9,10,15,30,19.5,195,188,283,3.7,,,,,,,,,,,,,,,,,,,,,,,,,,,,,,,,,,,,
24257,2019,9,10,15,45,19.3,167,288,292,3.6,,,,,,,,,,,,,,,,,,,,,,,,,,,,,,,,,,,,
24258,2019,9,10,16,0,19.200000000000003,103,638,359,3.5,,,,,,,,,,,,,,,,,,,,,,,,,,,,,,,,,,,,
24259,2019,9,10,16,15,18.8,98,608,320,3.1,,,,,,,,,,,,,,,,,,,,,,,,,,,,,,,,,,,,
24260,2019,9,10,16,30,18.4,92,574,281,2.7,,,,,,,,,,,,,,,,,,,,,,,,,,,,,,,,,,,,
24261,2019,9,10,16,45,18.0,86,532,242,2.4000000000000004,,,,,,,,,,,,,,,,,,,,,,,,,,,,,,,,,,,,
24262,2019,9,10,17,0,17.7,78,487,203,2.0,,,,,,,,,,,,,,,,,,,,,,,,,,,,,,,,,,,,
24263,2019,9,10,17,15,16.8,69,435,164,1.7000000000000002,,,,,,,,,,,,,,,,,,,,,,,,,,,,,,,,,,,,
24264,2019,9,10,17,30,16.0,60,374,126,1.5,,,,,,,,,,,,,,,,,,,,,,,,,,,,,,,,,,,,
24265,2019,9,10,17,45,15.2,48,310,91,1.3,,,,,,,,,,,,,,,,,,,,,,,,,,,,,,,,,,,,
24266,2019,9,10,18,0,14.3,36,229,59,1.1,,,,,,,,,,,,,,,,,,,,,,,,,,,,,,,,,,,,
24267,2019,9,10,18,15,14.0,19,0,19,1.1,,,,,,,,,,,,,,,,,,,,,,,,,,,,,,,,,,,,
24268,2019,9,10,18,30,13.7,10,49,11,1.1,,,,,,,,,,,,,,,,,,,,,,,,,,,,,,,,,,,,
24269,2019,9,10,18,45,13.4,0,0,0,1.1,,,,,,,,,,,,,,,,,,,,,,,,,,,,,,,,,,,,
24270,2019,9,10,19,0,13.1,0,0,0,1.1,,,,,,,,,,,,,,,,,,,,,,,,,,,,,,,,,,,,
24271,2019,9,10,19,15,13.0,0,0,0,1.1,,,,,,,,,,,,,,,,,,,,,,,,,,,,,,,,,,,,
24272,2019,9,10,19,30,12.8,0,0,0,1.1,,,,,,,,,,,,,,,,,,,,,,,,,,,,,,,,,,,,
24273,2019,9,10,19,45,12.7,0,0,0,1.1,,,,,,,,,,,,,,,,,,,,,,,,,,,,,,,,,,,,
24274,2019,9,10,20,0,12.6,0,0,0,1.1,,,,,,,,,,,,,,,,,,,,,,,,,,,,,,,,,,,,
24275,2019,9,10,20,15,12.5,0,0,0,1.0,,,,,,,,,,,,,,,,,,,,,,,,,,,,,,,,,,,,
24276,2019,9,10,20,30,12.4,0,0,0,1.0,,,,,,,,,,,,,,,,,,,,,,,,,,,,,,,,,,,,
24277,2019,9,10,20,45,12.3,0,0,0,1.0,,,,,,,,,,,,,,,,,,,,,,,,,,,,,,,,,,,,
24278,2019,9,10,21,0,12.1,0,0,0,1.0,,,,,,,,,,,,,,,,,,,,,,,,,,,,,,,,,,,,
24279,2019,9,10,21,15,12.0,0,0,0,1.0,,,,,,,,,,,,,,,,,,,,,,,,,,,,,,,,,,,,
24280,2019,9,10,21,30,11.8,0,0,0,1.0,,,,,,,,,,,,,,,,,,,,,,,,,,,,,,,,,,,,
24281,2019,9,10,21,45,11.6,0,0,0,1.1,,,,,,,,,,,,,,,,,,,,,,,,,,,,,,,,,,,,
24282,2019,9,10,22,0,11.4,0,0,0,1.1,,,,,,,,,,,,,,,,,,,,,,,,,,,,,,,,,,,,
24283,2019,9,10,22,15,11.2,0,0,0,1.1,,,,,,,,,,,,,,,,,,,,,,,,,,,,,,,,,,,,
24284,2019,9,10,22,30,11.0,0,0,0,1.1,,,,,,,,,,,,,,,,,,,,,,,,,,,,,,,,,,,,
24285,2019,9,10,22,45,10.8,0,0,0,1.1,,,,,,,,,,,,,,,,,,,,,,,,,,,,,,,,,,,,
24286,2019,9,10,23,0,10.6,0,0,0,1.1,,,,,,,,,,,,,,,,,,,,,,,,,,,,,,,,,,,,
24287,2019,9,10,23,15,10.4,0,0,0,1.1,,,,,,,,,,,,,,,,,,,,,,,,,,,,,,,,,,,,
24288,2019,9,10,23,30,10.3,0,0,0,1.1,,,,,,,,,,,,,,,,,,,,,,,,,,,,,,,,,,,,
24289,2019,9,10,23,45,10.1,0,0,0,1.1,,,,,,,,,,,,,,,,,,,,,,,,,,,,,,,,,,,,
24290,2019,9,11,0,0,10.0,0,0,0,1.1,,,,,,,,,,,,,,,,,,,,,,,,,,,,,,,,,,,,
24291,2019,9,11,0,15,10.0,0,0,0,1.1,,,,,,,,,,,,,,,,,,,,,,,,,,,,,,,,,,,,
24292,2019,9,11,0,30,10.0,0,0,0,1.1,,,,,,,,,,,,,,,,,,,,,,,,,,,,,,,,,,,,
24293,2019,9,11,0,45,10.0,0,0,0,1.1,,,,,,,,,,,,,,,,,,,,,,,,,,,,,,,,,,,,
24294,2019,9,11,1,0,9.3,0,0,0,1.1,,,,,,,,,,,,,,,,,,,,,,,,,,,,,,,,,,,,
24295,2019,9,11,1,15,9.1,0,0,0,1.1,,,,,,,,,,,,,,,,,,,,,,,,,,,,,,,,,,,,
24296,2019,9,11,1,30,8.9,0,0,0,1.1,,,,,,,,,,,,,,,,,,,,,,,,,,,,,,,,,,,,
24297,2019,9,11,1,45,8.8,0,0,0,1.1,,,,,,,,,,,,,,,,,,,,,,,,,,,,,,,,,,,,
24298,2019,9,11,2,0,8.6,0,0,0,1.1,,,,,,,,,,,,,,,,,,,,,,,,,,,,,,,,,,,,
24299,2019,9,11,2,15,8.5,0,0,0,1.1,,,,,,,,,,,,,,,,,,,,,,,,,,,,,,,,,,,,
24300,2019,9,11,2,30,8.3,0,0,0,1.1,,,,,,,,,,,,,,,,,,,,,,,,,,,,,,,,,,,,
24301,2019,9,11,2,45,8.1,0,0,0,1.1,,,,,,,,,,,,,,,,,,,,,,,,,,,,,,,,,,,,
24302,2019,9,11,3,0,8.0,0,0,0,1.1,,,,,,,,,,,,,,,,,,,,,,,,,,,,,,,,,,,,
24303,2019,9,11,3,15,7.9,0,0,0,1.1,,,,,,,,,,,,,,,,,,,,,,,,,,,,,,,,,,,,
24304,2019,9,11,3,30,7.7,0,0,0,1.1,,,,,,,,,,,,,,,,,,,,,,,,,,,,,,,,,,,,
24305,2019,9,11,3,45,7.6,0,0,0,1.1,,,,,,,,,,,,,,,,,,,,,,,,,,,,,,,,,,,,
24306,2019,9,11,4,0,7.5,0,0,0,1.1,,,,,,,,,,,,,,,,,,,,,,,,,,,,,,,,,,,,
24307,2019,9,11,4,15,7.4,0,0,0,1.1,,,,,,,,,,,,,,,,,,,,,,,,,,,,,,,,,,,,
24308,2019,9,11,4,30,7.300000000000001,0,0,0,1.1,,,,,,,,,,,,,,,,,,,,,,,,,,,,,,,,,,,,
24309,2019,9,11,4,45,7.2,0,0,0,1.2000000000000002,,,,,,,,,,,,,,,,,,,,,,,,,,,,,,,,,,,,
24310,2019,9,11,5,0,7.1000000000000005,0,0,0,1.2000000000000002,,,,,,,,,,,,,,,,,,,,,,,,,,,,,,,,,,,,
24311,2019,9,11,5,15,7.5,0,0,0,1.2000000000000002,,,,,,,,,,,,,,,,,,,,,,,,,,,,,,,,,,,,
24312,2019,9,11,5,30,7.800000000000001,0,0,0,1.3,,,,,,,,,,,,,,,,,,,,,,,,,,,,,,,,,,,,
24313,2019,9,11,5,45,8.200000000000001,0,0,0,1.3,,,,,,,,,,,,,,,,,,,,,,,,,,,,,,,,,,,,
24314,2019,9,11,6,0,8.5,15,84,19,1.3,,,,,,,,,,,,,,,,,,,,,,,,,,,,,,,,,,,,
24315,2019,9,11,6,15,9.3,28,172,42,1.7000000000000002,,,,,,,,,,,,,,,,,,,,,,,,,,,,,,,,,,,,
24316,2019,9,11,6,30,10.0,41,256,71,2.0,,,,,,,,,,,,,,,,,,,,,,,,,,,,,,,,,,,,
24317,2019,9,11,6,45,10.8,52,343,106,2.3000000000000003,,,,,,,,,,,,,,,,,,,,,,,,,,,,,,,,,,,,
24318,2019,9,11,7,0,11.5,62,408,142,2.6,,,,,,,,,,,,,,,,,,,,,,,,,,,,,,,,,,,,
24319,2019,9,11,7,15,12.2,71,464,180,2.6,,,,,,,,,,,,,,,,,,,,,,,,,,,,,,,,,,,,
24320,2019,9,11,7,30,12.9,79,512,219,2.5,,,,,,,,,,,,,,,,,,,,,,,,,,,,,,,,,,,,
24321,2019,9,11,7,45,13.5,83,567,260,2.5,,,,,,,,,,,,,,,,,,,,,,,,,,,,,,,,,,,,
24322,2019,9,11,8,0,14.2,89,603,298,2.4000000000000004,,,,,,,,,,,,,,,,,,,,,,,,,,,,,,,,,,,,
24323,2019,9,11,8,15,15.2,95,637,338,2.6,,,,,,,,,,,,,,,,,,,,,,,,,,,,,,,,,,,,
24324,2019,9,11,8,30,16.3,99,664,376,2.7,,,,,,,,,,,,,,,,,,,,,,,,,,,,,,,,,,,,
24325,2019,9,11,8,45,17.3,100,699,414,2.8000000000000003,,,,,,,,,,,,,,,,,,,,,,,,,,,,,,,,,,,,
24326,2019,9,11,9,0,18.3,104,720,449,3.0,,,,,,,,,,,,,,,,,,,,,,,,,,,,,,,,,,,,
24327,2019,9,11,9,15,18.8,107,738,482,3.0,,,,,,,,,,,,,,,,,,,,,,,,,,,,,,,,,,,,
24328,2019,9,11,9,30,19.3,110,753,513,3.1,,,,,,,,,,,,,,,,,,,,,,,,,,,,,,,,,,,,
24329,2019,9,11,9,45,19.8,115,762,541,3.2,,,,,,,,,,,,,,,,,,,,,,,,,,,,,,,,,,,,
24330,2019,9,11,10,0,20.3,117,774,568,3.3000000000000003,,,,,,,,,,,,,,,,,,,,,,,,,,,,,,,,,,,,
24331,2019,9,11,10,15,20.5,119,785,592,3.3000000000000003,,,,,,,,,,,,,,,,,,,,,,,,,,,,,,,,,,,,
24332,2019,9,11,10,30,20.8,121,790,612,3.4000000000000004,,,,,,,,,,,,,,,,,,,,,,,,,,,,,,,,,,,,
24333,2019,9,11,10,45,21.1,120,803,632,3.5,,,,,,,,,,,,,,,,,,,,,,,,,,,,,,,,,,,,
24334,2019,9,11,11,0,21.4,121,809,648,3.5,,,,,,,,,,,,,,,,,,,,,,,,,,,,,,,,,,,,
24335,2019,9,11,11,15,21.6,122,814,661,3.6,,,,,,,,,,,,,,,,,,,,,,,,,,,,,,,,,,,,
24336,2019,9,11,11,30,21.8,123,818,671,3.6,,,,,,,,,,,,,,,,,,,,,,,,,,,,,,,,,,,,
24337,2019,9,11,11,45,22.0,122,824,679,3.7,,,,,,,,,,,,,,,,,,,,,,,,,,,,,,,,,,,,
24338,2019,9,11,12,0,22.200000000000003,122,826,683,3.7,,,,,,,,,,,,,,,,,,,,,,,,,,,,,,,,,,,,
24339,2019,9,11,12,15,22.4,122,826,683,3.7,,,,,,,,,,,,,,,,,,,,,,,,,,,,,,,,,,,,
24340,2019,9,11,12,30,22.5,122,825,681,3.8,,,,,,,,,,,,,,,,,,,,,,,,,,,,,,,,,,,,
24341,2019,9,11,12,45,22.6,120,827,676,3.8,,,,,,,,,,,,,,,,,,,,,,,,,,,,,,,,,,,,
24342,2019,9,11,13,0,22.8,119,821,665,3.8,,,,,,,,,,,,,,,,,,,,,,,,,,,,,,,,,,,,
24343,2019,9,11,13,15,22.8,118,817,654,3.8,,,,,,,,,,,,,,,,,,,,,,,,,,,,,,,,,,,,
24344,2019,9,11,13,30,22.8,117,811,639,3.9,,,,,,,,,,,,,,,,,,,,,,,,,,,,,,,,,,,,
24345,2019,9,11,13,45,22.8,116,806,621,3.9,,,,,,,,,,,,,,,,,,,,,,,,,,,,,,,,,,,,
24346,2019,9,11,14,0,22.8,114,798,601,3.9,,,,,,,,,,,,,,,,,,,,,,,,,,,,,,,,,,,,
24347,2019,9,11,14,15,22.6,112,788,578,3.8,,,,,,,,,,,,,,,,,,,,,,,,,,,,,,,,,,,,
24348,2019,9,11,14,30,22.4,188,488,466,3.8,,,,,,,,,,,,,,,,,,,,,,,,,,,,,,,,,,,,
24349,2019,9,11,14,45,22.200000000000003,193,431,428,3.7,,,,,,,,,,,,,,,,,,,,,,,,,,,,,,,,,,,,
24350,2019,9,11,15,0,22.1,218,241,343,3.7,,,,,,,,,,,,,,,,,,,,,,,,,,,,,,,,,,,,
24351,2019,9,11,15,15,21.8,207,204,307,3.5,,,,,,,,,,,,,,,,,,,,,,,,,,,,,,,,,,,,
24352,2019,9,11,15,30,21.5,182,280,310,3.3000000000000003,,,,,,,,,,,,,,,,,,,,,,,,,,,,,,,,,,,,
24353,2019,9,11,15,45,21.200000000000003,169,256,279,3.1,,,,,,,,,,,,,,,,,,,,,,,,,,,,,,,,,,,,
24354,2019,9,11,16,0,20.9,153,250,252,2.9000000000000004,,,,,,,,,,,,,,,,,,,,,,,,,,,,,,,,,,,,
24355,2019,9,11,16,15,20.5,132,285,235,2.6,,,,,,,,,,,,,,,,,,,,,,,,,,,,,,,,,,,,
24356,2019,9,11,16,30,20.0,107,353,222,2.3000000000000003,,,,,,,,,,,,,,,,,,,,,,,,,,,,,,,,,,,,
24357,2019,9,11,16,45,19.5,111,99,139,2.1,,,,,,,,,,,,,,,,,,,,,,,,,,,,,,,,,,,,
24358,2019,9,11,17,0,19.0,82,305,158,1.8,,,,,,,,,,,,,,,,,,,,,,,,,,,,,,,,,,,,
24359,2019,9,11,17,15,18.4,77,58,89,1.7000000000000002,,,,,,,,,,,,,,,,,,,,,,,,,,,,,,,,,,,,
24360,2019,9,11,17,30,17.900000000000002,60,36,66,1.7000000000000002,,,,,,,,,,,,,,,,,,,,,,,,,,,,,,,,,,,,
24361,2019,9,11,17,45,17.3,44,14,46,1.6,,,,,,,,,,,,,,,,,,,,,,,,,,,,,,,,,,,,
24362,2019,9,11,18,0,16.7,28,0,28,1.5,,,,,,,,,,,,,,,,,,,,,,,,,,,,,,,,,,,,
24363,2019,9,11,18,15,16.400000000000002,14,0,14,1.6,,,,,,,,,,,,,,,,,,,,,,,,,,,,,,,,,,,,
24364,2019,9,11,18,30,16.0,0,0,0,1.6,,,,,,,,,,,,,,,,,,,,,,,,,,,,,,,,,,,,
24365,2019,9,11,18,45,15.7,0,0,0,1.6,,,,,,,,,,,,,,,,,,,,,,,,,,,,,,,,,,,,
24366,2019,9,11,19,0,15.4,0,0,0,1.7000000000000002,,,,,,,,,,,,,,,,,,,,,,,,,,,,,,,,,,,,
24367,2019,9,11,19,15,15.1,0,0,0,1.7000000000000002,,,,,,,,,,,,,,,,,,,,,,,,,,,,,,,,,,,,
24368,2019,9,11,19,30,14.8,0,0,0,1.8,,,,,,,,,,,,,,,,,,,,,,,,,,,,,,,,,,,,
24369,2019,9,11,19,45,14.5,0,0,0,1.8,,,,,,,,,,,,,,,,,,,,,,,,,,,,,,,,,,,,
24370,2019,9,11,20,0,14.2,0,0,0,1.8,,,,,,,,,,,,,,,,,,,,,,,,,,,,,,,,,,,,
24371,2019,9,11,20,15,14.1,0,0,0,1.9,,,,,,,,,,,,,,,,,,,,,,,,,,,,,,,,,,,,
24372,2019,9,11,20,30,14.0,0,0,0,1.9,,,,,,,,,,,,,,,,,,,,,,,,,,,,,,,,,,,,
24373,2019,9,11,20,45,13.9,0,0,0,2.0,,,,,,,,,,,,,,,,,,,,,,,,,,,,,,,,,,,,
24374,2019,9,11,21,0,13.7,0,0,0,2.0,,,,,,,,,,,,,,,,,,,,,,,,,,,,,,,,,,,,
24375,2019,9,11,21,15,13.6,0,0,0,2.0,,,,,,,,,,,,,,,,,,,,,,,,,,,,,,,,,,,,
24376,2019,9,11,21,30,13.5,0,0,0,2.1,,,,,,,,,,,,,,,,,,,,,,,,,,,,,,,,,,,,
24377,2019,9,11,21,45,13.4,0,0,0,2.1,,,,,,,,,,,,,,,,,,,,,,,,,,,,,,,,,,,,
24378,2019,9,11,22,0,13.4,0,0,0,2.1,,,,,,,,,,,,,,,,,,,,,,,,,,,,,,,,,,,,
24379,2019,9,11,22,15,13.3,0,0,0,2.2,,,,,,,,,,,,,,,,,,,,,,,,,,,,,,,,,,,,
24380,2019,9,11,22,30,13.3,0,0,0,2.2,,,,,,,,,,,,,,,,,,,,,,,,,,,,,,,,,,,,
24381,2019,9,11,22,45,13.3,0,0,0,2.3000000000000003,,,,,,,,,,,,,,,,,,,,,,,,,,,,,,,,,,,,
24382,2019,9,11,23,0,13.3,0,0,0,2.3000000000000003,,,,,,,,,,,,,,,,,,,,,,,,,,,,,,,,,,,,
24383,2019,9,11,23,15,13.3,0,0,0,2.4000000000000004,,,,,,,,,,,,,,,,,,,,,,,,,,,,,,,,,,,,
24384,2019,9,11,23,30,13.4,0,0,0,2.6,,,,,,,,,,,,,,,,,,,,,,,,,,,,,,,,,,,,
24385,2019,9,11,23,45,13.4,0,0,0,2.7,,,,,,,,,,,,,,,,,,,,,,,,,,,,,,,,,,,,
24386,2019,9,12,0,0,13.4,0,0,0,2.8000000000000003,,,,,,,,,,,,,,,,,,,,,,,,,,,,,,,,,,,,
24387,2019,9,12,0,15,13.4,0,0,0,2.8000000000000003,,,,,,,,,,,,,,,,,,,,,,,,,,,,,,,,,,,,
24388,2019,9,12,0,30,13.4,0,0,0,2.8000000000000003,,,,,,,,,,,,,,,,,,,,,,,,,,,,,,,,,,,,
24389,2019,9,12,0,45,13.4,0,0,0,2.8000000000000003,,,,,,,,,,,,,,,,,,,,,,,,,,,,,,,,,,,,
24390,2019,9,12,1,0,13.4,0,0,0,3.1,,,,,,,,,,,,,,,,,,,,,,,,,,,,,,,,,,,,
24391,2019,9,12,1,15,13.4,0,0,0,3.1,,,,,,,,,,,,,,,,,,,,,,,,,,,,,,,,,,,,
24392,2019,9,12,1,30,13.4,0,0,0,3.1,,,,,,,,,,,,,,,,,,,,,,,,,,,,,,,,,,,,
24393,2019,9,12,1,45,13.4,0,0,0,3.1,,,,,,,,,,,,,,,,,,,,,,,,,,,,,,,,,,,,
24394,2019,9,12,2,0,13.4,0,0,0,3.2,,,,,,,,,,,,,,,,,,,,,,,,,,,,,,,,,,,,
24395,2019,9,12,2,15,13.4,0,0,0,3.1,,,,,,,,,,,,,,,,,,,,,,,,,,,,,,,,,,,,
24396,2019,9,12,2,30,13.3,0,0,0,3.0,,,,,,,,,,,,,,,,,,,,,,,,,,,,,,,,,,,,
24397,2019,9,12,2,45,13.3,0,0,0,3.0,,,,,,,,,,,,,,,,,,,,,,,,,,,,,,,,,,,,
24398,2019,9,12,3,0,13.3,0,0,0,2.9000000000000004,,,,,,,,,,,,,,,,,,,,,,,,,,,,,,,,,,,,
24399,2019,9,12,3,15,13.3,0,0,0,2.8000000000000003,,,,,,,,,,,,,,,,,,,,,,,,,,,,,,,,,,,,
24400,2019,9,12,3,30,13.3,0,0,0,2.8000000000000003,,,,,,,,,,,,,,,,,,,,,,,,,,,,,,,,,,,,
24401,2019,9,12,3,45,13.2,0,0,0,2.7,,,,,,,,,,,,,,,,,,,,,,,,,,,,,,,,,,,,
24402,2019,9,12,4,0,13.2,0,0,0,2.6,,,,,,,,,,,,,,,,,,,,,,,,,,,,,,,,,,,,
24403,2019,9,12,4,15,13.2,0,0,0,2.6,,,,,,,,,,,,,,,,,,,,,,,,,,,,,,,,,,,,
24404,2019,9,12,4,30,13.1,0,0,0,2.5,,,,,,,,,,,,,,,,,,,,,,,,,,,,,,,,,,,,
24405,2019,9,12,4,45,13.1,0,0,0,2.5,,,,,,,,,,,,,,,,,,,,,,,,,,,,,,,,,,,,
24406,2019,9,12,5,0,13.0,0,0,0,2.4000000000000004,,,,,,,,,,,,,,,,,,,,,,,,,,,,,,,,,,,,
24407,2019,9,12,5,15,13.1,0,0,0,2.5,,,,,,,,,,,,,,,,,,,,,,,,,,,,,,,,,,,,
24408,2019,9,12,5,30,13.2,0,0,0,2.6,,,,,,,,,,,,,,,,,,,,,,,,,,,,,,,,,,,,
24409,2019,9,12,5,45,13.3,0,0,0,2.7,,,,,,,,,,,,,,,,,,,,,,,,,,,,,,,,,,,,
24410,2019,9,12,6,0,13.5,2,0,2,2.7,,,,,,,,,,,,,,,,,,,,,,,,,,,,,,,,,,,,
24411,2019,9,12,6,15,13.7,4,0,4,2.9000000000000004,,,,,,,,,,,,,,,,,,,,,,,,,,,,,,,,,,,,
24412,2019,9,12,6,30,14.0,5,0,5,3.0,,,,,,,,,,,,,,,,,,,,,,,,,,,,,,,,,,,,
24413,2019,9,12,6,45,14.3,48,362,103,3.1,,,,,,,,,,,,,,,,,,,,,,,,,,,,,,,,,,,,
24414,2019,9,12,7,0,14.6,10,0,10,3.2,,,,,,,,,,,,,,,,,,,,,,,,,,,,,,,,,,,,
24415,2019,9,12,7,15,15.0,12,0,12,3.2,,,,,,,,,,,,,,,,,,,,,,,,,,,,,,,,,,,,
24416,2019,9,12,7,30,15.5,15,0,15,3.3000000000000003,,,,,,,,,,,,,,,,,,,,,,,,,,,,,,,,,,,,
24417,2019,9,12,7,45,15.9,48,0,48,3.3000000000000003,,,,,,,,,,,,,,,,,,,,,,,,,,,,,,,,,,,,
24418,2019,9,12,8,0,16.3,133,197,200,3.3000000000000003,,,,,,,,,,,,,,,,,,,,,,,,,,,,,,,,,,,,
24419,2019,9,12,8,15,16.8,148,215,230,3.4000000000000004,,,,,,,,,,,,,,,,,,,,,,,,,,,,,,,,,,,,
24420,2019,9,12,8,30,17.3,163,235,260,3.5,,,,,,,,,,,,,,,,,,,,,,,,,,,,,,,,,,,,
24421,2019,9,12,8,45,17.8,86,0,86,3.5,,,,,,,,,,,,,,,,,,,,,,,,,,,,,,,,,,,,
24422,2019,9,12,9,0,18.3,96,0,96,3.6,,,,,,,,,,,,,,,,,,,,,,,,,,,,,,,,,,,,
24423,2019,9,12,9,15,18.8,105,0,105,3.6,,,,,,,,,,,,,,,,,,,,,,,,,,,,,,,,,,,,
24424,2019,9,12,9,30,19.3,163,3,164,3.7,,,,,,,,,,,,,,,,,,,,,,,,,,,,,,,,,,,,
24425,2019,9,12,9,45,19.700000000000003,166,2,167,3.7,,,,,,,,,,,,,,,,,,,,,,,,,,,,,,,,,,,,
24426,2019,9,12,10,0,20.200000000000003,175,4,178,3.8,,,,,,,,,,,,,,,,,,,,,,,,,,,,,,,,,,,,
24427,2019,9,12,10,15,20.6,92,0,92,3.8,,,,,,,,,,,,,,,,,,,,,,,,,,,,,,,,,,,,
24428,2019,9,12,10,30,20.9,97,0,97,3.9,,,,,,,,,,,,,,,,,,,,,,,,,,,,,,,,,,,,
24429,2019,9,12,10,45,21.3,188,6,192,3.9,,,,,,,,,,,,,,,,,,,,,,,,,,,,,,,,,,,,
24430,2019,9,12,11,0,21.700000000000003,194,7,198,4.0,,,,,,,,,,,,,,,,,,,,,,,,,,,,,,,,,,,,
24431,2019,9,12,11,15,21.9,290,75,339,4.0,,,,,,,,,,,,,,,,,,,,,,,,,,,,,,,,,,,,
24432,2019,9,12,11,30,22.200000000000003,294,76,345,4.0,,,,,,,,,,,,,,,,,,,,,,,,,,,,,,,,,,,,
24433,2019,9,12,11,45,22.4,240,19,252,4.1000000000000005,,,,,,,,,,,,,,,,,,,,,,,,,,,,,,,,,,,,
24434,2019,9,12,12,0,22.700000000000003,241,19,254,4.1000000000000005,,,,,,,,,,,,,,,,,,,,,,,,,,,,,,,,,,,,
24435,2019,9,12,12,15,22.8,241,19,254,4.1000000000000005,,,,,,,,,,,,,,,,,,,,,,,,,,,,,,,,,,,,
24436,2019,9,12,12,30,23.0,278,45,308,4.1000000000000005,,,,,,,,,,,,,,,,,,,,,,,,,,,,,,,,,,,,
24437,2019,9,12,12,45,23.200000000000003,228,15,237,4.1000000000000005,,,,,,,,,,,,,,,,,,,,,,,,,,,,,,,,,,,,
24438,2019,9,12,13,0,23.3,124,0,124,4.2,,,,,,,,,,,,,,,,,,,,,,,,,,,,,,,,,,,,
24439,2019,9,12,13,15,23.5,178,3,180,4.2,,,,,,,,,,,,,,,,,,,,,,,,,,,,,,,,,,,,
24440,2019,9,12,13,30,23.6,292,155,391,4.1000000000000005,,,,,,,,,,,,,,,,,,,,,,,,,,,,,,,,,,,,
24441,2019,9,12,13,45,23.700000000000003,283,151,377,4.1000000000000005,,,,,,,,,,,,,,,,,,,,,,,,,,,,,,,,,,,,
24442,2019,9,12,14,0,23.8,267,93,323,4.1000000000000005,,,,,,,,,,,,,,,,,,,,,,,,,,,,,,,,,,,,
24443,2019,9,12,14,15,23.8,256,89,308,4.1000000000000005,,,,,,,,,,,,,,,,,,,,,,,,,,,,,,,,,,,,
24444,2019,9,12,14,30,23.8,220,34,239,4.1000000000000005,,,,,,,,,,,,,,,,,,,,,,,,,,,,,,,,,,,,
24445,2019,9,12,14,45,23.8,206,366,403,4.0,,,,,,,,,,,,,,,,,,,,,,,,,,,,,,,,,,,,
24446,2019,9,12,15,0,23.8,221,113,279,4.0,,,,,,,,,,,,,,,,,,,,,,,,,,,,,,,,,,,,
24447,2019,9,12,15,15,23.700000000000003,177,373,358,3.9,,,,,,,,,,,,,,,,,,,,,,,,,,,,,,,,,,,,
24448,2019,9,12,15,30,23.5,178,281,306,3.8,,,,,,,,,,,,,,,,,,,,,,,,,,,,,,,,,,,,
24449,2019,9,12,15,45,23.4,132,0,132,3.7,,,,,,,,,,,,,,,,,,,,,,,,,,,,,,,,,,,,
24450,2019,9,12,16,0,23.3,71,0,71,3.6,,,,,,,,,,,,,,,,,,,,,,,,,,,,,,,,,,,,
24451,2019,9,12,16,15,22.9,100,0,100,3.2,,,,,,,,,,,,,,,,,,,,,,,,,,,,,,,,,,,,
24452,2019,9,12,16,30,22.5,86,0,86,2.7,,,,,,,,,,,,,,,,,,,,,,,,,,,,,,,,,,,,
24453,2019,9,12,16,45,22.1,77,517,222,2.3000000000000003,,,,,,,,,,,,,,,,,,,,,,,,,,,,,,,,,,,,
24454,2019,9,12,17,0,21.700000000000003,70,471,185,1.9,,,,,,,,,,,,,,,,,,,,,,,,,,,,,,,,,,,,
24455,2019,9,12,17,15,21.0,62,418,148,1.7000000000000002,,,,,,,,,,,,,,,,,,,,,,,,,,,,,,,,,,,,
24456,2019,9,12,17,30,20.3,53,355,112,1.5,,,,,,,,,,,,,,,,,,,,,,,,,,,,,,,,,,,,
24457,2019,9,12,17,45,19.6,43,283,78,1.4,,,,,,,,,,,,,,,,,,,,,,,,,,,,,,,,,,,,
24458,2019,9,12,18,0,18.9,31,200,48,1.2000000000000002,,,,,,,,,,,,,,,,,,,,,,,,,,,,,,,,,,,,
24459,2019,9,12,18,15,18.6,18,109,24,1.2000000000000002,,,,,,,,,,,,,,,,,,,,,,,,,,,,,,,,,,,,
24460,2019,9,12,18,30,18.3,0,0,0,1.2000000000000002,,,,,,,,,,,,,,,,,,,,,,,,,,,,,,,,,,,,
24461,2019,9,12,18,45,18.0,0,0,0,1.2000000000000002,,,,,,,,,,,,,,,,,,,,,,,,,,,,,,,,,,,,
24462,2019,9,12,19,0,17.6,0,0,0,1.3,,,,,,,,,,,,,,,,,,,,,,,,,,,,,,,,,,,,
24463,2019,9,12,19,15,17.400000000000002,0,0,0,1.3,,,,,,,,,,,,,,,,,,,,,,,,,,,,,,,,,,,,
24464,2019,9,12,19,30,17.2,0,0,0,1.3,,,,,,,,,,,,,,,,,,,,,,,,,,,,,,,,,,,,
24465,2019,9,12,19,45,17.0,0,0,0,1.4,,,,,,,,,,,,,,,,,,,,,,,,,,,,,,,,,,,,
24466,2019,9,12,20,0,16.8,0,0,0,1.4,,,,,,,,,,,,,,,,,,,,,,,,,,,,,,,,,,,,
24467,2019,9,12,20,15,16.6,0,0,0,1.4,,,,,,,,,,,,,,,,,,,,,,,,,,,,,,,,,,,,
24468,2019,9,12,20,30,16.400000000000002,0,0,0,1.5,,,,,,,,,,,,,,,,,,,,,,,,,,,,,,,,,,,,
24469,2019,9,12,20,45,16.2,0,0,0,1.5,,,,,,,,,,,,,,,,,,,,,,,,,,,,,,,,,,,,
24470,2019,9,12,21,0,16.0,0,0,0,1.5,,,,,,,,,,,,,,,,,,,,,,,,,,,,,,,,,,,,
24471,2019,9,12,21,15,15.8,0,0,0,1.6,,,,,,,,,,,,,,,,,,,,,,,,,,,,,,,,,,,,
24472,2019,9,12,21,30,15.7,0,0,0,1.6,,,,,,,,,,,,,,,,,,,,,,,,,,,,,,,,,,,,
24473,2019,9,12,21,45,15.5,0,0,0,1.6,,,,,,,,,,,,,,,,,,,,,,,,,,,,,,,,,,,,
24474,2019,9,12,22,0,15.3,0,0,0,1.7000000000000002,,,,,,,,,,,,,,,,,,,,,,,,,,,,,,,,,,,,
24475,2019,9,12,22,15,15.2,0,0,0,1.7000000000000002,,,,,,,,,,,,,,,,,,,,,,,,,,,,,,,,,,,,
24476,2019,9,12,22,30,15.0,0,0,0,1.7000000000000002,,,,,,,,,,,,,,,,,,,,,,,,,,,,,,,,,,,,
24477,2019,9,12,22,45,14.9,0,0,0,1.7000000000000002,,,,,,,,,,,,,,,,,,,,,,,,,,,,,,,,,,,,
24478,2019,9,12,23,0,14.7,0,0,0,1.7000000000000002,,,,,,,,,,,,,,,,,,,,,,,,,,,,,,,,,,,,
24479,2019,9,12,23,15,14.6,0,0,0,1.8,,,,,,,,,,,,,,,,,,,,,,,,,,,,,,,,,,,,
24480,2019,9,12,23,30,14.5,0,0,0,1.8,,,,,,,,,,,,,,,,,,,,,,,,,,,,,,,,,,,,
24481,2019,9,12,23,45,14.3,0,0,0,1.8,,,,,,,,,,,,,,,,,,,,,,,,,,,,,,,,,,,,
24482,2019,9,13,0,0,14.2,0,0,0,1.8,,,,,,,,,,,,,,,,,,,,,,,,,,,,,,,,,,,,
24483,2019,9,13,0,15,14.2,0,0,0,1.8,,,,,,,,,,,,,,,,,,,,,,,,,,,,,,,,,,,,
24484,2019,9,13,0,30,14.2,0,0,0,1.8,,,,,,,,,,,,,,,,,,,,,,,,,,,,,,,,,,,,
24485,2019,9,13,0,45,14.2,0,0,0,1.8,,,,,,,,,,,,,,,,,,,,,,,,,,,,,,,,,,,,
24486,2019,9,13,1,0,13.8,0,0,0,2.0,,,,,,,,,,,,,,,,,,,,,,,,,,,,,,,,,,,,
24487,2019,9,13,1,15,13.7,0,0,0,2.0,,,,,,,,,,,,,,,,,,,,,,,,,,,,,,,,,,,,
24488,2019,9,13,1,30,13.6,0,0,0,2.0,,,,,,,,,,,,,,,,,,,,,,,,,,,,,,,,,,,,
24489,2019,9,13,1,45,13.5,0,0,0,2.1,,,,,,,,,,,,,,,,,,,,,,,,,,,,,,,,,,,,
24490,2019,9,13,2,0,13.4,0,0,0,2.1,,,,,,,,,,,,,,,,,,,,,,,,,,,,,,,,,,,,
24491,2019,9,13,2,15,13.4,0,0,0,2.1,,,,,,,,,,,,,,,,,,,,,,,,,,,,,,,,,,,,
24492,2019,9,13,2,30,13.3,0,0,0,2.2,,,,,,,,,,,,,,,,,,,,,,,,,,,,,,,,,,,,
24493,2019,9,13,2,45,13.3,0,0,0,2.2,,,,,,,,,,,,,,,,,,,,,,,,,,,,,,,,,,,,
24494,2019,9,13,3,0,13.2,0,0,0,2.2,,,,,,,,,,,,,,,,,,,,,,,,,,,,,,,,,,,,
24495,2019,9,13,3,15,13.2,0,0,0,2.3000000000000003,,,,,,,,,,,,,,,,,,,,,,,,,,,,,,,,,,,,
24496,2019,9,13,3,30,13.2,0,0,0,2.3000000000000003,,,,,,,,,,,,,,,,,,,,,,,,,,,,,,,,,,,,
24497,2019,9,13,3,45,13.2,0,0,0,2.3000000000000003,,,,,,,,,,,,,,,,,,,,,,,,,,,,,,,,,,,,
24498,2019,9,13,4,0,13.2,0,0,0,2.4000000000000004,,,,,,,,,,,,,,,,,,,,,,,,,,,,,,,,,,,,
24499,2019,9,13,4,15,13.2,0,0,0,2.4000000000000004,,,,,,,,,,,,,,,,,,,,,,,,,,,,,,,,,,,,
24500,2019,9,13,4,30,13.3,0,0,0,2.5,,,,,,,,,,,,,,,,,,,,,,,,,,,,,,,,,,,,
24501,2019,9,13,4,45,13.3,0,0,0,2.6,,,,,,,,,,,,,,,,,,,,,,,,,,,,,,,,,,,,
24502,2019,9,13,5,0,13.3,0,0,0,2.6,,,,,,,,,,,,,,,,,,,,,,,,,,,,,,,,,,,,
24503,2019,9,13,5,15,13.6,0,0,0,2.8000000000000003,,,,,,,,,,,,,,,,,,,,,,,,,,,,,,,,,,,,
24504,2019,9,13,5,30,13.9,0,0,0,3.0,,,,,,,,,,,,,,,,,,,,,,,,,,,,,,,,,,,,
24505,2019,9,13,5,45,14.1,0,0,0,3.2,,,,,,,,,,,,,,,,,,,,,,,,,,,,,,,,,,,,
24506,2019,9,13,6,0,14.4,14,77,16,3.4000000000000004,,,,,,,,,,,,,,,,,,,,,,,,,,,,,,,,,,,,
24507,2019,9,13,6,15,14.9,26,176,38,3.5,,,,,,,,,,,,,,,,,,,,,,,,,,,,,,,,,,,,
24508,2019,9,13,6,30,15.3,37,269,66,3.7,,,,,,,,,,,,,,,,,,,,,,,,,,,,,,,,,,,,
24509,2019,9,13,6,45,15.8,47,346,98,3.8,,,,,,,,,,,,,,,,,,,,,,,,,,,,,,,,,,,,
24510,2019,9,13,7,0,16.3,55,415,133,4.0,,,,,,,,,,,,,,,,,,,,,,,,,,,,,,,,,,,,
24511,2019,9,13,7,15,16.900000000000002,12,0,12,4.2,,,,,,,,,,,,,,,,,,,,,,,,,,,,,,,,,,,,
24512,2019,9,13,7,30,17.5,15,0,15,4.4,,,,,,,,,,,,,,,,,,,,,,,,,,,,,,,,,,,,
24513,2019,9,13,7,45,18.1,18,0,18,4.6000000000000005,,,,,,,,,,,,,,,,,,,,,,,,,,,,,,,,,,,,
24514,2019,9,13,8,0,18.7,21,0,21,4.800000000000001,,,,,,,,,,,,,,,,,,,,,,,,,,,,,,,,,,,,
24515,2019,9,13,8,15,19.1,24,0,24,4.9,,,,,,,,,,,,,,,,,,,,,,,,,,,,,,,,,,,,
24516,2019,9,13,8,30,19.5,28,0,28,5.0,,,,,,,,,,,,,,,,,,,,,,,,,,,,,,,,,,,,
24517,2019,9,13,8,45,19.9,31,0,31,5.0,,,,,,,,,,,,,,,,,,,,,,,,,,,,,,,,,,,,
24518,2019,9,13,9,0,20.3,34,0,34,5.1000000000000005,,,,,,,,,,,,,,,,,,,,,,,,,,,,,,,,,,,,
24519,2019,9,13,9,15,20.5,37,0,37,5.1000000000000005,,,,,,,,,,,,,,,,,,,,,,,,,,,,,,,,,,,,
24520,2019,9,13,9,30,20.8,40,0,40,5.1000000000000005,,,,,,,,,,,,,,,,,,,,,,,,,,,,,,,,,,,,
24521,2019,9,13,9,45,21.0,43,0,43,5.1000000000000005,,,,,,,,,,,,,,,,,,,,,,,,,,,,,,,,,,,,
24522,2019,9,13,10,0,21.3,46,0,46,5.1000000000000005,,,,,,,,,,,,,,,,,,,,,,,,,,,,,,,,,,,,
24523,2019,9,13,10,15,21.4,179,4,181,5.1000000000000005,,,,,,,,,,,,,,,,,,,,,,,,,,,,,,,,,,,,
24524,2019,9,13,10,30,21.6,186,6,190,5.1000000000000005,,,,,,,,,,,,,,,,,,,,,,,,,,,,,,,,,,,,
24525,2019,9,13,10,45,21.700000000000003,194,7,198,5.2,,,,,,,,,,,,,,,,,,,,,,,,,,,,,,,,,,,,
24526,2019,9,13,11,0,21.9,199,8,205,5.2,,,,,,,,,,,,,,,,,,,,,,,,,,,,,,,,,,,,
24527,2019,9,13,11,15,21.9,204,9,210,5.2,,,,,,,,,,,,,,,,,,,,,,,,,,,,,,,,,,,,
24528,2019,9,13,11,30,22.0,139,752,636,5.1000000000000005,,,,,,,,,,,,,,,,,,,,,,,,,,,,,,,,,,,,
24529,2019,9,13,11,45,22.0,124,0,124,5.1000000000000005,,,,,,,,,,,,,,,,,,,,,,,,,,,,,,,,,,,,
24530,2019,9,13,12,0,22.1,254,26,272,5.1000000000000005,,,,,,,,,,,,,,,,,,,,,,,,,,,,,,,,,,,,
24531,2019,9,13,12,15,22.0,254,26,272,5.1000000000000005,,,,,,,,,,,,,,,,,,,,,,,,,,,,,,,,,,,,
24532,2019,9,13,12,30,21.9,86,0,86,5.1000000000000005,,,,,,,,,,,,,,,,,,,,,,,,,,,,,,,,,,,,
24533,2019,9,13,12,45,21.8,86,0,86,5.1000000000000005,,,,,,,,,,,,,,,,,,,,,,,,,,,,,,,,,,,,
24534,2019,9,13,13,0,21.700000000000003,300,121,379,5.1000000000000005,,,,,,,,,,,,,,,,,,,,,,,,,,,,,,,,,,,,
24535,2019,9,13,13,15,21.5,138,0,138,5.0,,,,,,,,,,,,,,,,,,,,,,,,,,,,,,,,,,,,
24536,2019,9,13,13,30,21.3,132,0,132,4.9,,,,,,,,,,,,,,,,,,,,,,,,,,,,,,,,,,,,
24537,2019,9,13,13,45,21.1,55,0,55,4.9,,,,,,,,,,,,,,,,,,,,,,,,,,,,,,,,,,,,
24538,2019,9,13,14,0,21.0,179,4,181,4.800000000000001,,,,,,,,,,,,,,,,,,,,,,,,,,,,,,,,,,,,
24539,2019,9,13,14,15,20.8,129,0,129,4.7,,,,,,,,,,,,,,,,,,,,,,,,,,,,,,,,,,,,
24540,2019,9,13,14,30,20.6,240,85,288,4.6000000000000005,,,,,,,,,,,,,,,,,,,,,,,,,,,,,,,,,,,,
24541,2019,9,13,14,45,20.4,69,0,69,4.5,,,,,,,,,,,,,,,,,,,,,,,,,,,,,,,,,,,,
24542,2019,9,13,15,0,20.1,198,38,218,4.4,,,,,,,,,,,,,,,,,,,,,,,,,,,,,,,,,,,,
24543,2019,9,13,15,15,20.0,170,393,358,4.3,,,,,,,,,,,,,,,,,,,,,,,,,,,,,,,,,,,,
24544,2019,9,13,15,30,19.8,188,129,246,4.2,,,,,,,,,,,,,,,,,,,,,,,,,,,,,,,,,,,,
24545,2019,9,13,15,45,19.700000000000003,172,104,215,4.1000000000000005,,,,,,,,,,,,,,,,,,,,,,,,,,,,,,,,,,,,
24546,2019,9,13,16,0,19.6,156,116,200,4.0,,,,,,,,,,,,,,,,,,,,,,,,,,,,,,,,,,,,
24547,2019,9,13,16,15,19.3,139,117,180,3.7,,,,,,,,,,,,,,,,,,,,,,,,,,,,,,,,,,,,
24548,2019,9,13,16,30,19.1,95,409,223,3.5,,,,,,,,,,,,,,,,,,,,,,,,,,,,,,,,,,,,
24549,2019,9,13,16,45,18.8,105,134,142,3.3000000000000003,,,,,,,,,,,,,,,,,,,,,,,,,,,,,,,,,,,,
24550,2019,9,13,17,0,18.6,89,114,116,3.0,,,,,,,,,,,,,,,,,,,,,,,,,,,,,,,,,,,,
24551,2019,9,13,17,15,18.0,72,95,91,2.7,,,,,,,,,,,,,,,,,,,,,,,,,,,,,,,,,,,,
24552,2019,9,13,17,30,17.5,56,76,68,2.4000000000000004,,,,,,,,,,,,,,,,,,,,,,,,,,,,,,,,,,,,
24553,2019,9,13,17,45,16.900000000000002,39,3,39,2.1,,,,,,,,,,,,,,,,,,,,,,,,,,,,,,,,,,,,
24554,2019,9,13,18,0,16.400000000000002,23,0,23,1.8,,,,,,,,,,,,,,,,,,,,,,,,,,,,,,,,,,,,
24555,2019,9,13,18,15,16.1,14,0,14,1.9,,,,,,,,,,,,,,,,,,,,,,,,,,,,,,,,,,,,
24556,2019,9,13,18,30,15.9,0,0,0,1.9,,,,,,,,,,,,,,,,,,,,,,,,,,,,,,,,,,,,
24557,2019,9,13,18,45,15.7,0,0,0,1.9,,,,,,,,,,,,,,,,,,,,,,,,,,,,,,,,,,,,
24558,2019,9,13,19,0,15.4,0,0,0,2.0,,,,,,,,,,,,,,,,,,,,,,,,,,,,,,,,,,,,
24559,2019,9,13,19,15,15.2,0,0,0,2.0,,,,,,,,,,,,,,,,,,,,,,,,,,,,,,,,,,,,
24560,2019,9,13,19,30,14.9,0,0,0,2.0,,,,,,,,,,,,,,,,,,,,,,,,,,,,,,,,,,,,
24561,2019,9,13,19,45,14.7,0,0,0,1.9,,,,,,,,,,,,,,,,,,,,,,,,,,,,,,,,,,,,
24562,2019,9,13,20,0,14.4,0,0,0,1.9,,,,,,,,,,,,,,,,,,,,,,,,,,,,,,,,,,,,
24563,2019,9,13,20,15,14.1,0,0,0,1.9,,,,,,,,,,,,,,,,,,,,,,,,,,,,,,,,,,,,
24564,2019,9,13,20,30,13.7,0,0,0,1.8,,,,,,,,,,,,,,,,,,,,,,,,,,,,,,,,,,,,
24565,2019,9,13,20,45,13.4,0,0,0,1.8,,,,,,,,,,,,,,,,,,,,,,,,,,,,,,,,,,,,
24566,2019,9,13,21,0,13.1,0,0,0,1.7000000000000002,,,,,,,,,,,,,,,,,,,,,,,,,,,,,,,,,,,,
24567,2019,9,13,21,15,12.9,0,0,0,1.7000000000000002,,,,,,,,,,,,,,,,,,,,,,,,,,,,,,,,,,,,
24568,2019,9,13,21,30,12.7,0,0,0,1.7000000000000002,,,,,,,,,,,,,,,,,,,,,,,,,,,,,,,,,,,,
24569,2019,9,13,21,45,12.5,0,0,0,1.7000000000000002,,,,,,,,,,,,,,,,,,,,,,,,,,,,,,,,,,,,
24570,2019,9,13,22,0,12.3,0,0,0,1.7000000000000002,,,,,,,,,,,,,,,,,,,,,,,,,,,,,,,,,,,,
24571,2019,9,13,22,15,12.0,0,0,0,1.7000000000000002,,,,,,,,,,,,,,,,,,,,,,,,,,,,,,,,,,,,
24572,2019,9,13,22,30,11.8,0,0,0,1.6,,,,,,,,,,,,,,,,,,,,,,,,,,,,,,,,,,,,
24573,2019,9,13,22,45,11.5,0,0,0,1.5,,,,,,,,,,,,,,,,,,,,,,,,,,,,,,,,,,,,
24574,2019,9,13,23,0,11.3,0,0,0,1.5,,,,,,,,,,,,,,,,,,,,,,,,,,,,,,,,,,,,
24575,2019,9,13,23,15,11.0,0,0,0,1.4,,,,,,,,,,,,,,,,,,,,,,,,,,,,,,,,,,,,
24576,2019,9,13,23,30,10.8,0,0,0,1.4,,,,,,,,,,,,,,,,,,,,,,,,,,,,,,,,,,,,
24577,2019,9,13,23,45,10.6,0,0,0,1.3,,,,,,,,,,,,,,,,,,,,,,,,,,,,,,,,,,,,
24578,2019,9,14,0,0,10.3,0,0,0,1.3,,,,,,,,,,,,,,,,,,,,,,,,,,,,,,,,,,,,
24579,2019,9,14,0,15,10.3,0,0,0,1.3,,,,,,,,,,,,,,,,,,,,,,,,,,,,,,,,,,,,
24580,2019,9,14,0,30,10.3,0,0,0,1.3,,,,,,,,,,,,,,,,,,,,,,,,,,,,,,,,,,,,
24581,2019,9,14,0,45,10.3,0,0,0,1.3,,,,,,,,,,,,,,,,,,,,,,,,,,,,,,,,,,,,
24582,2019,9,14,1,0,9.7,0,0,0,1.2000000000000002,,,,,,,,,,,,,,,,,,,,,,,,,,,,,,,,,,,,
24583,2019,9,14,1,15,9.5,0,0,0,1.1,,,,,,,,,,,,,,,,,,,,,,,,,,,,,,,,,,,,
24584,2019,9,14,1,30,9.4,0,0,0,1.1,,,,,,,,,,,,,,,,,,,,,,,,,,,,,,,,,,,,
24585,2019,9,14,1,45,9.2,0,0,0,1.1,,,,,,,,,,,,,,,,,,,,,,,,,,,,,,,,,,,,
24586,2019,9,14,2,0,9.0,0,0,0,1.1,,,,,,,,,,,,,,,,,,,,,,,,,,,,,,,,,,,,
24587,2019,9,14,2,15,8.8,0,0,0,1.0,,,,,,,,,,,,,,,,,,,,,,,,,,,,,,,,,,,,
24588,2019,9,14,2,30,8.6,0,0,0,1.0,,,,,,,,,,,,,,,,,,,,,,,,,,,,,,,,,,,,
24589,2019,9,14,2,45,8.3,0,0,0,1.0,,,,,,,,,,,,,,,,,,,,,,,,,,,,,,,,,,,,
24590,2019,9,14,3,0,8.1,0,0,0,1.0,,,,,,,,,,,,,,,,,,,,,,,,,,,,,,,,,,,,
24591,2019,9,14,3,15,8.0,0,0,0,1.0,,,,,,,,,,,,,,,,,,,,,,,,,,,,,,,,,,,,
24592,2019,9,14,3,30,7.800000000000001,0,0,0,0.9,,,,,,,,,,,,,,,,,,,,,,,,,,,,,,,,,,,,
24593,2019,9,14,3,45,7.7,0,0,0,0.9,,,,,,,,,,,,,,,,,,,,,,,,,,,,,,,,,,,,
24594,2019,9,14,4,0,7.5,0,0,0,0.9,,,,,,,,,,,,,,,,,,,,,,,,,,,,,,,,,,,,
24595,2019,9,14,4,15,7.4,0,0,0,0.9,,,,,,,,,,,,,,,,,,,,,,,,,,,,,,,,,,,,
24596,2019,9,14,4,30,7.300000000000001,0,0,0,0.9,,,,,,,,,,,,,,,,,,,,,,,,,,,,,,,,,,,,
24597,2019,9,14,4,45,7.2,0,0,0,0.9,,,,,,,,,,,,,,,,,,,,,,,,,,,,,,,,,,,,
24598,2019,9,14,5,0,7.1000000000000005,0,0,0,0.8,,,,,,,,,,,,,,,,,,,,,,,,,,,,,,,,,,,,
24599,2019,9,14,5,15,7.4,0,0,0,0.9,,,,,,,,,,,,,,,,,,,,,,,,,,,,,,,,,,,,
24600,2019,9,14,5,30,7.7,0,0,0,0.9,,,,,,,,,,,,,,,,,,,,,,,,,,,,,,,,,,,,
24601,2019,9,14,5,45,8.0,0,0,0,0.9,,,,,,,,,,,,,,,,,,,,,,,,,,,,,,,,,,,,
24602,2019,9,14,6,0,8.3,13,82,16,1.0,,,,,,,,,,,,,,,,,,,,,,,,,,,,,,,,,,,,
24603,2019,9,14,6,15,8.8,25,200,38,1.0,,,,,,,,,,,,,,,,,,,,,,,,,,,,,,,,,,,,
24604,2019,9,14,6,30,9.3,36,307,68,1.1,,,,,,,,,,,,,,,,,,,,,,,,,,,,,,,,,,,,
24605,2019,9,14,6,45,9.8,45,401,103,1.1,,,,,,,,,,,,,,,,,,,,,,,,,,,,,,,,,,,,
24606,2019,9,14,7,0,10.3,53,475,140,1.1,,,,,,,,,,,,,,,,,,,,,,,,,,,,,,,,,,,,
24607,2019,9,14,7,15,11.1,59,535,179,1.2000000000000002,,,,,,,,,,,,,,,,,,,,,,,,,,,,,,,,,,,,
24608,2019,9,14,7,30,11.9,65,586,218,1.2000000000000002,,,,,,,,,,,,,,,,,,,,,,,,,,,,,,,,,,,,
24609,2019,9,14,7,45,12.7,69,635,259,1.2000000000000002,,,,,,,,,,,,,,,,,,,,,,,,,,,,,,,,,,,,
24610,2019,9,14,8,0,13.5,74,668,297,1.3,,,,,,,,,,,,,,,,,,,,,,,,,,,,,,,,,,,,
24611,2019,9,14,8,15,14.0,77,699,336,1.2000000000000002,,,,,,,,,,,,,,,,,,,,,,,,,,,,,,,,,,,,
24612,2019,9,14,8,30,14.6,165,155,227,1.2000000000000002,,,,,,,,,,,,,,,,,,,,,,,,,,,,,,,,,,,,
24613,2019,9,14,8,45,15.1,82,755,411,1.1,,,,,,,,,,,,,,,,,,,,,,,,,,,,,,,,,,,,
24614,2019,9,14,9,0,15.7,85,775,446,1.1,,,,,,,,,,,,,,,,,,,,,,,,,,,,,,,,,,,,
24615,2019,9,14,9,15,16.0,88,792,479,1.0,,,,,,,,,,,,,,,,,,,,,,,,,,,,,,,,,,,,
24616,2019,9,14,9,30,16.400000000000002,90,807,511,0.9,,,,,,,,,,,,,,,,,,,,,,,,,,,,,,,,,,,,
24617,2019,9,14,9,45,16.8,95,812,538,0.8,,,,,,,,,,,,,,,,,,,,,,,,,,,,,,,,,,,,
24618,2019,9,14,10,0,17.1,97,823,565,0.7000000000000001,,,,,,,,,,,,,,,,,,,,,,,,,,,,,,,,,,,,
24619,2019,9,14,10,15,17.400000000000002,258,231,394,0.7000000000000001,,,,,,,,,,,,,,,,,,,,,,,,,,,,,,,,,,,,
24620,2019,9,14,10,30,17.7,268,234,410,0.7000000000000001,,,,,,,,,,,,,,,,,,,,,,,,,,,,,,,,,,,,
24621,2019,9,14,10,45,18.0,100,848,628,0.8,,,,,,,,,,,,,,,,,,,,,,,,,,,,,,,,,,,,
24622,2019,9,14,11,0,18.3,101,853,644,0.8,,,,,,,,,,,,,,,,,,,,,,,,,,,,,,,,,,,,
24623,2019,9,14,11,15,18.5,215,507,543,0.8,,,,,,,,,,,,,,,,,,,,,,,,,,,,,,,,,,,,
24624,2019,9,14,11,30,18.8,244,444,535,0.9,,,,,,,,,,,,,,,,,,,,,,,,,,,,,,,,,,,,
24625,2019,9,14,11,45,19.0,245,447,541,0.9,,,,,,,,,,,,,,,,,,,,,,,,,,,,,,,,,,,,
24626,2019,9,14,12,0,19.200000000000003,246,449,544,1.0,,,,,,,,,,,,,,,,,,,,,,,,,,,,,,,,,,,,
24627,2019,9,14,12,15,19.3,246,449,544,0.9,,,,,,,,,,,,,,,,,,,,,,,,,,,,,,,,,,,,
24628,2019,9,14,12,30,19.5,245,448,542,0.9,,,,,,,,,,,,,,,,,,,,,,,,,,,,,,,,,,,,
24629,2019,9,14,12,45,19.6,244,445,537,0.8,,,,,,,,,,,,,,,,,,,,,,,,,,,,,,,,,,,,
24630,2019,9,14,13,0,19.700000000000003,243,440,529,0.8,,,,,,,,,,,,,,,,,,,,,,,,,,,,,,,,,,,,
24631,2019,9,14,13,15,19.8,241,433,518,0.7000000000000001,,,,,,,,,,,,,,,,,,,,,,,,,,,,,,,,,,,,
24632,2019,9,14,13,30,19.8,234,433,505,0.7000000000000001,,,,,,,,,,,,,,,,,,,,,,,,,,,,,,,,,,,,
24633,2019,9,14,13,45,19.9,227,428,489,0.7000000000000001,,,,,,,,,,,,,,,,,,,,,,,,,,,,,,,,,,,,
24634,2019,9,14,14,0,20.0,220,422,471,0.6000000000000001,,,,,,,,,,,,,,,,,,,,,,,,,,,,,,,,,,,,
24635,2019,9,14,14,15,19.9,213,410,449,0.6000000000000001,,,,,,,,,,,,,,,,,,,,,,,,,,,,,,,,,,,,
24636,2019,9,14,14,30,19.9,204,403,426,0.7000000000000001,,,,,,,,,,,,,,,,,,,,,,,,,,,,,,,,,,,,
24637,2019,9,14,14,45,19.9,194,394,402,0.7000000000000001,,,,,,,,,,,,,,,,,,,,,,,,,,,,,,,,,,,,
24638,2019,9,14,15,0,19.9,183,384,376,0.7000000000000001,,,,,,,,,,,,,,,,,,,,,,,,,,,,,,,,,,,,
24639,2019,9,14,15,15,19.700000000000003,172,373,348,0.7000000000000001,,,,,,,,,,,,,,,,,,,,,,,,,,,,,,,,,,,,
24640,2019,9,14,15,30,19.6,160,360,319,0.7000000000000001,,,,,,,,,,,,,,,,,,,,,,,,,,,,,,,,,,,,
24641,2019,9,14,15,45,19.5,147,345,289,0.7000000000000001,,,,,,,,,,,,,,,,,,,,,,,,,,,,,,,,,,,,
24642,2019,9,14,16,0,19.3,134,328,258,0.7000000000000001,,,,,,,,,,,,,,,,,,,,,,,,,,,,,,,,,,,,
24643,2019,9,14,16,15,19.0,121,309,227,0.6000000000000001,,,,,,,,,,,,,,,,,,,,,,,,,,,,,,,,,,,,
24644,2019,9,14,16,30,18.7,108,287,196,0.6000000000000001,,,,,,,,,,,,,,,,,,,,,,,,,,,,,,,,,,,,
24645,2019,9,14,16,45,18.4,94,260,164,0.5,,,,,,,,,,,,,,,,,,,,,,,,,,,,,,,,,,,,
24646,2019,9,14,17,0,18.1,81,232,134,0.5,,,,,,,,,,,,,,,,,,,,,,,,,,,,,,,,,,,,
24647,2019,9,14,17,15,17.5,66,202,105,0.5,,,,,,,,,,,,,,,,,,,,,,,,,,,,,,,,,,,,
24648,2019,9,14,17,30,16.900000000000002,52,170,79,0.6000000000000001,,,,,,,,,,,,,,,,,,,,,,,,,,,,,,,,,,,,
24649,2019,9,14,17,45,16.3,38,136,54,0.6000000000000001,,,,,,,,,,,,,,,,,,,,,,,,,,,,,,,,,,,,
24650,2019,9,14,18,0,15.7,26,89,32,0.7000000000000001,,,,,,,,,,,,,,,,,,,,,,,,,,,,,,,,,,,,
24651,2019,9,14,18,15,15.3,12,53,14,0.7000000000000001,,,,,,,,,,,,,,,,,,,,,,,,,,,,,,,,,,,,
24652,2019,9,14,18,30,14.9,0,0,0,0.8,,,,,,,,,,,,,,,,,,,,,,,,,,,,,,,,,,,,
24653,2019,9,14,18,45,14.6,0,0,0,0.8,,,,,,,,,,,,,,,,,,,,,,,,,,,,,,,,,,,,
24654,2019,9,14,19,0,14.2,0,0,0,0.9,,,,,,,,,,,,,,,,,,,,,,,,,,,,,,,,,,,,
24655,2019,9,14,19,15,13.9,0,0,0,0.9,,,,,,,,,,,,,,,,,,,,,,,,,,,,,,,,,,,,
24656,2019,9,14,19,30,13.7,0,0,0,0.9,,,,,,,,,,,,,,,,,,,,,,,,,,,,,,,,,,,,
24657,2019,9,14,19,45,13.4,0,0,0,0.9,,,,,,,,,,,,,,,,,,,,,,,,,,,,,,,,,,,,
24658,2019,9,14,20,0,13.1,0,0,0,1.0,,,,,,,,,,,,,,,,,,,,,,,,,,,,,,,,,,,,
24659,2019,9,14,20,15,12.8,0,0,0,1.0,,,,,,,,,,,,,,,,,,,,,,,,,,,,,,,,,,,,
24660,2019,9,14,20,30,12.5,0,0,0,1.0,,,,,,,,,,,,,,,,,,,,,,,,,,,,,,,,,,,,
24661,2019,9,14,20,45,12.1,0,0,0,1.0,,,,,,,,,,,,,,,,,,,,,,,,,,,,,,,,,,,,
24662,2019,9,14,21,0,11.8,0,0,0,1.1,,,,,,,,,,,,,,,,,,,,,,,,,,,,,,,,,,,,
24663,2019,9,14,21,15,11.6,0,0,0,1.1,,,,,,,,,,,,,,,,,,,,,,,,,,,,,,,,,,,,
24664,2019,9,14,21,30,11.3,0,0,0,1.1,,,,,,,,,,,,,,,,,,,,,,,,,,,,,,,,,,,,
24665,2019,9,14,21,45,11.1,0,0,0,1.1,,,,,,,,,,,,,,,,,,,,,,,,,,,,,,,,,,,,
24666,2019,9,14,22,0,10.9,0,0,0,1.1,,,,,,,,,,,,,,,,,,,,,,,,,,,,,,,,,,,,
24667,2019,9,14,22,15,10.7,0,0,0,1.2000000000000002,,,,,,,,,,,,,,,,,,,,,,,,,,,,,,,,,,,,
24668,2019,9,14,22,30,10.6,0,0,0,1.2000000000000002,,,,,,,,,,,,,,,,,,,,,,,,,,,,,,,,,,,,
24669,2019,9,14,22,45,10.4,0,0,0,1.3,,,,,,,,,,,,,,,,,,,,,,,,,,,,,,,,,,,,
24670,2019,9,14,23,0,10.3,0,0,0,1.3,,,,,,,,,,,,,,,,,,,,,,,,,,,,,,,,,,,,
24671,2019,9,14,23,15,10.2,0,0,0,1.3,,,,,,,,,,,,,,,,,,,,,,,,,,,,,,,,,,,,
24672,2019,9,14,23,30,10.1,0,0,0,1.4,,,,,,,,,,,,,,,,,,,,,,,,,,,,,,,,,,,,
24673,2019,9,14,23,45,10.0,0,0,0,1.4,,,,,,,,,,,,,,,,,,,,,,,,,,,,,,,,,,,,
24674,2019,9,15,0,0,10.0,0,0,0,1.5,,,,,,,,,,,,,,,,,,,,,,,,,,,,,,,,,,,,
24675,2019,9,15,0,15,10.0,0,0,0,1.5,,,,,,,,,,,,,,,,,,,,,,,,,,,,,,,,,,,,
24676,2019,9,15,0,30,10.0,0,0,0,1.5,,,,,,,,,,,,,,,,,,,,,,,,,,,,,,,,,,,,
24677,2019,9,15,0,45,10.0,0,0,0,1.5,,,,,,,,,,,,,,,,,,,,,,,,,,,,,,,,,,,,
24678,2019,9,15,1,0,9.7,0,0,0,1.7000000000000002,,,,,,,,,,,,,,,,,,,,,,,,,,,,,,,,,,,,
24679,2019,9,15,1,15,9.6,0,0,0,1.7000000000000002,,,,,,,,,,,,,,,,,,,,,,,,,,,,,,,,,,,,
24680,2019,9,15,1,30,9.5,0,0,0,1.7000000000000002,,,,,,,,,,,,,,,,,,,,,,,,,,,,,,,,,,,,
24681,2019,9,15,1,45,9.5,0,0,0,1.8,,,,,,,,,,,,,,,,,,,,,,,,,,,,,,,,,,,,
24682,2019,9,15,2,0,9.4,0,0,0,1.8,,,,,,,,,,,,,,,,,,,,,,,,,,,,,,,,,,,,
24683,2019,9,15,2,15,9.4,0,0,0,1.8,,,,,,,,,,,,,,,,,,,,,,,,,,,,,,,,,,,,
24684,2019,9,15,2,30,9.3,0,0,0,1.9,,,,,,,,,,,,,,,,,,,,,,,,,,,,,,,,,,,,
24685,2019,9,15,2,45,9.3,0,0,0,1.9,,,,,,,,,,,,,,,,,,,,,,,,,,,,,,,,,,,,
24686,2019,9,15,3,0,9.3,0,0,0,1.9,,,,,,,,,,,,,,,,,,,,,,,,,,,,,,,,,,,,
24687,2019,9,15,3,15,9.2,0,0,0,2.0,,,,,,,,,,,,,,,,,,,,,,,,,,,,,,,,,,,,
24688,2019,9,15,3,30,9.2,0,0,0,2.0,,,,,,,,,,,,,,,,,,,,,,,,,,,,,,,,,,,,
24689,2019,9,15,3,45,9.2,0,0,0,2.1,,,,,,,,,,,,,,,,,,,,,,,,,,,,,,,,,,,,
24690,2019,9,15,4,0,9.2,0,0,0,2.1,,,,,,,,,,,,,,,,,,,,,,,,,,,,,,,,,,,,
24691,2019,9,15,4,15,9.2,0,0,0,2.2,,,,,,,,,,,,,,,,,,,,,,,,,,,,,,,,,,,,
24692,2019,9,15,4,30,9.2,0,0,0,2.3000000000000003,,,,,,,,,,,,,,,,,,,,,,,,,,,,,,,,,,,,
24693,2019,9,15,4,45,9.2,0,0,0,2.3000000000000003,,,,,,,,,,,,,,,,,,,,,,,,,,,,,,,,,,,,
24694,2019,9,15,5,0,9.2,0,0,0,2.4000000000000004,,,,,,,,,,,,,,,,,,,,,,,,,,,,,,,,,,,,
24695,2019,9,15,5,15,9.4,0,0,0,2.6,,,,,,,,,,,,,,,,,,,,,,,,,,,,,,,,,,,,
24696,2019,9,15,5,30,9.7,0,0,0,2.8000000000000003,,,,,,,,,,,,,,,,,,,,,,,,,,,,,,,,,,,,
24697,2019,9,15,5,45,9.9,0,0,0,3.0,,,,,,,,,,,,,,,,,,,,,,,,,,,,,,,,,,,,
24698,2019,9,15,6,0,10.1,11,105,14,3.2,,,,,,,,,,,,,,,,,,,,,,,,,,,,,,,,,,,,
24699,2019,9,15,6,15,10.6,22,67,26,3.3000000000000003,,,,,,,,,,,,,,,,,,,,,,,,,,,,,,,,,,,,
24700,2019,9,15,6,30,11.2,34,125,47,3.5,,,,,,,,,,,,,,,,,,,,,,,,,,,,,,,,,,,,
24701,2019,9,15,6,45,11.7,48,161,70,3.6,,,,,,,,,,,,,,,,,,,,,,,,,,,,,,,,,,,,
24702,2019,9,15,7,0,12.2,62,194,97,3.7,,,,,,,,,,,,,,,,,,,,,,,,,,,,,,,,,,,,
24703,2019,9,15,7,15,13.0,76,228,125,3.7,,,,,,,,,,,,,,,,,,,,,,,,,,,,,,,,,,,,
24704,2019,9,15,7,30,13.8,89,256,155,3.7,,,,,,,,,,,,,,,,,,,,,,,,,,,,,,,,,,,,
24705,2019,9,15,7,45,14.5,103,282,186,3.6,,,,,,,,,,,,,,,,,,,,,,,,,,,,,,,,,,,,
24706,2019,9,15,8,0,15.3,116,305,217,3.6,,,,,,,,,,,,,,,,,,,,,,,,,,,,,,,,,,,,
24707,2019,9,15,8,15,16.3,129,325,248,3.9,,,,,,,,,,,,,,,,,,,,,,,,,,,,,,,,,,,,
24708,2019,9,15,8,30,17.3,142,343,279,4.1000000000000005,,,,,,,,,,,,,,,,,,,,,,,,,,,,,,,,,,,,
24709,2019,9,15,8,45,18.3,155,358,309,4.4,,,,,,,,,,,,,,,,,,,,,,,,,,,,,,,,,,,,
24710,2019,9,15,9,0,19.200000000000003,167,372,338,4.6000000000000005,,,,,,,,,,,,,,,,,,,,,,,,,,,,,,,,,,,,
24711,2019,9,15,9,15,19.8,178,384,366,4.7,,,,,,,,,,,,,,,,,,,,,,,,,,,,,,,,,,,,
24712,2019,9,15,9,30,20.4,189,394,393,4.7,,,,,,,,,,,,,,,,,,,,,,,,,,,,,,,,,,,,
24713,2019,9,15,9,45,20.9,30,0,30,4.800000000000001,,,,,,,,,,,,,,,,,,,,,,,,,,,,,,,,,,,,
24714,2019,9,15,10,0,21.5,33,0,33,4.9,,,,,,,,,,,,,,,,,,,,,,,,,,,,,,,,,,,,
24715,2019,9,15,10,15,21.9,35,0,35,4.9,,,,,,,,,,,,,,,,,,,,,,,,,,,,,,,,,,,,
24716,2019,9,15,10,30,22.200000000000003,37,0,37,4.9,,,,,,,,,,,,,,,,,,,,,,,,,,,,,,,,,,,,
24717,2019,9,15,10,45,22.6,39,0,39,4.9,,,,,,,,,,,,,,,,,,,,,,,,,,,,,,,,,,,,
24718,2019,9,15,11,0,23.0,41,0,41,4.9,,,,,,,,,,,,,,,,,,,,,,,,,,,,,,,,,,,,
24719,2019,9,15,11,15,23.200000000000003,43,0,43,4.9,,,,,,,,,,,,,,,,,,,,,,,,,,,,,,,,,,,,
24720,2019,9,15,11,30,23.5,44,0,44,4.9,,,,,,,,,,,,,,,,,,,,,,,,,,,,,,,,,,,,
24721,2019,9,15,11,45,23.700000000000003,44,0,44,4.9,,,,,,,,,,,,,,,,,,,,,,,,,,,,,,,,,,,,
24722,2019,9,15,12,0,24.0,45,0,45,4.9,,,,,,,,,,,,,,,,,,,,,,,,,,,,,,,,,,,,
24723,2019,9,15,12,15,24.0,45,0,45,4.9,,,,,,,,,,,,,,,,,,,,,,,,,,,,,,,,,,,,
24724,2019,9,15,12,30,24.1,45,0,45,4.9,,,,,,,,,,,,,,,,,,,,,,,,,,,,,,,,,,,,
24725,2019,9,15,12,45,24.200000000000003,44,0,44,4.9,,,,,,,,,,,,,,,,,,,,,,,,,,,,,,,,,,,,
24726,2019,9,15,13,0,24.3,43,0,43,4.9,,,,,,,,,,,,,,,,,,,,,,,,,,,,,,,,,,,,
24727,2019,9,15,13,15,24.3,41,0,41,4.9,,,,,,,,,,,,,,,,,,,,,,,,,,,,,,,,,,,,
24728,2019,9,15,13,30,24.3,40,0,40,4.9,,,,,,,,,,,,,,,,,,,,,,,,,,,,,,,,,,,,
24729,2019,9,15,13,45,24.3,38,0,38,4.9,,,,,,,,,,,,,,,,,,,,,,,,,,,,,,,,,,,,
24730,2019,9,15,14,0,24.4,36,0,36,4.9,,,,,,,,,,,,,,,,,,,,,,,,,,,,,,,,,,,,
24731,2019,9,15,14,15,24.3,33,0,33,4.800000000000001,,,,,,,,,,,,,,,,,,,,,,,,,,,,,,,,,,,,
24732,2019,9,15,14,30,24.3,31,0,31,4.800000000000001,,,,,,,,,,,,,,,,,,,,,,,,,,,,,,,,,,,,
24733,2019,9,15,14,45,24.200000000000003,28,0,28,4.800000000000001,,,,,,,,,,,,,,,,,,,,,,,,,,,,,,,,,,,,
24734,2019,9,15,15,0,24.200000000000003,26,0,26,4.7,,,,,,,,,,,,,,,,,,,,,,,,,,,,,,,,,,,,
24735,2019,9,15,15,15,23.9,23,0,23,4.6000000000000005,,,,,,,,,,,,,,,,,,,,,,,,,,,,,,,,,,,,
24736,2019,9,15,15,30,23.700000000000003,21,0,21,4.4,,,,,,,,,,,,,,,,,,,,,,,,,,,,,,,,,,,,
24737,2019,9,15,15,45,23.5,18,0,18,4.3,,,,,,,,,,,,,,,,,,,,,,,,,,,,,,,,,,,,
24738,2019,9,15,16,0,23.3,16,0,16,4.2,,,,,,,,,,,,,,,,,,,,,,,,,,,,,,,,,,,,
24739,2019,9,15,16,15,22.700000000000003,14,0,14,3.8,,,,,,,,,,,,,,,,,,,,,,,,,,,,,,,,,,,,
24740,2019,9,15,16,30,22.1,12,0,12,3.5,,,,,,,,,,,,,,,,,,,,,,,,,,,,,,,,,,,,
24741,2019,9,15,16,45,21.5,10,0,10,3.2,,,,,,,,,,,,,,,,,,,,,,,,,,,,,,,,,,,,
24742,2019,9,15,17,0,20.9,9,0,9,2.8000000000000003,,,,,,,,,,,,,,,,,,,,,,,,,,,,,,,,,,,,
24743,2019,9,15,17,15,20.1,8,0,8,2.7,,,,,,,,,,,,,,,,,,,,,,,,,,,,,,,,,,,,
24744,2019,9,15,17,30,19.3,6,0,6,2.5,,,,,,,,,,,,,,,,,,,,,,,,,,,,,,,,,,,,
24745,2019,9,15,17,45,18.5,5,0,5,2.3000000000000003,,,,,,,,,,,,,,,,,,,,,,,,,,,,,,,,,,,,
24746,2019,9,15,18,0,17.6,4,0,4,2.2,,,,,,,,,,,,,,,,,,,,,,,,,,,,,,,,,,,,
24747,2019,9,15,18,15,17.400000000000002,2,0,2,2.2,,,,,,,,,,,,,,,,,,,,,,,,,,,,,,,,,,,,
24748,2019,9,15,18,30,17.2,0,0,0,2.3000000000000003,,,,,,,,,,,,,,,,,,,,,,,,,,,,,,,,,,,,
24749,2019,9,15,18,45,17.0,0,0,0,2.3000000000000003,,,,,,,,,,,,,,,,,,,,,,,,,,,,,,,,,,,,
24750,2019,9,15,19,0,16.8,0,0,0,2.4000000000000004,,,,,,,,,,,,,,,,,,,,,,,,,,,,,,,,,,,,
24751,2019,9,15,19,15,16.7,0,0,0,2.5,,,,,,,,,,,,,,,,,,,,,,,,,,,,,,,,,,,,
24752,2019,9,15,19,30,16.6,0,0,0,2.5,,,,,,,,,,,,,,,,,,,,,,,,,,,,,,,,,,,,
24753,2019,9,15,19,45,16.5,0,0,0,2.6,,,,,,,,,,,,,,,,,,,,,,,,,,,,,,,,,,,,
24754,2019,9,15,20,0,16.400000000000002,0,0,0,2.7,,,,,,,,,,,,,,,,,,,,,,,,,,,,,,,,,,,,
24755,2019,9,15,20,15,16.3,0,0,0,2.7,,,,,,,,,,,,,,,,,,,,,,,,,,,,,,,,,,,,
24756,2019,9,15,20,30,16.1,0,0,0,2.7,,,,,,,,,,,,,,,,,,,,,,,,,,,,,,,,,,,,
24757,2019,9,15,20,45,16.0,0,0,0,2.6,,,,,,,,,,,,,,,,,,,,,,,,,,,,,,,,,,,,
24758,2019,9,15,21,0,15.9,0,0,0,2.6,,,,,,,,,,,,,,,,,,,,,,,,,,,,,,,,,,,,
24759,2019,9,15,21,15,15.8,0,0,0,2.6,,,,,,,,,,,,,,,,,,,,,,,,,,,,,,,,,,,,
24760,2019,9,15,21,30,15.6,0,0,0,2.6,,,,,,,,,,,,,,,,,,,,,,,,,,,,,,,,,,,,
24761,2019,9,15,21,45,15.5,0,0,0,2.6,,,,,,,,,,,,,,,,,,,,,,,,,,,,,,,,,,,,
24762,2019,9,15,22,0,15.4,0,0,0,2.6,,,,,,,,,,,,,,,,,,,,,,,,,,,,,,,,,,,,
24763,2019,9,15,22,15,15.3,0,0,0,2.6,,,,,,,,,,,,,,,,,,,,,,,,,,,,,,,,,,,,
24764,2019,9,15,22,30,15.1,0,0,0,2.5,,,,,,,,,,,,,,,,,,,,,,,,,,,,,,,,,,,,
24765,2019,9,15,22,45,14.9,0,0,0,2.4000000000000004,,,,,,,,,,,,,,,,,,,,,,,,,,,,,,,,,,,,
24766,2019,9,15,23,0,14.8,0,0,0,2.4000000000000004,,,,,,,,,,,,,,,,,,,,,,,,,,,,,,,,,,,,
24767,2019,9,15,23,15,14.6,0,0,0,2.3000000000000003,,,,,,,,,,,,,,,,,,,,,,,,,,,,,,,,,,,,
24768,2019,9,15,23,30,14.5,0,0,0,2.2,,,,,,,,,,,,,,,,,,,,,,,,,,,,,,,,,,,,
24769,2019,9,15,23,45,14.3,0,0,0,2.1,,,,,,,,,,,,,,,,,,,,,,,,,,,,,,,,,,,,
24770,2019,9,16,0,0,14.2,0,0,0,2.0,,,,,,,,,,,,,,,,,,,,,,,,,,,,,,,,,,,,
24771,2019,9,16,0,15,14.2,0,0,0,2.0,,,,,,,,,,,,,,,,,,,,,,,,,,,,,,,,,,,,
24772,2019,9,16,0,30,14.2,0,0,0,2.0,,,,,,,,,,,,,,,,,,,,,,,,,,,,,,,,,,,,
24773,2019,9,16,0,45,14.2,0,0,0,2.0,,,,,,,,,,,,,,,,,,,,,,,,,,,,,,,,,,,,
24774,2019,9,16,1,0,13.6,0,0,0,2.1,,,,,,,,,,,,,,,,,,,,,,,,,,,,,,,,,,,,
24775,2019,9,16,1,15,13.5,0,0,0,2.1,,,,,,,,,,,,,,,,,,,,,,,,,,,,,,,,,,,,
24776,2019,9,16,1,30,13.4,0,0,0,2.0,,,,,,,,,,,,,,,,,,,,,,,,,,,,,,,,,,,,
24777,2019,9,16,1,45,13.3,0,0,0,2.0,,,,,,,,,,,,,,,,,,,,,,,,,,,,,,,,,,,,
24778,2019,9,16,2,0,13.1,0,0,0,2.0,,,,,,,,,,,,,,,,,,,,,,,,,,,,,,,,,,,,
24779,2019,9,16,2,15,13.1,0,0,0,1.9,,,,,,,,,,,,,,,,,,,,,,,,,,,,,,,,,,,,
24780,2019,9,16,2,30,13.0,0,0,0,1.9,,,,,,,,,,,,,,,,,,,,,,,,,,,,,,,,,,,,
24781,2019,9,16,2,45,12.9,0,0,0,1.9,,,,,,,,,,,,,,,,,,,,,,,,,,,,,,,,,,,,
24782,2019,9,16,3,0,12.8,0,0,0,1.8,,,,,,,,,,,,,,,,,,,,,,,,,,,,,,,,,,,,
24783,2019,9,16,3,15,12.7,0,0,0,1.8,,,,,,,,,,,,,,,,,,,,,,,,,,,,,,,,,,,,
24784,2019,9,16,3,30,12.5,0,0,0,1.7000000000000002,,,,,,,,,,,,,,,,,,,,,,,,,,,,,,,,,,,,
24785,2019,9,16,3,45,12.4,0,0,0,1.6,,,,,,,,,,,,,,,,,,,,,,,,,,,,,,,,,,,,
24786,2019,9,16,4,0,12.3,0,0,0,1.6,,,,,,,,,,,,,,,,,,,,,,,,,,,,,,,,,,,,
24787,2019,9,16,4,15,12.2,0,0,0,1.5,,,,,,,,,,,,,,,,,,,,,,,,,,,,,,,,,,,,
24788,2019,9,16,4,30,12.1,0,0,0,1.4,,,,,,,,,,,,,,,,,,,,,,,,,,,,,,,,,,,,
24789,2019,9,16,4,45,11.9,0,0,0,1.3,,,,,,,,,,,,,,,,,,,,,,,,,,,,,,,,,,,,
24790,2019,9,16,5,0,11.8,0,0,0,1.2000000000000002,,,,,,,,,,,,,,,,,,,,,,,,,,,,,,,,,,,,
24791,2019,9,16,5,15,11.9,0,0,0,1.3,,,,,,,,,,,,,,,,,,,,,,,,,,,,,,,,,,,,
24792,2019,9,16,5,30,11.9,0,0,0,1.4,,,,,,,,,,,,,,,,,,,,,,,,,,,,,,,,,,,,
24793,2019,9,16,5,45,11.9,0,0,0,1.4,,,,,,,,,,,,,,,,,,,,,,,,,,,,,,,,,,,,
24794,2019,9,16,6,0,11.9,11,28,11,1.5,,,,,,,,,,,,,,,,,,,,,,,,,,,,,,,,,,,,
24795,2019,9,16,6,15,12.2,4,0,4,1.7000000000000002,,,,,,,,,,,,,,,,,,,,,,,,,,,,,,,,,,,,
24796,2019,9,16,6,30,12.4,5,0,5,1.9,,,,,,,,,,,,,,,,,,,,,,,,,,,,,,,,,,,,
24797,2019,9,16,6,45,12.7,6,0,6,2.0,,,,,,,,,,,,,,,,,,,,,,,,,,,,,,,,,,,,
24798,2019,9,16,7,0,13.0,7,0,7,2.2,,,,,,,,,,,,,,,,,,,,,,,,,,,,,,,,,,,,
24799,2019,9,16,7,15,13.1,8,0,8,2.2,,,,,,,,,,,,,,,,,,,,,,,,,,,,,,,,,,,,
24800,2019,9,16,7,30,13.2,10,0,10,2.2,,,,,,,,,,,,,,,,,,,,,,,,,,,,,,,,,,,,
24801,2019,9,16,7,45,13.3,11,0,11,2.2,,,,,,,,,,,,,,,,,,,,,,,,,,,,,,,,,,,,
24802,2019,9,16,8,0,13.5,11,0,11,2.2,,,,,,,,,,,,,,,,,,,,,,,,,,,,,,,,,,,,
24803,2019,9,16,8,15,13.6,15,0,15,2.3000000000000003,,,,,,,,,,,,,,,,,,,,,,,,,,,,,,,,,,,,
24804,2019,9,16,8,30,13.7,27,0,27,2.4000000000000004,,,,,,,,,,,,,,,,,,,,,,,,,,,,,,,,,,,,
24805,2019,9,16,8,45,13.7,31,0,31,2.4000000000000004,,,,,,,,,,,,,,,,,,,,,,,,,,,,,,,,,,,,
24806,2019,9,16,9,0,13.8,33,0,33,2.5,,,,,,,,,,,,,,,,,,,,,,,,,,,,,,,,,,,,
24807,2019,9,16,9,15,14.1,36,0,36,2.6,,,,,,,,,,,,,,,,,,,,,,,,,,,,,,,,,,,,
24808,2019,9,16,9,30,14.3,40,0,40,2.7,,,,,,,,,,,,,,,,,,,,,,,,,,,,,,,,,,,,
24809,2019,9,16,9,45,14.6,43,0,43,2.8000000000000003,,,,,,,,,,,,,,,,,,,,,,,,,,,,,,,,,,,,
24810,2019,9,16,10,0,14.8,45,0,45,2.9000000000000004,,,,,,,,,,,,,,,,,,,,,,,,,,,,,,,,,,,,
24811,2019,9,16,10,15,15.0,47,0,47,3.0,,,,,,,,,,,,,,,,,,,,,,,,,,,,,,,,,,,,
24812,2019,9,16,10,30,15.1,49,0,49,3.1,,,,,,,,,,,,,,,,,,,,,,,,,,,,,,,,,,,,
24813,2019,9,16,10,45,15.3,51,0,51,3.2,,,,,,,,,,,,,,,,,,,,,,,,,,,,,,,,,,,,
24814,2019,9,16,11,0,15.5,52,0,52,3.2,,,,,,,,,,,,,,,,,,,,,,,,,,,,,,,,,,,,
24815,2019,9,16,11,15,15.6,33,0,33,3.3000000000000003,,,,,,,,,,,,,,,,,,,,,,,,,,,,,,,,,,,,
24816,2019,9,16,11,30,15.6,34,0,34,3.3000000000000003,,,,,,,,,,,,,,,,,,,,,,,,,,,,,,,,,,,,
24817,2019,9,16,11,45,15.7,35,0,35,3.4000000000000004,,,,,,,,,,,,,,,,,,,,,,,,,,,,,,,,,,,,
24818,2019,9,16,12,0,15.8,37,0,37,3.4000000000000004,,,,,,,,,,,,,,,,,,,,,,,,,,,,,,,,,,,,
24819,2019,9,16,12,15,15.8,35,0,35,3.4000000000000004,,,,,,,,,,,,,,,,,,,,,,,,,,,,,,,,,,,,
24820,2019,9,16,12,30,15.8,52,0,52,3.5,,,,,,,,,,,,,,,,,,,,,,,,,,,,,,,,,,,,
24821,2019,9,16,12,45,15.8,43,0,43,3.5,,,,,,,,,,,,,,,,,,,,,,,,,,,,,,,,,,,,
24822,2019,9,16,13,0,15.8,41,0,41,3.5,,,,,,,,,,,,,,,,,,,,,,,,,,,,,,,,,,,,
24823,2019,9,16,13,15,15.7,47,0,47,3.5,,,,,,,,,,,,,,,,,,,,,,,,,,,,,,,,,,,,
24824,2019,9,16,13,30,15.7,59,0,59,3.4000000000000004,,,,,,,,,,,,,,,,,,,,,,,,,,,,,,,,,,,,
24825,2019,9,16,13,45,15.7,57,0,57,3.4000000000000004,,,,,,,,,,,,,,,,,,,,,,,,,,,,,,,,,,,,
24826,2019,9,16,14,0,15.6,63,0,63,3.4000000000000004,,,,,,,,,,,,,,,,,,,,,,,,,,,,,,,,,,,,
24827,2019,9,16,14,15,15.5,50,0,50,3.3000000000000003,,,,,,,,,,,,,,,,,,,,,,,,,,,,,,,,,,,,
24828,2019,9,16,14,30,15.4,29,0,29,3.3000000000000003,,,,,,,,,,,,,,,,,,,,,,,,,,,,,,,,,,,,
24829,2019,9,16,14,45,15.3,26,0,26,3.3000000000000003,,,,,,,,,,,,,,,,,,,,,,,,,,,,,,,,,,,,
24830,2019,9,16,15,0,15.2,36,0,36,3.2,,,,,,,,,,,,,,,,,,,,,,,,,,,,,,,,,,,,
24831,2019,9,16,15,15,15.1,23,0,23,3.1,,,,,,,,,,,,,,,,,,,,,,,,,,,,,,,,,,,,
24832,2019,9,16,15,30,15.0,19,0,19,3.1,,,,,,,,,,,,,,,,,,,,,,,,,,,,,,,,,,,,
24833,2019,9,16,15,45,14.8,71,0,71,3.0,,,,,,,,,,,,,,,,,,,,,,,,,,,,,,,,,,,,
24834,2019,9,16,16,0,14.7,24,0,24,2.9000000000000004,,,,,,,,,,,,,,,,,,,,,,,,,,,,,,,,,,,,
24835,2019,9,16,16,15,14.6,16,0,16,2.8000000000000003,,,,,,,,,,,,,,,,,,,,,,,,,,,,,,,,,,,,
24836,2019,9,16,16,30,14.4,12,0,12,2.6,,,,,,,,,,,,,,,,,,,,,,,,,,,,,,,,,,,,
24837,2019,9,16,16,45,14.3,10,0,10,2.5,,,,,,,,,,,,,,,,,,,,,,,,,,,,,,,,,,,,
24838,2019,9,16,17,0,14.1,9,0,9,2.3000000000000003,,,,,,,,,,,,,,,,,,,,,,,,,,,,,,,,,,,,
24839,2019,9,16,17,15,13.9,7,0,7,2.1,,,,,,,,,,,,,,,,,,,,,,,,,,,,,,,,,,,,
24840,2019,9,16,17,30,13.7,7,0,7,1.9,,,,,,,,,,,,,,,,,,,,,,,,,,,,,,,,,,,,
24841,2019,9,16,17,45,13.5,5,0,5,1.7000000000000002,,,,,,,,,,,,,,,,,,,,,,,,,,,,,,,,,,,,
24842,2019,9,16,18,0,13.2,3,0,3,1.5,,,,,,,,,,,,,,,,,,,,,,,,,,,,,,,,,,,,
24843,2019,9,16,18,15,13.1,1,0,1,1.5,,,,,,,,,,,,,,,,,,,,,,,,,,,,,,,,,,,,
24844,2019,9,16,18,30,13.0,0,0,0,1.5,,,,,,,,,,,,,,,,,,,,,,,,,,,,,,,,,,,,
24845,2019,9,16,18,45,12.8,0,0,0,1.6,,,,,,,,,,,,,,,,,,,,,,,,,,,,,,,,,,,,
24846,2019,9,16,19,0,12.7,0,0,0,1.6,,,,,,,,,,,,,,,,,,,,,,,,,,,,,,,,,,,,
24847,2019,9,16,19,15,12.6,0,0,0,1.7000000000000002,,,,,,,,,,,,,,,,,,,,,,,,,,,,,,,,,,,,
24848,2019,9,16,19,30,12.5,0,0,0,1.7000000000000002,,,,,,,,,,,,,,,,,,,,,,,,,,,,,,,,,,,,
24849,2019,9,16,19,45,12.3,0,0,0,1.8,,,,,,,,,,,,,,,,,,,,,,,,,,,,,,,,,,,,
24850,2019,9,16,20,0,12.2,0,0,0,1.8,,,,,,,,,,,,,,,,,,,,,,,,,,,,,,,,,,,,
24851,2019,9,16,20,15,12.1,0,0,0,1.8,,,,,,,,,,,,,,,,,,,,,,,,,,,,,,,,,,,,
24852,2019,9,16,20,30,11.9,0,0,0,1.8,,,,,,,,,,,,,,,,,,,,,,,,,,,,,,,,,,,,
24853,2019,9,16,20,45,11.7,0,0,0,1.8,,,,,,,,,,,,,,,,,,,,,,,,,,,,,,,,,,,,
24854,2019,9,16,21,0,11.6,0,0,0,1.8,,,,,,,,,,,,,,,,,,,,,,,,,,,,,,,,,,,,
24855,2019,9,16,21,15,11.4,0,0,0,1.8,,,,,,,,,,,,,,,,,,,,,,,,,,,,,,,,,,,,
24856,2019,9,16,21,30,11.2,0,0,0,1.8,,,,,,,,,,,,,,,,,,,,,,,,,,,,,,,,,,,,
24857,2019,9,16,21,45,11.1,0,0,0,1.7000000000000002,,,,,,,,,,,,,,,,,,,,,,,,,,,,,,,,,,,,
24858,2019,9,16,22,0,10.9,0,0,0,1.7000000000000002,,,,,,,,,,,,,,,,,,,,,,,,,,,,,,,,,,,,
24859,2019,9,16,22,15,10.8,0,0,0,1.8,,,,,,,,,,,,,,,,,,,,,,,,,,,,,,,,,,,,
24860,2019,9,16,22,30,10.7,0,0,0,1.8,,,,,,,,,,,,,,,,,,,,,,,,,,,,,,,,,,,,
24861,2019,9,16,22,45,10.5,0,0,0,1.8,,,,,,,,,,,,,,,,,,,,,,,,,,,,,,,,,,,,
24862,2019,9,16,23,0,10.4,0,0,0,1.8,,,,,,,,,,,,,,,,,,,,,,,,,,,,,,,,,,,,
24863,2019,9,16,23,15,10.3,0,0,0,1.9,,,,,,,,,,,,,,,,,,,,,,,,,,,,,,,,,,,,
24864,2019,9,16,23,30,10.2,0,0,0,1.9,,,,,,,,,,,,,,,,,,,,,,,,,,,,,,,,,,,,
24865,2019,9,16,23,45,10.1,0,0,0,1.9,,,,,,,,,,,,,,,,,,,,,,,,,,,,,,,,,,,,
24866,2019,9,17,0,0,10.0,0,0,0,1.9,,,,,,,,,,,,,,,,,,,,,,,,,,,,,,,,,,,,
24867,2019,9,17,0,15,10.0,0,0,0,1.9,,,,,,,,,,,,,,,,,,,,,,,,,,,,,,,,,,,,
24868,2019,9,17,0,30,10.0,0,0,0,1.9,,,,,,,,,,,,,,,,,,,,,,,,,,,,,,,,,,,,
24869,2019,9,17,0,45,10.0,0,0,0,1.9,,,,,,,,,,,,,,,,,,,,,,,,,,,,,,,,,,,,
24870,2019,9,17,1,0,9.5,0,0,0,1.8,,,,,,,,,,,,,,,,,,,,,,,,,,,,,,,,,,,,
24871,2019,9,17,1,15,9.3,0,0,0,1.8,,,,,,,,,,,,,,,,,,,,,,,,,,,,,,,,,,,,
24872,2019,9,17,1,30,9.2,0,0,0,1.8,,,,,,,,,,,,,,,,,,,,,,,,,,,,,,,,,,,,
24873,2019,9,17,1,45,9.0,0,0,0,1.8,,,,,,,,,,,,,,,,,,,,,,,,,,,,,,,,,,,,
24874,2019,9,17,2,0,8.9,0,0,0,1.7000000000000002,,,,,,,,,,,,,,,,,,,,,,,,,,,,,,,,,,,,
24875,2019,9,17,2,15,8.700000000000001,0,0,0,1.7000000000000002,,,,,,,,,,,,,,,,,,,,,,,,,,,,,,,,,,,,
24876,2019,9,17,2,30,8.6,0,0,0,1.7000000000000002,,,,,,,,,,,,,,,,,,,,,,,,,,,,,,,,,,,,
24877,2019,9,17,2,45,8.5,0,0,0,1.8,,,,,,,,,,,,,,,,,,,,,,,,,,,,,,,,,,,,
24878,2019,9,17,3,0,8.3,0,0,0,1.8,,,,,,,,,,,,,,,,,,,,,,,,,,,,,,,,,,,,
24879,2019,9,17,3,15,8.3,0,0,0,1.8,,,,,,,,,,,,,,,,,,,,,,,,,,,,,,,,,,,,
24880,2019,9,17,3,30,8.200000000000001,0,0,0,1.8,,,,,,,,,,,,,,,,,,,,,,,,,,,,,,,,,,,,
24881,2019,9,17,3,45,8.1,0,0,0,1.9,,,,,,,,,,,,,,,,,,,,,,,,,,,,,,,,,,,,
24882,2019,9,17,4,0,8.0,0,0,0,1.9,,,,,,,,,,,,,,,,,,,,,,,,,,,,,,,,,,,,
24883,2019,9,17,4,15,8.0,0,0,0,2.0,,,,,,,,,,,,,,,,,,,,,,,,,,,,,,,,,,,,
24884,2019,9,17,4,30,8.0,0,0,0,2.1,,,,,,,,,,,,,,,,,,,,,,,,,,,,,,,,,,,,
24885,2019,9,17,4,45,8.0,0,0,0,2.2,,,,,,,,,,,,,,,,,,,,,,,,,,,,,,,,,,,,
24886,2019,9,17,5,0,7.9,0,0,0,2.2,,,,,,,,,,,,,,,,,,,,,,,,,,,,,,,,,,,,
24887,2019,9,17,5,15,8.1,0,0,0,2.4000000000000004,,,,,,,,,,,,,,,,,,,,,,,,,,,,,,,,,,,,
24888,2019,9,17,5,30,8.3,0,0,0,2.6,,,,,,,,,,,,,,,,,,,,,,,,,,,,,,,,,,,,
24889,2019,9,17,5,45,8.4,0,0,0,2.8000000000000003,,,,,,,,,,,,,,,,,,,,,,,,,,,,,,,,,,,,
24890,2019,9,17,6,0,8.6,0,0,0,3.0,,,,,,,,,,,,,,,,,,,,,,,,,,,,,,,,,,,,
24891,2019,9,17,6,15,9.0,21,185,31,3.2,,,,,,,,,,,,,,,,,,,,,,,,,,,,,,,,,,,,
24892,2019,9,17,6,30,9.5,31,298,59,3.4000000000000004,,,,,,,,,,,,,,,,,,,,,,,,,,,,,,,,,,,,
24893,2019,9,17,6,45,9.9,40,394,92,3.6,,,,,,,,,,,,,,,,,,,,,,,,,,,,,,,,,,,,
24894,2019,9,17,7,0,10.3,48,471,129,3.8,,,,,,,,,,,,,,,,,,,,,,,,,,,,,,,,,,,,
24895,2019,9,17,7,15,10.9,54,534,167,4.1000000000000005,,,,,,,,,,,,,,,,,,,,,,,,,,,,,,,,,,,,
24896,2019,9,17,7,30,11.4,60,587,206,4.4,,,,,,,,,,,,,,,,,,,,,,,,,,,,,,,,,,,,
24897,2019,9,17,7,45,12.0,108,183,160,4.6000000000000005,,,,,,,,,,,,,,,,,,,,,,,,,,,,,,,,,,,,
24898,2019,9,17,8,0,12.6,123,207,189,4.9,,,,,,,,,,,,,,,,,,,,,,,,,,,,,,,,,,,,
24899,2019,9,17,8,15,13.1,137,229,219,5.2,,,,,,,,,,,,,,,,,,,,,,,,,,,,,,,,,,,,
24900,2019,9,17,8,30,13.6,76,731,361,5.4,,,,,,,,,,,,,,,,,,,,,,,,,,,,,,,,,,,,
24901,2019,9,17,8,45,14.1,78,758,398,5.7,,,,,,,,,,,,,,,,,,,,,,,,,,,,,,,,,,,,
24902,2019,9,17,9,0,14.6,81,781,435,5.9,,,,,,,,,,,,,,,,,,,,,,,,,,,,,,,,,,,,
24903,2019,9,17,9,15,14.9,191,294,333,6.1000000000000005,,,,,,,,,,,,,,,,,,,,,,,,,,,,,,,,,,,,
24904,2019,9,17,9,30,15.2,200,323,364,6.2,,,,,,,,,,,,,,,,,,,,,,,,,,,,,,,,,,,,
24905,2019,9,17,9,45,15.5,211,334,389,6.300000000000001,,,,,,,,,,,,,,,,,,,,,,,,,,,,,,,,,,,,
24906,2019,9,17,10,0,15.8,244,200,355,6.4,,,,,,,,,,,,,,,,,,,,,,,,,,,,,,,,,,,,
24907,2019,9,17,10,15,16.0,255,207,374,6.5,,,,,,,,,,,,,,,,,,,,,,,,,,,,,,,,,,,,
24908,2019,9,17,10,30,16.2,229,393,462,6.6000000000000005,,,,,,,,,,,,,,,,,,,,,,,,,,,,,,,,,,,,
24909,2019,9,17,10,45,16.400000000000002,96,853,615,6.800000000000001,,,,,,,,,,,,,,,,,,,,,,,,,,,,,,,,,,,,
24910,2019,9,17,11,0,16.6,154,0,154,6.9,,,,,,,,,,,,,,,,,,,,,,,,,,,,,,,,,,,,
24911,2019,9,17,11,15,16.7,288,200,415,7.0,,,,,,,,,,,,,,,,,,,,,,,,,,,,,,,,,,,,
24912,2019,9,17,11,30,16.7,273,57,310,7.1000000000000005,,,,,,,,,,,,,,,,,,,,,,,,,,,,,,,,,,,,
24913,2019,9,17,11,45,16.7,236,21,249,7.2,,,,,,,,,,,,,,,,,,,,,,,,,,,,,,,,,,,,
24914,2019,9,17,12,0,16.7,101,861,660,7.300000000000001,,,,,,,,,,,,,,,,,,,,,,,,,,,,,,,,,,,,
24915,2019,9,17,12,15,16.6,165,1,166,7.4,,,,,,,,,,,,,,,,,,,,,,,,,,,,,,,,,,,,
24916,2019,9,17,12,30,16.5,136,0,136,7.4,,,,,,,,,,,,,,,,,,,,,,,,,,,,,,,,,,,,
24917,2019,9,17,12,45,16.400000000000002,285,264,454,7.5,,,,,,,,,,,,,,,,,,,,,,,,,,,,,,,,,,,,
24918,2019,9,17,13,0,16.3,288,112,359,7.5,,,,,,,,,,,,,,,,,,,,,,,,,,,,,,,,,,,,
24919,2019,9,17,13,15,16.1,72,0,72,7.5,,,,,,,,,,,,,,,,,,,,,,,,,,,,,,,,,,,,
24920,2019,9,17,13,30,16.0,53,0,53,7.5,,,,,,,,,,,,,,,,,,,,,,,,,,,,,,,,,,,,
24921,2019,9,17,13,45,15.8,51,0,51,7.4,,,,,,,,,,,,,,,,,,,,,,,,,,,,,,,,,,,,
24922,2019,9,17,14,0,15.6,49,0,49,7.4,,,,,,,,,,,,,,,,,,,,,,,,,,,,,,,,,,,,
24923,2019,9,17,14,15,15.5,46,0,46,7.4,,,,,,,,,,,,,,,,,,,,,,,,,,,,,,,,,,,,
24924,2019,9,17,14,30,15.3,44,0,44,7.4,,,,,,,,,,,,,,,,,,,,,,,,,,,,,,,,,,,,
24925,2019,9,17,14,45,15.2,58,0,58,7.300000000000001,,,,,,,,,,,,,,,,,,,,,,,,,,,,,,,,,,,,
24926,2019,9,17,15,0,15.1,147,0,147,7.300000000000001,,,,,,,,,,,,,,,,,,,,,,,,,,,,,,,,,,,,
24927,2019,9,17,15,15,15.0,189,78,224,7.2,,,,,,,,,,,,,,,,,,,,,,,,,,,,,,,,,,,,
24928,2019,9,17,15,30,14.9,173,211,263,7.2,,,,,,,,,,,,,,,,,,,,,,,,,,,,,,,,,,,,
24929,2019,9,17,15,45,14.8,95,663,356,7.1000000000000005,,,,,,,,,,,,,,,,,,,,,,,,,,,,,,,,,,,,
24930,2019,9,17,16,0,14.7,91,633,319,7.0,,,,,,,,,,,,,,,,,,,,,,,,,,,,,,,,,,,,
24931,2019,9,17,16,15,14.5,86,602,281,6.9,,,,,,,,,,,,,,,,,,,,,,,,,,,,,,,,,,,,
24932,2019,9,17,16,30,14.3,32,0,32,6.7,,,,,,,,,,,,,,,,,,,,,,,,,,,,,,,,,,,,
24933,2019,9,17,16,45,14.0,26,0,26,6.6000000000000005,,,,,,,,,,,,,,,,,,,,,,,,,,,,,,,,,,,,
24934,2019,9,17,17,0,13.8,21,0,21,6.4,,,,,,,,,,,,,,,,,,,,,,,,,,,,,,,,,,,,
24935,2019,9,17,17,15,13.4,58,402,128,6.2,,,,,,,,,,,,,,,,,,,,,,,,,,,,,,,,,,,,
24936,2019,9,17,17,30,13.0,12,0,12,6.1000000000000005,,,,,,,,,,,,,,,,,,,,,,,,,,,,,,,,,,,,
24937,2019,9,17,17,45,12.6,8,0,8,5.9,,,,,,,,,,,,,,,,,,,,,,,,,,,,,,,,,,,,
24938,2019,9,17,18,0,12.3,5,0,5,5.7,,,,,,,,,,,,,,,,,,,,,,,,,,,,,,,,,,,,
24939,2019,9,17,18,15,12.0,11,25,12,5.6000000000000005,,,,,,,,,,,,,,,,,,,,,,,,,,,,,,,,,,,,
24940,2019,9,17,18,30,11.6,0,0,0,5.5,,,,,,,,,,,,,,,,,,,,,,,,,,,,,,,,,,,,
24941,2019,9,17,18,45,11.3,0,0,0,5.5,,,,,,,,,,,,,,,,,,,,,,,,,,,,,,,,,,,,
24942,2019,9,17,19,0,11.0,0,0,0,5.4,,,,,,,,,,,,,,,,,,,,,,,,,,,,,,,,,,,,
24943,2019,9,17,19,15,10.8,0,0,0,5.4,,,,,,,,,,,,,,,,,,,,,,,,,,,,,,,,,,,,
24944,2019,9,17,19,30,10.6,0,0,0,5.4,,,,,,,,,,,,,,,,,,,,,,,,,,,,,,,,,,,,
24945,2019,9,17,19,45,10.4,0,0,0,5.300000000000001,,,,,,,,,,,,,,,,,,,,,,,,,,,,,,,,,,,,
24946,2019,9,17,20,0,10.2,0,0,0,5.300000000000001,,,,,,,,,,,,,,,,,,,,,,,,,,,,,,,,,,,,
24947,2019,9,17,20,15,10.1,0,0,0,5.300000000000001,,,,,,,,,,,,,,,,,,,,,,,,,,,,,,,,,,,,
24948,2019,9,17,20,30,10.0,0,0,0,5.300000000000001,,,,,,,,,,,,,,,,,,,,,,,,,,,,,,,,,,,,
24949,2019,9,17,20,45,9.9,0,0,0,5.300000000000001,,,,,,,,,,,,,,,,,,,,,,,,,,,,,,,,,,,,
24950,2019,9,17,21,0,9.8,0,0,0,5.300000000000001,,,,,,,,,,,,,,,,,,,,,,,,,,,,,,,,,,,,
24951,2019,9,17,21,15,9.7,0,0,0,5.300000000000001,,,,,,,,,,,,,,,,,,,,,,,,,,,,,,,,,,,,
24952,2019,9,17,21,30,9.6,0,0,0,5.2,,,,,,,,,,,,,,,,,,,,,,,,,,,,,,,,,,,,
24953,2019,9,17,21,45,9.6,0,0,0,5.2,,,,,,,,,,,,,,,,,,,,,,,,,,,,,,,,,,,,
24954,2019,9,17,22,0,9.5,0,0,0,5.2,,,,,,,,,,,,,,,,,,,,,,,,,,,,,,,,,,,,
24955,2019,9,17,22,15,9.4,0,0,0,5.1000000000000005,,,,,,,,,,,,,,,,,,,,,,,,,,,,,,,,,,,,
24956,2019,9,17,22,30,9.4,0,0,0,5.0,,,,,,,,,,,,,,,,,,,,,,,,,,,,,,,,,,,,
24957,2019,9,17,22,45,9.3,0,0,0,5.0,,,,,,,,,,,,,,,,,,,,,,,,,,,,,,,,,,,,
24958,2019,9,17,23,0,9.2,0,0,0,4.9,,,,,,,,,,,,,,,,,,,,,,,,,,,,,,,,,,,,
24959,2019,9,17,23,15,9.2,0,0,0,4.800000000000001,,,,,,,,,,,,,,,,,,,,,,,,,,,,,,,,,,,,
24960,2019,9,17,23,30,9.1,0,0,0,4.800000000000001,,,,,,,,,,,,,,,,,,,,,,,,,,,,,,,,,,,,
24961,2019,9,17,23,45,9.0,0,0,0,4.7,,,,,,,,,,,,,,,,,,,,,,,,,,,,,,,,,,,,
24962,2019,9,18,0,0,9.0,0,0,0,4.7,,,,,,,,,,,,,,,,,,,,,,,,,,,,,,,,,,,,
24963,2019,9,18,0,15,9.0,0,0,0,4.7,,,,,,,,,,,,,,,,,,,,,,,,,,,,,,,,,,,,
24964,2019,9,18,0,30,9.0,0,0,0,4.7,,,,,,,,,,,,,,,,,,,,,,,,,,,,,,,,,,,,
24965,2019,9,18,0,45,9.0,0,0,0,4.7,,,,,,,,,,,,,,,,,,,,,,,,,,,,,,,,,,,,
24966,2019,9,18,1,0,8.5,0,0,0,4.1000000000000005,,,,,,,,,,,,,,,,,,,,,,,,,,,,,,,,,,,,
24967,2019,9,18,1,15,8.4,0,0,0,4.0,,,,,,,,,,,,,,,,,,,,,,,,,,,,,,,,,,,,
24968,2019,9,18,1,30,8.3,0,0,0,3.9,,,,,,,,,,,,,,,,,,,,,,,,,,,,,,,,,,,,
24969,2019,9,18,1,45,8.200000000000001,0,0,0,3.7,,,,,,,,,,,,,,,,,,,,,,,,,,,,,,,,,,,,
24970,2019,9,18,2,0,8.0,0,0,0,3.6,,,,,,,,,,,,,,,,,,,,,,,,,,,,,,,,,,,,
24971,2019,9,18,2,15,7.9,0,0,0,3.6,,,,,,,,,,,,,,,,,,,,,,,,,,,,,,,,,,,,
24972,2019,9,18,2,30,7.800000000000001,0,0,0,3.5,,,,,,,,,,,,,,,,,,,,,,,,,,,,,,,,,,,,
24973,2019,9,18,2,45,7.7,0,0,0,3.4000000000000004,,,,,,,,,,,,,,,,,,,,,,,,,,,,,,,,,,,,
24974,2019,9,18,3,0,7.6,0,0,0,3.4000000000000004,,,,,,,,,,,,,,,,,,,,,,,,,,,,,,,,,,,,
24975,2019,9,18,3,15,7.6,0,0,0,3.3000000000000003,,,,,,,,,,,,,,,,,,,,,,,,,,,,,,,,,,,,
24976,2019,9,18,3,30,7.6,0,0,0,3.3000000000000003,,,,,,,,,,,,,,,,,,,,,,,,,,,,,,,,,,,,
24977,2019,9,18,3,45,7.5,0,0,0,3.3000000000000003,,,,,,,,,,,,,,,,,,,,,,,,,,,,,,,,,,,,
24978,2019,9,18,4,0,7.5,0,0,0,3.2,,,,,,,,,,,,,,,,,,,,,,,,,,,,,,,,,,,,
24979,2019,9,18,4,15,7.4,0,0,0,3.2,,,,,,,,,,,,,,,,,,,,,,,,,,,,,,,,,,,,
24980,2019,9,18,4,30,7.4,0,0,0,3.2,,,,,,,,,,,,,,,,,,,,,,,,,,,,,,,,,,,,
24981,2019,9,18,4,45,7.4,0,0,0,3.2,,,,,,,,,,,,,,,,,,,,,,,,,,,,,,,,,,,,
24982,2019,9,18,5,0,7.300000000000001,0,0,0,3.1,,,,,,,,,,,,,,,,,,,,,,,,,,,,,,,,,,,,
24983,2019,9,18,5,15,7.4,0,0,0,3.2,,,,,,,,,,,,,,,,,,,,,,,,,,,,,,,,,,,,
24984,2019,9,18,5,30,7.5,0,0,0,3.3000000000000003,,,,,,,,,,,,,,,,,,,,,,,,,,,,,,,,,,,,
24985,2019,9,18,5,45,7.6,0,0,0,3.3000000000000003,,,,,,,,,,,,,,,,,,,,,,,,,,,,,,,,,,,,
24986,2019,9,18,6,0,7.7,0,0,0,3.4000000000000004,,,,,,,,,,,,,,,,,,,,,,,,,,,,,,,,,,,,
24987,2019,9,18,6,15,8.0,22,88,27,3.5,,,,,,,,,,,,,,,,,,,,,,,,,,,,,,,,,,,,
24988,2019,9,18,6,30,8.4,36,194,53,3.7,,,,,,,,,,,,,,,,,,,,,,,,,,,,,,,,,,,,
24989,2019,9,18,6,45,8.700000000000001,48,292,85,3.8,,,,,,,,,,,,,,,,,,,,,,,,,,,,,,,,,,,,
24990,2019,9,18,7,0,9.0,58,376,120,3.9,,,,,,,,,,,,,,,,,,,,,,,,,,,,,,,,,,,,
24991,2019,9,18,7,15,9.4,66,446,158,4.0,,,,,,,,,,,,,,,,,,,,,,,,,,,,,,,,,,,,
24992,2019,9,18,7,30,9.9,74,504,196,4.1000000000000005,,,,,,,,,,,,,,,,,,,,,,,,,,,,,,,,,,,,
24993,2019,9,18,7,45,10.3,51,0,51,4.2,,,,,,,,,,,,,,,,,,,,,,,,,,,,,,,,,,,,
24994,2019,9,18,8,0,10.7,61,0,61,4.3,,,,,,,,,,,,,,,,,,,,,,,,,,,,,,,,,,,,
24995,2019,9,18,8,15,11.3,84,664,318,4.4,,,,,,,,,,,,,,,,,,,,,,,,,,,,,,,,,,,,
24996,2019,9,18,8,30,11.8,88,693,356,4.6000000000000005,,,,,,,,,,,,,,,,,,,,,,,,,,,,,,,,,,,,
24997,2019,9,18,8,45,12.3,80,763,399,4.7,,,,,,,,,,,,,,,,,,,,,,,,,,,,,,,,,,,,
24998,2019,9,18,9,0,12.8,104,0,104,4.9,,,,,,,,,,,,,,,,,,,,,,,,,,,,,,,,,,,,
24999,2019,9,18,9,15,13.2,115,0,115,5.0,,,,,,,,,,,,,,,,,,,,,,,,,,,,,,,,,,,,
25000,2019,9,18,9,30,13.6,88,816,499,5.0,,,,,,,,,,,,,,,,,,,,,,,,,,,,,,,,,,,,
25001,2019,9,18,9,45,14.0,134,0,134,5.1000000000000005,,,,,,,,,,,,,,,,,,,,,,,,,,,,,,,,,,,,
25002,2019,9,18,10,0,14.4,143,0,143,5.1000000000000005,,,,,,,,,,,,,,,,,,,,,,,,,,,,,,,,,,,,
25003,2019,9,18,10,15,14.7,48,0,48,5.1000000000000005,,,,,,,,,,,,,,,,,,,,,,,,,,,,,,,,,,,,
25004,2019,9,18,10,30,14.9,50,0,50,5.1000000000000005,,,,,,,,,,,,,,,,,,,,,,,,,,,,,,,,,,,,
25005,2019,9,18,10,45,15.2,52,0,52,5.1000000000000005,,,,,,,,,,,,,,,,,,,,,,,,,,,,,,,,,,,,
25006,2019,9,18,11,0,15.5,247,38,271,5.1000000000000005,,,,,,,,,,,,,,,,,,,,,,,,,,,,,,,,,,,,
25007,2019,9,18,11,15,15.7,253,39,278,5.1000000000000005,,,,,,,,,,,,,,,,,,,,,,,,,,,,,,,,,,,,
25008,2019,9,18,11,30,15.9,91,0,91,5.1000000000000005,,,,,,,,,,,,,,,,,,,,,,,,,,,,,,,,,,,,
25009,2019,9,18,11,45,16.1,140,0,140,5.1000000000000005,,,,,,,,,,,,,,,,,,,,,,,,,,,,,,,,,,,,
25010,2019,9,18,12,0,16.3,196,7,201,5.2,,,,,,,,,,,,,,,,,,,,,,,,,,,,,,,,,,,,
25011,2019,9,18,12,15,16.3,296,144,389,5.2,,,,,,,,,,,,,,,,,,,,,,,,,,,,,,,,,,,,
25012,2019,9,18,12,30,16.400000000000002,295,173,406,5.2,,,,,,,,,,,,,,,,,,,,,,,,,,,,,,,,,,,,
25013,2019,9,18,12,45,16.5,292,148,386,5.2,,,,,,,,,,,,,,,,,,,,,,,,,,,,,,,,,,,,
25014,2019,9,18,13,0,16.6,267,311,463,5.2,,,,,,,,,,,,,,,,,,,,,,,,,,,,,,,,,,,,
25015,2019,9,18,13,15,16.6,263,305,451,5.2,,,,,,,,,,,,,,,,,,,,,,,,,,,,,,,,,,,,
25016,2019,9,18,13,30,16.6,261,70,304,5.2,,,,,,,,,,,,,,,,,,,,,,,,,,,,,,,,,,,,
25017,2019,9,18,13,45,16.5,189,8,194,5.2,,,,,,,,,,,,,,,,,,,,,,,,,,,,,,,,,,,,
25018,2019,9,18,14,0,16.5,86,0,86,5.2,,,,,,,,,,,,,,,,,,,,,,,,,,,,,,,,,,,,
25019,2019,9,18,14,15,16.400000000000002,134,0,134,5.2,,,,,,,,,,,,,,,,,,,,,,,,,,,,,,,,,,,,
25020,2019,9,18,14,30,16.3,167,4,169,5.2,,,,,,,,,,,,,,,,,,,,,,,,,,,,,,,,,,,,
25021,2019,9,18,14,45,16.2,100,770,489,5.1000000000000005,,,,,,,,,,,,,,,,,,,,,,,,,,,,,,,,,,,,
25022,2019,9,18,15,0,16.0,98,754,458,5.1000000000000005,,,,,,,,,,,,,,,,,,,,,,,,,,,,,,,,,,,,
25023,2019,9,18,15,15,15.9,95,735,425,5.1000000000000005,,,,,,,,,,,,,,,,,,,,,,,,,,,,,,,,,,,,
25024,2019,9,18,15,30,15.7,113,0,113,5.0,,,,,,,,,,,,,,,,,,,,,,,,,,,,,,,,,,,,
25025,2019,9,18,15,45,15.5,27,0,27,5.0,,,,,,,,,,,,,,,,,,,,,,,,,,,,,,,,,,,,
25026,2019,9,18,16,0,15.3,53,0,53,4.9,,,,,,,,,,,,,,,,,,,,,,,,,,,,,,,,,,,,
25027,2019,9,18,16,15,15.0,123,58,141,4.7,,,,,,,,,,,,,,,,,,,,,,,,,,,,,,,,,,,,
25028,2019,9,18,16,30,14.6,75,581,239,4.5,,,,,,,,,,,,,,,,,,,,,,,,,,,,,,,,,,,,
25029,2019,9,18,16,45,14.3,69,535,200,4.2,,,,,,,,,,,,,,,,,,,,,,,,,,,,,,,,,,,,
25030,2019,9,18,17,0,14.0,72,14,75,4.0,,,,,,,,,,,,,,,,,,,,,,,,,,,,,,,,,,,,
25031,2019,9,18,17,15,13.4,56,0,56,3.6,,,,,,,,,,,,,,,,,,,,,,,,,,,,,,,,,,,,
25032,2019,9,18,17,30,12.8,38,0,38,3.3000000000000003,,,,,,,,,,,,,,,,,,,,,,,,,,,,,,,,,,,,
25033,2019,9,18,17,45,12.1,24,0,24,2.9000000000000004,,,,,,,,,,,,,,,,,,,,,,,,,,,,,,,,,,,,
25034,2019,9,18,18,0,11.5,12,0,12,2.5,,,,,,,,,,,,,,,,,,,,,,,,,,,,,,,,,,,,
25035,2019,9,18,18,15,11.2,0,0,0,2.5,,,,,,,,,,,,,,,,,,,,,,,,,,,,,,,,,,,,
25036,2019,9,18,18,30,10.9,0,0,0,2.5,,,,,,,,,,,,,,,,,,,,,,,,,,,,,,,,,,,,
25037,2019,9,18,18,45,10.6,0,0,0,2.4000000000000004,,,,,,,,,,,,,,,,,,,,,,,,,,,,,,,,,,,,
25038,2019,9,18,19,0,10.3,0,0,0,2.4000000000000004,,,,,,,,,,,,,,,,,,,,,,,,,,,,,,,,,,,,
25039,2019,9,18,19,15,10.1,0,0,0,2.4000000000000004,,,,,,,,,,,,,,,,,,,,,,,,,,,,,,,,,,,,
25040,2019,9,18,19,30,10.0,0,0,0,2.5,,,,,,,,,,,,,,,,,,,,,,,,,,,,,,,,,,,,
25041,2019,9,18,19,45,9.8,0,0,0,2.5,,,,,,,,,,,,,,,,,,,,,,,,,,,,,,,,,,,,
25042,2019,9,18,20,0,9.6,0,0,0,2.5,,,,,,,,,,,,,,,,,,,,,,,,,,,,,,,,,,,,
25043,2019,9,18,20,15,9.4,0,0,0,2.5,,,,,,,,,,,,,,,,,,,,,,,,,,,,,,,,,,,,
25044,2019,9,18,20,30,9.3,0,0,0,2.5,,,,,,,,,,,,,,,,,,,,,,,,,,,,,,,,,,,,
25045,2019,9,18,20,45,9.1,0,0,0,2.5,,,,,,,,,,,,,,,,,,,,,,,,,,,,,,,,,,,,
25046,2019,9,18,21,0,8.9,0,0,0,2.5,,,,,,,,,,,,,,,,,,,,,,,,,,,,,,,,,,,,
25047,2019,9,18,21,15,8.700000000000001,0,0,0,2.4000000000000004,,,,,,,,,,,,,,,,,,,,,,,,,,,,,,,,,,,,
25048,2019,9,18,21,30,8.5,0,0,0,2.4000000000000004,,,,,,,,,,,,,,,,,,,,,,,,,,,,,,,,,,,,
25049,2019,9,18,21,45,8.3,0,0,0,2.4000000000000004,,,,,,,,,,,,,,,,,,,,,,,,,,,,,,,,,,,,
25050,2019,9,18,22,0,8.1,0,0,0,2.3000000000000003,,,,,,,,,,,,,,,,,,,,,,,,,,,,,,,,,,,,
25051,2019,9,18,22,15,7.9,0,0,0,2.3000000000000003,,,,,,,,,,,,,,,,,,,,,,,,,,,,,,,,,,,,
25052,2019,9,18,22,30,7.7,0,0,0,2.3000000000000003,,,,,,,,,,,,,,,,,,,,,,,,,,,,,,,,,,,,
25053,2019,9,18,22,45,7.5,0,0,0,2.2,,,,,,,,,,,,,,,,,,,,,,,,,,,,,,,,,,,,
25054,2019,9,18,23,0,7.4,0,0,0,2.2,,,,,,,,,,,,,,,,,,,,,,,,,,,,,,,,,,,,
25055,2019,9,18,23,15,7.2,0,0,0,2.2,,,,,,,,,,,,,,,,,,,,,,,,,,,,,,,,,,,,
25056,2019,9,18,23,30,7.1000000000000005,0,0,0,2.2,,,,,,,,,,,,,,,,,,,,,,,,,,,,,,,,,,,,
25057,2019,9,18,23,45,6.9,0,0,0,2.2,,,,,,,,,,,,,,,,,,,,,,,,,,,,,,,,,,,,
25058,2019,9,19,0,0,6.800000000000001,0,0,0,2.2,,,,,,,,,,,,,,,,,,,,,,,,,,,,,,,,,,,,
25059,2019,9,19,0,15,6.800000000000001,0,0,0,2.2,,,,,,,,,,,,,,,,,,,,,,,,,,,,,,,,,,,,
25060,2019,9,19,0,30,6.800000000000001,0,0,0,2.2,,,,,,,,,,,,,,,,,,,,,,,,,,,,,,,,,,,,
25061,2019,9,19,0,45,6.800000000000001,0,0,0,2.2,,,,,,,,,,,,,,,,,,,,,,,,,,,,,,,,,,,,
25062,2019,9,19,1,0,6.300000000000001,0,0,0,2.3000000000000003,,,,,,,,,,,,,,,,,,,,,,,,,,,,,,,,,,,,
25063,2019,9,19,1,15,6.2,0,0,0,2.3000000000000003,,,,,,,,,,,,,,,,,,,,,,,,,,,,,,,,,,,,
25064,2019,9,19,1,30,6.1000000000000005,0,0,0,2.3000000000000003,,,,,,,,,,,,,,,,,,,,,,,,,,,,,,,,,,,,
25065,2019,9,19,1,45,5.9,0,0,0,2.3000000000000003,,,,,,,,,,,,,,,,,,,,,,,,,,,,,,,,,,,,
25066,2019,9,19,2,0,5.800000000000001,0,0,0,2.3000000000000003,,,,,,,,,,,,,,,,,,,,,,,,,,,,,,,,,,,,
25067,2019,9,19,2,15,5.7,0,0,0,2.3000000000000003,,,,,,,,,,,,,,,,,,,,,,,,,,,,,,,,,,,,
25068,2019,9,19,2,30,5.6000000000000005,0,0,0,2.3000000000000003,,,,,,,,,,,,,,,,,,,,,,,,,,,,,,,,,,,,
25069,2019,9,19,2,45,5.5,0,0,0,2.2,,,,,,,,,,,,,,,,,,,,,,,,,,,,,,,,,,,,
25070,2019,9,19,3,0,5.4,0,0,0,2.2,,,,,,,,,,,,,,,,,,,,,,,,,,,,,,,,,,,,
25071,2019,9,19,3,15,5.300000000000001,0,0,0,2.2,,,,,,,,,,,,,,,,,,,,,,,,,,,,,,,,,,,,
25072,2019,9,19,3,30,5.2,0,0,0,2.2,,,,,,,,,,,,,,,,,,,,,,,,,,,,,,,,,,,,
25073,2019,9,19,3,45,5.1000000000000005,0,0,0,2.1,,,,,,,,,,,,,,,,,,,,,,,,,,,,,,,,,,,,
25074,2019,9,19,4,0,5.0,0,0,0,2.1,,,,,,,,,,,,,,,,,,,,,,,,,,,,,,,,,,,,
25075,2019,9,19,4,15,5.0,0,0,0,2.1,,,,,,,,,,,,,,,,,,,,,,,,,,,,,,,,,,,,
25076,2019,9,19,4,30,5.0,0,0,0,2.1,,,,,,,,,,,,,,,,,,,,,,,,,,,,,,,,,,,,
25077,2019,9,19,4,45,5.0,0,0,0,2.2,,,,,,,,,,,,,,,,,,,,,,,,,,,,,,,,,,,,
25078,2019,9,19,5,0,5.0,0,0,0,2.2,,,,,,,,,,,,,,,,,,,,,,,,,,,,,,,,,,,,
25079,2019,9,19,5,15,5.2,0,0,0,2.3000000000000003,,,,,,,,,,,,,,,,,,,,,,,,,,,,,,,,,,,,
25080,2019,9,19,5,30,5.300000000000001,0,0,0,2.5,,,,,,,,,,,,,,,,,,,,,,,,,,,,,,,,,,,,
25081,2019,9,19,5,45,5.5,0,0,0,2.6,,,,,,,,,,,,,,,,,,,,,,,,,,,,,,,,,,,,
25082,2019,9,19,6,0,5.7,0,0,0,2.8000000000000003,,,,,,,,,,,,,,,,,,,,,,,,,,,,,,,,,,,,
25083,2019,9,19,6,15,6.2,10,0,10,2.9000000000000004,,,,,,,,,,,,,,,,,,,,,,,,,,,,,,,,,,,,
25084,2019,9,19,6,30,6.7,22,0,22,3.0,,,,,,,,,,,,,,,,,,,,,,,,,,,,,,,,,,,,
25085,2019,9,19,6,45,7.2,42,347,85,3.1,,,,,,,,,,,,,,,,,,,,,,,,,,,,,,,,,,,,
25086,2019,9,19,7,0,7.7,51,431,121,3.2,,,,,,,,,,,,,,,,,,,,,,,,,,,,,,,,,,,,
25087,2019,9,19,7,15,8.4,61,0,61,3.3000000000000003,,,,,,,,,,,,,,,,,,,,,,,,,,,,,,,,,,,,
25088,2019,9,19,7,30,9.1,86,28,93,3.4000000000000004,,,,,,,,,,,,,,,,,,,,,,,,,,,,,,,,,,,,
25089,2019,9,19,7,45,9.8,103,42,114,3.4000000000000004,,,,,,,,,,,,,,,,,,,,,,,,,,,,,,,,,,,,
25090,2019,9,19,8,0,10.5,120,57,137,3.5,,,,,,,,,,,,,,,,,,,,,,,,,,,,,,,,,,,,
25091,2019,9,19,8,15,11.0,124,16,130,3.6,,,,,,,,,,,,,,,,,,,,,,,,,,,,,,,,,,,,
25092,2019,9,19,8,30,11.6,153,78,183,3.7,,,,,,,,,,,,,,,,,,,,,,,,,,,,,,,,,,,,
25093,2019,9,19,8,45,12.1,165,226,259,3.8,,,,,,,,,,,,,,,,,,,,,,,,,,,,,,,,,,,,
25094,2019,9,19,9,0,12.7,166,330,312,3.9,,,,,,,,,,,,,,,,,,,,,,,,,,,,,,,,,,,,
25095,2019,9,19,9,15,13.0,201,114,255,3.9,,,,,,,,,,,,,,,,,,,,,,,,,,,,,,,,,,,,
25096,2019,9,19,9,30,13.3,215,123,276,3.9,,,,,,,,,,,,,,,,,,,,,,,,,,,,,,,,,,,,
25097,2019,9,19,9,45,13.6,228,131,297,3.9,,,,,,,,,,,,,,,,,,,,,,,,,,,,,,,,,,,,
25098,2019,9,19,10,0,14.0,241,138,316,3.9,,,,,,,,,,,,,,,,,,,,,,,,,,,,,,,,,,,,
25099,2019,9,19,10,15,14.2,251,174,350,3.9,,,,,,,,,,,,,,,,,,,,,,,,,,,,,,,,,,,,
25100,2019,9,19,10,30,14.5,261,177,365,3.8,,,,,,,,,,,,,,,,,,,,,,,,,,,,,,,,,,,,
25101,2019,9,19,10,45,14.8,270,182,379,3.8,,,,,,,,,,,,,,,,,,,,,,,,,,,,,,,,,,,,
25102,2019,9,19,11,0,15.0,277,186,391,3.8,,,,,,,,,,,,,,,,,,,,,,,,,,,,,,,,,,,,
25103,2019,9,19,11,15,15.3,279,96,338,3.7,,,,,,,,,,,,,,,,,,,,,,,,,,,,,,,,,,,,
25104,2019,9,19,11,30,15.5,269,60,307,3.7,,,,,,,,,,,,,,,,,,,,,,,,,,,,,,,,,,,,
25105,2019,9,19,11,45,15.7,292,174,402,3.7,,,,,,,,,,,,,,,,,,,,,,,,,,,,,,,,,,,,
25106,2019,9,19,12,0,15.9,293,171,402,3.6,,,,,,,,,,,,,,,,,,,,,,,,,,,,,,,,,,,,
25107,2019,9,19,12,15,16.0,293,152,391,3.6,,,,,,,,,,,,,,,,,,,,,,,,,,,,,,,,,,,,
25108,2019,9,19,12,30,16.2,262,44,290,3.6,,,,,,,,,,,,,,,,,,,,,,,,,,,,,,,,,,,,
25109,2019,9,19,12,45,16.3,289,141,377,3.6,,,,,,,,,,,,,,,,,,,,,,,,,,,,,,,,,,,,
25110,2019,9,19,13,0,16.5,284,170,390,3.6,,,,,,,,,,,,,,,,,,,,,,,,,,,,,,,,,,,,
25111,2019,9,19,13,15,16.5,277,121,351,3.7,,,,,,,,,,,,,,,,,,,,,,,,,,,,,,,,,,,,
25112,2019,9,19,13,30,16.6,271,139,354,3.7,,,,,,,,,,,,,,,,,,,,,,,,,,,,,,,,,,,,
25113,2019,9,19,13,45,16.7,260,200,377,3.7,,,,,,,,,,,,,,,,,,,,,,,,,,,,,,,,,,,,
25114,2019,9,19,14,0,16.7,250,191,359,3.7,,,,,,,,,,,,,,,,,,,,,,,,,,,,,,,,,,,,
25115,2019,9,19,14,15,16.6,237,93,287,3.6,,,,,,,,,,,,,,,,,,,,,,,,,,,,,,,,,,,,
25116,2019,9,19,14,30,16.5,228,123,293,3.5,,,,,,,,,,,,,,,,,,,,,,,,,,,,,,,,,,,,
25117,2019,9,19,14,45,16.400000000000002,203,279,342,3.4000000000000004,,,,,,,,,,,,,,,,,,,,,,,,,,,,,,,,,,,,
25118,2019,9,19,15,0,16.3,189,275,319,3.3000000000000003,,,,,,,,,,,,,,,,,,,,,,,,,,,,,,,,,,,,
25119,2019,9,19,15,15,16.1,179,245,287,3.3000000000000003,,,,,,,,,,,,,,,,,,,,,,,,,,,,,,,,,,,,
25120,2019,9,19,15,30,15.9,142,386,301,3.2,,,,,,,,,,,,,,,,,,,,,,,,,,,,,,,,,,,,
25121,2019,9,19,15,45,15.7,149,233,238,3.2,,,,,,,,,,,,,,,,,,,,,,,,,,,,,,,,,,,,
25122,2019,9,19,16,0,15.5,112,391,248,3.1,,,,,,,,,,,,,,,,,,,,,,,,,,,,,,,,,,,,
25123,2019,9,19,16,15,15.1,101,369,216,2.8000000000000003,,,,,,,,,,,,,,,,,,,,,,,,,,,,,,,,,,,,
25124,2019,9,19,16,30,14.7,77,446,200,2.5,,,,,,,,,,,,,,,,,,,,,,,,,,,,,,,,,,,,
25125,2019,9,19,16,45,14.2,87,41,97,2.2,,,,,,,,,,,,,,,,,,,,,,,,,,,,,,,,,,,,
25126,2019,9,19,17,0,13.8,71,24,75,1.9,,,,,,,,,,,,,,,,,,,,,,,,,,,,,,,,,,,,
25127,2019,9,19,17,15,12.9,54,7,56,1.7000000000000002,,,,,,,,,,,,,,,,,,,,,,,,,,,,,,,,,,,,
25128,2019,9,19,17,30,12.0,38,0,38,1.5,,,,,,,,,,,,,,,,,,,,,,,,,,,,,,,,,,,,
25129,2019,9,19,17,45,11.2,23,0,23,1.4,,,,,,,,,,,,,,,,,,,,,,,,,,,,,,,,,,,,
25130,2019,9,19,18,0,10.3,11,0,11,1.2000000000000002,,,,,,,,,,,,,,,,,,,,,,,,,,,,,,,,,,,,
25131,2019,9,19,18,15,10.0,0,0,0,1.2000000000000002,,,,,,,,,,,,,,,,,,,,,,,,,,,,,,,,,,,,
25132,2019,9,19,18,30,9.7,0,0,0,1.2000000000000002,,,,,,,,,,,,,,,,,,,,,,,,,,,,,,,,,,,,
25133,2019,9,19,18,45,9.4,0,0,0,1.2000000000000002,,,,,,,,,,,,,,,,,,,,,,,,,,,,,,,,,,,,
25134,2019,9,19,19,0,9.2,0,0,0,1.2000000000000002,,,,,,,,,,,,,,,,,,,,,,,,,,,,,,,,,,,,
25135,2019,9,19,19,15,9.0,0,0,0,1.2000000000000002,,,,,,,,,,,,,,,,,,,,,,,,,,,,,,,,,,,,
25136,2019,9,19,19,30,8.8,0,0,0,1.2000000000000002,,,,,,,,,,,,,,,,,,,,,,,,,,,,,,,,,,,,
25137,2019,9,19,19,45,8.6,0,0,0,1.2000000000000002,,,,,,,,,,,,,,,,,,,,,,,,,,,,,,,,,,,,
25138,2019,9,19,20,0,8.5,0,0,0,1.2000000000000002,,,,,,,,,,,,,,,,,,,,,,,,,,,,,,,,,,,,
25139,2019,9,19,20,15,8.3,0,0,0,1.2000000000000002,,,,,,,,,,,,,,,,,,,,,,,,,,,,,,,,,,,,
25140,2019,9,19,20,30,8.1,0,0,0,1.2000000000000002,,,,,,,,,,,,,,,,,,,,,,,,,,,,,,,,,,,,
25141,2019,9,19,20,45,8.0,0,0,0,1.2000000000000002,,,,,,,,,,,,,,,,,,,,,,,,,,,,,,,,,,,,
25142,2019,9,19,21,0,7.800000000000001,0,0,0,1.2000000000000002,,,,,,,,,,,,,,,,,,,,,,,,,,,,,,,,,,,,
25143,2019,9,19,21,15,7.6,0,0,0,1.2000000000000002,,,,,,,,,,,,,,,,,,,,,,,,,,,,,,,,,,,,
25144,2019,9,19,21,30,7.5,0,0,0,1.2000000000000002,,,,,,,,,,,,,,,,,,,,,,,,,,,,,,,,,,,,
25145,2019,9,19,21,45,7.300000000000001,0,0,0,1.2000000000000002,,,,,,,,,,,,,,,,,,,,,,,,,,,,,,,,,,,,
25146,2019,9,19,22,0,7.2,0,0,0,1.2000000000000002,,,,,,,,,,,,,,,,,,,,,,,,,,,,,,,,,,,,
25147,2019,9,19,22,15,7.0,0,0,0,1.2000000000000002,,,,,,,,,,,,,,,,,,,,,,,,,,,,,,,,,,,,
25148,2019,9,19,22,30,6.9,0,0,0,1.1,,,,,,,,,,,,,,,,,,,,,,,,,,,,,,,,,,,,
25149,2019,9,19,22,45,6.7,0,0,0,1.1,,,,,,,,,,,,,,,,,,,,,,,,,,,,,,,,,,,,
25150,2019,9,19,23,0,6.6000000000000005,0,0,0,1.1,,,,,,,,,,,,,,,,,,,,,,,,,,,,,,,,,,,,
25151,2019,9,19,23,15,6.4,0,0,0,1.1,,,,,,,,,,,,,,,,,,,,,,,,,,,,,,,,,,,,
25152,2019,9,19,23,30,6.300000000000001,0,0,0,1.1,,,,,,,,,,,,,,,,,,,,,,,,,,,,,,,,,,,,
25153,2019,9,19,23,45,6.2,0,0,0,1.1,,,,,,,,,,,,,,,,,,,,,,,,,,,,,,,,,,,,
25154,2019,9,20,0,0,6.0,0,0,0,1.1,,,,,,,,,,,,,,,,,,,,,,,,,,,,,,,,,,,,
25155,2019,9,20,0,15,6.0,0,0,0,1.1,,,,,,,,,,,,,,,,,,,,,,,,,,,,,,,,,,,,
25156,2019,9,20,0,30,6.0,0,0,0,1.1,,,,,,,,,,,,,,,,,,,,,,,,,,,,,,,,,,,,
25157,2019,9,20,0,45,6.0,0,0,0,1.1,,,,,,,,,,,,,,,,,,,,,,,,,,,,,,,,,,,,
25158,2019,9,20,1,0,5.5,0,0,0,1.1,,,,,,,,,,,,,,,,,,,,,,,,,,,,,,,,,,,,
25159,2019,9,20,1,15,5.4,0,0,0,1.1,,,,,,,,,,,,,,,,,,,,,,,,,,,,,,,,,,,,
25160,2019,9,20,1,30,5.300000000000001,0,0,0,1.1,,,,,,,,,,,,,,,,,,,,,,,,,,,,,,,,,,,,
25161,2019,9,20,1,45,5.2,0,0,0,1.1,,,,,,,,,,,,,,,,,,,,,,,,,,,,,,,,,,,,
25162,2019,9,20,2,0,5.1000000000000005,0,0,0,1.1,,,,,,,,,,,,,,,,,,,,,,,,,,,,,,,,,,,,
25163,2019,9,20,2,15,5.0,0,0,0,1.1,,,,,,,,,,,,,,,,,,,,,,,,,,,,,,,,,,,,
25164,2019,9,20,2,30,4.9,0,0,0,1.2000000000000002,,,,,,,,,,,,,,,,,,,,,,,,,,,,,,,,,,,,
25165,2019,9,20,2,45,4.800000000000001,0,0,0,1.2000000000000002,,,,,,,,,,,,,,,,,,,,,,,,,,,,,,,,,,,,
25166,2019,9,20,3,0,4.7,0,0,0,1.2000000000000002,,,,,,,,,,,,,,,,,,,,,,,,,,,,,,,,,,,,
25167,2019,9,20,3,15,4.6000000000000005,0,0,0,1.2000000000000002,,,,,,,,,,,,,,,,,,,,,,,,,,,,,,,,,,,,
25168,2019,9,20,3,30,4.5,0,0,0,1.2000000000000002,,,,,,,,,,,,,,,,,,,,,,,,,,,,,,,,,,,,
25169,2019,9,20,3,45,4.5,0,0,0,1.2000000000000002,,,,,,,,,,,,,,,,,,,,,,,,,,,,,,,,,,,,
25170,2019,9,20,4,0,4.4,0,0,0,1.2000000000000002,,,,,,,,,,,,,,,,,,,,,,,,,,,,,,,,,,,,
25171,2019,9,20,4,15,4.4,0,0,0,1.3,,,,,,,,,,,,,,,,,,,,,,,,,,,,,,,,,,,,
25172,2019,9,20,4,30,4.4,0,0,0,1.3,,,,,,,,,,,,,,,,,,,,,,,,,,,,,,,,,,,,
25173,2019,9,20,4,45,4.4,0,0,0,1.3,,,,,,,,,,,,,,,,,,,,,,,,,,,,,,,,,,,,
25174,2019,9,20,5,0,4.4,0,0,0,1.3,,,,,,,,,,,,,,,,,,,,,,,,,,,,,,,,,,,,
25175,2019,9,20,5,15,4.6000000000000005,0,0,0,1.4,,,,,,,,,,,,,,,,,,,,,,,,,,,,,,,,,,,,
25176,2019,9,20,5,30,4.800000000000001,0,0,0,1.5,,,,,,,,,,,,,,,,,,,,,,,,,,,,,,,,,,,,
25177,2019,9,20,5,45,5.1000000000000005,0,0,0,1.5,,,,,,,,,,,,,,,,,,,,,,,,,,,,,,,,,,,,
25178,2019,9,20,6,0,5.300000000000001,0,0,0,1.6,,,,,,,,,,,,,,,,,,,,,,,,,,,,,,,,,,,,
25179,2019,9,20,6,15,5.800000000000001,7,0,7,1.8,,,,,,,,,,,,,,,,,,,,,,,,,,,,,,,,,,,,
25180,2019,9,20,6,30,6.4,14,0,14,2.0,,,,,,,,,,,,,,,,,,,,,,,,,,,,,,,,,,,,
25181,2019,9,20,6,45,6.9,23,0,23,2.1,,,,,,,,,,,,,,,,,,,,,,,,,,,,,,,,,,,,
25182,2019,9,20,7,0,7.4,34,0,34,2.3000000000000003,,,,,,,,,,,,,,,,,,,,,,,,,,,,,,,,,,,,
25183,2019,9,20,7,15,8.1,47,0,47,2.3000000000000003,,,,,,,,,,,,,,,,,,,,,,,,,,,,,,,,,,,,
25184,2019,9,20,7,30,8.9,60,0,60,2.3000000000000003,,,,,,,,,,,,,,,,,,,,,,,,,,,,,,,,,,,,
25185,2019,9,20,7,45,9.6,98,24,105,2.3000000000000003,,,,,,,,,,,,,,,,,,,,,,,,,,,,,,,,,,,,
25186,2019,9,20,8,0,10.3,90,0,90,2.3000000000000003,,,,,,,,,,,,,,,,,,,,,,,,,,,,,,,,,,,,
25187,2019,9,20,8,15,10.9,128,254,216,2.3000000000000003,,,,,,,,,,,,,,,,,,,,,,,,,,,,,,,,,,,,
25188,2019,9,20,8,30,11.6,123,0,123,2.3000000000000003,,,,,,,,,,,,,,,,,,,,,,,,,,,,,,,,,,,,
25189,2019,9,20,8,45,12.3,88,699,374,2.3000000000000003,,,,,,,,,,,,,,,,,,,,,,,,,,,,,,,,,,,,
25190,2019,9,20,9,0,12.9,151,10,156,2.3000000000000003,,,,,,,,,,,,,,,,,,,,,,,,,,,,,,,,,,,,
25191,2019,9,20,9,15,13.3,165,14,171,2.3000000000000003,,,,,,,,,,,,,,,,,,,,,,,,,,,,,,,,,,,,
25192,2019,9,20,9,30,13.7,177,18,186,2.2,,,,,,,,,,,,,,,,,,,,,,,,,,,,,,,,,,,,
25193,2019,9,20,9,45,14.2,190,21,201,2.2,,,,,,,,,,,,,,,,,,,,,,,,,,,,,,,,,,,,
25194,2019,9,20,10,0,14.6,201,24,214,2.1,,,,,,,,,,,,,,,,,,,,,,,,,,,,,,,,,,,,
25195,2019,9,20,10,15,14.9,238,66,275,2.1,,,,,,,,,,,,,,,,,,,,,,,,,,,,,,,,,,,,
25196,2019,9,20,10,30,15.3,160,0,160,2.1,,,,,,,,,,,,,,,,,,,,,,,,,,,,,,,,,,,,
25197,2019,9,20,10,45,15.7,156,0,156,2.0,,,,,,,,,,,,,,,,,,,,,,,,,,,,,,,,,,,,
25198,2019,9,20,11,0,16.1,164,1,165,2.0,,,,,,,,,,,,,,,,,,,,,,,,,,,,,,,,,,,,
25199,2019,9,20,11,15,16.400000000000002,191,7,195,2.0,,,,,,,,,,,,,,,,,,,,,,,,,,,,,,,,,,,,
25200,2019,9,20,11,30,16.7,193,7,198,2.0,,,,,,,,,,,,,,,,,,,,,,,,,,,,,,,,,,,,
25201,2019,9,20,11,45,17.0,277,75,324,2.0,,,,,,,,,,,,,,,,,,,,,,,,,,,,,,,,,,,,
25202,2019,9,20,12,0,17.3,290,131,373,2.0,,,,,,,,,,,,,,,,,,,,,,,,,,,,,,,,,,,,
25203,2019,9,20,12,15,17.5,290,129,372,2.0,,,,,,,,,,,,,,,,,,,,,,,,,,,,,,,,,,,,
25204,2019,9,20,12,30,17.7,284,221,424,2.0,,,,,,,,,,,,,,,,,,,,,,,,,,,,,,,,,,,,
25205,2019,9,20,12,45,17.900000000000002,270,291,452,2.0,,,,,,,,,,,,,,,,,,,,,,,,,,,,,,,,,,,,
25206,2019,9,20,13,0,18.1,267,285,442,2.0,,,,,,,,,,,,,,,,,,,,,,,,,,,,,,,,,,,,
25207,2019,9,20,13,15,18.2,261,281,432,1.9,,,,,,,,,,,,,,,,,,,,,,,,,,,,,,,,,,,,
25208,2019,9,20,13,30,18.3,111,790,580,1.9,,,,,,,,,,,,,,,,,,,,,,,,,,,,,,,,,,,,
25209,2019,9,20,13,45,18.3,117,762,558,1.9,,,,,,,,,,,,,,,,,,,,,,,,,,,,,,,,,,,,
25210,2019,9,20,14,0,18.4,238,264,387,1.9,,,,,,,,,,,,,,,,,,,,,,,,,,,,,,,,,,,,
25211,2019,9,20,14,15,18.3,113,741,514,1.8,,,,,,,,,,,,,,,,,,,,,,,,,,,,,,,,,,,,
25212,2019,9,20,14,30,18.3,111,728,488,1.8,,,,,,,,,,,,,,,,,,,,,,,,,,,,,,,,,,,,
25213,2019,9,20,14,45,18.2,116,687,455,1.7000000000000002,,,,,,,,,,,,,,,,,,,,,,,,,,,,,,,,,,,,
25214,2019,9,20,15,0,18.2,113,669,425,1.7000000000000002,,,,,,,,,,,,,,,,,,,,,,,,,,,,,,,,,,,,
25215,2019,9,20,15,15,18.0,109,648,393,1.6,,,,,,,,,,,,,,,,,,,,,,,,,,,,,,,,,,,,
25216,2019,9,20,15,30,17.900000000000002,105,623,359,1.6,,,,,,,,,,,,,,,,,,,,,,,,,,,,,,,,,,,,
25217,2019,9,20,15,45,17.7,107,565,320,1.5,,,,,,,,,,,,,,,,,,,,,,,,,,,,,,,,,,,,
25218,2019,9,20,16,0,17.6,102,532,283,1.5,,,,,,,,,,,,,,,,,,,,,,,,,,,,,,,,,,,,
25219,2019,9,20,16,15,17.1,95,493,246,1.3,,,,,,,,,,,,,,,,,,,,,,,,,,,,,,,,,,,,
25220,2019,9,20,16,30,16.7,88,451,210,1.1,,,,,,,,,,,,,,,,,,,,,,,,,,,,,,,,,,,,
25221,2019,9,20,16,45,16.3,83,374,170,0.9,,,,,,,,,,,,,,,,,,,,,,,,,,,,,,,,,,,,
25222,2019,9,20,17,0,15.9,73,313,134,0.7000000000000001,,,,,,,,,,,,,,,,,,,,,,,,,,,,,,,,,,,,
25223,2019,9,20,17,15,15.4,61,245,99,0.7000000000000001,,,,,,,,,,,,,,,,,,,,,,,,,,,,,,,,,,,,
25224,2019,9,20,17,30,14.9,47,168,67,0.7000000000000001,,,,,,,,,,,,,,,,,,,,,,,,,,,,,,,,,,,,
25225,2019,9,20,17,45,14.4,31,80,37,0.7000000000000001,,,,,,,,,,,,,,,,,,,,,,,,,,,,,,,,,,,,
25226,2019,9,20,18,0,13.9,14,20,15,0.7000000000000001,,,,,,,,,,,,,,,,,,,,,,,,,,,,,,,,,,,,
25227,2019,9,20,18,15,13.8,0,0,0,0.7000000000000001,,,,,,,,,,,,,,,,,,,,,,,,,,,,,,,,,,,,
25228,2019,9,20,18,30,13.6,0,0,0,0.6000000000000001,,,,,,,,,,,,,,,,,,,,,,,,,,,,,,,,,,,,
25229,2019,9,20,18,45,13.5,0,0,0,0.6000000000000001,,,,,,,,,,,,,,,,,,,,,,,,,,,,,,,,,,,,
25230,2019,9,20,19,0,13.4,0,0,0,0.6000000000000001,,,,,,,,,,,,,,,,,,,,,,,,,,,,,,,,,,,,
25231,2019,9,20,19,15,13.1,0,0,0,0.6000000000000001,,,,,,,,,,,,,,,,,,,,,,,,,,,,,,,,,,,,
25232,2019,9,20,19,30,12.9,0,0,0,0.6000000000000001,,,,,,,,,,,,,,,,,,,,,,,,,,,,,,,,,,,,
25233,2019,9,20,19,45,12.7,0,0,0,0.6000000000000001,,,,,,,,,,,,,,,,,,,,,,,,,,,,,,,,,,,,
25234,2019,9,20,20,0,12.4,0,0,0,0.6000000000000001,,,,,,,,,,,,,,,,,,,,,,,,,,,,,,,,,,,,
25235,2019,9,20,20,15,12.1,0,0,0,0.7000000000000001,,,,,,,,,,,,,,,,,,,,,,,,,,,,,,,,,,,,
25236,2019,9,20,20,30,11.7,0,0,0,0.7000000000000001,,,,,,,,,,,,,,,,,,,,,,,,,,,,,,,,,,,,
25237,2019,9,20,20,45,11.3,0,0,0,0.8,,,,,,,,,,,,,,,,,,,,,,,,,,,,,,,,,,,,
25238,2019,9,20,21,0,11.0,0,0,0,0.9,,,,,,,,,,,,,,,,,,,,,,,,,,,,,,,,,,,,
25239,2019,9,20,21,15,10.7,0,0,0,0.9,,,,,,,,,,,,,,,,,,,,,,,,,,,,,,,,,,,,
25240,2019,9,20,21,30,10.3,0,0,0,1.0,,,,,,,,,,,,,,,,,,,,,,,,,,,,,,,,,,,,
25241,2019,9,20,21,45,10.0,0,0,0,1.0,,,,,,,,,,,,,,,,,,,,,,,,,,,,,,,,,,,,
25242,2019,9,20,22,0,9.7,0,0,0,1.0,,,,,,,,,,,,,,,,,,,,,,,,,,,,,,,,,,,,
25243,2019,9,20,22,15,9.4,0,0,0,1.1,,,,,,,,,,,,,,,,,,,,,,,,,,,,,,,,,,,,
25244,2019,9,20,22,30,9.2,0,0,0,1.1,,,,,,,,,,,,,,,,,,,,,,,,,,,,,,,,,,,,
25245,2019,9,20,22,45,8.9,0,0,0,1.1,,,,,,,,,,,,,,,,,,,,,,,,,,,,,,,,,,,,
25246,2019,9,20,23,0,8.6,0,0,0,1.1,,,,,,,,,,,,,,,,,,,,,,,,,,,,,,,,,,,,
25247,2019,9,20,23,15,8.5,0,0,0,1.1,,,,,,,,,,,,,,,,,,,,,,,,,,,,,,,,,,,,
25248,2019,9,20,23,30,8.3,0,0,0,1.1,,,,,,,,,,,,,,,,,,,,,,,,,,,,,,,,,,,,
25249,2019,9,20,23,45,8.1,0,0,0,1.1,,,,,,,,,,,,,,,,,,,,,,,,,,,,,,,,,,,,
25250,2019,9,21,0,0,8.0,0,0,0,1.2000000000000002,,,,,,,,,,,,,,,,,,,,,,,,,,,,,,,,,,,,
25251,2019,9,21,0,15,8.0,0,0,0,1.2000000000000002,,,,,,,,,,,,,,,,,,,,,,,,,,,,,,,,,,,,
25252,2019,9,21,0,30,8.0,0,0,0,1.2000000000000002,,,,,,,,,,,,,,,,,,,,,,,,,,,,,,,,,,,,
25253,2019,9,21,0,45,8.0,0,0,0,1.2000000000000002,,,,,,,,,,,,,,,,,,,,,,,,,,,,,,,,,,,,
25254,2019,9,21,1,0,7.5,0,0,0,1.2000000000000002,,,,,,,,,,,,,,,,,,,,,,,,,,,,,,,,,,,,
25255,2019,9,21,1,15,7.4,0,0,0,1.2000000000000002,,,,,,,,,,,,,,,,,,,,,,,,,,,,,,,,,,,,
25256,2019,9,21,1,30,7.300000000000001,0,0,0,1.3,,,,,,,,,,,,,,,,,,,,,,,,,,,,,,,,,,,,
25257,2019,9,21,1,45,7.2,0,0,0,1.3,,,,,,,,,,,,,,,,,,,,,,,,,,,,,,,,,,,,
25258,2019,9,21,2,0,7.1000000000000005,0,0,0,1.3,,,,,,,,,,,,,,,,,,,,,,,,,,,,,,,,,,,,
25259,2019,9,21,2,15,7.0,0,0,0,1.3,,,,,,,,,,,,,,,,,,,,,,,,,,,,,,,,,,,,
25260,2019,9,21,2,30,6.800000000000001,0,0,0,1.2000000000000002,,,,,,,,,,,,,,,,,,,,,,,,,,,,,,,,,,,,
25261,2019,9,21,2,45,6.7,0,0,0,1.2000000000000002,,,,,,,,,,,,,,,,,,,,,,,,,,,,,,,,,,,,
25262,2019,9,21,3,0,6.6000000000000005,0,0,0,1.2000000000000002,,,,,,,,,,,,,,,,,,,,,,,,,,,,,,,,,,,,
25263,2019,9,21,3,15,6.5,0,0,0,1.2000000000000002,,,,,,,,,,,,,,,,,,,,,,,,,,,,,,,,,,,,
25264,2019,9,21,3,30,6.4,0,0,0,1.2000000000000002,,,,,,,,,,,,,,,,,,,,,,,,,,,,,,,,,,,,
25265,2019,9,21,3,45,6.4,0,0,0,1.2000000000000002,,,,,,,,,,,,,,,,,,,,,,,,,,,,,,,,,,,,
25266,2019,9,21,4,0,6.300000000000001,0,0,0,1.2000000000000002,,,,,,,,,,,,,,,,,,,,,,,,,,,,,,,,,,,,
25267,2019,9,21,4,15,6.2,0,0,0,1.1,,,,,,,,,,,,,,,,,,,,,,,,,,,,,,,,,,,,
25268,2019,9,21,4,30,6.1000000000000005,0,0,0,1.1,,,,,,,,,,,,,,,,,,,,,,,,,,,,,,,,,,,,
25269,2019,9,21,4,45,6.0,0,0,0,1.1,,,,,,,,,,,,,,,,,,,,,,,,,,,,,,,,,,,,
25270,2019,9,21,5,0,5.9,0,0,0,1.1,,,,,,,,,,,,,,,,,,,,,,,,,,,,,,,,,,,,
25271,2019,9,21,5,15,6.1000000000000005,0,0,0,1.1,,,,,,,,,,,,,,,,,,,,,,,,,,,,,,,,,,,,
25272,2019,9,21,5,30,6.2,0,0,0,1.1,,,,,,,,,,,,,,,,,,,,,,,,,,,,,,,,,,,,
25273,2019,9,21,5,45,6.300000000000001,0,0,0,1.1,,,,,,,,,,,,,,,,,,,,,,,,,,,,,,,,,,,,
25274,2019,9,21,6,0,6.4,0,0,0,1.1,,,,,,,,,,,,,,,,,,,,,,,,,,,,,,,,,,,,
25275,2019,9,21,6,15,7.1000000000000005,16,46,17,1.3,,,,,,,,,,,,,,,,,,,,,,,,,,,,,,,,,,,,
25276,2019,9,21,6,30,7.9,30,135,40,1.5,,,,,,,,,,,,,,,,,,,,,,,,,,,,,,,,,,,,
25277,2019,9,21,6,45,8.700000000000001,43,235,70,1.7000000000000002,,,,,,,,,,,,,,,,,,,,,,,,,,,,,,,,,,,,
25278,2019,9,21,7,0,9.5,54,319,103,2.0,,,,,,,,,,,,,,,,,,,,,,,,,,,,,,,,,,,,
25279,2019,9,21,7,15,10.0,63,391,139,1.9,,,,,,,,,,,,,,,,,,,,,,,,,,,,,,,,,,,,
25280,2019,9,21,7,30,10.6,72,452,176,1.8,,,,,,,,,,,,,,,,,,,,,,,,,,,,,,,,,,,,
25281,2019,9,21,7,45,11.1,78,510,215,1.8,,,,,,,,,,,,,,,,,,,,,,,,,,,,,,,,,,,,
25282,2019,9,21,8,0,11.7,84,554,253,1.7000000000000002,,,,,,,,,,,,,,,,,,,,,,,,,,,,,,,,,,,,
25283,2019,9,21,8,15,12.6,90,592,290,1.7000000000000002,,,,,,,,,,,,,,,,,,,,,,,,,,,,,,,,,,,,
25284,2019,9,21,8,30,13.6,94,624,327,1.7000000000000002,,,,,,,,,,,,,,,,,,,,,,,,,,,,,,,,,,,,
25285,2019,9,21,8,45,14.5,97,657,363,1.7000000000000002,,,,,,,,,,,,,,,,,,,,,,,,,,,,,,,,,,,,
25286,2019,9,21,9,0,15.4,101,681,397,1.6,,,,,,,,,,,,,,,,,,,,,,,,,,,,,,,,,,,,
25287,2019,9,21,9,15,16.1,105,702,430,1.6,,,,,,,,,,,,,,,,,,,,,,,,,,,,,,,,,,,,
25288,2019,9,21,9,30,16.7,108,723,462,1.6,,,,,,,,,,,,,,,,,,,,,,,,,,,,,,,,,,,,
25289,2019,9,21,9,45,17.400000000000002,87,808,503,1.6,,,,,,,,,,,,,,,,,,,,,,,,,,,,,,,,,,,,
25290,2019,9,21,10,0,18.1,89,820,529,1.6,,,,,,,,,,,,,,,,,,,,,,,,,,,,,,,,,,,,
25291,2019,9,21,10,15,18.4,90,830,552,1.6,,,,,,,,,,,,,,,,,,,,,,,,,,,,,,,,,,,,
25292,2019,9,21,10,30,18.8,92,839,573,1.6,,,,,,,,,,,,,,,,,,,,,,,,,,,,,,,,,,,,
25293,2019,9,21,10,45,19.200000000000003,93,845,591,1.5,,,,,,,,,,,,,,,,,,,,,,,,,,,,,,,,,,,,
25294,2019,9,21,11,0,19.5,94,851,607,1.5,,,,,,,,,,,,,,,,,,,,,,,,,,,,,,,,,,,,
25295,2019,9,21,11,15,19.8,95,852,617,1.5,,,,,,,,,,,,,,,,,,,,,,,,,,,,,,,,,,,,
25296,2019,9,21,11,30,20.1,95,856,626,1.5,,,,,,,,,,,,,,,,,,,,,,,,,,,,,,,,,,,,
25297,2019,9,21,11,45,20.4,96,857,632,1.5,,,,,,,,,,,,,,,,,,,,,,,,,,,,,,,,,,,,
25298,2019,9,21,12,0,20.700000000000003,96,858,635,1.5,,,,,,,,,,,,,,,,,,,,,,,,,,,,,,,,,,,,
25299,2019,9,21,12,15,20.9,96,858,635,1.5,,,,,,,,,,,,,,,,,,,,,,,,,,,,,,,,,,,,
25300,2019,9,21,12,30,21.1,96,857,632,1.5,,,,,,,,,,,,,,,,,,,,,,,,,,,,,,,,,,,,
25301,2019,9,21,12,45,21.3,93,859,627,1.5,,,,,,,,,,,,,,,,,,,,,,,,,,,,,,,,,,,,
25302,2019,9,21,13,0,21.5,93,856,617,1.5,,,,,,,,,,,,,,,,,,,,,,,,,,,,,,,,,,,,
25303,2019,9,21,13,15,21.6,92,852,605,1.6,,,,,,,,,,,,,,,,,,,,,,,,,,,,,,,,,,,,
25304,2019,9,21,13,30,21.700000000000003,91,846,589,1.6,,,,,,,,,,,,,,,,,,,,,,,,,,,,,,,,,,,,
25305,2019,9,21,13,45,21.8,90,839,571,1.6,,,,,,,,,,,,,,,,,,,,,,,,,,,,,,,,,,,,
25306,2019,9,21,14,0,21.9,88,831,550,1.7000000000000002,,,,,,,,,,,,,,,,,,,,,,,,,,,,,,,,,,,,
25307,2019,9,21,14,15,21.9,87,821,526,1.7000000000000002,,,,,,,,,,,,,,,,,,,,,,,,,,,,,,,,,,,,
25308,2019,9,21,14,30,21.9,85,809,500,1.8,,,,,,,,,,,,,,,,,,,,,,,,,,,,,,,,,,,,
25309,2019,9,21,14,45,21.9,83,797,471,1.9,,,,,,,,,,,,,,,,,,,,,,,,,,,,,,,,,,,,
25310,2019,9,21,15,0,21.8,81,781,440,1.9,,,,,,,,,,,,,,,,,,,,,,,,,,,,,,,,,,,,
25311,2019,9,21,15,15,21.6,78,762,407,1.9,,,,,,,,,,,,,,,,,,,,,,,,,,,,,,,,,,,,
25312,2019,9,21,15,30,21.4,75,741,373,2.0,,,,,,,,,,,,,,,,,,,,,,,,,,,,,,,,,,,,
25313,2019,9,21,15,45,21.200000000000003,72,718,337,2.0,,,,,,,,,,,,,,,,,,,,,,,,,,,,,,,,,,,,
25314,2019,9,21,16,0,21.0,68,689,300,2.0,,,,,,,,,,,,,,,,,,,,,,,,,,,,,,,,,,,,
25315,2019,9,21,16,15,20.200000000000003,64,655,261,1.8,,,,,,,,,,,,,,,,,,,,,,,,,,,,,,,,,,,,
25316,2019,9,21,16,30,19.5,60,615,223,1.5,,,,,,,,,,,,,,,,,,,,,,,,,,,,,,,,,,,,
25317,2019,9,21,16,45,18.7,55,572,185,1.3,,,,,,,,,,,,,,,,,,,,,,,,,,,,,,,,,,,,
25318,2019,9,21,17,0,17.900000000000002,49,515,146,1.1,,,,,,,,,,,,,,,,,,,,,,,,,,,,,,,,,,,,
25319,2019,9,21,17,15,17.0,42,444,109,1.1,,,,,,,,,,,,,,,,,,,,,,,,,,,,,,,,,,,,
25320,2019,9,21,17,30,16.1,34,358,74,1.2000000000000002,,,,,,,,,,,,,,,,,,,,,,,,,,,,,,,,,,,,
25321,2019,9,21,17,45,15.2,25,252,43,1.2000000000000002,,,,,,,,,,,,,,,,,,,,,,,,,,,,,,,,,,,,
25322,2019,9,21,18,0,14.4,14,125,19,1.3,,,,,,,,,,,,,,,,,,,,,,,,,,,,,,,,,,,,
25323,2019,9,21,18,15,14.1,0,0,0,1.3,,,,,,,,,,,,,,,,,,,,,,,,,,,,,,,,,,,,
25324,2019,9,21,18,30,13.8,0,0,0,1.4,,,,,,,,,,,,,,,,,,,,,,,,,,,,,,,,,,,,
25325,2019,9,21,18,45,13.5,0,0,0,1.4,,,,,,,,,,,,,,,,,,,,,,,,,,,,,,,,,,,,
25326,2019,9,21,19,0,13.2,0,0,0,1.4,,,,,,,,,,,,,,,,,,,,,,,,,,,,,,,,,,,,
25327,2019,9,21,19,15,13.0,0,0,0,1.4,,,,,,,,,,,,,,,,,,,,,,,,,,,,,,,,,,,,
25328,2019,9,21,19,30,12.8,0,0,0,1.5,,,,,,,,,,,,,,,,,,,,,,,,,,,,,,,,,,,,
25329,2019,9,21,19,45,12.6,0,0,0,1.5,,,,,,,,,,,,,,,,,,,,,,,,,,,,,,,,,,,,
25330,2019,9,21,20,0,12.4,0,0,0,1.5,,,,,,,,,,,,,,,,,,,,,,,,,,,,,,,,,,,,
25331,2019,9,21,20,15,12.3,0,0,0,1.5,,,,,,,,,,,,,,,,,,,,,,,,,,,,,,,,,,,,
25332,2019,9,21,20,30,12.1,0,0,0,1.5,,,,,,,,,,,,,,,,,,,,,,,,,,,,,,,,,,,,
25333,2019,9,21,20,45,11.9,0,0,0,1.5,,,,,,,,,,,,,,,,,,,,,,,,,,,,,,,,,,,,
25334,2019,9,21,21,0,11.7,0,0,0,1.5,,,,,,,,,,,,,,,,,,,,,,,,,,,,,,,,,,,,
25335,2019,9,21,21,15,11.6,0,0,0,1.5,,,,,,,,,,,,,,,,,,,,,,,,,,,,,,,,,,,,
25336,2019,9,21,21,30,11.4,0,0,0,1.5,,,,,,,,,,,,,,,,,,,,,,,,,,,,,,,,,,,,
25337,2019,9,21,21,45,11.2,0,0,0,1.5,,,,,,,,,,,,,,,,,,,,,,,,,,,,,,,,,,,,
25338,2019,9,21,22,0,11.0,0,0,0,1.5,,,,,,,,,,,,,,,,,,,,,,,,,,,,,,,,,,,,
25339,2019,9,21,22,15,10.9,0,0,0,1.5,,,,,,,,,,,,,,,,,,,,,,,,,,,,,,,,,,,,
25340,2019,9,21,22,30,10.7,0,0,0,1.4,,,,,,,,,,,,,,,,,,,,,,,,,,,,,,,,,,,,
25341,2019,9,21,22,45,10.6,0,0,0,1.4,,,,,,,,,,,,,,,,,,,,,,,,,,,,,,,,,,,,
25342,2019,9,21,23,0,10.4,0,0,0,1.4,,,,,,,,,,,,,,,,,,,,,,,,,,,,,,,,,,,,
25343,2019,9,21,23,15,10.3,0,0,0,1.4,,,,,,,,,,,,,,,,,,,,,,,,,,,,,,,,,,,,
25344,2019,9,21,23,30,10.2,0,0,0,1.4,,,,,,,,,,,,,,,,,,,,,,,,,,,,,,,,,,,,
25345,2019,9,21,23,45,10.0,0,0,0,1.3,,,,,,,,,,,,,,,,,,,,,,,,,,,,,,,,,,,,
25346,2019,9,22,0,0,9.9,0,0,0,1.3,,,,,,,,,,,,,,,,,,,,,,,,,,,,,,,,,,,,
25347,2019,9,22,0,15,9.9,0,0,0,1.3,,,,,,,,,,,,,,,,,,,,,,,,,,,,,,,,,,,,
25348,2019,9,22,0,30,9.9,0,0,0,1.3,,,,,,,,,,,,,,,,,,,,,,,,,,,,,,,,,,,,
25349,2019,9,22,0,45,9.9,0,0,0,1.3,,,,,,,,,,,,,,,,,,,,,,,,,,,,,,,,,,,,
25350,2019,9,22,1,0,9.4,0,0,0,1.3,,,,,,,,,,,,,,,,,,,,,,,,,,,,,,,,,,,,
25351,2019,9,22,1,15,9.3,0,0,0,1.3,,,,,,,,,,,,,,,,,,,,,,,,,,,,,,,,,,,,
25352,2019,9,22,1,30,9.3,0,0,0,1.3,,,,,,,,,,,,,,,,,,,,,,,,,,,,,,,,,,,,
25353,2019,9,22,1,45,9.2,0,0,0,1.3,,,,,,,,,,,,,,,,,,,,,,,,,,,,,,,,,,,,
25354,2019,9,22,2,0,9.1,0,0,0,1.2000000000000002,,,,,,,,,,,,,,,,,,,,,,,,,,,,,,,,,,,,
25355,2019,9,22,2,15,9.0,0,0,0,1.2000000000000002,,,,,,,,,,,,,,,,,,,,,,,,,,,,,,,,,,,,
25356,2019,9,22,2,30,9.0,0,0,0,1.2000000000000002,,,,,,,,,,,,,,,,,,,,,,,,,,,,,,,,,,,,
25357,2019,9,22,2,45,8.9,0,0,0,1.2000000000000002,,,,,,,,,,,,,,,,,,,,,,,,,,,,,,,,,,,,
25358,2019,9,22,3,0,8.8,0,0,0,1.2000000000000002,,,,,,,,,,,,,,,,,,,,,,,,,,,,,,,,,,,,
25359,2019,9,22,3,15,8.700000000000001,0,0,0,1.2000000000000002,,,,,,,,,,,,,,,,,,,,,,,,,,,,,,,,,,,,
25360,2019,9,22,3,30,8.700000000000001,0,0,0,1.2000000000000002,,,,,,,,,,,,,,,,,,,,,,,,,,,,,,,,,,,,
25361,2019,9,22,3,45,8.6,0,0,0,1.2000000000000002,,,,,,,,,,,,,,,,,,,,,,,,,,,,,,,,,,,,
25362,2019,9,22,4,0,8.5,0,0,0,1.2000000000000002,,,,,,,,,,,,,,,,,,,,,,,,,,,,,,,,,,,,
25363,2019,9,22,4,15,8.3,0,0,0,1.2000000000000002,,,,,,,,,,,,,,,,,,,,,,,,,,,,,,,,,,,,
25364,2019,9,22,4,30,8.200000000000001,0,0,0,1.2000000000000002,,,,,,,,,,,,,,,,,,,,,,,,,,,,,,,,,,,,
25365,2019,9,22,4,45,8.1,0,0,0,1.2000000000000002,,,,,,,,,,,,,,,,,,,,,,,,,,,,,,,,,,,,
25366,2019,9,22,5,0,7.9,0,0,0,1.2000000000000002,,,,,,,,,,,,,,,,,,,,,,,,,,,,,,,,,,,,
25367,2019,9,22,5,15,7.9,0,0,0,1.2000000000000002,,,,,,,,,,,,,,,,,,,,,,,,,,,,,,,,,,,,
25368,2019,9,22,5,30,7.9,0,0,0,1.2000000000000002,,,,,,,,,,,,,,,,,,,,,,,,,,,,,,,,,,,,
25369,2019,9,22,5,45,8.0,0,0,0,1.2000000000000002,,,,,,,,,,,,,,,,,,,,,,,,,,,,,,,,,,,,
25370,2019,9,22,6,0,8.0,0,0,0,1.2000000000000002,,,,,,,,,,,,,,,,,,,,,,,,,,,,,,,,,,,,
25371,2019,9,22,6,15,8.700000000000001,15,125,19,1.4,,,,,,,,,,,,,,,,,,,,,,,,,,,,,,,,,,,,
25372,2019,9,22,6,30,9.4,25,255,43,1.7000000000000002,,,,,,,,,,,,,,,,,,,,,,,,,,,,,,,,,,,,
25373,2019,9,22,6,45,10.1,34,372,75,1.9,,,,,,,,,,,,,,,,,,,,,,,,,,,,,,,,,,,,
25374,2019,9,22,7,0,10.9,41,460,110,2.1,,,,,,,,,,,,,,,,,,,,,,,,,,,,,,,,,,,,
25375,2019,9,22,7,15,11.4,48,530,148,2.1,,,,,,,,,,,,,,,,,,,,,,,,,,,,,,,,,,,,
25376,2019,9,22,7,30,12.0,54,588,187,2.1,,,,,,,,,,,,,,,,,,,,,,,,,,,,,,,,,,,,
25377,2019,9,22,7,45,12.5,58,642,227,2.2,,,,,,,,,,,,,,,,,,,,,,,,,,,,,,,,,,,,
25378,2019,9,22,8,0,13.1,62,681,266,2.2,,,,,,,,,,,,,,,,,,,,,,,,,,,,,,,,,,,,
25379,2019,9,22,8,15,13.9,65,715,304,2.2,,,,,,,,,,,,,,,,,,,,,,,,,,,,,,,,,,,,
25380,2019,9,22,8,30,14.7,69,743,342,2.2,,,,,,,,,,,,,,,,,,,,,,,,,,,,,,,,,,,,
25381,2019,9,22,8,45,15.5,70,772,379,2.2,,,,,,,,,,,,,,,,,,,,,,,,,,,,,,,,,,,,
25382,2019,9,22,9,0,16.3,73,792,414,2.2,,,,,,,,,,,,,,,,,,,,,,,,,,,,,,,,,,,,
25383,2019,9,22,9,15,17.1,75,810,447,2.3000000000000003,,,,,,,,,,,,,,,,,,,,,,,,,,,,,,,,,,,,
25384,2019,9,22,9,30,17.900000000000002,77,825,478,2.4000000000000004,,,,,,,,,,,,,,,,,,,,,,,,,,,,,,,,,,,,
25385,2019,9,22,9,45,18.7,83,827,504,2.5,,,,,,,,,,,,,,,,,,,,,,,,,,,,,,,,,,,,
25386,2019,9,22,10,0,19.4,84,838,530,2.6,,,,,,,,,,,,,,,,,,,,,,,,,,,,,,,,,,,,
25387,2019,9,22,10,15,20.1,86,848,554,2.6,,,,,,,,,,,,,,,,,,,,,,,,,,,,,,,,,,,,
25388,2019,9,22,10,30,20.700000000000003,87,857,575,2.6,,,,,,,,,,,,,,,,,,,,,,,,,,,,,,,,,,,,
25389,2019,9,22,10,45,21.3,88,865,594,2.7,,,,,,,,,,,,,,,,,,,,,,,,,,,,,,,,,,,,
25390,2019,9,22,11,0,21.9,88,871,609,2.7,,,,,,,,,,,,,,,,,,,,,,,,,,,,,,,,,,,,
25391,2019,9,22,11,15,22.3,89,875,621,2.8000000000000003,,,,,,,,,,,,,,,,,,,,,,,,,,,,,,,,,,,,
25392,2019,9,22,11,30,22.8,90,879,631,2.8000000000000003,,,,,,,,,,,,,,,,,,,,,,,,,,,,,,,,,,,,
25393,2019,9,22,11,45,23.200000000000003,90,881,637,2.8000000000000003,,,,,,,,,,,,,,,,,,,,,,,,,,,,,,,,,,,,
25394,2019,9,22,12,0,23.700000000000003,90,882,640,2.9000000000000004,,,,,,,,,,,,,,,,,,,,,,,,,,,,,,,,,,,,
25395,2019,9,22,12,15,24.0,90,882,640,2.9000000000000004,,,,,,,,,,,,,,,,,,,,,,,,,,,,,,,,,,,,
25396,2019,9,22,12,30,24.200000000000003,90,881,636,2.9000000000000004,,,,,,,,,,,,,,,,,,,,,,,,,,,,,,,,,,,,
25397,2019,9,22,12,45,24.5,91,874,629,2.9000000000000004,,,,,,,,,,,,,,,,,,,,,,,,,,,,,,,,,,,,
25398,2019,9,22,13,0,24.8,91,871,619,3.0,,,,,,,,,,,,,,,,,,,,,,,,,,,,,,,,,,,,
25399,2019,9,22,13,15,24.9,90,863,604,3.0,,,,,,,,,,,,,,,,,,,,,,,,,,,,,,,,,,,,
25400,2019,9,22,13,30,25.0,89,857,589,3.0,,,,,,,,,,,,,,,,,,,,,,,,,,,,,,,,,,,,
25401,2019,9,22,13,45,25.1,88,850,570,3.0,,,,,,,,,,,,,,,,,,,,,,,,,,,,,,,,,,,,
25402,2019,9,22,14,0,25.200000000000003,87,841,549,3.1,,,,,,,,,,,,,,,,,,,,,,,,,,,,,,,,,,,,
25403,2019,9,22,14,15,25.1,85,831,525,3.1,,,,,,,,,,,,,,,,,,,,,,,,,,,,,,,,,,,,
25404,2019,9,22,14,30,25.0,83,820,498,3.1,,,,,,,,,,,,,,,,,,,,,,,,,,,,,,,,,,,,
25405,2019,9,22,14,45,24.9,82,804,469,3.1,,,,,,,,,,,,,,,,,,,,,,,,,,,,,,,,,,,,
25406,2019,9,22,15,0,24.8,180,285,310,3.1,,,,,,,,,,,,,,,,,,,,,,,,,,,,,,,,,,,,
25407,2019,9,22,15,15,24.5,159,324,297,2.9000000000000004,,,,,,,,,,,,,,,,,,,,,,,,,,,,,,,,,,,,
25408,2019,9,22,15,30,24.200000000000003,149,296,266,2.8000000000000003,,,,,,,,,,,,,,,,,,,,,,,,,,,,,,,,,,,,
25409,2019,9,22,15,45,23.9,80,612,302,2.6,,,,,,,,,,,,,,,,,,,,,,,,,,,,,,,,,,,,
25410,2019,9,22,16,0,23.6,86,517,256,2.5,,,,,,,,,,,,,,,,,,,,,,,,,,,,,,,,,,,,
25411,2019,9,22,16,15,22.6,101,310,192,2.2,,,,,,,,,,,,,,,,,,,,,,,,,,,,,,,,,,,,
25412,2019,9,22,16,30,21.6,98,76,117,2.0,,,,,,,,,,,,,,,,,,,,,,,,,,,,,,,,,,,,
25413,2019,9,22,16,45,20.700000000000003,81,60,95,1.7000000000000002,,,,,,,,,,,,,,,,,,,,,,,,,,,,,,,,,,,,
25414,2019,9,22,17,0,19.700000000000003,65,46,74,1.5,,,,,,,,,,,,,,,,,,,,,,,,,,,,,,,,,,,,
25415,2019,9,22,17,15,18.8,49,33,54,1.6,,,,,,,,,,,,,,,,,,,,,,,,,,,,,,,,,,,,
25416,2019,9,22,17,30,18.0,35,21,37,1.6,,,,,,,,,,,,,,,,,,,,,,,,,,,,,,,,,,,,
25417,2019,9,22,17,45,17.1,22,6,23,1.7000000000000002,,,,,,,,,,,,,,,,,,,,,,,,,,,,,,,,,,,,
25418,2019,9,22,18,0,16.3,5,101,8,1.7000000000000002,,,,,,,,,,,,,,,,,,,,,,,,,,,,,,,,,,,,
25419,2019,9,22,18,15,16.0,0,0,0,1.8,,,,,,,,,,,,,,,,,,,,,,,,,,,,,,,,,,,,
25420,2019,9,22,18,30,15.8,0,0,0,1.8,,,,,,,,,,,,,,,,,,,,,,,,,,,,,,,,,,,,
25421,2019,9,22,18,45,15.6,0,0,0,1.9,,,,,,,,,,,,,,,,,,,,,,,,,,,,,,,,,,,,
25422,2019,9,22,19,0,15.3,0,0,0,1.9,,,,,,,,,,,,,,,,,,,,,,,,,,,,,,,,,,,,
25423,2019,9,22,19,15,15.1,0,0,0,2.0,,,,,,,,,,,,,,,,,,,,,,,,,,,,,,,,,,,,
25424,2019,9,22,19,30,14.9,0,0,0,2.0,,,,,,,,,,,,,,,,,,,,,,,,,,,,,,,,,,,,
25425,2019,9,22,19,45,14.7,0,0,0,2.0,,,,,,,,,,,,,,,,,,,,,,,,,,,,,,,,,,,,
25426,2019,9,22,20,0,14.5,0,0,0,2.0,,,,,,,,,,,,,,,,,,,,,,,,,,,,,,,,,,,,
25427,2019,9,22,20,15,14.2,0,0,0,2.0,,,,,,,,,,,,,,,,,,,,,,,,,,,,,,,,,,,,
25428,2019,9,22,20,30,14.0,0,0,0,1.9,,,,,,,,,,,,,,,,,,,,,,,,,,,,,,,,,,,,
25429,2019,9,22,20,45,13.8,0,0,0,1.9,,,,,,,,,,,,,,,,,,,,,,,,,,,,,,,,,,,,
25430,2019,9,22,21,0,13.6,0,0,0,1.9,,,,,,,,,,,,,,,,,,,,,,,,,,,,,,,,,,,,
25431,2019,9,22,21,15,13.4,0,0,0,1.8,,,,,,,,,,,,,,,,,,,,,,,,,,,,,,,,,,,,
25432,2019,9,22,21,30,13.2,0,0,0,1.8,,,,,,,,,,,,,,,,,,,,,,,,,,,,,,,,,,,,
25433,2019,9,22,21,45,13.1,0,0,0,1.8,,,,,,,,,,,,,,,,,,,,,,,,,,,,,,,,,,,,
25434,2019,9,22,22,0,12.9,0,0,0,1.7000000000000002,,,,,,,,,,,,,,,,,,,,,,,,,,,,,,,,,,,,
25435,2019,9,22,22,15,12.8,0,0,0,1.7000000000000002,,,,,,,,,,,,,,,,,,,,,,,,,,,,,,,,,,,,
25436,2019,9,22,22,30,12.6,0,0,0,1.6,,,,,,,,,,,,,,,,,,,,,,,,,,,,,,,,,,,,
25437,2019,9,22,22,45,12.5,0,0,0,1.5,,,,,,,,,,,,,,,,,,,,,,,,,,,,,,,,,,,,
25438,2019,9,22,23,0,12.3,0,0,0,1.5,,,,,,,,,,,,,,,,,,,,,,,,,,,,,,,,,,,,
25439,2019,9,22,23,15,12.2,0,0,0,1.4,,,,,,,,,,,,,,,,,,,,,,,,,,,,,,,,,,,,
25440,2019,9,22,23,30,12.0,0,0,0,1.4,,,,,,,,,,,,,,,,,,,,,,,,,,,,,,,,,,,,
25441,2019,9,22,23,45,11.9,0,0,0,1.3,,,,,,,,,,,,,,,,,,,,,,,,,,,,,,,,,,,,
25442,2019,9,23,0,0,11.8,0,0,0,1.3,,,,,,,,,,,,,,,,,,,,,,,,,,,,,,,,,,,,
25443,2019,9,23,0,15,11.8,0,0,0,1.3,,,,,,,,,,,,,,,,,,,,,,,,,,,,,,,,,,,,
25444,2019,9,23,0,30,11.8,0,0,0,1.3,,,,,,,,,,,,,,,,,,,,,,,,,,,,,,,,,,,,
25445,2019,9,23,0,45,11.8,0,0,0,1.3,,,,,,,,,,,,,,,,,,,,,,,,,,,,,,,,,,,,
25446,2019,9,23,1,0,11.3,0,0,0,1.2000000000000002,,,,,,,,,,,,,,,,,,,,,,,,,,,,,,,,,,,,
25447,2019,9,23,1,15,11.2,0,0,0,1.2000000000000002,,,,,,,,,,,,,,,,,,,,,,,,,,,,,,,,,,,,
25448,2019,9,23,1,30,11.0,0,0,0,1.2000000000000002,,,,,,,,,,,,,,,,,,,,,,,,,,,,,,,,,,,,
25449,2019,9,23,1,45,10.9,0,0,0,1.1,,,,,,,,,,,,,,,,,,,,,,,,,,,,,,,,,,,,
25450,2019,9,23,2,0,10.8,0,0,0,1.1,,,,,,,,,,,,,,,,,,,,,,,,,,,,,,,,,,,,
25451,2019,9,23,2,15,10.7,0,0,0,1.1,,,,,,,,,,,,,,,,,,,,,,,,,,,,,,,,,,,,
25452,2019,9,23,2,30,10.6,0,0,0,1.1,,,,,,,,,,,,,,,,,,,,,,,,,,,,,,,,,,,,
25453,2019,9,23,2,45,10.5,0,0,0,1.1,,,,,,,,,,,,,,,,,,,,,,,,,,,,,,,,,,,,
25454,2019,9,23,3,0,10.4,0,0,0,1.1,,,,,,,,,,,,,,,,,,,,,,,,,,,,,,,,,,,,
25455,2019,9,23,3,15,10.3,0,0,0,1.1,,,,,,,,,,,,,,,,,,,,,,,,,,,,,,,,,,,,
25456,2019,9,23,3,30,10.2,0,0,0,1.1,,,,,,,,,,,,,,,,,,,,,,,,,,,,,,,,,,,,
25457,2019,9,23,3,45,10.1,0,0,0,1.1,,,,,,,,,,,,,,,,,,,,,,,,,,,,,,,,,,,,
25458,2019,9,23,4,0,10.0,0,0,0,1.1,,,,,,,,,,,,,,,,,,,,,,,,,,,,,,,,,,,,
25459,2019,9,23,4,15,9.9,0,0,0,1.1,,,,,,,,,,,,,,,,,,,,,,,,,,,,,,,,,,,,
25460,2019,9,23,4,30,9.8,0,0,0,1.1,,,,,,,,,,,,,,,,,,,,,,,,,,,,,,,,,,,,
25461,2019,9,23,4,45,9.7,0,0,0,1.1,,,,,,,,,,,,,,,,,,,,,,,,,,,,,,,,,,,,
25462,2019,9,23,5,0,9.5,0,0,0,1.1,,,,,,,,,,,,,,,,,,,,,,,,,,,,,,,,,,,,
25463,2019,9,23,5,15,9.5,0,0,0,1.1,,,,,,,,,,,,,,,,,,,,,,,,,,,,,,,,,,,,
25464,2019,9,23,5,30,9.6,0,0,0,1.1,,,,,,,,,,,,,,,,,,,,,,,,,,,,,,,,,,,,
25465,2019,9,23,5,45,9.6,0,0,0,1.1,,,,,,,,,,,,,,,,,,,,,,,,,,,,,,,,,,,,
25466,2019,9,23,6,0,9.6,0,0,0,1.1,,,,,,,,,,,,,,,,,,,,,,,,,,,,,,,,,,,,
25467,2019,9,23,6,15,10.3,6,23,7,1.2000000000000002,,,,,,,,,,,,,,,,,,,,,,,,,,,,,,,,,,,,
25468,2019,9,23,6,30,11.0,21,0,21,1.4,,,,,,,,,,,,,,,,,,,,,,,,,,,,,,,,,,,,
25469,2019,9,23,6,45,11.7,35,22,38,1.5,,,,,,,,,,,,,,,,,,,,,,,,,,,,,,,,,,,,
25470,2019,9,23,7,0,12.4,51,49,58,1.7000000000000002,,,,,,,,,,,,,,,,,,,,,,,,,,,,,,,,,,,,
25471,2019,9,23,7,15,13.0,67,73,80,1.7000000000000002,,,,,,,,,,,,,,,,,,,,,,,,,,,,,,,,,,,,
25472,2019,9,23,7,30,13.6,83,98,104,1.7000000000000002,,,,,,,,,,,,,,,,,,,,,,,,,,,,,,,,,,,,
25473,2019,9,23,7,45,14.2,99,122,130,1.8,,,,,,,,,,,,,,,,,,,,,,,,,,,,,,,,,,,,
25474,2019,9,23,8,0,14.7,114,145,157,1.8,,,,,,,,,,,,,,,,,,,,,,,,,,,,,,,,,,,,
25475,2019,9,23,8,15,15.5,130,156,182,1.8,,,,,,,,,,,,,,,,,,,,,,,,,,,,,,,,,,,,
25476,2019,9,23,8,30,16.2,147,112,188,1.8,,,,,,,,,,,,,,,,,,,,,,,,,,,,,,,,,,,,
25477,2019,9,23,8,45,16.900000000000002,158,216,244,1.8,,,,,,,,,,,,,,,,,,,,,,,,,,,,,,,,,,,,
25478,2019,9,23,9,0,17.7,178,123,230,1.8,,,,,,,,,,,,,,,,,,,,,,,,,,,,,,,,,,,,
25479,2019,9,23,9,15,18.3,183,55,208,1.8,,,,,,,,,,,,,,,,,,,,,,,,,,,,,,,,,,,,
25480,2019,9,23,9,30,18.8,194,52,219,1.8,,,,,,,,,,,,,,,,,,,,,,,,,,,,,,,,,,,,
25481,2019,9,23,9,45,19.4,220,158,300,1.9,,,,,,,,,,,,,,,,,,,,,,,,,,,,,,,,,,,,
25482,2019,9,23,10,0,20.0,186,15,194,1.9,,,,,,,,,,,,,,,,,,,,,,,,,,,,,,,,,,,,
25483,2019,9,23,10,15,20.3,233,261,376,1.9,,,,,,,,,,,,,,,,,,,,,,,,,,,,,,,,,,,,
25484,2019,9,23,10,30,20.700000000000003,251,196,361,1.9,,,,,,,,,,,,,,,,,,,,,,,,,,,,,,,,,,,,
25485,2019,9,23,10,45,21.0,258,102,317,2.0,,,,,,,,,,,,,,,,,,,,,,,,,,,,,,,,,,,,
25486,2019,9,23,11,0,21.4,214,19,225,2.0,,,,,,,,,,,,,,,,,,,,,,,,,,,,,,,,,,,,
25487,2019,9,23,11,15,21.5,271,108,337,2.1,,,,,,,,,,,,,,,,,,,,,,,,,,,,,,,,,,,,
25488,2019,9,23,11,30,21.6,268,77,315,2.1,,,,,,,,,,,,,,,,,,,,,,,,,,,,,,,,,,,,
25489,2019,9,23,11,45,21.8,280,120,354,2.2,,,,,,,,,,,,,,,,,,,,,,,,,,,,,,,,,,,,
25490,2019,9,23,12,0,21.9,282,123,358,2.2,,,,,,,,,,,,,,,,,,,,,,,,,,,,,,,,,,,,
25491,2019,9,23,12,15,21.9,275,85,327,2.3000000000000003,,,,,,,,,,,,,,,,,,,,,,,,,,,,,,,,,,,,
25492,2019,9,23,12,30,21.9,171,2,172,2.3000000000000003,,,,,,,,,,,,,,,,,,,,,,,,,,,,,,,,,,,,
25493,2019,9,23,12,45,21.9,95,0,95,2.4000000000000004,,,,,,,,,,,,,,,,,,,,,,,,,,,,,,,,,,,,
25494,2019,9,23,13,0,21.9,97,0,97,2.4000000000000004,,,,,,,,,,,,,,,,,,,,,,,,,,,,,,,,,,,,
25495,2019,9,23,13,15,21.8,125,0,125,2.4000000000000004,,,,,,,,,,,,,,,,,,,,,,,,,,,,,,,,,,,,
25496,2019,9,23,13,30,21.6,38,0,38,2.4000000000000004,,,,,,,,,,,,,,,,,,,,,,,,,,,,,,,,,,,,
25497,2019,9,23,13,45,21.5,66,0,66,2.4000000000000004,,,,,,,,,,,,,,,,,,,,,,,,,,,,,,,,,,,,
25498,2019,9,23,14,0,21.3,77,0,77,2.4000000000000004,,,,,,,,,,,,,,,,,,,,,,,,,,,,,,,,,,,,
25499,2019,9,23,14,15,21.1,155,0,155,2.4000000000000004,,,,,,,,,,,,,,,,,,,,,,,,,,,,,,,,,,,,
25500,2019,9,23,14,30,20.8,113,0,113,2.4000000000000004,,,,,,,,,,,,,,,,,,,,,,,,,,,,,,,,,,,,
25501,2019,9,23,14,45,20.6,168,15,175,2.4000000000000004,,,,,,,,,,,,,,,,,,,,,,,,,,,,,,,,,,,,
25502,2019,9,23,15,0,20.3,189,103,235,2.4000000000000004,,,,,,,,,,,,,,,,,,,,,,,,,,,,,,,,,,,,
25503,2019,9,23,15,15,20.0,171,73,202,2.4000000000000004,,,,,,,,,,,,,,,,,,,,,,,,,,,,,,,,,,,,
25504,2019,9,23,15,30,19.700000000000003,158,85,191,2.4000000000000004,,,,,,,,,,,,,,,,,,,,,,,,,,,,,,,,,,,,
25505,2019,9,23,15,45,19.3,135,36,148,2.4000000000000004,,,,,,,,,,,,,,,,,,,,,,,,,,,,,,,,,,,,
25506,2019,9,23,16,0,19.0,105,0,105,2.4000000000000004,,,,,,,,,,,,,,,,,,,,,,,,,,,,,,,,,,,,
25507,2019,9,23,16,15,18.6,69,0,69,2.3000000000000003,,,,,,,,,,,,,,,,,,,,,,,,,,,,,,,,,,,,
25508,2019,9,23,16,30,18.3,57,0,57,2.3000000000000003,,,,,,,,,,,,,,,,,,,,,,,,,,,,,,,,,,,,
25509,2019,9,23,16,45,17.900000000000002,46,0,46,2.3000000000000003,,,,,,,,,,,,,,,,,,,,,,,,,,,,,,,,,,,,
25510,2019,9,23,17,0,17.5,36,0,36,2.3000000000000003,,,,,,,,,,,,,,,,,,,,,,,,,,,,,,,,,,,,
25511,2019,9,23,17,15,17.2,27,0,27,2.4000000000000004,,,,,,,,,,,,,,,,,,,,,,,,,,,,,,,,,,,,
25512,2019,9,23,17,30,16.900000000000002,19,0,19,2.5,,,,,,,,,,,,,,,,,,,,,,,,,,,,,,,,,,,,
25513,2019,9,23,17,45,16.6,12,0,12,2.5,,,,,,,,,,,,,,,,,,,,,,,,,,,,,,,,,,,,
25514,2019,9,23,18,0,16.2,7,8,7,2.6,,,,,,,,,,,,,,,,,,,,,,,,,,,,,,,,,,,,
25515,2019,9,23,18,15,16.1,0,0,0,2.6,,,,,,,,,,,,,,,,,,,,,,,,,,,,,,,,,,,,
25516,2019,9,23,18,30,15.9,0,0,0,2.6,,,,,,,,,,,,,,,,,,,,,,,,,,,,,,,,,,,,
25517,2019,9,23,18,45,15.7,0,0,0,2.6,,,,,,,,,,,,,,,,,,,,,,,,,,,,,,,,,,,,
25518,2019,9,23,19,0,15.5,0,0,0,2.7,,,,,,,,,,,,,,,,,,,,,,,,,,,,,,,,,,,,
25519,2019,9,23,19,15,15.4,0,0,0,2.6,,,,,,,,,,,,,,,,,,,,,,,,,,,,,,,,,,,,
25520,2019,9,23,19,30,15.2,0,0,0,2.6,,,,,,,,,,,,,,,,,,,,,,,,,,,,,,,,,,,,
25521,2019,9,23,19,45,15.1,0,0,0,2.5,,,,,,,,,,,,,,,,,,,,,,,,,,,,,,,,,,,,
25522,2019,9,23,20,0,15.0,0,0,0,2.5,,,,,,,,,,,,,,,,,,,,,,,,,,,,,,,,,,,,
25523,2019,9,23,20,15,14.8,0,0,0,2.4000000000000004,,,,,,,,,,,,,,,,,,,,,,,,,,,,,,,,,,,,
25524,2019,9,23,20,30,14.7,0,0,0,2.4000000000000004,,,,,,,,,,,,,,,,,,,,,,,,,,,,,,,,,,,,
25525,2019,9,23,20,45,14.6,0,0,0,2.3000000000000003,,,,,,,,,,,,,,,,,,,,,,,,,,,,,,,,,,,,
25526,2019,9,23,21,0,14.5,0,0,0,2.3000000000000003,,,,,,,,,,,,,,,,,,,,,,,,,,,,,,,,,,,,
25527,2019,9,23,21,15,14.4,0,0,0,2.2,,,,,,,,,,,,,,,,,,,,,,,,,,,,,,,,,,,,
25528,2019,9,23,21,30,14.3,0,0,0,2.1,,,,,,,,,,,,,,,,,,,,,,,,,,,,,,,,,,,,
25529,2019,9,23,21,45,14.3,0,0,0,2.1,,,,,,,,,,,,,,,,,,,,,,,,,,,,,,,,,,,,
25530,2019,9,23,22,0,14.2,0,0,0,2.0,,,,,,,,,,,,,,,,,,,,,,,,,,,,,,,,,,,,
25531,2019,9,23,22,15,14.1,0,0,0,2.0,,,,,,,,,,,,,,,,,,,,,,,,,,,,,,,,,,,,
25532,2019,9,23,22,30,14.0,0,0,0,1.9,,,,,,,,,,,,,,,,,,,,,,,,,,,,,,,,,,,,
25533,2019,9,23,22,45,14.0,0,0,0,1.9,,,,,,,,,,,,,,,,,,,,,,,,,,,,,,,,,,,,
25534,2019,9,23,23,0,13.9,0,0,0,1.8,,,,,,,,,,,,,,,,,,,,,,,,,,,,,,,,,,,,
25535,2019,9,23,23,15,13.8,0,0,0,1.8,,,,,,,,,,,,,,,,,,,,,,,,,,,,,,,,,,,,
25536,2019,9,23,23,30,13.8,0,0,0,1.7000000000000002,,,,,,,,,,,,,,,,,,,,,,,,,,,,,,,,,,,,
25537,2019,9,23,23,45,13.7,0,0,0,1.7000000000000002,,,,,,,,,,,,,,,,,,,,,,,,,,,,,,,,,,,,
25538,2019,9,24,0,0,13.6,0,0,0,1.7000000000000002,,,,,,,,,,,,,,,,,,,,,,,,,,,,,,,,,,,,
25539,2019,9,24,0,15,13.6,0,0,0,1.7000000000000002,,,,,,,,,,,,,,,,,,,,,,,,,,,,,,,,,,,,
25540,2019,9,24,0,30,13.6,0,0,0,1.7000000000000002,,,,,,,,,,,,,,,,,,,,,,,,,,,,,,,,,,,,
25541,2019,9,24,0,45,13.6,0,0,0,1.7000000000000002,,,,,,,,,,,,,,,,,,,,,,,,,,,,,,,,,,,,
25542,2019,9,24,1,0,13.4,0,0,0,1.5,,,,,,,,,,,,,,,,,,,,,,,,,,,,,,,,,,,,
25543,2019,9,24,1,15,13.3,0,0,0,1.5,,,,,,,,,,,,,,,,,,,,,,,,,,,,,,,,,,,,
25544,2019,9,24,1,30,13.3,0,0,0,1.4,,,,,,,,,,,,,,,,,,,,,,,,,,,,,,,,,,,,
25545,2019,9,24,1,45,13.2,0,0,0,1.4,,,,,,,,,,,,,,,,,,,,,,,,,,,,,,,,,,,,
25546,2019,9,24,2,0,13.1,0,0,0,1.4,,,,,,,,,,,,,,,,,,,,,,,,,,,,,,,,,,,,
25547,2019,9,24,2,15,13.1,0,0,0,1.3,,,,,,,,,,,,,,,,,,,,,,,,,,,,,,,,,,,,
25548,2019,9,24,2,30,13.0,0,0,0,1.3,,,,,,,,,,,,,,,,,,,,,,,,,,,,,,,,,,,,
25549,2019,9,24,2,45,12.9,0,0,0,1.3,,,,,,,,,,,,,,,,,,,,,,,,,,,,,,,,,,,,
25550,2019,9,24,3,0,12.9,0,0,0,1.2000000000000002,,,,,,,,,,,,,,,,,,,,,,,,,,,,,,,,,,,,
25551,2019,9,24,3,15,12.8,0,0,0,1.2000000000000002,,,,,,,,,,,,,,,,,,,,,,,,,,,,,,,,,,,,
25552,2019,9,24,3,30,12.7,0,0,0,1.1,,,,,,,,,,,,,,,,,,,,,,,,,,,,,,,,,,,,
25553,2019,9,24,3,45,12.6,0,0,0,1.1,,,,,,,,,,,,,,,,,,,,,,,,,,,,,,,,,,,,
25554,2019,9,24,4,0,12.5,0,0,0,1.0,,,,,,,,,,,,,,,,,,,,,,,,,,,,,,,,,,,,
25555,2019,9,24,4,15,12.3,0,0,0,1.0,,,,,,,,,,,,,,,,,,,,,,,,,,,,,,,,,,,,
25556,2019,9,24,4,30,12.2,0,0,0,0.9,,,,,,,,,,,,,,,,,,,,,,,,,,,,,,,,,,,,
25557,2019,9,24,4,45,12.0,0,0,0,0.9,,,,,,,,,,,,,,,,,,,,,,,,,,,,,,,,,,,,
25558,2019,9,24,5,0,11.8,0,0,0,0.8,,,,,,,,,,,,,,,,,,,,,,,,,,,,,,,,,,,,
25559,2019,9,24,5,15,11.8,0,0,0,0.8,,,,,,,,,,,,,,,,,,,,,,,,,,,,,,,,,,,,
25560,2019,9,24,5,30,11.7,0,0,0,0.8,,,,,,,,,,,,,,,,,,,,,,,,,,,,,,,,,,,,
25561,2019,9,24,5,45,11.7,0,0,0,0.8,,,,,,,,,,,,,,,,,,,,,,,,,,,,,,,,,,,,
25562,2019,9,24,6,0,11.6,0,0,0,0.8,,,,,,,,,,,,,,,,,,,,,,,,,,,,,,,,,,,,
25563,2019,9,24,6,15,12.0,1,0,1,1.0,,,,,,,,,,,,,,,,,,,,,,,,,,,,,,,,,,,,
25564,2019,9,24,6,30,12.4,3,0,3,1.2000000000000002,,,,,,,,,,,,,,,,,,,,,,,,,,,,,,,,,,,,
25565,2019,9,24,6,45,12.9,5,0,5,1.4,,,,,,,,,,,,,,,,,,,,,,,,,,,,,,,,,,,,
25566,2019,9,24,7,0,13.3,7,0,7,1.6,,,,,,,,,,,,,,,,,,,,,,,,,,,,,,,,,,,,
25567,2019,9,24,7,15,13.7,62,332,121,1.6,,,,,,,,,,,,,,,,,,,,,,,,,,,,,,,,,,,,
25568,2019,9,24,7,30,14.2,72,392,157,1.5,,,,,,,,,,,,,,,,,,,,,,,,,,,,,,,,,,,,
25569,2019,9,24,7,45,14.6,81,440,193,1.5,,,,,,,,,,,,,,,,,,,,,,,,,,,,,,,,,,,,
25570,2019,9,24,8,0,15.0,17,0,17,1.5,,,,,,,,,,,,,,,,,,,,,,,,,,,,,,,,,,,,
25571,2019,9,24,8,15,15.6,20,0,20,1.4,,,,,,,,,,,,,,,,,,,,,,,,,,,,,,,,,,,,
25572,2019,9,24,8,30,16.2,23,0,23,1.3,,,,,,,,,,,,,,,,,,,,,,,,,,,,,,,,,,,,
25573,2019,9,24,8,45,16.8,26,0,26,1.2000000000000002,,,,,,,,,,,,,,,,,,,,,,,,,,,,,,,,,,,,
25574,2019,9,24,9,0,17.400000000000002,29,0,29,1.0,,,,,,,,,,,,,,,,,,,,,,,,,,,,,,,,,,,,
25575,2019,9,24,9,15,17.900000000000002,32,0,32,1.0,,,,,,,,,,,,,,,,,,,,,,,,,,,,,,,,,,,,
25576,2019,9,24,9,30,18.3,35,0,35,1.0,,,,,,,,,,,,,,,,,,,,,,,,,,,,,,,,,,,,
25577,2019,9,24,9,45,18.8,38,0,38,0.9,,,,,,,,,,,,,,,,,,,,,,,,,,,,,,,,,,,,
25578,2019,9,24,10,0,19.200000000000003,121,699,486,0.9,,,,,,,,,,,,,,,,,,,,,,,,,,,,,,,,,,,,
25579,2019,9,24,10,15,19.5,123,711,509,0.9,,,,,,,,,,,,,,,,,,,,,,,,,,,,,,,,,,,,
25580,2019,9,24,10,30,19.8,125,723,530,1.0,,,,,,,,,,,,,,,,,,,,,,,,,,,,,,,,,,,,
25581,2019,9,24,10,45,20.200000000000003,124,740,550,1.0,,,,,,,,,,,,,,,,,,,,,,,,,,,,,,,,,,,,
25582,2019,9,24,11,0,20.5,48,0,48,1.1,,,,,,,,,,,,,,,,,,,,,,,,,,,,,,,,,,,,
25583,2019,9,24,11,15,20.6,96,0,96,1.2000000000000002,,,,,,,,,,,,,,,,,,,,,,,,,,,,,,,,,,,,
25584,2019,9,24,11,30,20.8,98,0,98,1.3,,,,,,,,,,,,,,,,,,,,,,,,,,,,,,,,,,,,
25585,2019,9,24,11,45,20.9,267,269,432,1.4,,,,,,,,,,,,,,,,,,,,,,,,,,,,,,,,,,,,
25586,2019,9,24,12,0,21.1,276,101,337,1.4,,,,,,,,,,,,,,,,,,,,,,,,,,,,,,,,,,,,
25587,2019,9,24,12,15,21.200000000000003,204,11,211,1.5,,,,,,,,,,,,,,,,,,,,,,,,,,,,,,,,,,,,
25588,2019,9,24,12,30,21.200000000000003,248,42,274,1.6,,,,,,,,,,,,,,,,,,,,,,,,,,,,,,,,,,,,
25589,2019,9,24,12,45,21.3,272,107,336,1.7000000000000002,,,,,,,,,,,,,,,,,,,,,,,,,,,,,,,,,,,,
25590,2019,9,24,13,0,21.4,256,65,294,1.7000000000000002,,,,,,,,,,,,,,,,,,,,,,,,,,,,,,,,,,,,
25591,2019,9,24,13,15,21.4,264,167,362,1.8,,,,,,,,,,,,,,,,,,,,,,,,,,,,,,,,,,,,
25592,2019,9,24,13,30,21.4,90,0,90,1.8,,,,,,,,,,,,,,,,,,,,,,,,,,,,,,,,,,,,
25593,2019,9,24,13,45,21.4,181,8,185,1.9,,,,,,,,,,,,,,,,,,,,,,,,,,,,,,,,,,,,
25594,2019,9,24,14,0,21.4,134,0,134,1.9,,,,,,,,,,,,,,,,,,,,,,,,,,,,,,,,,,,,
25595,2019,9,24,14,15,21.3,210,48,234,1.9,,,,,,,,,,,,,,,,,,,,,,,,,,,,,,,,,,,,
25596,2019,9,24,14,30,21.200000000000003,210,86,253,2.0,,,,,,,,,,,,,,,,,,,,,,,,,,,,,,,,,,,,
25597,2019,9,24,14,45,21.200000000000003,197,215,298,2.1,,,,,,,,,,,,,,,,,,,,,,,,,,,,,,,,,,,,
25598,2019,9,24,15,0,21.1,187,158,257,2.1,,,,,,,,,,,,,,,,,,,,,,,,,,,,,,,,,,,,
25599,2019,9,24,15,15,20.9,147,364,298,2.1,,,,,,,,,,,,,,,,,,,,,,,,,,,,,,,,,,,,
25600,2019,9,24,15,30,20.700000000000003,150,239,242,2.0,,,,,,,,,,,,,,,,,,,,,,,,,,,,,,,,,,,,
25601,2019,9,24,15,45,20.5,140,82,169,1.9,,,,,,,,,,,,,,,,,,,,,,,,,,,,,,,,,,,,
25602,2019,9,24,16,0,20.3,47,0,47,1.9,,,,,,,,,,,,,,,,,,,,,,,,,,,,,,,,,,,,
25603,2019,9,24,16,15,19.9,23,0,23,1.7000000000000002,,,,,,,,,,,,,,,,,,,,,,,,,,,,,,,,,,,,
25604,2019,9,24,16,30,19.4,19,0,19,1.4,,,,,,,,,,,,,,,,,,,,,,,,,,,,,,,,,,,,
25605,2019,9,24,16,45,18.9,16,0,16,1.2000000000000002,,,,,,,,,,,,,,,,,,,,,,,,,,,,,,,,,,,,
25606,2019,9,24,17,0,18.4,13,0,13,0.9,,,,,,,,,,,,,,,,,,,,,,,,,,,,,,,,,,,,
25607,2019,9,24,17,15,18.0,11,0,11,0.9,,,,,,,,,,,,,,,,,,,,,,,,,,,,,,,,,,,,
25608,2019,9,24,17,30,17.6,8,0,8,0.9,,,,,,,,,,,,,,,,,,,,,,,,,,,,,,,,,,,,
25609,2019,9,24,17,45,17.3,6,0,6,1.0,,,,,,,,,,,,,,,,,,,,,,,,,,,,,,,,,,,,
25610,2019,9,24,18,0,16.900000000000002,0,0,0,1.0,,,,,,,,,,,,,,,,,,,,,,,,,,,,,,,,,,,,
25611,2019,9,24,18,15,16.6,0,0,0,1.0,,,,,,,,,,,,,,,,,,,,,,,,,,,,,,,,,,,,
25612,2019,9,24,18,30,16.400000000000002,0,0,0,1.0,,,,,,,,,,,,,,,,,,,,,,,,,,,,,,,,,,,,
25613,2019,9,24,18,45,16.2,0,0,0,1.0,,,,,,,,,,,,,,,,,,,,,,,,,,,,,,,,,,,,
25614,2019,9,24,19,0,16.0,0,0,0,1.1,,,,,,,,,,,,,,,,,,,,,,,,,,,,,,,,,,,,
25615,2019,9,24,19,15,15.8,0,0,0,1.1,,,,,,,,,,,,,,,,,,,,,,,,,,,,,,,,,,,,
25616,2019,9,24,19,30,15.6,0,0,0,1.1,,,,,,,,,,,,,,,,,,,,,,,,,,,,,,,,,,,,
25617,2019,9,24,19,45,15.4,0,0,0,1.1,,,,,,,,,,,,,,,,,,,,,,,,,,,,,,,,,,,,
25618,2019,9,24,20,0,15.2,0,0,0,1.1,,,,,,,,,,,,,,,,,,,,,,,,,,,,,,,,,,,,
25619,2019,9,24,20,15,15.1,0,0,0,1.1,,,,,,,,,,,,,,,,,,,,,,,,,,,,,,,,,,,,
25620,2019,9,24,20,30,14.9,0,0,0,1.1,,,,,,,,,,,,,,,,,,,,,,,,,,,,,,,,,,,,
25621,2019,9,24,20,45,14.7,0,0,0,1.1,,,,,,,,,,,,,,,,,,,,,,,,,,,,,,,,,,,,
25622,2019,9,24,21,0,14.6,0,0,0,1.1,,,,,,,,,,,,,,,,,,,,,,,,,,,,,,,,,,,,
25623,2019,9,24,21,15,14.4,0,0,0,1.1,,,,,,,,,,,,,,,,,,,,,,,,,,,,,,,,,,,,
25624,2019,9,24,21,30,14.3,0,0,0,1.1,,,,,,,,,,,,,,,,,,,,,,,,,,,,,,,,,,,,
25625,2019,9,24,21,45,14.2,0,0,0,1.1,,,,,,,,,,,,,,,,,,,,,,,,,,,,,,,,,,,,
25626,2019,9,24,22,0,14.0,0,0,0,1.0,,,,,,,,,,,,,,,,,,,,,,,,,,,,,,,,,,,,
25627,2019,9,24,22,15,13.9,0,0,0,1.0,,,,,,,,,,,,,,,,,,,,,,,,,,,,,,,,,,,,
25628,2019,9,24,22,30,13.8,0,0,0,1.0,,,,,,,,,,,,,,,,,,,,,,,,,,,,,,,,,,,,
25629,2019,9,24,22,45,13.7,0,0,0,1.0,,,,,,,,,,,,,,,,,,,,,,,,,,,,,,,,,,,,
25630,2019,9,24,23,0,13.6,0,0,0,1.0,,,,,,,,,,,,,,,,,,,,,,,,,,,,,,,,,,,,
25631,2019,9,24,23,15,13.5,0,0,0,1.0,,,,,,,,,,,,,,,,,,,,,,,,,,,,,,,,,,,,
25632,2019,9,24,23,30,13.4,0,0,0,1.0,,,,,,,,,,,,,,,,,,,,,,,,,,,,,,,,,,,,
25633,2019,9,24,23,45,13.3,0,0,0,1.0,,,,,,,,,,,,,,,,,,,,,,,,,,,,,,,,,,,,
25634,2019,9,25,0,0,13.2,0,0,0,1.0,,,,,,,,,,,,,,,,,,,,,,,,,,,,,,,,,,,,
25635,2019,9,25,0,15,13.2,0,0,0,1.0,,,,,,,,,,,,,,,,,,,,,,,,,,,,,,,,,,,,
25636,2019,9,25,0,30,13.2,0,0,0,1.0,,,,,,,,,,,,,,,,,,,,,,,,,,,,,,,,,,,,
25637,2019,9,25,0,45,13.2,0,0,0,1.0,,,,,,,,,,,,,,,,,,,,,,,,,,,,,,,,,,,,
25638,2019,9,25,1,0,12.9,0,0,0,1.0,,,,,,,,,,,,,,,,,,,,,,,,,,,,,,,,,,,,
25639,2019,9,25,1,15,12.9,0,0,0,1.1,,,,,,,,,,,,,,,,,,,,,,,,,,,,,,,,,,,,
25640,2019,9,25,1,30,12.8,0,0,0,1.1,,,,,,,,,,,,,,,,,,,,,,,,,,,,,,,,,,,,
25641,2019,9,25,1,45,12.7,0,0,0,1.1,,,,,,,,,,,,,,,,,,,,,,,,,,,,,,,,,,,,
25642,2019,9,25,2,0,12.7,0,0,0,1.1,,,,,,,,,,,,,,,,,,,,,,,,,,,,,,,,,,,,
25643,2019,9,25,2,15,12.6,0,0,0,1.1,,,,,,,,,,,,,,,,,,,,,,,,,,,,,,,,,,,,
25644,2019,9,25,2,30,12.5,0,0,0,1.2000000000000002,,,,,,,,,,,,,,,,,,,,,,,,,,,,,,,,,,,,
25645,2019,9,25,2,45,12.4,0,0,0,1.2000000000000002,,,,,,,,,,,,,,,,,,,,,,,,,,,,,,,,,,,,
25646,2019,9,25,3,0,12.4,0,0,0,1.2000000000000002,,,,,,,,,,,,,,,,,,,,,,,,,,,,,,,,,,,,
25647,2019,9,25,3,15,12.3,0,0,0,1.2000000000000002,,,,,,,,,,,,,,,,,,,,,,,,,,,,,,,,,,,,
25648,2019,9,25,3,30,12.3,0,0,0,1.1,,,,,,,,,,,,,,,,,,,,,,,,,,,,,,,,,,,,
25649,2019,9,25,3,45,12.2,0,0,0,1.1,,,,,,,,,,,,,,,,,,,,,,,,,,,,,,,,,,,,
25650,2019,9,25,4,0,12.1,0,0,0,1.1,,,,,,,,,,,,,,,,,,,,,,,,,,,,,,,,,,,,
25651,2019,9,25,4,15,12.1,0,0,0,1.1,,,,,,,,,,,,,,,,,,,,,,,,,,,,,,,,,,,,
25652,2019,9,25,4,30,12.1,0,0,0,1.1,,,,,,,,,,,,,,,,,,,,,,,,,,,,,,,,,,,,
25653,2019,9,25,4,45,12.0,0,0,0,1.1,,,,,,,,,,,,,,,,,,,,,,,,,,,,,,,,,,,,
25654,2019,9,25,5,0,12.0,0,0,0,1.1,,,,,,,,,,,,,,,,,,,,,,,,,,,,,,,,,,,,
25655,2019,9,25,5,15,12.0,0,0,0,1.2000000000000002,,,,,,,,,,,,,,,,,,,,,,,,,,,,,,,,,,,,
25656,2019,9,25,5,30,12.1,0,0,0,1.2000000000000002,,,,,,,,,,,,,,,,,,,,,,,,,,,,,,,,,,,,
25657,2019,9,25,5,45,12.1,0,0,0,1.2000000000000002,,,,,,,,,,,,,,,,,,,,,,,,,,,,,,,,,,,,
25658,2019,9,25,6,0,12.1,0,0,0,1.2000000000000002,,,,,,,,,,,,,,,,,,,,,,,,,,,,,,,,,,,,
25659,2019,9,25,6,15,12.3,9,28,10,1.4,,,,,,,,,,,,,,,,,,,,,,,,,,,,,,,,,,,,
25660,2019,9,25,6,30,12.4,4,0,4,1.5,,,,,,,,,,,,,,,,,,,,,,,,,,,,,,,,,,,,
25661,2019,9,25,6,45,12.6,5,0,5,1.6,,,,,,,,,,,,,,,,,,,,,,,,,,,,,,,,,,,,
25662,2019,9,25,7,0,12.7,6,0,6,1.7000000000000002,,,,,,,,,,,,,,,,,,,,,,,,,,,,,,,,,,,,
25663,2019,9,25,7,15,12.9,7,0,7,1.8,,,,,,,,,,,,,,,,,,,,,,,,,,,,,,,,,,,,
25664,2019,9,25,7,30,13.0,8,0,8,1.8,,,,,,,,,,,,,,,,,,,,,,,,,,,,,,,,,,,,
25665,2019,9,25,7,45,13.2,10,0,10,1.9,,,,,,,,,,,,,,,,,,,,,,,,,,,,,,,,,,,,
25666,2019,9,25,8,0,13.3,11,0,11,1.9,,,,,,,,,,,,,,,,,,,,,,,,,,,,,,,,,,,,
25667,2019,9,25,8,15,13.6,12,0,12,2.0,,,,,,,,,,,,,,,,,,,,,,,,,,,,,,,,,,,,
25668,2019,9,25,8,30,13.9,14,0,14,2.1,,,,,,,,,,,,,,,,,,,,,,,,,,,,,,,,,,,,
25669,2019,9,25,8,45,14.2,16,0,16,2.1,,,,,,,,,,,,,,,,,,,,,,,,,,,,,,,,,,,,
25670,2019,9,25,9,0,14.5,18,0,18,2.2,,,,,,,,,,,,,,,,,,,,,,,,,,,,,,,,,,,,
25671,2019,9,25,9,15,14.7,32,0,32,2.4000000000000004,,,,,,,,,,,,,,,,,,,,,,,,,,,,,,,,,,,,
25672,2019,9,25,9,30,15.0,35,0,35,2.5,,,,,,,,,,,,,,,,,,,,,,,,,,,,,,,,,,,,
25673,2019,9,25,9,45,15.3,21,0,21,2.7,,,,,,,,,,,,,,,,,,,,,,,,,,,,,,,,,,,,
25674,2019,9,25,10,0,15.5,22,0,22,2.8000000000000003,,,,,,,,,,,,,,,,,,,,,,,,,,,,,,,,,,,,
25675,2019,9,25,10,15,15.7,82,0,82,3.0,,,,,,,,,,,,,,,,,,,,,,,,,,,,,,,,,,,,
25676,2019,9,25,10,30,15.9,32,0,32,3.1,,,,,,,,,,,,,,,,,,,,,,,,,,,,,,,,,,,,
25677,2019,9,25,10,45,16.0,31,0,31,3.3000000000000003,,,,,,,,,,,,,,,,,,,,,,,,,,,,,,,,,,,,
25678,2019,9,25,11,0,16.2,37,0,37,3.4000000000000004,,,,,,,,,,,,,,,,,,,,,,,,,,,,,,,,,,,,
25679,2019,9,25,11,15,16.3,167,2,168,3.5,,,,,,,,,,,,,,,,,,,,,,,,,,,,,,,,,,,,
25680,2019,9,25,11,30,16.400000000000002,189,7,193,3.6,,,,,,,,,,,,,,,,,,,,,,,,,,,,,,,,,,,,
25681,2019,9,25,11,45,16.6,128,0,128,3.7,,,,,,,,,,,,,,,,,,,,,,,,,,,,,,,,,,,,
25682,2019,9,25,12,0,16.7,36,0,36,3.8,,,,,,,,,,,,,,,,,,,,,,,,,,,,,,,,,,,,
25683,2019,9,25,12,15,16.8,52,0,52,3.9,,,,,,,,,,,,,,,,,,,,,,,,,,,,,,,,,,,,
25684,2019,9,25,12,30,16.900000000000002,35,0,35,3.9,,,,,,,,,,,,,,,,,,,,,,,,,,,,,,,,,,,,
25685,2019,9,25,12,45,17.0,273,157,366,4.0,,,,,,,,,,,,,,,,,,,,,,,,,,,,,,,,,,,,
25686,2019,9,25,13,0,17.1,261,243,404,4.0,,,,,,,,,,,,,,,,,,,,,,,,,,,,,,,,,,,,
25687,2019,9,25,13,15,17.2,259,202,376,4.0,,,,,,,,,,,,,,,,,,,,,,,,,,,,,,,,,,,,
25688,2019,9,25,13,30,17.400000000000002,254,175,352,4.0,,,,,,,,,,,,,,,,,,,,,,,,,,,,,,,,,,,,
25689,2019,9,25,13,45,17.5,243,111,305,4.0,,,,,,,,,,,,,,,,,,,,,,,,,,,,,,,,,,,,
25690,2019,9,25,14,0,17.6,214,44,238,4.0,,,,,,,,,,,,,,,,,,,,,,,,,,,,,,,,,,,,
25691,2019,9,25,14,15,17.6,202,38,221,3.9,,,,,,,,,,,,,,,,,,,,,,,,,,,,,,,,,,,,
25692,2019,9,25,14,30,17.6,208,91,253,3.8,,,,,,,,,,,,,,,,,,,,,,,,,,,,,,,,,,,,
25693,2019,9,25,14,45,17.7,134,0,134,3.8,,,,,,,,,,,,,,,,,,,,,,,,,,,,,,,,,,,,
25694,2019,9,25,15,0,17.7,31,0,31,3.7,,,,,,,,,,,,,,,,,,,,,,,,,,,,,,,,,,,,
25695,2019,9,25,15,15,17.6,28,0,28,3.5,,,,,,,,,,,,,,,,,,,,,,,,,,,,,,,,,,,,
25696,2019,9,25,15,30,17.5,25,0,25,3.2,,,,,,,,,,,,,,,,,,,,,,,,,,,,,,,,,,,,
25697,2019,9,25,15,45,17.400000000000002,41,0,41,3.0,,,,,,,,,,,,,,,,,,,,,,,,,,,,,,,,,,,,
25698,2019,9,25,16,0,17.2,25,0,25,2.8000000000000003,,,,,,,,,,,,,,,,,,,,,,,,,,,,,,,,,,,,
25699,2019,9,25,16,15,16.8,16,0,16,2.4000000000000004,,,,,,,,,,,,,,,,,,,,,,,,,,,,,,,,,,,,
25700,2019,9,25,16,30,16.400000000000002,13,0,13,2.0,,,,,,,,,,,,,,,,,,,,,,,,,,,,,,,,,,,,
25701,2019,9,25,16,45,15.9,10,0,10,1.6,,,,,,,,,,,,,,,,,,,,,,,,,,,,,,,,,,,,
25702,2019,9,25,17,0,15.5,8,0,8,1.1,,,,,,,,,,,,,,,,,,,,,,,,,,,,,,,,,,,,
25703,2019,9,25,17,15,15.0,6,0,6,1.1,,,,,,,,,,,,,,,,,,,,,,,,,,,,,,,,,,,,
25704,2019,9,25,17,30,14.5,4,0,4,1.1,,,,,,,,,,,,,,,,,,,,,,,,,,,,,,,,,,,,
25705,2019,9,25,17,45,13.9,3,0,3,1.0,,,,,,,,,,,,,,,,,,,,,,,,,,,,,,,,,,,,
25706,2019,9,25,18,0,13.4,0,0,0,1.0,,,,,,,,,,,,,,,,,,,,,,,,,,,,,,,,,,,,
25707,2019,9,25,18,15,13.3,0,0,0,1.0,,,,,,,,,,,,,,,,,,,,,,,,,,,,,,,,,,,,
25708,2019,9,25,18,30,13.1,0,0,0,1.0,,,,,,,,,,,,,,,,,,,,,,,,,,,,,,,,,,,,
25709,2019,9,25,18,45,13.0,0,0,0,1.1,,,,,,,,,,,,,,,,,,,,,,,,,,,,,,,,,,,,
25710,2019,9,25,19,0,12.8,0,0,0,1.1,,,,,,,,,,,,,,,,,,,,,,,,,,,,,,,,,,,,
25711,2019,9,25,19,15,12.7,0,0,0,1.1,,,,,,,,,,,,,,,,,,,,,,,,,,,,,,,,,,,,
25712,2019,9,25,19,30,12.6,0,0,0,1.2000000000000002,,,,,,,,,,,,,,,,,,,,,,,,,,,,,,,,,,,,
25713,2019,9,25,19,45,12.5,0,0,0,1.2000000000000002,,,,,,,,,,,,,,,,,,,,,,,,,,,,,,,,,,,,
25714,2019,9,25,20,0,12.4,0,0,0,1.3,,,,,,,,,,,,,,,,,,,,,,,,,,,,,,,,,,,,
25715,2019,9,25,20,15,12.2,0,0,0,1.3,,,,,,,,,,,,,,,,,,,,,,,,,,,,,,,,,,,,
25716,2019,9,25,20,30,12.1,0,0,0,1.3,,,,,,,,,,,,,,,,,,,,,,,,,,,,,,,,,,,,
25717,2019,9,25,20,45,12.0,0,0,0,1.4,,,,,,,,,,,,,,,,,,,,,,,,,,,,,,,,,,,,
25718,2019,9,25,21,0,11.9,0,0,0,1.4,,,,,,,,,,,,,,,,,,,,,,,,,,,,,,,,,,,,
25719,2019,9,25,21,15,11.8,0,0,0,1.4,,,,,,,,,,,,,,,,,,,,,,,,,,,,,,,,,,,,
25720,2019,9,25,21,30,11.6,0,0,0,1.5,,,,,,,,,,,,,,,,,,,,,,,,,,,,,,,,,,,,
25721,2019,9,25,21,45,11.5,0,0,0,1.5,,,,,,,,,,,,,,,,,,,,,,,,,,,,,,,,,,,,
25722,2019,9,25,22,0,11.4,0,0,0,1.5,,,,,,,,,,,,,,,,,,,,,,,,,,,,,,,,,,,,
25723,2019,9,25,22,15,11.3,0,0,0,1.6,,,,,,,,,,,,,,,,,,,,,,,,,,,,,,,,,,,,
25724,2019,9,25,22,30,11.2,0,0,0,1.6,,,,,,,,,,,,,,,,,,,,,,,,,,,,,,,,,,,,
25725,2019,9,25,22,45,11.1,0,0,0,1.6,,,,,,,,,,,,,,,,,,,,,,,,,,,,,,,,,,,,
25726,2019,9,25,23,0,10.9,0,0,0,1.6,,,,,,,,,,,,,,,,,,,,,,,,,,,,,,,,,,,,
25727,2019,9,25,23,15,10.8,0,0,0,1.7000000000000002,,,,,,,,,,,,,,,,,,,,,,,,,,,,,,,,,,,,
25728,2019,9,25,23,30,10.7,0,0,0,1.7000000000000002,,,,,,,,,,,,,,,,,,,,,,,,,,,,,,,,,,,,
25729,2019,9,25,23,45,10.6,0,0,0,1.7000000000000002,,,,,,,,,,,,,,,,,,,,,,,,,,,,,,,,,,,,
25730,2019,9,26,0,0,10.5,0,0,0,1.7000000000000002,,,,,,,,,,,,,,,,,,,,,,,,,,,,,,,,,,,,
25731,2019,9,26,0,15,10.5,0,0,0,1.7000000000000002,,,,,,,,,,,,,,,,,,,,,,,,,,,,,,,,,,,,
25732,2019,9,26,0,30,10.5,0,0,0,1.7000000000000002,,,,,,,,,,,,,,,,,,,,,,,,,,,,,,,,,,,,
25733,2019,9,26,0,45,10.5,0,0,0,1.7000000000000002,,,,,,,,,,,,,,,,,,,,,,,,,,,,,,,,,,,,
25734,2019,9,26,1,0,10.0,0,0,0,1.8,,,,,,,,,,,,,,,,,,,,,,,,,,,,,,,,,,,,
25735,2019,9,26,1,15,9.9,0,0,0,1.8,,,,,,,,,,,,,,,,,,,,,,,,,,,,,,,,,,,,
25736,2019,9,26,1,30,9.8,0,0,0,1.8,,,,,,,,,,,,,,,,,,,,,,,,,,,,,,,,,,,,
25737,2019,9,26,1,45,9.7,0,0,0,1.8,,,,,,,,,,,,,,,,,,,,,,,,,,,,,,,,,,,,
25738,2019,9,26,2,0,9.6,0,0,0,1.8,,,,,,,,,,,,,,,,,,,,,,,,,,,,,,,,,,,,
25739,2019,9,26,2,15,9.5,0,0,0,1.8,,,,,,,,,,,,,,,,,,,,,,,,,,,,,,,,,,,,
25740,2019,9,26,2,30,9.5,0,0,0,1.7000000000000002,,,,,,,,,,,,,,,,,,,,,,,,,,,,,,,,,,,,
25741,2019,9,26,2,45,9.4,0,0,0,1.7000000000000002,,,,,,,,,,,,,,,,,,,,,,,,,,,,,,,,,,,,
25742,2019,9,26,3,0,9.3,0,0,0,1.7000000000000002,,,,,,,,,,,,,,,,,,,,,,,,,,,,,,,,,,,,
25743,2019,9,26,3,15,9.3,0,0,0,1.7000000000000002,,,,,,,,,,,,,,,,,,,,,,,,,,,,,,,,,,,,
25744,2019,9,26,3,30,9.2,0,0,0,1.7000000000000002,,,,,,,,,,,,,,,,,,,,,,,,,,,,,,,,,,,,
25745,2019,9,26,3,45,9.2,0,0,0,1.7000000000000002,,,,,,,,,,,,,,,,,,,,,,,,,,,,,,,,,,,,
25746,2019,9,26,4,0,9.2,0,0,0,1.7000000000000002,,,,,,,,,,,,,,,,,,,,,,,,,,,,,,,,,,,,
25747,2019,9,26,4,15,9.2,0,0,0,1.7000000000000002,,,,,,,,,,,,,,,,,,,,,,,,,,,,,,,,,,,,
25748,2019,9,26,4,30,9.2,0,0,0,1.7000000000000002,,,,,,,,,,,,,,,,,,,,,,,,,,,,,,,,,,,,
25749,2019,9,26,4,45,9.3,0,0,0,1.7000000000000002,,,,,,,,,,,,,,,,,,,,,,,,,,,,,,,,,,,,
25750,2019,9,26,5,0,9.3,0,0,0,1.7000000000000002,,,,,,,,,,,,,,,,,,,,,,,,,,,,,,,,,,,,
25751,2019,9,26,5,15,9.5,0,0,0,1.7000000000000002,,,,,,,,,,,,,,,,,,,,,,,,,,,,,,,,,,,,
25752,2019,9,26,5,30,9.7,0,0,0,1.8,,,,,,,,,,,,,,,,,,,,,,,,,,,,,,,,,,,,
25753,2019,9,26,5,45,9.9,0,0,0,1.9,,,,,,,,,,,,,,,,,,,,,,,,,,,,,,,,,,,,
25754,2019,9,26,6,0,10.1,0,0,0,1.9,,,,,,,,,,,,,,,,,,,,,,,,,,,,,,,,,,,,
25755,2019,9,26,6,15,10.6,0,0,0,2.2,,,,,,,,,,,,,,,,,,,,,,,,,,,,,,,,,,,,
25756,2019,9,26,6,30,11.1,21,157,29,2.4000000000000004,,,,,,,,,,,,,,,,,,,,,,,,,,,,,,,,,,,,
25757,2019,9,26,6,45,11.7,4,0,4,2.6,,,,,,,,,,,,,,,,,,,,,,,,,,,,,,,,,,,,
25758,2019,9,26,7,0,12.2,6,0,6,2.9000000000000004,,,,,,,,,,,,,,,,,,,,,,,,,,,,,,,,,,,,
25759,2019,9,26,7,15,12.8,8,0,8,2.9000000000000004,,,,,,,,,,,,,,,,,,,,,,,,,,,,,,,,,,,,
25760,2019,9,26,7,30,13.3,11,0,11,2.9000000000000004,,,,,,,,,,,,,,,,,,,,,,,,,,,,,,,,,,,,
25761,2019,9,26,7,45,13.8,13,0,13,3.0,,,,,,,,,,,,,,,,,,,,,,,,,,,,,,,,,,,,
25762,2019,9,26,8,0,14.4,16,0,16,3.0,,,,,,,,,,,,,,,,,,,,,,,,,,,,,,,,,,,,
25763,2019,9,26,8,15,15.1,19,0,19,3.1,,,,,,,,,,,,,,,,,,,,,,,,,,,,,,,,,,,,
25764,2019,9,26,8,30,15.8,78,643,303,3.2,,,,,,,,,,,,,,,,,,,,,,,,,,,,,,,,,,,,
25765,2019,9,26,8,45,16.400000000000002,25,0,25,3.3000000000000003,,,,,,,,,,,,,,,,,,,,,,,,,,,,,,,,,,,,
25766,2019,9,26,9,0,17.1,28,0,28,3.4000000000000004,,,,,,,,,,,,,,,,,,,,,,,,,,,,,,,,,,,,
25767,2019,9,26,9,15,17.6,181,224,279,3.4000000000000004,,,,,,,,,,,,,,,,,,,,,,,,,,,,,,,,,,,,
25768,2019,9,26,9,30,18.0,193,235,303,3.5,,,,,,,,,,,,,,,,,,,,,,,,,,,,,,,,,,,,
25769,2019,9,26,9,45,18.4,205,246,325,3.6,,,,,,,,,,,,,,,,,,,,,,,,,,,,,,,,,,,,
25770,2019,9,26,10,0,18.8,215,255,346,3.6,,,,,,,,,,,,,,,,,,,,,,,,,,,,,,,,,,,,
25771,2019,9,26,10,15,19.1,225,263,365,3.7,,,,,,,,,,,,,,,,,,,,,,,,,,,,,,,,,,,,
25772,2019,9,26,10,30,19.4,234,269,382,3.7,,,,,,,,,,,,,,,,,,,,,,,,,,,,,,,,,,,,
25773,2019,9,26,10,45,19.6,253,158,343,3.8,,,,,,,,,,,,,,,,,,,,,,,,,,,,,,,,,,,,
25774,2019,9,26,11,0,19.9,260,162,354,3.8,,,,,,,,,,,,,,,,,,,,,,,,,,,,,,,,,,,,
25775,2019,9,26,11,15,20.0,265,191,377,3.8,,,,,,,,,,,,,,,,,,,,,,,,,,,,,,,,,,,,
25776,2019,9,26,11,30,20.1,240,358,454,3.8,,,,,,,,,,,,,,,,,,,,,,,,,,,,,,,,,,,,
25777,2019,9,26,11,45,20.3,258,288,431,3.9,,,,,,,,,,,,,,,,,,,,,,,,,,,,,,,,,,,,
25778,2019,9,26,12,0,20.4,261,283,431,3.9,,,,,,,,,,,,,,,,,,,,,,,,,,,,,,,,,,,,
25779,2019,9,26,12,15,20.4,274,166,374,3.9,,,,,,,,,,,,,,,,,,,,,,,,,,,,,,,,,,,,
25780,2019,9,26,12,30,20.4,268,223,401,3.8,,,,,,,,,,,,,,,,,,,,,,,,,,,,,,,,,,,,
25781,2019,9,26,12,45,20.5,265,215,393,3.8,,,,,,,,,,,,,,,,,,,,,,,,,,,,,,,,,,,,
25782,2019,9,26,13,0,20.5,257,245,400,3.8,,,,,,,,,,,,,,,,,,,,,,,,,,,,,,,,,,,,
25783,2019,9,26,13,15,20.5,253,229,384,3.7,,,,,,,,,,,,,,,,,,,,,,,,,,,,,,,,,,,,
25784,2019,9,26,13,30,20.5,242,252,383,3.7,,,,,,,,,,,,,,,,,,,,,,,,,,,,,,,,,,,,
25785,2019,9,26,13,45,20.5,237,220,357,3.6,,,,,,,,,,,,,,,,,,,,,,,,,,,,,,,,,,,,
25786,2019,9,26,14,0,20.5,230,192,331,3.6,,,,,,,,,,,,,,,,,,,,,,,,,,,,,,,,,,,,
25787,2019,9,26,14,15,20.5,211,258,342,3.5,,,,,,,,,,,,,,,,,,,,,,,,,,,,,,,,,,,,
25788,2019,9,26,14,30,20.5,196,278,330,3.5,,,,,,,,,,,,,,,,,,,,,,,,,,,,,,,,,,,,
25789,2019,9,26,14,45,20.5,195,144,261,3.5,,,,,,,,,,,,,,,,,,,,,,,,,,,,,,,,,,,,
25790,2019,9,26,15,0,20.5,152,14,158,3.4000000000000004,,,,,,,,,,,,,,,,,,,,,,,,,,,,,,,,,,,,
25791,2019,9,26,15,15,20.3,129,0,129,3.2,,,,,,,,,,,,,,,,,,,,,,,,,,,,,,,,,,,,
25792,2019,9,26,15,30,20.1,87,0,87,3.0,,,,,,,,,,,,,,,,,,,,,,,,,,,,,,,,,,,,
25793,2019,9,26,15,45,19.9,48,0,48,2.9000000000000004,,,,,,,,,,,,,,,,,,,,,,,,,,,,,,,,,,,,
25794,2019,9,26,16,0,19.6,46,0,46,2.7,,,,,,,,,,,,,,,,,,,,,,,,,,,,,,,,,,,,
25795,2019,9,26,16,15,19.1,53,0,53,2.4000000000000004,,,,,,,,,,,,,,,,,,,,,,,,,,,,,,,,,,,,
25796,2019,9,26,16,30,18.5,44,0,44,2.1,,,,,,,,,,,,,,,,,,,,,,,,,,,,,,,,,,,,
25797,2019,9,26,16,45,18.0,35,0,35,1.8,,,,,,,,,,,,,,,,,,,,,,,,,,,,,,,,,,,,
25798,2019,9,26,17,0,17.400000000000002,27,0,27,1.5,,,,,,,,,,,,,,,,,,,,,,,,,,,,,,,,,,,,
25799,2019,9,26,17,15,17.1,20,0,20,1.6,,,,,,,,,,,,,,,,,,,,,,,,,,,,,,,,,,,,
25800,2019,9,26,17,30,16.7,14,0,14,1.7000000000000002,,,,,,,,,,,,,,,,,,,,,,,,,,,,,,,,,,,,
25801,2019,9,26,17,45,16.400000000000002,7,0,7,1.8,,,,,,,,,,,,,,,,,,,,,,,,,,,,,,,,,,,,
25802,2019,9,26,18,0,16.0,0,0,0,1.9,,,,,,,,,,,,,,,,,,,,,,,,,,,,,,,,,,,,
25803,2019,9,26,18,15,16.0,0,0,0,2.0,,,,,,,,,,,,,,,,,,,,,,,,,,,,,,,,,,,,
25804,2019,9,26,18,30,15.9,0,0,0,2.2,,,,,,,,,,,,,,,,,,,,,,,,,,,,,,,,,,,,
25805,2019,9,26,18,45,15.8,0,0,0,2.4000000000000004,,,,,,,,,,,,,,,,,,,,,,,,,,,,,,,,,,,,
25806,2019,9,26,19,0,15.7,0,0,0,2.6,,,,,,,,,,,,,,,,,,,,,,,,,,,,,,,,,,,,
25807,2019,9,26,19,15,15.6,0,0,0,2.6,,,,,,,,,,,,,,,,,,,,,,,,,,,,,,,,,,,,
25808,2019,9,26,19,30,15.5,0,0,0,2.7,,,,,,,,,,,,,,,,,,,,,,,,,,,,,,,,,,,,
25809,2019,9,26,19,45,15.5,0,0,0,2.8000000000000003,,,,,,,,,,,,,,,,,,,,,,,,,,,,,,,,,,,,
25810,2019,9,26,20,0,15.4,0,0,0,2.9000000000000004,,,,,,,,,,,,,,,,,,,,,,,,,,,,,,,,,,,,
25811,2019,9,26,20,15,15.3,0,0,0,2.9000000000000004,,,,,,,,,,,,,,,,,,,,,,,,,,,,,,,,,,,,
25812,2019,9,26,20,30,15.3,0,0,0,2.9000000000000004,,,,,,,,,,,,,,,,,,,,,,,,,,,,,,,,,,,,
25813,2019,9,26,20,45,15.2,0,0,0,3.0,,,,,,,,,,,,,,,,,,,,,,,,,,,,,,,,,,,,
25814,2019,9,26,21,0,15.1,0,0,0,3.0,,,,,,,,,,,,,,,,,,,,,,,,,,,,,,,,,,,,
25815,2019,9,26,21,15,15.1,0,0,0,3.0,,,,,,,,,,,,,,,,,,,,,,,,,,,,,,,,,,,,
25816,2019,9,26,21,30,15.1,0,0,0,3.0,,,,,,,,,,,,,,,,,,,,,,,,,,,,,,,,,,,,
25817,2019,9,26,21,45,15.0,0,0,0,2.9000000000000004,,,,,,,,,,,,,,,,,,,,,,,,,,,,,,,,,,,,
25818,2019,9,26,22,0,15.0,0,0,0,2.9000000000000004,,,,,,,,,,,,,,,,,,,,,,,,,,,,,,,,,,,,
25819,2019,9,26,22,15,15.0,0,0,0,2.9000000000000004,,,,,,,,,,,,,,,,,,,,,,,,,,,,,,,,,,,,
25820,2019,9,26,22,30,15.0,0,0,0,2.9000000000000004,,,,,,,,,,,,,,,,,,,,,,,,,,,,,,,,,,,,
25821,2019,9,26,22,45,14.9,0,0,0,2.8000000000000003,,,,,,,,,,,,,,,,,,,,,,,,,,,,,,,,,,,,
25822,2019,9,26,23,0,14.9,0,0,0,2.8000000000000003,,,,,,,,,,,,,,,,,,,,,,,,,,,,,,,,,,,,
25823,2019,9,26,23,15,14.9,0,0,0,2.8000000000000003,,,,,,,,,,,,,,,,,,,,,,,,,,,,,,,,,,,,
25824,2019,9,26,23,30,14.9,0,0,0,2.8000000000000003,,,,,,,,,,,,,,,,,,,,,,,,,,,,,,,,,,,,
25825,2019,9,26,23,45,14.9,0,0,0,2.7,,,,,,,,,,,,,,,,,,,,,,,,,,,,,,,,,,,,
25826,2019,9,27,0,0,14.9,0,0,0,2.7,,,,,,,,,,,,,,,,,,,,,,,,,,,,,,,,,,,,
25827,2019,9,27,0,15,14.9,0,0,0,2.7,,,,,,,,,,,,,,,,,,,,,,,,,,,,,,,,,,,,
25828,2019,9,27,0,30,14.9,0,0,0,2.7,,,,,,,,,,,,,,,,,,,,,,,,,,,,,,,,,,,,
25829,2019,9,27,0,45,14.9,0,0,0,2.7,,,,,,,,,,,,,,,,,,,,,,,,,,,,,,,,,,,,
25830,2019,9,27,1,0,14.8,0,0,0,2.6,,,,,,,,,,,,,,,,,,,,,,,,,,,,,,,,,,,,
25831,2019,9,27,1,15,14.7,0,0,0,2.6,,,,,,,,,,,,,,,,,,,,,,,,,,,,,,,,,,,,
25832,2019,9,27,1,30,14.7,0,0,0,2.6,,,,,,,,,,,,,,,,,,,,,,,,,,,,,,,,,,,,
25833,2019,9,27,1,45,14.7,0,0,0,2.6,,,,,,,,,,,,,,,,,,,,,,,,,,,,,,,,,,,,
25834,2019,9,27,2,0,14.6,0,0,0,2.6,,,,,,,,,,,,,,,,,,,,,,,,,,,,,,,,,,,,
25835,2019,9,27,2,15,14.6,0,0,0,2.6,,,,,,,,,,,,,,,,,,,,,,,,,,,,,,,,,,,,
25836,2019,9,27,2,30,14.5,0,0,0,2.6,,,,,,,,,,,,,,,,,,,,,,,,,,,,,,,,,,,,
25837,2019,9,27,2,45,14.5,0,0,0,2.6,,,,,,,,,,,,,,,,,,,,,,,,,,,,,,,,,,,,
25838,2019,9,27,3,0,14.5,0,0,0,2.6,,,,,,,,,,,,,,,,,,,,,,,,,,,,,,,,,,,,
25839,2019,9,27,3,15,14.4,0,0,0,2.7,,,,,,,,,,,,,,,,,,,,,,,,,,,,,,,,,,,,
25840,2019,9,27,3,30,14.4,0,0,0,2.7,,,,,,,,,,,,,,,,,,,,,,,,,,,,,,,,,,,,
25841,2019,9,27,3,45,14.4,0,0,0,2.7,,,,,,,,,,,,,,,,,,,,,,,,,,,,,,,,,,,,
25842,2019,9,27,4,0,14.4,0,0,0,2.7,,,,,,,,,,,,,,,,,,,,,,,,,,,,,,,,,,,,
25843,2019,9,27,4,15,14.4,0,0,0,2.8000000000000003,,,,,,,,,,,,,,,,,,,,,,,,,,,,,,,,,,,,
25844,2019,9,27,4,30,14.3,0,0,0,2.8000000000000003,,,,,,,,,,,,,,,,,,,,,,,,,,,,,,,,,,,,
25845,2019,9,27,4,45,14.3,0,0,0,2.8000000000000003,,,,,,,,,,,,,,,,,,,,,,,,,,,,,,,,,,,,
25846,2019,9,27,5,0,14.3,0,0,0,2.8000000000000003,,,,,,,,,,,,,,,,,,,,,,,,,,,,,,,,,,,,
25847,2019,9,27,5,15,14.3,0,0,0,2.9000000000000004,,,,,,,,,,,,,,,,,,,,,,,,,,,,,,,,,,,,
25848,2019,9,27,5,30,14.3,0,0,0,2.9000000000000004,,,,,,,,,,,,,,,,,,,,,,,,,,,,,,,,,,,,
25849,2019,9,27,5,45,14.3,0,0,0,2.9000000000000004,,,,,,,,,,,,,,,,,,,,,,,,,,,,,,,,,,,,
25850,2019,9,27,6,0,14.3,0,0,0,3.0,,,,,,,,,,,,,,,,,,,,,,,,,,,,,,,,,,,,
25851,2019,9,27,6,15,14.4,0,0,0,3.1,,,,,,,,,,,,,,,,,,,,,,,,,,,,,,,,,,,,
25852,2019,9,27,6,30,14.5,4,0,4,3.1,,,,,,,,,,,,,,,,,,,,,,,,,,,,,,,,,,,,
25853,2019,9,27,6,45,14.6,5,0,5,3.2,,,,,,,,,,,,,,,,,,,,,,,,,,,,,,,,,,,,
25854,2019,9,27,7,0,14.6,6,0,6,3.2,,,,,,,,,,,,,,,,,,,,,,,,,,,,,,,,,,,,
25855,2019,9,27,7,15,14.8,7,0,7,3.2,,,,,,,,,,,,,,,,,,,,,,,,,,,,,,,,,,,,
25856,2019,9,27,7,30,14.9,8,0,8,3.2,,,,,,,,,,,,,,,,,,,,,,,,,,,,,,,,,,,,
25857,2019,9,27,7,45,15.0,9,0,9,3.2,,,,,,,,,,,,,,,,,,,,,,,,,,,,,,,,,,,,
25858,2019,9,27,8,0,15.2,11,0,11,3.3000000000000003,,,,,,,,,,,,,,,,,,,,,,,,,,,,,,,,,,,,
25859,2019,9,27,8,15,15.3,12,0,12,3.3000000000000003,,,,,,,,,,,,,,,,,,,,,,,,,,,,,,,,,,,,
25860,2019,9,27,8,30,15.5,14,0,14,3.3000000000000003,,,,,,,,,,,,,,,,,,,,,,,,,,,,,,,,,,,,
25861,2019,9,27,8,45,15.7,16,0,16,3.3000000000000003,,,,,,,,,,,,,,,,,,,,,,,,,,,,,,,,,,,,
25862,2019,9,27,9,0,15.8,18,0,18,3.3000000000000003,,,,,,,,,,,,,,,,,,,,,,,,,,,,,,,,,,,,
25863,2019,9,27,9,15,16.0,19,0,19,3.4000000000000004,,,,,,,,,,,,,,,,,,,,,,,,,,,,,,,,,,,,
25864,2019,9,27,9,30,16.1,21,0,21,3.5,,,,,,,,,,,,,,,,,,,,,,,,,,,,,,,,,,,,
25865,2019,9,27,9,45,16.2,24,0,24,3.6,,,,,,,,,,,,,,,,,,,,,,,,,,,,,,,,,,,,
25866,2019,9,27,10,0,16.3,26,0,26,3.7,,,,,,,,,,,,,,,,,,,,,,,,,,,,,,,,,,,,
25867,2019,9,27,10,15,16.5,28,0,28,3.7,,,,,,,,,,,,,,,,,,,,,,,,,,,,,,,,,,,,
25868,2019,9,27,10,30,16.6,30,0,30,3.7,,,,,,,,,,,,,,,,,,,,,,,,,,,,,,,,,,,,
25869,2019,9,27,10,45,16.8,25,0,25,3.7,,,,,,,,,,,,,,,,,,,,,,,,,,,,,,,,,,,,
25870,2019,9,27,11,0,16.900000000000002,26,0,26,3.8,,,,,,,,,,,,,,,,,,,,,,,,,,,,,,,,,,,,
25871,2019,9,27,11,15,17.2,34,0,34,3.8,,,,,,,,,,,,,,,,,,,,,,,,,,,,,,,,,,,,
25872,2019,9,27,11,30,17.5,28,0,28,3.8,,,,,,,,,,,,,,,,,,,,,,,,,,,,,,,,,,,,
25873,2019,9,27,11,45,17.7,29,0,29,3.7,,,,,,,,,,,,,,,,,,,,,,,,,,,,,,,,,,,,
25874,2019,9,27,12,0,18.0,29,0,29,3.7,,,,,,,,,,,,,,,,,,,,,,,,,,,,,,,,,,,,
25875,2019,9,27,12,15,18.2,29,0,29,3.8,,,,,,,,,,,,,,,,,,,,,,,,,,,,,,,,,,,,
25876,2019,9,27,12,30,18.4,49,0,49,3.8,,,,,,,,,,,,,,,,,,,,,,,,,,,,,,,,,,,,
25877,2019,9,27,12,45,18.7,258,82,306,3.9,,,,,,,,,,,,,,,,,,,,,,,,,,,,,,,,,,,,
25878,2019,9,27,13,0,18.9,72,0,72,3.9,,,,,,,,,,,,,,,,,,,,,,,,,,,,,,,,,,,,
25879,2019,9,27,13,15,19.0,31,0,31,3.9,,,,,,,,,,,,,,,,,,,,,,,,,,,,,,,,,,,,
25880,2019,9,27,13,30,19.0,65,0,65,3.9,,,,,,,,,,,,,,,,,,,,,,,,,,,,,,,,,,,,
25881,2019,9,27,13,45,19.1,60,0,60,4.0,,,,,,,,,,,,,,,,,,,,,,,,,,,,,,,,,,,,
25882,2019,9,27,14,0,19.200000000000003,99,0,99,4.0,,,,,,,,,,,,,,,,,,,,,,,,,,,,,,,,,,,,
25883,2019,9,27,14,15,19.200000000000003,174,433,391,3.9,,,,,,,,,,,,,,,,,,,,,,,,,,,,,,,,,,,,
25884,2019,9,27,14,30,19.1,148,503,388,3.8,,,,,,,,,,,,,,,,,,,,,,,,,,,,,,,,,,,,
25885,2019,9,27,14,45,19.1,145,467,356,3.7,,,,,,,,,,,,,,,,,,,,,,,,,,,,,,,,,,,,
25886,2019,9,27,15,0,19.0,136,455,329,3.6,,,,,,,,,,,,,,,,,,,,,,,,,,,,,,,,,,,,
25887,2019,9,27,15,15,18.9,116,495,311,3.4000000000000004,,,,,,,,,,,,,,,,,,,,,,,,,,,,,,,,,,,,
25888,2019,9,27,15,30,18.7,107,473,280,3.2,,,,,,,,,,,,,,,,,,,,,,,,,,,,,,,,,,,,
25889,2019,9,27,15,45,18.6,130,193,194,3.0,,,,,,,,,,,,,,,,,,,,,,,,,,,,,,,,,,,,
25890,2019,9,27,16,0,18.4,84,547,247,2.8000000000000003,,,,,,,,,,,,,,,,,,,,,,,,,,,,,,,,,,,,
25891,2019,9,27,16,15,17.900000000000002,77,506,211,2.4000000000000004,,,,,,,,,,,,,,,,,,,,,,,,,,,,,,,,,,,,
25892,2019,9,27,16,30,17.400000000000002,70,457,174,2.1,,,,,,,,,,,,,,,,,,,,,,,,,,,,,,,,,,,,
25893,2019,9,27,16,45,17.0,61,409,138,1.8,,,,,,,,,,,,,,,,,,,,,,,,,,,,,,,,,,,,
25894,2019,9,27,17,0,16.5,51,341,103,1.4,,,,,,,,,,,,,,,,,,,,,,,,,,,,,,,,,,,,
25895,2019,9,27,17,15,16.0,41,262,70,1.4,,,,,,,,,,,,,,,,,,,,,,,,,,,,,,,,,,,,
25896,2019,9,27,17,30,15.4,28,172,41,1.4,,,,,,,,,,,,,,,,,,,,,,,,,,,,,,,,,,,,
25897,2019,9,27,17,45,14.9,15,87,18,1.4,,,,,,,,,,,,,,,,,,,,,,,,,,,,,,,,,,,,
25898,2019,9,27,18,0,14.4,0,0,0,1.4,,,,,,,,,,,,,,,,,,,,,,,,,,,,,,,,,,,,
25899,2019,9,27,18,15,14.2,0,0,0,1.5,,,,,,,,,,,,,,,,,,,,,,,,,,,,,,,,,,,,
25900,2019,9,27,18,30,14.0,0,0,0,1.6,,,,,,,,,,,,,,,,,,,,,,,,,,,,,,,,,,,,
25901,2019,9,27,18,45,13.8,0,0,0,1.6,,,,,,,,,,,,,,,,,,,,,,,,,,,,,,,,,,,,
25902,2019,9,27,19,0,13.6,0,0,0,1.7000000000000002,,,,,,,,,,,,,,,,,,,,,,,,,,,,,,,,,,,,
25903,2019,9,27,19,15,13.5,0,0,0,1.8,,,,,,,,,,,,,,,,,,,,,,,,,,,,,,,,,,,,
25904,2019,9,27,19,30,13.4,0,0,0,2.0,,,,,,,,,,,,,,,,,,,,,,,,,,,,,,,,,,,,
25905,2019,9,27,19,45,13.2,0,0,0,2.1,,,,,,,,,,,,,,,,,,,,,,,,,,,,,,,,,,,,
25906,2019,9,27,20,0,13.1,0,0,0,2.2,,,,,,,,,,,,,,,,,,,,,,,,,,,,,,,,,,,,
25907,2019,9,27,20,15,13.0,0,0,0,2.4000000000000004,,,,,,,,,,,,,,,,,,,,,,,,,,,,,,,,,,,,
25908,2019,9,27,20,30,12.9,0,0,0,2.5,,,,,,,,,,,,,,,,,,,,,,,,,,,,,,,,,,,,
25909,2019,9,27,20,45,12.8,0,0,0,2.7,,,,,,,,,,,,,,,,,,,,,,,,,,,,,,,,,,,,
25910,2019,9,27,21,0,12.7,0,0,0,2.8000000000000003,,,,,,,,,,,,,,,,,,,,,,,,,,,,,,,,,,,,
25911,2019,9,27,21,15,12.6,0,0,0,2.9000000000000004,,,,,,,,,,,,,,,,,,,,,,,,,,,,,,,,,,,,
25912,2019,9,27,21,30,12.6,0,0,0,3.0,,,,,,,,,,,,,,,,,,,,,,,,,,,,,,,,,,,,
25913,2019,9,27,21,45,12.5,0,0,0,3.0,,,,,,,,,,,,,,,,,,,,,,,,,,,,,,,,,,,,
25914,2019,9,27,22,0,12.4,0,0,0,3.1,,,,,,,,,,,,,,,,,,,,,,,,,,,,,,,,,,,,
25915,2019,9,27,22,15,12.3,0,0,0,3.1,,,,,,,,,,,,,,,,,,,,,,,,,,,,,,,,,,,,
25916,2019,9,27,22,30,12.1,0,0,0,3.1,,,,,,,,,,,,,,,,,,,,,,,,,,,,,,,,,,,,
25917,2019,9,27,22,45,12.0,0,0,0,3.1,,,,,,,,,,,,,,,,,,,,,,,,,,,,,,,,,,,,
25918,2019,9,27,23,0,11.9,0,0,0,3.0,,,,,,,,,,,,,,,,,,,,,,,,,,,,,,,,,,,,
25919,2019,9,27,23,15,11.8,0,0,0,3.0,,,,,,,,,,,,,,,,,,,,,,,,,,,,,,,,,,,,
25920,2019,9,27,23,30,11.7,0,0,0,3.1,,,,,,,,,,,,,,,,,,,,,,,,,,,,,,,,,,,,
25921,2019,9,27,23,45,11.7,0,0,0,3.1,,,,,,,,,,,,,,,,,,,,,,,,,,,,,,,,,,,,
25922,2019,9,28,0,0,11.6,0,0,0,3.1,,,,,,,,,,,,,,,,,,,,,,,,,,,,,,,,,,,,
25923,2019,9,28,0,15,11.6,0,0,0,3.1,,,,,,,,,,,,,,,,,,,,,,,,,,,,,,,,,,,,
25924,2019,9,28,0,30,11.6,0,0,0,3.1,,,,,,,,,,,,,,,,,,,,,,,,,,,,,,,,,,,,
25925,2019,9,28,0,45,11.6,0,0,0,3.1,,,,,,,,,,,,,,,,,,,,,,,,,,,,,,,,,,,,
25926,2019,9,28,1,0,11.3,0,0,0,3.1,,,,,,,,,,,,,,,,,,,,,,,,,,,,,,,,,,,,
25927,2019,9,28,1,15,11.2,0,0,0,3.1,,,,,,,,,,,,,,,,,,,,,,,,,,,,,,,,,,,,
25928,2019,9,28,1,30,11.2,0,0,0,3.0,,,,,,,,,,,,,,,,,,,,,,,,,,,,,,,,,,,,
25929,2019,9,28,1,45,11.1,0,0,0,3.0,,,,,,,,,,,,,,,,,,,,,,,,,,,,,,,,,,,,
25930,2019,9,28,2,0,11.1,0,0,0,3.0,,,,,,,,,,,,,,,,,,,,,,,,,,,,,,,,,,,,
25931,2019,9,28,2,15,11.0,0,0,0,3.0,,,,,,,,,,,,,,,,,,,,,,,,,,,,,,,,,,,,
25932,2019,9,28,2,30,11.0,0,0,0,3.0,,,,,,,,,,,,,,,,,,,,,,,,,,,,,,,,,,,,
25933,2019,9,28,2,45,10.9,0,0,0,3.1,,,,,,,,,,,,,,,,,,,,,,,,,,,,,,,,,,,,
25934,2019,9,28,3,0,10.9,0,0,0,3.1,,,,,,,,,,,,,,,,,,,,,,,,,,,,,,,,,,,,
25935,2019,9,28,3,15,10.9,0,0,0,3.1,,,,,,,,,,,,,,,,,,,,,,,,,,,,,,,,,,,,
25936,2019,9,28,3,30,10.8,0,0,0,3.1,,,,,,,,,,,,,,,,,,,,,,,,,,,,,,,,,,,,
25937,2019,9,28,3,45,10.8,0,0,0,3.1,,,,,,,,,,,,,,,,,,,,,,,,,,,,,,,,,,,,
25938,2019,9,28,4,0,10.8,0,0,0,3.1,,,,,,,,,,,,,,,,,,,,,,,,,,,,,,,,,,,,
25939,2019,9,28,4,15,10.8,0,0,0,3.2,,,,,,,,,,,,,,,,,,,,,,,,,,,,,,,,,,,,
25940,2019,9,28,4,30,10.8,0,0,0,3.2,,,,,,,,,,,,,,,,,,,,,,,,,,,,,,,,,,,,
25941,2019,9,28,4,45,10.8,0,0,0,3.2,,,,,,,,,,,,,,,,,,,,,,,,,,,,,,,,,,,,
25942,2019,9,28,5,0,10.7,0,0,0,3.2,,,,,,,,,,,,,,,,,,,,,,,,,,,,,,,,,,,,
25943,2019,9,28,5,15,10.8,0,0,0,3.3000000000000003,,,,,,,,,,,,,,,,,,,,,,,,,,,,,,,,,,,,
25944,2019,9,28,5,30,10.8,0,0,0,3.3000000000000003,,,,,,,,,,,,,,,,,,,,,,,,,,,,,,,,,,,,
25945,2019,9,28,5,45,10.8,0,0,0,3.4000000000000004,,,,,,,,,,,,,,,,,,,,,,,,,,,,,,,,,,,,
25946,2019,9,28,6,0,10.8,0,0,0,3.4000000000000004,,,,,,,,,,,,,,,,,,,,,,,,,,,,,,,,,,,,
25947,2019,9,28,6,15,11.2,0,0,0,3.5,,,,,,,,,,,,,,,,,,,,,,,,,,,,,,,,,,,,
25948,2019,9,28,6,30,11.5,13,0,13,3.7,,,,,,,,,,,,,,,,,,,,,,,,,,,,,,,,,,,,
25949,2019,9,28,6,45,11.8,28,8,29,3.8,,,,,,,,,,,,,,,,,,,,,,,,,,,,,,,,,,,,
25950,2019,9,28,7,0,12.2,42,44,48,4.0,,,,,,,,,,,,,,,,,,,,,,,,,,,,,,,,,,,,
25951,2019,9,28,7,15,12.7,58,71,69,4.1000000000000005,,,,,,,,,,,,,,,,,,,,,,,,,,,,,,,,,,,,
25952,2019,9,28,7,30,13.2,73,98,93,4.2,,,,,,,,,,,,,,,,,,,,,,,,,,,,,,,,,,,,
25953,2019,9,28,7,45,13.8,60,539,188,4.3,,,,,,,,,,,,,,,,,,,,,,,,,,,,,,,,,,,,
25954,2019,9,28,8,0,14.3,66,584,225,4.4,,,,,,,,,,,,,,,,,,,,,,,,,,,,,,,,,,,,
25955,2019,9,28,8,15,14.9,70,622,261,4.7,,,,,,,,,,,,,,,,,,,,,,,,,,,,,,,,,,,,
25956,2019,9,28,8,30,15.4,74,654,297,5.0,,,,,,,,,,,,,,,,,,,,,,,,,,,,,,,,,,,,
25957,2019,9,28,8,45,16.0,78,682,331,5.300000000000001,,,,,,,,,,,,,,,,,,,,,,,,,,,,,,,,,,,,
25958,2019,9,28,9,0,16.5,162,219,250,5.7,,,,,,,,,,,,,,,,,,,,,,,,,,,,,,,,,,,,
25959,2019,9,28,9,15,16.8,176,226,273,5.800000000000001,,,,,,,,,,,,,,,,,,,,,,,,,,,,,,,,,,,,
25960,2019,9,28,9,30,17.2,194,156,265,5.9,,,,,,,,,,,,,,,,,,,,,,,,,,,,,,,,,,,,
25961,2019,9,28,9,45,17.5,36,0,36,6.0,,,,,,,,,,,,,,,,,,,,,,,,,,,,,,,,,,,,
25962,2019,9,28,10,0,17.8,116,0,116,6.1000000000000005,,,,,,,,,,,,,,,,,,,,,,,,,,,,,,,,,,,,
25963,2019,9,28,10,15,18.0,123,0,123,6.1000000000000005,,,,,,,,,,,,,,,,,,,,,,,,,,,,,,,,,,,,
25964,2019,9,28,10,30,18.2,237,108,296,6.1000000000000005,,,,,,,,,,,,,,,,,,,,,,,,,,,,,,,,,,,,
25965,2019,9,28,10,45,18.4,226,326,407,6.2,,,,,,,,,,,,,,,,,,,,,,,,,,,,,,,,,,,,
25966,2019,9,28,11,0,18.7,223,34,242,6.2,,,,,,,,,,,,,,,,,,,,,,,,,,,,,,,,,,,,
25967,2019,9,28,11,15,18.8,216,24,230,6.2,,,,,,,,,,,,,,,,,,,,,,,,,,,,,,,,,,,,
25968,2019,9,28,11,30,19.0,265,156,356,6.2,,,,,,,,,,,,,,,,,,,,,,,,,,,,,,,,,,,,
25969,2019,9,28,11,45,19.200000000000003,97,819,580,6.300000000000001,,,,,,,,,,,,,,,,,,,,,,,,,,,,,,,,,,,,
25970,2019,9,28,12,0,19.4,261,87,313,6.300000000000001,,,,,,,,,,,,,,,,,,,,,,,,,,,,,,,,,,,,
25971,2019,9,28,12,15,19.4,54,0,54,6.300000000000001,,,,,,,,,,,,,,,,,,,,,,,,,,,,,,,,,,,,
25972,2019,9,28,12,30,19.5,147,0,147,6.300000000000001,,,,,,,,,,,,,,,,,,,,,,,,,,,,,,,,,,,,
25973,2019,9,28,12,45,19.6,145,0,145,6.300000000000001,,,,,,,,,,,,,,,,,,,,,,,,,,,,,,,,,,,,
25974,2019,9,28,13,0,19.700000000000003,190,10,196,6.300000000000001,,,,,,,,,,,,,,,,,,,,,,,,,,,,,,,,,,,,
25975,2019,9,28,13,15,19.6,99,0,99,6.2,,,,,,,,,,,,,,,,,,,,,,,,,,,,,,,,,,,,
25976,2019,9,28,13,30,19.6,222,43,246,6.2,,,,,,,,,,,,,,,,,,,,,,,,,,,,,,,,,,,,
25977,2019,9,28,13,45,19.5,227,253,362,6.2,,,,,,,,,,,,,,,,,,,,,,,,,,,,,,,,,,,,
25978,2019,9,28,14,0,19.5,99,760,490,6.1000000000000005,,,,,,,,,,,,,,,,,,,,,,,,,,,,,,,,,,,,
25979,2019,9,28,14,15,19.4,209,77,247,6.0,,,,,,,,,,,,,,,,,,,,,,,,,,,,,,,,,,,,
25980,2019,9,28,14,30,19.3,184,38,202,5.9,,,,,,,,,,,,,,,,,,,,,,,,,,,,,,,,,,,,
25981,2019,9,28,14,45,19.200000000000003,189,134,249,5.800000000000001,,,,,,,,,,,,,,,,,,,,,,,,,,,,,,,,,,,,
25982,2019,9,28,15,0,19.1,114,0,114,5.7,,,,,,,,,,,,,,,,,,,,,,,,,,,,,,,,,,,,
25983,2019,9,28,15,15,18.9,136,11,140,5.5,,,,,,,,,,,,,,,,,,,,,,,,,,,,,,,,,,,,
25984,2019,9,28,15,30,18.7,35,0,35,5.300000000000001,,,,,,,,,,,,,,,,,,,,,,,,,,,,,,,,,,,,
25985,2019,9,28,15,45,18.5,20,0,20,5.1000000000000005,,,,,,,,,,,,,,,,,,,,,,,,,,,,,,,,,,,,
25986,2019,9,28,16,0,18.3,17,0,17,4.9,,,,,,,,,,,,,,,,,,,,,,,,,,,,,,,,,,,,
25987,2019,9,28,16,15,17.900000000000002,71,0,71,4.6000000000000005,,,,,,,,,,,,,,,,,,,,,,,,,,,,,,,,,,,,
25988,2019,9,28,16,30,17.5,57,0,57,4.3,,,,,,,,,,,,,,,,,,,,,,,,,,,,,,,,,,,,
25989,2019,9,28,16,45,17.1,43,0,43,4.0,,,,,,,,,,,,,,,,,,,,,,,,,,,,,,,,,,,,
25990,2019,9,28,17,0,16.6,49,337,98,3.7,,,,,,,,,,,,,,,,,,,,,,,,,,,,,,,,,,,,
25991,2019,9,28,17,15,16.2,39,254,66,3.6,,,,,,,,,,,,,,,,,,,,,,,,,,,,,,,,,,,,
25992,2019,9,28,17,30,15.8,26,160,37,3.6,,,,,,,,,,,,,,,,,,,,,,,,,,,,,,,,,,,,
25993,2019,9,28,17,45,15.3,14,65,15,3.6,,,,,,,,,,,,,,,,,,,,,,,,,,,,,,,,,,,,
25994,2019,9,28,18,0,14.9,0,0,0,3.5,,,,,,,,,,,,,,,,,,,,,,,,,,,,,,,,,,,,
25995,2019,9,28,18,15,14.7,0,0,0,3.6,,,,,,,,,,,,,,,,,,,,,,,,,,,,,,,,,,,,
25996,2019,9,28,18,30,14.6,0,0,0,3.7,,,,,,,,,,,,,,,,,,,,,,,,,,,,,,,,,,,,
25997,2019,9,28,18,45,14.4,0,0,0,3.9,,,,,,,,,,,,,,,,,,,,,,,,,,,,,,,,,,,,
25998,2019,9,28,19,0,14.3,0,0,0,4.0,,,,,,,,,,,,,,,,,,,,,,,,,,,,,,,,,,,,
25999,2019,9,28,19,15,14.1,0,0,0,4.0,,,,,,,,,,,,,,,,,,,,,,,,,,,,,,,,,,,,
26000,2019,9,28,19,30,14.0,0,0,0,4.0,,,,,,,,,,,,,,,,,,,,,,,,,,,,,,,,,,,,
26001,2019,9,28,19,45,13.8,0,0,0,4.0,,,,,,,,,,,,,,,,,,,,,,,,,,,,,,,,,,,,
26002,2019,9,28,20,0,13.6,0,0,0,4.0,,,,,,,,,,,,,,,,,,,,,,,,,,,,,,,,,,,,
26003,2019,9,28,20,15,13.5,0,0,0,4.1000000000000005,,,,,,,,,,,,,,,,,,,,,,,,,,,,,,,,,,,,
26004,2019,9,28,20,30,13.4,0,0,0,4.1000000000000005,,,,,,,,,,,,,,,,,,,,,,,,,,,,,,,,,,,,
26005,2019,9,28,20,45,13.3,0,0,0,4.1000000000000005,,,,,,,,,,,,,,,,,,,,,,,,,,,,,,,,,,,,
26006,2019,9,28,21,0,13.1,0,0,0,4.1000000000000005,,,,,,,,,,,,,,,,,,,,,,,,,,,,,,,,,,,,
26007,2019,9,28,21,15,13.1,0,0,0,4.1000000000000005,,,,,,,,,,,,,,,,,,,,,,,,,,,,,,,,,,,,
26008,2019,9,28,21,30,13.0,0,0,0,4.0,,,,,,,,,,,,,,,,,,,,,,,,,,,,,,,,,,,,
26009,2019,9,28,21,45,13.0,0,0,0,4.0,,,,,,,,,,,,,,,,,,,,,,,,,,,,,,,,,,,,
26010,2019,9,28,22,0,12.9,0,0,0,3.9,,,,,,,,,,,,,,,,,,,,,,,,,,,,,,,,,,,,
26011,2019,9,28,22,15,12.8,0,0,0,3.9,,,,,,,,,,,,,,,,,,,,,,,,,,,,,,,,,,,,
26012,2019,9,28,22,30,12.7,0,0,0,3.8,,,,,,,,,,,,,,,,,,,,,,,,,,,,,,,,,,,,
26013,2019,9,28,22,45,12.7,0,0,0,3.8,,,,,,,,,,,,,,,,,,,,,,,,,,,,,,,,,,,,
26014,2019,9,28,23,0,12.6,0,0,0,3.7,,,,,,,,,,,,,,,,,,,,,,,,,,,,,,,,,,,,
26015,2019,9,28,23,15,12.5,0,0,0,3.7,,,,,,,,,,,,,,,,,,,,,,,,,,,,,,,,,,,,
26016,2019,9,28,23,30,12.4,0,0,0,3.7,,,,,,,,,,,,,,,,,,,,,,,,,,,,,,,,,,,,
26017,2019,9,28,23,45,12.3,0,0,0,3.8,,,,,,,,,,,,,,,,,,,,,,,,,,,,,,,,,,,,
26018,2019,9,29,0,0,12.3,0,0,0,3.8,,,,,,,,,,,,,,,,,,,,,,,,,,,,,,,,,,,,
26019,2019,9,29,0,15,12.3,0,0,0,3.8,,,,,,,,,,,,,,,,,,,,,,,,,,,,,,,,,,,,
26020,2019,9,29,0,30,12.3,0,0,0,3.8,,,,,,,,,,,,,,,,,,,,,,,,,,,,,,,,,,,,
26021,2019,9,29,0,45,12.3,0,0,0,3.8,,,,,,,,,,,,,,,,,,,,,,,,,,,,,,,,,,,,
26022,2019,9,29,1,0,11.9,0,0,0,3.7,,,,,,,,,,,,,,,,,,,,,,,,,,,,,,,,,,,,
26023,2019,9,29,1,15,11.9,0,0,0,3.7,,,,,,,,,,,,,,,,,,,,,,,,,,,,,,,,,,,,
26024,2019,9,29,1,30,11.8,0,0,0,3.6,,,,,,,,,,,,,,,,,,,,,,,,,,,,,,,,,,,,
26025,2019,9,29,1,45,11.7,0,0,0,3.6,,,,,,,,,,,,,,,,,,,,,,,,,,,,,,,,,,,,
26026,2019,9,29,2,0,11.7,0,0,0,3.6,,,,,,,,,,,,,,,,,,,,,,,,,,,,,,,,,,,,
26027,2019,9,29,2,15,11.7,0,0,0,3.6,,,,,,,,,,,,,,,,,,,,,,,,,,,,,,,,,,,,
26028,2019,9,29,2,30,11.7,0,0,0,3.6,,,,,,,,,,,,,,,,,,,,,,,,,,,,,,,,,,,,
26029,2019,9,29,2,45,11.7,0,0,0,3.5,,,,,,,,,,,,,,,,,,,,,,,,,,,,,,,,,,,,
26030,2019,9,29,3,0,11.7,0,0,0,3.5,,,,,,,,,,,,,,,,,,,,,,,,,,,,,,,,,,,,
26031,2019,9,29,3,15,11.7,0,0,0,3.5,,,,,,,,,,,,,,,,,,,,,,,,,,,,,,,,,,,,
26032,2019,9,29,3,30,11.8,0,0,0,3.5,,,,,,,,,,,,,,,,,,,,,,,,,,,,,,,,,,,,
26033,2019,9,29,3,45,11.8,0,0,0,3.6,,,,,,,,,,,,,,,,,,,,,,,,,,,,,,,,,,,,
26034,2019,9,29,4,0,11.8,0,0,0,3.6,,,,,,,,,,,,,,,,,,,,,,,,,,,,,,,,,,,,
26035,2019,9,29,4,15,11.8,0,0,0,3.6,,,,,,,,,,,,,,,,,,,,,,,,,,,,,,,,,,,,
26036,2019,9,29,4,30,11.8,0,0,0,3.6,,,,,,,,,,,,,,,,,,,,,,,,,,,,,,,,,,,,
26037,2019,9,29,4,45,11.8,0,0,0,3.6,,,,,,,,,,,,,,,,,,,,,,,,,,,,,,,,,,,,
26038,2019,9,29,5,0,11.8,0,0,0,3.6,,,,,,,,,,,,,,,,,,,,,,,,,,,,,,,,,,,,
26039,2019,9,29,5,15,11.7,0,0,0,3.6,,,,,,,,,,,,,,,,,,,,,,,,,,,,,,,,,,,,
26040,2019,9,29,5,30,11.7,0,0,0,3.6,,,,,,,,,,,,,,,,,,,,,,,,,,,,,,,,,,,,
26041,2019,9,29,5,45,11.7,0,0,0,3.5,,,,,,,,,,,,,,,,,,,,,,,,,,,,,,,,,,,,
26042,2019,9,29,6,0,11.6,0,0,0,3.5,,,,,,,,,,,,,,,,,,,,,,,,,,,,,,,,,,,,
26043,2019,9,29,6,15,11.8,0,0,0,3.6,,,,,,,,,,,,,,,,,,,,,,,,,,,,,,,,,,,,
26044,2019,9,29,6,30,11.9,2,0,2,3.7,,,,,,,,,,,,,,,,,,,,,,,,,,,,,,,,,,,,
26045,2019,9,29,6,45,12.0,4,0,4,3.7,,,,,,,,,,,,,,,,,,,,,,,,,,,,,,,,,,,,
26046,2019,9,29,7,0,12.1,5,0,5,3.8,,,,,,,,,,,,,,,,,,,,,,,,,,,,,,,,,,,,
26047,2019,9,29,7,15,12.4,6,0,6,3.9,,,,,,,,,,,,,,,,,,,,,,,,,,,,,,,,,,,,
26048,2019,9,29,7,30,12.7,10,0,10,4.0,,,,,,,,,,,,,,,,,,,,,,,,,,,,,,,,,,,,
26049,2019,9,29,7,45,13.1,8,0,8,4.1000000000000005,,,,,,,,,,,,,,,,,,,,,,,,,,,,,,,,,,,,
26050,2019,9,29,8,0,13.4,9,0,9,4.1000000000000005,,,,,,,,,,,,,,,,,,,,,,,,,,,,,,,,,,,,
26051,2019,9,29,8,15,13.8,10,0,10,4.3,,,,,,,,,,,,,,,,,,,,,,,,,,,,,,,,,,,,
26052,2019,9,29,8,30,14.2,14,0,14,4.4,,,,,,,,,,,,,,,,,,,,,,,,,,,,,,,,,,,,
26053,2019,9,29,8,45,14.6,15,0,15,4.6000000000000005,,,,,,,,,,,,,,,,,,,,,,,,,,,,,,,,,,,,
26054,2019,9,29,9,0,15.0,16,0,16,4.7,,,,,,,,,,,,,,,,,,,,,,,,,,,,,,,,,,,,
26055,2019,9,29,9,15,15.4,16,0,16,4.800000000000001,,,,,,,,,,,,,,,,,,,,,,,,,,,,,,,,,,,,
26056,2019,9,29,9,30,15.7,21,0,21,4.9,,,,,,,,,,,,,,,,,,,,,,,,,,,,,,,,,,,,
26057,2019,9,29,9,45,16.1,19,0,19,5.0,,,,,,,,,,,,,,,,,,,,,,,,,,,,,,,,,,,,
26058,2019,9,29,10,0,16.5,21,0,21,5.1000000000000005,,,,,,,,,,,,,,,,,,,,,,,,,,,,,,,,,,,,
26059,2019,9,29,10,15,16.8,22,0,22,5.300000000000001,,,,,,,,,,,,,,,,,,,,,,,,,,,,,,,,,,,,
26060,2019,9,29,10,30,17.1,24,0,24,5.4,,,,,,,,,,,,,,,,,,,,,,,,,,,,,,,,,,,,
26061,2019,9,29,10,45,17.400000000000002,61,0,61,5.6000000000000005,,,,,,,,,,,,,,,,,,,,,,,,,,,,,,,,,,,,
26062,2019,9,29,11,0,17.8,26,0,26,5.7,,,,,,,,,,,,,,,,,,,,,,,,,,,,,,,,,,,,
26063,2019,9,29,11,15,17.900000000000002,186,8,191,5.800000000000001,,,,,,,,,,,,,,,,,,,,,,,,,,,,,,,,,,,,
26064,2019,9,29,11,30,18.1,118,0,118,5.9,,,,,,,,,,,,,,,,,,,,,,,,,,,,,,,,,,,,
26065,2019,9,29,11,45,18.3,42,0,42,6.0,,,,,,,,,,,,,,,,,,,,,,,,,,,,,,,,,,,,
26066,2019,9,29,12,0,18.4,30,0,30,6.1000000000000005,,,,,,,,,,,,,,,,,,,,,,,,,,,,,,,,,,,,
26067,2019,9,29,12,15,18.6,41,0,41,6.2,,,,,,,,,,,,,,,,,,,,,,,,,,,,,,,,,,,,
26068,2019,9,29,12,30,18.8,32,0,32,6.300000000000001,,,,,,,,,,,,,,,,,,,,,,,,,,,,,,,,,,,,
26069,2019,9,29,12,45,19.0,31,0,31,6.5,,,,,,,,,,,,,,,,,,,,,,,,,,,,,,,,,,,,
26070,2019,9,29,13,0,19.200000000000003,29,0,29,6.6000000000000005,,,,,,,,,,,,,,,,,,,,,,,,,,,,,,,,,,,,
26071,2019,9,29,13,15,19.3,29,0,29,6.6000000000000005,,,,,,,,,,,,,,,,,,,,,,,,,,,,,,,,,,,,
26072,2019,9,29,13,30,19.5,27,0,27,6.7,,,,,,,,,,,,,,,,,,,,,,,,,,,,,,,,,,,,
26073,2019,9,29,13,45,19.700000000000003,26,0,26,6.7,,,,,,,,,,,,,,,,,,,,,,,,,,,,,,,,,,,,
26074,2019,9,29,14,0,19.9,114,0,114,6.7,,,,,,,,,,,,,,,,,,,,,,,,,,,,,,,,,,,,
26075,2019,9,29,14,15,19.8,160,6,163,6.6000000000000005,,,,,,,,,,,,,,,,,,,,,,,,,,,,,,,,,,,,
26076,2019,9,29,14,30,19.700000000000003,133,0,133,6.4,,,,,,,,,,,,,,,,,,,,,,,,,,,,,,,,,,,,
26077,2019,9,29,14,45,19.6,31,0,31,6.300000000000001,,,,,,,,,,,,,,,,,,,,,,,,,,,,,,,,,,,,
26078,2019,9,29,15,0,19.5,158,298,281,6.1000000000000005,,,,,,,,,,,,,,,,,,,,,,,,,,,,,,,,,,,,
26079,2019,9,29,15,15,19.3,25,0,25,6.2,,,,,,,,,,,,,,,,,,,,,,,,,,,,,,,,,,,,
26080,2019,9,29,15,30,19.1,35,0,35,6.2,,,,,,,,,,,,,,,,,,,,,,,,,,,,,,,,,,,,
26081,2019,9,29,15,45,18.9,38,0,38,6.2,,,,,,,,,,,,,,,,,,,,,,,,,,,,,,,,,,,,
26082,2019,9,29,16,0,18.7,16,0,16,6.2,,,,,,,,,,,,,,,,,,,,,,,,,,,,,,,,,,,,
26083,2019,9,29,16,15,18.4,92,214,145,6.2,,,,,,,,,,,,,,,,,,,,,,,,,,,,,,,,,,,,
26084,2019,9,29,16,30,18.1,11,0,11,6.1000000000000005,,,,,,,,,,,,,,,,,,,,,,,,,,,,,,,,,,,,
26085,2019,9,29,16,45,17.8,9,0,9,6.1000000000000005,,,,,,,,,,,,,,,,,,,,,,,,,,,,,,,,,,,,
26086,2019,9,29,17,0,17.5,7,0,7,6.1000000000000005,,,,,,,,,,,,,,,,,,,,,,,,,,,,,,,,,,,,
26087,2019,9,29,17,15,17.2,5,0,5,6.0,,,,,,,,,,,,,,,,,,,,,,,,,,,,,,,,,,,,
26088,2019,9,29,17,30,16.900000000000002,3,0,3,5.9,,,,,,,,,,,,,,,,,,,,,,,,,,,,,,,,,,,,
26089,2019,9,29,17,45,16.6,1,0,1,5.9,,,,,,,,,,,,,,,,,,,,,,,,,,,,,,,,,,,,
26090,2019,9,29,18,0,16.3,0,0,0,5.800000000000001,,,,,,,,,,,,,,,,,,,,,,,,,,,,,,,,,,,,
26091,2019,9,29,18,15,16.2,0,0,0,5.800000000000001,,,,,,,,,,,,,,,,,,,,,,,,,,,,,,,,,,,,
26092,2019,9,29,18,30,16.0,0,0,0,5.800000000000001,,,,,,,,,,,,,,,,,,,,,,,,,,,,,,,,,,,,
26093,2019,9,29,18,45,15.8,0,0,0,5.9,,,,,,,,,,,,,,,,,,,,,,,,,,,,,,,,,,,,
26094,2019,9,29,19,0,15.6,0,0,0,5.9,,,,,,,,,,,,,,,,,,,,,,,,,,,,,,,,,,,,
26095,2019,9,29,19,15,15.6,0,0,0,5.9,,,,,,,,,,,,,,,,,,,,,,,,,,,,,,,,,,,,
26096,2019,9,29,19,30,15.5,0,0,0,6.0,,,,,,,,,,,,,,,,,,,,,,,,,,,,,,,,,,,,
26097,2019,9,29,19,45,15.4,0,0,0,6.0,,,,,,,,,,,,,,,,,,,,,,,,,,,,,,,,,,,,
26098,2019,9,29,20,0,15.4,0,0,0,6.1000000000000005,,,,,,,,,,,,,,,,,,,,,,,,,,,,,,,,,,,,
26099,2019,9,29,20,15,15.3,0,0,0,6.1000000000000005,,,,,,,,,,,,,,,,,,,,,,,,,,,,,,,,,,,,
26100,2019,9,29,20,30,15.3,0,0,0,6.1000000000000005,,,,,,,,,,,,,,,,,,,,,,,,,,,,,,,,,,,,
26101,2019,9,29,20,45,15.3,0,0,0,6.1000000000000005,,,,,,,,,,,,,,,,,,,,,,,,,,,,,,,,,,,,
26102,2019,9,29,21,0,15.2,0,0,0,6.1000000000000005,,,,,,,,,,,,,,,,,,,,,,,,,,,,,,,,,,,,
26103,2019,9,29,21,15,15.2,0,0,0,5.9,,,,,,,,,,,,,,,,,,,,,,,,,,,,,,,,,,,,
26104,2019,9,29,21,30,15.1,0,0,0,5.7,,,,,,,,,,,,,,,,,,,,,,,,,,,,,,,,,,,,
26105,2019,9,29,21,45,15.0,0,0,0,5.5,,,,,,,,,,,,,,,,,,,,,,,,,,,,,,,,,,,,
26106,2019,9,29,22,0,15.0,0,0,0,5.300000000000001,,,,,,,,,,,,,,,,,,,,,,,,,,,,,,,,,,,,
26107,2019,9,29,22,15,15.0,0,0,0,5.300000000000001,,,,,,,,,,,,,,,,,,,,,,,,,,,,,,,,,,,,
26108,2019,9,29,22,30,15.1,0,0,0,5.4,,,,,,,,,,,,,,,,,,,,,,,,,,,,,,,,,,,,
26109,2019,9,29,22,45,15.2,0,0,0,5.4,,,,,,,,,,,,,,,,,,,,,,,,,,,,,,,,,,,,
26110,2019,9,29,23,0,15.2,0,0,0,5.4,,,,,,,,,,,,,,,,,,,,,,,,,,,,,,,,,,,,
26111,2019,9,29,23,15,15.3,0,0,0,5.5,,,,,,,,,,,,,,,,,,,,,,,,,,,,,,,,,,,,
26112,2019,9,29,23,30,15.4,0,0,0,5.5,,,,,,,,,,,,,,,,,,,,,,,,,,,,,,,,,,,,
26113,2019,9,29,23,45,15.4,0,0,0,5.6000000000000005,,,,,,,,,,,,,,,,,,,,,,,,,,,,,,,,,,,,
26114,2019,9,30,0,0,15.5,0,0,0,5.6000000000000005,,,,,,,,,,,,,,,,,,,,,,,,,,,,,,,,,,,,
26115,2019,9,30,0,15,15.5,0,0,0,5.6000000000000005,,,,,,,,,,,,,,,,,,,,,,,,,,,,,,,,,,,,
26116,2019,9,30,0,30,15.5,0,0,0,5.6000000000000005,,,,,,,,,,,,,,,,,,,,,,,,,,,,,,,,,,,,
26117,2019,9,30,0,45,15.5,0,0,0,5.6000000000000005,,,,,,,,,,,,,,,,,,,,,,,,,,,,,,,,,,,,
26118,2019,9,30,1,0,15.6,0,0,0,6.0,,,,,,,,,,,,,,,,,,,,,,,,,,,,,,,,,,,,
26119,2019,9,30,1,15,15.5,0,0,0,6.0,,,,,,,,,,,,,,,,,,,,,,,,,,,,,,,,,,,,
26120,2019,9,30,1,30,15.4,0,0,0,6.1000000000000005,,,,,,,,,,,,,,,,,,,,,,,,,,,,,,,,,,,,
26121,2019,9,30,1,45,15.3,0,0,0,6.1000000000000005,,,,,,,,,,,,,,,,,,,,,,,,,,,,,,,,,,,,
26122,2019,9,30,2,0,15.2,0,0,0,6.2,,,,,,,,,,,,,,,,,,,,,,,,,,,,,,,,,,,,
26123,2019,9,30,2,15,15.0,0,0,0,6.2,,,,,,,,,,,,,,,,,,,,,,,,,,,,,,,,,,,,
26124,2019,9,30,2,30,14.9,0,0,0,6.2,,,,,,,,,,,,,,,,,,,,,,,,,,,,,,,,,,,,
26125,2019,9,30,2,45,14.8,0,0,0,6.2,,,,,,,,,,,,,,,,,,,,,,,,,,,,,,,,,,,,
26126,2019,9,30,3,0,14.7,0,0,0,6.2,,,,,,,,,,,,,,,,,,,,,,,,,,,,,,,,,,,,
26127,2019,9,30,3,15,14.6,0,0,0,6.4,,,,,,,,,,,,,,,,,,,,,,,,,,,,,,,,,,,,
26128,2019,9,30,3,30,14.6,0,0,0,6.5,,,,,,,,,,,,,,,,,,,,,,,,,,,,,,,,,,,,
26129,2019,9,30,3,45,14.5,0,0,0,6.6000000000000005,,,,,,,,,,,,,,,,,,,,,,,,,,,,,,,,,,,,
26130,2019,9,30,4,0,14.4,0,0,0,6.7,,,,,,,,,,,,,,,,,,,,,,,,,,,,,,,,,,,,
26131,2019,9,30,4,15,14.3,0,0,0,7.0,,,,,,,,,,,,,,,,,,,,,,,,,,,,,,,,,,,,
26132,2019,9,30,4,30,14.3,0,0,0,7.2,,,,,,,,,,,,,,,,,,,,,,,,,,,,,,,,,,,,
26133,2019,9,30,4,45,14.2,0,0,0,7.5,,,,,,,,,,,,,,,,,,,,,,,,,,,,,,,,,,,,
26134,2019,9,30,5,0,14.1,0,0,0,7.800000000000001,,,,,,,,,,,,,,,,,,,,,,,,,,,,,,,,,,,,
26135,2019,9,30,5,15,13.9,0,0,0,8.0,,,,,,,,,,,,,,,,,,,,,,,,,,,,,,,,,,,,
26136,2019,9,30,5,30,13.7,0,0,0,8.3,,,,,,,,,,,,,,,,,,,,,,,,,,,,,,,,,,,,
26137,2019,9,30,5,45,13.6,0,0,0,8.6,,,,,,,,,,,,,,,,,,,,,,,,,,,,,,,,,,,,
26138,2019,9,30,6,0,13.4,0,0,0,8.9,,,,,,,,,,,,,,,,,,,,,,,,,,,,,,,,,,,,
26139,2019,9,30,6,15,13.3,0,0,0,9.0,,,,,,,,,,,,,,,,,,,,,,,,,,,,,,,,,,,,
26140,2019,9,30,6,30,13.2,2,0,2,9.2,,,,,,,,,,,,,,,,,,,,,,,,,,,,,,,,,,,,
26141,2019,9,30,6,45,13.1,4,0,4,9.4,,,,,,,,,,,,,,,,,,,,,,,,,,,,,,,,,,,,
26142,2019,9,30,7,0,13.1,5,0,5,9.6,,,,,,,,,,,,,,,,,,,,,,,,,,,,,,,,,,,,
26143,2019,9,30,7,15,13.1,7,0,7,9.7,,,,,,,,,,,,,,,,,,,,,,,,,,,,,,,,,,,,
26144,2019,9,30,7,30,13.2,10,0,10,9.8,,,,,,,,,,,,,,,,,,,,,,,,,,,,,,,,,,,,
26145,2019,9,30,7,45,13.3,12,0,12,9.9,,,,,,,,,,,,,,,,,,,,,,,,,,,,,,,,,,,,
26146,2019,9,30,8,0,13.4,15,0,15,10.1,,,,,,,,,,,,,,,,,,,,,,,,,,,,,,,,,,,,
26147,2019,9,30,8,15,13.6,18,0,18,10.0,,,,,,,,,,,,,,,,,,,,,,,,,,,,,,,,,,,,
26148,2019,9,30,8,30,13.9,21,0,21,9.9,,,,,,,,,,,,,,,,,,,,,,,,,,,,,,,,,,,,
26149,2019,9,30,8,45,14.1,24,0,24,9.9,,,,,,,,,,,,,,,,,,,,,,,,,,,,,,,,,,,,
26150,2019,9,30,9,0,14.3,50,0,50,9.8,,,,,,,,,,,,,,,,,,,,,,,,,,,,,,,,,,,,
26151,2019,9,30,9,15,14.6,173,80,207,9.6,,,,,,,,,,,,,,,,,,,,,,,,,,,,,,,,,,,,
26152,2019,9,30,9,30,14.9,33,0,33,9.5,,,,,,,,,,,,,,,,,,,,,,,,,,,,,,,,,,,,
26153,2019,9,30,9,45,15.1,36,0,36,9.3,,,,,,,,,,,,,,,,,,,,,,,,,,,,,,,,,,,,
26154,2019,9,30,10,0,15.4,38,0,38,9.2,,,,,,,,,,,,,,,,,,,,,,,,,,,,,,,,,,,,
26155,2019,9,30,10,15,15.6,217,247,344,9.1,,,,,,,,,,,,,,,,,,,,,,,,,,,,,,,,,,,,
26156,2019,9,30,10,30,15.8,226,254,360,9.0,,,,,,,,,,,,,,,,,,,,,,,,,,,,,,,,,,,,
26157,2019,9,30,10,45,16.1,232,267,377,9.0,,,,,,,,,,,,,,,,,,,,,,,,,,,,,,,,,,,,
26158,2019,9,30,11,0,16.3,250,150,333,8.9,,,,,,,,,,,,,,,,,,,,,,,,,,,,,,,,,,,,
26159,2019,9,30,11,15,16.5,243,68,281,8.9,,,,,,,,,,,,,,,,,,,,,,,,,,,,,,,,,,,,
26160,2019,9,30,11,30,16.6,48,0,48,8.9,,,,,,,,,,,,,,,,,,,,,,,,,,,,,,,,,,,,
26161,2019,9,30,11,45,16.8,58,0,58,8.8,,,,,,,,,,,,,,,,,,,,,,,,,,,,,,,,,,,,
26162,2019,9,30,12,0,17.0,107,0,107,8.8,,,,,,,,,,,,,,,,,,,,,,,,,,,,,,,,,,,,
26163,2019,9,30,12,15,17.1,174,4,177,8.700000000000001,,,,,,,,,,,,,,,,,,,,,,,,,,,,,,,,,,,,
26164,2019,9,30,12,30,17.2,241,52,271,8.700000000000001,,,,,,,,,,,,,,,,,,,,,,,,,,,,,,,,,,,,
26165,2019,9,30,12,45,17.3,224,377,439,8.6,,,,,,,,,,,,,,,,,,,,,,,,,,,,,,,,,,,,
26166,2019,9,30,13,0,17.400000000000002,252,137,329,8.6,,,,,,,,,,,,,,,,,,,,,,,,,,,,,,,,,,,,
26167,2019,9,30,13,15,17.3,240,237,370,8.4,,,,,,,,,,,,,,,,,,,,,,,,,,,,,,,,,,,,
26168,2019,9,30,13,30,17.3,145,0,145,8.3,,,,,,,,,,,,,,,,,,,,,,,,,,,,,,,,,,,,
26169,2019,9,30,13,45,17.3,228,189,327,8.200000000000001,,,,,,,,,,,,,,,,,,,,,,,,,,,,,,,,,,,,
26170,2019,9,30,14,0,17.2,219,173,306,8.1,,,,,,,,,,,,,,,,,,,,,,,,,,,,,,,,,,,,
26171,2019,9,30,14,15,17.1,189,38,207,7.9,,,,,,,,,,,,,,,,,,,,,,,,,,,,,,,,,,,,
26172,2019,9,30,14,30,17.1,119,0,119,7.800000000000001,,,,,,,,,,,,,,,,,,,,,,,,,,,,,,,,,,,,
26173,2019,9,30,14,45,17.0,88,0,88,7.6,,,,,,,,,,,,,,,,,,,,,,,,,,,,,,,,,,,,
26174,2019,9,30,15,0,16.900000000000002,168,91,204,7.4,,,,,,,,,,,,,,,,,,,,,,,,,,,,,,,,,,,,
26175,2019,9,30,15,15,16.7,150,62,174,7.1000000000000005,,,,,,,,,,,,,,,,,,,,,,,,,,,,,,,,,,,,
26176,2019,9,30,15,30,16.5,107,0,107,6.9,,,,,,,,,,,,,,,,,,,,,,,,,,,,,,,,,,,,
26177,2019,9,30,15,45,16.3,19,0,19,6.6000000000000005,,,,,,,,,,,,,,,,,,,,,,,,,,,,,,,,,,,,
26178,2019,9,30,16,0,16.2,17,0,17,6.300000000000001,,,,,,,,,,,,,,,,,,,,,,,,,,,,,,,,,,,,
26179,2019,9,30,16,15,15.8,14,0,14,5.9,,,,,,,,,,,,,,,,,,,,,,,,,,,,,,,,,,,,
26180,2019,9,30,16,30,15.4,11,0,11,5.5,,,,,,,,,,,,,,,,,,,,,,,,,,,,,,,,,,,,
26181,2019,9,30,16,45,15.1,9,0,9,5.1000000000000005,,,,,,,,,,,,,,,,,,,,,,,,,,,,,,,,,,,,
26182,2019,9,30,17,0,14.7,43,357,91,4.7,,,,,,,,,,,,,,,,,,,,,,,,,,,,,,,,,,,,
26183,2019,9,30,17,15,14.3,33,265,59,4.5,,,,,,,,,,,,,,,,,,,,,,,,,,,,,,,,,,,,
26184,2019,9,30,17,30,13.9,22,157,31,4.2,,,,,,,,,,,,,,,,,,,,,,,,,,,,,,,,,,,,
26185,2019,9,30,17,45,13.5,10,48,11,4.0,,,,,,,,,,,,,,,,,,,,,,,,,,,,,,,,,,,,
26186,2019,9,30,18,0,13.1,0,0,0,3.8,,,,,,,,,,,,,,,,,,,,,,,,,,,,,,,,,,,,
26187,2019,9,30,18,15,12.9,0,0,0,3.6,,,,,,,,,,,,,,,,,,,,,,,,,,,,,,,,,,,,
26188,2019,9,30,18,30,12.7,0,0,0,3.5,,,,,,,,,,,,,,,,,,,,,,,,,,,,,,,,,,,,
26189,2019,9,30,18,45,12.4,0,0,0,3.4000000000000004,,,,,,,,,,,,,,,,,,,,,,,,,,,,,,,,,,,,
26190,2019,9,30,19,0,12.2,0,0,0,3.2,,,,,,,,,,,,,,,,,,,,,,,,,,,,,,,,,,,,
26191,2019,9,30,19,15,12.0,0,0,0,3.2,,,,,,,,,,,,,,,,,,,,,,,,,,,,,,,,,,,,
26192,2019,9,30,19,30,11.9,0,0,0,3.1,,,,,,,,,,,,,,,,,,,,,,,,,,,,,,,,,,,,
26193,2019,9,30,19,45,11.7,0,0,0,3.1,,,,,,,,,,,,,,,,,,,,,,,,,,,,,,,,,,,,
26194,2019,9,30,20,0,11.5,0,0,0,3.0,,,,,,,,,,,,,,,,,,,,,,,,,,,,,,,,,,,,
26195,2019,9,30,20,15,11.4,0,0,0,3.0,,,,,,,,,,,,,,,,,,,,,,,,,,,,,,,,,,,,
26196,2019,9,30,20,30,11.3,0,0,0,3.0,,,,,,,,,,,,,,,,,,,,,,,,,,,,,,,,,,,,
26197,2019,9,30,20,45,11.1,0,0,0,2.9000000000000004,,,,,,,,,,,,,,,,,,,,,,,,,,,,,,,,,,,,
26198,2019,9,30,21,0,11.0,0,0,0,2.9000000000000004,,,,,,,,,,,,,,,,,,,,,,,,,,,,,,,,,,,,
26199,2019,9,30,21,15,10.9,0,0,0,2.9000000000000004,,,,,,,,,,,,,,,,,,,,,,,,,,,,,,,,,,,,
26200,2019,9,30,21,30,10.8,0,0,0,2.9000000000000004,,,,,,,,,,,,,,,,,,,,,,,,,,,,,,,,,,,,
26201,2019,9,30,21,45,10.7,0,0,0,2.8000000000000003,,,,,,,,,,,,,,,,,,,,,,,,,,,,,,,,,,,,
26202,2019,9,30,22,0,10.6,0,0,0,2.8000000000000003,,,,,,,,,,,,,,,,,,,,,,,,,,,,,,,,,,,,
26203,2019,9,30,22,15,10.5,0,0,0,2.7,,,,,,,,,,,,,,,,,,,,,,,,,,,,,,,,,,,,
26204,2019,9,30,22,30,10.4,0,0,0,2.7,,,,,,,,,,,,,,,,,,,,,,,,,,,,,,,,,,,,
26205,2019,9,30,22,45,10.3,0,0,0,2.6,,,,,,,,,,,,,,,,,,,,,,,,,,,,,,,,,,,,
26206,2019,9,30,23,0,10.2,0,0,0,2.5,,,,,,,,,,,,,,,,,,,,,,,,,,,,,,,,,,,,
26207,2019,9,30,23,15,10.0,0,0,0,2.5,,,,,,,,,,,,,,,,,,,,,,,,,,,,,,,,,,,,
26208,2019,9,30,23,30,9.9,0,0,0,2.4000000000000004,,,,,,,,,,,,,,,,,,,,,,,,,,,,,,,,,,,,
26209,2019,9,30,23,45,9.7,0,0,0,2.3000000000000003,,,,,,,,,,,,,,,,,,,,,,,,,,,,,,,,,,,,
26210,2019,10,1,0,0,9.6,0,0,0,2.3000000000000003,,,,,,,,,,,,,,,,,,,,,,,,,,,,,,,,,,,,
26211,2019,10,1,0,15,9.6,0,0,0,2.3000000000000003,,,,,,,,,,,,,,,,,,,,,,,,,,,,,,,,,,,,
26212,2019,10,1,0,30,9.6,0,0,0,2.3000000000000003,,,,,,,,,,,,,,,,,,,,,,,,,,,,,,,,,,,,
26213,2019,10,1,0,45,9.6,0,0,0,2.3000000000000003,,,,,,,,,,,,,,,,,,,,,,,,,,,,,,,,,,,,
26214,2019,10,1,1,0,9.8,0,0,0,2.5,,,,,,,,,,,,,,,,,,,,,,,,,,,,,,,,,,,,
26215,2019,10,1,1,15,9.9,0,0,0,2.5,,,,,,,,,,,,,,,,,,,,,,,,,,,,,,,,,,,,
26216,2019,10,1,1,30,9.9,0,0,0,2.5,,,,,,,,,,,,,,,,,,,,,,,,,,,,,,,,,,,,
26217,2019,10,1,1,45,10.0,0,0,0,2.6,,,,,,,,,,,,,,,,,,,,,,,,,,,,,,,,,,,,
26218,2019,10,1,2,0,10.0,0,0,0,2.6,,,,,,,,,,,,,,,,,,,,,,,,,,,,,,,,,,,,
26219,2019,10,1,2,15,10.1,0,0,0,2.7,,,,,,,,,,,,,,,,,,,,,,,,,,,,,,,,,,,,
26220,2019,10,1,2,30,10.1,0,0,0,2.8000000000000003,,,,,,,,,,,,,,,,,,,,,,,,,,,,,,,,,,,,
26221,2019,10,1,2,45,10.2,0,0,0,2.9000000000000004,,,,,,,,,,,,,,,,,,,,,,,,,,,,,,,,,,,,
26222,2019,10,1,3,0,10.2,0,0,0,2.9000000000000004,,,,,,,,,,,,,,,,,,,,,,,,,,,,,,,,,,,,
26223,2019,10,1,3,15,10.3,0,0,0,3.0,,,,,,,,,,,,,,,,,,,,,,,,,,,,,,,,,,,,
26224,2019,10,1,3,30,10.3,0,0,0,3.0,,,,,,,,,,,,,,,,,,,,,,,,,,,,,,,,,,,,
26225,2019,10,1,3,45,10.4,0,0,0,3.1,,,,,,,,,,,,,,,,,,,,,,,,,,,,,,,,,,,,
26226,2019,10,1,4,0,10.4,0,0,0,3.2,,,,,,,,,,,,,,,,,,,,,,,,,,,,,,,,,,,,
26227,2019,10,1,4,15,10.5,0,0,0,3.2,,,,,,,,,,,,,,,,,,,,,,,,,,,,,,,,,,,,
26228,2019,10,1,4,30,10.5,0,0,0,3.3000000000000003,,,,,,,,,,,,,,,,,,,,,,,,,,,,,,,,,,,,
26229,2019,10,1,4,45,10.6,0,0,0,3.4000000000000004,,,,,,,,,,,,,,,,,,,,,,,,,,,,,,,,,,,,
26230,2019,10,1,5,0,10.6,0,0,0,3.5,,,,,,,,,,,,,,,,,,,,,,,,,,,,,,,,,,,,
26231,2019,10,1,5,15,10.7,0,0,0,3.6,,,,,,,,,,,,,,,,,,,,,,,,,,,,,,,,,,,,
26232,2019,10,1,5,30,10.7,0,0,0,3.6,,,,,,,,,,,,,,,,,,,,,,,,,,,,,,,,,,,,
26233,2019,10,1,5,45,10.8,0,0,0,3.7,,,,,,,,,,,,,,,,,,,,,,,,,,,,,,,,,,,,
26234,2019,10,1,6,0,10.8,0,0,0,3.8,,,,,,,,,,,,,,,,,,,,,,,,,,,,,,,,,,,,
26235,2019,10,1,6,15,11.0,0,0,0,4.0,,,,,,,,,,,,,,,,,,,,,,,,,,,,,,,,,,,,
26236,2019,10,1,6,30,11.1,2,0,2,4.2,,,,,,,,,,,,,,,,,,,,,,,,,,,,,,,,,,,,
26237,2019,10,1,6,45,11.3,4,0,4,4.4,,,,,,,,,,,,,,,,,,,,,,,,,,,,,,,,,,,,
26238,2019,10,1,7,0,11.4,5,0,5,4.6000000000000005,,,,,,,,,,,,,,,,,,,,,,,,,,,,,,,,,,,,
26239,2019,10,1,7,15,11.7,6,0,6,4.7,,,,,,,,,,,,,,,,,,,,,,,,,,,,,,,,,,,,
26240,2019,10,1,7,30,12.0,6,0,6,4.800000000000001,,,,,,,,,,,,,,,,,,,,,,,,,,,,,,,,,,,,
26241,2019,10,1,7,45,12.3,7,0,7,4.9,,,,,,,,,,,,,,,,,,,,,,,,,,,,,,,,,,,,
26242,2019,10,1,8,0,12.5,9,0,9,5.0,,,,,,,,,,,,,,,,,,,,,,,,,,,,,,,,,,,,
26243,2019,10,1,8,15,13.1,10,0,10,5.300000000000001,,,,,,,,,,,,,,,,,,,,,,,,,,,,,,,,,,,,
26244,2019,10,1,8,30,13.6,20,0,20,5.6000000000000005,,,,,,,,,,,,,,,,,,,,,,,,,,,,,,,,,,,,
26245,2019,10,1,8,45,14.1,23,0,23,5.9,,,,,,,,,,,,,,,,,,,,,,,,,,,,,,,,,,,,
26246,2019,10,1,9,0,14.6,14,0,14,6.1000000000000005,,,,,,,,,,,,,,,,,,,,,,,,,,,,,,,,,,,,
26247,2019,10,1,9,15,15.1,28,0,28,6.300000000000001,,,,,,,,,,,,,,,,,,,,,,,,,,,,,,,,,,,,
26248,2019,10,1,9,30,15.6,31,0,31,6.4,,,,,,,,,,,,,,,,,,,,,,,,,,,,,,,,,,,,
26249,2019,10,1,9,45,16.2,33,0,33,6.6000000000000005,,,,,,,,,,,,,,,,,,,,,,,,,,,,,,,,,,,,
26250,2019,10,1,10,0,16.7,36,0,36,6.7,,,,,,,,,,,,,,,,,,,,,,,,,,,,,,,,,,,,
26251,2019,10,1,10,15,17.0,38,0,38,6.800000000000001,,,,,,,,,,,,,,,,,,,,,,,,,,,,,,,,,,,,
26252,2019,10,1,10,30,17.3,39,0,39,6.9,,,,,,,,,,,,,,,,,,,,,,,,,,,,,,,,,,,,
26253,2019,10,1,10,45,17.6,41,0,41,7.0,,,,,,,,,,,,,,,,,,,,,,,,,,,,,,,,,,,,
26254,2019,10,1,11,0,18.0,42,0,42,7.0,,,,,,,,,,,,,,,,,,,,,,,,,,,,,,,,,,,,
26255,2019,10,1,11,15,18.1,43,0,43,6.9,,,,,,,,,,,,,,,,,,,,,,,,,,,,,,,,,,,,
26256,2019,10,1,11,30,18.2,44,0,44,6.800000000000001,,,,,,,,,,,,,,,,,,,,,,,,,,,,,,,,,,,,
26257,2019,10,1,11,45,18.3,259,158,350,6.6000000000000005,,,,,,,,,,,,,,,,,,,,,,,,,,,,,,,,,,,,
26258,2019,10,1,12,0,18.3,259,118,326,6.5,,,,,,,,,,,,,,,,,,,,,,,,,,,,,,,,,,,,
26259,2019,10,1,12,15,18.4,77,0,77,6.300000000000001,,,,,,,,,,,,,,,,,,,,,,,,,,,,,,,,,,,,
26260,2019,10,1,12,30,18.4,61,0,61,6.2,,,,,,,,,,,,,,,,,,,,,,,,,,,,,,,,,,,,
26261,2019,10,1,12,45,18.5,97,0,97,6.1000000000000005,,,,,,,,,,,,,,,,,,,,,,,,,,,,,,,,,,,,
26262,2019,10,1,13,0,18.5,249,126,319,6.0,,,,,,,,,,,,,,,,,,,,,,,,,,,,,,,,,,,,
26263,2019,10,1,13,15,18.6,134,0,134,5.9,,,,,,,,,,,,,,,,,,,,,,,,,,,,,,,,,,,,
26264,2019,10,1,13,30,18.7,149,0,149,5.800000000000001,,,,,,,,,,,,,,,,,,,,,,,,,,,,,,,,,,,,
26265,2019,10,1,13,45,18.7,61,0,61,5.7,,,,,,,,,,,,,,,,,,,,,,,,,,,,,,,,,,,,
26266,2019,10,1,14,0,18.8,110,0,110,5.6000000000000005,,,,,,,,,,,,,,,,,,,,,,,,,,,,,,,,,,,,
26267,2019,10,1,14,15,18.9,150,2,151,5.5,,,,,,,,,,,,,,,,,,,,,,,,,,,,,,,,,,,,
26268,2019,10,1,14,30,19.0,194,148,261,5.4,,,,,,,,,,,,,,,,,,,,,,,,,,,,,,,,,,,,
26269,2019,10,1,14,45,19.1,149,400,319,5.300000000000001,,,,,,,,,,,,,,,,,,,,,,,,,,,,,,,,,,,,
26270,2019,10,1,15,0,19.1,128,444,306,5.300000000000001,,,,,,,,,,,,,,,,,,,,,,,,,,,,,,,,,,,,
26271,2019,10,1,15,15,19.0,129,365,264,5.1000000000000005,,,,,,,,,,,,,,,,,,,,,,,,,,,,,,,,,,,,
26272,2019,10,1,15,30,18.9,137,153,189,4.9,,,,,,,,,,,,,,,,,,,,,,,,,,,,,,,,,,,,
26273,2019,10,1,15,45,18.8,60,0,60,4.800000000000001,,,,,,,,,,,,,,,,,,,,,,,,,,,,,,,,,,,,
26274,2019,10,1,16,0,18.7,69,0,69,4.6000000000000005,,,,,,,,,,,,,,,,,,,,,,,,,,,,,,,,,,,,
26275,2019,10,1,16,15,18.3,57,0,57,4.4,,,,,,,,,,,,,,,,,,,,,,,,,,,,,,,,,,,,
26276,2019,10,1,16,30,18.0,46,0,46,4.3,,,,,,,,,,,,,,,,,,,,,,,,,,,,,,,,,,,,
26277,2019,10,1,16,45,17.6,36,0,36,4.1000000000000005,,,,,,,,,,,,,,,,,,,,,,,,,,,,,,,,,,,,
26278,2019,10,1,17,0,17.3,27,0,27,3.9,,,,,,,,,,,,,,,,,,,,,,,,,,,,,,,,,,,,
26279,2019,10,1,17,15,17.0,18,0,18,3.8,,,,,,,,,,,,,,,,,,,,,,,,,,,,,,,,,,,,
26280,2019,10,1,17,30,16.7,10,0,10,3.6,,,,,,,,,,,,,,,,,,,,,,,,,,,,,,,,,,,,
26281,2019,10,1,17,45,16.400000000000002,0,0,0,3.5,,,,,,,,,,,,,,,,,,,,,,,,,,,,,,,,,,,,
26282,2019,10,1,18,0,16.2,0,0,0,3.4000000000000004,,,,,,,,,,,,,,,,,,,,,,,,,,,,,,,,,,,,
26283,2019,10,1,18,15,16.0,0,0,0,3.2,,,,,,,,,,,,,,,,,,,,,,,,,,,,,,,,,,,,
26284,2019,10,1,18,30,15.8,0,0,0,3.1,,,,,,,,,,,,,,,,,,,,,,,,,,,,,,,,,,,,
26285,2019,10,1,18,45,15.6,0,0,0,2.9000000000000004,,,,,,,,,,,,,,,,,,,,,,,,,,,,,,,,,,,,
26286,2019,10,1,19,0,15.5,0,0,0,2.8000000000000003,,,,,,,,,,,,,,,,,,,,,,,,,,,,,,,,,,,,
26287,2019,10,1,19,15,15.3,0,0,0,2.7,,,,,,,,,,,,,,,,,,,,,,,,,,,,,,,,,,,,
26288,2019,10,1,19,30,15.2,0,0,0,2.6,,,,,,,,,,,,,,,,,,,,,,,,,,,,,,,,,,,,
26289,2019,10,1,19,45,15.1,0,0,0,2.5,,,,,,,,,,,,,,,,,,,,,,,,,,,,,,,,,,,,
26290,2019,10,1,20,0,15.0,0,0,0,2.4000000000000004,,,,,,,,,,,,,,,,,,,,,,,,,,,,,,,,,,,,
26291,2019,10,1,20,15,14.8,0,0,0,2.2,,,,,,,,,,,,,,,,,,,,,,,,,,,,,,,,,,,,
26292,2019,10,1,20,30,14.7,0,0,0,2.0,,,,,,,,,,,,,,,,,,,,,,,,,,,,,,,,,,,,
26293,2019,10,1,20,45,14.5,0,0,0,1.9,,,,,,,,,,,,,,,,,,,,,,,,,,,,,,,,,,,,
26294,2019,10,1,21,0,14.4,0,0,0,1.7000000000000002,,,,,,,,,,,,,,,,,,,,,,,,,,,,,,,,,,,,
26295,2019,10,1,21,15,14.3,0,0,0,1.7000000000000002,,,,,,,,,,,,,,,,,,,,,,,,,,,,,,,,,,,,
26296,2019,10,1,21,30,14.2,0,0,0,1.6,,,,,,,,,,,,,,,,,,,,,,,,,,,,,,,,,,,,
26297,2019,10,1,21,45,14.1,0,0,0,1.5,,,,,,,,,,,,,,,,,,,,,,,,,,,,,,,,,,,,
26298,2019,10,1,22,0,14.0,0,0,0,1.4,,,,,,,,,,,,,,,,,,,,,,,,,,,,,,,,,,,,
26299,2019,10,1,22,15,14.0,0,0,0,1.5,,,,,,,,,,,,,,,,,,,,,,,,,,,,,,,,,,,,
26300,2019,10,1,22,30,13.9,0,0,0,1.5,,,,,,,,,,,,,,,,,,,,,,,,,,,,,,,,,,,,
26301,2019,10,1,22,45,13.9,0,0,0,1.6,,,,,,,,,,,,,,,,,,,,,,,,,,,,,,,,,,,,
26302,2019,10,1,23,0,13.9,0,0,0,1.6,,,,,,,,,,,,,,,,,,,,,,,,,,,,,,,,,,,,
26303,2019,10,1,23,15,13.8,0,0,0,1.6,,,,,,,,,,,,,,,,,,,,,,,,,,,,,,,,,,,,
26304,2019,10,1,23,30,13.7,0,0,0,1.5,,,,,,,,,,,,,,,,,,,,,,,,,,,,,,,,,,,,
26305,2019,10,1,23,45,13.7,0,0,0,1.5,,,,,,,,,,,,,,,,,,,,,,,,,,,,,,,,,,,,
26306,2019,10,2,0,0,13.6,0,0,0,1.5,,,,,,,,,,,,,,,,,,,,,,,,,,,,,,,,,,,,
26307,2019,10,2,0,15,13.6,0,0,0,1.5,,,,,,,,,,,,,,,,,,,,,,,,,,,,,,,,,,,,
26308,2019,10,2,0,30,13.6,0,0,0,1.5,,,,,,,,,,,,,,,,,,,,,,,,,,,,,,,,,,,,
26309,2019,10,2,0,45,13.6,0,0,0,1.5,,,,,,,,,,,,,,,,,,,,,,,,,,,,,,,,,,,,
26310,2019,10,2,1,0,13.1,0,0,0,1.3,,,,,,,,,,,,,,,,,,,,,,,,,,,,,,,,,,,,
26311,2019,10,2,1,15,12.9,0,0,0,1.4,,,,,,,,,,,,,,,,,,,,,,,,,,,,,,,,,,,,
26312,2019,10,2,1,30,12.7,0,0,0,1.5,,,,,,,,,,,,,,,,,,,,,,,,,,,,,,,,,,,,
26313,2019,10,2,1,45,12.5,0,0,0,1.6,,,,,,,,,,,,,,,,,,,,,,,,,,,,,,,,,,,,
26314,2019,10,2,2,0,12.3,0,0,0,1.7000000000000002,,,,,,,,,,,,,,,,,,,,,,,,,,,,,,,,,,,,
26315,2019,10,2,2,15,12.1,0,0,0,1.8,,,,,,,,,,,,,,,,,,,,,,,,,,,,,,,,,,,,
26316,2019,10,2,2,30,11.9,0,0,0,2.0,,,,,,,,,,,,,,,,,,,,,,,,,,,,,,,,,,,,
26317,2019,10,2,2,45,11.7,0,0,0,2.2,,,,,,,,,,,,,,,,,,,,,,,,,,,,,,,,,,,,
26318,2019,10,2,3,0,11.5,0,0,0,2.4000000000000004,,,,,,,,,,,,,,,,,,,,,,,,,,,,,,,,,,,,
26319,2019,10,2,3,15,11.3,0,0,0,2.5,,,,,,,,,,,,,,,,,,,,,,,,,,,,,,,,,,,,
26320,2019,10,2,3,30,11.1,0,0,0,2.7,,,,,,,,,,,,,,,,,,,,,,,,,,,,,,,,,,,,
26321,2019,10,2,3,45,10.8,0,0,0,2.9000000000000004,,,,,,,,,,,,,,,,,,,,,,,,,,,,,,,,,,,,
26322,2019,10,2,4,0,10.6,0,0,0,3.0,,,,,,,,,,,,,,,,,,,,,,,,,,,,,,,,,,,,
26323,2019,10,2,4,15,10.4,0,0,0,3.2,,,,,,,,,,,,,,,,,,,,,,,,,,,,,,,,,,,,
26324,2019,10,2,4,30,10.1,0,0,0,3.4000000000000004,,,,,,,,,,,,,,,,,,,,,,,,,,,,,,,,,,,,
26325,2019,10,2,4,45,9.9,0,0,0,3.5,,,,,,,,,,,,,,,,,,,,,,,,,,,,,,,,,,,,
26326,2019,10,2,5,0,9.6,0,0,0,3.7,,,,,,,,,,,,,,,,,,,,,,,,,,,,,,,,,,,,
26327,2019,10,2,5,15,9.3,0,0,0,3.8,,,,,,,,,,,,,,,,,,,,,,,,,,,,,,,,,,,,
26328,2019,10,2,5,30,9.0,0,0,0,3.9,,,,,,,,,,,,,,,,,,,,,,,,,,,,,,,,,,,,
26329,2019,10,2,5,45,8.8,0,0,0,4.0,,,,,,,,,,,,,,,,,,,,,,,,,,,,,,,,,,,,
26330,2019,10,2,6,0,8.5,0,0,0,4.1000000000000005,,,,,,,,,,,,,,,,,,,,,,,,,,,,,,,,,,,,
26331,2019,10,2,6,15,8.3,0,0,0,4.2,,,,,,,,,,,,,,,,,,,,,,,,,,,,,,,,,,,,
26332,2019,10,2,6,30,8.1,3,0,3,4.2,,,,,,,,,,,,,,,,,,,,,,,,,,,,,,,,,,,,
26333,2019,10,2,6,45,7.800000000000001,15,0,15,4.2,,,,,,,,,,,,,,,,,,,,,,,,,,,,,,,,,,,,
26334,2019,10,2,7,0,7.6,10,0,10,4.2,,,,,,,,,,,,,,,,,,,,,,,,,,,,,,,,,,,,
26335,2019,10,2,7,15,7.6,32,0,32,4.1000000000000005,,,,,,,,,,,,,,,,,,,,,,,,,,,,,,,,,,,,
26336,2019,10,2,7,30,7.5,42,0,42,4.1000000000000005,,,,,,,,,,,,,,,,,,,,,,,,,,,,,,,,,,,,
26337,2019,10,2,7,45,7.5,53,0,53,4.0,,,,,,,,,,,,,,,,,,,,,,,,,,,,,,,,,,,,
26338,2019,10,2,8,0,7.5,65,0,65,3.9,,,,,,,,,,,,,,,,,,,,,,,,,,,,,,,,,,,,
26339,2019,10,2,8,15,7.7,78,0,78,3.9,,,,,,,,,,,,,,,,,,,,,,,,,,,,,,,,,,,,
26340,2019,10,2,8,30,7.9,11,0,11,3.8,,,,,,,,,,,,,,,,,,,,,,,,,,,,,,,,,,,,
26341,2019,10,2,8,45,8.1,46,0,46,3.7,,,,,,,,,,,,,,,,,,,,,,,,,,,,,,,,,,,,
26342,2019,10,2,9,0,8.3,14,0,14,3.7,,,,,,,,,,,,,,,,,,,,,,,,,,,,,,,,,,,,
26343,2019,10,2,9,15,8.700000000000001,27,0,27,3.7,,,,,,,,,,,,,,,,,,,,,,,,,,,,,,,,,,,,
26344,2019,10,2,9,30,9.1,72,0,72,3.7,,,,,,,,,,,,,,,,,,,,,,,,,,,,,,,,,,,,
26345,2019,10,2,9,45,9.5,34,0,34,3.7,,,,,,,,,,,,,,,,,,,,,,,,,,,,,,,,,,,,
26346,2019,10,2,10,0,9.9,37,0,37,3.7,,,,,,,,,,,,,,,,,,,,,,,,,,,,,,,,,,,,
26347,2019,10,2,10,15,10.4,41,0,41,3.7,,,,,,,,,,,,,,,,,,,,,,,,,,,,,,,,,,,,
26348,2019,10,2,10,30,10.8,59,0,59,3.8,,,,,,,,,,,,,,,,,,,,,,,,,,,,,,,,,,,,
26349,2019,10,2,10,45,11.3,219,49,245,3.8,,,,,,,,,,,,,,,,,,,,,,,,,,,,,,,,,,,,
26350,2019,10,2,11,0,11.7,241,210,355,3.8,,,,,,,,,,,,,,,,,,,,,,,,,,,,,,,,,,,,
26351,2019,10,2,11,15,12.0,204,20,215,3.9,,,,,,,,,,,,,,,,,,,,,,,,,,,,,,,,,,,,
26352,2019,10,2,11,30,12.3,253,158,342,4.0,,,,,,,,,,,,,,,,,,,,,,,,,,,,,,,,,,,,
26353,2019,10,2,11,45,12.5,249,237,384,4.1000000000000005,,,,,,,,,,,,,,,,,,,,,,,,,,,,,,,,,,,,
26354,2019,10,2,12,0,12.8,225,370,436,4.1000000000000005,,,,,,,,,,,,,,,,,,,,,,,,,,,,,,,,,,,,
26355,2019,10,2,12,15,12.9,233,333,422,4.2,,,,,,,,,,,,,,,,,,,,,,,,,,,,,,,,,,,,
26356,2019,10,2,12,30,13.0,240,289,403,4.2,,,,,,,,,,,,,,,,,,,,,,,,,,,,,,,,,,,,
26357,2019,10,2,12,45,13.1,230,326,412,4.3,,,,,,,,,,,,,,,,,,,,,,,,,,,,,,,,,,,,
26358,2019,10,2,13,0,13.3,239,245,374,4.3,,,,,,,,,,,,,,,,,,,,,,,,,,,,,,,,,,,,
26359,2019,10,2,13,15,13.3,240,143,317,4.4,,,,,,,,,,,,,,,,,,,,,,,,,,,,,,,,,,,,
26360,2019,10,2,13,30,13.3,79,862,531,4.4,,,,,,,,,,,,,,,,,,,,,,,,,,,,,,,,,,,,
26361,2019,10,2,13,45,13.2,80,846,511,4.4,,,,,,,,,,,,,,,,,,,,,,,,,,,,,,,,,,,,
26362,2019,10,2,14,0,13.2,79,836,489,4.5,,,,,,,,,,,,,,,,,,,,,,,,,,,,,,,,,,,,
26363,2019,10,2,14,15,13.2,201,179,285,4.4,,,,,,,,,,,,,,,,,,,,,,,,,,,,,,,,,,,,
26364,2019,10,2,14,30,13.1,186,214,282,4.4,,,,,,,,,,,,,,,,,,,,,,,,,,,,,,,,,,,,
26365,2019,10,2,14,45,13.0,170,61,196,4.4,,,,,,,,,,,,,,,,,,,,,,,,,,,,,,,,,,,,
26366,2019,10,2,15,0,12.9,35,0,35,4.4,,,,,,,,,,,,,,,,,,,,,,,,,,,,,,,,,,,,
26367,2019,10,2,15,15,12.7,55,0,55,4.3,,,,,,,,,,,,,,,,,,,,,,,,,,,,,,,,,,,,
26368,2019,10,2,15,30,12.5,134,125,176,4.2,,,,,,,,,,,,,,,,,,,,,,,,,,,,,,,,,,,,
26369,2019,10,2,15,45,12.4,71,645,266,4.1000000000000005,,,,,,,,,,,,,,,,,,,,,,,,,,,,,,,,,,,,
26370,2019,10,2,16,0,12.2,67,606,229,4.1000000000000005,,,,,,,,,,,,,,,,,,,,,,,,,,,,,,,,,,,,
26371,2019,10,2,16,15,11.8,87,71,104,3.7,,,,,,,,,,,,,,,,,,,,,,,,,,,,,,,,,,,,
26372,2019,10,2,16,30,11.4,71,51,81,3.4000000000000004,,,,,,,,,,,,,,,,,,,,,,,,,,,,,,,,,,,,
26373,2019,10,2,16,45,11.0,55,30,60,3.0,,,,,,,,,,,,,,,,,,,,,,,,,,,,,,,,,,,,
26374,2019,10,2,17,0,10.6,40,9,41,2.7,,,,,,,,,,,,,,,,,,,,,,,,,,,,,,,,,,,,
26375,2019,10,2,17,15,10.2,25,0,25,2.6,,,,,,,,,,,,,,,,,,,,,,,,,,,,,,,,,,,,
26376,2019,10,2,17,30,9.8,11,0,11,2.5,,,,,,,,,,,,,,,,,,,,,,,,,,,,,,,,,,,,
26377,2019,10,2,17,45,9.4,0,0,0,2.4000000000000004,,,,,,,,,,,,,,,,,,,,,,,,,,,,,,,,,,,,
26378,2019,10,2,18,0,9.0,0,0,0,2.3000000000000003,,,,,,,,,,,,,,,,,,,,,,,,,,,,,,,,,,,,
26379,2019,10,2,18,15,8.9,0,0,0,2.4000000000000004,,,,,,,,,,,,,,,,,,,,,,,,,,,,,,,,,,,,
26380,2019,10,2,18,30,8.700000000000001,0,0,0,2.5,,,,,,,,,,,,,,,,,,,,,,,,,,,,,,,,,,,,
26381,2019,10,2,18,45,8.6,0,0,0,2.6,,,,,,,,,,,,,,,,,,,,,,,,,,,,,,,,,,,,
26382,2019,10,2,19,0,8.5,0,0,0,2.7,,,,,,,,,,,,,,,,,,,,,,,,,,,,,,,,,,,,
26383,2019,10,2,19,15,8.3,0,0,0,2.8000000000000003,,,,,,,,,,,,,,,,,,,,,,,,,,,,,,,,,,,,
26384,2019,10,2,19,30,8.200000000000001,0,0,0,2.8000000000000003,,,,,,,,,,,,,,,,,,,,,,,,,,,,,,,,,,,,
26385,2019,10,2,19,45,8.1,0,0,0,2.9000000000000004,,,,,,,,,,,,,,,,,,,,,,,,,,,,,,,,,,,,
26386,2019,10,2,20,0,8.0,0,0,0,3.0,,,,,,,,,,,,,,,,,,,,,,,,,,,,,,,,,,,,
26387,2019,10,2,20,15,7.9,0,0,0,3.1,,,,,,,,,,,,,,,,,,,,,,,,,,,,,,,,,,,,
26388,2019,10,2,20,30,7.800000000000001,0,0,0,3.2,,,,,,,,,,,,,,,,,,,,,,,,,,,,,,,,,,,,
26389,2019,10,2,20,45,7.7,0,0,0,3.3000000000000003,,,,,,,,,,,,,,,,,,,,,,,,,,,,,,,,,,,,
26390,2019,10,2,21,0,7.6,0,0,0,3.4000000000000004,,,,,,,,,,,,,,,,,,,,,,,,,,,,,,,,,,,,
26391,2019,10,2,21,15,7.6,0,0,0,3.6,,,,,,,,,,,,,,,,,,,,,,,,,,,,,,,,,,,,
26392,2019,10,2,21,30,7.5,0,0,0,3.7,,,,,,,,,,,,,,,,,,,,,,,,,,,,,,,,,,,,
26393,2019,10,2,21,45,7.5,0,0,0,3.8,,,,,,,,,,,,,,,,,,,,,,,,,,,,,,,,,,,,
26394,2019,10,2,22,0,7.4,0,0,0,3.9,,,,,,,,,,,,,,,,,,,,,,,,,,,,,,,,,,,,
26395,2019,10,2,22,15,7.4,0,0,0,3.9,,,,,,,,,,,,,,,,,,,,,,,,,,,,,,,,,,,,
26396,2019,10,2,22,30,7.4,0,0,0,4.0,,,,,,,,,,,,,,,,,,,,,,,,,,,,,,,,,,,,
26397,2019,10,2,22,45,7.4,0,0,0,4.1000000000000005,,,,,,,,,,,,,,,,,,,,,,,,,,,,,,,,,,,,
26398,2019,10,2,23,0,7.4,0,0,0,4.1000000000000005,,,,,,,,,,,,,,,,,,,,,,,,,,,,,,,,,,,,
26399,2019,10,2,23,15,7.4,0,0,0,4.2,,,,,,,,,,,,,,,,,,,,,,,,,,,,,,,,,,,,
26400,2019,10,2,23,30,7.4,0,0,0,4.3,,,,,,,,,,,,,,,,,,,,,,,,,,,,,,,,,,,,
26401,2019,10,2,23,45,7.5,0,0,0,4.4,,,,,,,,,,,,,,,,,,,,,,,,,,,,,,,,,,,,
26402,2019,10,3,0,0,7.5,0,0,0,4.5,,,,,,,,,,,,,,,,,,,,,,,,,,,,,,,,,,,,
26403,2019,10,3,0,15,7.5,0,0,0,4.5,,,,,,,,,,,,,,,,,,,,,,,,,,,,,,,,,,,,
26404,2019,10,3,0,30,7.5,0,0,0,4.5,,,,,,,,,,,,,,,,,,,,,,,,,,,,,,,,,,,,
26405,2019,10,3,0,45,7.5,0,0,0,4.5,,,,,,,,,,,,,,,,,,,,,,,,,,,,,,,,,,,,
26406,2019,10,3,1,0,7.7,0,0,0,4.800000000000001,,,,,,,,,,,,,,,,,,,,,,,,,,,,,,,,,,,,
26407,2019,10,3,1,15,7.800000000000001,0,0,0,4.9,,,,,,,,,,,,,,,,,,,,,,,,,,,,,,,,,,,,
26408,2019,10,3,1,30,7.9,0,0,0,5.1000000000000005,,,,,,,,,,,,,,,,,,,,,,,,,,,,,,,,,,,,
26409,2019,10,3,1,45,7.9,0,0,0,5.2,,,,,,,,,,,,,,,,,,,,,,,,,,,,,,,,,,,,
26410,2019,10,3,2,0,8.0,0,0,0,5.4,,,,,,,,,,,,,,,,,,,,,,,,,,,,,,,,,,,,
26411,2019,10,3,2,15,8.1,0,0,0,5.5,,,,,,,,,,,,,,,,,,,,,,,,,,,,,,,,,,,,
26412,2019,10,3,2,30,8.200000000000001,0,0,0,5.6000000000000005,,,,,,,,,,,,,,,,,,,,,,,,,,,,,,,,,,,,
26413,2019,10,3,2,45,8.200000000000001,0,0,0,5.7,,,,,,,,,,,,,,,,,,,,,,,,,,,,,,,,,,,,
26414,2019,10,3,3,0,8.3,0,0,0,5.800000000000001,,,,,,,,,,,,,,,,,,,,,,,,,,,,,,,,,,,,
26415,2019,10,3,3,15,8.200000000000001,0,0,0,5.7,,,,,,,,,,,,,,,,,,,,,,,,,,,,,,,,,,,,
26416,2019,10,3,3,30,8.200000000000001,0,0,0,5.6000000000000005,,,,,,,,,,,,,,,,,,,,,,,,,,,,,,,,,,,,
26417,2019,10,3,3,45,8.1,0,0,0,5.5,,,,,,,,,,,,,,,,,,,,,,,,,,,,,,,,,,,,
26418,2019,10,3,4,0,8.1,0,0,0,5.5,,,,,,,,,,,,,,,,,,,,,,,,,,,,,,,,,,,,
26419,2019,10,3,4,15,8.0,0,0,0,5.300000000000001,,,,,,,,,,,,,,,,,,,,,,,,,,,,,,,,,,,,
26420,2019,10,3,4,30,7.9,0,0,0,5.1000000000000005,,,,,,,,,,,,,,,,,,,,,,,,,,,,,,,,,,,,
26421,2019,10,3,4,45,7.800000000000001,0,0,0,5.0,,,,,,,,,,,,,,,,,,,,,,,,,,,,,,,,,,,,
26422,2019,10,3,5,0,7.7,0,0,0,4.800000000000001,,,,,,,,,,,,,,,,,,,,,,,,,,,,,,,,,,,,
26423,2019,10,3,5,15,7.7,0,0,0,4.7,,,,,,,,,,,,,,,,,,,,,,,,,,,,,,,,,,,,
26424,2019,10,3,5,30,7.7,0,0,0,4.6000000000000005,,,,,,,,,,,,,,,,,,,,,,,,,,,,,,,,,,,,
26425,2019,10,3,5,45,7.7,0,0,0,4.5,,,,,,,,,,,,,,,,,,,,,,,,,,,,,,,,,,,,
26426,2019,10,3,6,0,7.7,0,0,0,4.4,,,,,,,,,,,,,,,,,,,,,,,,,,,,,,,,,,,,
26427,2019,10,3,6,15,7.800000000000001,0,0,0,4.4,,,,,,,,,,,,,,,,,,,,,,,,,,,,,,,,,,,,
26428,2019,10,3,6,30,7.9,13,91,15,4.3,,,,,,,,,,,,,,,,,,,,,,,,,,,,,,,,,,,,
26429,2019,10,3,6,45,8.1,23,214,37,4.3,,,,,,,,,,,,,,,,,,,,,,,,,,,,,,,,,,,,
26430,2019,10,3,7,0,8.200000000000001,33,322,66,4.3,,,,,,,,,,,,,,,,,,,,,,,,,,,,,,,,,,,,
26431,2019,10,3,7,15,8.5,7,0,7,4.4,,,,,,,,,,,,,,,,,,,,,,,,,,,,,,,,,,,,
26432,2019,10,3,7,30,8.8,9,0,9,4.4,,,,,,,,,,,,,,,,,,,,,,,,,,,,,,,,,,,,
26433,2019,10,3,7,45,9.0,12,0,12,4.5,,,,,,,,,,,,,,,,,,,,,,,,,,,,,,,,,,,,
26434,2019,10,3,8,0,9.3,14,0,14,4.6000000000000005,,,,,,,,,,,,,,,,,,,,,,,,,,,,,,,,,,,,
26435,2019,10,3,8,15,9.6,17,0,17,4.7,,,,,,,,,,,,,,,,,,,,,,,,,,,,,,,,,,,,
26436,2019,10,3,8,30,10.0,20,0,20,4.800000000000001,,,,,,,,,,,,,,,,,,,,,,,,,,,,,,,,,,,,
26437,2019,10,3,8,45,10.4,23,0,23,5.0,,,,,,,,,,,,,,,,,,,,,,,,,,,,,,,,,,,,
26438,2019,10,3,9,0,10.7,26,0,26,5.1000000000000005,,,,,,,,,,,,,,,,,,,,,,,,,,,,,,,,,,,,
26439,2019,10,3,9,15,11.1,29,0,29,5.1000000000000005,,,,,,,,,,,,,,,,,,,,,,,,,,,,,,,,,,,,
26440,2019,10,3,9,30,11.5,32,0,32,5.2,,,,,,,,,,,,,,,,,,,,,,,,,,,,,,,,,,,,
26441,2019,10,3,9,45,11.9,194,119,249,5.2,,,,,,,,,,,,,,,,,,,,,,,,,,,,,,,,,,,,
26442,2019,10,3,10,0,12.2,206,127,267,5.300000000000001,,,,,,,,,,,,,,,,,,,,,,,,,,,,,,,,,,,,
26443,2019,10,3,10,15,12.5,217,133,283,5.2,,,,,,,,,,,,,,,,,,,,,,,,,,,,,,,,,,,,
26444,2019,10,3,10,30,12.8,216,264,351,5.2,,,,,,,,,,,,,,,,,,,,,,,,,,,,,,,,,,,,
26445,2019,10,3,10,45,13.0,231,208,341,5.2,,,,,,,,,,,,,,,,,,,,,,,,,,,,,,,,,,,,
26446,2019,10,3,11,0,13.3,239,108,297,5.2,,,,,,,,,,,,,,,,,,,,,,,,,,,,,,,,,,,,
26447,2019,10,3,11,15,13.4,108,0,108,5.2,,,,,,,,,,,,,,,,,,,,,,,,,,,,,,,,,,,,
26448,2019,10,3,11,30,13.6,48,0,48,5.2,,,,,,,,,,,,,,,,,,,,,,,,,,,,,,,,,,,,
26449,2019,10,3,11,45,13.8,236,57,268,5.1000000000000005,,,,,,,,,,,,,,,,,,,,,,,,,,,,,,,,,,,,
26450,2019,10,3,12,0,14.0,234,316,412,5.1000000000000005,,,,,,,,,,,,,,,,,,,,,,,,,,,,,,,,,,,,
26451,2019,10,3,12,15,14.1,56,0,56,5.0,,,,,,,,,,,,,,,,,,,,,,,,,,,,,,,,,,,,
26452,2019,10,3,12,30,14.2,215,29,232,5.0,,,,,,,,,,,,,,,,,,,,,,,,,,,,,,,,,,,,
26453,2019,10,3,12,45,14.3,122,0,122,4.9,,,,,,,,,,,,,,,,,,,,,,,,,,,,,,,,,,,,
26454,2019,10,3,13,0,14.4,214,34,233,4.800000000000001,,,,,,,,,,,,,,,,,,,,,,,,,,,,,,,,,,,,
26455,2019,10,3,13,15,14.4,179,10,185,4.7,,,,,,,,,,,,,,,,,,,,,,,,,,,,,,,,,,,,
26456,2019,10,3,13,30,14.4,82,0,82,4.6000000000000005,,,,,,,,,,,,,,,,,,,,,,,,,,,,,,,,,,,,
26457,2019,10,3,13,45,14.4,39,0,39,4.5,,,,,,,,,,,,,,,,,,,,,,,,,,,,,,,,,,,,
26458,2019,10,3,14,0,14.4,38,0,38,4.4,,,,,,,,,,,,,,,,,,,,,,,,,,,,,,,,,,,,
26459,2019,10,3,14,15,14.3,56,0,56,4.3,,,,,,,,,,,,,,,,,,,,,,,,,,,,,,,,,,,,
26460,2019,10,3,14,30,14.3,102,0,102,4.1000000000000005,,,,,,,,,,,,,,,,,,,,,,,,,,,,,,,,,,,,
26461,2019,10,3,14,45,14.2,119,0,119,4.0,,,,,,,,,,,,,,,,,,,,,,,,,,,,,,,,,,,,
26462,2019,10,3,15,0,14.1,160,99,198,3.8,,,,,,,,,,,,,,,,,,,,,,,,,,,,,,,,,,,,
26463,2019,10,3,15,15,13.8,107,0,107,3.6,,,,,,,,,,,,,,,,,,,,,,,,,,,,,,,,,,,,
26464,2019,10,3,15,30,13.6,61,0,61,3.4000000000000004,,,,,,,,,,,,,,,,,,,,,,,,,,,,,,,,,,,,
26465,2019,10,3,15,45,13.3,17,0,17,3.1,,,,,,,,,,,,,,,,,,,,,,,,,,,,,,,,,,,,
26466,2019,10,3,16,0,13.1,15,0,15,2.9000000000000004,,,,,,,,,,,,,,,,,,,,,,,,,,,,,,,,,,,,
26467,2019,10,3,16,15,12.7,12,0,12,2.5,,,,,,,,,,,,,,,,,,,,,,,,,,,,,,,,,,,,
26468,2019,10,3,16,30,12.3,10,0,10,2.1,,,,,,,,,,,,,,,,,,,,,,,,,,,,,,,,,,,,
26469,2019,10,3,16,45,11.9,8,0,8,1.7000000000000002,,,,,,,,,,,,,,,,,,,,,,,,,,,,,,,,,,,,
26470,2019,10,3,17,0,11.5,6,0,6,1.3,,,,,,,,,,,,,,,,,,,,,,,,,,,,,,,,,,,,
26471,2019,10,3,17,15,11.3,4,0,4,1.2000000000000002,,,,,,,,,,,,,,,,,,,,,,,,,,,,,,,,,,,,
26472,2019,10,3,17,30,11.0,2,0,2,1.1,,,,,,,,,,,,,,,,,,,,,,,,,,,,,,,,,,,,
26473,2019,10,3,17,45,10.8,0,0,0,1.0,,,,,,,,,,,,,,,,,,,,,,,,,,,,,,,,,,,,
26474,2019,10,3,18,0,10.6,0,0,0,1.0,,,,,,,,,,,,,,,,,,,,,,,,,,,,,,,,,,,,
26475,2019,10,3,18,15,10.5,0,0,0,1.0,,,,,,,,,,,,,,,,,,,,,,,,,,,,,,,,,,,,
26476,2019,10,3,18,30,10.4,0,0,0,1.0,,,,,,,,,,,,,,,,,,,,,,,,,,,,,,,,,,,,
26477,2019,10,3,18,45,10.3,0,0,0,1.0,,,,,,,,,,,,,,,,,,,,,,,,,,,,,,,,,,,,
26478,2019,10,3,19,0,10.2,0,0,0,1.0,,,,,,,,,,,,,,,,,,,,,,,,,,,,,,,,,,,,
26479,2019,10,3,19,15,10.2,0,0,0,1.0,,,,,,,,,,,,,,,,,,,,,,,,,,,,,,,,,,,,
26480,2019,10,3,19,30,10.1,0,0,0,1.0,,,,,,,,,,,,,,,,,,,,,,,,,,,,,,,,,,,,
26481,2019,10,3,19,45,10.0,0,0,0,1.0,,,,,,,,,,,,,,,,,,,,,,,,,,,,,,,,,,,,
26482,2019,10,3,20,0,9.9,0,0,0,1.1,,,,,,,,,,,,,,,,,,,,,,,,,,,,,,,,,,,,
26483,2019,10,3,20,15,9.8,0,0,0,1.0,,,,,,,,,,,,,,,,,,,,,,,,,,,,,,,,,,,,
26484,2019,10,3,20,30,9.7,0,0,0,1.0,,,,,,,,,,,,,,,,,,,,,,,,,,,,,,,,,,,,
26485,2019,10,3,20,45,9.6,0,0,0,1.0,,,,,,,,,,,,,,,,,,,,,,,,,,,,,,,,,,,,
26486,2019,10,3,21,0,9.5,0,0,0,1.0,,,,,,,,,,,,,,,,,,,,,,,,,,,,,,,,,,,,
26487,2019,10,3,21,15,9.4,0,0,0,1.0,,,,,,,,,,,,,,,,,,,,,,,,,,,,,,,,,,,,
26488,2019,10,3,21,30,9.3,0,0,0,0.9,,,,,,,,,,,,,,,,,,,,,,,,,,,,,,,,,,,,
26489,2019,10,3,21,45,9.2,0,0,0,0.9,,,,,,,,,,,,,,,,,,,,,,,,,,,,,,,,,,,,
26490,2019,10,3,22,0,9.1,0,0,0,0.9,,,,,,,,,,,,,,,,,,,,,,,,,,,,,,,,,,,,
26491,2019,10,3,22,15,9.0,0,0,0,0.9,,,,,,,,,,,,,,,,,,,,,,,,,,,,,,,,,,,,
26492,2019,10,3,22,30,8.9,0,0,0,0.9,,,,,,,,,,,,,,,,,,,,,,,,,,,,,,,,,,,,
26493,2019,10,3,22,45,8.9,0,0,0,0.8,,,,,,,,,,,,,,,,,,,,,,,,,,,,,,,,,,,,
26494,2019,10,3,23,0,8.8,0,0,0,0.8,,,,,,,,,,,,,,,,,,,,,,,,,,,,,,,,,,,,
26495,2019,10,3,23,15,8.700000000000001,0,0,0,0.8,,,,,,,,,,,,,,,,,,,,,,,,,,,,,,,,,,,,
26496,2019,10,3,23,30,8.6,0,0,0,0.8,,,,,,,,,,,,,,,,,,,,,,,,,,,,,,,,,,,,
26497,2019,10,3,23,45,8.6,0,0,0,0.8,,,,,,,,,,,,,,,,,,,,,,,,,,,,,,,,,,,,
26498,2019,10,4,0,0,8.5,0,0,0,0.8,,,,,,,,,,,,,,,,,,,,,,,,,,,,,,,,,,,,
26499,2019,10,4,0,15,8.5,0,0,0,0.8,,,,,,,,,,,,,,,,,,,,,,,,,,,,,,,,,,,,
26500,2019,10,4,0,30,8.5,0,0,0,0.8,,,,,,,,,,,,,,,,,,,,,,,,,,,,,,,,,,,,
26501,2019,10,4,0,45,8.5,0,0,0,0.8,,,,,,,,,,,,,,,,,,,,,,,,,,,,,,,,,,,,
26502,2019,10,4,1,0,8.3,0,0,0,0.8,,,,,,,,,,,,,,,,,,,,,,,,,,,,,,,,,,,,
26503,2019,10,4,1,15,8.3,0,0,0,0.8,,,,,,,,,,,,,,,,,,,,,,,,,,,,,,,,,,,,
26504,2019,10,4,1,30,8.3,0,0,0,0.8,,,,,,,,,,,,,,,,,,,,,,,,,,,,,,,,,,,,
26505,2019,10,4,1,45,8.3,0,0,0,0.8,,,,,,,,,,,,,,,,,,,,,,,,,,,,,,,,,,,,
26506,2019,10,4,2,0,8.3,0,0,0,0.8,,,,,,,,,,,,,,,,,,,,,,,,,,,,,,,,,,,,
26507,2019,10,4,2,15,8.3,0,0,0,0.8,,,,,,,,,,,,,,,,,,,,,,,,,,,,,,,,,,,,
26508,2019,10,4,2,30,8.3,0,0,0,0.7000000000000001,,,,,,,,,,,,,,,,,,,,,,,,,,,,,,,,,,,,
26509,2019,10,4,2,45,8.3,0,0,0,0.7000000000000001,,,,,,,,,,,,,,,,,,,,,,,,,,,,,,,,,,,,
26510,2019,10,4,3,0,8.200000000000001,0,0,0,0.7000000000000001,,,,,,,,,,,,,,,,,,,,,,,,,,,,,,,,,,,,
26511,2019,10,4,3,15,8.200000000000001,0,0,0,0.7000000000000001,,,,,,,,,,,,,,,,,,,,,,,,,,,,,,,,,,,,
26512,2019,10,4,3,30,8.200000000000001,0,0,0,0.8,,,,,,,,,,,,,,,,,,,,,,,,,,,,,,,,,,,,
26513,2019,10,4,3,45,8.200000000000001,0,0,0,0.8,,,,,,,,,,,,,,,,,,,,,,,,,,,,,,,,,,,,
26514,2019,10,4,4,0,8.200000000000001,0,0,0,0.8,,,,,,,,,,,,,,,,,,,,,,,,,,,,,,,,,,,,
26515,2019,10,4,4,15,8.200000000000001,0,0,0,0.8,,,,,,,,,,,,,,,,,,,,,,,,,,,,,,,,,,,,
26516,2019,10,4,4,30,8.200000000000001,0,0,0,0.8,,,,,,,,,,,,,,,,,,,,,,,,,,,,,,,,,,,,
26517,2019,10,4,4,45,8.200000000000001,0,0,0,0.8,,,,,,,,,,,,,,,,,,,,,,,,,,,,,,,,,,,,
26518,2019,10,4,5,0,8.1,0,0,0,0.9,,,,,,,,,,,,,,,,,,,,,,,,,,,,,,,,,,,,
26519,2019,10,4,5,15,8.1,0,0,0,0.9,,,,,,,,,,,,,,,,,,,,,,,,,,,,,,,,,,,,
26520,2019,10,4,5,30,8.1,0,0,0,1.0,,,,,,,,,,,,,,,,,,,,,,,,,,,,,,,,,,,,
26521,2019,10,4,5,45,8.1,0,0,0,1.0,,,,,,,,,,,,,,,,,,,,,,,,,,,,,,,,,,,,
26522,2019,10,4,6,0,8.0,0,0,0,1.1,,,,,,,,,,,,,,,,,,,,,,,,,,,,,,,,,,,,
26523,2019,10,4,6,15,8.200000000000001,0,0,0,1.3,,,,,,,,,,,,,,,,,,,,,,,,,,,,,,,,,,,,
26524,2019,10,4,6,30,8.3,11,38,12,1.5,,,,,,,,,,,,,,,,,,,,,,,,,,,,,,,,,,,,
26525,2019,10,4,6,45,8.5,3,0,3,1.7000000000000002,,,,,,,,,,,,,,,,,,,,,,,,,,,,,,,,,,,,
26526,2019,10,4,7,0,8.6,5,0,5,1.9,,,,,,,,,,,,,,,,,,,,,,,,,,,,,,,,,,,,
26527,2019,10,4,7,15,8.700000000000001,6,0,6,2.0,,,,,,,,,,,,,,,,,,,,,,,,,,,,,,,,,,,,
26528,2019,10,4,7,30,8.9,7,0,7,2.1,,,,,,,,,,,,,,,,,,,,,,,,,,,,,,,,,,,,
26529,2019,10,4,7,45,9.1,9,0,9,2.2,,,,,,,,,,,,,,,,,,,,,,,,,,,,,,,,,,,,
26530,2019,10,4,8,0,9.2,10,0,10,2.4000000000000004,,,,,,,,,,,,,,,,,,,,,,,,,,,,,,,,,,,,
26531,2019,10,4,8,15,9.4,11,0,11,2.4000000000000004,,,,,,,,,,,,,,,,,,,,,,,,,,,,,,,,,,,,
26532,2019,10,4,8,30,9.6,22,0,22,2.5,,,,,,,,,,,,,,,,,,,,,,,,,,,,,,,,,,,,
26533,2019,10,4,8,45,9.8,22,0,22,2.6,,,,,,,,,,,,,,,,,,,,,,,,,,,,,,,,,,,,
26534,2019,10,4,9,0,10.0,14,0,14,2.6,,,,,,,,,,,,,,,,,,,,,,,,,,,,,,,,,,,,
26535,2019,10,4,9,15,10.2,92,0,92,2.7,,,,,,,,,,,,,,,,,,,,,,,,,,,,,,,,,,,,
26536,2019,10,4,9,30,10.4,130,0,130,2.8000000000000003,,,,,,,,,,,,,,,,,,,,,,,,,,,,,,,,,,,,
26537,2019,10,4,9,45,10.6,147,3,149,2.9000000000000004,,,,,,,,,,,,,,,,,,,,,,,,,,,,,,,,,,,,
26538,2019,10,4,10,0,10.8,148,1,149,3.0,,,,,,,,,,,,,,,,,,,,,,,,,,,,,,,,,,,,
26539,2019,10,4,10,15,10.9,39,0,39,3.1,,,,,,,,,,,,,,,,,,,,,,,,,,,,,,,,,,,,
26540,2019,10,4,10,30,11.0,184,18,193,3.1,,,,,,,,,,,,,,,,,,,,,,,,,,,,,,,,,,,,
26541,2019,10,4,10,45,11.1,186,16,194,3.2,,,,,,,,,,,,,,,,,,,,,,,,,,,,,,,,,,,,
26542,2019,10,4,11,0,11.2,131,0,131,3.3000000000000003,,,,,,,,,,,,,,,,,,,,,,,,,,,,,,,,,,,,
26543,2019,10,4,11,15,11.2,228,58,260,3.3000000000000003,,,,,,,,,,,,,,,,,,,,,,,,,,,,,,,,,,,,
26544,2019,10,4,11,30,11.3,227,48,253,3.4000000000000004,,,,,,,,,,,,,,,,,,,,,,,,,,,,,,,,,,,,
26545,2019,10,4,11,45,11.4,170,3,172,3.4000000000000004,,,,,,,,,,,,,,,,,,,,,,,,,,,,,,,,,,,,
26546,2019,10,4,12,0,11.4,142,0,142,3.5,,,,,,,,,,,,,,,,,,,,,,,,,,,,,,,,,,,,
26547,2019,10,4,12,15,11.5,52,0,52,3.5,,,,,,,,,,,,,,,,,,,,,,,,,,,,,,,,,,,,
26548,2019,10,4,12,30,11.5,41,0,41,3.5,,,,,,,,,,,,,,,,,,,,,,,,,,,,,,,,,,,,
26549,2019,10,4,12,45,11.5,30,0,30,3.6,,,,,,,,,,,,,,,,,,,,,,,,,,,,,,,,,,,,
26550,2019,10,4,13,0,11.6,150,0,150,3.6,,,,,,,,,,,,,,,,,,,,,,,,,,,,,,,,,,,,
26551,2019,10,4,13,15,11.5,126,0,126,3.6,,,,,,,,,,,,,,,,,,,,,,,,,,,,,,,,,,,,
26552,2019,10,4,13,30,11.4,109,0,109,3.6,,,,,,,,,,,,,,,,,,,,,,,,,,,,,,,,,,,,
26553,2019,10,4,13,45,11.3,113,0,113,3.5,,,,,,,,,,,,,,,,,,,,,,,,,,,,,,,,,,,,
26554,2019,10,4,14,0,11.2,23,0,23,3.5,,,,,,,,,,,,,,,,,,,,,,,,,,,,,,,,,,,,
26555,2019,10,4,14,15,11.1,21,0,21,3.4000000000000004,,,,,,,,,,,,,,,,,,,,,,,,,,,,,,,,,,,,
26556,2019,10,4,14,30,10.9,24,0,24,3.4000000000000004,,,,,,,,,,,,,,,,,,,,,,,,,,,,,,,,,,,,
26557,2019,10,4,14,45,10.7,17,0,17,3.3000000000000003,,,,,,,,,,,,,,,,,,,,,,,,,,,,,,,,,,,,
26558,2019,10,4,15,0,10.5,16,0,16,3.2,,,,,,,,,,,,,,,,,,,,,,,,,,,,,,,,,,,,
26559,2019,10,4,15,15,10.3,14,0,14,3.1,,,,,,,,,,,,,,,,,,,,,,,,,,,,,,,,,,,,
26560,2019,10,4,15,30,10.1,12,0,12,3.0,,,,,,,,,,,,,,,,,,,,,,,,,,,,,,,,,,,,
26561,2019,10,4,15,45,9.9,11,0,11,2.9000000000000004,,,,,,,,,,,,,,,,,,,,,,,,,,,,,,,,,,,,
26562,2019,10,4,16,0,9.7,9,0,9,2.9000000000000004,,,,,,,,,,,,,,,,,,,,,,,,,,,,,,,,,,,,
26563,2019,10,4,16,15,9.5,8,0,8,2.8000000000000003,,,,,,,,,,,,,,,,,,,,,,,,,,,,,,,,,,,,
26564,2019,10,4,16,30,9.2,7,0,7,2.8000000000000003,,,,,,,,,,,,,,,,,,,,,,,,,,,,,,,,,,,,
26565,2019,10,4,16,45,9.0,6,0,6,2.7,,,,,,,,,,,,,,,,,,,,,,,,,,,,,,,,,,,,
26566,2019,10,4,17,0,8.8,5,0,5,2.7,,,,,,,,,,,,,,,,,,,,,,,,,,,,,,,,,,,,
26567,2019,10,4,17,15,8.700000000000001,4,0,4,2.7,,,,,,,,,,,,,,,,,,,,,,,,,,,,,,,,,,,,
26568,2019,10,4,17,30,8.6,3,0,3,2.8000000000000003,,,,,,,,,,,,,,,,,,,,,,,,,,,,,,,,,,,,
26569,2019,10,4,17,45,8.5,0,0,0,2.8000000000000003,,,,,,,,,,,,,,,,,,,,,,,,,,,,,,,,,,,,
26570,2019,10,4,18,0,8.4,0,0,0,2.8000000000000003,,,,,,,,,,,,,,,,,,,,,,,,,,,,,,,,,,,,
26571,2019,10,4,18,15,8.4,0,0,0,2.9000000000000004,,,,,,,,,,,,,,,,,,,,,,,,,,,,,,,,,,,,
26572,2019,10,4,18,30,8.3,0,0,0,2.9000000000000004,,,,,,,,,,,,,,,,,,,,,,,,,,,,,,,,,,,,
26573,2019,10,4,18,45,8.3,0,0,0,2.9000000000000004,,,,,,,,,,,,,,,,,,,,,,,,,,,,,,,,,,,,
26574,2019,10,4,19,0,8.3,0,0,0,2.9000000000000004,,,,,,,,,,,,,,,,,,,,,,,,,,,,,,,,,,,,
26575,2019,10,4,19,15,8.3,0,0,0,2.9000000000000004,,,,,,,,,,,,,,,,,,,,,,,,,,,,,,,,,,,,
26576,2019,10,4,19,30,8.3,0,0,0,2.9000000000000004,,,,,,,,,,,,,,,,,,,,,,,,,,,,,,,,,,,,
26577,2019,10,4,19,45,8.3,0,0,0,2.9000000000000004,,,,,,,,,,,,,,,,,,,,,,,,,,,,,,,,,,,,
26578,2019,10,4,20,0,8.3,0,0,0,2.8000000000000003,,,,,,,,,,,,,,,,,,,,,,,,,,,,,,,,,,,,
26579,2019,10,4,20,15,8.3,0,0,0,2.8000000000000003,,,,,,,,,,,,,,,,,,,,,,,,,,,,,,,,,,,,
26580,2019,10,4,20,30,8.3,0,0,0,2.7,,,,,,,,,,,,,,,,,,,,,,,,,,,,,,,,,,,,
26581,2019,10,4,20,45,8.4,0,0,0,2.7,,,,,,,,,,,,,,,,,,,,,,,,,,,,,,,,,,,,
26582,2019,10,4,21,0,8.4,0,0,0,2.7,,,,,,,,,,,,,,,,,,,,,,,,,,,,,,,,,,,,
26583,2019,10,4,21,15,8.5,0,0,0,2.6,,,,,,,,,,,,,,,,,,,,,,,,,,,,,,,,,,,,
26584,2019,10,4,21,30,8.5,0,0,0,2.6,,,,,,,,,,,,,,,,,,,,,,,,,,,,,,,,,,,,
26585,2019,10,4,21,45,8.5,0,0,0,2.6,,,,,,,,,,,,,,,,,,,,,,,,,,,,,,,,,,,,
26586,2019,10,4,22,0,8.6,0,0,0,2.5,,,,,,,,,,,,,,,,,,,,,,,,,,,,,,,,,,,,
26587,2019,10,4,22,15,8.6,0,0,0,2.5,,,,,,,,,,,,,,,,,,,,,,,,,,,,,,,,,,,,
26588,2019,10,4,22,30,8.6,0,0,0,2.5,,,,,,,,,,,,,,,,,,,,,,,,,,,,,,,,,,,,
26589,2019,10,4,22,45,8.700000000000001,0,0,0,2.5,,,,,,,,,,,,,,,,,,,,,,,,,,,,,,,,,,,,
26590,2019,10,4,23,0,8.700000000000001,0,0,0,2.4000000000000004,,,,,,,,,,,,,,,,,,,,,,,,,,,,,,,,,,,,
26591,2019,10,4,23,15,8.700000000000001,0,0,0,2.4000000000000004,,,,,,,,,,,,,,,,,,,,,,,,,,,,,,,,,,,,
26592,2019,10,4,23,30,8.700000000000001,0,0,0,2.4000000000000004,,,,,,,,,,,,,,,,,,,,,,,,,,,,,,,,,,,,
26593,2019,10,4,23,45,8.700000000000001,0,0,0,2.4000000000000004,,,,,,,,,,,,,,,,,,,,,,,,,,,,,,,,,,,,
26594,2019,10,5,0,0,8.700000000000001,0,0,0,2.4000000000000004,,,,,,,,,,,,,,,,,,,,,,,,,,,,,,,,,,,,
26595,2019,10,5,0,15,8.700000000000001,0,0,0,2.4000000000000004,,,,,,,,,,,,,,,,,,,,,,,,,,,,,,,,,,,,
26596,2019,10,5,0,30,8.700000000000001,0,0,0,2.4000000000000004,,,,,,,,,,,,,,,,,,,,,,,,,,,,,,,,,,,,
26597,2019,10,5,0,45,8.700000000000001,0,0,0,2.4000000000000004,,,,,,,,,,,,,,,,,,,,,,,,,,,,,,,,,,,,
26598,2019,10,5,1,0,8.6,0,0,0,2.6,,,,,,,,,,,,,,,,,,,,,,,,,,,,,,,,,,,,
26599,2019,10,5,1,15,8.5,0,0,0,2.7,,,,,,,,,,,,,,,,,,,,,,,,,,,,,,,,,,,,
26600,2019,10,5,1,30,8.5,0,0,0,2.8000000000000003,,,,,,,,,,,,,,,,,,,,,,,,,,,,,,,,,,,,
26601,2019,10,5,1,45,8.4,0,0,0,2.9000000000000004,,,,,,,,,,,,,,,,,,,,,,,,,,,,,,,,,,,,
26602,2019,10,5,2,0,8.4,0,0,0,3.0,,,,,,,,,,,,,,,,,,,,,,,,,,,,,,,,,,,,
26603,2019,10,5,2,15,8.3,0,0,0,3.2,,,,,,,,,,,,,,,,,,,,,,,,,,,,,,,,,,,,
26604,2019,10,5,2,30,8.200000000000001,0,0,0,3.4000000000000004,,,,,,,,,,,,,,,,,,,,,,,,,,,,,,,,,,,,
26605,2019,10,5,2,45,8.200000000000001,0,0,0,3.7,,,,,,,,,,,,,,,,,,,,,,,,,,,,,,,,,,,,
26606,2019,10,5,3,0,8.1,0,0,0,3.9,,,,,,,,,,,,,,,,,,,,,,,,,,,,,,,,,,,,
26607,2019,10,5,3,15,8.0,0,0,0,4.1000000000000005,,,,,,,,,,,,,,,,,,,,,,,,,,,,,,,,,,,,
26608,2019,10,5,3,30,8.0,0,0,0,4.3,,,,,,,,,,,,,,,,,,,,,,,,,,,,,,,,,,,,
26609,2019,10,5,3,45,7.9,0,0,0,4.5,,,,,,,,,,,,,,,,,,,,,,,,,,,,,,,,,,,,
26610,2019,10,5,4,0,7.800000000000001,0,0,0,4.7,,,,,,,,,,,,,,,,,,,,,,,,,,,,,,,,,,,,
26611,2019,10,5,4,15,7.7,0,0,0,4.7,,,,,,,,,,,,,,,,,,,,,,,,,,,,,,,,,,,,
26612,2019,10,5,4,30,7.7,0,0,0,4.800000000000001,,,,,,,,,,,,,,,,,,,,,,,,,,,,,,,,,,,,
26613,2019,10,5,4,45,7.6,0,0,0,4.800000000000001,,,,,,,,,,,,,,,,,,,,,,,,,,,,,,,,,,,,
26614,2019,10,5,5,0,7.5,0,0,0,4.9,,,,,,,,,,,,,,,,,,,,,,,,,,,,,,,,,,,,
26615,2019,10,5,5,15,7.5,0,0,0,4.9,,,,,,,,,,,,,,,,,,,,,,,,,,,,,,,,,,,,
26616,2019,10,5,5,30,7.4,0,0,0,4.800000000000001,,,,,,,,,,,,,,,,,,,,,,,,,,,,,,,,,,,,
26617,2019,10,5,5,45,7.4,0,0,0,4.7,,,,,,,,,,,,,,,,,,,,,,,,,,,,,,,,,,,,
26618,2019,10,5,6,0,7.300000000000001,0,0,0,4.7,,,,,,,,,,,,,,,,,,,,,,,,,,,,,,,,,,,,
26619,2019,10,5,6,15,7.4,0,0,0,4.7,,,,,,,,,,,,,,,,,,,,,,,,,,,,,,,,,,,,
26620,2019,10,5,6,30,7.4,0,0,0,4.7,,,,,,,,,,,,,,,,,,,,,,,,,,,,,,,,,,,,
26621,2019,10,5,6,45,7.4,3,0,3,4.6000000000000005,,,,,,,,,,,,,,,,,,,,,,,,,,,,,,,,,,,,
26622,2019,10,5,7,0,7.4,39,96,48,4.6000000000000005,,,,,,,,,,,,,,,,,,,,,,,,,,,,,,,,,,,,
26623,2019,10,5,7,15,7.4,6,0,6,4.6000000000000005,,,,,,,,,,,,,,,,,,,,,,,,,,,,,,,,,,,,
26624,2019,10,5,7,30,7.5,8,0,8,4.7,,,,,,,,,,,,,,,,,,,,,,,,,,,,,,,,,,,,
26625,2019,10,5,7,45,7.6,88,269,143,4.7,,,,,,,,,,,,,,,,,,,,,,,,,,,,,,,,,,,,
26626,2019,10,5,8,0,7.6,13,0,13,4.7,,,,,,,,,,,,,,,,,,,,,,,,,,,,,,,,,,,,
26627,2019,10,5,8,15,7.800000000000001,16,0,16,4.7,,,,,,,,,,,,,,,,,,,,,,,,,,,,,,,,,,,,
26628,2019,10,5,8,30,7.9,19,0,19,4.800000000000001,,,,,,,,,,,,,,,,,,,,,,,,,,,,,,,,,,,,
26629,2019,10,5,8,45,8.1,22,0,22,4.800000000000001,,,,,,,,,,,,,,,,,,,,,,,,,,,,,,,,,,,,
26630,2019,10,5,9,0,8.200000000000001,25,0,25,4.800000000000001,,,,,,,,,,,,,,,,,,,,,,,,,,,,,,,,,,,,
26631,2019,10,5,9,15,8.5,28,0,28,4.800000000000001,,,,,,,,,,,,,,,,,,,,,,,,,,,,,,,,,,,,
26632,2019,10,5,9,30,8.700000000000001,31,0,31,4.800000000000001,,,,,,,,,,,,,,,,,,,,,,,,,,,,,,,,,,,,
26633,2019,10,5,9,45,9.0,33,0,33,4.800000000000001,,,,,,,,,,,,,,,,,,,,,,,,,,,,,,,,,,,,
26634,2019,10,5,10,0,9.2,36,0,36,4.800000000000001,,,,,,,,,,,,,,,,,,,,,,,,,,,,,,,,,,,,
26635,2019,10,5,10,15,9.5,38,0,38,4.800000000000001,,,,,,,,,,,,,,,,,,,,,,,,,,,,,,,,,,,,
26636,2019,10,5,10,30,9.8,40,0,40,4.7,,,,,,,,,,,,,,,,,,,,,,,,,,,,,,,,,,,,
26637,2019,10,5,10,45,10.0,42,0,42,4.7,,,,,,,,,,,,,,,,,,,,,,,,,,,,,,,,,,,,
26638,2019,10,5,11,0,10.3,53,0,53,4.6000000000000005,,,,,,,,,,,,,,,,,,,,,,,,,,,,,,,,,,,,
26639,2019,10,5,11,15,10.6,71,0,71,4.6000000000000005,,,,,,,,,,,,,,,,,,,,,,,,,,,,,,,,,,,,
26640,2019,10,5,11,30,10.8,69,0,69,4.6000000000000005,,,,,,,,,,,,,,,,,,,,,,,,,,,,,,,,,,,,
26641,2019,10,5,11,45,11.1,104,0,104,4.6000000000000005,,,,,,,,,,,,,,,,,,,,,,,,,,,,,,,,,,,,
26642,2019,10,5,12,0,11.3,105,0,105,4.6000000000000005,,,,,,,,,,,,,,,,,,,,,,,,,,,,,,,,,,,,
26643,2019,10,5,12,15,11.5,95,0,95,4.5,,,,,,,,,,,,,,,,,,,,,,,,,,,,,,,,,,,,
26644,2019,10,5,12,30,11.7,210,28,226,4.5,,,,,,,,,,,,,,,,,,,,,,,,,,,,,,,,,,,,
26645,2019,10,5,12,45,11.8,153,0,153,4.5,,,,,,,,,,,,,,,,,,,,,,,,,,,,,,,,,,,,
26646,2019,10,5,13,0,12.0,171,5,174,4.5,,,,,,,,,,,,,,,,,,,,,,,,,,,,,,,,,,,,
26647,2019,10,5,13,15,12.1,207,38,227,4.4,,,,,,,,,,,,,,,,,,,,,,,,,,,,,,,,,,,,
26648,2019,10,5,13,30,12.1,163,4,165,4.4,,,,,,,,,,,,,,,,,,,,,,,,,,,,,,,,,,,,
26649,2019,10,5,13,45,12.2,38,0,38,4.4,,,,,,,,,,,,,,,,,,,,,,,,,,,,,,,,,,,,
26650,2019,10,5,14,0,12.3,36,0,36,4.3,,,,,,,,,,,,,,,,,,,,,,,,,,,,,,,,,,,,
26651,2019,10,5,14,15,12.2,70,0,70,4.3,,,,,,,,,,,,,,,,,,,,,,,,,,,,,,,,,,,,
26652,2019,10,5,14,30,12.2,62,0,62,4.2,,,,,,,,,,,,,,,,,,,,,,,,,,,,,,,,,,,,
26653,2019,10,5,14,45,12.1,129,0,129,4.2,,,,,,,,,,,,,,,,,,,,,,,,,,,,,,,,,,,,
26654,2019,10,5,15,0,12.1,149,55,169,4.1000000000000005,,,,,,,,,,,,,,,,,,,,,,,,,,,,,,,,,,,,
26655,2019,10,5,15,15,11.9,138,72,163,3.9,,,,,,,,,,,,,,,,,,,,,,,,,,,,,,,,,,,,
26656,2019,10,5,15,30,11.7,122,55,140,3.8,,,,,,,,,,,,,,,,,,,,,,,,,,,,,,,,,,,,
26657,2019,10,5,15,45,11.5,69,619,244,3.6,,,,,,,,,,,,,,,,,,,,,,,,,,,,,,,,,,,,
26658,2019,10,5,16,0,11.3,64,578,208,3.4000000000000004,,,,,,,,,,,,,,,,,,,,,,,,,,,,,,,,,,,,
26659,2019,10,5,16,15,10.8,58,529,171,3.0,,,,,,,,,,,,,,,,,,,,,,,,,,,,,,,,,,,,
26660,2019,10,5,16,30,10.2,51,471,135,2.6,,,,,,,,,,,,,,,,,,,,,,,,,,,,,,,,,,,,
26661,2019,10,5,16,45,9.6,43,0,43,2.1,,,,,,,,,,,,,,,,,,,,,,,,,,,,,,,,,,,,
26662,2019,10,5,17,0,9.1,28,0,28,1.7000000000000002,,,,,,,,,,,,,,,,,,,,,,,,,,,,,,,,,,,,
26663,2019,10,5,17,15,8.6,16,0,16,1.6,,,,,,,,,,,,,,,,,,,,,,,,,,,,,,,,,,,,
26664,2019,10,5,17,30,8.200000000000001,5,35,6,1.5,,,,,,,,,,,,,,,,,,,,,,,,,,,,,,,,,,,,
26665,2019,10,5,17,45,7.7,0,0,0,1.4,,,,,,,,,,,,,,,,,,,,,,,,,,,,,,,,,,,,
26666,2019,10,5,18,0,7.300000000000001,0,0,0,1.4,,,,,,,,,,,,,,,,,,,,,,,,,,,,,,,,,,,,
26667,2019,10,5,18,15,7.1000000000000005,0,0,0,1.3,,,,,,,,,,,,,,,,,,,,,,,,,,,,,,,,,,,,
26668,2019,10,5,18,30,6.9,0,0,0,1.3,,,,,,,,,,,,,,,,,,,,,,,,,,,,,,,,,,,,
26669,2019,10,5,18,45,6.7,0,0,0,1.3,,,,,,,,,,,,,,,,,,,,,,,,,,,,,,,,,,,,
26670,2019,10,5,19,0,6.5,0,0,0,1.3,,,,,,,,,,,,,,,,,,,,,,,,,,,,,,,,,,,,
26671,2019,10,5,19,15,6.4,0,0,0,1.3,,,,,,,,,,,,,,,,,,,,,,,,,,,,,,,,,,,,
26672,2019,10,5,19,30,6.2,0,0,0,1.2000000000000002,,,,,,,,,,,,,,,,,,,,,,,,,,,,,,,,,,,,
26673,2019,10,5,19,45,6.0,0,0,0,1.2000000000000002,,,,,,,,,,,,,,,,,,,,,,,,,,,,,,,,,,,,
26674,2019,10,5,20,0,5.800000000000001,0,0,0,1.2000000000000002,,,,,,,,,,,,,,,,,,,,,,,,,,,,,,,,,,,,
26675,2019,10,5,20,15,5.7,0,0,0,1.2000000000000002,,,,,,,,,,,,,,,,,,,,,,,,,,,,,,,,,,,,
26676,2019,10,5,20,30,5.5,0,0,0,1.1,,,,,,,,,,,,,,,,,,,,,,,,,,,,,,,,,,,,
26677,2019,10,5,20,45,5.300000000000001,0,0,0,1.1,,,,,,,,,,,,,,,,,,,,,,,,,,,,,,,,,,,,
26678,2019,10,5,21,0,5.1000000000000005,0,0,0,1.0,,,,,,,,,,,,,,,,,,,,,,,,,,,,,,,,,,,,
26679,2019,10,5,21,15,5.0,0,0,0,1.0,,,,,,,,,,,,,,,,,,,,,,,,,,,,,,,,,,,,
26680,2019,10,5,21,30,4.800000000000001,0,0,0,1.0,,,,,,,,,,,,,,,,,,,,,,,,,,,,,,,,,,,,
26681,2019,10,5,21,45,4.7,0,0,0,1.0,,,,,,,,,,,,,,,,,,,,,,,,,,,,,,,,,,,,
26682,2019,10,5,22,0,4.5,0,0,0,0.9,,,,,,,,,,,,,,,,,,,,,,,,,,,,,,,,,,,,
26683,2019,10,5,22,15,4.4,0,0,0,0.9,,,,,,,,,,,,,,,,,,,,,,,,,,,,,,,,,,,,
26684,2019,10,5,22,30,4.3,0,0,0,0.9,,,,,,,,,,,,,,,,,,,,,,,,,,,,,,,,,,,,
26685,2019,10,5,22,45,4.2,0,0,0,0.9,,,,,,,,,,,,,,,,,,,,,,,,,,,,,,,,,,,,
26686,2019,10,5,23,0,4.1000000000000005,0,0,0,0.9,,,,,,,,,,,,,,,,,,,,,,,,,,,,,,,,,,,,
26687,2019,10,5,23,15,4.1000000000000005,0,0,0,0.9,,,,,,,,,,,,,,,,,,,,,,,,,,,,,,,,,,,,
26688,2019,10,5,23,30,4.1000000000000005,0,0,0,0.9,,,,,,,,,,,,,,,,,,,,,,,,,,,,,,,,,,,,
26689,2019,10,5,23,45,4.0,0,0,0,0.8,,,,,,,,,,,,,,,,,,,,,,,,,,,,,,,,,,,,
26690,2019,10,6,0,0,4.0,0,0,0,0.8,,,,,,,,,,,,,,,,,,,,,,,,,,,,,,,,,,,,
26691,2019,10,6,0,15,4.0,0,0,0,0.8,,,,,,,,,,,,,,,,,,,,,,,,,,,,,,,,,,,,
26692,2019,10,6,0,30,4.0,0,0,0,0.8,,,,,,,,,,,,,,,,,,,,,,,,,,,,,,,,,,,,
26693,2019,10,6,0,45,4.0,0,0,0,0.8,,,,,,,,,,,,,,,,,,,,,,,,,,,,,,,,,,,,
26694,2019,10,6,1,0,4.4,0,0,0,0.9,,,,,,,,,,,,,,,,,,,,,,,,,,,,,,,,,,,,
26695,2019,10,6,1,15,4.4,0,0,0,0.9,,,,,,,,,,,,,,,,,,,,,,,,,,,,,,,,,,,,
26696,2019,10,6,1,30,4.5,0,0,0,0.9,,,,,,,,,,,,,,,,,,,,,,,,,,,,,,,,,,,,
26697,2019,10,6,1,45,4.5,0,0,0,0.9,,,,,,,,,,,,,,,,,,,,,,,,,,,,,,,,,,,,
26698,2019,10,6,2,0,4.6000000000000005,0,0,0,1.0,,,,,,,,,,,,,,,,,,,,,,,,,,,,,,,,,,,,
26699,2019,10,6,2,15,4.5,0,0,0,1.0,,,,,,,,,,,,,,,,,,,,,,,,,,,,,,,,,,,,
26700,2019,10,6,2,30,4.5,0,0,0,0.9,,,,,,,,,,,,,,,,,,,,,,,,,,,,,,,,,,,,
26701,2019,10,6,2,45,4.5,0,0,0,0.9,,,,,,,,,,,,,,,,,,,,,,,,,,,,,,,,,,,,
26702,2019,10,6,3,0,4.5,0,0,0,0.9,,,,,,,,,,,,,,,,,,,,,,,,,,,,,,,,,,,,
26703,2019,10,6,3,15,4.5,0,0,0,0.9,,,,,,,,,,,,,,,,,,,,,,,,,,,,,,,,,,,,
26704,2019,10,6,3,30,4.4,0,0,0,0.9,,,,,,,,,,,,,,,,,,,,,,,,,,,,,,,,,,,,
26705,2019,10,6,3,45,4.4,0,0,0,1.0,,,,,,,,,,,,,,,,,,,,,,,,,,,,,,,,,,,,
26706,2019,10,6,4,0,4.3,0,0,0,1.0,,,,,,,,,,,,,,,,,,,,,,,,,,,,,,,,,,,,
26707,2019,10,6,4,15,4.3,0,0,0,1.0,,,,,,,,,,,,,,,,,,,,,,,,,,,,,,,,,,,,
26708,2019,10,6,4,30,4.3,0,0,0,1.0,,,,,,,,,,,,,,,,,,,,,,,,,,,,,,,,,,,,
26709,2019,10,6,4,45,4.2,0,0,0,1.0,,,,,,,,,,,,,,,,,,,,,,,,,,,,,,,,,,,,
26710,2019,10,6,5,0,4.2,0,0,0,1.1,,,,,,,,,,,,,,,,,,,,,,,,,,,,,,,,,,,,
26711,2019,10,6,5,15,4.2,0,0,0,1.1,,,,,,,,,,,,,,,,,,,,,,,,,,,,,,,,,,,,
26712,2019,10,6,5,30,4.2,0,0,0,1.1,,,,,,,,,,,,,,,,,,,,,,,,,,,,,,,,,,,,
26713,2019,10,6,5,45,4.2,0,0,0,1.1,,,,,,,,,,,,,,,,,,,,,,,,,,,,,,,,,,,,
26714,2019,10,6,6,0,4.2,0,0,0,1.2000000000000002,,,,,,,,,,,,,,,,,,,,,,,,,,,,,,,,,,,,
26715,2019,10,6,6,15,4.2,0,0,0,1.2000000000000002,,,,,,,,,,,,,,,,,,,,,,,,,,,,,,,,,,,,
26716,2019,10,6,6,30,4.3,0,0,0,1.3,,,,,,,,,,,,,,,,,,,,,,,,,,,,,,,,,,,,
26717,2019,10,6,6,45,4.4,3,0,3,1.3,,,,,,,,,,,,,,,,,,,,,,,,,,,,,,,,,,,,
26718,2019,10,6,7,0,4.4,4,0,4,1.4,,,,,,,,,,,,,,,,,,,,,,,,,,,,,,,,,,,,
26719,2019,10,6,7,15,4.6000000000000005,6,0,6,1.5,,,,,,,,,,,,,,,,,,,,,,,,,,,,,,,,,,,,
26720,2019,10,6,7,30,4.7,8,0,8,1.6,,,,,,,,,,,,,,,,,,,,,,,,,,,,,,,,,,,,
26721,2019,10,6,7,45,4.9,7,0,7,1.7000000000000002,,,,,,,,,,,,,,,,,,,,,,,,,,,,,,,,,,,,
26722,2019,10,6,8,0,5.0,13,0,13,1.8,,,,,,,,,,,,,,,,,,,,,,,,,,,,,,,,,,,,
26723,2019,10,6,8,15,5.4,9,0,9,2.0,,,,,,,,,,,,,,,,,,,,,,,,,,,,,,,,,,,,
26724,2019,10,6,8,30,5.7,11,0,11,2.2,,,,,,,,,,,,,,,,,,,,,,,,,,,,,,,,,,,,
26725,2019,10,6,8,45,6.1000000000000005,22,0,22,2.4000000000000004,,,,,,,,,,,,,,,,,,,,,,,,,,,,,,,,,,,,
26726,2019,10,6,9,0,6.4,25,0,25,2.6,,,,,,,,,,,,,,,,,,,,,,,,,,,,,,,,,,,,
26727,2019,10,6,9,15,6.800000000000001,49,0,49,2.7,,,,,,,,,,,,,,,,,,,,,,,,,,,,,,,,,,,,
26728,2019,10,6,9,30,7.2,16,0,16,2.9000000000000004,,,,,,,,,,,,,,,,,,,,,,,,,,,,,,,,,,,,
26729,2019,10,6,9,45,7.6,27,0,27,3.1,,,,,,,,,,,,,,,,,,,,,,,,,,,,,,,,,,,,
26730,2019,10,6,10,0,8.0,66,0,66,3.3000000000000003,,,,,,,,,,,,,,,,,,,,,,,,,,,,,,,,,,,,
26731,2019,10,6,10,15,8.4,86,0,86,3.4000000000000004,,,,,,,,,,,,,,,,,,,,,,,,,,,,,,,,,,,,
26732,2019,10,6,10,30,8.8,27,0,27,3.6,,,,,,,,,,,,,,,,,,,,,,,,,,,,,,,,,,,,
26733,2019,10,6,10,45,9.2,28,0,28,3.7,,,,,,,,,,,,,,,,,,,,,,,,,,,,,,,,,,,,
26734,2019,10,6,11,0,9.6,24,0,24,3.9,,,,,,,,,,,,,,,,,,,,,,,,,,,,,,,,,,,,
26735,2019,10,6,11,15,9.8,80,0,80,3.9,,,,,,,,,,,,,,,,,,,,,,,,,,,,,,,,,,,,
26736,2019,10,6,11,30,10.0,170,4,173,4.0,,,,,,,,,,,,,,,,,,,,,,,,,,,,,,,,,,,,
26737,2019,10,6,11,45,10.2,109,0,109,4.0,,,,,,,,,,,,,,,,,,,,,,,,,,,,,,,,,,,,
26738,2019,10,6,12,0,10.3,115,0,115,4.1000000000000005,,,,,,,,,,,,,,,,,,,,,,,,,,,,,,,,,,,,
26739,2019,10,6,12,15,10.4,163,1,164,4.1000000000000005,,,,,,,,,,,,,,,,,,,,,,,,,,,,,,,,,,,,
26740,2019,10,6,12,30,10.5,192,15,200,4.1000000000000005,,,,,,,,,,,,,,,,,,,,,,,,,,,,,,,,,,,,
26741,2019,10,6,12,45,10.6,222,52,249,4.1000000000000005,,,,,,,,,,,,,,,,,,,,,,,,,,,,,,,,,,,,
26742,2019,10,6,13,0,10.7,216,50,243,4.1000000000000005,,,,,,,,,,,,,,,,,,,,,,,,,,,,,,,,,,,,
26743,2019,10,6,13,15,10.7,106,0,106,4.1000000000000005,,,,,,,,,,,,,,,,,,,,,,,,,,,,,,,,,,,,
26744,2019,10,6,13,30,10.7,149,0,149,4.0,,,,,,,,,,,,,,,,,,,,,,,,,,,,,,,,,,,,
26745,2019,10,6,13,45,10.7,193,41,213,4.0,,,,,,,,,,,,,,,,,,,,,,,,,,,,,,,,,,,,
26746,2019,10,6,14,0,10.7,105,0,105,4.0,,,,,,,,,,,,,,,,,,,,,,,,,,,,,,,,,,,,
26747,2019,10,6,14,15,10.6,84,0,84,3.9,,,,,,,,,,,,,,,,,,,,,,,,,,,,,,,,,,,,
26748,2019,10,6,14,30,10.4,52,0,52,3.9,,,,,,,,,,,,,,,,,,,,,,,,,,,,,,,,,,,,
26749,2019,10,6,14,45,10.3,65,0,65,3.8,,,,,,,,,,,,,,,,,,,,,,,,,,,,,,,,,,,,
26750,2019,10,6,15,0,10.2,60,0,60,3.7,,,,,,,,,,,,,,,,,,,,,,,,,,,,,,,,,,,,
26751,2019,10,6,15,15,10.0,40,0,40,3.5,,,,,,,,,,,,,,,,,,,,,,,,,,,,,,,,,,,,
26752,2019,10,6,15,30,9.8,29,0,29,3.4000000000000004,,,,,,,,,,,,,,,,,,,,,,,,,,,,,,,,,,,,
26753,2019,10,6,15,45,9.6,16,0,16,3.2,,,,,,,,,,,,,,,,,,,,,,,,,,,,,,,,,,,,
26754,2019,10,6,16,0,9.4,14,0,14,3.0,,,,,,,,,,,,,,,,,,,,,,,,,,,,,,,,,,,,
26755,2019,10,6,16,15,9.1,12,0,12,2.9000000000000004,,,,,,,,,,,,,,,,,,,,,,,,,,,,,,,,,,,,
26756,2019,10,6,16,30,8.700000000000001,10,0,10,2.8000000000000003,,,,,,,,,,,,,,,,,,,,,,,,,,,,,,,,,,,,
26757,2019,10,6,16,45,8.4,11,0,11,2.7,,,,,,,,,,,,,,,,,,,,,,,,,,,,,,,,,,,,
26758,2019,10,6,17,0,8.1,7,0,7,2.6,,,,,,,,,,,,,,,,,,,,,,,,,,,,,,,,,,,,
26759,2019,10,6,17,15,7.9,5,0,5,2.7,,,,,,,,,,,,,,,,,,,,,,,,,,,,,,,,,,,,
26760,2019,10,6,17,30,7.7,11,119,14,2.7,,,,,,,,,,,,,,,,,,,,,,,,,,,,,,,,,,,,
26761,2019,10,6,17,45,7.4,0,0,0,2.8000000000000003,,,,,,,,,,,,,,,,,,,,,,,,,,,,,,,,,,,,
26762,2019,10,6,18,0,7.2,0,0,0,2.8000000000000003,,,,,,,,,,,,,,,,,,,,,,,,,,,,,,,,,,,,
26763,2019,10,6,18,15,7.1000000000000005,0,0,0,2.9000000000000004,,,,,,,,,,,,,,,,,,,,,,,,,,,,,,,,,,,,
26764,2019,10,6,18,30,6.9,0,0,0,2.9000000000000004,,,,,,,,,,,,,,,,,,,,,,,,,,,,,,,,,,,,
26765,2019,10,6,18,45,6.800000000000001,0,0,0,2.9000000000000004,,,,,,,,,,,,,,,,,,,,,,,,,,,,,,,,,,,,
26766,2019,10,6,19,0,6.7,0,0,0,3.0,,,,,,,,,,,,,,,,,,,,,,,,,,,,,,,,,,,,
26767,2019,10,6,19,15,6.5,0,0,0,3.0,,,,,,,,,,,,,,,,,,,,,,,,,,,,,,,,,,,,
26768,2019,10,6,19,30,6.300000000000001,0,0,0,3.0,,,,,,,,,,,,,,,,,,,,,,,,,,,,,,,,,,,,
26769,2019,10,6,19,45,6.2,0,0,0,3.0,,,,,,,,,,,,,,,,,,,,,,,,,,,,,,,,,,,,
26770,2019,10,6,20,0,6.0,0,0,0,2.9000000000000004,,,,,,,,,,,,,,,,,,,,,,,,,,,,,,,,,,,,
26771,2019,10,6,20,15,5.9,0,0,0,2.9000000000000004,,,,,,,,,,,,,,,,,,,,,,,,,,,,,,,,,,,,
26772,2019,10,6,20,30,5.7,0,0,0,2.9000000000000004,,,,,,,,,,,,,,,,,,,,,,,,,,,,,,,,,,,,
26773,2019,10,6,20,45,5.6000000000000005,0,0,0,2.9000000000000004,,,,,,,,,,,,,,,,,,,,,,,,,,,,,,,,,,,,
26774,2019,10,6,21,0,5.4,0,0,0,2.9000000000000004,,,,,,,,,,,,,,,,,,,,,,,,,,,,,,,,,,,,
26775,2019,10,6,21,15,5.2,0,0,0,2.9000000000000004,,,,,,,,,,,,,,,,,,,,,,,,,,,,,,,,,,,,
26776,2019,10,6,21,30,5.1000000000000005,0,0,0,2.8000000000000003,,,,,,,,,,,,,,,,,,,,,,,,,,,,,,,,,,,,
26777,2019,10,6,21,45,4.9,0,0,0,2.8000000000000003,,,,,,,,,,,,,,,,,,,,,,,,,,,,,,,,,,,,
26778,2019,10,6,22,0,4.7,0,0,0,2.8000000000000003,,,,,,,,,,,,,,,,,,,,,,,,,,,,,,,,,,,,
26779,2019,10,6,22,15,4.5,0,0,0,2.7,,,,,,,,,,,,,,,,,,,,,,,,,,,,,,,,,,,,
26780,2019,10,6,22,30,4.3,0,0,0,2.7,,,,,,,,,,,,,,,,,,,,,,,,,,,,,,,,,,,,
26781,2019,10,6,22,45,4.1000000000000005,0,0,0,2.6,,,,,,,,,,,,,,,,,,,,,,,,,,,,,,,,,,,,
26782,2019,10,6,23,0,3.8,0,0,0,2.5,,,,,,,,,,,,,,,,,,,,,,,,,,,,,,,,,,,,
26783,2019,10,6,23,15,3.6,0,0,0,2.4000000000000004,,,,,,,,,,,,,,,,,,,,,,,,,,,,,,,,,,,,
26784,2019,10,6,23,30,3.3000000000000003,0,0,0,2.3000000000000003,,,,,,,,,,,,,,,,,,,,,,,,,,,,,,,,,,,,
26785,2019,10,6,23,45,3.1,0,0,0,2.3000000000000003,,,,,,,,,,,,,,,,,,,,,,,,,,,,,,,,,,,,
26786,2019,10,7,0,0,2.8000000000000003,0,0,0,2.2,,,,,,,,,,,,,,,,,,,,,,,,,,,,,,,,,,,,
26787,2019,10,7,0,15,2.8000000000000003,0,0,0,2.2,,,,,,,,,,,,,,,,,,,,,,,,,,,,,,,,,,,,
26788,2019,10,7,0,30,2.8000000000000003,0,0,0,2.2,,,,,,,,,,,,,,,,,,,,,,,,,,,,,,,,,,,,
26789,2019,10,7,0,45,2.8000000000000003,0,0,0,2.2,,,,,,,,,,,,,,,,,,,,,,,,,,,,,,,,,,,,
26790,2019,10,7,1,0,1.8,0,0,0,1.7000000000000002,,,,,,,,,,,,,,,,,,,,,,,,,,,,,,,,,,,,
26791,2019,10,7,1,15,1.6,0,0,0,1.7000000000000002,,,,,,,,,,,,,,,,,,,,,,,,,,,,,,,,,,,,
26792,2019,10,7,1,30,1.4,0,0,0,1.6,,,,,,,,,,,,,,,,,,,,,,,,,,,,,,,,,,,,
26793,2019,10,7,1,45,1.2000000000000002,0,0,0,1.6,,,,,,,,,,,,,,,,,,,,,,,,,,,,,,,,,,,,
26794,2019,10,7,2,0,1.0,0,0,0,1.5,,,,,,,,,,,,,,,,,,,,,,,,,,,,,,,,,,,,
26795,2019,10,7,2,15,0.9,0,0,0,1.5,,,,,,,,,,,,,,,,,,,,,,,,,,,,,,,,,,,,
26796,2019,10,7,2,30,0.7000000000000001,0,0,0,1.5,,,,,,,,,,,,,,,,,,,,,,,,,,,,,,,,,,,,
26797,2019,10,7,2,45,0.6000000000000001,0,0,0,1.4,,,,,,,,,,,,,,,,,,,,,,,,,,,,,,,,,,,,
26798,2019,10,7,3,0,0.4,0,0,0,1.4,,,,,,,,,,,,,,,,,,,,,,,,,,,,,,,,,,,,
26799,2019,10,7,3,15,0.3,0,0,0,1.4,,,,,,,,,,,,,,,,,,,,,,,,,,,,,,,,,,,,
26800,2019,10,7,3,30,0.2,0,0,0,1.4,,,,,,,,,,,,,,,,,,,,,,,,,,,,,,,,,,,,
26801,2019,10,7,3,45,0.1,0,0,0,1.3,,,,,,,,,,,,,,,,,,,,,,,,,,,,,,,,,,,,
26802,2019,10,7,4,0,0.0,0,0,0,1.3,,,,,,,,,,,,,,,,,,,,,,,,,,,,,,,,,,,,
26803,2019,10,7,4,15,0.0,0,0,0,1.3,,,,,,,,,,,,,,,,,,,,,,,,,,,,,,,,,,,,
26804,2019,10,7,4,30,0.0,0,0,0,1.4,,,,,,,,,,,,,,,,,,,,,,,,,,,,,,,,,,,,
26805,2019,10,7,4,45,-0.1,0,0,0,1.4,,,,,,,,,,,,,,,,,,,,,,,,,,,,,,,,,,,,
26806,2019,10,7,5,0,-0.1,0,0,0,1.4,,,,,,,,,,,,,,,,,,,,,,,,,,,,,,,,,,,,
26807,2019,10,7,5,15,-0.1,0,0,0,1.4,,,,,,,,,,,,,,,,,,,,,,,,,,,,,,,,,,,,
26808,2019,10,7,5,30,-0.2,0,0,0,1.3,,,,,,,,,,,,,,,,,,,,,,,,,,,,,,,,,,,,
26809,2019,10,7,5,45,-0.3,0,0,0,1.3,,,,,,,,,,,,,,,,,,,,,,,,,,,,,,,,,,,,
26810,2019,10,7,6,0,-0.4,0,0,0,1.3,,,,,,,,,,,,,,,,,,,,,,,,,,,,,,,,,,,,
26811,2019,10,7,6,15,0.0,0,0,0,1.3,,,,,,,,,,,,,,,,,,,,,,,,,,,,,,,,,,,,
26812,2019,10,7,6,30,0.3,0,0,0,1.4,,,,,,,,,,,,,,,,,,,,,,,,,,,,,,,,,,,,
26813,2019,10,7,6,45,0.6000000000000001,17,244,28,1.5,,,,,,,,,,,,,,,,,,,,,,,,,,,,,,,,,,,,
26814,2019,10,7,7,0,0.9,26,366,57,1.5,,,,,,,,,,,,,,,,,,,,,,,,,,,,,,,,,,,,
26815,2019,10,7,7,15,1.4,34,461,90,1.4,,,,,,,,,,,,,,,,,,,,,,,,,,,,,,,,,,,,
26816,2019,10,7,7,30,1.8,41,537,126,1.3,,,,,,,,,,,,,,,,,,,,,,,,,,,,,,,,,,,,
26817,2019,10,7,7,45,2.2,45,606,164,1.2000000000000002,,,,,,,,,,,,,,,,,,,,,,,,,,,,,,,,,,,,
26818,2019,10,7,8,0,2.7,50,655,201,1.1,,,,,,,,,,,,,,,,,,,,,,,,,,,,,,,,,,,,
26819,2019,10,7,8,15,3.4000000000000004,54,696,239,1.0,,,,,,,,,,,,,,,,,,,,,,,,,,,,,,,,,,,,
26820,2019,10,7,8,30,4.2,58,731,275,0.9,,,,,,,,,,,,,,,,,,,,,,,,,,,,,,,,,,,,
26821,2019,10,7,8,45,4.9,60,766,311,0.9,,,,,,,,,,,,,,,,,,,,,,,,,,,,,,,,,,,,
26822,2019,10,7,9,0,5.7,62,790,345,0.8,,,,,,,,,,,,,,,,,,,,,,,,,,,,,,,,,,,,
26823,2019,10,7,9,15,6.6000000000000005,65,811,378,1.0,,,,,,,,,,,,,,,,,,,,,,,,,,,,,,,,,,,,
26824,2019,10,7,9,30,7.5,67,823,405,1.3,,,,,,,,,,,,,,,,,,,,,,,,,,,,,,,,,,,,
26825,2019,10,7,9,45,8.4,71,829,432,1.5,,,,,,,,,,,,,,,,,,,,,,,,,,,,,,,,,,,,
26826,2019,10,7,10,0,9.3,73,842,457,1.8,,,,,,,,,,,,,,,,,,,,,,,,,,,,,,,,,,,,
26827,2019,10,7,10,15,9.7,74,853,480,1.8,,,,,,,,,,,,,,,,,,,,,,,,,,,,,,,,,,,,
26828,2019,10,7,10,30,10.2,75,862,500,1.8,,,,,,,,,,,,,,,,,,,,,,,,,,,,,,,,,,,,
26829,2019,10,7,10,45,10.6,76,872,518,1.8,,,,,,,,,,,,,,,,,,,,,,,,,,,,,,,,,,,,
26830,2019,10,7,11,0,11.0,77,878,532,1.9,,,,,,,,,,,,,,,,,,,,,,,,,,,,,,,,,,,,
26831,2019,10,7,11,15,11.3,77,882,544,1.8,,,,,,,,,,,,,,,,,,,,,,,,,,,,,,,,,,,,
26832,2019,10,7,11,30,11.5,78,886,552,1.8,,,,,,,,,,,,,,,,,,,,,,,,,,,,,,,,,,,,
26833,2019,10,7,11,45,11.7,77,890,558,1.7000000000000002,,,,,,,,,,,,,,,,,,,,,,,,,,,,,,,,,,,,
26834,2019,10,7,12,0,11.9,77,891,559,1.7000000000000002,,,,,,,,,,,,,,,,,,,,,,,,,,,,,,,,,,,,
26835,2019,10,7,12,15,12.1,77,890,558,1.6,,,,,,,,,,,,,,,,,,,,,,,,,,,,,,,,,,,,
26836,2019,10,7,12,30,12.2,77,889,554,1.5,,,,,,,,,,,,,,,,,,,,,,,,,,,,,,,,,,,,
26837,2019,10,7,12,45,12.4,78,880,545,1.5,,,,,,,,,,,,,,,,,,,,,,,,,,,,,,,,,,,,
26838,2019,10,7,13,0,12.5,78,876,535,1.4,,,,,,,,,,,,,,,,,,,,,,,,,,,,,,,,,,,,
26839,2019,10,7,13,15,12.6,77,870,521,1.4,,,,,,,,,,,,,,,,,,,,,,,,,,,,,,,,,,,,
26840,2019,10,7,13,30,12.6,76,863,504,1.3,,,,,,,,,,,,,,,,,,,,,,,,,,,,,,,,,,,,
26841,2019,10,7,13,45,12.7,74,857,485,1.3,,,,,,,,,,,,,,,,,,,,,,,,,,,,,,,,,,,,
26842,2019,10,7,14,0,12.7,73,846,463,1.2000000000000002,,,,,,,,,,,,,,,,,,,,,,,,,,,,,,,,,,,,
26843,2019,10,7,14,15,12.6,71,834,438,1.2000000000000002,,,,,,,,,,,,,,,,,,,,,,,,,,,,,,,,,,,,
26844,2019,10,7,14,30,12.6,69,819,411,1.2000000000000002,,,,,,,,,,,,,,,,,,,,,,,,,,,,,,,,,,,,
26845,2019,10,7,14,45,12.5,67,801,381,1.2000000000000002,,,,,,,,,,,,,,,,,,,,,,,,,,,,,,,,,,,,
26846,2019,10,7,15,0,12.5,65,781,349,1.1,,,,,,,,,,,,,,,,,,,,,,,,,,,,,,,,,,,,
26847,2019,10,7,15,15,12.2,62,757,316,1.0,,,,,,,,,,,,,,,,,,,,,,,,,,,,,,,,,,,,
26848,2019,10,7,15,30,11.9,118,65,138,0.9,,,,,,,,,,,,,,,,,,,,,,,,,,,,,,,,,,,,
26849,2019,10,7,15,45,11.6,84,382,188,0.8,,,,,,,,,,,,,,,,,,,,,,,,,,,,,,,,,,,,
26850,2019,10,7,16,0,11.4,87,36,96,0.7000000000000001,,,,,,,,,,,,,,,,,,,,,,,,,,,,,,,,,,,,
26851,2019,10,7,16,15,10.7,64,321,129,0.8,,,,,,,,,,,,,,,,,,,,,,,,,,,,,,,,,,,,
26852,2019,10,7,16,30,10.1,53,283,100,0.8,,,,,,,,,,,,,,,,,,,,,,,,,,,,,,,,,,,,
26853,2019,10,7,16,45,9.5,42,238,72,0.8,,,,,,,,,,,,,,,,,,,,,,,,,,,,,,,,,,,,
26854,2019,10,7,17,0,8.8,30,183,47,0.8,,,,,,,,,,,,,,,,,,,,,,,,,,,,,,,,,,,,
26855,2019,10,7,17,15,8.3,19,96,25,0.9,,,,,,,,,,,,,,,,,,,,,,,,,,,,,,,,,,,,
26856,2019,10,7,17,30,7.800000000000001,0,0,0,0.9,,,,,,,,,,,,,,,,,,,,,,,,,,,,,,,,,,,,
26857,2019,10,7,17,45,7.4,0,0,0,1.0,,,,,,,,,,,,,,,,,,,,,,,,,,,,,,,,,,,,
26858,2019,10,7,18,0,6.9,0,0,0,1.1,,,,,,,,,,,,,,,,,,,,,,,,,,,,,,,,,,,,
26859,2019,10,7,18,15,6.6000000000000005,0,0,0,1.1,,,,,,,,,,,,,,,,,,,,,,,,,,,,,,,,,,,,
26860,2019,10,7,18,30,6.300000000000001,0,0,0,1.1,,,,,,,,,,,,,,,,,,,,,,,,,,,,,,,,,,,,
26861,2019,10,7,18,45,6.1000000000000005,0,0,0,1.1,,,,,,,,,,,,,,,,,,,,,,,,,,,,,,,,,,,,
26862,2019,10,7,19,0,5.800000000000001,0,0,0,1.2000000000000002,,,,,,,,,,,,,,,,,,,,,,,,,,,,,,,,,,,,
26863,2019,10,7,19,15,5.7,0,0,0,1.2000000000000002,,,,,,,,,,,,,,,,,,,,,,,,,,,,,,,,,,,,
26864,2019,10,7,19,30,5.7,0,0,0,1.3,,,,,,,,,,,,,,,,,,,,,,,,,,,,,,,,,,,,
26865,2019,10,7,19,45,5.6000000000000005,0,0,0,1.3,,,,,,,,,,,,,,,,,,,,,,,,,,,,,,,,,,,,
26866,2019,10,7,20,0,5.5,0,0,0,1.4,,,,,,,,,,,,,,,,,,,,,,,,,,,,,,,,,,,,
26867,2019,10,7,20,15,5.6000000000000005,0,0,0,1.4,,,,,,,,,,,,,,,,,,,,,,,,,,,,,,,,,,,,
26868,2019,10,7,20,30,5.6000000000000005,0,0,0,1.5,,,,,,,,,,,,,,,,,,,,,,,,,,,,,,,,,,,,
26869,2019,10,7,20,45,5.6000000000000005,0,0,0,1.6,,,,,,,,,,,,,,,,,,,,,,,,,,,,,,,,,,,,
26870,2019,10,7,21,0,5.6000000000000005,0,0,0,1.7000000000000002,,,,,,,,,,,,,,,,,,,,,,,,,,,,,,,,,,,,
26871,2019,10,7,21,15,5.7,0,0,0,1.8,,,,,,,,,,,,,,,,,,,,,,,,,,,,,,,,,,,,
26872,2019,10,7,21,30,5.7,0,0,0,1.9,,,,,,,,,,,,,,,,,,,,,,,,,,,,,,,,,,,,
26873,2019,10,7,21,45,5.800000000000001,0,0,0,2.0,,,,,,,,,,,,,,,,,,,,,,,,,,,,,,,,,,,,
26874,2019,10,7,22,0,5.9,0,0,0,2.1,,,,,,,,,,,,,,,,,,,,,,,,,,,,,,,,,,,,
26875,2019,10,7,22,15,5.9,0,0,0,2.2,,,,,,,,,,,,,,,,,,,,,,,,,,,,,,,,,,,,
26876,2019,10,7,22,30,6.0,0,0,0,2.3000000000000003,,,,,,,,,,,,,,,,,,,,,,,,,,,,,,,,,,,,
26877,2019,10,7,22,45,6.1000000000000005,0,0,0,2.4000000000000004,,,,,,,,,,,,,,,,,,,,,,,,,,,,,,,,,,,,
26878,2019,10,7,23,0,6.2,0,0,0,2.5,,,,,,,,,,,,,,,,,,,,,,,,,,,,,,,,,,,,
26879,2019,10,7,23,15,6.2,0,0,0,2.5,,,,,,,,,,,,,,,,,,,,,,,,,,,,,,,,,,,,
26880,2019,10,7,23,30,6.2,0,0,0,2.6,,,,,,,,,,,,,,,,,,,,,,,,,,,,,,,,,,,,
26881,2019,10,7,23,45,6.2,0,0,0,2.6,,,,,,,,,,,,,,,,,,,,,,,,,,,,,,,,,,,,
26882,2019,10,8,0,0,6.300000000000001,0,0,0,2.7,,,,,,,,,,,,,,,,,,,,,,,,,,,,,,,,,,,,
26883,2019,10,8,0,15,6.300000000000001,0,0,0,2.7,,,,,,,,,,,,,,,,,,,,,,,,,,,,,,,,,,,,
26884,2019,10,8,0,30,6.300000000000001,0,0,0,2.7,,,,,,,,,,,,,,,,,,,,,,,,,,,,,,,,,,,,
26885,2019,10,8,0,45,6.300000000000001,0,0,0,2.7,,,,,,,,,,,,,,,,,,,,,,,,,,,,,,,,,,,,
26886,2019,10,8,1,0,6.300000000000001,0,0,0,2.8000000000000003,,,,,,,,,,,,,,,,,,,,,,,,,,,,,,,,,,,,
26887,2019,10,8,1,15,6.300000000000001,0,0,0,2.8000000000000003,,,,,,,,,,,,,,,,,,,,,,,,,,,,,,,,,,,,
26888,2019,10,8,1,30,6.300000000000001,0,0,0,2.9000000000000004,,,,,,,,,,,,,,,,,,,,,,,,,,,,,,,,,,,,
26889,2019,10,8,1,45,6.4,0,0,0,2.9000000000000004,,,,,,,,,,,,,,,,,,,,,,,,,,,,,,,,,,,,
26890,2019,10,8,2,0,6.4,0,0,0,3.0,,,,,,,,,,,,,,,,,,,,,,,,,,,,,,,,,,,,
26891,2019,10,8,2,15,6.5,0,0,0,3.1,,,,,,,,,,,,,,,,,,,,,,,,,,,,,,,,,,,,
26892,2019,10,8,2,30,6.6000000000000005,0,0,0,3.1,,,,,,,,,,,,,,,,,,,,,,,,,,,,,,,,,,,,
26893,2019,10,8,2,45,6.6000000000000005,0,0,0,3.2,,,,,,,,,,,,,,,,,,,,,,,,,,,,,,,,,,,,
26894,2019,10,8,3,0,6.7,0,0,0,3.2,,,,,,,,,,,,,,,,,,,,,,,,,,,,,,,,,,,,
26895,2019,10,8,3,15,6.800000000000001,0,0,0,3.3000000000000003,,,,,,,,,,,,,,,,,,,,,,,,,,,,,,,,,,,,
26896,2019,10,8,3,30,6.800000000000001,0,0,0,3.3000000000000003,,,,,,,,,,,,,,,,,,,,,,,,,,,,,,,,,,,,
26897,2019,10,8,3,45,6.9,0,0,0,3.3000000000000003,,,,,,,,,,,,,,,,,,,,,,,,,,,,,,,,,,,,
26898,2019,10,8,4,0,7.0,0,0,0,3.3000000000000003,,,,,,,,,,,,,,,,,,,,,,,,,,,,,,,,,,,,
26899,2019,10,8,4,15,7.1000000000000005,0,0,0,3.3000000000000003,,,,,,,,,,,,,,,,,,,,,,,,,,,,,,,,,,,,
26900,2019,10,8,4,30,7.300000000000001,0,0,0,3.3000000000000003,,,,,,,,,,,,,,,,,,,,,,,,,,,,,,,,,,,,
26901,2019,10,8,4,45,7.4,0,0,0,3.3000000000000003,,,,,,,,,,,,,,,,,,,,,,,,,,,,,,,,,,,,
26902,2019,10,8,5,0,7.5,0,0,0,3.3000000000000003,,,,,,,,,,,,,,,,,,,,,,,,,,,,,,,,,,,,
26903,2019,10,8,5,15,7.7,0,0,0,3.3000000000000003,,,,,,,,,,,,,,,,,,,,,,,,,,,,,,,,,,,,
26904,2019,10,8,5,30,7.800000000000001,0,0,0,3.3000000000000003,,,,,,,,,,,,,,,,,,,,,,,,,,,,,,,,,,,,
26905,2019,10,8,5,45,7.9,0,0,0,3.3000000000000003,,,,,,,,,,,,,,,,,,,,,,,,,,,,,,,,,,,,
26906,2019,10,8,6,0,8.1,0,0,0,3.4000000000000004,,,,,,,,,,,,,,,,,,,,,,,,,,,,,,,,,,,,
26907,2019,10,8,6,15,8.200000000000001,0,0,0,3.4000000000000004,,,,,,,,,,,,,,,,,,,,,,,,,,,,,,,,,,,,
26908,2019,10,8,6,30,8.4,0,0,0,3.5,,,,,,,,,,,,,,,,,,,,,,,,,,,,,,,,,,,,
26909,2019,10,8,6,45,8.6,15,50,17,3.5,,,,,,,,,,,,,,,,,,,,,,,,,,,,,,,,,,,,
26910,2019,10,8,7,0,8.700000000000001,4,0,4,3.6,,,,,,,,,,,,,,,,,,,,,,,,,,,,,,,,,,,,
26911,2019,10,8,7,15,9.0,5,0,5,3.7,,,,,,,,,,,,,,,,,,,,,,,,,,,,,,,,,,,,
26912,2019,10,8,7,30,9.2,7,0,7,3.8,,,,,,,,,,,,,,,,,,,,,,,,,,,,,,,,,,,,
26913,2019,10,8,7,45,9.4,9,0,9,3.9,,,,,,,,,,,,,,,,,,,,,,,,,,,,,,,,,,,,
26914,2019,10,8,8,0,9.6,12,0,12,4.0,,,,,,,,,,,,,,,,,,,,,,,,,,,,,,,,,,,,
26915,2019,10,8,8,15,9.9,14,0,14,4.1000000000000005,,,,,,,,,,,,,,,,,,,,,,,,,,,,,,,,,,,,
26916,2019,10,8,8,30,10.1,17,0,17,4.2,,,,,,,,,,,,,,,,,,,,,,,,,,,,,,,,,,,,
26917,2019,10,8,8,45,10.3,20,0,20,4.3,,,,,,,,,,,,,,,,,,,,,,,,,,,,,,,,,,,,
26918,2019,10,8,9,0,10.6,22,0,22,4.4,,,,,,,,,,,,,,,,,,,,,,,,,,,,,,,,,,,,
26919,2019,10,8,9,15,10.9,25,0,25,4.6000000000000005,,,,,,,,,,,,,,,,,,,,,,,,,,,,,,,,,,,,
26920,2019,10,8,9,30,11.1,28,0,28,4.800000000000001,,,,,,,,,,,,,,,,,,,,,,,,,,,,,,,,,,,,
26921,2019,10,8,9,45,11.4,30,0,30,5.0,,,,,,,,,,,,,,,,,,,,,,,,,,,,,,,,,,,,
26922,2019,10,8,10,0,11.6,32,0,32,5.2,,,,,,,,,,,,,,,,,,,,,,,,,,,,,,,,,,,,
26923,2019,10,8,10,15,11.8,35,0,35,5.300000000000001,,,,,,,,,,,,,,,,,,,,,,,,,,,,,,,,,,,,
26924,2019,10,8,10,30,12.0,37,0,37,5.4,,,,,,,,,,,,,,,,,,,,,,,,,,,,,,,,,,,,
26925,2019,10,8,10,45,12.2,38,0,38,5.6000000000000005,,,,,,,,,,,,,,,,,,,,,,,,,,,,,,,,,,,,
26926,2019,10,8,11,0,12.4,40,0,40,5.7,,,,,,,,,,,,,,,,,,,,,,,,,,,,,,,,,,,,
26927,2019,10,8,11,15,12.6,40,0,40,5.6000000000000005,,,,,,,,,,,,,,,,,,,,,,,,,,,,,,,,,,,,
26928,2019,10,8,11,30,12.8,41,0,41,5.6000000000000005,,,,,,,,,,,,,,,,,,,,,,,,,,,,,,,,,,,,
26929,2019,10,8,11,45,12.9,42,0,42,5.5,,,,,,,,,,,,,,,,,,,,,,,,,,,,,,,,,,,,
26930,2019,10,8,12,0,13.1,42,0,42,5.4,,,,,,,,,,,,,,,,,,,,,,,,,,,,,,,,,,,,
26931,2019,10,8,12,15,13.3,41,0,41,5.4,,,,,,,,,,,,,,,,,,,,,,,,,,,,,,,,,,,,
26932,2019,10,8,12,30,13.5,41,0,41,5.300000000000001,,,,,,,,,,,,,,,,,,,,,,,,,,,,,,,,,,,,
26933,2019,10,8,12,45,13.7,44,0,44,5.300000000000001,,,,,,,,,,,,,,,,,,,,,,,,,,,,,,,,,,,,
26934,2019,10,8,13,0,13.9,39,0,39,5.2,,,,,,,,,,,,,,,,,,,,,,,,,,,,,,,,,,,,
26935,2019,10,8,13,15,14.1,38,0,38,5.1000000000000005,,,,,,,,,,,,,,,,,,,,,,,,,,,,,,,,,,,,
26936,2019,10,8,13,30,14.3,37,0,37,5.1000000000000005,,,,,,,,,,,,,,,,,,,,,,,,,,,,,,,,,,,,
26937,2019,10,8,13,45,14.5,35,0,35,5.0,,,,,,,,,,,,,,,,,,,,,,,,,,,,,,,,,,,,
26938,2019,10,8,14,0,14.8,33,0,33,4.9,,,,,,,,,,,,,,,,,,,,,,,,,,,,,,,,,,,,
26939,2019,10,8,14,15,14.8,31,0,31,4.800000000000001,,,,,,,,,,,,,,,,,,,,,,,,,,,,,,,,,,,,
26940,2019,10,8,14,30,14.9,28,0,28,4.800000000000001,,,,,,,,,,,,,,,,,,,,,,,,,,,,,,,,,,,,
26941,2019,10,8,14,45,15.0,33,0,33,4.7,,,,,,,,,,,,,,,,,,,,,,,,,,,,,,,,,,,,
26942,2019,10,8,15,0,15.1,23,0,23,4.6000000000000005,,,,,,,,,,,,,,,,,,,,,,,,,,,,,,,,,,,,
26943,2019,10,8,15,15,14.9,20,0,20,4.4,,,,,,,,,,,,,,,,,,,,,,,,,,,,,,,,,,,,
26944,2019,10,8,15,30,14.6,18,0,18,4.1000000000000005,,,,,,,,,,,,,,,,,,,,,,,,,,,,,,,,,,,,
26945,2019,10,8,15,45,14.4,15,0,15,3.8,,,,,,,,,,,,,,,,,,,,,,,,,,,,,,,,,,,,
26946,2019,10,8,16,0,14.1,12,0,12,3.6,,,,,,,,,,,,,,,,,,,,,,,,,,,,,,,,,,,,
26947,2019,10,8,16,15,13.6,10,0,10,3.2,,,,,,,,,,,,,,,,,,,,,,,,,,,,,,,,,,,,
26948,2019,10,8,16,30,13.1,8,0,8,2.9000000000000004,,,,,,,,,,,,,,,,,,,,,,,,,,,,,,,,,,,,
26949,2019,10,8,16,45,12.6,6,0,6,2.5,,,,,,,,,,,,,,,,,,,,,,,,,,,,,,,,,,,,
26950,2019,10,8,17,0,12.1,4,0,4,2.2,,,,,,,,,,,,,,,,,,,,,,,,,,,,,,,,,,,,
26951,2019,10,8,17,15,11.8,3,0,3,2.2,,,,,,,,,,,,,,,,,,,,,,,,,,,,,,,,,,,,
26952,2019,10,8,17,30,11.6,0,0,0,2.2,,,,,,,,,,,,,,,,,,,,,,,,,,,,,,,,,,,,
26953,2019,10,8,17,45,11.3,0,0,0,2.3000000000000003,,,,,,,,,,,,,,,,,,,,,,,,,,,,,,,,,,,,
26954,2019,10,8,18,0,11.0,0,0,0,2.3000000000000003,,,,,,,,,,,,,,,,,,,,,,,,,,,,,,,,,,,,
26955,2019,10,8,18,15,10.9,0,0,0,2.3000000000000003,,,,,,,,,,,,,,,,,,,,,,,,,,,,,,,,,,,,
26956,2019,10,8,18,30,10.8,0,0,0,2.4000000000000004,,,,,,,,,,,,,,,,,,,,,,,,,,,,,,,,,,,,
26957,2019,10,8,18,45,10.8,0,0,0,2.5,,,,,,,,,,,,,,,,,,,,,,,,,,,,,,,,,,,,
26958,2019,10,8,19,0,10.7,0,0,0,2.5,,,,,,,,,,,,,,,,,,,,,,,,,,,,,,,,,,,,
26959,2019,10,8,19,15,10.7,0,0,0,2.7,,,,,,,,,,,,,,,,,,,,,,,,,,,,,,,,,,,,
26960,2019,10,8,19,30,10.8,0,0,0,2.8000000000000003,,,,,,,,,,,,,,,,,,,,,,,,,,,,,,,,,,,,
26961,2019,10,8,19,45,10.8,0,0,0,2.9000000000000004,,,,,,,,,,,,,,,,,,,,,,,,,,,,,,,,,,,,
26962,2019,10,8,20,0,10.8,0,0,0,3.0,,,,,,,,,,,,,,,,,,,,,,,,,,,,,,,,,,,,
26963,2019,10,8,20,15,10.8,0,0,0,3.1,,,,,,,,,,,,,,,,,,,,,,,,,,,,,,,,,,,,
26964,2019,10,8,20,30,10.7,0,0,0,3.1,,,,,,,,,,,,,,,,,,,,,,,,,,,,,,,,,,,,
26965,2019,10,8,20,45,10.7,0,0,0,3.2,,,,,,,,,,,,,,,,,,,,,,,,,,,,,,,,,,,,
26966,2019,10,8,21,0,10.7,0,0,0,3.2,,,,,,,,,,,,,,,,,,,,,,,,,,,,,,,,,,,,
26967,2019,10,8,21,15,10.6,0,0,0,3.2,,,,,,,,,,,,,,,,,,,,,,,,,,,,,,,,,,,,
26968,2019,10,8,21,30,10.6,0,0,0,3.1,,,,,,,,,,,,,,,,,,,,,,,,,,,,,,,,,,,,
26969,2019,10,8,21,45,10.5,0,0,0,3.1,,,,,,,,,,,,,,,,,,,,,,,,,,,,,,,,,,,,
26970,2019,10,8,22,0,10.5,0,0,0,3.1,,,,,,,,,,,,,,,,,,,,,,,,,,,,,,,,,,,,
26971,2019,10,8,22,15,10.3,0,0,0,3.0,,,,,,,,,,,,,,,,,,,,,,,,,,,,,,,,,,,,
26972,2019,10,8,22,30,10.2,0,0,0,2.9000000000000004,,,,,,,,,,,,,,,,,,,,,,,,,,,,,,,,,,,,
26973,2019,10,8,22,45,10.0,0,0,0,2.8000000000000003,,,,,,,,,,,,,,,,,,,,,,,,,,,,,,,,,,,,
26974,2019,10,8,23,0,9.9,0,0,0,2.7,,,,,,,,,,,,,,,,,,,,,,,,,,,,,,,,,,,,
26975,2019,10,8,23,15,9.7,0,0,0,2.6,,,,,,,,,,,,,,,,,,,,,,,,,,,,,,,,,,,,
26976,2019,10,8,23,30,9.6,0,0,0,2.6,,,,,,,,,,,,,,,,,,,,,,,,,,,,,,,,,,,,
26977,2019,10,8,23,45,9.5,0,0,0,2.6,,,,,,,,,,,,,,,,,,,,,,,,,,,,,,,,,,,,
26978,2019,10,9,0,0,9.3,0,0,0,2.6,,,,,,,,,,,,,,,,,,,,,,,,,,,,,,,,,,,,
26979,2019,10,9,0,15,9.3,0,0,0,2.6,,,,,,,,,,,,,,,,,,,,,,,,,,,,,,,,,,,,
26980,2019,10,9,0,30,9.3,0,0,0,2.6,,,,,,,,,,,,,,,,,,,,,,,,,,,,,,,,,,,,
26981,2019,10,9,0,45,9.3,0,0,0,2.6,,,,,,,,,,,,,,,,,,,,,,,,,,,,,,,,,,,,
26982,2019,10,9,1,0,9.1,0,0,0,2.6,,,,,,,,,,,,,,,,,,,,,,,,,,,,,,,,,,,,
26983,2019,10,9,1,15,9.0,0,0,0,2.7,,,,,,,,,,,,,,,,,,,,,,,,,,,,,,,,,,,,
26984,2019,10,9,1,30,9.0,0,0,0,2.7,,,,,,,,,,,,,,,,,,,,,,,,,,,,,,,,,,,,
26985,2019,10,9,1,45,8.9,0,0,0,2.8000000000000003,,,,,,,,,,,,,,,,,,,,,,,,,,,,,,,,,,,,
26986,2019,10,9,2,0,8.9,0,0,0,2.8000000000000003,,,,,,,,,,,,,,,,,,,,,,,,,,,,,,,,,,,,
26987,2019,10,9,2,15,8.9,0,0,0,2.9000000000000004,,,,,,,,,,,,,,,,,,,,,,,,,,,,,,,,,,,,
26988,2019,10,9,2,30,8.9,0,0,0,3.0,,,,,,,,,,,,,,,,,,,,,,,,,,,,,,,,,,,,
26989,2019,10,9,2,45,8.8,0,0,0,3.0,,,,,,,,,,,,,,,,,,,,,,,,,,,,,,,,,,,,
26990,2019,10,9,3,0,8.8,0,0,0,3.1,,,,,,,,,,,,,,,,,,,,,,,,,,,,,,,,,,,,
26991,2019,10,9,3,15,8.8,0,0,0,3.2,,,,,,,,,,,,,,,,,,,,,,,,,,,,,,,,,,,,
26992,2019,10,9,3,30,8.8,0,0,0,3.3000000000000003,,,,,,,,,,,,,,,,,,,,,,,,,,,,,,,,,,,,
26993,2019,10,9,3,45,8.8,0,0,0,3.4000000000000004,,,,,,,,,,,,,,,,,,,,,,,,,,,,,,,,,,,,
26994,2019,10,9,4,0,8.8,0,0,0,3.4000000000000004,,,,,,,,,,,,,,,,,,,,,,,,,,,,,,,,,,,,
26995,2019,10,9,4,15,8.8,0,0,0,3.4000000000000004,,,,,,,,,,,,,,,,,,,,,,,,,,,,,,,,,,,,
26996,2019,10,9,4,30,8.8,0,0,0,3.4000000000000004,,,,,,,,,,,,,,,,,,,,,,,,,,,,,,,,,,,,
26997,2019,10,9,4,45,8.8,0,0,0,3.5,,,,,,,,,,,,,,,,,,,,,,,,,,,,,,,,,,,,
26998,2019,10,9,5,0,8.700000000000001,0,0,0,3.5,,,,,,,,,,,,,,,,,,,,,,,,,,,,,,,,,,,,
26999,2019,10,9,5,15,8.700000000000001,0,0,0,3.5,,,,,,,,,,,,,,,,,,,,,,,,,,,,,,,,,,,,
27000,2019,10,9,5,30,8.700000000000001,0,0,0,3.5,,,,,,,,,,,,,,,,,,,,,,,,,,,,,,,,,,,,
27001,2019,10,9,5,45,8.700000000000001,0,0,0,3.5,,,,,,,,,,,,,,,,,,,,,,,,,,,,,,,,,,,,
27002,2019,10,9,6,0,8.700000000000001,0,0,0,3.5,,,,,,,,,,,,,,,,,,,,,,,,,,,,,,,,,,,,
27003,2019,10,9,6,15,8.9,0,0,0,3.5,,,,,,,,,,,,,,,,,,,,,,,,,,,,,,,,,,,,
27004,2019,10,9,6,30,9.1,0,0,0,3.6,,,,,,,,,,,,,,,,,,,,,,,,,,,,,,,,,,,,
27005,2019,10,9,6,45,9.3,10,0,10,3.7,,,,,,,,,,,,,,,,,,,,,,,,,,,,,,,,,,,,
27006,2019,10,9,7,0,9.5,23,0,23,3.7,,,,,,,,,,,,,,,,,,,,,,,,,,,,,,,,,,,,
27007,2019,10,9,7,15,9.8,42,260,71,3.8,,,,,,,,,,,,,,,,,,,,,,,,,,,,,,,,,,,,
27008,2019,10,9,7,30,10.2,53,342,104,3.8,,,,,,,,,,,,,,,,,,,,,,,,,,,,,,,,,,,,
27009,2019,10,9,7,45,10.5,62,412,138,3.9,,,,,,,,,,,,,,,,,,,,,,,,,,,,,,,,,,,,
27010,2019,10,9,8,0,10.9,69,470,173,4.0,,,,,,,,,,,,,,,,,,,,,,,,,,,,,,,,,,,,
27011,2019,10,9,8,15,11.3,76,519,208,4.1000000000000005,,,,,,,,,,,,,,,,,,,,,,,,,,,,,,,,,,,,
27012,2019,10,9,8,30,11.7,82,560,243,4.3,,,,,,,,,,,,,,,,,,,,,,,,,,,,,,,,,,,,
27013,2019,10,9,8,45,12.1,84,606,278,4.5,,,,,,,,,,,,,,,,,,,,,,,,,,,,,,,,,,,,
27014,2019,10,9,9,0,12.5,140,171,200,4.7,,,,,,,,,,,,,,,,,,,,,,,,,,,,,,,,,,,,
27015,2019,10,9,9,15,12.8,153,186,223,4.7,,,,,,,,,,,,,,,,,,,,,,,,,,,,,,,,,,,,
27016,2019,10,9,9,30,13.1,157,272,266,4.800000000000001,,,,,,,,,,,,,,,,,,,,,,,,,,,,,,,,,,,,
27017,2019,10,9,9,45,13.4,176,213,266,4.9,,,,,,,,,,,,,,,,,,,,,,,,,,,,,,,,,,,,
27018,2019,10,9,10,0,13.7,167,350,324,5.0,,,,,,,,,,,,,,,,,,,,,,,,,,,,,,,,,,,,
27019,2019,10,9,10,15,14.0,178,342,338,5.0,,,,,,,,,,,,,,,,,,,,,,,,,,,,,,,,,,,,
27020,2019,10,9,10,30,14.2,204,233,316,5.0,,,,,,,,,,,,,,,,,,,,,,,,,,,,,,,,,,,,
27021,2019,10,9,10,45,14.4,205,282,345,5.0,,,,,,,,,,,,,,,,,,,,,,,,,,,,,,,,,,,,
27022,2019,10,9,11,0,14.7,203,327,369,5.1000000000000005,,,,,,,,,,,,,,,,,,,,,,,,,,,,,,,,,,,,
27023,2019,10,9,11,15,14.8,229,138,301,5.1000000000000005,,,,,,,,,,,,,,,,,,,,,,,,,,,,,,,,,,,,
27024,2019,10,9,11,30,14.9,232,178,325,5.1000000000000005,,,,,,,,,,,,,,,,,,,,,,,,,,,,,,,,,,,,
27025,2019,10,9,11,45,15.0,230,88,276,5.1000000000000005,,,,,,,,,,,,,,,,,,,,,,,,,,,,,,,,,,,,
27026,2019,10,9,12,0,15.1,200,25,213,5.1000000000000005,,,,,,,,,,,,,,,,,,,,,,,,,,,,,,,,,,,,
27027,2019,10,9,12,15,15.2,181,11,187,5.1000000000000005,,,,,,,,,,,,,,,,,,,,,,,,,,,,,,,,,,,,
27028,2019,10,9,12,30,15.2,176,8,180,5.1000000000000005,,,,,,,,,,,,,,,,,,,,,,,,,,,,,,,,,,,,
27029,2019,10,9,12,45,15.3,106,0,106,5.1000000000000005,,,,,,,,,,,,,,,,,,,,,,,,,,,,,,,,,,,,
27030,2019,10,9,13,0,15.3,127,0,127,5.1000000000000005,,,,,,,,,,,,,,,,,,,,,,,,,,,,,,,,,,,,
27031,2019,10,9,13,15,15.2,95,0,95,5.0,,,,,,,,,,,,,,,,,,,,,,,,,,,,,,,,,,,,
27032,2019,10,9,13,30,15.1,180,22,190,4.9,,,,,,,,,,,,,,,,,,,,,,,,,,,,,,,,,,,,
27033,2019,10,9,13,45,15.1,172,21,182,4.800000000000001,,,,,,,,,,,,,,,,,,,,,,,,,,,,,,,,,,,,
27034,2019,10,9,14,0,15.0,109,0,109,4.7,,,,,,,,,,,,,,,,,,,,,,,,,,,,,,,,,,,,
27035,2019,10,9,14,15,14.9,49,0,49,4.6000000000000005,,,,,,,,,,,,,,,,,,,,,,,,,,,,,,,,,,,,
27036,2019,10,9,14,30,14.8,24,0,24,4.4,,,,,,,,,,,,,,,,,,,,,,,,,,,,,,,,,,,,
27037,2019,10,9,14,45,14.7,19,0,19,4.3,,,,,,,,,,,,,,,,,,,,,,,,,,,,,,,,,,,,
27038,2019,10,9,15,0,14.6,14,0,14,4.2,,,,,,,,,,,,,,,,,,,,,,,,,,,,,,,,,,,,
27039,2019,10,9,15,15,14.4,12,0,12,4.1000000000000005,,,,,,,,,,,,,,,,,,,,,,,,,,,,,,,,,,,,
27040,2019,10,9,15,30,14.2,12,0,12,4.0,,,,,,,,,,,,,,,,,,,,,,,,,,,,,,,,,,,,
27041,2019,10,9,15,45,13.9,9,0,9,3.8,,,,,,,,,,,,,,,,,,,,,,,,,,,,,,,,,,,,
27042,2019,10,9,16,0,13.7,8,0,8,3.7,,,,,,,,,,,,,,,,,,,,,,,,,,,,,,,,,,,,
27043,2019,10,9,16,15,13.3,70,64,82,3.6,,,,,,,,,,,,,,,,,,,,,,,,,,,,,,,,,,,,
27044,2019,10,9,16,30,12.9,6,0,6,3.5,,,,,,,,,,,,,,,,,,,,,,,,,,,,,,,,,,,,
27045,2019,10,9,16,45,12.5,39,19,41,3.4000000000000004,,,,,,,,,,,,,,,,,,,,,,,,,,,,,,,,,,,,
27046,2019,10,9,17,0,12.0,25,0,25,3.2,,,,,,,,,,,,,,,,,,,,,,,,,,,,,,,,,,,,
27047,2019,10,9,17,15,11.8,11,0,11,3.3000000000000003,,,,,,,,,,,,,,,,,,,,,,,,,,,,,,,,,,,,
27048,2019,10,9,17,30,11.6,0,0,0,3.4000000000000004,,,,,,,,,,,,,,,,,,,,,,,,,,,,,,,,,,,,
27049,2019,10,9,17,45,11.4,0,0,0,3.4000000000000004,,,,,,,,,,,,,,,,,,,,,,,,,,,,,,,,,,,,
27050,2019,10,9,18,0,11.2,0,0,0,3.5,,,,,,,,,,,,,,,,,,,,,,,,,,,,,,,,,,,,
27051,2019,10,9,18,15,11.1,0,0,0,3.5,,,,,,,,,,,,,,,,,,,,,,,,,,,,,,,,,,,,
27052,2019,10,9,18,30,11.0,0,0,0,3.5,,,,,,,,,,,,,,,,,,,,,,,,,,,,,,,,,,,,
27053,2019,10,9,18,45,10.8,0,0,0,3.6,,,,,,,,,,,,,,,,,,,,,,,,,,,,,,,,,,,,
27054,2019,10,9,19,0,10.7,0,0,0,3.6,,,,,,,,,,,,,,,,,,,,,,,,,,,,,,,,,,,,
27055,2019,10,9,19,15,10.6,0,0,0,3.6,,,,,,,,,,,,,,,,,,,,,,,,,,,,,,,,,,,,
27056,2019,10,9,19,30,10.4,0,0,0,3.7,,,,,,,,,,,,,,,,,,,,,,,,,,,,,,,,,,,,
27057,2019,10,9,19,45,10.3,0,0,0,3.7,,,,,,,,,,,,,,,,,,,,,,,,,,,,,,,,,,,,
27058,2019,10,9,20,0,10.2,0,0,0,3.7,,,,,,,,,,,,,,,,,,,,,,,,,,,,,,,,,,,,
27059,2019,10,9,20,15,10.1,0,0,0,3.8,,,,,,,,,,,,,,,,,,,,,,,,,,,,,,,,,,,,
27060,2019,10,9,20,30,10.0,0,0,0,3.8,,,,,,,,,,,,,,,,,,,,,,,,,,,,,,,,,,,,
27061,2019,10,9,20,45,9.9,0,0,0,3.9,,,,,,,,,,,,,,,,,,,,,,,,,,,,,,,,,,,,
27062,2019,10,9,21,0,9.7,0,0,0,3.9,,,,,,,,,,,,,,,,,,,,,,,,,,,,,,,,,,,,
27063,2019,10,9,21,15,9.7,0,0,0,3.9,,,,,,,,,,,,,,,,,,,,,,,,,,,,,,,,,,,,
27064,2019,10,9,21,30,9.6,0,0,0,4.0,,,,,,,,,,,,,,,,,,,,,,,,,,,,,,,,,,,,
27065,2019,10,9,21,45,9.6,0,0,0,4.0,,,,,,,,,,,,,,,,,,,,,,,,,,,,,,,,,,,,
27066,2019,10,9,22,0,9.5,0,0,0,4.0,,,,,,,,,,,,,,,,,,,,,,,,,,,,,,,,,,,,
27067,2019,10,9,22,15,9.5,0,0,0,4.0,,,,,,,,,,,,,,,,,,,,,,,,,,,,,,,,,,,,
27068,2019,10,9,22,30,9.5,0,0,0,4.1000000000000005,,,,,,,,,,,,,,,,,,,,,,,,,,,,,,,,,,,,
27069,2019,10,9,22,45,9.5,0,0,0,4.1000000000000005,,,,,,,,,,,,,,,,,,,,,,,,,,,,,,,,,,,,
27070,2019,10,9,23,0,9.5,0,0,0,4.2,,,,,,,,,,,,,,,,,,,,,,,,,,,,,,,,,,,,
27071,2019,10,9,23,15,9.5,0,0,0,4.1000000000000005,,,,,,,,,,,,,,,,,,,,,,,,,,,,,,,,,,,,
27072,2019,10,9,23,30,9.5,0,0,0,4.1000000000000005,,,,,,,,,,,,,,,,,,,,,,,,,,,,,,,,,,,,
27073,2019,10,9,23,45,9.4,0,0,0,4.0,,,,,,,,,,,,,,,,,,,,,,,,,,,,,,,,,,,,
27074,2019,10,10,0,0,9.4,0,0,0,4.0,,,,,,,,,,,,,,,,,,,,,,,,,,,,,,,,,,,,
27075,2019,10,10,0,15,9.4,0,0,0,4.0,,,,,,,,,,,,,,,,,,,,,,,,,,,,,,,,,,,,
27076,2019,10,10,0,30,9.4,0,0,0,4.0,,,,,,,,,,,,,,,,,,,,,,,,,,,,,,,,,,,,
27077,2019,10,10,0,45,9.4,0,0,0,4.0,,,,,,,,,,,,,,,,,,,,,,,,,,,,,,,,,,,,
27078,2019,10,10,1,0,9.3,0,0,0,3.8,,,,,,,,,,,,,,,,,,,,,,,,,,,,,,,,,,,,
27079,2019,10,10,1,15,9.3,0,0,0,3.8,,,,,,,,,,,,,,,,,,,,,,,,,,,,,,,,,,,,
27080,2019,10,10,1,30,9.3,0,0,0,3.8,,,,,,,,,,,,,,,,,,,,,,,,,,,,,,,,,,,,
27081,2019,10,10,1,45,9.2,0,0,0,3.7,,,,,,,,,,,,,,,,,,,,,,,,,,,,,,,,,,,,
27082,2019,10,10,2,0,9.2,0,0,0,3.7,,,,,,,,,,,,,,,,,,,,,,,,,,,,,,,,,,,,
27083,2019,10,10,2,15,9.2,0,0,0,3.7,,,,,,,,,,,,,,,,,,,,,,,,,,,,,,,,,,,,
27084,2019,10,10,2,30,9.1,0,0,0,3.6,,,,,,,,,,,,,,,,,,,,,,,,,,,,,,,,,,,,
27085,2019,10,10,2,45,9.0,0,0,0,3.6,,,,,,,,,,,,,,,,,,,,,,,,,,,,,,,,,,,,
27086,2019,10,10,3,0,9.0,0,0,0,3.5,,,,,,,,,,,,,,,,,,,,,,,,,,,,,,,,,,,,
27087,2019,10,10,3,15,8.8,0,0,0,3.4000000000000004,,,,,,,,,,,,,,,,,,,,,,,,,,,,,,,,,,,,
27088,2019,10,10,3,30,8.700000000000001,0,0,0,3.4000000000000004,,,,,,,,,,,,,,,,,,,,,,,,,,,,,,,,,,,,
27089,2019,10,10,3,45,8.6,0,0,0,3.3000000000000003,,,,,,,,,,,,,,,,,,,,,,,,,,,,,,,,,,,,
27090,2019,10,10,4,0,8.4,0,0,0,3.2,,,,,,,,,,,,,,,,,,,,,,,,,,,,,,,,,,,,
27091,2019,10,10,4,15,8.3,0,0,0,3.3000000000000003,,,,,,,,,,,,,,,,,,,,,,,,,,,,,,,,,,,,
27092,2019,10,10,4,30,8.200000000000001,0,0,0,3.3000000000000003,,,,,,,,,,,,,,,,,,,,,,,,,,,,,,,,,,,,
27093,2019,10,10,4,45,8.1,0,0,0,3.3000000000000003,,,,,,,,,,,,,,,,,,,,,,,,,,,,,,,,,,,,
27094,2019,10,10,5,0,8.0,0,0,0,3.4000000000000004,,,,,,,,,,,,,,,,,,,,,,,,,,,,,,,,,,,,
27095,2019,10,10,5,15,8.0,0,0,0,3.4000000000000004,,,,,,,,,,,,,,,,,,,,,,,,,,,,,,,,,,,,
27096,2019,10,10,5,30,8.0,0,0,0,3.5,,,,,,,,,,,,,,,,,,,,,,,,,,,,,,,,,,,,
27097,2019,10,10,5,45,8.0,0,0,0,3.5,,,,,,,,,,,,,,,,,,,,,,,,,,,,,,,,,,,,
27098,2019,10,10,6,0,8.0,0,0,0,3.5,,,,,,,,,,,,,,,,,,,,,,,,,,,,,,,,,,,,
27099,2019,10,10,6,15,8.0,0,0,0,3.5,,,,,,,,,,,,,,,,,,,,,,,,,,,,,,,,,,,,
27100,2019,10,10,6,30,8.1,0,0,0,3.5,,,,,,,,,,,,,,,,,,,,,,,,,,,,,,,,,,,,
27101,2019,10,10,6,45,8.200000000000001,3,0,3,3.5,,,,,,,,,,,,,,,,,,,,,,,,,,,,,,,,,,,,
27102,2019,10,10,7,0,8.200000000000001,4,0,4,3.5,,,,,,,,,,,,,,,,,,,,,,,,,,,,,,,,,,,,
27103,2019,10,10,7,15,8.5,5,0,5,3.6,,,,,,,,,,,,,,,,,,,,,,,,,,,,,,,,,,,,
27104,2019,10,10,7,30,8.8,6,0,6,3.7,,,,,,,,,,,,,,,,,,,,,,,,,,,,,,,,,,,,
27105,2019,10,10,7,45,9.1,65,49,74,3.8,,,,,,,,,,,,,,,,,,,,,,,,,,,,,,,,,,,,
27106,2019,10,10,8,0,9.3,81,70,96,3.9,,,,,,,,,,,,,,,,,,,,,,,,,,,,,,,,,,,,
27107,2019,10,10,8,15,9.7,96,91,119,4.1000000000000005,,,,,,,,,,,,,,,,,,,,,,,,,,,,,,,,,,,,
27108,2019,10,10,8,30,10.1,81,549,237,4.3,,,,,,,,,,,,,,,,,,,,,,,,,,,,,,,,,,,,
27109,2019,10,10,8,45,10.5,82,606,272,4.4,,,,,,,,,,,,,,,,,,,,,,,,,,,,,,,,,,,,
27110,2019,10,10,9,0,10.9,86,636,305,4.6000000000000005,,,,,,,,,,,,,,,,,,,,,,,,,,,,,,,,,,,,
27111,2019,10,10,9,15,11.2,89,662,335,4.7,,,,,,,,,,,,,,,,,,,,,,,,,,,,,,,,,,,,
27112,2019,10,10,9,30,11.6,93,684,364,4.9,,,,,,,,,,,,,,,,,,,,,,,,,,,,,,,,,,,,
27113,2019,10,10,9,45,11.9,90,726,395,5.0,,,,,,,,,,,,,,,,,,,,,,,,,,,,,,,,,,,,
27114,2019,10,10,10,0,12.3,92,741,419,5.2,,,,,,,,,,,,,,,,,,,,,,,,,,,,,,,,,,,,
27115,2019,10,10,10,15,12.5,195,200,288,5.2,,,,,,,,,,,,,,,,,,,,,,,,,,,,,,,,,,,,
27116,2019,10,10,10,30,12.8,96,765,461,5.300000000000001,,,,,,,,,,,,,,,,,,,,,,,,,,,,,,,,,,,,
27117,2019,10,10,10,45,13.0,212,207,313,5.300000000000001,,,,,,,,,,,,,,,,,,,,,,,,,,,,,,,,,,,,
27118,2019,10,10,11,0,13.3,219,105,272,5.4,,,,,,,,,,,,,,,,,,,,,,,,,,,,,,,,,,,,
27119,2019,10,10,11,15,13.4,219,245,344,5.4,,,,,,,,,,,,,,,,,,,,,,,,,,,,,,,,,,,,
27120,2019,10,10,11,30,13.6,94,808,513,5.5,,,,,,,,,,,,,,,,,,,,,,,,,,,,,,,,,,,,
27121,2019,10,10,11,45,13.8,227,222,344,5.5,,,,,,,,,,,,,,,,,,,,,,,,,,,,,,,,,,,,
27122,2019,10,10,12,0,14.0,202,376,399,5.5,,,,,,,,,,,,,,,,,,,,,,,,,,,,,,,,,,,,
27123,2019,10,10,12,15,14.1,227,86,272,5.5,,,,,,,,,,,,,,,,,,,,,,,,,,,,,,,,,,,,
27124,2019,10,10,12,30,14.2,213,49,238,5.6000000000000005,,,,,,,,,,,,,,,,,,,,,,,,,,,,,,,,,,,,
27125,2019,10,10,12,45,14.3,83,0,83,5.6000000000000005,,,,,,,,,,,,,,,,,,,,,,,,,,,,,,,,,,,,
27126,2019,10,10,13,0,14.4,162,4,164,5.6000000000000005,,,,,,,,,,,,,,,,,,,,,,,,,,,,,,,,,,,,
27127,2019,10,10,13,15,14.4,213,96,260,5.6000000000000005,,,,,,,,,,,,,,,,,,,,,,,,,,,,,,,,,,,,
27128,2019,10,10,13,30,14.4,179,24,191,5.6000000000000005,,,,,,,,,,,,,,,,,,,,,,,,,,,,,,,,,,,,
27129,2019,10,10,13,45,14.4,145,0,145,5.6000000000000005,,,,,,,,,,,,,,,,,,,,,,,,,,,,,,,,,,,,
27130,2019,10,10,14,0,14.4,33,0,33,5.6000000000000005,,,,,,,,,,,,,,,,,,,,,,,,,,,,,,,,,,,,
27131,2019,10,10,14,15,14.3,80,0,80,5.5,,,,,,,,,,,,,,,,,,,,,,,,,,,,,,,,,,,,
27132,2019,10,10,14,30,14.2,162,68,189,5.5,,,,,,,,,,,,,,,,,,,,,,,,,,,,,,,,,,,,
27133,2019,10,10,14,45,14.1,136,17,142,5.4,,,,,,,,,,,,,,,,,,,,,,,,,,,,,,,,,,,,
27134,2019,10,10,15,0,14.0,22,0,22,5.300000000000001,,,,,,,,,,,,,,,,,,,,,,,,,,,,,,,,,,,,
27135,2019,10,10,15,15,13.8,90,0,90,5.1000000000000005,,,,,,,,,,,,,,,,,,,,,,,,,,,,,,,,,,,,
27136,2019,10,10,15,30,13.6,77,0,77,4.9,,,,,,,,,,,,,,,,,,,,,,,,,,,,,,,,,,,,
27137,2019,10,10,15,45,13.4,66,562,208,4.6000000000000005,,,,,,,,,,,,,,,,,,,,,,,,,,,,,,,,,,,,
27138,2019,10,10,16,0,13.2,52,0,52,4.4,,,,,,,,,,,,,,,,,,,,,,,,,,,,,,,,,,,,
27139,2019,10,10,16,15,12.7,41,0,41,4.1000000000000005,,,,,,,,,,,,,,,,,,,,,,,,,,,,,,,,,,,,
27140,2019,10,10,16,30,12.2,30,0,30,3.8,,,,,,,,,,,,,,,,,,,,,,,,,,,,,,,,,,,,
27141,2019,10,10,16,45,11.8,21,0,21,3.5,,,,,,,,,,,,,,,,,,,,,,,,,,,,,,,,,,,,
27142,2019,10,10,17,0,11.3,13,0,13,3.2,,,,,,,,,,,,,,,,,,,,,,,,,,,,,,,,,,,,
27143,2019,10,10,17,15,11.0,16,108,20,3.2,,,,,,,,,,,,,,,,,,,,,,,,,,,,,,,,,,,,
27144,2019,10,10,17,30,10.8,0,0,0,3.2,,,,,,,,,,,,,,,,,,,,,,,,,,,,,,,,,,,,
27145,2019,10,10,17,45,10.5,0,0,0,3.2,,,,,,,,,,,,,,,,,,,,,,,,,,,,,,,,,,,,
27146,2019,10,10,18,0,10.2,0,0,0,3.2,,,,,,,,,,,,,,,,,,,,,,,,,,,,,,,,,,,,
27147,2019,10,10,18,15,10.0,0,0,0,3.2,,,,,,,,,,,,,,,,,,,,,,,,,,,,,,,,,,,,
27148,2019,10,10,18,30,9.8,0,0,0,3.2,,,,,,,,,,,,,,,,,,,,,,,,,,,,,,,,,,,,
27149,2019,10,10,18,45,9.7,0,0,0,3.2,,,,,,,,,,,,,,,,,,,,,,,,,,,,,,,,,,,,
27150,2019,10,10,19,0,9.5,0,0,0,3.1,,,,,,,,,,,,,,,,,,,,,,,,,,,,,,,,,,,,
27151,2019,10,10,19,15,9.4,0,0,0,3.2,,,,,,,,,,,,,,,,,,,,,,,,,,,,,,,,,,,,
27152,2019,10,10,19,30,9.2,0,0,0,3.2,,,,,,,,,,,,,,,,,,,,,,,,,,,,,,,,,,,,
27153,2019,10,10,19,45,9.1,0,0,0,3.2,,,,,,,,,,,,,,,,,,,,,,,,,,,,,,,,,,,,
27154,2019,10,10,20,0,9.0,0,0,0,3.2,,,,,,,,,,,,,,,,,,,,,,,,,,,,,,,,,,,,
27155,2019,10,10,20,15,8.9,0,0,0,3.2,,,,,,,,,,,,,,,,,,,,,,,,,,,,,,,,,,,,
27156,2019,10,10,20,30,8.8,0,0,0,3.3000000000000003,,,,,,,,,,,,,,,,,,,,,,,,,,,,,,,,,,,,
27157,2019,10,10,20,45,8.700000000000001,0,0,0,3.3000000000000003,,,,,,,,,,,,,,,,,,,,,,,,,,,,,,,,,,,,
27158,2019,10,10,21,0,8.6,0,0,0,3.4000000000000004,,,,,,,,,,,,,,,,,,,,,,,,,,,,,,,,,,,,
27159,2019,10,10,21,15,8.5,0,0,0,3.3000000000000003,,,,,,,,,,,,,,,,,,,,,,,,,,,,,,,,,,,,
27160,2019,10,10,21,30,8.4,0,0,0,3.3000000000000003,,,,,,,,,,,,,,,,,,,,,,,,,,,,,,,,,,,,
27161,2019,10,10,21,45,8.3,0,0,0,3.3000000000000003,,,,,,,,,,,,,,,,,,,,,,,,,,,,,,,,,,,,
27162,2019,10,10,22,0,8.200000000000001,0,0,0,3.2,,,,,,,,,,,,,,,,,,,,,,,,,,,,,,,,,,,,
27163,2019,10,10,22,15,8.1,0,0,0,3.2,,,,,,,,,,,,,,,,,,,,,,,,,,,,,,,,,,,,
27164,2019,10,10,22,30,8.1,0,0,0,3.2,,,,,,,,,,,,,,,,,,,,,,,,,,,,,,,,,,,,
27165,2019,10,10,22,45,8.0,0,0,0,3.3000000000000003,,,,,,,,,,,,,,,,,,,,,,,,,,,,,,,,,,,,
27166,2019,10,10,23,0,8.0,0,0,0,3.3000000000000003,,,,,,,,,,,,,,,,,,,,,,,,,,,,,,,,,,,,
27167,2019,10,10,23,15,8.0,0,0,0,3.3000000000000003,,,,,,,,,,,,,,,,,,,,,,,,,,,,,,,,,,,,
27168,2019,10,10,23,30,8.0,0,0,0,3.3000000000000003,,,,,,,,,,,,,,,,,,,,,,,,,,,,,,,,,,,,
27169,2019,10,10,23,45,7.9,0,0,0,3.3000000000000003,,,,,,,,,,,,,,,,,,,,,,,,,,,,,,,,,,,,
27170,2019,10,11,0,0,7.9,0,0,0,3.4000000000000004,,,,,,,,,,,,,,,,,,,,,,,,,,,,,,,,,,,,
27171,2019,10,11,0,15,7.9,0,0,0,3.4000000000000004,,,,,,,,,,,,,,,,,,,,,,,,,,,,,,,,,,,,
27172,2019,10,11,0,30,7.9,0,0,0,3.4000000000000004,,,,,,,,,,,,,,,,,,,,,,,,,,,,,,,,,,,,
27173,2019,10,11,0,45,7.9,0,0,0,3.4000000000000004,,,,,,,,,,,,,,,,,,,,,,,,,,,,,,,,,,,,
27174,2019,10,11,1,0,8.200000000000001,0,0,0,3.6,,,,,,,,,,,,,,,,,,,,,,,,,,,,,,,,,,,,
27175,2019,10,11,1,15,8.3,0,0,0,3.7,,,,,,,,,,,,,,,,,,,,,,,,,,,,,,,,,,,,
27176,2019,10,11,1,30,8.4,0,0,0,3.7,,,,,,,,,,,,,,,,,,,,,,,,,,,,,,,,,,,,
27177,2019,10,11,1,45,8.4,0,0,0,3.8,,,,,,,,,,,,,,,,,,,,,,,,,,,,,,,,,,,,
27178,2019,10,11,2,0,8.5,0,0,0,3.8,,,,,,,,,,,,,,,,,,,,,,,,,,,,,,,,,,,,
27179,2019,10,11,2,15,8.5,0,0,0,3.9,,,,,,,,,,,,,,,,,,,,,,,,,,,,,,,,,,,,
27180,2019,10,11,2,30,8.6,0,0,0,3.9,,,,,,,,,,,,,,,,,,,,,,,,,,,,,,,,,,,,
27181,2019,10,11,2,45,8.6,0,0,0,3.9,,,,,,,,,,,,,,,,,,,,,,,,,,,,,,,,,,,,
27182,2019,10,11,3,0,8.6,0,0,0,4.0,,,,,,,,,,,,,,,,,,,,,,,,,,,,,,,,,,,,
27183,2019,10,11,3,15,8.6,0,0,0,4.0,,,,,,,,,,,,,,,,,,,,,,,,,,,,,,,,,,,,
27184,2019,10,11,3,30,8.6,0,0,0,4.1000000000000005,,,,,,,,,,,,,,,,,,,,,,,,,,,,,,,,,,,,
27185,2019,10,11,3,45,8.6,0,0,0,4.1000000000000005,,,,,,,,,,,,,,,,,,,,,,,,,,,,,,,,,,,,
27186,2019,10,11,4,0,8.6,0,0,0,4.2,,,,,,,,,,,,,,,,,,,,,,,,,,,,,,,,,,,,
27187,2019,10,11,4,15,8.6,0,0,0,4.2,,,,,,,,,,,,,,,,,,,,,,,,,,,,,,,,,,,,
27188,2019,10,11,4,30,8.6,0,0,0,4.2,,,,,,,,,,,,,,,,,,,,,,,,,,,,,,,,,,,,
27189,2019,10,11,4,45,8.6,0,0,0,4.3,,,,,,,,,,,,,,,,,,,,,,,,,,,,,,,,,,,,
27190,2019,10,11,5,0,8.6,0,0,0,4.3,,,,,,,,,,,,,,,,,,,,,,,,,,,,,,,,,,,,
27191,2019,10,11,5,15,8.700000000000001,0,0,0,4.3,,,,,,,,,,,,,,,,,,,,,,,,,,,,,,,,,,,,
27192,2019,10,11,5,30,8.700000000000001,0,0,0,4.4,,,,,,,,,,,,,,,,,,,,,,,,,,,,,,,,,,,,
27193,2019,10,11,5,45,8.700000000000001,0,0,0,4.4,,,,,,,,,,,,,,,,,,,,,,,,,,,,,,,,,,,,
27194,2019,10,11,6,0,8.700000000000001,0,0,0,4.5,,,,,,,,,,,,,,,,,,,,,,,,,,,,,,,,,,,,
27195,2019,10,11,6,15,8.8,0,0,0,4.5,,,,,,,,,,,,,,,,,,,,,,,,,,,,,,,,,,,,
27196,2019,10,11,6,30,8.9,0,0,0,4.6000000000000005,,,,,,,,,,,,,,,,,,,,,,,,,,,,,,,,,,,,
27197,2019,10,11,6,45,9.0,2,0,2,4.7,,,,,,,,,,,,,,,,,,,,,,,,,,,,,,,,,,,,
27198,2019,10,11,7,0,9.0,4,0,4,4.7,,,,,,,,,,,,,,,,,,,,,,,,,,,,,,,,,,,,
27199,2019,10,11,7,15,9.2,5,0,5,4.800000000000001,,,,,,,,,,,,,,,,,,,,,,,,,,,,,,,,,,,,
27200,2019,10,11,7,30,9.5,6,0,6,4.800000000000001,,,,,,,,,,,,,,,,,,,,,,,,,,,,,,,,,,,,
27201,2019,10,11,7,45,9.7,7,0,7,4.9,,,,,,,,,,,,,,,,,,,,,,,,,,,,,,,,,,,,
27202,2019,10,11,8,0,9.9,8,0,8,4.9,,,,,,,,,,,,,,,,,,,,,,,,,,,,,,,,,,,,
27203,2019,10,11,8,15,10.2,9,0,9,5.0,,,,,,,,,,,,,,,,,,,,,,,,,,,,,,,,,,,,
27204,2019,10,11,8,30,10.5,11,0,11,5.1000000000000005,,,,,,,,,,,,,,,,,,,,,,,,,,,,,,,,,,,,
27205,2019,10,11,8,45,10.8,12,0,12,5.2,,,,,,,,,,,,,,,,,,,,,,,,,,,,,,,,,,,,
27206,2019,10,11,9,0,11.1,14,0,14,5.300000000000001,,,,,,,,,,,,,,,,,,,,,,,,,,,,,,,,,,,,
27207,2019,10,11,9,15,11.4,16,0,16,5.4,,,,,,,,,,,,,,,,,,,,,,,,,,,,,,,,,,,,
27208,2019,10,11,9,30,11.7,61,0,61,5.5,,,,,,,,,,,,,,,,,,,,,,,,,,,,,,,,,,,,
27209,2019,10,11,9,45,12.0,19,0,19,5.7,,,,,,,,,,,,,,,,,,,,,,,,,,,,,,,,,,,,
27210,2019,10,11,10,0,12.3,21,0,21,5.800000000000001,,,,,,,,,,,,,,,,,,,,,,,,,,,,,,,,,,,,
27211,2019,10,11,10,15,12.6,22,0,22,5.800000000000001,,,,,,,,,,,,,,,,,,,,,,,,,,,,,,,,,,,,
27212,2019,10,11,10,30,12.8,104,0,104,5.800000000000001,,,,,,,,,,,,,,,,,,,,,,,,,,,,,,,,,,,,
27213,2019,10,11,10,45,13.0,36,0,36,5.800000000000001,,,,,,,,,,,,,,,,,,,,,,,,,,,,,,,,,,,,
27214,2019,10,11,11,0,13.3,148,0,148,5.800000000000001,,,,,,,,,,,,,,,,,,,,,,,,,,,,,,,,,,,,
27215,2019,10,11,11,15,13.5,22,0,22,5.800000000000001,,,,,,,,,,,,,,,,,,,,,,,,,,,,,,,,,,,,
27216,2019,10,11,11,30,13.7,96,0,96,5.800000000000001,,,,,,,,,,,,,,,,,,,,,,,,,,,,,,,,,,,,
27217,2019,10,11,11,45,14.0,199,29,215,5.800000000000001,,,,,,,,,,,,,,,,,,,,,,,,,,,,,,,,,,,,
27218,2019,10,11,12,0,14.2,187,17,196,5.800000000000001,,,,,,,,,,,,,,,,,,,,,,,,,,,,,,,,,,,,
27219,2019,10,11,12,15,14.5,191,21,202,5.9,,,,,,,,,,,,,,,,,,,,,,,,,,,,,,,,,,,,
27220,2019,10,11,12,30,14.8,222,88,267,5.9,,,,,,,,,,,,,,,,,,,,,,,,,,,,,,,,,,,,
27221,2019,10,11,12,45,15.0,220,205,325,6.0,,,,,,,,,,,,,,,,,,,,,,,,,,,,,,,,,,,,
27222,2019,10,11,13,0,15.3,204,52,230,6.0,,,,,,,,,,,,,,,,,,,,,,,,,,,,,,,,,,,,
27223,2019,10,11,13,15,15.4,177,18,186,6.0,,,,,,,,,,,,,,,,,,,,,,,,,,,,,,,,,,,,
27224,2019,10,11,13,30,15.6,101,0,101,6.0,,,,,,,,,,,,,,,,,,,,,,,,,,,,,,,,,,,,
27225,2019,10,11,13,45,15.7,67,0,67,5.9,,,,,,,,,,,,,,,,,,,,,,,,,,,,,,,,,,,,
27226,2019,10,11,14,0,15.8,38,0,38,5.9,,,,,,,,,,,,,,,,,,,,,,,,,,,,,,,,,,,,
27227,2019,10,11,14,15,15.8,78,0,78,5.800000000000001,,,,,,,,,,,,,,,,,,,,,,,,,,,,,,,,,,,,
27228,2019,10,11,14,30,15.7,71,0,71,5.6000000000000005,,,,,,,,,,,,,,,,,,,,,,,,,,,,,,,,,,,,
27229,2019,10,11,14,45,15.7,26,0,26,5.5,,,,,,,,,,,,,,,,,,,,,,,,,,,,,,,,,,,,
27230,2019,10,11,15,0,15.6,42,0,42,5.300000000000001,,,,,,,,,,,,,,,,,,,,,,,,,,,,,,,,,,,,
27231,2019,10,11,15,15,15.5,20,0,20,5.2,,,,,,,,,,,,,,,,,,,,,,,,,,,,,,,,,,,,
27232,2019,10,11,15,30,15.3,15,0,15,5.1000000000000005,,,,,,,,,,,,,,,,,,,,,,,,,,,,,,,,,,,,
27233,2019,10,11,15,45,15.2,13,0,13,5.0,,,,,,,,,,,,,,,,,,,,,,,,,,,,,,,,,,,,
27234,2019,10,11,16,0,15.1,11,0,11,4.9,,,,,,,,,,,,,,,,,,,,,,,,,,,,,,,,,,,,
27235,2019,10,11,16,15,14.8,9,0,9,4.800000000000001,,,,,,,,,,,,,,,,,,,,,,,,,,,,,,,,,,,,
27236,2019,10,11,16,30,14.6,8,0,8,4.800000000000001,,,,,,,,,,,,,,,,,,,,,,,,,,,,,,,,,,,,
27237,2019,10,11,16,45,14.3,7,0,7,4.7,,,,,,,,,,,,,,,,,,,,,,,,,,,,,,,,,,,,
27238,2019,10,11,17,0,14.0,5,0,5,4.7,,,,,,,,,,,,,,,,,,,,,,,,,,,,,,,,,,,,
27239,2019,10,11,17,15,13.9,3,0,3,4.7,,,,,,,,,,,,,,,,,,,,,,,,,,,,,,,,,,,,
27240,2019,10,11,17,30,13.8,0,0,0,4.800000000000001,,,,,,,,,,,,,,,,,,,,,,,,,,,,,,,,,,,,
27241,2019,10,11,17,45,13.6,0,0,0,4.9,,,,,,,,,,,,,,,,,,,,,,,,,,,,,,,,,,,,
27242,2019,10,11,18,0,13.5,0,0,0,4.9,,,,,,,,,,,,,,,,,,,,,,,,,,,,,,,,,,,,
27243,2019,10,11,18,15,13.4,0,0,0,5.0,,,,,,,,,,,,,,,,,,,,,,,,,,,,,,,,,,,,
27244,2019,10,11,18,30,13.4,0,0,0,5.0,,,,,,,,,,,,,,,,,,,,,,,,,,,,,,,,,,,,
27245,2019,10,11,18,45,13.3,0,0,0,5.1000000000000005,,,,,,,,,,,,,,,,,,,,,,,,,,,,,,,,,,,,
27246,2019,10,11,19,0,13.2,0,0,0,5.1000000000000005,,,,,,,,,,,,,,,,,,,,,,,,,,,,,,,,,,,,
27247,2019,10,11,19,15,13.2,0,0,0,5.2,,,,,,,,,,,,,,,,,,,,,,,,,,,,,,,,,,,,
27248,2019,10,11,19,30,13.2,0,0,0,5.2,,,,,,,,,,,,,,,,,,,,,,,,,,,,,,,,,,,,
27249,2019,10,11,19,45,13.2,0,0,0,5.2,,,,,,,,,,,,,,,,,,,,,,,,,,,,,,,,,,,,
27250,2019,10,11,20,0,13.2,0,0,0,5.300000000000001,,,,,,,,,,,,,,,,,,,,,,,,,,,,,,,,,,,,
27251,2019,10,11,20,15,13.2,0,0,0,5.2,,,,,,,,,,,,,,,,,,,,,,,,,,,,,,,,,,,,
27252,2019,10,11,20,30,13.1,0,0,0,5.2,,,,,,,,,,,,,,,,,,,,,,,,,,,,,,,,,,,,
27253,2019,10,11,20,45,13.1,0,0,0,5.2,,,,,,,,,,,,,,,,,,,,,,,,,,,,,,,,,,,,
27254,2019,10,11,21,0,13.1,0,0,0,5.2,,,,,,,,,,,,,,,,,,,,,,,,,,,,,,,,,,,,
27255,2019,10,11,21,15,13.2,0,0,0,5.2,,,,,,,,,,,,,,,,,,,,,,,,,,,,,,,,,,,,
27256,2019,10,11,21,30,13.2,0,0,0,5.2,,,,,,,,,,,,,,,,,,,,,,,,,,,,,,,,,,,,
27257,2019,10,11,21,45,13.2,0,0,0,5.2,,,,,,,,,,,,,,,,,,,,,,,,,,,,,,,,,,,,
27258,2019,10,11,22,0,13.3,0,0,0,5.2,,,,,,,,,,,,,,,,,,,,,,,,,,,,,,,,,,,,
27259,2019,10,11,22,15,13.3,0,0,0,5.2,,,,,,,,,,,,,,,,,,,,,,,,,,,,,,,,,,,,
27260,2019,10,11,22,30,13.3,0,0,0,5.2,,,,,,,,,,,,,,,,,,,,,,,,,,,,,,,,,,,,
27261,2019,10,11,22,45,13.3,0,0,0,5.2,,,,,,,,,,,,,,,,,,,,,,,,,,,,,,,,,,,,
27262,2019,10,11,23,0,13.4,0,0,0,5.2,,,,,,,,,,,,,,,,,,,,,,,,,,,,,,,,,,,,
27263,2019,10,11,23,15,13.3,0,0,0,5.1000000000000005,,,,,,,,,,,,,,,,,,,,,,,,,,,,,,,,,,,,
27264,2019,10,11,23,30,13.3,0,0,0,5.1000000000000005,,,,,,,,,,,,,,,,,,,,,,,,,,,,,,,,,,,,
27265,2019,10,11,23,45,13.2,0,0,0,5.0,,,,,,,,,,,,,,,,,,,,,,,,,,,,,,,,,,,,
27266,2019,10,12,0,0,13.1,0,0,0,5.0,,,,,,,,,,,,,,,,,,,,,,,,,,,,,,,,,,,,
27267,2019,10,12,0,15,13.1,0,0,0,5.0,,,,,,,,,,,,,,,,,,,,,,,,,,,,,,,,,,,,
27268,2019,10,12,0,30,13.1,0,0,0,5.0,,,,,,,,,,,,,,,,,,,,,,,,,,,,,,,,,,,,
27269,2019,10,12,0,45,13.1,0,0,0,5.0,,,,,,,,,,,,,,,,,,,,,,,,,,,,,,,,,,,,
27270,2019,10,12,1,0,12.7,0,0,0,4.7,,,,,,,,,,,,,,,,,,,,,,,,,,,,,,,,,,,,
27271,2019,10,12,1,15,12.5,0,0,0,4.7,,,,,,,,,,,,,,,,,,,,,,,,,,,,,,,,,,,,
27272,2019,10,12,1,30,12.4,0,0,0,4.7,,,,,,,,,,,,,,,,,,,,,,,,,,,,,,,,,,,,
27273,2019,10,12,1,45,12.3,0,0,0,4.6000000000000005,,,,,,,,,,,,,,,,,,,,,,,,,,,,,,,,,,,,
27274,2019,10,12,2,0,12.2,0,0,0,4.6000000000000005,,,,,,,,,,,,,,,,,,,,,,,,,,,,,,,,,,,,
27275,2019,10,12,2,15,12.0,0,0,0,4.5,,,,,,,,,,,,,,,,,,,,,,,,,,,,,,,,,,,,
27276,2019,10,12,2,30,11.8,0,0,0,4.4,,,,,,,,,,,,,,,,,,,,,,,,,,,,,,,,,,,,
27277,2019,10,12,2,45,11.7,0,0,0,4.3,,,,,,,,,,,,,,,,,,,,,,,,,,,,,,,,,,,,
27278,2019,10,12,3,0,11.5,0,0,0,4.2,,,,,,,,,,,,,,,,,,,,,,,,,,,,,,,,,,,,
27279,2019,10,12,3,15,11.4,0,0,0,4.2,,,,,,,,,,,,,,,,,,,,,,,,,,,,,,,,,,,,
27280,2019,10,12,3,30,11.3,0,0,0,4.2,,,,,,,,,,,,,,,,,,,,,,,,,,,,,,,,,,,,
27281,2019,10,12,3,45,11.2,0,0,0,4.2,,,,,,,,,,,,,,,,,,,,,,,,,,,,,,,,,,,,
27282,2019,10,12,4,0,11.1,0,0,0,4.1000000000000005,,,,,,,,,,,,,,,,,,,,,,,,,,,,,,,,,,,,
27283,2019,10,12,4,15,11.0,0,0,0,4.1000000000000005,,,,,,,,,,,,,,,,,,,,,,,,,,,,,,,,,,,,
27284,2019,10,12,4,30,10.8,0,0,0,4.0,,,,,,,,,,,,,,,,,,,,,,,,,,,,,,,,,,,,
27285,2019,10,12,4,45,10.7,0,0,0,4.0,,,,,,,,,,,,,,,,,,,,,,,,,,,,,,,,,,,,
27286,2019,10,12,5,0,10.6,0,0,0,3.9,,,,,,,,,,,,,,,,,,,,,,,,,,,,,,,,,,,,
27287,2019,10,12,5,15,10.5,0,0,0,3.9,,,,,,,,,,,,,,,,,,,,,,,,,,,,,,,,,,,,
27288,2019,10,12,5,30,10.4,0,0,0,3.9,,,,,,,,,,,,,,,,,,,,,,,,,,,,,,,,,,,,
27289,2019,10,12,5,45,10.3,0,0,0,3.9,,,,,,,,,,,,,,,,,,,,,,,,,,,,,,,,,,,,
27290,2019,10,12,6,0,10.2,0,0,0,3.9,,,,,,,,,,,,,,,,,,,,,,,,,,,,,,,,,,,,
27291,2019,10,12,6,15,10.4,0,0,0,4.0,,,,,,,,,,,,,,,,,,,,,,,,,,,,,,,,,,,,
27292,2019,10,12,6,30,10.5,0,0,0,4.1000000000000005,,,,,,,,,,,,,,,,,,,,,,,,,,,,,,,,,,,,
27293,2019,10,12,6,45,10.7,12,102,14,4.2,,,,,,,,,,,,,,,,,,,,,,,,,,,,,,,,,,,,
27294,2019,10,12,7,0,10.8,22,227,36,4.3,,,,,,,,,,,,,,,,,,,,,,,,,,,,,,,,,,,,
27295,2019,10,12,7,15,11.3,31,334,64,4.4,,,,,,,,,,,,,,,,,,,,,,,,,,,,,,,,,,,,
27296,2019,10,12,7,30,11.8,39,422,96,4.5,,,,,,,,,,,,,,,,,,,,,,,,,,,,,,,,,,,,
27297,2019,10,12,7,45,12.3,45,496,130,4.6000000000000005,,,,,,,,,,,,,,,,,,,,,,,,,,,,,,,,,,,,
27298,2019,10,12,8,0,12.7,51,553,165,4.6000000000000005,,,,,,,,,,,,,,,,,,,,,,,,,,,,,,,,,,,,
27299,2019,10,12,8,15,13.5,55,600,200,4.800000000000001,,,,,,,,,,,,,,,,,,,,,,,,,,,,,,,,,,,,
27300,2019,10,12,8,30,14.2,59,639,234,5.0,,,,,,,,,,,,,,,,,,,,,,,,,,,,,,,,,,,,
27301,2019,10,12,8,45,14.9,63,674,267,5.2,,,,,,,,,,,,,,,,,,,,,,,,,,,,,,,,,,,,
27302,2019,10,12,9,0,15.6,66,701,300,5.300000000000001,,,,,,,,,,,,,,,,,,,,,,,,,,,,,,,,,,,,
27303,2019,10,12,9,15,16.3,69,722,329,5.6000000000000005,,,,,,,,,,,,,,,,,,,,,,,,,,,,,,,,,,,,
27304,2019,10,12,9,30,16.900000000000002,71,742,358,5.800000000000001,,,,,,,,,,,,,,,,,,,,,,,,,,,,,,,,,,,,
27305,2019,10,12,9,45,17.6,74,756,384,6.0,,,,,,,,,,,,,,,,,,,,,,,,,,,,,,,,,,,,
27306,2019,10,12,10,0,18.2,76,770,408,6.2,,,,,,,,,,,,,,,,,,,,,,,,,,,,,,,,,,,,
27307,2019,10,12,10,15,18.5,78,782,430,6.2,,,,,,,,,,,,,,,,,,,,,,,,,,,,,,,,,,,,
27308,2019,10,12,10,30,18.9,79,793,449,6.300000000000001,,,,,,,,,,,,,,,,,,,,,,,,,,,,,,,,,,,,
27309,2019,10,12,10,45,19.200000000000003,81,797,464,6.300000000000001,,,,,,,,,,,,,,,,,,,,,,,,,,,,,,,,,,,,
27310,2019,10,12,11,0,19.6,82,803,477,6.300000000000001,,,,,,,,,,,,,,,,,,,,,,,,,,,,,,,,,,,,
27311,2019,10,12,11,15,19.8,82,809,488,6.300000000000001,,,,,,,,,,,,,,,,,,,,,,,,,,,,,,,,,,,,
27312,2019,10,12,11,30,20.0,83,812,496,6.300000000000001,,,,,,,,,,,,,,,,,,,,,,,,,,,,,,,,,,,,
27313,2019,10,12,11,45,20.200000000000003,85,810,499,6.2,,,,,,,,,,,,,,,,,,,,,,,,,,,,,,,,,,,,
27314,2019,10,12,12,0,20.4,85,808,499,6.2,,,,,,,,,,,,,,,,,,,,,,,,,,,,,,,,,,,,
27315,2019,10,12,12,15,20.5,85,807,498,6.2,,,,,,,,,,,,,,,,,,,,,,,,,,,,,,,,,,,,
27316,2019,10,12,12,30,20.6,84,805,493,6.1000000000000005,,,,,,,,,,,,,,,,,,,,,,,,,,,,,,,,,,,,
27317,2019,10,12,12,45,20.700000000000003,83,803,486,6.1000000000000005,,,,,,,,,,,,,,,,,,,,,,,,,,,,,,,,,,,,
27318,2019,10,12,13,0,20.8,83,798,476,6.0,,,,,,,,,,,,,,,,,,,,,,,,,,,,,,,,,,,,
27319,2019,10,12,13,15,20.8,82,789,461,5.9,,,,,,,,,,,,,,,,,,,,,,,,,,,,,,,,,,,,
27320,2019,10,12,13,30,20.8,81,780,445,5.800000000000001,,,,,,,,,,,,,,,,,,,,,,,,,,,,,,,,,,,,
27321,2019,10,12,13,45,20.8,80,767,426,5.7,,,,,,,,,,,,,,,,,,,,,,,,,,,,,,,,,,,,
27322,2019,10,12,14,0,20.8,79,754,404,5.6000000000000005,,,,,,,,,,,,,,,,,,,,,,,,,,,,,,,,,,,,
27323,2019,10,12,14,15,20.700000000000003,77,740,380,5.5,,,,,,,,,,,,,,,,,,,,,,,,,,,,,,,,,,,,
27324,2019,10,12,14,30,20.5,74,720,353,5.300000000000001,,,,,,,,,,,,,,,,,,,,,,,,,,,,,,,,,,,,
27325,2019,10,12,14,45,20.4,111,453,275,5.1000000000000005,,,,,,,,,,,,,,,,,,,,,,,,,,,,,,,,,,,,
27326,2019,10,12,15,0,20.3,111,379,238,4.9,,,,,,,,,,,,,,,,,,,,,,,,,,,,,,,,,,,,
27327,2019,10,12,15,15,19.9,114,247,189,4.5,,,,,,,,,,,,,,,,,,,,,,,,,,,,,,,,,,,,
27328,2019,10,12,15,30,19.5,106,88,130,4.1000000000000005,,,,,,,,,,,,,,,,,,,,,,,,,,,,,,,,,,,,
27329,2019,10,12,15,45,19.1,92,74,110,3.8,,,,,,,,,,,,,,,,,,,,,,,,,,,,,,,,,,,,
27330,2019,10,12,16,0,18.8,77,60,89,3.4000000000000004,,,,,,,,,,,,,,,,,,,,,,,,,,,,,,,,,,,,
27331,2019,10,12,16,15,18.1,62,46,70,3.1,,,,,,,,,,,,,,,,,,,,,,,,,,,,,,,,,,,,
27332,2019,10,12,16,30,17.400000000000002,47,33,52,2.8000000000000003,,,,,,,,,,,,,,,,,,,,,,,,,,,,,,,,,,,,
27333,2019,10,12,16,45,16.8,34,84,42,2.5,,,,,,,,,,,,,,,,,,,,,,,,,,,,,,,,,,,,
27334,2019,10,12,17,0,16.1,22,16,23,2.2,,,,,,,,,,,,,,,,,,,,,,,,,,,,,,,,,,,,
27335,2019,10,12,17,15,15.8,11,52,13,2.2,,,,,,,,,,,,,,,,,,,,,,,,,,,,,,,,,,,,
27336,2019,10,12,17,30,15.6,0,0,0,2.1,,,,,,,,,,,,,,,,,,,,,,,,,,,,,,,,,,,,
27337,2019,10,12,17,45,15.3,0,0,0,2.1,,,,,,,,,,,,,,,,,,,,,,,,,,,,,,,,,,,,
27338,2019,10,12,18,0,15.0,0,0,0,2.1,,,,,,,,,,,,,,,,,,,,,,,,,,,,,,,,,,,,
27339,2019,10,12,18,15,14.9,0,0,0,2.1,,,,,,,,,,,,,,,,,,,,,,,,,,,,,,,,,,,,
27340,2019,10,12,18,30,14.8,0,0,0,2.1,,,,,,,,,,,,,,,,,,,,,,,,,,,,,,,,,,,,
27341,2019,10,12,18,45,14.7,0,0,0,2.1,,,,,,,,,,,,,,,,,,,,,,,,,,,,,,,,,,,,
27342,2019,10,12,19,0,14.7,0,0,0,2.1,,,,,,,,,,,,,,,,,,,,,,,,,,,,,,,,,,,,
27343,2019,10,12,19,15,14.6,0,0,0,2.1,,,,,,,,,,,,,,,,,,,,,,,,,,,,,,,,,,,,
27344,2019,10,12,19,30,14.6,0,0,0,2.1,,,,,,,,,,,,,,,,,,,,,,,,,,,,,,,,,,,,
27345,2019,10,12,19,45,14.6,0,0,0,2.1,,,,,,,,,,,,,,,,,,,,,,,,,,,,,,,,,,,,
27346,2019,10,12,20,0,14.5,0,0,0,2.1,,,,,,,,,,,,,,,,,,,,,,,,,,,,,,,,,,,,
27347,2019,10,12,20,15,14.6,0,0,0,2.1,,,,,,,,,,,,,,,,,,,,,,,,,,,,,,,,,,,,
27348,2019,10,12,20,30,14.6,0,0,0,2.2,,,,,,,,,,,,,,,,,,,,,,,,,,,,,,,,,,,,
27349,2019,10,12,20,45,14.7,0,0,0,2.3000000000000003,,,,,,,,,,,,,,,,,,,,,,,,,,,,,,,,,,,,
27350,2019,10,12,21,0,14.7,0,0,0,2.4000000000000004,,,,,,,,,,,,,,,,,,,,,,,,,,,,,,,,,,,,
27351,2019,10,12,21,15,14.7,0,0,0,2.5,,,,,,,,,,,,,,,,,,,,,,,,,,,,,,,,,,,,
27352,2019,10,12,21,30,14.7,0,0,0,2.6,,,,,,,,,,,,,,,,,,,,,,,,,,,,,,,,,,,,
27353,2019,10,12,21,45,14.8,0,0,0,2.7,,,,,,,,,,,,,,,,,,,,,,,,,,,,,,,,,,,,
27354,2019,10,12,22,0,14.8,0,0,0,2.8000000000000003,,,,,,,,,,,,,,,,,,,,,,,,,,,,,,,,,,,,
27355,2019,10,12,22,15,14.8,0,0,0,2.8000000000000003,,,,,,,,,,,,,,,,,,,,,,,,,,,,,,,,,,,,
27356,2019,10,12,22,30,14.8,0,0,0,2.9000000000000004,,,,,,,,,,,,,,,,,,,,,,,,,,,,,,,,,,,,
27357,2019,10,12,22,45,14.7,0,0,0,3.0,,,,,,,,,,,,,,,,,,,,,,,,,,,,,,,,,,,,
27358,2019,10,12,23,0,14.7,0,0,0,3.1,,,,,,,,,,,,,,,,,,,,,,,,,,,,,,,,,,,,
27359,2019,10,12,23,15,14.7,0,0,0,3.1,,,,,,,,,,,,,,,,,,,,,,,,,,,,,,,,,,,,
27360,2019,10,12,23,30,14.7,0,0,0,3.1,,,,,,,,,,,,,,,,,,,,,,,,,,,,,,,,,,,,
27361,2019,10,12,23,45,14.6,0,0,0,3.2,,,,,,,,,,,,,,,,,,,,,,,,,,,,,,,,,,,,
27362,2019,10,13,0,0,14.6,0,0,0,3.2,,,,,,,,,,,,,,,,,,,,,,,,,,,,,,,,,,,,
27363,2019,10,13,0,15,14.6,0,0,0,3.2,,,,,,,,,,,,,,,,,,,,,,,,,,,,,,,,,,,,
27364,2019,10,13,0,30,14.6,0,0,0,3.2,,,,,,,,,,,,,,,,,,,,,,,,,,,,,,,,,,,,
27365,2019,10,13,0,45,14.6,0,0,0,3.2,,,,,,,,,,,,,,,,,,,,,,,,,,,,,,,,,,,,
27366,2019,10,13,1,0,14.3,0,0,0,3.2,,,,,,,,,,,,,,,,,,,,,,,,,,,,,,,,,,,,
27367,2019,10,13,1,15,14.3,0,0,0,3.2,,,,,,,,,,,,,,,,,,,,,,,,,,,,,,,,,,,,
27368,2019,10,13,1,30,14.3,0,0,0,3.1,,,,,,,,,,,,,,,,,,,,,,,,,,,,,,,,,,,,
27369,2019,10,13,1,45,14.2,0,0,0,3.1,,,,,,,,,,,,,,,,,,,,,,,,,,,,,,,,,,,,
27370,2019,10,13,2,0,14.2,0,0,0,3.1,,,,,,,,,,,,,,,,,,,,,,,,,,,,,,,,,,,,
27371,2019,10,13,2,15,14.2,0,0,0,3.1,,,,,,,,,,,,,,,,,,,,,,,,,,,,,,,,,,,,
27372,2019,10,13,2,30,14.2,0,0,0,3.0,,,,,,,,,,,,,,,,,,,,,,,,,,,,,,,,,,,,
27373,2019,10,13,2,45,14.2,0,0,0,3.0,,,,,,,,,,,,,,,,,,,,,,,,,,,,,,,,,,,,
27374,2019,10,13,3,0,14.3,0,0,0,3.0,,,,,,,,,,,,,,,,,,,,,,,,,,,,,,,,,,,,
27375,2019,10,13,3,15,14.2,0,0,0,2.9000000000000004,,,,,,,,,,,,,,,,,,,,,,,,,,,,,,,,,,,,
27376,2019,10,13,3,30,14.2,0,0,0,2.8000000000000003,,,,,,,,,,,,,,,,,,,,,,,,,,,,,,,,,,,,
27377,2019,10,13,3,45,14.1,0,0,0,2.7,,,,,,,,,,,,,,,,,,,,,,,,,,,,,,,,,,,,
27378,2019,10,13,4,0,14.1,0,0,0,2.6,,,,,,,,,,,,,,,,,,,,,,,,,,,,,,,,,,,,
27379,2019,10,13,4,15,13.9,0,0,0,2.4000000000000004,,,,,,,,,,,,,,,,,,,,,,,,,,,,,,,,,,,,
27380,2019,10,13,4,30,13.6,0,0,0,2.3000000000000003,,,,,,,,,,,,,,,,,,,,,,,,,,,,,,,,,,,,
27381,2019,10,13,4,45,13.4,0,0,0,2.1,,,,,,,,,,,,,,,,,,,,,,,,,,,,,,,,,,,,
27382,2019,10,13,5,0,13.2,0,0,0,2.0,,,,,,,,,,,,,,,,,,,,,,,,,,,,,,,,,,,,
27383,2019,10,13,5,15,13.0,0,0,0,2.0,,,,,,,,,,,,,,,,,,,,,,,,,,,,,,,,,,,,
27384,2019,10,13,5,30,12.9,0,0,0,2.0,,,,,,,,,,,,,,,,,,,,,,,,,,,,,,,,,,,,
27385,2019,10,13,5,45,12.8,0,0,0,2.0,,,,,,,,,,,,,,,,,,,,,,,,,,,,,,,,,,,,
27386,2019,10,13,6,0,12.7,0,0,0,2.0,,,,,,,,,,,,,,,,,,,,,,,,,,,,,,,,,,,,
27387,2019,10,13,6,15,13.0,0,0,0,2.2,,,,,,,,,,,,,,,,,,,,,,,,,,,,,,,,,,,,
27388,2019,10,13,6,30,13.2,0,0,0,2.4000000000000004,,,,,,,,,,,,,,,,,,,,,,,,,,,,,,,,,,,,
27389,2019,10,13,6,45,13.5,9,21,9,2.6,,,,,,,,,,,,,,,,,,,,,,,,,,,,,,,,,,,,
27390,2019,10,13,7,0,13.8,22,87,27,2.7,,,,,,,,,,,,,,,,,,,,,,,,,,,,,,,,,,,,
27391,2019,10,13,7,15,14.3,36,169,52,2.9000000000000004,,,,,,,,,,,,,,,,,,,,,,,,,,,,,,,,,,,,
27392,2019,10,13,7,30,14.7,49,246,81,3.2,,,,,,,,,,,,,,,,,,,,,,,,,,,,,,,,,,,,
27393,2019,10,13,7,45,15.2,59,322,112,3.4000000000000004,,,,,,,,,,,,,,,,,,,,,,,,,,,,,,,,,,,,
27394,2019,10,13,8,0,15.7,68,382,145,3.6,,,,,,,,,,,,,,,,,,,,,,,,,,,,,,,,,,,,
27395,2019,10,13,8,15,16.2,75,433,178,3.6,,,,,,,,,,,,,,,,,,,,,,,,,,,,,,,,,,,,
27396,2019,10,13,8,30,16.8,82,474,210,3.7,,,,,,,,,,,,,,,,,,,,,,,,,,,,,,,,,,,,
27397,2019,10,13,8,45,17.400000000000002,87,517,242,3.8,,,,,,,,,,,,,,,,,,,,,,,,,,,,,,,,,,,,
27398,2019,10,13,9,0,18.0,92,549,273,3.8,,,,,,,,,,,,,,,,,,,,,,,,,,,,,,,,,,,,
27399,2019,10,13,9,15,18.7,97,574,301,4.0,,,,,,,,,,,,,,,,,,,,,,,,,,,,,,,,,,,,
27400,2019,10,13,9,30,19.4,101,598,329,4.2,,,,,,,,,,,,,,,,,,,,,,,,,,,,,,,,,,,,
27401,2019,10,13,9,45,20.200000000000003,100,632,355,4.4,,,,,,,,,,,,,,,,,,,,,,,,,,,,,,,,,,,,
27402,2019,10,13,10,0,20.9,161,332,302,4.5,,,,,,,,,,,,,,,,,,,,,,,,,,,,,,,,,,,,
27403,2019,10,13,10,15,21.4,105,661,399,4.6000000000000005,,,,,,,,,,,,,,,,,,,,,,,,,,,,,,,,,,,,
27404,2019,10,13,10,30,21.9,107,672,416,4.7,,,,,,,,,,,,,,,,,,,,,,,,,,,,,,,,,,,,
27405,2019,10,13,10,45,22.4,112,671,431,4.800000000000001,,,,,,,,,,,,,,,,,,,,,,,,,,,,,,,,,,,,
27406,2019,10,13,11,0,22.9,113,677,443,4.9,,,,,,,,,,,,,,,,,,,,,,,,,,,,,,,,,,,,
27407,2019,10,13,11,15,23.0,114,683,453,4.9,,,,,,,,,,,,,,,,,,,,,,,,,,,,,,,,,,,,
27408,2019,10,13,11,30,23.200000000000003,115,688,460,4.9,,,,,,,,,,,,,,,,,,,,,,,,,,,,,,,,,,,,
27409,2019,10,13,11,45,23.4,196,362,379,4.9,,,,,,,,,,,,,,,,,,,,,,,,,,,,,,,,,,,,
27410,2019,10,13,12,0,23.6,206,314,365,4.9,,,,,,,,,,,,,,,,,,,,,,,,,,,,,,,,,,,,
27411,2019,10,13,12,15,23.6,177,12,183,4.800000000000001,,,,,,,,,,,,,,,,,,,,,,,,,,,,,,,,,,,,
27412,2019,10,13,12,30,23.5,38,0,38,4.800000000000001,,,,,,,,,,,,,,,,,,,,,,,,,,,,,,,,,,,,
27413,2019,10,13,12,45,23.5,37,0,37,4.7,,,,,,,,,,,,,,,,,,,,,,,,,,,,,,,,,,,,
27414,2019,10,13,13,0,23.5,36,0,36,4.6000000000000005,,,,,,,,,,,,,,,,,,,,,,,,,,,,,,,,,,,,
27415,2019,10,13,13,15,23.4,35,0,35,4.6000000000000005,,,,,,,,,,,,,,,,,,,,,,,,,,,,,,,,,,,,
27416,2019,10,13,13,30,23.4,33,0,33,4.5,,,,,,,,,,,,,,,,,,,,,,,,,,,,,,,,,,,,
27417,2019,10,13,13,45,23.4,31,0,31,4.5,,,,,,,,,,,,,,,,,,,,,,,,,,,,,,,,,,,,
27418,2019,10,13,14,0,23.4,29,0,29,4.4,,,,,,,,,,,,,,,,,,,,,,,,,,,,,,,,,,,,
27419,2019,10,13,14,15,23.3,27,0,27,4.4,,,,,,,,,,,,,,,,,,,,,,,,,,,,,,,,,,,,
27420,2019,10,13,14,30,23.3,37,0,37,4.4,,,,,,,,,,,,,,,,,,,,,,,,,,,,,,,,,,,,
27421,2019,10,13,14,45,23.200000000000003,23,0,23,4.3,,,,,,,,,,,,,,,,,,,,,,,,,,,,,,,,,,,,
27422,2019,10,13,15,0,23.200000000000003,20,0,20,4.3,,,,,,,,,,,,,,,,,,,,,,,,,,,,,,,,,,,,
27423,2019,10,13,15,15,22.9,17,0,17,4.2,,,,,,,,,,,,,,,,,,,,,,,,,,,,,,,,,,,,
27424,2019,10,13,15,30,22.6,15,0,15,4.0,,,,,,,,,,,,,,,,,,,,,,,,,,,,,,,,,,,,
27425,2019,10,13,15,45,22.3,13,0,13,3.9,,,,,,,,,,,,,,,,,,,,,,,,,,,,,,,,,,,,
27426,2019,10,13,16,0,22.0,10,0,10,3.8,,,,,,,,,,,,,,,,,,,,,,,,,,,,,,,,,,,,
27427,2019,10,13,16,15,21.4,8,0,8,3.7,,,,,,,,,,,,,,,,,,,,,,,,,,,,,,,,,,,,
27428,2019,10,13,16,30,20.9,6,0,6,3.6,,,,,,,,,,,,,,,,,,,,,,,,,,,,,,,,,,,,
27429,2019,10,13,16,45,20.3,4,0,4,3.5,,,,,,,,,,,,,,,,,,,,,,,,,,,,,,,,,,,,
27430,2019,10,13,17,0,19.8,3,0,3,3.4000000000000004,,,,,,,,,,,,,,,,,,,,,,,,,,,,,,,,,,,,
27431,2019,10,13,17,15,19.5,10,27,10,3.4000000000000004,,,,,,,,,,,,,,,,,,,,,,,,,,,,,,,,,,,,
27432,2019,10,13,17,30,19.200000000000003,0,0,0,3.4000000000000004,,,,,,,,,,,,,,,,,,,,,,,,,,,,,,,,,,,,
27433,2019,10,13,17,45,18.9,0,0,0,3.4000000000000004,,,,,,,,,,,,,,,,,,,,,,,,,,,,,,,,,,,,
27434,2019,10,13,18,0,18.6,0,0,0,3.5,,,,,,,,,,,,,,,,,,,,,,,,,,,,,,,,,,,,
27435,2019,10,13,18,15,18.5,0,0,0,3.5,,,,,,,,,,,,,,,,,,,,,,,,,,,,,,,,,,,,
27436,2019,10,13,18,30,18.3,0,0,0,3.6,,,,,,,,,,,,,,,,,,,,,,,,,,,,,,,,,,,,
27437,2019,10,13,18,45,18.1,0,0,0,3.6,,,,,,,,,,,,,,,,,,,,,,,,,,,,,,,,,,,,
27438,2019,10,13,19,0,18.0,0,0,0,3.7,,,,,,,,,,,,,,,,,,,,,,,,,,,,,,,,,,,,
27439,2019,10,13,19,15,17.8,0,0,0,3.7,,,,,,,,,,,,,,,,,,,,,,,,,,,,,,,,,,,,
27440,2019,10,13,19,30,17.7,0,0,0,3.8,,,,,,,,,,,,,,,,,,,,,,,,,,,,,,,,,,,,
27441,2019,10,13,19,45,17.5,0,0,0,3.8,,,,,,,,,,,,,,,,,,,,,,,,,,,,,,,,,,,,
27442,2019,10,13,20,0,17.400000000000002,0,0,0,3.9,,,,,,,,,,,,,,,,,,,,,,,,,,,,,,,,,,,,
27443,2019,10,13,20,15,17.3,0,0,0,3.9,,,,,,,,,,,,,,,,,,,,,,,,,,,,,,,,,,,,
27444,2019,10,13,20,30,17.2,0,0,0,3.9,,,,,,,,,,,,,,,,,,,,,,,,,,,,,,,,,,,,
27445,2019,10,13,20,45,17.1,0,0,0,3.9,,,,,,,,,,,,,,,,,,,,,,,,,,,,,,,,,,,,
27446,2019,10,13,21,0,17.0,0,0,0,3.9,,,,,,,,,,,,,,,,,,,,,,,,,,,,,,,,,,,,
27447,2019,10,13,21,15,16.900000000000002,0,0,0,3.9,,,,,,,,,,,,,,,,,,,,,,,,,,,,,,,,,,,,
27448,2019,10,13,21,30,16.8,0,0,0,3.9,,,,,,,,,,,,,,,,,,,,,,,,,,,,,,,,,,,,
27449,2019,10,13,21,45,16.7,0,0,0,3.8,,,,,,,,,,,,,,,,,,,,,,,,,,,,,,,,,,,,
27450,2019,10,13,22,0,16.6,0,0,0,3.8,,,,,,,,,,,,,,,,,,,,,,,,,,,,,,,,,,,,
27451,2019,10,13,22,15,16.5,0,0,0,3.8,,,,,,,,,,,,,,,,,,,,,,,,,,,,,,,,,,,,
27452,2019,10,13,22,30,16.5,0,0,0,3.8,,,,,,,,,,,,,,,,,,,,,,,,,,,,,,,,,,,,
27453,2019,10,13,22,45,16.400000000000002,0,0,0,3.9,,,,,,,,,,,,,,,,,,,,,,,,,,,,,,,,,,,,
27454,2019,10,13,23,0,16.400000000000002,0,0,0,3.9,,,,,,,,,,,,,,,,,,,,,,,,,,,,,,,,,,,,
27455,2019,10,13,23,15,16.3,0,0,0,3.8,,,,,,,,,,,,,,,,,,,,,,,,,,,,,,,,,,,,
27456,2019,10,13,23,30,16.3,0,0,0,3.8,,,,,,,,,,,,,,,,,,,,,,,,,,,,,,,,,,,,
27457,2019,10,13,23,45,16.2,0,0,0,3.7,,,,,,,,,,,,,,,,,,,,,,,,,,,,,,,,,,,,
27458,2019,10,14,0,0,16.2,0,0,0,3.6,,,,,,,,,,,,,,,,,,,,,,,,,,,,,,,,,,,,
27459,2019,10,14,0,15,16.2,0,0,0,3.6,,,,,,,,,,,,,,,,,,,,,,,,,,,,,,,,,,,,
27460,2019,10,14,0,30,16.2,0,0,0,3.6,,,,,,,,,,,,,,,,,,,,,,,,,,,,,,,,,,,,
27461,2019,10,14,0,45,16.2,0,0,0,3.6,,,,,,,,,,,,,,,,,,,,,,,,,,,,,,,,,,,,
27462,2019,10,14,1,0,15.5,0,0,0,3.2,,,,,,,,,,,,,,,,,,,,,,,,,,,,,,,,,,,,
27463,2019,10,14,1,15,15.3,0,0,0,3.1,,,,,,,,,,,,,,,,,,,,,,,,,,,,,,,,,,,,
27464,2019,10,14,1,30,15.1,0,0,0,3.0,,,,,,,,,,,,,,,,,,,,,,,,,,,,,,,,,,,,
27465,2019,10,14,1,45,14.9,0,0,0,2.9000000000000004,,,,,,,,,,,,,,,,,,,,,,,,,,,,,,,,,,,,
27466,2019,10,14,2,0,14.8,0,0,0,2.8000000000000003,,,,,,,,,,,,,,,,,,,,,,,,,,,,,,,,,,,,
27467,2019,10,14,2,15,14.6,0,0,0,2.7,,,,,,,,,,,,,,,,,,,,,,,,,,,,,,,,,,,,
27468,2019,10,14,2,30,14.4,0,0,0,2.6,,,,,,,,,,,,,,,,,,,,,,,,,,,,,,,,,,,,
27469,2019,10,14,2,45,14.2,0,0,0,2.5,,,,,,,,,,,,,,,,,,,,,,,,,,,,,,,,,,,,
27470,2019,10,14,3,0,14.0,0,0,0,2.4000000000000004,,,,,,,,,,,,,,,,,,,,,,,,,,,,,,,,,,,,
27471,2019,10,14,3,15,13.8,0,0,0,2.4000000000000004,,,,,,,,,,,,,,,,,,,,,,,,,,,,,,,,,,,,
27472,2019,10,14,3,30,13.7,0,0,0,2.3000000000000003,,,,,,,,,,,,,,,,,,,,,,,,,,,,,,,,,,,,
27473,2019,10,14,3,45,13.5,0,0,0,2.2,,,,,,,,,,,,,,,,,,,,,,,,,,,,,,,,,,,,
27474,2019,10,14,4,0,13.4,0,0,0,2.2,,,,,,,,,,,,,,,,,,,,,,,,,,,,,,,,,,,,
27475,2019,10,14,4,15,13.3,0,0,0,2.1,,,,,,,,,,,,,,,,,,,,,,,,,,,,,,,,,,,,
27476,2019,10,14,4,30,13.3,0,0,0,2.1,,,,,,,,,,,,,,,,,,,,,,,,,,,,,,,,,,,,
27477,2019,10,14,4,45,13.2,0,0,0,2.0,,,,,,,,,,,,,,,,,,,,,,,,,,,,,,,,,,,,
27478,2019,10,14,5,0,13.1,0,0,0,2.0,,,,,,,,,,,,,,,,,,,,,,,,,,,,,,,,,,,,
27479,2019,10,14,5,15,13.0,0,0,0,1.9,,,,,,,,,,,,,,,,,,,,,,,,,,,,,,,,,,,,
27480,2019,10,14,5,30,12.9,0,0,0,1.8,,,,,,,,,,,,,,,,,,,,,,,,,,,,,,,,,,,,
27481,2019,10,14,5,45,12.8,0,0,0,1.8,,,,,,,,,,,,,,,,,,,,,,,,,,,,,,,,,,,,
27482,2019,10,14,6,0,12.7,0,0,0,1.7000000000000002,,,,,,,,,,,,,,,,,,,,,,,,,,,,,,,,,,,,
27483,2019,10,14,6,15,12.9,0,0,0,1.7000000000000002,,,,,,,,,,,,,,,,,,,,,,,,,,,,,,,,,,,,
27484,2019,10,14,6,30,13.1,0,0,0,1.8,,,,,,,,,,,,,,,,,,,,,,,,,,,,,,,,,,,,
27485,2019,10,14,6,45,13.3,0,0,0,1.8,,,,,,,,,,,,,,,,,,,,,,,,,,,,,,,,,,,,
27486,2019,10,14,7,0,13.5,8,0,8,1.8,,,,,,,,,,,,,,,,,,,,,,,,,,,,,,,,,,,,
27487,2019,10,14,7,15,13.9,15,0,15,1.9,,,,,,,,,,,,,,,,,,,,,,,,,,,,,,,,,,,,
27488,2019,10,14,7,30,14.3,23,0,23,2.0,,,,,,,,,,,,,,,,,,,,,,,,,,,,,,,,,,,,
27489,2019,10,14,7,45,14.7,32,0,32,2.1,,,,,,,,,,,,,,,,,,,,,,,,,,,,,,,,,,,,
27490,2019,10,14,8,0,15.1,73,125,97,2.2,,,,,,,,,,,,,,,,,,,,,,,,,,,,,,,,,,,,
27491,2019,10,14,8,15,15.7,52,0,52,2.0,,,,,,,,,,,,,,,,,,,,,,,,,,,,,,,,,,,,
27492,2019,10,14,8,30,16.2,63,0,63,1.8,,,,,,,,,,,,,,,,,,,,,,,,,,,,,,,,,,,,
27493,2019,10,14,8,45,16.7,114,180,167,1.6,,,,,,,,,,,,,,,,,,,,,,,,,,,,,,,,,,,,
27494,2019,10,14,9,0,17.3,129,162,181,1.4,,,,,,,,,,,,,,,,,,,,,,,,,,,,,,,,,,,,
27495,2019,10,14,9,15,17.900000000000002,95,570,295,1.2000000000000002,,,,,,,,,,,,,,,,,,,,,,,,,,,,,,,,,,,,
27496,2019,10,14,9,30,18.5,108,0,108,1.1,,,,,,,,,,,,,,,,,,,,,,,,,,,,,,,,,,,,
27497,2019,10,14,9,45,19.200000000000003,118,0,118,0.9,,,,,,,,,,,,,,,,,,,,,,,,,,,,,,,,,,,,
27498,2019,10,14,10,0,19.8,128,0,128,0.7000000000000001,,,,,,,,,,,,,,,,,,,,,,,,,,,,,,,,,,,,
27499,2019,10,14,10,15,20.3,137,0,137,0.8,,,,,,,,,,,,,,,,,,,,,,,,,,,,,,,,,,,,
27500,2019,10,14,10,30,20.700000000000003,145,0,145,0.9,,,,,,,,,,,,,,,,,,,,,,,,,,,,,,,,,,,,
27501,2019,10,14,10,45,21.1,151,2,152,1.0,,,,,,,,,,,,,,,,,,,,,,,,,,,,,,,,,,,,
27502,2019,10,14,11,0,21.5,195,297,337,1.1,,,,,,,,,,,,,,,,,,,,,,,,,,,,,,,,,,,,
27503,2019,10,14,11,15,21.8,98,731,457,1.3,,,,,,,,,,,,,,,,,,,,,,,,,,,,,,,,,,,,
27504,2019,10,14,11,30,22.1,99,735,464,1.5,,,,,,,,,,,,,,,,,,,,,,,,,,,,,,,,,,,,
27505,2019,10,14,11,45,22.4,97,742,469,1.7000000000000002,,,,,,,,,,,,,,,,,,,,,,,,,,,,,,,,,,,,
27506,2019,10,14,12,0,22.700000000000003,98,744,471,1.9,,,,,,,,,,,,,,,,,,,,,,,,,,,,,,,,,,,,
27507,2019,10,14,12,15,22.9,98,744,470,2.1,,,,,,,,,,,,,,,,,,,,,,,,,,,,,,,,,,,,
27508,2019,10,14,12,30,23.0,201,305,353,2.3000000000000003,,,,,,,,,,,,,,,,,,,,,,,,,,,,,,,,,,,,
27509,2019,10,14,12,45,23.200000000000003,198,302,347,2.4000000000000004,,,,,,,,,,,,,,,,,,,,,,,,,,,,,,,,,,,,
27510,2019,10,14,13,0,23.4,194,301,339,2.6,,,,,,,,,,,,,,,,,,,,,,,,,,,,,,,,,,,,
27511,2019,10,14,13,15,23.4,192,277,321,2.7,,,,,,,,,,,,,,,,,,,,,,,,,,,,,,,,,,,,
27512,2019,10,14,13,30,23.5,91,724,421,2.8000000000000003,,,,,,,,,,,,,,,,,,,,,,,,,,,,,,,,,,,,
27513,2019,10,14,13,45,23.6,88,716,402,2.9000000000000004,,,,,,,,,,,,,,,,,,,,,,,,,,,,,,,,,,,,
27514,2019,10,14,14,0,23.6,86,704,381,3.0,,,,,,,,,,,,,,,,,,,,,,,,,,,,,,,,,,,,
27515,2019,10,14,14,15,23.5,84,688,358,2.9000000000000004,,,,,,,,,,,,,,,,,,,,,,,,,,,,,,,,,,,,
27516,2019,10,14,14,30,23.4,81,670,332,2.8000000000000003,,,,,,,,,,,,,,,,,,,,,,,,,,,,,,,,,,,,
27517,2019,10,14,14,45,23.4,78,649,304,2.7,,,,,,,,,,,,,,,,,,,,,,,,,,,,,,,,,,,,
27518,2019,10,14,15,0,23.3,74,625,276,2.6,,,,,,,,,,,,,,,,,,,,,,,,,,,,,,,,,,,,
27519,2019,10,14,15,15,22.8,70,595,245,2.3000000000000003,,,,,,,,,,,,,,,,,,,,,,,,,,,,,,,,,,,,
27520,2019,10,14,15,30,22.3,66,559,212,2.0,,,,,,,,,,,,,,,,,,,,,,,,,,,,,,,,,,,,
27521,2019,10,14,15,45,21.700000000000003,60,515,179,1.7000000000000002,,,,,,,,,,,,,,,,,,,,,,,,,,,,,,,,,,,,
27522,2019,10,14,16,0,21.200000000000003,54,467,146,1.4,,,,,,,,,,,,,,,,,,,,,,,,,,,,,,,,,,,,
27523,2019,10,14,16,15,20.4,47,406,113,1.4,,,,,,,,,,,,,,,,,,,,,,,,,,,,,,,,,,,,
27524,2019,10,14,16,30,19.6,39,333,81,1.4,,,,,,,,,,,,,,,,,,,,,,,,,,,,,,,,,,,,
27525,2019,10,14,16,45,18.8,30,241,51,1.4,,,,,,,,,,,,,,,,,,,,,,,,,,,,,,,,,,,,
27526,2019,10,14,17,0,18.0,19,141,26,1.4,,,,,,,,,,,,,,,,,,,,,,,,,,,,,,,,,,,,
27527,2019,10,14,17,15,17.7,0,0,0,1.5,,,,,,,,,,,,,,,,,,,,,,,,,,,,,,,,,,,,
27528,2019,10,14,17,30,17.400000000000002,0,0,0,1.5,,,,,,,,,,,,,,,,,,,,,,,,,,,,,,,,,,,,
27529,2019,10,14,17,45,17.1,0,0,0,1.6,,,,,,,,,,,,,,,,,,,,,,,,,,,,,,,,,,,,
27530,2019,10,14,18,0,16.8,0,0,0,1.6,,,,,,,,,,,,,,,,,,,,,,,,,,,,,,,,,,,,
27531,2019,10,14,18,15,16.6,0,0,0,1.7000000000000002,,,,,,,,,,,,,,,,,,,,,,,,,,,,,,,,,,,,
27532,2019,10,14,18,30,16.400000000000002,0,0,0,1.7000000000000002,,,,,,,,,,,,,,,,,,,,,,,,,,,,,,,,,,,,
27533,2019,10,14,18,45,16.3,0,0,0,1.7000000000000002,,,,,,,,,,,,,,,,,,,,,,,,,,,,,,,,,,,,
27534,2019,10,14,19,0,16.1,0,0,0,1.7000000000000002,,,,,,,,,,,,,,,,,,,,,,,,,,,,,,,,,,,,
27535,2019,10,14,19,15,15.9,0,0,0,1.7000000000000002,,,,,,,,,,,,,,,,,,,,,,,,,,,,,,,,,,,,
27536,2019,10,14,19,30,15.7,0,0,0,1.6,,,,,,,,,,,,,,,,,,,,,,,,,,,,,,,,,,,,
27537,2019,10,14,19,45,15.5,0,0,0,1.6,,,,,,,,,,,,,,,,,,,,,,,,,,,,,,,,,,,,
27538,2019,10,14,20,0,15.3,0,0,0,1.6,,,,,,,,,,,,,,,,,,,,,,,,,,,,,,,,,,,,
27539,2019,10,14,20,15,15.1,0,0,0,1.5,,,,,,,,,,,,,,,,,,,,,,,,,,,,,,,,,,,,
27540,2019,10,14,20,30,14.9,0,0,0,1.5,,,,,,,,,,,,,,,,,,,,,,,,,,,,,,,,,,,,
27541,2019,10,14,20,45,14.8,0,0,0,1.4,,,,,,,,,,,,,,,,,,,,,,,,,,,,,,,,,,,,
27542,2019,10,14,21,0,14.6,0,0,0,1.4,,,,,,,,,,,,,,,,,,,,,,,,,,,,,,,,,,,,
27543,2019,10,14,21,15,14.4,0,0,0,1.4,,,,,,,,,,,,,,,,,,,,,,,,,,,,,,,,,,,,
27544,2019,10,14,21,30,14.3,0,0,0,1.4,,,,,,,,,,,,,,,,,,,,,,,,,,,,,,,,,,,,
27545,2019,10,14,21,45,14.2,0,0,0,1.4,,,,,,,,,,,,,,,,,,,,,,,,,,,,,,,,,,,,
27546,2019,10,14,22,0,14.0,0,0,0,1.3,,,,,,,,,,,,,,,,,,,,,,,,,,,,,,,,,,,,
27547,2019,10,14,22,15,13.9,0,0,0,1.4,,,,,,,,,,,,,,,,,,,,,,,,,,,,,,,,,,,,
27548,2019,10,14,22,30,13.9,0,0,0,1.4,,,,,,,,,,,,,,,,,,,,,,,,,,,,,,,,,,,,
27549,2019,10,14,22,45,13.8,0,0,0,1.4,,,,,,,,,,,,,,,,,,,,,,,,,,,,,,,,,,,,
27550,2019,10,14,23,0,13.7,0,0,0,1.4,,,,,,,,,,,,,,,,,,,,,,,,,,,,,,,,,,,,
27551,2019,10,14,23,15,13.7,0,0,0,1.4,,,,,,,,,,,,,,,,,,,,,,,,,,,,,,,,,,,,
27552,2019,10,14,23,30,13.6,0,0,0,1.4,,,,,,,,,,,,,,,,,,,,,,,,,,,,,,,,,,,,
27553,2019,10,14,23,45,13.6,0,0,0,1.5,,,,,,,,,,,,,,,,,,,,,,,,,,,,,,,,,,,,
27554,2019,10,15,0,0,13.5,0,0,0,1.5,,,,,,,,,,,,,,,,,,,,,,,,,,,,,,,,,,,,
27555,2019,10,15,0,15,13.5,0,0,0,1.5,,,,,,,,,,,,,,,,,,,,,,,,,,,,,,,,,,,,
27556,2019,10,15,0,30,13.5,0,0,0,1.5,,,,,,,,,,,,,,,,,,,,,,,,,,,,,,,,,,,,
27557,2019,10,15,0,45,13.5,0,0,0,1.5,,,,,,,,,,,,,,,,,,,,,,,,,,,,,,,,,,,,
27558,2019,10,15,1,0,13.3,0,0,0,1.6,,,,,,,,,,,,,,,,,,,,,,,,,,,,,,,,,,,,
27559,2019,10,15,1,15,13.2,0,0,0,1.6,,,,,,,,,,,,,,,,,,,,,,,,,,,,,,,,,,,,
27560,2019,10,15,1,30,13.2,0,0,0,1.6,,,,,,,,,,,,,,,,,,,,,,,,,,,,,,,,,,,,
27561,2019,10,15,1,45,13.1,0,0,0,1.6,,,,,,,,,,,,,,,,,,,,,,,,,,,,,,,,,,,,
27562,2019,10,15,2,0,13.0,0,0,0,1.6,,,,,,,,,,,,,,,,,,,,,,,,,,,,,,,,,,,,
27563,2019,10,15,2,15,13.0,0,0,0,1.7000000000000002,,,,,,,,,,,,,,,,,,,,,,,,,,,,,,,,,,,,
27564,2019,10,15,2,30,12.9,0,0,0,1.7000000000000002,,,,,,,,,,,,,,,,,,,,,,,,,,,,,,,,,,,,
27565,2019,10,15,2,45,12.9,0,0,0,1.7000000000000002,,,,,,,,,,,,,,,,,,,,,,,,,,,,,,,,,,,,
27566,2019,10,15,3,0,12.8,0,0,0,1.7000000000000002,,,,,,,,,,,,,,,,,,,,,,,,,,,,,,,,,,,,
27567,2019,10,15,3,15,12.7,0,0,0,1.7000000000000002,,,,,,,,,,,,,,,,,,,,,,,,,,,,,,,,,,,,
27568,2019,10,15,3,30,12.7,0,0,0,1.7000000000000002,,,,,,,,,,,,,,,,,,,,,,,,,,,,,,,,,,,,
27569,2019,10,15,3,45,12.6,0,0,0,1.7000000000000002,,,,,,,,,,,,,,,,,,,,,,,,,,,,,,,,,,,,
27570,2019,10,15,4,0,12.5,0,0,0,1.8,,,,,,,,,,,,,,,,,,,,,,,,,,,,,,,,,,,,
27571,2019,10,15,4,15,12.4,0,0,0,1.8,,,,,,,,,,,,,,,,,,,,,,,,,,,,,,,,,,,,
27572,2019,10,15,4,30,12.4,0,0,0,1.7000000000000002,,,,,,,,,,,,,,,,,,,,,,,,,,,,,,,,,,,,
27573,2019,10,15,4,45,12.3,0,0,0,1.7000000000000002,,,,,,,,,,,,,,,,,,,,,,,,,,,,,,,,,,,,
27574,2019,10,15,5,0,12.2,0,0,0,1.7000000000000002,,,,,,,,,,,,,,,,,,,,,,,,,,,,,,,,,,,,
27575,2019,10,15,5,15,12.2,0,0,0,1.7000000000000002,,,,,,,,,,,,,,,,,,,,,,,,,,,,,,,,,,,,
27576,2019,10,15,5,30,12.1,0,0,0,1.7000000000000002,,,,,,,,,,,,,,,,,,,,,,,,,,,,,,,,,,,,
27577,2019,10,15,5,45,12.0,0,0,0,1.7000000000000002,,,,,,,,,,,,,,,,,,,,,,,,,,,,,,,,,,,,
27578,2019,10,15,6,0,12.0,0,0,0,1.7000000000000002,,,,,,,,,,,,,,,,,,,,,,,,,,,,,,,,,,,,
27579,2019,10,15,6,15,12.2,0,0,0,1.8,,,,,,,,,,,,,,,,,,,,,,,,,,,,,,,,,,,,
27580,2019,10,15,6,30,12.4,0,0,0,1.8,,,,,,,,,,,,,,,,,,,,,,,,,,,,,,,,,,,,
27581,2019,10,15,6,45,12.6,0,0,0,1.9,,,,,,,,,,,,,,,,,,,,,,,,,,,,,,,,,,,,
27582,2019,10,15,7,0,12.8,17,0,17,2.0,,,,,,,,,,,,,,,,,,,,,,,,,,,,,,,,,,,,
27583,2019,10,15,7,15,13.2,28,15,30,2.1,,,,,,,,,,,,,,,,,,,,,,,,,,,,,,,,,,,,
27584,2019,10,15,7,30,13.7,42,50,48,2.3000000000000003,,,,,,,,,,,,,,,,,,,,,,,,,,,,,,,,,,,,
27585,2019,10,15,7,45,14.1,57,78,69,2.4000000000000004,,,,,,,,,,,,,,,,,,,,,,,,,,,,,,,,,,,,
27586,2019,10,15,8,0,14.6,71,104,91,2.6,,,,,,,,,,,,,,,,,,,,,,,,,,,,,,,,,,,,
27587,2019,10,15,8,15,14.9,85,135,116,2.5,,,,,,,,,,,,,,,,,,,,,,,,,,,,,,,,,,,,
27588,2019,10,15,8,30,15.3,99,153,139,2.4000000000000004,,,,,,,,,,,,,,,,,,,,,,,,,,,,,,,,,,,,
27589,2019,10,15,8,45,15.7,112,169,161,2.3000000000000003,,,,,,,,,,,,,,,,,,,,,,,,,,,,,,,,,,,,
27590,2019,10,15,9,0,16.0,124,203,189,2.2,,,,,,,,,,,,,,,,,,,,,,,,,,,,,,,,,,,,
27591,2019,10,15,9,15,16.5,140,144,190,2.1,,,,,,,,,,,,,,,,,,,,,,,,,,,,,,,,,,,,
27592,2019,10,15,9,30,16.900000000000002,148,219,230,2.0,,,,,,,,,,,,,,,,,,,,,,,,,,,,,,,,,,,,
27593,2019,10,15,9,45,17.3,151,297,268,2.0,,,,,,,,,,,,,,,,,,,,,,,,,,,,,,,,,,,,
27594,2019,10,15,10,0,17.7,158,317,290,1.9,,,,,,,,,,,,,,,,,,,,,,,,,,,,,,,,,,,,
27595,2019,10,15,10,15,18.2,163,346,313,1.9,,,,,,,,,,,,,,,,,,,,,,,,,,,,,,,,,,,,
27596,2019,10,15,10,30,18.7,183,272,305,1.8,,,,,,,,,,,,,,,,,,,,,,,,,,,,,,,,,,,,
27597,2019,10,15,10,45,19.200000000000003,102,710,431,1.8,,,,,,,,,,,,,,,,,,,,,,,,,,,,,,,,,,,,
27598,2019,10,15,11,0,19.8,103,718,444,1.8,,,,,,,,,,,,,,,,,,,,,,,,,,,,,,,,,,,,
27599,2019,10,15,11,15,20.200000000000003,104,724,455,1.8,,,,,,,,,,,,,,,,,,,,,,,,,,,,,,,,,,,,
27600,2019,10,15,11,30,20.700000000000003,105,728,462,1.8,,,,,,,,,,,,,,,,,,,,,,,,,,,,,,,,,,,,
27601,2019,10,15,11,45,21.200000000000003,105,730,467,1.7000000000000002,,,,,,,,,,,,,,,,,,,,,,,,,,,,,,,,,,,,
27602,2019,10,15,12,0,21.700000000000003,172,452,396,1.7000000000000002,,,,,,,,,,,,,,,,,,,,,,,,,,,,,,,,,,,,
27603,2019,10,15,12,15,21.9,198,321,357,1.6,,,,,,,,,,,,,,,,,,,,,,,,,,,,,,,,,,,,
27604,2019,10,15,12,30,22.200000000000003,188,365,367,1.5,,,,,,,,,,,,,,,,,,,,,,,,,,,,,,,,,,,,
27605,2019,10,15,12,45,22.5,175,414,375,1.4,,,,,,,,,,,,,,,,,,,,,,,,,,,,,,,,,,,,
27606,2019,10,15,13,0,22.8,194,286,330,1.3,,,,,,,,,,,,,,,,,,,,,,,,,,,,,,,,,,,,
27607,2019,10,15,13,15,22.9,182,320,331,1.2000000000000002,,,,,,,,,,,,,,,,,,,,,,,,,,,,,,,,,,,,
27608,2019,10,15,13,30,23.0,180,286,309,1.1,,,,,,,,,,,,,,,,,,,,,,,,,,,,,,,,,,,,
27609,2019,10,15,13,45,23.1,183,187,264,1.0,,,,,,,,,,,,,,,,,,,,,,,,,,,,,,,,,,,,
27610,2019,10,15,14,0,23.200000000000003,167,249,270,0.8,,,,,,,,,,,,,,,,,,,,,,,,,,,,,,,,,,,,
27611,2019,10,15,14,15,23.200000000000003,140,364,283,0.8,,,,,,,,,,,,,,,,,,,,,,,,,,,,,,,,,,,,
27612,2019,10,15,14,30,23.1,130,359,263,0.7000000000000001,,,,,,,,,,,,,,,,,,,,,,,,,,,,,,,,,,,,
27613,2019,10,15,14,45,23.0,139,157,193,0.6000000000000001,,,,,,,,,,,,,,,,,,,,,,,,,,,,,,,,,,,,
27614,2019,10,15,15,0,22.9,114,302,209,0.5,,,,,,,,,,,,,,,,,,,,,,,,,,,,,,,,,,,,
27615,2019,10,15,15,15,22.4,97,338,194,0.5,,,,,,,,,,,,,,,,,,,,,,,,,,,,,,,,,,,,
27616,2019,10,15,15,30,22.0,86,318,167,0.5,,,,,,,,,,,,,,,,,,,,,,,,,,,,,,,,,,,,
27617,2019,10,15,15,45,21.5,75,291,140,0.6000000000000001,,,,,,,,,,,,,,,,,,,,,,,,,,,,,,,,,,,,
27618,2019,10,15,16,0,21.1,64,263,114,0.6000000000000001,,,,,,,,,,,,,,,,,,,,,,,,,,,,,,,,,,,,
27619,2019,10,15,16,15,20.3,52,230,87,0.7000000000000001,,,,,,,,,,,,,,,,,,,,,,,,,,,,,,,,,,,,
27620,2019,10,15,16,30,19.6,40,191,63,0.8,,,,,,,,,,,,,,,,,,,,,,,,,,,,,,,,,,,,
27621,2019,10,15,16,45,18.8,28,140,39,0.9,,,,,,,,,,,,,,,,,,,,,,,,,,,,,,,,,,,,
27622,2019,10,15,17,0,18.1,17,57,19,1.0,,,,,,,,,,,,,,,,,,,,,,,,,,,,,,,,,,,,
27623,2019,10,15,17,15,17.7,0,0,0,1.0,,,,,,,,,,,,,,,,,,,,,,,,,,,,,,,,,,,,
27624,2019,10,15,17,30,17.3,0,0,0,1.0,,,,,,,,,,,,,,,,,,,,,,,,,,,,,,,,,,,,
27625,2019,10,15,17,45,16.900000000000002,0,0,0,1.0,,,,,,,,,,,,,,,,,,,,,,,,,,,,,,,,,,,,
27626,2019,10,15,18,0,16.6,0,0,0,1.0,,,,,,,,,,,,,,,,,,,,,,,,,,,,,,,,,,,,
27627,2019,10,15,18,15,16.400000000000002,0,0,0,1.0,,,,,,,,,,,,,,,,,,,,,,,,,,,,,,,,,,,,
27628,2019,10,15,18,30,16.2,0,0,0,1.0,,,,,,,,,,,,,,,,,,,,,,,,,,,,,,,,,,,,
27629,2019,10,15,18,45,16.0,0,0,0,0.9,,,,,,,,,,,,,,,,,,,,,,,,,,,,,,,,,,,,
27630,2019,10,15,19,0,15.9,0,0,0,0.9,,,,,,,,,,,,,,,,,,,,,,,,,,,,,,,,,,,,
27631,2019,10,15,19,15,15.7,0,0,0,0.9,,,,,,,,,,,,,,,,,,,,,,,,,,,,,,,,,,,,
27632,2019,10,15,19,30,15.6,0,0,0,0.9,,,,,,,,,,,,,,,,,,,,,,,,,,,,,,,,,,,,
27633,2019,10,15,19,45,15.5,0,0,0,0.8,,,,,,,,,,,,,,,,,,,,,,,,,,,,,,,,,,,,
27634,2019,10,15,20,0,15.4,0,0,0,0.8,,,,,,,,,,,,,,,,,,,,,,,,,,,,,,,,,,,,
27635,2019,10,15,20,15,15.2,0,0,0,0.8,,,,,,,,,,,,,,,,,,,,,,,,,,,,,,,,,,,,
27636,2019,10,15,20,30,15.0,0,0,0,0.8,,,,,,,,,,,,,,,,,,,,,,,,,,,,,,,,,,,,
27637,2019,10,15,20,45,14.8,0,0,0,0.7000000000000001,,,,,,,,,,,,,,,,,,,,,,,,,,,,,,,,,,,,
27638,2019,10,15,21,0,14.6,0,0,0,0.7000000000000001,,,,,,,,,,,,,,,,,,,,,,,,,,,,,,,,,,,,
27639,2019,10,15,21,15,14.5,0,0,0,0.7000000000000001,,,,,,,,,,,,,,,,,,,,,,,,,,,,,,,,,,,,
27640,2019,10,15,21,30,14.4,0,0,0,0.7000000000000001,,,,,,,,,,,,,,,,,,,,,,,,,,,,,,,,,,,,
27641,2019,10,15,21,45,14.3,0,0,0,0.8,,,,,,,,,,,,,,,,,,,,,,,,,,,,,,,,,,,,
27642,2019,10,15,22,0,14.2,0,0,0,0.8,,,,,,,,,,,,,,,,,,,,,,,,,,,,,,,,,,,,
27643,2019,10,15,22,15,14.1,0,0,0,0.9,,,,,,,,,,,,,,,,,,,,,,,,,,,,,,,,,,,,
27644,2019,10,15,22,30,14.0,0,0,0,1.1,,,,,,,,,,,,,,,,,,,,,,,,,,,,,,,,,,,,
27645,2019,10,15,22,45,13.9,0,0,0,1.2000000000000002,,,,,,,,,,,,,,,,,,,,,,,,,,,,,,,,,,,,
27646,2019,10,15,23,0,13.8,0,0,0,1.4,,,,,,,,,,,,,,,,,,,,,,,,,,,,,,,,,,,,
27647,2019,10,15,23,15,13.7,0,0,0,1.5,,,,,,,,,,,,,,,,,,,,,,,,,,,,,,,,,,,,
27648,2019,10,15,23,30,13.7,0,0,0,1.7000000000000002,,,,,,,,,,,,,,,,,,,,,,,,,,,,,,,,,,,,
27649,2019,10,15,23,45,13.7,0,0,0,1.9,,,,,,,,,,,,,,,,,,,,,,,,,,,,,,,,,,,,
27650,2019,10,16,0,0,13.6,0,0,0,2.1,,,,,,,,,,,,,,,,,,,,,,,,,,,,,,,,,,,,
27651,2019,10,16,0,15,13.6,0,0,0,2.1,,,,,,,,,,,,,,,,,,,,,,,,,,,,,,,,,,,,
27652,2019,10,16,0,30,13.6,0,0,0,2.1,,,,,,,,,,,,,,,,,,,,,,,,,,,,,,,,,,,,
27653,2019,10,16,0,45,13.6,0,0,0,2.1,,,,,,,,,,,,,,,,,,,,,,,,,,,,,,,,,,,,
27654,2019,10,16,1,0,13.7,0,0,0,2.9000000000000004,,,,,,,,,,,,,,,,,,,,,,,,,,,,,,,,,,,,
27655,2019,10,16,1,15,13.7,0,0,0,3.3000000000000003,,,,,,,,,,,,,,,,,,,,,,,,,,,,,,,,,,,,
27656,2019,10,16,1,30,13.8,0,0,0,3.7,,,,,,,,,,,,,,,,,,,,,,,,,,,,,,,,,,,,
27657,2019,10,16,1,45,13.8,0,0,0,4.0,,,,,,,,,,,,,,,,,,,,,,,,,,,,,,,,,,,,
27658,2019,10,16,2,0,13.9,0,0,0,4.4,,,,,,,,,,,,,,,,,,,,,,,,,,,,,,,,,,,,
27659,2019,10,16,2,15,13.8,0,0,0,4.6000000000000005,,,,,,,,,,,,,,,,,,,,,,,,,,,,,,,,,,,,
27660,2019,10,16,2,30,13.7,0,0,0,4.9,,,,,,,,,,,,,,,,,,,,,,,,,,,,,,,,,,,,
27661,2019,10,16,2,45,13.6,0,0,0,5.1000000000000005,,,,,,,,,,,,,,,,,,,,,,,,,,,,,,,,,,,,
27662,2019,10,16,3,0,13.5,0,0,0,5.4,,,,,,,,,,,,,,,,,,,,,,,,,,,,,,,,,,,,
27663,2019,10,16,3,15,13.3,0,0,0,5.5,,,,,,,,,,,,,,,,,,,,,,,,,,,,,,,,,,,,
27664,2019,10,16,3,30,13.1,0,0,0,5.7,,,,,,,,,,,,,,,,,,,,,,,,,,,,,,,,,,,,
27665,2019,10,16,3,45,12.9,0,0,0,5.800000000000001,,,,,,,,,,,,,,,,,,,,,,,,,,,,,,,,,,,,
27666,2019,10,16,4,0,12.7,0,0,0,6.0,,,,,,,,,,,,,,,,,,,,,,,,,,,,,,,,,,,,
27667,2019,10,16,4,15,12.6,0,0,0,6.1000000000000005,,,,,,,,,,,,,,,,,,,,,,,,,,,,,,,,,,,,
27668,2019,10,16,4,30,12.5,0,0,0,6.1000000000000005,,,,,,,,,,,,,,,,,,,,,,,,,,,,,,,,,,,,
27669,2019,10,16,4,45,12.4,0,0,0,6.2,,,,,,,,,,,,,,,,,,,,,,,,,,,,,,,,,,,,
27670,2019,10,16,5,0,12.2,0,0,0,6.300000000000001,,,,,,,,,,,,,,,,,,,,,,,,,,,,,,,,,,,,
27671,2019,10,16,5,15,12.2,0,0,0,6.2,,,,,,,,,,,,,,,,,,,,,,,,,,,,,,,,,,,,
27672,2019,10,16,5,30,12.1,0,0,0,6.1000000000000005,,,,,,,,,,,,,,,,,,,,,,,,,,,,,,,,,,,,
27673,2019,10,16,5,45,12.0,0,0,0,6.0,,,,,,,,,,,,,,,,,,,,,,,,,,,,,,,,,,,,
27674,2019,10,16,6,0,11.9,0,0,0,5.9,,,,,,,,,,,,,,,,,,,,,,,,,,,,,,,,,,,,
27675,2019,10,16,6,15,11.9,0,0,0,5.800000000000001,,,,,,,,,,,,,,,,,,,,,,,,,,,,,,,,,,,,
27676,2019,10,16,6,30,11.8,0,0,0,5.6000000000000005,,,,,,,,,,,,,,,,,,,,,,,,,,,,,,,,,,,,
27677,2019,10,16,6,45,11.8,0,0,0,5.5,,,,,,,,,,,,,,,,,,,,,,,,,,,,,,,,,,,,
27678,2019,10,16,7,0,11.7,2,0,2,5.300000000000001,,,,,,,,,,,,,,,,,,,,,,,,,,,,,,,,,,,,
27679,2019,10,16,7,15,11.8,4,0,4,5.2,,,,,,,,,,,,,,,,,,,,,,,,,,,,,,,,,,,,
27680,2019,10,16,7,30,11.8,5,0,5,5.1000000000000005,,,,,,,,,,,,,,,,,,,,,,,,,,,,,,,,,,,,
27681,2019,10,16,7,45,11.9,6,0,6,5.0,,,,,,,,,,,,,,,,,,,,,,,,,,,,,,,,,,,,
27682,2019,10,16,8,0,12.0,7,0,7,4.9,,,,,,,,,,,,,,,,,,,,,,,,,,,,,,,,,,,,
27683,2019,10,16,8,15,12.1,12,0,12,5.0,,,,,,,,,,,,,,,,,,,,,,,,,,,,,,,,,,,,
27684,2019,10,16,8,30,12.2,14,0,14,5.0,,,,,,,,,,,,,,,,,,,,,,,,,,,,,,,,,,,,
27685,2019,10,16,8,45,12.4,17,0,17,5.1000000000000005,,,,,,,,,,,,,,,,,,,,,,,,,,,,,,,,,,,,
27686,2019,10,16,9,0,12.5,19,0,19,5.1000000000000005,,,,,,,,,,,,,,,,,,,,,,,,,,,,,,,,,,,,
27687,2019,10,16,9,15,12.7,22,0,22,5.2,,,,,,,,,,,,,,,,,,,,,,,,,,,,,,,,,,,,
27688,2019,10,16,9,30,13.0,13,0,13,5.300000000000001,,,,,,,,,,,,,,,,,,,,,,,,,,,,,,,,,,,,
27689,2019,10,16,9,45,13.2,18,0,18,5.4,,,,,,,,,,,,,,,,,,,,,,,,,,,,,,,,,,,,
27690,2019,10,16,10,0,13.4,19,0,19,5.5,,,,,,,,,,,,,,,,,,,,,,,,,,,,,,,,,,,,
27691,2019,10,16,10,15,13.6,31,0,31,5.6000000000000005,,,,,,,,,,,,,,,,,,,,,,,,,,,,,,,,,,,,
27692,2019,10,16,10,30,13.8,18,0,18,5.6000000000000005,,,,,,,,,,,,,,,,,,,,,,,,,,,,,,,,,,,,
27693,2019,10,16,10,45,14.0,22,0,22,5.6000000000000005,,,,,,,,,,,,,,,,,,,,,,,,,,,,,,,,,,,,
27694,2019,10,16,11,0,14.2,23,0,23,5.7,,,,,,,,,,,,,,,,,,,,,,,,,,,,,,,,,,,,
27695,2019,10,16,11,15,14.3,25,0,25,5.6000000000000005,,,,,,,,,,,,,,,,,,,,,,,,,,,,,,,,,,,,
27696,2019,10,16,11,30,14.5,25,0,25,5.6000000000000005,,,,,,,,,,,,,,,,,,,,,,,,,,,,,,,,,,,,
27697,2019,10,16,11,45,14.6,24,0,24,5.6000000000000005,,,,,,,,,,,,,,,,,,,,,,,,,,,,,,,,,,,,
27698,2019,10,16,12,0,14.8,30,0,30,5.6000000000000005,,,,,,,,,,,,,,,,,,,,,,,,,,,,,,,,,,,,
27699,2019,10,16,12,15,14.9,25,0,25,5.5,,,,,,,,,,,,,,,,,,,,,,,,,,,,,,,,,,,,
27700,2019,10,16,12,30,15.0,25,0,25,5.4,,,,,,,,,,,,,,,,,,,,,,,,,,,,,,,,,,,,
27701,2019,10,16,12,45,15.1,24,0,24,5.300000000000001,,,,,,,,,,,,,,,,,,,,,,,,,,,,,,,,,,,,
27702,2019,10,16,13,0,15.2,148,0,148,5.300000000000001,,,,,,,,,,,,,,,,,,,,,,,,,,,,,,,,,,,,
27703,2019,10,16,13,15,15.3,144,0,144,5.1000000000000005,,,,,,,,,,,,,,,,,,,,,,,,,,,,,,,,,,,,
27704,2019,10,16,13,30,15.3,168,26,179,5.0,,,,,,,,,,,,,,,,,,,,,,,,,,,,,,,,,,,,
27705,2019,10,16,13,45,15.4,174,58,198,4.9,,,,,,,,,,,,,,,,,,,,,,,,,,,,,,,,,,,,
27706,2019,10,16,14,0,15.5,172,133,226,4.800000000000001,,,,,,,,,,,,,,,,,,,,,,,,,,,,,,,,,,,,
27707,2019,10,16,14,15,15.5,159,86,192,4.7,,,,,,,,,,,,,,,,,,,,,,,,,,,,,,,,,,,,
27708,2019,10,16,14,30,15.6,78,689,329,4.6000000000000005,,,,,,,,,,,,,,,,,,,,,,,,,,,,,,,,,,,,
27709,2019,10,16,14,45,15.6,74,674,302,4.4,,,,,,,,,,,,,,,,,,,,,,,,,,,,,,,,,,,,
27710,2019,10,16,15,0,15.6,70,647,272,4.3,,,,,,,,,,,,,,,,,,,,,,,,,,,,,,,,,,,,
27711,2019,10,16,15,15,15.4,67,616,240,4.0,,,,,,,,,,,,,,,,,,,,,,,,,,,,,,,,,,,,
27712,2019,10,16,15,30,15.1,62,578,207,3.7,,,,,,,,,,,,,,,,,,,,,,,,,,,,,,,,,,,,
27713,2019,10,16,15,45,14.8,78,21,83,3.4000000000000004,,,,,,,,,,,,,,,,,,,,,,,,,,,,,,,,,,,,
27714,2019,10,16,16,0,14.6,53,469,140,3.1,,,,,,,,,,,,,,,,,,,,,,,,,,,,,,,,,,,,
27715,2019,10,16,16,15,14.1,46,404,106,2.9000000000000004,,,,,,,,,,,,,,,,,,,,,,,,,,,,,,,,,,,,
27716,2019,10,16,16,30,13.7,33,0,33,2.8000000000000003,,,,,,,,,,,,,,,,,,,,,,,,,,,,,,,,,,,,
27717,2019,10,16,16,45,13.2,20,0,20,2.7,,,,,,,,,,,,,,,,,,,,,,,,,,,,,,,,,,,,
27718,2019,10,16,17,0,12.7,9,0,9,2.5,,,,,,,,,,,,,,,,,,,,,,,,,,,,,,,,,,,,
27719,2019,10,16,17,15,12.7,0,0,0,2.7,,,,,,,,,,,,,,,,,,,,,,,,,,,,,,,,,,,,
27720,2019,10,16,17,30,12.7,0,0,0,2.9000000000000004,,,,,,,,,,,,,,,,,,,,,,,,,,,,,,,,,,,,
27721,2019,10,16,17,45,12.7,0,0,0,3.1,,,,,,,,,,,,,,,,,,,,,,,,,,,,,,,,,,,,
27722,2019,10,16,18,0,12.7,0,0,0,3.3000000000000003,,,,,,,,,,,,,,,,,,,,,,,,,,,,,,,,,,,,
27723,2019,10,16,18,15,12.7,0,0,0,3.4000000000000004,,,,,,,,,,,,,,,,,,,,,,,,,,,,,,,,,,,,
27724,2019,10,16,18,30,12.7,0,0,0,3.6,,,,,,,,,,,,,,,,,,,,,,,,,,,,,,,,,,,,
27725,2019,10,16,18,45,12.7,0,0,0,3.7,,,,,,,,,,,,,,,,,,,,,,,,,,,,,,,,,,,,
27726,2019,10,16,19,0,12.7,0,0,0,3.8,,,,,,,,,,,,,,,,,,,,,,,,,,,,,,,,,,,,
27727,2019,10,16,19,15,12.7,0,0,0,3.8,,,,,,,,,,,,,,,,,,,,,,,,,,,,,,,,,,,,
27728,2019,10,16,19,30,12.6,0,0,0,3.8,,,,,,,,,,,,,,,,,,,,,,,,,,,,,,,,,,,,
27729,2019,10,16,19,45,12.6,0,0,0,3.8,,,,,,,,,,,,,,,,,,,,,,,,,,,,,,,,,,,,
27730,2019,10,16,20,0,12.5,0,0,0,3.8,,,,,,,,,,,,,,,,,,,,,,,,,,,,,,,,,,,,
27731,2019,10,16,20,15,12.5,0,0,0,3.8,,,,,,,,,,,,,,,,,,,,,,,,,,,,,,,,,,,,
27732,2019,10,16,20,30,12.5,0,0,0,3.8,,,,,,,,,,,,,,,,,,,,,,,,,,,,,,,,,,,,
27733,2019,10,16,20,45,12.4,0,0,0,3.8,,,,,,,,,,,,,,,,,,,,,,,,,,,,,,,,,,,,
27734,2019,10,16,21,0,12.4,0,0,0,3.8,,,,,,,,,,,,,,,,,,,,,,,,,,,,,,,,,,,,
27735,2019,10,16,21,15,12.4,0,0,0,3.7,,,,,,,,,,,,,,,,,,,,,,,,,,,,,,,,,,,,
27736,2019,10,16,21,30,12.4,0,0,0,3.6,,,,,,,,,,,,,,,,,,,,,,,,,,,,,,,,,,,,
27737,2019,10,16,21,45,12.3,0,0,0,3.6,,,,,,,,,,,,,,,,,,,,,,,,,,,,,,,,,,,,
27738,2019,10,16,22,0,12.3,0,0,0,3.5,,,,,,,,,,,,,,,,,,,,,,,,,,,,,,,,,,,,
27739,2019,10,16,22,15,12.3,0,0,0,3.4000000000000004,,,,,,,,,,,,,,,,,,,,,,,,,,,,,,,,,,,,
27740,2019,10,16,22,30,12.3,0,0,0,3.4000000000000004,,,,,,,,,,,,,,,,,,,,,,,,,,,,,,,,,,,,
27741,2019,10,16,22,45,12.2,0,0,0,3.3000000000000003,,,,,,,,,,,,,,,,,,,,,,,,,,,,,,,,,,,,
27742,2019,10,16,23,0,12.2,0,0,0,3.2,,,,,,,,,,,,,,,,,,,,,,,,,,,,,,,,,,,,
27743,2019,10,16,23,15,12.1,0,0,0,3.2,,,,,,,,,,,,,,,,,,,,,,,,,,,,,,,,,,,,
27744,2019,10,16,23,30,12.1,0,0,0,3.1,,,,,,,,,,,,,,,,,,,,,,,,,,,,,,,,,,,,
27745,2019,10,16,23,45,12.0,0,0,0,3.1,,,,,,,,,,,,,,,,,,,,,,,,,,,,,,,,,,,,
27746,2019,10,17,0,0,11.9,0,0,0,3.1,,,,,,,,,,,,,,,,,,,,,,,,,,,,,,,,,,,,
27747,2019,10,17,0,15,11.9,0,0,0,3.1,,,,,,,,,,,,,,,,,,,,,,,,,,,,,,,,,,,,
27748,2019,10,17,0,30,11.9,0,0,0,3.1,,,,,,,,,,,,,,,,,,,,,,,,,,,,,,,,,,,,
27749,2019,10,17,0,45,11.9,0,0,0,3.1,,,,,,,,,,,,,,,,,,,,,,,,,,,,,,,,,,,,
27750,2019,10,17,1,0,11.6,0,0,0,3.1,,,,,,,,,,,,,,,,,,,,,,,,,,,,,,,,,,,,
27751,2019,10,17,1,15,11.5,0,0,0,3.1,,,,,,,,,,,,,,,,,,,,,,,,,,,,,,,,,,,,
27752,2019,10,17,1,30,11.4,0,0,0,3.0,,,,,,,,,,,,,,,,,,,,,,,,,,,,,,,,,,,,
27753,2019,10,17,1,45,11.4,0,0,0,3.0,,,,,,,,,,,,,,,,,,,,,,,,,,,,,,,,,,,,
27754,2019,10,17,2,0,11.3,0,0,0,3.0,,,,,,,,,,,,,,,,,,,,,,,,,,,,,,,,,,,,
27755,2019,10,17,2,15,11.2,0,0,0,3.1,,,,,,,,,,,,,,,,,,,,,,,,,,,,,,,,,,,,
27756,2019,10,17,2,30,11.2,0,0,0,3.1,,,,,,,,,,,,,,,,,,,,,,,,,,,,,,,,,,,,
27757,2019,10,17,2,45,11.1,0,0,0,3.2,,,,,,,,,,,,,,,,,,,,,,,,,,,,,,,,,,,,
27758,2019,10,17,3,0,11.1,0,0,0,3.2,,,,,,,,,,,,,,,,,,,,,,,,,,,,,,,,,,,,
27759,2019,10,17,3,15,11.0,0,0,0,3.2,,,,,,,,,,,,,,,,,,,,,,,,,,,,,,,,,,,,
27760,2019,10,17,3,30,11.0,0,0,0,3.3000000000000003,,,,,,,,,,,,,,,,,,,,,,,,,,,,,,,,,,,,
27761,2019,10,17,3,45,11.0,0,0,0,3.3000000000000003,,,,,,,,,,,,,,,,,,,,,,,,,,,,,,,,,,,,
27762,2019,10,17,4,0,11.0,0,0,0,3.4000000000000004,,,,,,,,,,,,,,,,,,,,,,,,,,,,,,,,,,,,
27763,2019,10,17,4,15,10.9,0,0,0,3.4000000000000004,,,,,,,,,,,,,,,,,,,,,,,,,,,,,,,,,,,,
27764,2019,10,17,4,30,10.9,0,0,0,3.4000000000000004,,,,,,,,,,,,,,,,,,,,,,,,,,,,,,,,,,,,
27765,2019,10,17,4,45,10.9,0,0,0,3.4000000000000004,,,,,,,,,,,,,,,,,,,,,,,,,,,,,,,,,,,,
27766,2019,10,17,5,0,10.9,0,0,0,3.4000000000000004,,,,,,,,,,,,,,,,,,,,,,,,,,,,,,,,,,,,
27767,2019,10,17,5,15,10.9,0,0,0,3.4000000000000004,,,,,,,,,,,,,,,,,,,,,,,,,,,,,,,,,,,,
27768,2019,10,17,5,30,10.9,0,0,0,3.4000000000000004,,,,,,,,,,,,,,,,,,,,,,,,,,,,,,,,,,,,
27769,2019,10,17,5,45,10.9,0,0,0,3.4000000000000004,,,,,,,,,,,,,,,,,,,,,,,,,,,,,,,,,,,,
27770,2019,10,17,6,0,10.8,0,0,0,3.4000000000000004,,,,,,,,,,,,,,,,,,,,,,,,,,,,,,,,,,,,
27771,2019,10,17,6,15,10.8,0,0,0,3.4000000000000004,,,,,,,,,,,,,,,,,,,,,,,,,,,,,,,,,,,,
27772,2019,10,17,6,30,10.8,0,0,0,3.4000000000000004,,,,,,,,,,,,,,,,,,,,,,,,,,,,,,,,,,,,
27773,2019,10,17,6,45,10.8,0,0,0,3.4000000000000004,,,,,,,,,,,,,,,,,,,,,,,,,,,,,,,,,,,,
27774,2019,10,17,7,0,10.8,8,0,8,3.4000000000000004,,,,,,,,,,,,,,,,,,,,,,,,,,,,,,,,,,,,
27775,2019,10,17,7,15,11.1,15,0,15,3.6,,,,,,,,,,,,,,,,,,,,,,,,,,,,,,,,,,,,
27776,2019,10,17,7,30,11.4,22,0,22,3.7,,,,,,,,,,,,,,,,,,,,,,,,,,,,,,,,,,,,
27777,2019,10,17,7,45,11.8,30,0,30,3.8,,,,,,,,,,,,,,,,,,,,,,,,,,,,,,,,,,,,
27778,2019,10,17,8,0,12.1,38,0,38,4.0,,,,,,,,,,,,,,,,,,,,,,,,,,,,,,,,,,,,
27779,2019,10,17,8,15,12.6,47,0,47,4.1000000000000005,,,,,,,,,,,,,,,,,,,,,,,,,,,,,,,,,,,,
27780,2019,10,17,8,30,13.2,56,0,56,4.2,,,,,,,,,,,,,,,,,,,,,,,,,,,,,,,,,,,,
27781,2019,10,17,8,45,13.8,66,0,66,4.3,,,,,,,,,,,,,,,,,,,,,,,,,,,,,,,,,,,,
27782,2019,10,17,9,0,14.3,76,0,76,4.4,,,,,,,,,,,,,,,,,,,,,,,,,,,,,,,,,,,,
27783,2019,10,17,9,15,14.9,42,0,42,4.6000000000000005,,,,,,,,,,,,,,,,,,,,,,,,,,,,,,,,,,,,
27784,2019,10,17,9,30,15.4,47,0,47,4.800000000000001,,,,,,,,,,,,,,,,,,,,,,,,,,,,,,,,,,,,
27785,2019,10,17,9,45,16.0,52,0,52,5.0,,,,,,,,,,,,,,,,,,,,,,,,,,,,,,,,,,,,
27786,2019,10,17,10,0,16.5,56,0,56,5.2,,,,,,,,,,,,,,,,,,,,,,,,,,,,,,,,,,,,
27787,2019,10,17,10,15,16.8,60,0,60,5.300000000000001,,,,,,,,,,,,,,,,,,,,,,,,,,,,,,,,,,,,
27788,2019,10,17,10,30,17.1,64,0,64,5.300000000000001,,,,,,,,,,,,,,,,,,,,,,,,,,,,,,,,,,,,
27789,2019,10,17,10,45,17.3,67,0,67,5.300000000000001,,,,,,,,,,,,,,,,,,,,,,,,,,,,,,,,,,,,
27790,2019,10,17,11,0,17.6,70,0,70,5.4,,,,,,,,,,,,,,,,,,,,,,,,,,,,,,,,,,,,
27791,2019,10,17,11,15,17.7,72,0,72,5.300000000000001,,,,,,,,,,,,,,,,,,,,,,,,,,,,,,,,,,,,
27792,2019,10,17,11,30,17.8,74,0,74,5.2,,,,,,,,,,,,,,,,,,,,,,,,,,,,,,,,,,,,
27793,2019,10,17,11,45,17.900000000000002,75,0,75,5.1000000000000005,,,,,,,,,,,,,,,,,,,,,,,,,,,,,,,,,,,,
27794,2019,10,17,12,0,18.0,75,0,75,5.0,,,,,,,,,,,,,,,,,,,,,,,,,,,,,,,,,,,,
27795,2019,10,17,12,15,18.0,75,0,75,4.9,,,,,,,,,,,,,,,,,,,,,,,,,,,,,,,,,,,,
27796,2019,10,17,12,30,18.0,74,0,74,4.800000000000001,,,,,,,,,,,,,,,,,,,,,,,,,,,,,,,,,,,,
27797,2019,10,17,12,45,18.0,73,0,73,4.7,,,,,,,,,,,,,,,,,,,,,,,,,,,,,,,,,,,,
27798,2019,10,17,13,0,18.0,120,0,120,4.6000000000000005,,,,,,,,,,,,,,,,,,,,,,,,,,,,,,,,,,,,
27799,2019,10,17,13,15,18.0,168,21,177,4.5,,,,,,,,,,,,,,,,,,,,,,,,,,,,,,,,,,,,
27800,2019,10,17,13,30,17.900000000000002,119,0,119,4.4,,,,,,,,,,,,,,,,,,,,,,,,,,,,,,,,,,,,
27801,2019,10,17,13,45,17.900000000000002,51,0,51,4.3,,,,,,,,,,,,,,,,,,,,,,,,,,,,,,,,,,,,
27802,2019,10,17,14,0,17.900000000000002,120,0,120,4.2,,,,,,,,,,,,,,,,,,,,,,,,,,,,,,,,,,,,
27803,2019,10,17,14,15,17.8,26,0,26,4.0,,,,,,,,,,,,,,,,,,,,,,,,,,,,,,,,,,,,
27804,2019,10,17,14,30,17.7,24,0,24,3.9,,,,,,,,,,,,,,,,,,,,,,,,,,,,,,,,,,,,
27805,2019,10,17,14,45,17.6,22,0,22,3.8,,,,,,,,,,,,,,,,,,,,,,,,,,,,,,,,,,,,
27806,2019,10,17,15,0,17.5,20,0,20,3.6,,,,,,,,,,,,,,,,,,,,,,,,,,,,,,,,,,,,
27807,2019,10,17,15,15,17.2,16,0,16,3.3000000000000003,,,,,,,,,,,,,,,,,,,,,,,,,,,,,,,,,,,,
27808,2019,10,17,15,30,16.900000000000002,13,0,13,2.9000000000000004,,,,,,,,,,,,,,,,,,,,,,,,,,,,,,,,,,,,
27809,2019,10,17,15,45,16.7,57,516,167,2.5,,,,,,,,,,,,,,,,,,,,,,,,,,,,,,,,,,,,
27810,2019,10,17,16,0,16.400000000000002,51,459,133,2.1,,,,,,,,,,,,,,,,,,,,,,,,,,,,,,,,,,,,
27811,2019,10,17,16,15,15.8,44,394,100,1.9,,,,,,,,,,,,,,,,,,,,,,,,,,,,,,,,,,,,
27812,2019,10,17,16,30,15.2,35,314,69,1.7000000000000002,,,,,,,,,,,,,,,,,,,,,,,,,,,,,,,,,,,,
27813,2019,10,17,16,45,14.6,25,222,41,1.5,,,,,,,,,,,,,,,,,,,,,,,,,,,,,,,,,,,,
27814,2019,10,17,17,0,14.0,15,115,18,1.3,,,,,,,,,,,,,,,,,,,,,,,,,,,,,,,,,,,,
27815,2019,10,17,17,15,13.8,0,0,0,1.4,,,,,,,,,,,,,,,,,,,,,,,,,,,,,,,,,,,,
27816,2019,10,17,17,30,13.7,0,0,0,1.4,,,,,,,,,,,,,,,,,,,,,,,,,,,,,,,,,,,,
27817,2019,10,17,17,45,13.5,0,0,0,1.4,,,,,,,,,,,,,,,,,,,,,,,,,,,,,,,,,,,,
27818,2019,10,17,18,0,13.4,0,0,0,1.5,,,,,,,,,,,,,,,,,,,,,,,,,,,,,,,,,,,,
27819,2019,10,17,18,15,13.4,0,0,0,1.5,,,,,,,,,,,,,,,,,,,,,,,,,,,,,,,,,,,,
27820,2019,10,17,18,30,13.3,0,0,0,1.6,,,,,,,,,,,,,,,,,,,,,,,,,,,,,,,,,,,,
27821,2019,10,17,18,45,13.3,0,0,0,1.7000000000000002,,,,,,,,,,,,,,,,,,,,,,,,,,,,,,,,,,,,
27822,2019,10,17,19,0,13.3,0,0,0,1.7000000000000002,,,,,,,,,,,,,,,,,,,,,,,,,,,,,,,,,,,,
27823,2019,10,17,19,15,13.3,0,0,0,1.8,,,,,,,,,,,,,,,,,,,,,,,,,,,,,,,,,,,,
27824,2019,10,17,19,30,13.3,0,0,0,1.9,,,,,,,,,,,,,,,,,,,,,,,,,,,,,,,,,,,,
27825,2019,10,17,19,45,13.3,0,0,0,2.0,,,,,,,,,,,,,,,,,,,,,,,,,,,,,,,,,,,,
27826,2019,10,17,20,0,13.3,0,0,0,2.1,,,,,,,,,,,,,,,,,,,,,,,,,,,,,,,,,,,,
27827,2019,10,17,20,15,13.3,0,0,0,2.2,,,,,,,,,,,,,,,,,,,,,,,,,,,,,,,,,,,,
27828,2019,10,17,20,30,13.3,0,0,0,2.3000000000000003,,,,,,,,,,,,,,,,,,,,,,,,,,,,,,,,,,,,
27829,2019,10,17,20,45,13.3,0,0,0,2.4000000000000004,,,,,,,,,,,,,,,,,,,,,,,,,,,,,,,,,,,,
27830,2019,10,17,21,0,13.3,0,0,0,2.5,,,,,,,,,,,,,,,,,,,,,,,,,,,,,,,,,,,,
27831,2019,10,17,21,15,13.3,0,0,0,2.6,,,,,,,,,,,,,,,,,,,,,,,,,,,,,,,,,,,,
27832,2019,10,17,21,30,13.3,0,0,0,2.6,,,,,,,,,,,,,,,,,,,,,,,,,,,,,,,,,,,,
27833,2019,10,17,21,45,13.2,0,0,0,2.7,,,,,,,,,,,,,,,,,,,,,,,,,,,,,,,,,,,,
27834,2019,10,17,22,0,13.2,0,0,0,2.7,,,,,,,,,,,,,,,,,,,,,,,,,,,,,,,,,,,,
27835,2019,10,17,22,15,13.2,0,0,0,2.8000000000000003,,,,,,,,,,,,,,,,,,,,,,,,,,,,,,,,,,,,
27836,2019,10,17,22,30,13.2,0,0,0,2.8000000000000003,,,,,,,,,,,,,,,,,,,,,,,,,,,,,,,,,,,,
27837,2019,10,17,22,45,13.1,0,0,0,2.9000000000000004,,,,,,,,,,,,,,,,,,,,,,,,,,,,,,,,,,,,
27838,2019,10,17,23,0,13.1,0,0,0,2.9000000000000004,,,,,,,,,,,,,,,,,,,,,,,,,,,,,,,,,,,,
27839,2019,10,17,23,15,13.1,0,0,0,2.9000000000000004,,,,,,,,,,,,,,,,,,,,,,,,,,,,,,,,,,,,
27840,2019,10,17,23,30,13.1,0,0,0,2.9000000000000004,,,,,,,,,,,,,,,,,,,,,,,,,,,,,,,,,,,,
27841,2019,10,17,23,45,13.1,0,0,0,2.9000000000000004,,,,,,,,,,,,,,,,,,,,,,,,,,,,,,,,,,,,
27842,2019,10,18,0,0,13.0,0,0,0,2.9000000000000004,,,,,,,,,,,,,,,,,,,,,,,,,,,,,,,,,,,,
27843,2019,10,18,0,15,13.0,0,0,0,2.9000000000000004,,,,,,,,,,,,,,,,,,,,,,,,,,,,,,,,,,,,
27844,2019,10,18,0,30,13.0,0,0,0,2.9000000000000004,,,,,,,,,,,,,,,,,,,,,,,,,,,,,,,,,,,,
27845,2019,10,18,0,45,13.0,0,0,0,2.9000000000000004,,,,,,,,,,,,,,,,,,,,,,,,,,,,,,,,,,,,
27846,2019,10,18,1,0,12.9,0,0,0,2.6,,,,,,,,,,,,,,,,,,,,,,,,,,,,,,,,,,,,
27847,2019,10,18,1,15,12.7,0,0,0,2.6,,,,,,,,,,,,,,,,,,,,,,,,,,,,,,,,,,,,
27848,2019,10,18,1,30,12.6,0,0,0,2.5,,,,,,,,,,,,,,,,,,,,,,,,,,,,,,,,,,,,
27849,2019,10,18,1,45,12.5,0,0,0,2.4000000000000004,,,,,,,,,,,,,,,,,,,,,,,,,,,,,,,,,,,,
27850,2019,10,18,2,0,12.4,0,0,0,2.4000000000000004,,,,,,,,,,,,,,,,,,,,,,,,,,,,,,,,,,,,
27851,2019,10,18,2,15,12.2,0,0,0,2.3000000000000003,,,,,,,,,,,,,,,,,,,,,,,,,,,,,,,,,,,,
27852,2019,10,18,2,30,12.1,0,0,0,2.3000000000000003,,,,,,,,,,,,,,,,,,,,,,,,,,,,,,,,,,,,
27853,2019,10,18,2,45,11.9,0,0,0,2.2,,,,,,,,,,,,,,,,,,,,,,,,,,,,,,,,,,,,
27854,2019,10,18,3,0,11.8,0,0,0,2.2,,,,,,,,,,,,,,,,,,,,,,,,,,,,,,,,,,,,
27855,2019,10,18,3,15,11.7,0,0,0,2.1,,,,,,,,,,,,,,,,,,,,,,,,,,,,,,,,,,,,
27856,2019,10,18,3,30,11.6,0,0,0,2.1,,,,,,,,,,,,,,,,,,,,,,,,,,,,,,,,,,,,
27857,2019,10,18,3,45,11.5,0,0,0,2.1,,,,,,,,,,,,,,,,,,,,,,,,,,,,,,,,,,,,
27858,2019,10,18,4,0,11.4,0,0,0,2.1,,,,,,,,,,,,,,,,,,,,,,,,,,,,,,,,,,,,
27859,2019,10,18,4,15,11.4,0,0,0,2.1,,,,,,,,,,,,,,,,,,,,,,,,,,,,,,,,,,,,
27860,2019,10,18,4,30,11.3,0,0,0,2.1,,,,,,,,,,,,,,,,,,,,,,,,,,,,,,,,,,,,
27861,2019,10,18,4,45,11.2,0,0,0,2.1,,,,,,,,,,,,,,,,,,,,,,,,,,,,,,,,,,,,
27862,2019,10,18,5,0,11.2,0,0,0,2.1,,,,,,,,,,,,,,,,,,,,,,,,,,,,,,,,,,,,
27863,2019,10,18,5,15,11.1,0,0,0,2.1,,,,,,,,,,,,,,,,,,,,,,,,,,,,,,,,,,,,
27864,2019,10,18,5,30,11.1,0,0,0,2.1,,,,,,,,,,,,,,,,,,,,,,,,,,,,,,,,,,,,
27865,2019,10,18,5,45,11.1,0,0,0,2.1,,,,,,,,,,,,,,,,,,,,,,,,,,,,,,,,,,,,
27866,2019,10,18,6,0,11.0,0,0,0,2.2,,,,,,,,,,,,,,,,,,,,,,,,,,,,,,,,,,,,
27867,2019,10,18,6,15,11.2,0,0,0,2.3000000000000003,,,,,,,,,,,,,,,,,,,,,,,,,,,,,,,,,,,,
27868,2019,10,18,6,30,11.3,0,0,0,2.3000000000000003,,,,,,,,,,,,,,,,,,,,,,,,,,,,,,,,,,,,
27869,2019,10,18,6,45,11.4,0,0,0,2.4000000000000004,,,,,,,,,,,,,,,,,,,,,,,,,,,,,,,,,,,,
27870,2019,10,18,7,0,11.5,8,0,8,2.5,,,,,,,,,,,,,,,,,,,,,,,,,,,,,,,,,,,,
27871,2019,10,18,7,15,11.8,18,0,18,2.7,,,,,,,,,,,,,,,,,,,,,,,,,,,,,,,,,,,,
27872,2019,10,18,7,30,12.2,27,0,27,2.9000000000000004,,,,,,,,,,,,,,,,,,,,,,,,,,,,,,,,,,,,
27873,2019,10,18,7,45,12.5,38,0,38,3.1,,,,,,,,,,,,,,,,,,,,,,,,,,,,,,,,,,,,
27874,2019,10,18,8,0,12.9,49,0,49,3.3000000000000003,,,,,,,,,,,,,,,,,,,,,,,,,,,,,,,,,,,,
27875,2019,10,18,8,15,13.2,61,0,61,3.4000000000000004,,,,,,,,,,,,,,,,,,,,,,,,,,,,,,,,,,,,
27876,2019,10,18,8,30,13.5,74,0,74,3.5,,,,,,,,,,,,,,,,,,,,,,,,,,,,,,,,,,,,
27877,2019,10,18,8,45,13.7,87,0,87,3.6,,,,,,,,,,,,,,,,,,,,,,,,,,,,,,,,,,,,
27878,2019,10,18,9,0,14.0,23,0,23,3.7,,,,,,,,,,,,,,,,,,,,,,,,,,,,,,,,,,,,
27879,2019,10,18,9,15,14.4,69,0,69,3.9,,,,,,,,,,,,,,,,,,,,,,,,,,,,,,,,,,,,
27880,2019,10,18,9,30,14.7,141,55,160,4.0,,,,,,,,,,,,,,,,,,,,,,,,,,,,,,,,,,,,
27881,2019,10,18,9,45,15.0,55,0,55,4.1000000000000005,,,,,,,,,,,,,,,,,,,,,,,,,,,,,,,,,,,,
27882,2019,10,18,10,0,15.4,60,0,60,4.3,,,,,,,,,,,,,,,,,,,,,,,,,,,,,,,,,,,,
27883,2019,10,18,10,15,15.7,177,156,242,4.4,,,,,,,,,,,,,,,,,,,,,,,,,,,,,,,,,,,,
27884,2019,10,18,10,30,15.9,94,0,94,4.5,,,,,,,,,,,,,,,,,,,,,,,,,,,,,,,,,,,,
27885,2019,10,18,10,45,16.2,29,0,29,4.7,,,,,,,,,,,,,,,,,,,,,,,,,,,,,,,,,,,,
27886,2019,10,18,11,0,16.5,22,0,22,4.800000000000001,,,,,,,,,,,,,,,,,,,,,,,,,,,,,,,,,,,,
27887,2019,10,18,11,15,16.8,23,0,23,4.9,,,,,,,,,,,,,,,,,,,,,,,,,,,,,,,,,,,,
27888,2019,10,18,11,30,17.0,24,0,24,4.9,,,,,,,,,,,,,,,,,,,,,,,,,,,,,,,,,,,,
27889,2019,10,18,11,45,17.2,24,0,24,5.0,,,,,,,,,,,,,,,,,,,,,,,,,,,,,,,,,,,,
27890,2019,10,18,12,0,17.400000000000002,24,0,24,5.1000000000000005,,,,,,,,,,,,,,,,,,,,,,,,,,,,,,,,,,,,
27891,2019,10,18,12,15,17.5,25,0,25,5.0,,,,,,,,,,,,,,,,,,,,,,,,,,,,,,,,,,,,
27892,2019,10,18,12,30,17.7,33,0,33,5.0,,,,,,,,,,,,,,,,,,,,,,,,,,,,,,,,,,,,
27893,2019,10,18,12,45,17.8,33,0,33,5.0,,,,,,,,,,,,,,,,,,,,,,,,,,,,,,,,,,,,
27894,2019,10,18,13,0,17.900000000000002,95,0,95,5.0,,,,,,,,,,,,,,,,,,,,,,,,,,,,,,,,,,,,
27895,2019,10,18,13,15,17.900000000000002,49,0,49,4.9,,,,,,,,,,,,,,,,,,,,,,,,,,,,,,,,,,,,
27896,2019,10,18,13,30,17.8,81,0,81,4.800000000000001,,,,,,,,,,,,,,,,,,,,,,,,,,,,,,,,,,,,
27897,2019,10,18,13,45,17.8,107,0,107,4.6000000000000005,,,,,,,,,,,,,,,,,,,,,,,,,,,,,,,,,,,,
27898,2019,10,18,14,0,17.7,147,21,155,4.5,,,,,,,,,,,,,,,,,,,,,,,,,,,,,,,,,,,,
27899,2019,10,18,14,15,17.5,51,0,51,4.4,,,,,,,,,,,,,,,,,,,,,,,,,,,,,,,,,,,,
27900,2019,10,18,14,30,17.3,144,132,190,4.3,,,,,,,,,,,,,,,,,,,,,,,,,,,,,,,,,,,,
27901,2019,10,18,14,45,17.1,106,0,106,4.2,,,,,,,,,,,,,,,,,,,,,,,,,,,,,,,,,,,,
27902,2019,10,18,15,0,16.900000000000002,78,0,78,4.1000000000000005,,,,,,,,,,,,,,,,,,,,,,,,,,,,,,,,,,,,
27903,2019,10,18,15,15,16.6,10,0,10,4.1000000000000005,,,,,,,,,,,,,,,,,,,,,,,,,,,,,,,,,,,,
27904,2019,10,18,15,30,16.400000000000002,9,0,9,4.1000000000000005,,,,,,,,,,,,,,,,,,,,,,,,,,,,,,,,,,,,
27905,2019,10,18,15,45,16.1,8,0,8,4.1000000000000005,,,,,,,,,,,,,,,,,,,,,,,,,,,,,,,,,,,,
27906,2019,10,18,16,0,15.9,7,0,7,4.1000000000000005,,,,,,,,,,,,,,,,,,,,,,,,,,,,,,,,,,,,
27907,2019,10,18,16,15,15.5,7,0,7,4.0,,,,,,,,,,,,,,,,,,,,,,,,,,,,,,,,,,,,
27908,2019,10,18,16,30,15.1,5,0,5,3.9,,,,,,,,,,,,,,,,,,,,,,,,,,,,,,,,,,,,
27909,2019,10,18,16,45,14.7,3,0,3,3.8,,,,,,,,,,,,,,,,,,,,,,,,,,,,,,,,,,,,
27910,2019,10,18,17,0,14.4,2,0,2,3.7,,,,,,,,,,,,,,,,,,,,,,,,,,,,,,,,,,,,
27911,2019,10,18,17,15,14.0,0,0,0,3.5,,,,,,,,,,,,,,,,,,,,,,,,,,,,,,,,,,,,
27912,2019,10,18,17,30,13.6,0,0,0,3.3000000000000003,,,,,,,,,,,,,,,,,,,,,,,,,,,,,,,,,,,,
27913,2019,10,18,17,45,13.2,0,0,0,3.1,,,,,,,,,,,,,,,,,,,,,,,,,,,,,,,,,,,,
27914,2019,10,18,18,0,12.8,0,0,0,3.0,,,,,,,,,,,,,,,,,,,,,,,,,,,,,,,,,,,,
27915,2019,10,18,18,15,12.4,0,0,0,2.8000000000000003,,,,,,,,,,,,,,,,,,,,,,,,,,,,,,,,,,,,
27916,2019,10,18,18,30,12.0,0,0,0,2.7,,,,,,,,,,,,,,,,,,,,,,,,,,,,,,,,,,,,
27917,2019,10,18,18,45,11.7,0,0,0,2.5,,,,,,,,,,,,,,,,,,,,,,,,,,,,,,,,,,,,
27918,2019,10,18,19,0,11.3,0,0,0,2.3000000000000003,,,,,,,,,,,,,,,,,,,,,,,,,,,,,,,,,,,,
27919,2019,10,18,19,15,11.1,0,0,0,2.3000000000000003,,,,,,,,,,,,,,,,,,,,,,,,,,,,,,,,,,,,
27920,2019,10,18,19,30,10.9,0,0,0,2.3000000000000003,,,,,,,,,,,,,,,,,,,,,,,,,,,,,,,,,,,,
27921,2019,10,18,19,45,10.7,0,0,0,2.3000000000000003,,,,,,,,,,,,,,,,,,,,,,,,,,,,,,,,,,,,
27922,2019,10,18,20,0,10.5,0,0,0,2.3000000000000003,,,,,,,,,,,,,,,,,,,,,,,,,,,,,,,,,,,,
27923,2019,10,18,20,15,10.3,0,0,0,2.3000000000000003,,,,,,,,,,,,,,,,,,,,,,,,,,,,,,,,,,,,
27924,2019,10,18,20,30,10.2,0,0,0,2.2,,,,,,,,,,,,,,,,,,,,,,,,,,,,,,,,,,,,
27925,2019,10,18,20,45,10.0,0,0,0,2.2,,,,,,,,,,,,,,,,,,,,,,,,,,,,,,,,,,,,
27926,2019,10,18,21,0,9.9,0,0,0,2.2,,,,,,,,,,,,,,,,,,,,,,,,,,,,,,,,,,,,
27927,2019,10,18,21,15,9.8,0,0,0,2.1,,,,,,,,,,,,,,,,,,,,,,,,,,,,,,,,,,,,
27928,2019,10,18,21,30,9.7,0,0,0,2.1,,,,,,,,,,,,,,,,,,,,,,,,,,,,,,,,,,,,
27929,2019,10,18,21,45,9.6,0,0,0,2.0,,,,,,,,,,,,,,,,,,,,,,,,,,,,,,,,,,,,
27930,2019,10,18,22,0,9.5,0,0,0,2.0,,,,,,,,,,,,,,,,,,,,,,,,,,,,,,,,,,,,
27931,2019,10,18,22,15,9.4,0,0,0,2.0,,,,,,,,,,,,,,,,,,,,,,,,,,,,,,,,,,,,
27932,2019,10,18,22,30,9.3,0,0,0,1.9,,,,,,,,,,,,,,,,,,,,,,,,,,,,,,,,,,,,
27933,2019,10,18,22,45,9.3,0,0,0,1.9,,,,,,,,,,,,,,,,,,,,,,,,,,,,,,,,,,,,
27934,2019,10,18,23,0,9.2,0,0,0,1.9,,,,,,,,,,,,,,,,,,,,,,,,,,,,,,,,,,,,
27935,2019,10,18,23,15,9.2,0,0,0,1.9,,,,,,,,,,,,,,,,,,,,,,,,,,,,,,,,,,,,
27936,2019,10,18,23,30,9.1,0,0,0,1.9,,,,,,,,,,,,,,,,,,,,,,,,,,,,,,,,,,,,
27937,2019,10,18,23,45,9.1,0,0,0,1.9,,,,,,,,,,,,,,,,,,,,,,,,,,,,,,,,,,,,
27938,2019,10,19,0,0,9.0,0,0,0,1.9,,,,,,,,,,,,,,,,,,,,,,,,,,,,,,,,,,,,
27939,2019,10,19,0,15,9.0,0,0,0,1.9,,,,,,,,,,,,,,,,,,,,,,,,,,,,,,,,,,,,
27940,2019,10,19,0,30,9.0,0,0,0,1.9,,,,,,,,,,,,,,,,,,,,,,,,,,,,,,,,,,,,
27941,2019,10,19,0,45,9.0,0,0,0,1.9,,,,,,,,,,,,,,,,,,,,,,,,,,,,,,,,,,,,
27942,2019,10,19,1,0,8.8,0,0,0,1.9,,,,,,,,,,,,,,,,,,,,,,,,,,,,,,,,,,,,
27943,2019,10,19,1,15,8.8,0,0,0,1.9,,,,,,,,,,,,,,,,,,,,,,,,,,,,,,,,,,,,
27944,2019,10,19,1,30,8.8,0,0,0,2.0,,,,,,,,,,,,,,,,,,,,,,,,,,,,,,,,,,,,
27945,2019,10,19,1,45,8.8,0,0,0,2.1,,,,,,,,,,,,,,,,,,,,,,,,,,,,,,,,,,,,
27946,2019,10,19,2,0,8.8,0,0,0,2.2,,,,,,,,,,,,,,,,,,,,,,,,,,,,,,,,,,,,
27947,2019,10,19,2,15,8.8,0,0,0,2.2,,,,,,,,,,,,,,,,,,,,,,,,,,,,,,,,,,,,
27948,2019,10,19,2,30,8.8,0,0,0,2.3000000000000003,,,,,,,,,,,,,,,,,,,,,,,,,,,,,,,,,,,,
27949,2019,10,19,2,45,8.8,0,0,0,2.4000000000000004,,,,,,,,,,,,,,,,,,,,,,,,,,,,,,,,,,,,
27950,2019,10,19,3,0,8.9,0,0,0,2.4000000000000004,,,,,,,,,,,,,,,,,,,,,,,,,,,,,,,,,,,,
27951,2019,10,19,3,15,8.9,0,0,0,2.4000000000000004,,,,,,,,,,,,,,,,,,,,,,,,,,,,,,,,,,,,
27952,2019,10,19,3,30,8.8,0,0,0,2.4000000000000004,,,,,,,,,,,,,,,,,,,,,,,,,,,,,,,,,,,,
27953,2019,10,19,3,45,8.8,0,0,0,2.3000000000000003,,,,,,,,,,,,,,,,,,,,,,,,,,,,,,,,,,,,
27954,2019,10,19,4,0,8.8,0,0,0,2.3000000000000003,,,,,,,,,,,,,,,,,,,,,,,,,,,,,,,,,,,,
27955,2019,10,19,4,15,8.8,0,0,0,2.3000000000000003,,,,,,,,,,,,,,,,,,,,,,,,,,,,,,,,,,,,
27956,2019,10,19,4,30,8.8,0,0,0,2.3000000000000003,,,,,,,,,,,,,,,,,,,,,,,,,,,,,,,,,,,,
27957,2019,10,19,4,45,8.9,0,0,0,2.3000000000000003,,,,,,,,,,,,,,,,,,,,,,,,,,,,,,,,,,,,
27958,2019,10,19,5,0,8.9,0,0,0,2.3000000000000003,,,,,,,,,,,,,,,,,,,,,,,,,,,,,,,,,,,,
27959,2019,10,19,5,15,8.9,0,0,0,2.3000000000000003,,,,,,,,,,,,,,,,,,,,,,,,,,,,,,,,,,,,
27960,2019,10,19,5,30,8.9,0,0,0,2.4000000000000004,,,,,,,,,,,,,,,,,,,,,,,,,,,,,,,,,,,,
27961,2019,10,19,5,45,9.0,0,0,0,2.4000000000000004,,,,,,,,,,,,,,,,,,,,,,,,,,,,,,,,,,,,
27962,2019,10,19,6,0,9.0,0,0,0,2.4000000000000004,,,,,,,,,,,,,,,,,,,,,,,,,,,,,,,,,,,,
27963,2019,10,19,6,15,9.1,0,0,0,2.6,,,,,,,,,,,,,,,,,,,,,,,,,,,,,,,,,,,,
27964,2019,10,19,6,30,9.3,0,0,0,2.7,,,,,,,,,,,,,,,,,,,,,,,,,,,,,,,,,,,,
27965,2019,10,19,6,45,9.4,0,0,0,2.8000000000000003,,,,,,,,,,,,,,,,,,,,,,,,,,,,,,,,,,,,
27966,2019,10,19,7,0,9.5,2,0,2,2.9000000000000004,,,,,,,,,,,,,,,,,,,,,,,,,,,,,,,,,,,,
27967,2019,10,19,7,15,9.8,4,0,4,3.0,,,,,,,,,,,,,,,,,,,,,,,,,,,,,,,,,,,,
27968,2019,10,19,7,30,10.0,5,0,5,3.2,,,,,,,,,,,,,,,,,,,,,,,,,,,,,,,,,,,,
27969,2019,10,19,7,45,10.3,6,0,6,3.3000000000000003,,,,,,,,,,,,,,,,,,,,,,,,,,,,,,,,,,,,
27970,2019,10,19,8,0,10.5,7,0,7,3.4000000000000004,,,,,,,,,,,,,,,,,,,,,,,,,,,,,,,,,,,,
27971,2019,10,19,8,15,10.8,8,0,8,3.4000000000000004,,,,,,,,,,,,,,,,,,,,,,,,,,,,,,,,,,,,
27972,2019,10,19,8,30,11.0,10,0,10,3.5,,,,,,,,,,,,,,,,,,,,,,,,,,,,,,,,,,,,
27973,2019,10,19,8,45,11.3,11,0,11,3.6,,,,,,,,,,,,,,,,,,,,,,,,,,,,,,,,,,,,
27974,2019,10,19,9,0,11.6,12,0,12,3.6,,,,,,,,,,,,,,,,,,,,,,,,,,,,,,,,,,,,
27975,2019,10,19,9,15,11.8,25,0,25,3.7,,,,,,,,,,,,,,,,,,,,,,,,,,,,,,,,,,,,
27976,2019,10,19,9,30,12.0,15,0,15,3.7,,,,,,,,,,,,,,,,,,,,,,,,,,,,,,,,,,,,
27977,2019,10,19,9,45,12.3,17,0,17,3.7,,,,,,,,,,,,,,,,,,,,,,,,,,,,,,,,,,,,
27978,2019,10,19,10,0,12.5,25,0,25,3.8,,,,,,,,,,,,,,,,,,,,,,,,,,,,,,,,,,,,
27979,2019,10,19,10,15,12.9,71,0,71,3.9,,,,,,,,,,,,,,,,,,,,,,,,,,,,,,,,,,,,
27980,2019,10,19,10,30,13.3,119,0,119,4.0,,,,,,,,,,,,,,,,,,,,,,,,,,,,,,,,,,,,
27981,2019,10,19,10,45,13.7,136,0,136,4.2,,,,,,,,,,,,,,,,,,,,,,,,,,,,,,,,,,,,
27982,2019,10,19,11,0,14.1,160,12,166,4.3,,,,,,,,,,,,,,,,,,,,,,,,,,,,,,,,,,,,
27983,2019,10,19,11,15,14.5,123,0,123,4.5,,,,,,,,,,,,,,,,,,,,,,,,,,,,,,,,,,,,
27984,2019,10,19,11,30,14.9,118,0,118,4.6000000000000005,,,,,,,,,,,,,,,,,,,,,,,,,,,,,,,,,,,,
27985,2019,10,19,11,45,15.4,187,37,204,4.800000000000001,,,,,,,,,,,,,,,,,,,,,,,,,,,,,,,,,,,,
27986,2019,10,19,12,0,15.8,134,0,134,4.9,,,,,,,,,,,,,,,,,,,,,,,,,,,,,,,,,,,,
27987,2019,10,19,12,15,16.1,152,2,153,4.9,,,,,,,,,,,,,,,,,,,,,,,,,,,,,,,,,,,,
27988,2019,10,19,12,30,16.400000000000002,73,0,73,5.0,,,,,,,,,,,,,,,,,,,,,,,,,,,,,,,,,,,,
27989,2019,10,19,12,45,16.6,104,0,104,5.0,,,,,,,,,,,,,,,,,,,,,,,,,,,,,,,,,,,,
27990,2019,10,19,13,0,16.900000000000002,110,0,110,5.1000000000000005,,,,,,,,,,,,,,,,,,,,,,,,,,,,,,,,,,,,
27991,2019,10,19,13,15,17.0,176,46,197,5.0,,,,,,,,,,,,,,,,,,,,,,,,,,,,,,,,,,,,
27992,2019,10,19,13,30,17.0,156,18,164,4.9,,,,,,,,,,,,,,,,,,,,,,,,,,,,,,,,,,,,
27993,2019,10,19,13,45,17.0,55,0,55,4.800000000000001,,,,,,,,,,,,,,,,,,,,,,,,,,,,,,,,,,,,
27994,2019,10,19,14,0,17.1,163,123,211,4.7,,,,,,,,,,,,,,,,,,,,,,,,,,,,,,,,,,,,
27995,2019,10,19,14,15,16.900000000000002,26,0,26,4.4,,,,,,,,,,,,,,,,,,,,,,,,,,,,,,,,,,,,
27996,2019,10,19,14,30,16.7,131,29,141,4.1000000000000005,,,,,,,,,,,,,,,,,,,,,,,,,,,,,,,,,,,,
27997,2019,10,19,14,45,16.6,11,0,11,3.9,,,,,,,,,,,,,,,,,,,,,,,,,,,,,,,,,,,,
27998,2019,10,19,15,0,16.400000000000002,14,0,14,3.6,,,,,,,,,,,,,,,,,,,,,,,,,,,,,,,,,,,,
27999,2019,10,19,15,15,16.0,10,0,10,3.4000000000000004,,,,,,,,,,,,,,,,,,,,,,,,,,,,,,,,,,,,
28000,2019,10,19,15,30,15.7,9,0,9,3.2,,,,,,,,,,,,,,,,,,,,,,,,,,,,,,,,,,,,
28001,2019,10,19,15,45,15.3,8,0,8,2.9000000000000004,,,,,,,,,,,,,,,,,,,,,,,,,,,,,,,,,,,,
28002,2019,10,19,16,0,15.0,7,0,7,2.7,,,,,,,,,,,,,,,,,,,,,,,,,,,,,,,,,,,,
28003,2019,10,19,16,15,14.6,6,0,6,2.7,,,,,,,,,,,,,,,,,,,,,,,,,,,,,,,,,,,,
28004,2019,10,19,16,30,14.3,5,0,5,2.6,,,,,,,,,,,,,,,,,,,,,,,,,,,,,,,,,,,,
28005,2019,10,19,16,45,13.9,4,0,4,2.5,,,,,,,,,,,,,,,,,,,,,,,,,,,,,,,,,,,,
28006,2019,10,19,17,0,13.6,2,0,2,2.5,,,,,,,,,,,,,,,,,,,,,,,,,,,,,,,,,,,,
28007,2019,10,19,17,15,13.3,0,0,0,2.4000000000000004,,,,,,,,,,,,,,,,,,,,,,,,,,,,,,,,,,,,
28008,2019,10,19,17,30,13.0,0,0,0,2.4000000000000004,,,,,,,,,,,,,,,,,,,,,,,,,,,,,,,,,,,,
28009,2019,10,19,17,45,12.7,0,0,0,2.3000000000000003,,,,,,,,,,,,,,,,,,,,,,,,,,,,,,,,,,,,
28010,2019,10,19,18,0,12.4,0,0,0,2.3000000000000003,,,,,,,,,,,,,,,,,,,,,,,,,,,,,,,,,,,,
28011,2019,10,19,18,15,12.2,0,0,0,2.3000000000000003,,,,,,,,,,,,,,,,,,,,,,,,,,,,,,,,,,,,
28012,2019,10,19,18,30,12.1,0,0,0,2.3000000000000003,,,,,,,,,,,,,,,,,,,,,,,,,,,,,,,,,,,,
28013,2019,10,19,18,45,11.9,0,0,0,2.4000000000000004,,,,,,,,,,,,,,,,,,,,,,,,,,,,,,,,,,,,
28014,2019,10,19,19,0,11.8,0,0,0,2.4000000000000004,,,,,,,,,,,,,,,,,,,,,,,,,,,,,,,,,,,,
28015,2019,10,19,19,15,11.7,0,0,0,2.4000000000000004,,,,,,,,,,,,,,,,,,,,,,,,,,,,,,,,,,,,
28016,2019,10,19,19,30,11.6,0,0,0,2.5,,,,,,,,,,,,,,,,,,,,,,,,,,,,,,,,,,,,
28017,2019,10,19,19,45,11.5,0,0,0,2.5,,,,,,,,,,,,,,,,,,,,,,,,,,,,,,,,,,,,
28018,2019,10,19,20,0,11.4,0,0,0,2.6,,,,,,,,,,,,,,,,,,,,,,,,,,,,,,,,,,,,
28019,2019,10,19,20,15,11.3,0,0,0,2.6,,,,,,,,,,,,,,,,,,,,,,,,,,,,,,,,,,,,
28020,2019,10,19,20,30,11.3,0,0,0,2.6,,,,,,,,,,,,,,,,,,,,,,,,,,,,,,,,,,,,
28021,2019,10,19,20,45,11.2,0,0,0,2.6,,,,,,,,,,,,,,,,,,,,,,,,,,,,,,,,,,,,
28022,2019,10,19,21,0,11.1,0,0,0,2.7,,,,,,,,,,,,,,,,,,,,,,,,,,,,,,,,,,,,
28023,2019,10,19,21,15,11.0,0,0,0,2.5,,,,,,,,,,,,,,,,,,,,,,,,,,,,,,,,,,,,
28024,2019,10,19,21,30,10.9,0,0,0,2.4000000000000004,,,,,,,,,,,,,,,,,,,,,,,,,,,,,,,,,,,,
28025,2019,10,19,21,45,10.8,0,0,0,2.3000000000000003,,,,,,,,,,,,,,,,,,,,,,,,,,,,,,,,,,,,
28026,2019,10,19,22,0,10.6,0,0,0,2.2,,,,,,,,,,,,,,,,,,,,,,,,,,,,,,,,,,,,
28027,2019,10,19,22,15,10.7,0,0,0,2.1,,,,,,,,,,,,,,,,,,,,,,,,,,,,,,,,,,,,
28028,2019,10,19,22,30,10.7,0,0,0,2.1,,,,,,,,,,,,,,,,,,,,,,,,,,,,,,,,,,,,
28029,2019,10,19,22,45,10.7,0,0,0,2.1,,,,,,,,,,,,,,,,,,,,,,,,,,,,,,,,,,,,
28030,2019,10,19,23,0,10.7,0,0,0,2.0,,,,,,,,,,,,,,,,,,,,,,,,,,,,,,,,,,,,
28031,2019,10,19,23,15,10.8,0,0,0,2.0,,,,,,,,,,,,,,,,,,,,,,,,,,,,,,,,,,,,
28032,2019,10,19,23,30,11.0,0,0,0,2.0,,,,,,,,,,,,,,,,,,,,,,,,,,,,,,,,,,,,
28033,2019,10,19,23,45,11.1,0,0,0,2.0,,,,,,,,,,,,,,,,,,,,,,,,,,,,,,,,,,,,
28034,2019,10,20,0,0,11.2,0,0,0,2.0,,,,,,,,,,,,,,,,,,,,,,,,,,,,,,,,,,,,
28035,2019,10,20,0,15,11.2,0,0,0,2.0,,,,,,,,,,,,,,,,,,,,,,,,,,,,,,,,,,,,
28036,2019,10,20,0,30,11.2,0,0,0,2.0,,,,,,,,,,,,,,,,,,,,,,,,,,,,,,,,,,,,
28037,2019,10,20,0,45,11.2,0,0,0,2.0,,,,,,,,,,,,,,,,,,,,,,,,,,,,,,,,,,,,
28038,2019,10,20,1,0,11.2,0,0,0,1.7000000000000002,,,,,,,,,,,,,,,,,,,,,,,,,,,,,,,,,,,,
28039,2019,10,20,1,15,11.3,0,0,0,1.7000000000000002,,,,,,,,,,,,,,,,,,,,,,,,,,,,,,,,,,,,
28040,2019,10,20,1,30,11.3,0,0,0,1.8,,,,,,,,,,,,,,,,,,,,,,,,,,,,,,,,,,,,
28041,2019,10,20,1,45,11.4,0,0,0,1.9,,,,,,,,,,,,,,,,,,,,,,,,,,,,,,,,,,,,
28042,2019,10,20,2,0,11.5,0,0,0,1.9,,,,,,,,,,,,,,,,,,,,,,,,,,,,,,,,,,,,
28043,2019,10,20,2,15,11.5,0,0,0,1.9,,,,,,,,,,,,,,,,,,,,,,,,,,,,,,,,,,,,
28044,2019,10,20,2,30,11.5,0,0,0,1.8,,,,,,,,,,,,,,,,,,,,,,,,,,,,,,,,,,,,
28045,2019,10,20,2,45,11.6,0,0,0,1.8,,,,,,,,,,,,,,,,,,,,,,,,,,,,,,,,,,,,
28046,2019,10,20,3,0,11.6,0,0,0,1.8,,,,,,,,,,,,,,,,,,,,,,,,,,,,,,,,,,,,
28047,2019,10,20,3,15,11.5,0,0,0,1.7000000000000002,,,,,,,,,,,,,,,,,,,,,,,,,,,,,,,,,,,,
28048,2019,10,20,3,30,11.5,0,0,0,1.6,,,,,,,,,,,,,,,,,,,,,,,,,,,,,,,,,,,,
28049,2019,10,20,3,45,11.5,0,0,0,1.6,,,,,,,,,,,,,,,,,,,,,,,,,,,,,,,,,,,,
28050,2019,10,20,4,0,11.5,0,0,0,1.5,,,,,,,,,,,,,,,,,,,,,,,,,,,,,,,,,,,,
28051,2019,10,20,4,15,11.4,0,0,0,1.5,,,,,,,,,,,,,,,,,,,,,,,,,,,,,,,,,,,,
28052,2019,10,20,4,30,11.4,0,0,0,1.4,,,,,,,,,,,,,,,,,,,,,,,,,,,,,,,,,,,,
28053,2019,10,20,4,45,11.4,0,0,0,1.3,,,,,,,,,,,,,,,,,,,,,,,,,,,,,,,,,,,,
28054,2019,10,20,5,0,11.4,0,0,0,1.3,,,,,,,,,,,,,,,,,,,,,,,,,,,,,,,,,,,,
28055,2019,10,20,5,15,11.3,0,0,0,1.3,,,,,,,,,,,,,,,,,,,,,,,,,,,,,,,,,,,,
28056,2019,10,20,5,30,11.3,0,0,0,1.3,,,,,,,,,,,,,,,,,,,,,,,,,,,,,,,,,,,,
28057,2019,10,20,5,45,11.2,0,0,0,1.2000000000000002,,,,,,,,,,,,,,,,,,,,,,,,,,,,,,,,,,,,
28058,2019,10,20,6,0,11.2,0,0,0,1.2000000000000002,,,,,,,,,,,,,,,,,,,,,,,,,,,,,,,,,,,,
28059,2019,10,20,6,15,11.2,0,0,0,1.2000000000000002,,,,,,,,,,,,,,,,,,,,,,,,,,,,,,,,,,,,
28060,2019,10,20,6,30,11.2,0,0,0,1.2000000000000002,,,,,,,,,,,,,,,,,,,,,,,,,,,,,,,,,,,,
28061,2019,10,20,6,45,11.2,0,0,0,1.2000000000000002,,,,,,,,,,,,,,,,,,,,,,,,,,,,,,,,,,,,
28062,2019,10,20,7,0,11.3,2,0,2,1.2000000000000002,,,,,,,,,,,,,,,,,,,,,,,,,,,,,,,,,,,,
28063,2019,10,20,7,15,11.6,3,0,3,1.4,,,,,,,,,,,,,,,,,,,,,,,,,,,,,,,,,,,,
28064,2019,10,20,7,30,11.9,5,0,5,1.5,,,,,,,,,,,,,,,,,,,,,,,,,,,,,,,,,,,,
28065,2019,10,20,7,45,12.2,6,0,6,1.6,,,,,,,,,,,,,,,,,,,,,,,,,,,,,,,,,,,,
28066,2019,10,20,8,0,12.5,8,0,8,1.7000000000000002,,,,,,,,,,,,,,,,,,,,,,,,,,,,,,,,,,,,
28067,2019,10,20,8,15,12.8,10,0,10,1.7000000000000002,,,,,,,,,,,,,,,,,,,,,,,,,,,,,,,,,,,,
28068,2019,10,20,8,30,13.1,13,0,13,1.7000000000000002,,,,,,,,,,,,,,,,,,,,,,,,,,,,,,,,,,,,
28069,2019,10,20,8,45,13.4,15,0,15,1.7000000000000002,,,,,,,,,,,,,,,,,,,,,,,,,,,,,,,,,,,,
28070,2019,10,20,9,0,13.7,17,0,17,1.7000000000000002,,,,,,,,,,,,,,,,,,,,,,,,,,,,,,,,,,,,
28071,2019,10,20,9,15,14.2,20,0,20,1.7000000000000002,,,,,,,,,,,,,,,,,,,,,,,,,,,,,,,,,,,,
28072,2019,10,20,9,30,14.6,22,0,22,1.7000000000000002,,,,,,,,,,,,,,,,,,,,,,,,,,,,,,,,,,,,
28073,2019,10,20,9,45,15.0,24,0,24,1.6,,,,,,,,,,,,,,,,,,,,,,,,,,,,,,,,,,,,
28074,2019,10,20,10,0,15.4,26,0,26,1.6,,,,,,,,,,,,,,,,,,,,,,,,,,,,,,,,,,,,
28075,2019,10,20,10,15,15.8,159,38,175,1.6,,,,,,,,,,,,,,,,,,,,,,,,,,,,,,,,,,,,
28076,2019,10,20,10,30,16.1,29,0,29,1.6,,,,,,,,,,,,,,,,,,,,,,,,,,,,,,,,,,,,
28077,2019,10,20,10,45,16.5,17,0,17,1.6,,,,,,,,,,,,,,,,,,,,,,,,,,,,,,,,,,,,
28078,2019,10,20,11,0,16.8,18,0,18,1.6,,,,,,,,,,,,,,,,,,,,,,,,,,,,,,,,,,,,
28079,2019,10,20,11,15,17.2,18,0,18,1.7000000000000002,,,,,,,,,,,,,,,,,,,,,,,,,,,,,,,,,,,,
28080,2019,10,20,11,30,17.5,25,0,25,1.7000000000000002,,,,,,,,,,,,,,,,,,,,,,,,,,,,,,,,,,,,
28081,2019,10,20,11,45,17.8,19,0,19,1.8,,,,,,,,,,,,,,,,,,,,,,,,,,,,,,,,,,,,
28082,2019,10,20,12,0,18.1,35,0,35,1.8,,,,,,,,,,,,,,,,,,,,,,,,,,,,,,,,,,,,
28083,2019,10,20,12,15,18.4,19,0,19,1.9,,,,,,,,,,,,,,,,,,,,,,,,,,,,,,,,,,,,
28084,2019,10,20,12,30,18.6,106,0,106,1.9,,,,,,,,,,,,,,,,,,,,,,,,,,,,,,,,,,,,
28085,2019,10,20,12,45,18.9,64,0,64,1.9,,,,,,,,,,,,,,,,,,,,,,,,,,,,,,,,,,,,
28086,2019,10,20,13,0,19.200000000000003,63,0,63,1.9,,,,,,,,,,,,,,,,,,,,,,,,,,,,,,,,,,,,
28087,2019,10,20,13,15,19.4,31,0,31,1.9,,,,,,,,,,,,,,,,,,,,,,,,,,,,,,,,,,,,
28088,2019,10,20,13,30,19.5,44,0,44,1.9,,,,,,,,,,,,,,,,,,,,,,,,,,,,,,,,,,,,
28089,2019,10,20,13,45,19.700000000000003,47,0,47,1.8,,,,,,,,,,,,,,,,,,,,,,,,,,,,,,,,,,,,
28090,2019,10,20,14,0,19.9,27,0,27,1.8,,,,,,,,,,,,,,,,,,,,,,,,,,,,,,,,,,,,
28091,2019,10,20,14,15,19.8,105,0,105,1.8,,,,,,,,,,,,,,,,,,,,,,,,,,,,,,,,,,,,
28092,2019,10,20,14,30,19.8,117,4,118,1.7000000000000002,,,,,,,,,,,,,,,,,,,,,,,,,,,,,,,,,,,,
28093,2019,10,20,14,45,19.8,33,0,33,1.7000000000000002,,,,,,,,,,,,,,,,,,,,,,,,,,,,,,,,,,,,
28094,2019,10,20,15,0,19.700000000000003,28,0,28,1.6,,,,,,,,,,,,,,,,,,,,,,,,,,,,,,,,,,,,
28095,2019,10,20,15,15,19.200000000000003,24,0,24,1.5,,,,,,,,,,,,,,,,,,,,,,,,,,,,,,,,,,,,
28096,2019,10,20,15,30,18.6,20,0,20,1.3,,,,,,,,,,,,,,,,,,,,,,,,,,,,,,,,,,,,
28097,2019,10,20,15,45,18.1,17,0,17,1.2000000000000002,,,,,,,,,,,,,,,,,,,,,,,,,,,,,,,,,,,,
28098,2019,10,20,16,0,17.5,13,0,13,1.0,,,,,,,,,,,,,,,,,,,,,,,,,,,,,,,,,,,,
28099,2019,10,20,16,15,16.900000000000002,10,0,10,1.1,,,,,,,,,,,,,,,,,,,,,,,,,,,,,,,,,,,,
28100,2019,10,20,16,30,16.3,7,0,7,1.2000000000000002,,,,,,,,,,,,,,,,,,,,,,,,,,,,,,,,,,,,
28101,2019,10,20,16,45,15.6,4,0,4,1.3,,,,,,,,,,,,,,,,,,,,,,,,,,,,,,,,,,,,
28102,2019,10,20,17,0,15.0,10,69,11,1.4,,,,,,,,,,,,,,,,,,,,,,,,,,,,,,,,,,,,
28103,2019,10,20,17,15,14.8,0,0,0,1.5,,,,,,,,,,,,,,,,,,,,,,,,,,,,,,,,,,,,
28104,2019,10,20,17,30,14.7,0,0,0,1.6,,,,,,,,,,,,,,,,,,,,,,,,,,,,,,,,,,,,
28105,2019,10,20,17,45,14.5,0,0,0,1.6,,,,,,,,,,,,,,,,,,,,,,,,,,,,,,,,,,,,
28106,2019,10,20,18,0,14.3,0,0,0,1.7000000000000002,,,,,,,,,,,,,,,,,,,,,,,,,,,,,,,,,,,,
28107,2019,10,20,18,15,14.2,0,0,0,1.7000000000000002,,,,,,,,,,,,,,,,,,,,,,,,,,,,,,,,,,,,
28108,2019,10,20,18,30,14.0,0,0,0,1.7000000000000002,,,,,,,,,,,,,,,,,,,,,,,,,,,,,,,,,,,,
28109,2019,10,20,18,45,13.8,0,0,0,1.6,,,,,,,,,,,,,,,,,,,,,,,,,,,,,,,,,,,,
28110,2019,10,20,19,0,13.6,0,0,0,1.6,,,,,,,,,,,,,,,,,,,,,,,,,,,,,,,,,,,,
28111,2019,10,20,19,15,13.4,0,0,0,1.5,,,,,,,,,,,,,,,,,,,,,,,,,,,,,,,,,,,,
28112,2019,10,20,19,30,13.2,0,0,0,1.5,,,,,,,,,,,,,,,,,,,,,,,,,,,,,,,,,,,,
28113,2019,10,20,19,45,13.0,0,0,0,1.4,,,,,,,,,,,,,,,,,,,,,,,,,,,,,,,,,,,,
28114,2019,10,20,20,0,12.8,0,0,0,1.3,,,,,,,,,,,,,,,,,,,,,,,,,,,,,,,,,,,,
28115,2019,10,20,20,15,12.6,0,0,0,1.3,,,,,,,,,,,,,,,,,,,,,,,,,,,,,,,,,,,,
28116,2019,10,20,20,30,12.5,0,0,0,1.2000000000000002,,,,,,,,,,,,,,,,,,,,,,,,,,,,,,,,,,,,
28117,2019,10,20,20,45,12.4,0,0,0,1.2000000000000002,,,,,,,,,,,,,,,,,,,,,,,,,,,,,,,,,,,,
28118,2019,10,20,21,0,12.2,0,0,0,1.1,,,,,,,,,,,,,,,,,,,,,,,,,,,,,,,,,,,,
28119,2019,10,20,21,15,12.2,0,0,0,1.1,,,,,,,,,,,,,,,,,,,,,,,,,,,,,,,,,,,,
28120,2019,10,20,21,30,12.2,0,0,0,1.0,,,,,,,,,,,,,,,,,,,,,,,,,,,,,,,,,,,,
28121,2019,10,20,21,45,12.1,0,0,0,1.0,,,,,,,,,,,,,,,,,,,,,,,,,,,,,,,,,,,,
28122,2019,10,20,22,0,12.1,0,0,0,1.0,,,,,,,,,,,,,,,,,,,,,,,,,,,,,,,,,,,,
28123,2019,10,20,22,15,12.1,0,0,0,0.9,,,,,,,,,,,,,,,,,,,,,,,,,,,,,,,,,,,,
28124,2019,10,20,22,30,12.1,0,0,0,0.9,,,,,,,,,,,,,,,,,,,,,,,,,,,,,,,,,,,,
28125,2019,10,20,22,45,12.1,0,0,0,0.9,,,,,,,,,,,,,,,,,,,,,,,,,,,,,,,,,,,,
28126,2019,10,20,23,0,12.1,0,0,0,0.8,,,,,,,,,,,,,,,,,,,,,,,,,,,,,,,,,,,,
28127,2019,10,20,23,15,12.1,0,0,0,0.8,,,,,,,,,,,,,,,,,,,,,,,,,,,,,,,,,,,,
28128,2019,10,20,23,30,12.1,0,0,0,0.8,,,,,,,,,,,,,,,,,,,,,,,,,,,,,,,,,,,,
28129,2019,10,20,23,45,12.0,0,0,0,0.7000000000000001,,,,,,,,,,,,,,,,,,,,,,,,,,,,,,,,,,,,
28130,2019,10,21,0,0,12.0,0,0,0,0.7000000000000001,,,,,,,,,,,,,,,,,,,,,,,,,,,,,,,,,,,,
28131,2019,10,21,0,15,12.0,0,0,0,0.7000000000000001,,,,,,,,,,,,,,,,,,,,,,,,,,,,,,,,,,,,
28132,2019,10,21,0,30,12.0,0,0,0,0.7000000000000001,,,,,,,,,,,,,,,,,,,,,,,,,,,,,,,,,,,,
28133,2019,10,21,0,45,12.0,0,0,0,0.7000000000000001,,,,,,,,,,,,,,,,,,,,,,,,,,,,,,,,,,,,
28134,2019,10,21,1,0,11.5,0,0,0,0.6000000000000001,,,,,,,,,,,,,,,,,,,,,,,,,,,,,,,,,,,,
28135,2019,10,21,1,15,11.4,0,0,0,0.6000000000000001,,,,,,,,,,,,,,,,,,,,,,,,,,,,,,,,,,,,
28136,2019,10,21,1,30,11.3,0,0,0,0.7000000000000001,,,,,,,,,,,,,,,,,,,,,,,,,,,,,,,,,,,,
28137,2019,10,21,1,45,11.2,0,0,0,0.7000000000000001,,,,,,,,,,,,,,,,,,,,,,,,,,,,,,,,,,,,
28138,2019,10,21,2,0,11.1,0,0,0,0.7000000000000001,,,,,,,,,,,,,,,,,,,,,,,,,,,,,,,,,,,,
28139,2019,10,21,2,15,11.1,0,0,0,0.7000000000000001,,,,,,,,,,,,,,,,,,,,,,,,,,,,,,,,,,,,
28140,2019,10,21,2,30,11.1,0,0,0,0.7000000000000001,,,,,,,,,,,,,,,,,,,,,,,,,,,,,,,,,,,,
28141,2019,10,21,2,45,11.1,0,0,0,0.7000000000000001,,,,,,,,,,,,,,,,,,,,,,,,,,,,,,,,,,,,
28142,2019,10,21,3,0,11.1,0,0,0,0.6000000000000001,,,,,,,,,,,,,,,,,,,,,,,,,,,,,,,,,,,,
28143,2019,10,21,3,15,11.1,0,0,0,0.6000000000000001,,,,,,,,,,,,,,,,,,,,,,,,,,,,,,,,,,,,
28144,2019,10,21,3,30,11.1,0,0,0,0.7000000000000001,,,,,,,,,,,,,,,,,,,,,,,,,,,,,,,,,,,,
28145,2019,10,21,3,45,11.1,0,0,0,0.7000000000000001,,,,,,,,,,,,,,,,,,,,,,,,,,,,,,,,,,,,
28146,2019,10,21,4,0,11.1,0,0,0,0.7000000000000001,,,,,,,,,,,,,,,,,,,,,,,,,,,,,,,,,,,,
28147,2019,10,21,4,15,11.1,0,0,0,0.7000000000000001,,,,,,,,,,,,,,,,,,,,,,,,,,,,,,,,,,,,
28148,2019,10,21,4,30,11.0,0,0,0,0.7000000000000001,,,,,,,,,,,,,,,,,,,,,,,,,,,,,,,,,,,,
28149,2019,10,21,4,45,11.0,0,0,0,0.8,,,,,,,,,,,,,,,,,,,,,,,,,,,,,,,,,,,,
28150,2019,10,21,5,0,10.9,0,0,0,0.8,,,,,,,,,,,,,,,,,,,,,,,,,,,,,,,,,,,,
28151,2019,10,21,5,15,10.9,0,0,0,0.8,,,,,,,,,,,,,,,,,,,,,,,,,,,,,,,,,,,,
28152,2019,10,21,5,30,10.9,0,0,0,0.9,,,,,,,,,,,,,,,,,,,,,,,,,,,,,,,,,,,,
28153,2019,10,21,5,45,10.8,0,0,0,0.9,,,,,,,,,,,,,,,,,,,,,,,,,,,,,,,,,,,,
28154,2019,10,21,6,0,10.8,0,0,0,0.9,,,,,,,,,,,,,,,,,,,,,,,,,,,,,,,,,,,,
28155,2019,10,21,6,15,10.9,0,0,0,0.9,,,,,,,,,,,,,,,,,,,,,,,,,,,,,,,,,,,,
28156,2019,10,21,6,30,10.9,0,0,0,1.0,,,,,,,,,,,,,,,,,,,,,,,,,,,,,,,,,,,,
28157,2019,10,21,6,45,11.0,0,0,0,1.0,,,,,,,,,,,,,,,,,,,,,,,,,,,,,,,,,,,,
28158,2019,10,21,7,0,11.1,10,29,11,1.0,,,,,,,,,,,,,,,,,,,,,,,,,,,,,,,,,,,,
28159,2019,10,21,7,15,11.4,6,0,6,1.1,,,,,,,,,,,,,,,,,,,,,,,,,,,,,,,,,,,,
28160,2019,10,21,7,30,11.8,8,0,8,1.1,,,,,,,,,,,,,,,,,,,,,,,,,,,,,,,,,,,,
28161,2019,10,21,7,45,12.1,10,0,10,1.2000000000000002,,,,,,,,,,,,,,,,,,,,,,,,,,,,,,,,,,,,
28162,2019,10,21,8,0,12.5,12,0,12,1.3,,,,,,,,,,,,,,,,,,,,,,,,,,,,,,,,,,,,
28163,2019,10,21,8,15,12.9,14,0,14,1.5,,,,,,,,,,,,,,,,,,,,,,,,,,,,,,,,,,,,
28164,2019,10,21,8,30,13.2,16,0,16,1.7000000000000002,,,,,,,,,,,,,,,,,,,,,,,,,,,,,,,,,,,,
28165,2019,10,21,8,45,13.6,19,0,19,1.9,,,,,,,,,,,,,,,,,,,,,,,,,,,,,,,,,,,,
28166,2019,10,21,9,0,14.0,21,0,21,2.1,,,,,,,,,,,,,,,,,,,,,,,,,,,,,,,,,,,,
28167,2019,10,21,9,15,14.2,69,0,69,2.0,,,,,,,,,,,,,,,,,,,,,,,,,,,,,,,,,,,,
28168,2019,10,21,9,30,14.4,58,0,58,1.8,,,,,,,,,,,,,,,,,,,,,,,,,,,,,,,,,,,,
28169,2019,10,21,9,45,14.7,45,0,45,1.7000000000000002,,,,,,,,,,,,,,,,,,,,,,,,,,,,,,,,,,,,
28170,2019,10,21,10,0,14.9,128,0,128,1.6,,,,,,,,,,,,,,,,,,,,,,,,,,,,,,,,,,,,
28171,2019,10,21,10,15,15.2,150,23,159,1.6,,,,,,,,,,,,,,,,,,,,,,,,,,,,,,,,,,,,
28172,2019,10,21,10,30,15.4,72,0,72,1.6,,,,,,,,,,,,,,,,,,,,,,,,,,,,,,,,,,,,
28173,2019,10,21,10,45,15.7,168,34,183,1.7000000000000002,,,,,,,,,,,,,,,,,,,,,,,,,,,,,,,,,,,,
28174,2019,10,21,11,0,16.0,185,71,216,1.7000000000000002,,,,,,,,,,,,,,,,,,,,,,,,,,,,,,,,,,,,
28175,2019,10,21,11,15,16.3,195,151,263,1.8,,,,,,,,,,,,,,,,,,,,,,,,,,,,,,,,,,,,
28176,2019,10,21,11,30,16.5,170,20,179,1.8,,,,,,,,,,,,,,,,,,,,,,,,,,,,,,,,,,,,
28177,2019,10,21,11,45,16.8,125,0,125,1.9,,,,,,,,,,,,,,,,,,,,,,,,,,,,,,,,,,,,
28178,2019,10,21,12,0,17.1,175,25,187,1.9,,,,,,,,,,,,,,,,,,,,,,,,,,,,,,,,,,,,
28179,2019,10,21,12,15,17.2,169,18,177,1.9,,,,,,,,,,,,,,,,,,,,,,,,,,,,,,,,,,,,
28180,2019,10,21,12,30,17.400000000000002,197,120,252,1.9,,,,,,,,,,,,,,,,,,,,,,,,,,,,,,,,,,,,
28181,2019,10,21,12,45,17.5,189,225,290,1.9,,,,,,,,,,,,,,,,,,,,,,,,,,,,,,,,,,,,
28182,2019,10,21,13,0,17.6,177,280,301,1.9,,,,,,,,,,,,,,,,,,,,,,,,,,,,,,,,,,,,
28183,2019,10,21,13,15,17.7,183,146,246,1.8,,,,,,,,,,,,,,,,,,,,,,,,,,,,,,,,,,,,
28184,2019,10,21,13,30,17.7,161,296,284,1.8,,,,,,,,,,,,,,,,,,,,,,,,,,,,,,,,,,,,
28185,2019,10,21,13,45,17.8,160,239,255,1.7000000000000002,,,,,,,,,,,,,,,,,,,,,,,,,,,,,,,,,,,,
28186,2019,10,21,14,0,17.8,153,64,177,1.6,,,,,,,,,,,,,,,,,,,,,,,,,,,,,,,,,,,,
28187,2019,10,21,14,15,17.7,109,0,109,1.4,,,,,,,,,,,,,,,,,,,,,,,,,,,,,,,,,,,,
28188,2019,10,21,14,30,17.5,115,2,115,1.2000000000000002,,,,,,,,,,,,,,,,,,,,,,,,,,,,,,,,,,,,
28189,2019,10,21,14,45,17.400000000000002,59,0,59,1.0,,,,,,,,,,,,,,,,,,,,,,,,,,,,,,,,,,,,
28190,2019,10,21,15,0,17.2,69,0,69,0.8,,,,,,,,,,,,,,,,,,,,,,,,,,,,,,,,,,,,
28191,2019,10,21,15,15,16.900000000000002,59,0,59,0.9,,,,,,,,,,,,,,,,,,,,,,,,,,,,,,,,,,,,
28192,2019,10,21,15,30,16.6,50,0,50,0.9,,,,,,,,,,,,,,,,,,,,,,,,,,,,,,,,,,,,
28193,2019,10,21,15,45,16.3,41,0,41,0.9,,,,,,,,,,,,,,,,,,,,,,,,,,,,,,,,,,,,
28194,2019,10,21,16,0,16.0,32,0,32,0.9,,,,,,,,,,,,,,,,,,,,,,,,,,,,,,,,,,,,
28195,2019,10,21,16,15,15.4,25,0,25,1.0,,,,,,,,,,,,,,,,,,,,,,,,,,,,,,,,,,,,
28196,2019,10,21,16,30,14.9,17,0,17,1.1,,,,,,,,,,,,,,,,,,,,,,,,,,,,,,,,,,,,
28197,2019,10,21,16,45,14.3,10,0,10,1.1,,,,,,,,,,,,,,,,,,,,,,,,,,,,,,,,,,,,
28198,2019,10,21,17,0,13.7,0,0,0,1.2000000000000002,,,,,,,,,,,,,,,,,,,,,,,,,,,,,,,,,,,,
28199,2019,10,21,17,15,13.5,0,0,0,1.2000000000000002,,,,,,,,,,,,,,,,,,,,,,,,,,,,,,,,,,,,
28200,2019,10,21,17,30,13.3,0,0,0,1.2000000000000002,,,,,,,,,,,,,,,,,,,,,,,,,,,,,,,,,,,,
28201,2019,10,21,17,45,13.1,0,0,0,1.3,,,,,,,,,,,,,,,,,,,,,,,,,,,,,,,,,,,,
28202,2019,10,21,18,0,12.9,0,0,0,1.3,,,,,,,,,,,,,,,,,,,,,,,,,,,,,,,,,,,,
28203,2019,10,21,18,15,12.8,0,0,0,1.3,,,,,,,,,,,,,,,,,,,,,,,,,,,,,,,,,,,,
28204,2019,10,21,18,30,12.7,0,0,0,1.4,,,,,,,,,,,,,,,,,,,,,,,,,,,,,,,,,,,,
28205,2019,10,21,18,45,12.6,0,0,0,1.4,,,,,,,,,,,,,,,,,,,,,,,,,,,,,,,,,,,,
28206,2019,10,21,19,0,12.4,0,0,0,1.4,,,,,,,,,,,,,,,,,,,,,,,,,,,,,,,,,,,,
28207,2019,10,21,19,15,12.3,0,0,0,1.4,,,,,,,,,,,,,,,,,,,,,,,,,,,,,,,,,,,,
28208,2019,10,21,19,30,12.2,0,0,0,1.4,,,,,,,,,,,,,,,,,,,,,,,,,,,,,,,,,,,,
28209,2019,10,21,19,45,12.1,0,0,0,1.5,,,,,,,,,,,,,,,,,,,,,,,,,,,,,,,,,,,,
28210,2019,10,21,20,0,11.9,0,0,0,1.5,,,,,,,,,,,,,,,,,,,,,,,,,,,,,,,,,,,,
28211,2019,10,21,20,15,11.8,0,0,0,1.5,,,,,,,,,,,,,,,,,,,,,,,,,,,,,,,,,,,,
28212,2019,10,21,20,30,11.7,0,0,0,1.5,,,,,,,,,,,,,,,,,,,,,,,,,,,,,,,,,,,,
28213,2019,10,21,20,45,11.6,0,0,0,1.5,,,,,,,,,,,,,,,,,,,,,,,,,,,,,,,,,,,,
28214,2019,10,21,21,0,11.5,0,0,0,1.5,,,,,,,,,,,,,,,,,,,,,,,,,,,,,,,,,,,,
28215,2019,10,21,21,15,11.5,0,0,0,1.6,,,,,,,,,,,,,,,,,,,,,,,,,,,,,,,,,,,,
28216,2019,10,21,21,30,11.4,0,0,0,1.6,,,,,,,,,,,,,,,,,,,,,,,,,,,,,,,,,,,,
28217,2019,10,21,21,45,11.4,0,0,0,1.6,,,,,,,,,,,,,,,,,,,,,,,,,,,,,,,,,,,,
28218,2019,10,21,22,0,11.3,0,0,0,1.7000000000000002,,,,,,,,,,,,,,,,,,,,,,,,,,,,,,,,,,,,
28219,2019,10,21,22,15,11.3,0,0,0,1.7000000000000002,,,,,,,,,,,,,,,,,,,,,,,,,,,,,,,,,,,,
28220,2019,10,21,22,30,11.2,0,0,0,1.7000000000000002,,,,,,,,,,,,,,,,,,,,,,,,,,,,,,,,,,,,
28221,2019,10,21,22,45,11.2,0,0,0,1.7000000000000002,,,,,,,,,,,,,,,,,,,,,,,,,,,,,,,,,,,,
28222,2019,10,21,23,0,11.2,0,0,0,1.7000000000000002,,,,,,,,,,,,,,,,,,,,,,,,,,,,,,,,,,,,
28223,2019,10,21,23,15,11.1,0,0,0,1.7000000000000002,,,,,,,,,,,,,,,,,,,,,,,,,,,,,,,,,,,,
28224,2019,10,21,23,30,11.1,0,0,0,1.6,,,,,,,,,,,,,,,,,,,,,,,,,,,,,,,,,,,,
28225,2019,10,21,23,45,11.0,0,0,0,1.6,,,,,,,,,,,,,,,,,,,,,,,,,,,,,,,,,,,,
28226,2019,10,22,0,0,11.0,0,0,0,1.6,,,,,,,,,,,,,,,,,,,,,,,,,,,,,,,,,,,,
28227,2019,10,22,0,15,11.0,0,0,0,1.6,,,,,,,,,,,,,,,,,,,,,,,,,,,,,,,,,,,,
28228,2019,10,22,0,30,11.0,0,0,0,1.6,,,,,,,,,,,,,,,,,,,,,,,,,,,,,,,,,,,,
28229,2019,10,22,0,45,11.0,0,0,0,1.6,,,,,,,,,,,,,,,,,,,,,,,,,,,,,,,,,,,,
28230,2019,10,22,1,0,10.8,0,0,0,1.5,,,,,,,,,,,,,,,,,,,,,,,,,,,,,,,,,,,,
28231,2019,10,22,1,15,10.7,0,0,0,1.5,,,,,,,,,,,,,,,,,,,,,,,,,,,,,,,,,,,,
28232,2019,10,22,1,30,10.7,0,0,0,1.4,,,,,,,,,,,,,,,,,,,,,,,,,,,,,,,,,,,,
28233,2019,10,22,1,45,10.7,0,0,0,1.4,,,,,,,,,,,,,,,,,,,,,,,,,,,,,,,,,,,,
28234,2019,10,22,2,0,10.7,0,0,0,1.4,,,,,,,,,,,,,,,,,,,,,,,,,,,,,,,,,,,,
28235,2019,10,22,2,15,10.6,0,0,0,1.3,,,,,,,,,,,,,,,,,,,,,,,,,,,,,,,,,,,,
28236,2019,10,22,2,30,10.4,0,0,0,1.2000000000000002,,,,,,,,,,,,,,,,,,,,,,,,,,,,,,,,,,,,
28237,2019,10,22,2,45,10.3,0,0,0,1.1,,,,,,,,,,,,,,,,,,,,,,,,,,,,,,,,,,,,
28238,2019,10,22,3,0,10.2,0,0,0,1.0,,,,,,,,,,,,,,,,,,,,,,,,,,,,,,,,,,,,
28239,2019,10,22,3,15,10.2,0,0,0,0.9,,,,,,,,,,,,,,,,,,,,,,,,,,,,,,,,,,,,
28240,2019,10,22,3,30,10.1,0,0,0,0.9,,,,,,,,,,,,,,,,,,,,,,,,,,,,,,,,,,,,
28241,2019,10,22,3,45,10.0,0,0,0,0.9,,,,,,,,,,,,,,,,,,,,,,,,,,,,,,,,,,,,
28242,2019,10,22,4,0,10.0,0,0,0,0.8,,,,,,,,,,,,,,,,,,,,,,,,,,,,,,,,,,,,
28243,2019,10,22,4,15,9.8,0,0,0,0.8,,,,,,,,,,,,,,,,,,,,,,,,,,,,,,,,,,,,
28244,2019,10,22,4,30,9.6,0,0,0,0.9,,,,,,,,,,,,,,,,,,,,,,,,,,,,,,,,,,,,
28245,2019,10,22,4,45,9.5,0,0,0,0.9,,,,,,,,,,,,,,,,,,,,,,,,,,,,,,,,,,,,
28246,2019,10,22,5,0,9.3,0,0,0,0.9,,,,,,,,,,,,,,,,,,,,,,,,,,,,,,,,,,,,
28247,2019,10,22,5,15,9.2,0,0,0,0.9,,,,,,,,,,,,,,,,,,,,,,,,,,,,,,,,,,,,
28248,2019,10,22,5,30,9.2,0,0,0,1.0,,,,,,,,,,,,,,,,,,,,,,,,,,,,,,,,,,,,
28249,2019,10,22,5,45,9.2,0,0,0,1.0,,,,,,,,,,,,,,,,,,,,,,,,,,,,,,,,,,,,
28250,2019,10,22,6,0,9.1,0,0,0,1.0,,,,,,,,,,,,,,,,,,,,,,,,,,,,,,,,,,,,
28251,2019,10,22,6,15,9.3,0,0,0,1.0,,,,,,,,,,,,,,,,,,,,,,,,,,,,,,,,,,,,
28252,2019,10,22,6,30,9.5,0,0,0,1.0,,,,,,,,,,,,,,,,,,,,,,,,,,,,,,,,,,,,
28253,2019,10,22,6,45,9.6,0,0,0,1.0,,,,,,,,,,,,,,,,,,,,,,,,,,,,,,,,,,,,
28254,2019,10,22,7,0,9.8,9,21,9,0.9,,,,,,,,,,,,,,,,,,,,,,,,,,,,,,,,,,,,
28255,2019,10,22,7,15,10.2,13,0,13,1.0,,,,,,,,,,,,,,,,,,,,,,,,,,,,,,,,,,,,
28256,2019,10,22,7,30,10.6,21,0,21,1.1,,,,,,,,,,,,,,,,,,,,,,,,,,,,,,,,,,,,
28257,2019,10,22,7,45,11.0,43,44,49,1.2000000000000002,,,,,,,,,,,,,,,,,,,,,,,,,,,,,,,,,,,,
28258,2019,10,22,8,0,11.4,40,0,40,1.4,,,,,,,,,,,,,,,,,,,,,,,,,,,,,,,,,,,,
28259,2019,10,22,8,15,11.8,50,0,50,1.5,,,,,,,,,,,,,,,,,,,,,,,,,,,,,,,,,,,,
28260,2019,10,22,8,30,12.1,85,116,111,1.6,,,,,,,,,,,,,,,,,,,,,,,,,,,,,,,,,,,,
28261,2019,10,22,8,45,12.5,73,0,73,1.7000000000000002,,,,,,,,,,,,,,,,,,,,,,,,,,,,,,,,,,,,
28262,2019,10,22,9,0,12.9,85,0,85,1.8,,,,,,,,,,,,,,,,,,,,,,,,,,,,,,,,,,,,
28263,2019,10,22,9,15,13.3,84,0,84,1.9,,,,,,,,,,,,,,,,,,,,,,,,,,,,,,,,,,,,
28264,2019,10,22,9,30,13.7,136,130,179,2.0,,,,,,,,,,,,,,,,,,,,,,,,,,,,,,,,,,,,
28265,2019,10,22,9,45,14.1,140,44,155,2.0,,,,,,,,,,,,,,,,,,,,,,,,,,,,,,,,,,,,
28266,2019,10,22,10,0,14.6,101,0,101,2.1,,,,,,,,,,,,,,,,,,,,,,,,,,,,,,,,,,,,
28267,2019,10,22,10,15,14.9,35,0,35,2.2,,,,,,,,,,,,,,,,,,,,,,,,,,,,,,,,,,,,
28268,2019,10,22,10,30,15.3,18,0,18,2.3000000000000003,,,,,,,,,,,,,,,,,,,,,,,,,,,,,,,,,,,,
28269,2019,10,22,10,45,15.6,154,15,160,2.4000000000000004,,,,,,,,,,,,,,,,,,,,,,,,,,,,,,,,,,,,
28270,2019,10,22,11,0,16.0,160,17,167,2.5,,,,,,,,,,,,,,,,,,,,,,,,,,,,,,,,,,,,
28271,2019,10,22,11,15,16.2,180,277,304,2.5,,,,,,,,,,,,,,,,,,,,,,,,,,,,,,,,,,,,
28272,2019,10,22,11,30,16.5,180,299,316,2.5,,,,,,,,,,,,,,,,,,,,,,,,,,,,,,,,,,,,
28273,2019,10,22,11,45,16.7,196,175,276,2.6,,,,,,,,,,,,,,,,,,,,,,,,,,,,,,,,,,,,
28274,2019,10,22,12,0,17.0,174,352,335,2.6,,,,,,,,,,,,,,,,,,,,,,,,,,,,,,,,,,,,
28275,2019,10,22,12,15,17.1,196,172,274,2.6,,,,,,,,,,,,,,,,,,,,,,,,,,,,,,,,,,,,
28276,2019,10,22,12,30,17.2,173,337,325,2.6,,,,,,,,,,,,,,,,,,,,,,,,,,,,,,,,,,,,
28277,2019,10,22,12,45,17.3,163,374,330,2.5,,,,,,,,,,,,,,,,,,,,,,,,,,,,,,,,,,,,
28278,2019,10,22,13,0,17.400000000000002,155,396,327,2.5,,,,,,,,,,,,,,,,,,,,,,,,,,,,,,,,,,,,
28279,2019,10,22,13,15,17.400000000000002,147,407,320,2.5,,,,,,,,,,,,,,,,,,,,,,,,,,,,,,,,,,,,
28280,2019,10,22,13,30,17.400000000000002,167,224,259,2.4000000000000004,,,,,,,,,,,,,,,,,,,,,,,,,,,,,,,,,,,,
28281,2019,10,22,13,45,17.400000000000002,137,385,288,2.3000000000000003,,,,,,,,,,,,,,,,,,,,,,,,,,,,,,,,,,,,
28282,2019,10,22,14,0,17.400000000000002,127,395,274,2.3000000000000003,,,,,,,,,,,,,,,,,,,,,,,,,,,,,,,,,,,,
28283,2019,10,22,14,15,17.2,121,367,251,2.2,,,,,,,,,,,,,,,,,,,,,,,,,,,,,,,,,,,,
28284,2019,10,22,14,30,17.1,113,353,229,2.1,,,,,,,,,,,,,,,,,,,,,,,,,,,,,,,,,,,,
28285,2019,10,22,14,45,17.0,113,249,189,2.1,,,,,,,,,,,,,,,,,,,,,,,,,,,,,,,,,,,,
28286,2019,10,22,15,0,16.900000000000002,97,298,179,2.0,,,,,,,,,,,,,,,,,,,,,,,,,,,,,,,,,,,,
28287,2019,10,22,15,15,16.400000000000002,86,279,155,1.7000000000000002,,,,,,,,,,,,,,,,,,,,,,,,,,,,,,,,,,,,
28288,2019,10,22,15,30,15.9,75,256,130,1.4,,,,,,,,,,,,,,,,,,,,,,,,,,,,,,,,,,,,
28289,2019,10,22,15,45,15.4,63,229,106,1.2000000000000002,,,,,,,,,,,,,,,,,,,,,,,,,,,,,,,,,,,,
28290,2019,10,22,16,0,14.9,52,199,82,0.9,,,,,,,,,,,,,,,,,,,,,,,,,,,,,,,,,,,,
28291,2019,10,22,16,15,14.3,40,38,44,0.9,,,,,,,,,,,,,,,,,,,,,,,,,,,,,,,,,,,,
28292,2019,10,22,16,30,13.6,28,118,37,0.9,,,,,,,,,,,,,,,,,,,,,,,,,,,,,,,,,,,,
28293,2019,10,22,16,45,12.9,17,45,19,0.9,,,,,,,,,,,,,,,,,,,,,,,,,,,,,,,,,,,,
28294,2019,10,22,17,0,12.3,0,0,0,0.9,,,,,,,,,,,,,,,,,,,,,,,,,,,,,,,,,,,,
28295,2019,10,22,17,15,12.0,0,0,0,0.9,,,,,,,,,,,,,,,,,,,,,,,,,,,,,,,,,,,,
28296,2019,10,22,17,30,11.7,0,0,0,1.0,,,,,,,,,,,,,,,,,,,,,,,,,,,,,,,,,,,,
28297,2019,10,22,17,45,11.4,0,0,0,1.0,,,,,,,,,,,,,,,,,,,,,,,,,,,,,,,,,,,,
28298,2019,10,22,18,0,11.1,0,0,0,1.0,,,,,,,,,,,,,,,,,,,,,,,,,,,,,,,,,,,,
28299,2019,10,22,18,15,10.9,0,0,0,1.0,,,,,,,,,,,,,,,,,,,,,,,,,,,,,,,,,,,,
28300,2019,10,22,18,30,10.7,0,0,0,1.0,,,,,,,,,,,,,,,,,,,,,,,,,,,,,,,,,,,,
28301,2019,10,22,18,45,10.4,0,0,0,1.0,,,,,,,,,,,,,,,,,,,,,,,,,,,,,,,,,,,,
28302,2019,10,22,19,0,10.2,0,0,0,1.0,,,,,,,,,,,,,,,,,,,,,,,,,,,,,,,,,,,,
28303,2019,10,22,19,15,10.1,0,0,0,0.9,,,,,,,,,,,,,,,,,,,,,,,,,,,,,,,,,,,,
28304,2019,10,22,19,30,9.9,0,0,0,0.9,,,,,,,,,,,,,,,,,,,,,,,,,,,,,,,,,,,,
28305,2019,10,22,19,45,9.8,0,0,0,0.9,,,,,,,,,,,,,,,,,,,,,,,,,,,,,,,,,,,,
28306,2019,10,22,20,0,9.6,0,0,0,0.9,,,,,,,,,,,,,,,,,,,,,,,,,,,,,,,,,,,,
28307,2019,10,22,20,15,9.5,0,0,0,0.9,,,,,,,,,,,,,,,,,,,,,,,,,,,,,,,,,,,,
28308,2019,10,22,20,30,9.4,0,0,0,0.8,,,,,,,,,,,,,,,,,,,,,,,,,,,,,,,,,,,,
28309,2019,10,22,20,45,9.3,0,0,0,0.8,,,,,,,,,,,,,,,,,,,,,,,,,,,,,,,,,,,,
28310,2019,10,22,21,0,9.2,0,0,0,0.8,,,,,,,,,,,,,,,,,,,,,,,,,,,,,,,,,,,,
28311,2019,10,22,21,15,9.1,0,0,0,0.8,,,,,,,,,,,,,,,,,,,,,,,,,,,,,,,,,,,,
28312,2019,10,22,21,30,9.0,0,0,0,0.8,,,,,,,,,,,,,,,,,,,,,,,,,,,,,,,,,,,,
28313,2019,10,22,21,45,8.9,0,0,0,0.8,,,,,,,,,,,,,,,,,,,,,,,,,,,,,,,,,,,,
28314,2019,10,22,22,0,8.8,0,0,0,0.8,,,,,,,,,,,,,,,,,,,,,,,,,,,,,,,,,,,,
28315,2019,10,22,22,15,8.6,0,0,0,0.8,,,,,,,,,,,,,,,,,,,,,,,,,,,,,,,,,,,,
28316,2019,10,22,22,30,8.5,0,0,0,0.8,,,,,,,,,,,,,,,,,,,,,,,,,,,,,,,,,,,,
28317,2019,10,22,22,45,8.3,0,0,0,0.8,,,,,,,,,,,,,,,,,,,,,,,,,,,,,,,,,,,,
28318,2019,10,22,23,0,8.200000000000001,0,0,0,0.8,,,,,,,,,,,,,,,,,,,,,,,,,,,,,,,,,,,,
28319,2019,10,22,23,15,8.0,0,0,0,0.8,,,,,,,,,,,,,,,,,,,,,,,,,,,,,,,,,,,,
28320,2019,10,22,23,30,7.9,0,0,0,0.8,,,,,,,,,,,,,,,,,,,,,,,,,,,,,,,,,,,,
28321,2019,10,22,23,45,7.800000000000001,0,0,0,0.9,,,,,,,,,,,,,,,,,,,,,,,,,,,,,,,,,,,,
28322,2019,10,23,0,0,7.6,0,0,0,0.9,,,,,,,,,,,,,,,,,,,,,,,,,,,,,,,,,,,,
28323,2019,10,23,0,15,7.6,0,0,0,0.9,,,,,,,,,,,,,,,,,,,,,,,,,,,,,,,,,,,,
28324,2019,10,23,0,30,7.6,0,0,0,0.9,,,,,,,,,,,,,,,,,,,,,,,,,,,,,,,,,,,,
28325,2019,10,23,0,45,7.6,0,0,0,0.9,,,,,,,,,,,,,,,,,,,,,,,,,,,,,,,,,,,,
28326,2019,10,23,1,0,7.300000000000001,0,0,0,0.9,,,,,,,,,,,,,,,,,,,,,,,,,,,,,,,,,,,,
28327,2019,10,23,1,15,7.2,0,0,0,0.9,,,,,,,,,,,,,,,,,,,,,,,,,,,,,,,,,,,,
28328,2019,10,23,1,30,7.2,0,0,0,0.9,,,,,,,,,,,,,,,,,,,,,,,,,,,,,,,,,,,,
28329,2019,10,23,1,45,7.2,0,0,0,0.9,,,,,,,,,,,,,,,,,,,,,,,,,,,,,,,,,,,,
28330,2019,10,23,2,0,7.1000000000000005,0,0,0,0.9,,,,,,,,,,,,,,,,,,,,,,,,,,,,,,,,,,,,
28331,2019,10,23,2,15,7.1000000000000005,0,0,0,0.9,,,,,,,,,,,,,,,,,,,,,,,,,,,,,,,,,,,,
28332,2019,10,23,2,30,7.1000000000000005,0,0,0,0.9,,,,,,,,,,,,,,,,,,,,,,,,,,,,,,,,,,,,
28333,2019,10,23,2,45,7.1000000000000005,0,0,0,0.9,,,,,,,,,,,,,,,,,,,,,,,,,,,,,,,,,,,,
28334,2019,10,23,3,0,7.1000000000000005,0,0,0,1.0,,,,,,,,,,,,,,,,,,,,,,,,,,,,,,,,,,,,
28335,2019,10,23,3,15,7.1000000000000005,0,0,0,1.0,,,,,,,,,,,,,,,,,,,,,,,,,,,,,,,,,,,,
28336,2019,10,23,3,30,7.1000000000000005,0,0,0,1.0,,,,,,,,,,,,,,,,,,,,,,,,,,,,,,,,,,,,
28337,2019,10,23,3,45,7.1000000000000005,0,0,0,1.0,,,,,,,,,,,,,,,,,,,,,,,,,,,,,,,,,,,,
28338,2019,10,23,4,0,7.1000000000000005,0,0,0,1.0,,,,,,,,,,,,,,,,,,,,,,,,,,,,,,,,,,,,
28339,2019,10,23,4,15,7.1000000000000005,0,0,0,1.0,,,,,,,,,,,,,,,,,,,,,,,,,,,,,,,,,,,,
28340,2019,10,23,4,30,7.1000000000000005,0,0,0,1.1,,,,,,,,,,,,,,,,,,,,,,,,,,,,,,,,,,,,
28341,2019,10,23,4,45,7.1000000000000005,0,0,0,1.1,,,,,,,,,,,,,,,,,,,,,,,,,,,,,,,,,,,,
28342,2019,10,23,5,0,7.2,0,0,0,1.1,,,,,,,,,,,,,,,,,,,,,,,,,,,,,,,,,,,,
28343,2019,10,23,5,15,7.2,0,0,0,1.2000000000000002,,,,,,,,,,,,,,,,,,,,,,,,,,,,,,,,,,,,
28344,2019,10,23,5,30,7.2,0,0,0,1.2000000000000002,,,,,,,,,,,,,,,,,,,,,,,,,,,,,,,,,,,,
28345,2019,10,23,5,45,7.2,0,0,0,1.3,,,,,,,,,,,,,,,,,,,,,,,,,,,,,,,,,,,,
28346,2019,10,23,6,0,7.2,0,0,0,1.3,,,,,,,,,,,,,,,,,,,,,,,,,,,,,,,,,,,,
28347,2019,10,23,6,15,7.300000000000001,0,0,0,1.4,,,,,,,,,,,,,,,,,,,,,,,,,,,,,,,,,,,,
28348,2019,10,23,6,30,7.4,0,0,0,1.5,,,,,,,,,,,,,,,,,,,,,,,,,,,,,,,,,,,,
28349,2019,10,23,6,45,7.5,0,0,0,1.6,,,,,,,,,,,,,,,,,,,,,,,,,,,,,,,,,,,,
28350,2019,10,23,7,0,7.6,0,0,0,1.7000000000000002,,,,,,,,,,,,,,,,,,,,,,,,,,,,,,,,,,,,
28351,2019,10,23,7,15,8.0,18,26,19,1.8,,,,,,,,,,,,,,,,,,,,,,,,,,,,,,,,,,,,
28352,2019,10,23,7,30,8.4,17,0,17,2.0,,,,,,,,,,,,,,,,,,,,,,,,,,,,,,,,,,,,
28353,2019,10,23,7,45,8.700000000000001,26,0,26,2.1,,,,,,,,,,,,,,,,,,,,,,,,,,,,,,,,,,,,
28354,2019,10,23,8,0,9.1,36,0,36,2.3000000000000003,,,,,,,,,,,,,,,,,,,,,,,,,,,,,,,,,,,,
28355,2019,10,23,8,15,9.6,58,409,135,2.3000000000000003,,,,,,,,,,,,,,,,,,,,,,,,,,,,,,,,,,,,
28356,2019,10,23,8,30,10.1,64,459,165,2.3000000000000003,,,,,,,,,,,,,,,,,,,,,,,,,,,,,,,,,,,,
28357,2019,10,23,8,45,10.6,70,504,196,2.3000000000000003,,,,,,,,,,,,,,,,,,,,,,,,,,,,,,,,,,,,
28358,2019,10,23,9,0,11.1,85,0,85,2.3000000000000003,,,,,,,,,,,,,,,,,,,,,,,,,,,,,,,,,,,,
28359,2019,10,23,9,15,11.6,119,57,136,2.4000000000000004,,,,,,,,,,,,,,,,,,,,,,,,,,,,,,,,,,,,
28360,2019,10,23,9,30,12.2,130,59,150,2.4000000000000004,,,,,,,,,,,,,,,,,,,,,,,,,,,,,,,,,,,,
28361,2019,10,23,9,45,12.8,142,68,165,2.5,,,,,,,,,,,,,,,,,,,,,,,,,,,,,,,,,,,,
28362,2019,10,23,10,0,13.3,136,17,142,2.6,,,,,,,,,,,,,,,,,,,,,,,,,,,,,,,,,,,,
28363,2019,10,23,10,15,13.7,162,85,195,2.6,,,,,,,,,,,,,,,,,,,,,,,,,,,,,,,,,,,,
28364,2019,10,23,10,30,14.1,157,301,280,2.6,,,,,,,,,,,,,,,,,,,,,,,,,,,,,,,,,,,,
28365,2019,10,23,10,45,14.6,173,237,273,2.7,,,,,,,,,,,,,,,,,,,,,,,,,,,,,,,,,,,,
28366,2019,10,23,11,0,15.0,178,245,284,2.7,,,,,,,,,,,,,,,,,,,,,,,,,,,,,,,,,,,,
28367,2019,10,23,11,15,15.3,175,295,305,2.7,,,,,,,,,,,,,,,,,,,,,,,,,,,,,,,,,,,,
28368,2019,10,23,11,30,15.6,182,271,303,2.7,,,,,,,,,,,,,,,,,,,,,,,,,,,,,,,,,,,,
28369,2019,10,23,11,45,15.9,177,315,319,2.7,,,,,,,,,,,,,,,,,,,,,,,,,,,,,,,,,,,,
28370,2019,10,23,12,0,16.2,177,316,320,2.7,,,,,,,,,,,,,,,,,,,,,,,,,,,,,,,,,,,,
28371,2019,10,23,12,15,16.3,173,337,325,2.7,,,,,,,,,,,,,,,,,,,,,,,,,,,,,,,,,,,,
28372,2019,10,23,12,30,16.5,173,322,317,2.6,,,,,,,,,,,,,,,,,,,,,,,,,,,,,,,,,,,,
28373,2019,10,23,12,45,16.7,188,158,257,2.6,,,,,,,,,,,,,,,,,,,,,,,,,,,,,,,,,,,,
28374,2019,10,23,13,0,16.900000000000002,172,275,291,2.6,,,,,,,,,,,,,,,,,,,,,,,,,,,,,,,,,,,,
28375,2019,10,23,13,15,17.0,166,274,281,2.6,,,,,,,,,,,,,,,,,,,,,,,,,,,,,,,,,,,,
28376,2019,10,23,13,30,17.1,153,321,282,2.6,,,,,,,,,,,,,,,,,,,,,,,,,,,,,,,,,,,,
28377,2019,10,23,13,45,17.1,143,330,271,2.6,,,,,,,,,,,,,,,,,,,,,,,,,,,,,,,,,,,,
28378,2019,10,23,14,0,17.2,145,47,162,2.5,,,,,,,,,,,,,,,,,,,,,,,,,,,,,,,,,,,,
28379,2019,10,23,14,15,17.1,137,55,156,2.5,,,,,,,,,,,,,,,,,,,,,,,,,,,,,,,,,,,,
28380,2019,10,23,14,30,17.0,126,48,141,2.5,,,,,,,,,,,,,,,,,,,,,,,,,,,,,,,,,,,,
28381,2019,10,23,14,45,16.900000000000002,113,373,224,2.4000000000000004,,,,,,,,,,,,,,,,,,,,,,,,,,,,,,,,,,,,
28382,2019,10,23,15,0,16.900000000000002,105,339,197,2.4000000000000004,,,,,,,,,,,,,,,,,,,,,,,,,,,,,,,,,,,,
28383,2019,10,23,15,15,16.400000000000002,96,301,169,2.1,,,,,,,,,,,,,,,,,,,,,,,,,,,,,,,,,,,,
28384,2019,10,23,15,30,16.0,85,257,140,1.9,,,,,,,,,,,,,,,,,,,,,,,,,,,,,,,,,,,,
28385,2019,10,23,15,45,15.5,73,220,112,1.6,,,,,,,,,,,,,,,,,,,,,,,,,,,,,,,,,,,,
28386,2019,10,23,16,0,15.0,59,165,83,1.3,,,,,,,,,,,,,,,,,,,,,,,,,,,,,,,,,,,,
28387,2019,10,23,16,15,14.4,44,108,56,1.3,,,,,,,,,,,,,,,,,,,,,,,,,,,,,,,,,,,,
28388,2019,10,23,16,30,13.7,28,54,32,1.3,,,,,,,,,,,,,,,,,,,,,,,,,,,,,,,,,,,,
28389,2019,10,23,16,45,13.1,13,16,14,1.3,,,,,,,,,,,,,,,,,,,,,,,,,,,,,,,,,,,,
28390,2019,10,23,17,0,12.4,0,0,0,1.3,,,,,,,,,,,,,,,,,,,,,,,,,,,,,,,,,,,,
28391,2019,10,23,17,15,12.3,0,0,0,1.4,,,,,,,,,,,,,,,,,,,,,,,,,,,,,,,,,,,,
28392,2019,10,23,17,30,12.1,0,0,0,1.5,,,,,,,,,,,,,,,,,,,,,,,,,,,,,,,,,,,,
28393,2019,10,23,17,45,12.0,0,0,0,1.6,,,,,,,,,,,,,,,,,,,,,,,,,,,,,,,,,,,,
28394,2019,10,23,18,0,11.8,0,0,0,1.7000000000000002,,,,,,,,,,,,,,,,,,,,,,,,,,,,,,,,,,,,
28395,2019,10,23,18,15,11.7,0,0,0,1.7000000000000002,,,,,,,,,,,,,,,,,,,,,,,,,,,,,,,,,,,,
28396,2019,10,23,18,30,11.7,0,0,0,1.8,,,,,,,,,,,,,,,,,,,,,,,,,,,,,,,,,,,,
28397,2019,10,23,18,45,11.6,0,0,0,1.9,,,,,,,,,,,,,,,,,,,,,,,,,,,,,,,,,,,,
28398,2019,10,23,19,0,11.5,0,0,0,1.9,,,,,,,,,,,,,,,,,,,,,,,,,,,,,,,,,,,,
28399,2019,10,23,19,15,11.4,0,0,0,2.0,,,,,,,,,,,,,,,,,,,,,,,,,,,,,,,,,,,,
28400,2019,10,23,19,30,11.3,0,0,0,2.0,,,,,,,,,,,,,,,,,,,,,,,,,,,,,,,,,,,,
28401,2019,10,23,19,45,11.2,0,0,0,2.0,,,,,,,,,,,,,,,,,,,,,,,,,,,,,,,,,,,,
28402,2019,10,23,20,0,11.1,0,0,0,2.0,,,,,,,,,,,,,,,,,,,,,,,,,,,,,,,,,,,,
28403,2019,10,23,20,15,11.0,0,0,0,2.0,,,,,,,,,,,,,,,,,,,,,,,,,,,,,,,,,,,,
28404,2019,10,23,20,30,10.9,0,0,0,2.0,,,,,,,,,,,,,,,,,,,,,,,,,,,,,,,,,,,,
28405,2019,10,23,20,45,10.8,0,0,0,2.0,,,,,,,,,,,,,,,,,,,,,,,,,,,,,,,,,,,,
28406,2019,10,23,21,0,10.7,0,0,0,2.0,,,,,,,,,,,,,,,,,,,,,,,,,,,,,,,,,,,,
28407,2019,10,23,21,15,10.6,0,0,0,1.9,,,,,,,,,,,,,,,,,,,,,,,,,,,,,,,,,,,,
28408,2019,10,23,21,30,10.4,0,0,0,1.9,,,,,,,,,,,,,,,,,,,,,,,,,,,,,,,,,,,,
28409,2019,10,23,21,45,10.3,0,0,0,1.9,,,,,,,,,,,,,,,,,,,,,,,,,,,,,,,,,,,,
28410,2019,10,23,22,0,10.2,0,0,0,1.9,,,,,,,,,,,,,,,,,,,,,,,,,,,,,,,,,,,,
28411,2019,10,23,22,15,10.1,0,0,0,1.8,,,,,,,,,,,,,,,,,,,,,,,,,,,,,,,,,,,,
28412,2019,10,23,22,30,10.0,0,0,0,1.8,,,,,,,,,,,,,,,,,,,,,,,,,,,,,,,,,,,,
28413,2019,10,23,22,45,9.9,0,0,0,1.7000000000000002,,,,,,,,,,,,,,,,,,,,,,,,,,,,,,,,,,,,
28414,2019,10,23,23,0,9.7,0,0,0,1.7000000000000002,,,,,,,,,,,,,,,,,,,,,,,,,,,,,,,,,,,,
28415,2019,10,23,23,15,9.7,0,0,0,1.7000000000000002,,,,,,,,,,,,,,,,,,,,,,,,,,,,,,,,,,,,
28416,2019,10,23,23,30,9.6,0,0,0,1.6,,,,,,,,,,,,,,,,,,,,,,,,,,,,,,,,,,,,
28417,2019,10,23,23,45,9.5,0,0,0,1.6,,,,,,,,,,,,,,,,,,,,,,,,,,,,,,,,,,,,
28418,2019,10,24,0,0,9.4,0,0,0,1.6,,,,,,,,,,,,,,,,,,,,,,,,,,,,,,,,,,,,
28419,2019,10,24,0,15,9.4,0,0,0,1.6,,,,,,,,,,,,,,,,,,,,,,,,,,,,,,,,,,,,
28420,2019,10,24,0,30,9.4,0,0,0,1.6,,,,,,,,,,,,,,,,,,,,,,,,,,,,,,,,,,,,
28421,2019,10,24,0,45,9.4,0,0,0,1.6,,,,,,,,,,,,,,,,,,,,,,,,,,,,,,,,,,,,
28422,2019,10,24,1,0,9.4,0,0,0,1.5,,,,,,,,,,,,,,,,,,,,,,,,,,,,,,,,,,,,
28423,2019,10,24,1,15,9.3,0,0,0,1.5,,,,,,,,,,,,,,,,,,,,,,,,,,,,,,,,,,,,
28424,2019,10,24,1,30,9.2,0,0,0,1.5,,,,,,,,,,,,,,,,,,,,,,,,,,,,,,,,,,,,
28425,2019,10,24,1,45,9.1,0,0,0,1.6,,,,,,,,,,,,,,,,,,,,,,,,,,,,,,,,,,,,
28426,2019,10,24,2,0,9.0,0,0,0,1.6,,,,,,,,,,,,,,,,,,,,,,,,,,,,,,,,,,,,
28427,2019,10,24,2,15,8.9,0,0,0,1.6,,,,,,,,,,,,,,,,,,,,,,,,,,,,,,,,,,,,
28428,2019,10,24,2,30,8.8,0,0,0,1.6,,,,,,,,,,,,,,,,,,,,,,,,,,,,,,,,,,,,
28429,2019,10,24,2,45,8.700000000000001,0,0,0,1.6,,,,,,,,,,,,,,,,,,,,,,,,,,,,,,,,,,,,
28430,2019,10,24,3,0,8.6,0,0,0,1.6,,,,,,,,,,,,,,,,,,,,,,,,,,,,,,,,,,,,
28431,2019,10,24,3,15,8.5,0,0,0,1.7000000000000002,,,,,,,,,,,,,,,,,,,,,,,,,,,,,,,,,,,,
28432,2019,10,24,3,30,8.4,0,0,0,1.7000000000000002,,,,,,,,,,,,,,,,,,,,,,,,,,,,,,,,,,,,
28433,2019,10,24,3,45,8.3,0,0,0,1.7000000000000002,,,,,,,,,,,,,,,,,,,,,,,,,,,,,,,,,,,,
28434,2019,10,24,4,0,8.200000000000001,0,0,0,1.7000000000000002,,,,,,,,,,,,,,,,,,,,,,,,,,,,,,,,,,,,
28435,2019,10,24,4,15,8.200000000000001,0,0,0,1.7000000000000002,,,,,,,,,,,,,,,,,,,,,,,,,,,,,,,,,,,,
28436,2019,10,24,4,30,8.1,0,0,0,1.7000000000000002,,,,,,,,,,,,,,,,,,,,,,,,,,,,,,,,,,,,
28437,2019,10,24,4,45,8.1,0,0,0,1.7000000000000002,,,,,,,,,,,,,,,,,,,,,,,,,,,,,,,,,,,,
28438,2019,10,24,5,0,8.0,0,0,0,1.7000000000000002,,,,,,,,,,,,,,,,,,,,,,,,,,,,,,,,,,,,
28439,2019,10,24,5,15,7.9,0,0,0,1.7000000000000002,,,,,,,,,,,,,,,,,,,,,,,,,,,,,,,,,,,,
28440,2019,10,24,5,30,7.800000000000001,0,0,0,1.6,,,,,,,,,,,,,,,,,,,,,,,,,,,,,,,,,,,,
28441,2019,10,24,5,45,7.800000000000001,0,0,0,1.6,,,,,,,,,,,,,,,,,,,,,,,,,,,,,,,,,,,,
28442,2019,10,24,6,0,7.7,0,0,0,1.6,,,,,,,,,,,,,,,,,,,,,,,,,,,,,,,,,,,,
28443,2019,10,24,6,15,7.800000000000001,0,0,0,1.6,,,,,,,,,,,,,,,,,,,,,,,,,,,,,,,,,,,,
28444,2019,10,24,6,30,7.800000000000001,0,0,0,1.6,,,,,,,,,,,,,,,,,,,,,,,,,,,,,,,,,,,,
28445,2019,10,24,6,45,7.9,0,0,0,1.6,,,,,,,,,,,,,,,,,,,,,,,,,,,,,,,,,,,,
28446,2019,10,24,7,0,8.0,0,0,0,1.7000000000000002,,,,,,,,,,,,,,,,,,,,,,,,,,,,,,,,,,,,
28447,2019,10,24,7,15,8.4,3,0,3,1.9,,,,,,,,,,,,,,,,,,,,,,,,,,,,,,,,,,,,
28448,2019,10,24,7,30,8.9,4,0,4,2.1,,,,,,,,,,,,,,,,,,,,,,,,,,,,,,,,,,,,
28449,2019,10,24,7,45,9.4,5,0,5,2.3000000000000003,,,,,,,,,,,,,,,,,,,,,,,,,,,,,,,,,,,,
28450,2019,10,24,8,0,9.8,6,0,6,2.5,,,,,,,,,,,,,,,,,,,,,,,,,,,,,,,,,,,,
28451,2019,10,24,8,15,10.3,7,0,7,2.5,,,,,,,,,,,,,,,,,,,,,,,,,,,,,,,,,,,,
28452,2019,10,24,8,30,10.7,7,0,7,2.5,,,,,,,,,,,,,,,,,,,,,,,,,,,,,,,,,,,,
28453,2019,10,24,8,45,11.2,8,0,8,2.5,,,,,,,,,,,,,,,,,,,,,,,,,,,,,,,,,,,,
28454,2019,10,24,9,0,11.6,9,0,9,2.6,,,,,,,,,,,,,,,,,,,,,,,,,,,,,,,,,,,,
28455,2019,10,24,9,15,12.1,10,0,10,2.6,,,,,,,,,,,,,,,,,,,,,,,,,,,,,,,,,,,,
28456,2019,10,24,9,30,12.7,11,0,11,2.7,,,,,,,,,,,,,,,,,,,,,,,,,,,,,,,,,,,,
28457,2019,10,24,9,45,13.2,12,0,12,2.7,,,,,,,,,,,,,,,,,,,,,,,,,,,,,,,,,,,,
28458,2019,10,24,10,0,13.8,43,0,43,2.8000000000000003,,,,,,,,,,,,,,,,,,,,,,,,,,,,,,,,,,,,
28459,2019,10,24,10,15,14.3,59,0,59,2.9000000000000004,,,,,,,,,,,,,,,,,,,,,,,,,,,,,,,,,,,,
28460,2019,10,24,10,30,14.7,39,0,39,2.9000000000000004,,,,,,,,,,,,,,,,,,,,,,,,,,,,,,,,,,,,
28461,2019,10,24,10,45,15.2,57,0,57,3.0,,,,,,,,,,,,,,,,,,,,,,,,,,,,,,,,,,,,
28462,2019,10,24,11,0,15.7,111,0,111,3.1,,,,,,,,,,,,,,,,,,,,,,,,,,,,,,,,,,,,
28463,2019,10,24,11,15,16.1,129,0,129,3.2,,,,,,,,,,,,,,,,,,,,,,,,,,,,,,,,,,,,
28464,2019,10,24,11,30,16.400000000000002,155,10,159,3.3000000000000003,,,,,,,,,,,,,,,,,,,,,,,,,,,,,,,,,,,,
28465,2019,10,24,11,45,16.8,176,39,193,3.4000000000000004,,,,,,,,,,,,,,,,,,,,,,,,,,,,,,,,,,,,
28466,2019,10,24,12,0,17.2,192,117,244,3.5,,,,,,,,,,,,,,,,,,,,,,,,,,,,,,,,,,,,
28467,2019,10,24,12,15,17.400000000000002,177,299,310,3.6,,,,,,,,,,,,,,,,,,,,,,,,,,,,,,,,,,,,
28468,2019,10,24,12,30,17.6,178,277,300,3.7,,,,,,,,,,,,,,,,,,,,,,,,,,,,,,,,,,,,
28469,2019,10,24,12,45,17.8,180,233,281,3.7,,,,,,,,,,,,,,,,,,,,,,,,,,,,,,,,,,,,
28470,2019,10,24,13,0,18.0,171,264,284,3.8,,,,,,,,,,,,,,,,,,,,,,,,,,,,,,,,,,,,
28471,2019,10,24,13,15,18.0,171,211,258,3.8,,,,,,,,,,,,,,,,,,,,,,,,,,,,,,,,,,,,
28472,2019,10,24,13,30,18.1,162,63,187,3.8,,,,,,,,,,,,,,,,,,,,,,,,,,,,,,,,,,,,
28473,2019,10,24,13,45,18.1,122,0,122,3.8,,,,,,,,,,,,,,,,,,,,,,,,,,,,,,,,,,,,
28474,2019,10,24,14,0,18.2,122,0,122,3.7,,,,,,,,,,,,,,,,,,,,,,,,,,,,,,,,,,,,
28475,2019,10,24,14,15,18.0,107,0,107,3.5,,,,,,,,,,,,,,,,,,,,,,,,,,,,,,,,,,,,
28476,2019,10,24,14,30,17.900000000000002,31,0,31,3.3000000000000003,,,,,,,,,,,,,,,,,,,,,,,,,,,,,,,,,,,,
28477,2019,10,24,14,45,17.8,78,0,78,3.1,,,,,,,,,,,,,,,,,,,,,,,,,,,,,,,,,,,,
28478,2019,10,24,15,0,17.7,74,0,74,2.9000000000000004,,,,,,,,,,,,,,,,,,,,,,,,,,,,,,,,,,,,
28479,2019,10,24,15,15,17.1,86,356,171,2.5,,,,,,,,,,,,,,,,,,,,,,,,,,,,,,,,,,,,
28480,2019,10,24,15,30,16.5,78,311,142,2.0,,,,,,,,,,,,,,,,,,,,,,,,,,,,,,,,,,,,
28481,2019,10,24,15,45,15.9,66,281,114,1.6,,,,,,,,,,,,,,,,,,,,,,,,,,,,,,,,,,,,
28482,2019,10,24,16,0,15.3,33,0,33,1.1,,,,,,,,,,,,,,,,,,,,,,,,,,,,,,,,,,,,
28483,2019,10,24,16,15,14.6,24,0,24,1.1,,,,,,,,,,,,,,,,,,,,,,,,,,,,,,,,,,,,
28484,2019,10,24,16,30,13.9,16,0,16,1.2000000000000002,,,,,,,,,,,,,,,,,,,,,,,,,,,,,,,,,,,,
28485,2019,10,24,16,45,13.3,8,0,8,1.2000000000000002,,,,,,,,,,,,,,,,,,,,,,,,,,,,,,,,,,,,
28486,2019,10,24,17,0,12.6,0,0,0,1.2000000000000002,,,,,,,,,,,,,,,,,,,,,,,,,,,,,,,,,,,,
28487,2019,10,24,17,15,12.5,0,0,0,1.3,,,,,,,,,,,,,,,,,,,,,,,,,,,,,,,,,,,,
28488,2019,10,24,17,30,12.4,0,0,0,1.4,,,,,,,,,,,,,,,,,,,,,,,,,,,,,,,,,,,,
28489,2019,10,24,17,45,12.3,0,0,0,1.5,,,,,,,,,,,,,,,,,,,,,,,,,,,,,,,,,,,,
28490,2019,10,24,18,0,12.2,0,0,0,1.6,,,,,,,,,,,,,,,,,,,,,,,,,,,,,,,,,,,,
28491,2019,10,24,18,15,12.2,0,0,0,1.7000000000000002,,,,,,,,,,,,,,,,,,,,,,,,,,,,,,,,,,,,
28492,2019,10,24,18,30,12.1,0,0,0,1.7000000000000002,,,,,,,,,,,,,,,,,,,,,,,,,,,,,,,,,,,,
28493,2019,10,24,18,45,12.1,0,0,0,1.8,,,,,,,,,,,,,,,,,,,,,,,,,,,,,,,,,,,,
28494,2019,10,24,19,0,12.0,0,0,0,1.9,,,,,,,,,,,,,,,,,,,,,,,,,,,,,,,,,,,,
28495,2019,10,24,19,15,12.0,0,0,0,2.0,,,,,,,,,,,,,,,,,,,,,,,,,,,,,,,,,,,,
28496,2019,10,24,19,30,12.0,0,0,0,2.1,,,,,,,,,,,,,,,,,,,,,,,,,,,,,,,,,,,,
28497,2019,10,24,19,45,12.0,0,0,0,2.2,,,,,,,,,,,,,,,,,,,,,,,,,,,,,,,,,,,,
28498,2019,10,24,20,0,12.0,0,0,0,2.3000000000000003,,,,,,,,,,,,,,,,,,,,,,,,,,,,,,,,,,,,
28499,2019,10,24,20,15,12.1,0,0,0,2.5,,,,,,,,,,,,,,,,,,,,,,,,,,,,,,,,,,,,
28500,2019,10,24,20,30,12.2,0,0,0,2.7,,,,,,,,,,,,,,,,,,,,,,,,,,,,,,,,,,,,
28501,2019,10,24,20,45,12.3,0,0,0,2.9000000000000004,,,,,,,,,,,,,,,,,,,,,,,,,,,,,,,,,,,,
28502,2019,10,24,21,0,12.4,0,0,0,3.1,,,,,,,,,,,,,,,,,,,,,,,,,,,,,,,,,,,,
28503,2019,10,24,21,15,12.4,0,0,0,3.2,,,,,,,,,,,,,,,,,,,,,,,,,,,,,,,,,,,,
28504,2019,10,24,21,30,12.5,0,0,0,3.2,,,,,,,,,,,,,,,,,,,,,,,,,,,,,,,,,,,,
28505,2019,10,24,21,45,12.6,0,0,0,3.3000000000000003,,,,,,,,,,,,,,,,,,,,,,,,,,,,,,,,,,,,
28506,2019,10,24,22,0,12.6,0,0,0,3.3000000000000003,,,,,,,,,,,,,,,,,,,,,,,,,,,,,,,,,,,,
28507,2019,10,24,22,15,12.6,0,0,0,3.2,,,,,,,,,,,,,,,,,,,,,,,,,,,,,,,,,,,,
28508,2019,10,24,22,30,12.6,0,0,0,3.1,,,,,,,,,,,,,,,,,,,,,,,,,,,,,,,,,,,,
28509,2019,10,24,22,45,12.6,0,0,0,3.0,,,,,,,,,,,,,,,,,,,,,,,,,,,,,,,,,,,,
28510,2019,10,24,23,0,12.6,0,0,0,2.9000000000000004,,,,,,,,,,,,,,,,,,,,,,,,,,,,,,,,,,,,
28511,2019,10,24,23,15,12.5,0,0,0,2.8000000000000003,,,,,,,,,,,,,,,,,,,,,,,,,,,,,,,,,,,,
28512,2019,10,24,23,30,12.4,0,0,0,2.7,,,,,,,,,,,,,,,,,,,,,,,,,,,,,,,,,,,,
28513,2019,10,24,23,45,12.3,0,0,0,2.6,,,,,,,,,,,,,,,,,,,,,,,,,,,,,,,,,,,,
28514,2019,10,25,0,0,12.3,0,0,0,2.6,,,,,,,,,,,,,,,,,,,,,,,,,,,,,,,,,,,,
28515,2019,10,25,0,15,12.3,0,0,0,2.6,,,,,,,,,,,,,,,,,,,,,,,,,,,,,,,,,,,,
28516,2019,10,25,0,30,12.3,0,0,0,2.6,,,,,,,,,,,,,,,,,,,,,,,,,,,,,,,,,,,,
28517,2019,10,25,0,45,12.3,0,0,0,2.6,,,,,,,,,,,,,,,,,,,,,,,,,,,,,,,,,,,,
28518,2019,10,25,1,0,11.9,0,0,0,2.4000000000000004,,,,,,,,,,,,,,,,,,,,,,,,,,,,,,,,,,,,
28519,2019,10,25,1,15,11.8,0,0,0,2.4000000000000004,,,,,,,,,,,,,,,,,,,,,,,,,,,,,,,,,,,,
28520,2019,10,25,1,30,11.6,0,0,0,2.3000000000000003,,,,,,,,,,,,,,,,,,,,,,,,,,,,,,,,,,,,
28521,2019,10,25,1,45,11.5,0,0,0,2.2,,,,,,,,,,,,,,,,,,,,,,,,,,,,,,,,,,,,
28522,2019,10,25,2,0,11.4,0,0,0,2.2,,,,,,,,,,,,,,,,,,,,,,,,,,,,,,,,,,,,
28523,2019,10,25,2,15,11.3,0,0,0,2.2,,,,,,,,,,,,,,,,,,,,,,,,,,,,,,,,,,,,
28524,2019,10,25,2,30,11.2,0,0,0,2.2,,,,,,,,,,,,,,,,,,,,,,,,,,,,,,,,,,,,
28525,2019,10,25,2,45,11.1,0,0,0,2.3000000000000003,,,,,,,,,,,,,,,,,,,,,,,,,,,,,,,,,,,,
28526,2019,10,25,3,0,11.0,0,0,0,2.3000000000000003,,,,,,,,,,,,,,,,,,,,,,,,,,,,,,,,,,,,
28527,2019,10,25,3,15,10.9,0,0,0,2.3000000000000003,,,,,,,,,,,,,,,,,,,,,,,,,,,,,,,,,,,,
28528,2019,10,25,3,30,10.8,0,0,0,2.3000000000000003,,,,,,,,,,,,,,,,,,,,,,,,,,,,,,,,,,,,
28529,2019,10,25,3,45,10.7,0,0,0,2.4000000000000004,,,,,,,,,,,,,,,,,,,,,,,,,,,,,,,,,,,,
28530,2019,10,25,4,0,10.5,0,0,0,2.4000000000000004,,,,,,,,,,,,,,,,,,,,,,,,,,,,,,,,,,,,
28531,2019,10,25,4,15,10.5,0,0,0,2.4000000000000004,,,,,,,,,,,,,,,,,,,,,,,,,,,,,,,,,,,,
28532,2019,10,25,4,30,10.4,0,0,0,2.4000000000000004,,,,,,,,,,,,,,,,,,,,,,,,,,,,,,,,,,,,
28533,2019,10,25,4,45,10.3,0,0,0,2.4000000000000004,,,,,,,,,,,,,,,,,,,,,,,,,,,,,,,,,,,,
28534,2019,10,25,5,0,10.2,0,0,0,2.5,,,,,,,,,,,,,,,,,,,,,,,,,,,,,,,,,,,,
28535,2019,10,25,5,15,10.1,0,0,0,2.5,,,,,,,,,,,,,,,,,,,,,,,,,,,,,,,,,,,,
28536,2019,10,25,5,30,10.0,0,0,0,2.5,,,,,,,,,,,,,,,,,,,,,,,,,,,,,,,,,,,,
28537,2019,10,25,5,45,10.0,0,0,0,2.5,,,,,,,,,,,,,,,,,,,,,,,,,,,,,,,,,,,,
28538,2019,10,25,6,0,9.9,0,0,0,2.5,,,,,,,,,,,,,,,,,,,,,,,,,,,,,,,,,,,,
28539,2019,10,25,6,15,9.9,0,0,0,2.6,,,,,,,,,,,,,,,,,,,,,,,,,,,,,,,,,,,,
28540,2019,10,25,6,30,10.0,0,0,0,2.6,,,,,,,,,,,,,,,,,,,,,,,,,,,,,,,,,,,,
28541,2019,10,25,6,45,10.0,0,0,0,2.7,,,,,,,,,,,,,,,,,,,,,,,,,,,,,,,,,,,,
28542,2019,10,25,7,0,10.1,0,0,0,2.8000000000000003,,,,,,,,,,,,,,,,,,,,,,,,,,,,,,,,,,,,
28543,2019,10,25,7,15,10.5,17,73,20,3.0,,,,,,,,,,,,,,,,,,,,,,,,,,,,,,,,,,,,
28544,2019,10,25,7,30,10.9,19,0,19,3.1,,,,,,,,,,,,,,,,,,,,,,,,,,,,,,,,,,,,
28545,2019,10,25,7,45,11.3,31,0,31,3.3000000000000003,,,,,,,,,,,,,,,,,,,,,,,,,,,,,,,,,,,,
28546,2019,10,25,8,0,11.7,49,329,97,3.5,,,,,,,,,,,,,,,,,,,,,,,,,,,,,,,,,,,,
28547,2019,10,25,8,15,12.1,57,394,127,3.5,,,,,,,,,,,,,,,,,,,,,,,,,,,,,,,,,,,,
28548,2019,10,25,8,30,12.5,64,448,158,3.5,,,,,,,,,,,,,,,,,,,,,,,,,,,,,,,,,,,,
28549,2019,10,25,8,45,12.9,69,0,69,3.5,,,,,,,,,,,,,,,,,,,,,,,,,,,,,,,,,,,,
28550,2019,10,25,9,0,13.3,80,0,80,3.5,,,,,,,,,,,,,,,,,,,,,,,,,,,,,,,,,,,,
28551,2019,10,25,9,15,13.7,115,57,132,3.7,,,,,,,,,,,,,,,,,,,,,,,,,,,,,,,,,,,,
28552,2019,10,25,9,30,14.2,125,52,141,3.9,,,,,,,,,,,,,,,,,,,,,,,,,,,,,,,,,,,,
28553,2019,10,25,9,45,14.6,136,59,156,4.1000000000000005,,,,,,,,,,,,,,,,,,,,,,,,,,,,,,,,,,,,
28554,2019,10,25,10,0,15.0,84,0,84,4.3,,,,,,,,,,,,,,,,,,,,,,,,,,,,,,,,,,,,
28555,2019,10,25,10,15,15.4,131,4,133,4.4,,,,,,,,,,,,,,,,,,,,,,,,,,,,,,,,,,,,
28556,2019,10,25,10,30,15.7,132,0,132,4.6000000000000005,,,,,,,,,,,,,,,,,,,,,,,,,,,,,,,,,,,,
28557,2019,10,25,10,45,16.1,160,37,175,4.7,,,,,,,,,,,,,,,,,,,,,,,,,,,,,,,,,,,,
28558,2019,10,25,11,0,16.400000000000002,179,106,223,4.9,,,,,,,,,,,,,,,,,,,,,,,,,,,,,,,,,,,,
28559,2019,10,25,11,15,16.6,175,260,287,4.800000000000001,,,,,,,,,,,,,,,,,,,,,,,,,,,,,,,,,,,,
28560,2019,10,25,11,30,16.8,180,242,286,4.800000000000001,,,,,,,,,,,,,,,,,,,,,,,,,,,,,,,,,,,,
28561,2019,10,25,11,45,17.0,182,242,289,4.800000000000001,,,,,,,,,,,,,,,,,,,,,,,,,,,,,,,,,,,,
28562,2019,10,25,12,0,17.2,189,152,256,4.800000000000001,,,,,,,,,,,,,,,,,,,,,,,,,,,,,,,,,,,,
28563,2019,10,25,12,15,17.2,187,180,266,4.7,,,,,,,,,,,,,,,,,,,,,,,,,,,,,,,,,,,,
28564,2019,10,25,12,30,17.2,181,227,280,4.7,,,,,,,,,,,,,,,,,,,,,,,,,,,,,,,,,,,,
28565,2019,10,25,12,45,17.2,183,138,242,4.6000000000000005,,,,,,,,,,,,,,,,,,,,,,,,,,,,,,,,,,,,
28566,2019,10,25,13,0,17.3,172,230,269,4.5,,,,,,,,,,,,,,,,,,,,,,,,,,,,,,,,,,,,
28567,2019,10,25,13,15,17.2,151,21,160,4.4,,,,,,,,,,,,,,,,,,,,,,,,,,,,,,,,,,,,
28568,2019,10,25,13,30,17.2,161,201,241,4.3,,,,,,,,,,,,,,,,,,,,,,,,,,,,,,,,,,,,
28569,2019,10,25,13,45,17.2,155,175,221,4.3,,,,,,,,,,,,,,,,,,,,,,,,,,,,,,,,,,,,
28570,2019,10,25,14,0,17.1,145,176,208,4.2,,,,,,,,,,,,,,,,,,,,,,,,,,,,,,,,,,,,
28571,2019,10,25,14,15,17.0,136,85,164,4.0,,,,,,,,,,,,,,,,,,,,,,,,,,,,,,,,,,,,
28572,2019,10,25,14,30,16.900000000000002,124,76,148,3.8,,,,,,,,,,,,,,,,,,,,,,,,,,,,,,,,,,,,
28573,2019,10,25,14,45,16.8,113,77,135,3.6,,,,,,,,,,,,,,,,,,,,,,,,,,,,,,,,,,,,
28574,2019,10,25,15,0,16.7,101,130,135,3.3000000000000003,,,,,,,,,,,,,,,,,,,,,,,,,,,,,,,,,,,,
28575,2019,10,25,15,15,16.1,88,115,115,2.9000000000000004,,,,,,,,,,,,,,,,,,,,,,,,,,,,,,,,,,,,
28576,2019,10,25,15,30,15.5,75,97,94,2.5,,,,,,,,,,,,,,,,,,,,,,,,,,,,,,,,,,,,
28577,2019,10,25,15,45,14.9,61,81,75,2.0,,,,,,,,,,,,,,,,,,,,,,,,,,,,,,,,,,,,
28578,2019,10,25,16,0,14.3,48,66,56,1.6,,,,,,,,,,,,,,,,,,,,,,,,,,,,,,,,,,,,
28579,2019,10,25,16,15,13.7,34,49,39,1.5,,,,,,,,,,,,,,,,,,,,,,,,,,,,,,,,,,,,
28580,2019,10,25,16,30,13.0,23,14,24,1.5,,,,,,,,,,,,,,,,,,,,,,,,,,,,,,,,,,,,
28581,2019,10,25,16,45,12.3,7,71,10,1.4,,,,,,,,,,,,,,,,,,,,,,,,,,,,,,,,,,,,
28582,2019,10,25,17,0,11.7,0,0,0,1.3,,,,,,,,,,,,,,,,,,,,,,,,,,,,,,,,,,,,
28583,2019,10,25,17,15,11.6,0,0,0,1.4,,,,,,,,,,,,,,,,,,,,,,,,,,,,,,,,,,,,
28584,2019,10,25,17,30,11.4,0,0,0,1.4,,,,,,,,,,,,,,,,,,,,,,,,,,,,,,,,,,,,
28585,2019,10,25,17,45,11.3,0,0,0,1.5,,,,,,,,,,,,,,,,,,,,,,,,,,,,,,,,,,,,
28586,2019,10,25,18,0,11.2,0,0,0,1.5,,,,,,,,,,,,,,,,,,,,,,,,,,,,,,,,,,,,
28587,2019,10,25,18,15,11.1,0,0,0,1.6,,,,,,,,,,,,,,,,,,,,,,,,,,,,,,,,,,,,
28588,2019,10,25,18,30,11.1,0,0,0,1.7000000000000002,,,,,,,,,,,,,,,,,,,,,,,,,,,,,,,,,,,,
28589,2019,10,25,18,45,11.0,0,0,0,1.8,,,,,,,,,,,,,,,,,,,,,,,,,,,,,,,,,,,,
28590,2019,10,25,19,0,10.9,0,0,0,1.8,,,,,,,,,,,,,,,,,,,,,,,,,,,,,,,,,,,,
28591,2019,10,25,19,15,10.9,0,0,0,2.0,,,,,,,,,,,,,,,,,,,,,,,,,,,,,,,,,,,,
28592,2019,10,25,19,30,10.9,0,0,0,2.1,,,,,,,,,,,,,,,,,,,,,,,,,,,,,,,,,,,,
28593,2019,10,25,19,45,10.8,0,0,0,2.3000000000000003,,,,,,,,,,,,,,,,,,,,,,,,,,,,,,,,,,,,
28594,2019,10,25,20,0,10.8,0,0,0,2.4000000000000004,,,,,,,,,,,,,,,,,,,,,,,,,,,,,,,,,,,,
28595,2019,10,25,20,15,10.8,0,0,0,2.6,,,,,,,,,,,,,,,,,,,,,,,,,,,,,,,,,,,,
28596,2019,10,25,20,30,10.7,0,0,0,2.7,,,,,,,,,,,,,,,,,,,,,,,,,,,,,,,,,,,,
28597,2019,10,25,20,45,10.7,0,0,0,2.9000000000000004,,,,,,,,,,,,,,,,,,,,,,,,,,,,,,,,,,,,
28598,2019,10,25,21,0,10.7,0,0,0,3.0,,,,,,,,,,,,,,,,,,,,,,,,,,,,,,,,,,,,
28599,2019,10,25,21,15,10.6,0,0,0,3.1,,,,,,,,,,,,,,,,,,,,,,,,,,,,,,,,,,,,
28600,2019,10,25,21,30,10.5,0,0,0,3.1,,,,,,,,,,,,,,,,,,,,,,,,,,,,,,,,,,,,
28601,2019,10,25,21,45,10.4,0,0,0,3.2,,,,,,,,,,,,,,,,,,,,,,,,,,,,,,,,,,,,
28602,2019,10,25,22,0,10.3,0,0,0,3.2,,,,,,,,,,,,,,,,,,,,,,,,,,,,,,,,,,,,
28603,2019,10,25,22,15,10.2,0,0,0,3.2,,,,,,,,,,,,,,,,,,,,,,,,,,,,,,,,,,,,
28604,2019,10,25,22,30,10.1,0,0,0,3.2,,,,,,,,,,,,,,,,,,,,,,,,,,,,,,,,,,,,
28605,2019,10,25,22,45,10.0,0,0,0,3.2,,,,,,,,,,,,,,,,,,,,,,,,,,,,,,,,,,,,
28606,2019,10,25,23,0,9.9,0,0,0,3.2,,,,,,,,,,,,,,,,,,,,,,,,,,,,,,,,,,,,
28607,2019,10,25,23,15,9.8,0,0,0,3.3000000000000003,,,,,,,,,,,,,,,,,,,,,,,,,,,,,,,,,,,,
28608,2019,10,25,23,30,9.8,0,0,0,3.3000000000000003,,,,,,,,,,,,,,,,,,,,,,,,,,,,,,,,,,,,
28609,2019,10,25,23,45,9.7,0,0,0,3.3000000000000003,,,,,,,,,,,,,,,,,,,,,,,,,,,,,,,,,,,,
28610,2019,10,26,0,0,9.6,0,0,0,3.4000000000000004,,,,,,,,,,,,,,,,,,,,,,,,,,,,,,,,,,,,
28611,2019,10,26,0,15,9.6,0,0,0,3.4000000000000004,,,,,,,,,,,,,,,,,,,,,,,,,,,,,,,,,,,,
28612,2019,10,26,0,30,9.6,0,0,0,3.4000000000000004,,,,,,,,,,,,,,,,,,,,,,,,,,,,,,,,,,,,
28613,2019,10,26,0,45,9.6,0,0,0,3.4000000000000004,,,,,,,,,,,,,,,,,,,,,,,,,,,,,,,,,,,,
28614,2019,10,26,1,0,9.5,0,0,0,3.5,,,,,,,,,,,,,,,,,,,,,,,,,,,,,,,,,,,,
28615,2019,10,26,1,15,9.4,0,0,0,3.6,,,,,,,,,,,,,,,,,,,,,,,,,,,,,,,,,,,,
28616,2019,10,26,1,30,9.4,0,0,0,3.6,,,,,,,,,,,,,,,,,,,,,,,,,,,,,,,,,,,,
28617,2019,10,26,1,45,9.3,0,0,0,3.6,,,,,,,,,,,,,,,,,,,,,,,,,,,,,,,,,,,,
28618,2019,10,26,2,0,9.3,0,0,0,3.6,,,,,,,,,,,,,,,,,,,,,,,,,,,,,,,,,,,,
28619,2019,10,26,2,15,9.2,0,0,0,3.6,,,,,,,,,,,,,,,,,,,,,,,,,,,,,,,,,,,,
28620,2019,10,26,2,30,9.2,0,0,0,3.6,,,,,,,,,,,,,,,,,,,,,,,,,,,,,,,,,,,,
28621,2019,10,26,2,45,9.1,0,0,0,3.5,,,,,,,,,,,,,,,,,,,,,,,,,,,,,,,,,,,,
28622,2019,10,26,3,0,9.1,0,0,0,3.5,,,,,,,,,,,,,,,,,,,,,,,,,,,,,,,,,,,,
28623,2019,10,26,3,15,9.1,0,0,0,3.5,,,,,,,,,,,,,,,,,,,,,,,,,,,,,,,,,,,,
28624,2019,10,26,3,30,9.1,0,0,0,3.5,,,,,,,,,,,,,,,,,,,,,,,,,,,,,,,,,,,,
28625,2019,10,26,3,45,9.0,0,0,0,3.6,,,,,,,,,,,,,,,,,,,,,,,,,,,,,,,,,,,,
28626,2019,10,26,4,0,9.0,0,0,0,3.6,,,,,,,,,,,,,,,,,,,,,,,,,,,,,,,,,,,,
28627,2019,10,26,4,15,9.0,0,0,0,3.6,,,,,,,,,,,,,,,,,,,,,,,,,,,,,,,,,,,,
28628,2019,10,26,4,30,9.1,0,0,0,3.7,,,,,,,,,,,,,,,,,,,,,,,,,,,,,,,,,,,,
28629,2019,10,26,4,45,9.1,0,0,0,3.7,,,,,,,,,,,,,,,,,,,,,,,,,,,,,,,,,,,,
28630,2019,10,26,5,0,9.1,0,0,0,3.8,,,,,,,,,,,,,,,,,,,,,,,,,,,,,,,,,,,,
28631,2019,10,26,5,15,9.0,0,0,0,3.8,,,,,,,,,,,,,,,,,,,,,,,,,,,,,,,,,,,,
28632,2019,10,26,5,30,9.0,0,0,0,3.8,,,,,,,,,,,,,,,,,,,,,,,,,,,,,,,,,,,,
28633,2019,10,26,5,45,9.0,0,0,0,3.8,,,,,,,,,,,,,,,,,,,,,,,,,,,,,,,,,,,,
28634,2019,10,26,6,0,9.0,0,0,0,3.8,,,,,,,,,,,,,,,,,,,,,,,,,,,,,,,,,,,,
28635,2019,10,26,6,15,9.0,0,0,0,3.8,,,,,,,,,,,,,,,,,,,,,,,,,,,,,,,,,,,,
28636,2019,10,26,6,30,9.0,0,0,0,3.9,,,,,,,,,,,,,,,,,,,,,,,,,,,,,,,,,,,,
28637,2019,10,26,6,45,9.0,0,0,0,3.9,,,,,,,,,,,,,,,,,,,,,,,,,,,,,,,,,,,,
28638,2019,10,26,7,0,9.0,0,0,0,3.9,,,,,,,,,,,,,,,,,,,,,,,,,,,,,,,,,,,,
28639,2019,10,26,7,15,9.4,12,0,12,4.1000000000000005,,,,,,,,,,,,,,,,,,,,,,,,,,,,,,,,,,,,
28640,2019,10,26,7,30,9.7,19,0,19,4.2,,,,,,,,,,,,,,,,,,,,,,,,,,,,,,,,,,,,
28641,2019,10,26,7,45,10.1,32,0,32,4.3,,,,,,,,,,,,,,,,,,,,,,,,,,,,,,,,,,,,
28642,2019,10,26,8,0,10.4,47,0,47,4.4,,,,,,,,,,,,,,,,,,,,,,,,,,,,,,,,,,,,
28643,2019,10,26,8,15,11.0,61,14,63,4.5,,,,,,,,,,,,,,,,,,,,,,,,,,,,,,,,,,,,
28644,2019,10,26,8,30,11.5,74,29,80,4.5,,,,,,,,,,,,,,,,,,,,,,,,,,,,,,,,,,,,
28645,2019,10,26,8,45,12.1,90,90,111,4.5,,,,,,,,,,,,,,,,,,,,,,,,,,,,,,,,,,,,
28646,2019,10,26,9,0,12.6,103,104,130,4.6000000000000005,,,,,,,,,,,,,,,,,,,,,,,,,,,,,,,,,,,,
28647,2019,10,26,9,15,13.3,114,162,161,4.800000000000001,,,,,,,,,,,,,,,,,,,,,,,,,,,,,,,,,,,,
28648,2019,10,26,9,30,13.9,121,228,193,4.9,,,,,,,,,,,,,,,,,,,,,,,,,,,,,,,,,,,,
28649,2019,10,26,9,45,14.5,136,180,196,5.1000000000000005,,,,,,,,,,,,,,,,,,,,,,,,,,,,,,,,,,,,
28650,2019,10,26,10,0,15.2,145,190,213,5.300000000000001,,,,,,,,,,,,,,,,,,,,,,,,,,,,,,,,,,,,
28651,2019,10,26,10,15,15.6,151,226,236,5.4,,,,,,,,,,,,,,,,,,,,,,,,,,,,,,,,,,,,
28652,2019,10,26,10,30,16.1,152,290,265,5.4,,,,,,,,,,,,,,,,,,,,,,,,,,,,,,,,,,,,
28653,2019,10,26,10,45,16.6,155,315,283,5.5,,,,,,,,,,,,,,,,,,,,,,,,,,,,,,,,,,,,
28654,2019,10,26,11,0,17.1,158,328,295,5.5,,,,,,,,,,,,,,,,,,,,,,,,,,,,,,,,,,,,
28655,2019,10,26,11,15,17.400000000000002,169,281,289,5.5,,,,,,,,,,,,,,,,,,,,,,,,,,,,,,,,,,,,
28656,2019,10,26,11,30,17.7,172,284,295,5.4,,,,,,,,,,,,,,,,,,,,,,,,,,,,,,,,,,,,
28657,2019,10,26,11,45,18.0,173,290,299,5.4,,,,,,,,,,,,,,,,,,,,,,,,,,,,,,,,,,,,
28658,2019,10,26,12,0,18.3,169,320,308,5.4,,,,,,,,,,,,,,,,,,,,,,,,,,,,,,,,,,,,
28659,2019,10,26,12,15,18.5,174,284,297,5.300000000000001,,,,,,,,,,,,,,,,,,,,,,,,,,,,,,,,,,,,
28660,2019,10,26,12,30,18.6,177,242,281,5.300000000000001,,,,,,,,,,,,,,,,,,,,,,,,,,,,,,,,,,,,
28661,2019,10,26,12,45,18.8,167,293,291,5.2,,,,,,,,,,,,,,,,,,,,,,,,,,,,,,,,,,,,
28662,2019,10,26,13,0,19.0,146,391,308,5.1000000000000005,,,,,,,,,,,,,,,,,,,,,,,,,,,,,,,,,,,,
28663,2019,10,26,13,15,19.0,135,422,305,5.1000000000000005,,,,,,,,,,,,,,,,,,,,,,,,,,,,,,,,,,,,
28664,2019,10,26,13,30,19.0,126,437,296,5.0,,,,,,,,,,,,,,,,,,,,,,,,,,,,,,,,,,,,
28665,2019,10,26,13,45,19.0,114,468,287,4.9,,,,,,,,,,,,,,,,,,,,,,,,,,,,,,,,,,,,
28666,2019,10,26,14,0,19.0,144,97,178,4.800000000000001,,,,,,,,,,,,,,,,,,,,,,,,,,,,,,,,,,,,
28667,2019,10,26,14,15,18.7,133,88,163,4.6000000000000005,,,,,,,,,,,,,,,,,,,,,,,,,,,,,,,,,,,,
28668,2019,10,26,14,30,18.5,92,443,228,4.4,,,,,,,,,,,,,,,,,,,,,,,,,,,,,,,,,,,,
28669,2019,10,26,14,45,18.3,111,101,140,4.3,,,,,,,,,,,,,,,,,,,,,,,,,,,,,,,,,,,,
28670,2019,10,26,15,0,18.1,52,678,225,4.1000000000000005,,,,,,,,,,,,,,,,,,,,,,,,,,,,,,,,,,,,
28671,2019,10,26,15,15,17.7,48,642,194,4.0,,,,,,,,,,,,,,,,,,,,,,,,,,,,,,,,,,,,
28672,2019,10,26,15,30,17.3,72,52,82,3.9,,,,,,,,,,,,,,,,,,,,,,,,,,,,,,,,,,,,
28673,2019,10,26,15,45,16.8,51,314,102,3.8,,,,,,,,,,,,,,,,,,,,,,,,,,,,,,,,,,,,
28674,2019,10,26,16,0,16.400000000000002,41,272,77,3.6,,,,,,,,,,,,,,,,,,,,,,,,,,,,,,,,,,,,
28675,2019,10,26,16,15,16.0,31,219,52,3.7,,,,,,,,,,,,,,,,,,,,,,,,,,,,,,,,,,,,
28676,2019,10,26,16,30,15.6,22,137,30,3.7,,,,,,,,,,,,,,,,,,,,,,,,,,,,,,,,,,,,
28677,2019,10,26,16,45,15.2,12,156,16,3.7,,,,,,,,,,,,,,,,,,,,,,,,,,,,,,,,,,,,
28678,2019,10,26,17,0,14.9,0,0,0,3.7,,,,,,,,,,,,,,,,,,,,,,,,,,,,,,,,,,,,
28679,2019,10,26,17,15,14.7,0,0,0,3.8,,,,,,,,,,,,,,,,,,,,,,,,,,,,,,,,,,,,
28680,2019,10,26,17,30,14.5,0,0,0,3.9,,,,,,,,,,,,,,,,,,,,,,,,,,,,,,,,,,,,
28681,2019,10,26,17,45,14.4,0,0,0,4.0,,,,,,,,,,,,,,,,,,,,,,,,,,,,,,,,,,,,
28682,2019,10,26,18,0,14.2,0,0,0,4.0,,,,,,,,,,,,,,,,,,,,,,,,,,,,,,,,,,,,
28683,2019,10,26,18,15,14.1,0,0,0,4.1000000000000005,,,,,,,,,,,,,,,,,,,,,,,,,,,,,,,,,,,,
28684,2019,10,26,18,30,13.9,0,0,0,4.1000000000000005,,,,,,,,,,,,,,,,,,,,,,,,,,,,,,,,,,,,
28685,2019,10,26,18,45,13.7,0,0,0,4.2,,,,,,,,,,,,,,,,,,,,,,,,,,,,,,,,,,,,
28686,2019,10,26,19,0,13.6,0,0,0,4.2,,,,,,,,,,,,,,,,,,,,,,,,,,,,,,,,,,,,
28687,2019,10,26,19,15,13.4,0,0,0,4.3,,,,,,,,,,,,,,,,,,,,,,,,,,,,,,,,,,,,
28688,2019,10,26,19,30,13.3,0,0,0,4.3,,,,,,,,,,,,,,,,,,,,,,,,,,,,,,,,,,,,
28689,2019,10,26,19,45,13.1,0,0,0,4.4,,,,,,,,,,,,,,,,,,,,,,,,,,,,,,,,,,,,
28690,2019,10,26,20,0,13.0,0,0,0,4.4,,,,,,,,,,,,,,,,,,,,,,,,,,,,,,,,,,,,
28691,2019,10,26,20,15,12.9,0,0,0,4.5,,,,,,,,,,,,,,,,,,,,,,,,,,,,,,,,,,,,
28692,2019,10,26,20,30,12.8,0,0,0,4.5,,,,,,,,,,,,,,,,,,,,,,,,,,,,,,,,,,,,
28693,2019,10,26,20,45,12.6,0,0,0,4.5,,,,,,,,,,,,,,,,,,,,,,,,,,,,,,,,,,,,
28694,2019,10,26,21,0,12.5,0,0,0,4.5,,,,,,,,,,,,,,,,,,,,,,,,,,,,,,,,,,,,
28695,2019,10,26,21,15,12.4,0,0,0,4.5,,,,,,,,,,,,,,,,,,,,,,,,,,,,,,,,,,,,
28696,2019,10,26,21,30,12.4,0,0,0,4.5,,,,,,,,,,,,,,,,,,,,,,,,,,,,,,,,,,,,
28697,2019,10,26,21,45,12.3,0,0,0,4.6000000000000005,,,,,,,,,,,,,,,,,,,,,,,,,,,,,,,,,,,,
28698,2019,10,26,22,0,12.2,0,0,0,4.6000000000000005,,,,,,,,,,,,,,,,,,,,,,,,,,,,,,,,,,,,
28699,2019,10,26,22,15,12.2,0,0,0,4.6000000000000005,,,,,,,,,,,,,,,,,,,,,,,,,,,,,,,,,,,,
28700,2019,10,26,22,30,12.2,0,0,0,4.6000000000000005,,,,,,,,,,,,,,,,,,,,,,,,,,,,,,,,,,,,
28701,2019,10,26,22,45,12.2,0,0,0,4.6000000000000005,,,,,,,,,,,,,,,,,,,,,,,,,,,,,,,,,,,,
28702,2019,10,26,23,0,12.2,0,0,0,4.6000000000000005,,,,,,,,,,,,,,,,,,,,,,,,,,,,,,,,,,,,
28703,2019,10,26,23,15,12.2,0,0,0,4.7,,,,,,,,,,,,,,,,,,,,,,,,,,,,,,,,,,,,
28704,2019,10,26,23,30,12.3,0,0,0,4.7,,,,,,,,,,,,,,,,,,,,,,,,,,,,,,,,,,,,
28705,2019,10,26,23,45,12.3,0,0,0,4.7,,,,,,,,,,,,,,,,,,,,,,,,,,,,,,,,,,,,
28706,2019,10,27,0,0,12.3,0,0,0,4.7,,,,,,,,,,,,,,,,,,,,,,,,,,,,,,,,,,,,
28707,2019,10,27,0,15,12.3,0,0,0,4.7,,,,,,,,,,,,,,,,,,,,,,,,,,,,,,,,,,,,
28708,2019,10,27,0,30,12.3,0,0,0,4.7,,,,,,,,,,,,,,,,,,,,,,,,,,,,,,,,,,,,
28709,2019,10,27,0,45,12.3,0,0,0,4.7,,,,,,,,,,,,,,,,,,,,,,,,,,,,,,,,,,,,
28710,2019,10,27,1,0,12.4,0,0,0,4.7,,,,,,,,,,,,,,,,,,,,,,,,,,,,,,,,,,,,
28711,2019,10,27,1,15,12.3,0,0,0,4.7,,,,,,,,,,,,,,,,,,,,,,,,,,,,,,,,,,,,
28712,2019,10,27,1,30,12.3,0,0,0,4.7,,,,,,,,,,,,,,,,,,,,,,,,,,,,,,,,,,,,
28713,2019,10,27,1,45,12.3,0,0,0,4.6000000000000005,,,,,,,,,,,,,,,,,,,,,,,,,,,,,,,,,,,,
28714,2019,10,27,2,0,12.3,0,0,0,4.6000000000000005,,,,,,,,,,,,,,,,,,,,,,,,,,,,,,,,,,,,
28715,2019,10,27,2,15,12.3,0,0,0,4.6000000000000005,,,,,,,,,,,,,,,,,,,,,,,,,,,,,,,,,,,,
28716,2019,10,27,2,30,12.3,0,0,0,4.6000000000000005,,,,,,,,,,,,,,,,,,,,,,,,,,,,,,,,,,,,
28717,2019,10,27,2,45,12.2,0,0,0,4.6000000000000005,,,,,,,,,,,,,,,,,,,,,,,,,,,,,,,,,,,,
28718,2019,10,27,3,0,12.2,0,0,0,4.6000000000000005,,,,,,,,,,,,,,,,,,,,,,,,,,,,,,,,,,,,
28719,2019,10,27,3,15,12.2,0,0,0,4.6000000000000005,,,,,,,,,,,,,,,,,,,,,,,,,,,,,,,,,,,,
28720,2019,10,27,3,30,12.2,0,0,0,4.6000000000000005,,,,,,,,,,,,,,,,,,,,,,,,,,,,,,,,,,,,
28721,2019,10,27,3,45,12.1,0,0,0,4.7,,,,,,,,,,,,,,,,,,,,,,,,,,,,,,,,,,,,
28722,2019,10,27,4,0,12.1,0,0,0,4.7,,,,,,,,,,,,,,,,,,,,,,,,,,,,,,,,,,,,
28723,2019,10,27,4,15,12.1,0,0,0,4.6000000000000005,,,,,,,,,,,,,,,,,,,,,,,,,,,,,,,,,,,,
28724,2019,10,27,4,30,12.1,0,0,0,4.6000000000000005,,,,,,,,,,,,,,,,,,,,,,,,,,,,,,,,,,,,
28725,2019,10,27,4,45,12.1,0,0,0,4.6000000000000005,,,,,,,,,,,,,,,,,,,,,,,,,,,,,,,,,,,,
28726,2019,10,27,5,0,12.1,0,0,0,4.5,,,,,,,,,,,,,,,,,,,,,,,,,,,,,,,,,,,,
28727,2019,10,27,5,15,12.2,0,0,0,4.5,,,,,,,,,,,,,,,,,,,,,,,,,,,,,,,,,,,,
28728,2019,10,27,5,30,12.2,0,0,0,4.4,,,,,,,,,,,,,,,,,,,,,,,,,,,,,,,,,,,,
28729,2019,10,27,5,45,12.2,0,0,0,4.3,,,,,,,,,,,,,,,,,,,,,,,,,,,,,,,,,,,,
28730,2019,10,27,6,0,12.3,0,0,0,4.3,,,,,,,,,,,,,,,,,,,,,,,,,,,,,,,,,,,,
28731,2019,10,27,6,15,12.3,0,0,0,4.2,,,,,,,,,,,,,,,,,,,,,,,,,,,,,,,,,,,,
28732,2019,10,27,6,30,12.4,0,0,0,4.2,,,,,,,,,,,,,,,,,,,,,,,,,,,,,,,,,,,,
28733,2019,10,27,6,45,12.4,0,0,0,4.2,,,,,,,,,,,,,,,,,,,,,,,,,,,,,,,,,,,,
28734,2019,10,27,7,0,12.4,0,0,0,4.1000000000000005,,,,,,,,,,,,,,,,,,,,,,,,,,,,,,,,,,,,
28735,2019,10,27,7,15,12.4,2,0,2,4.1000000000000005,,,,,,,,,,,,,,,,,,,,,,,,,,,,,,,,,,,,
28736,2019,10,27,7,30,12.4,4,0,4,4.2,,,,,,,,,,,,,,,,,,,,,,,,,,,,,,,,,,,,
28737,2019,10,27,7,45,12.4,5,0,5,4.2,,,,,,,,,,,,,,,,,,,,,,,,,,,,,,,,,,,,
28738,2019,10,27,8,0,12.4,6,0,6,4.2,,,,,,,,,,,,,,,,,,,,,,,,,,,,,,,,,,,,
28739,2019,10,27,8,15,12.2,7,0,7,4.2,,,,,,,,,,,,,,,,,,,,,,,,,,,,,,,,,,,,
28740,2019,10,27,8,30,12.1,8,0,8,4.3,,,,,,,,,,,,,,,,,,,,,,,,,,,,,,,,,,,,
28741,2019,10,27,8,45,11.9,9,0,9,4.3,,,,,,,,,,,,,,,,,,,,,,,,,,,,,,,,,,,,
28742,2019,10,27,9,0,11.8,10,0,10,4.4,,,,,,,,,,,,,,,,,,,,,,,,,,,,,,,,,,,,
28743,2019,10,27,9,15,11.6,11,0,11,4.4,,,,,,,,,,,,,,,,,,,,,,,,,,,,,,,,,,,,
28744,2019,10,27,9,30,11.4,13,0,13,4.4,,,,,,,,,,,,,,,,,,,,,,,,,,,,,,,,,,,,
28745,2019,10,27,9,45,11.3,11,0,11,4.4,,,,,,,,,,,,,,,,,,,,,,,,,,,,,,,,,,,,
28746,2019,10,27,10,0,11.1,12,0,12,4.4,,,,,,,,,,,,,,,,,,,,,,,,,,,,,,,,,,,,
28747,2019,10,27,10,15,11.0,16,0,16,4.4,,,,,,,,,,,,,,,,,,,,,,,,,,,,,,,,,,,,
28748,2019,10,27,10,30,11.0,26,0,26,4.4,,,,,,,,,,,,,,,,,,,,,,,,,,,,,,,,,,,,
28749,2019,10,27,10,45,10.9,20,0,20,4.4,,,,,,,,,,,,,,,,,,,,,,,,,,,,,,,,,,,,
28750,2019,10,27,11,0,10.9,18,0,18,4.4,,,,,,,,,,,,,,,,,,,,,,,,,,,,,,,,,,,,
28751,2019,10,27,11,15,10.9,19,0,19,4.3,,,,,,,,,,,,,,,,,,,,,,,,,,,,,,,,,,,,
28752,2019,10,27,11,30,10.9,29,0,29,4.3,,,,,,,,,,,,,,,,,,,,,,,,,,,,,,,,,,,,
28753,2019,10,27,11,45,10.9,40,0,40,4.3,,,,,,,,,,,,,,,,,,,,,,,,,,,,,,,,,,,,
28754,2019,10,27,12,0,10.9,21,0,21,4.3,,,,,,,,,,,,,,,,,,,,,,,,,,,,,,,,,,,,
28755,2019,10,27,12,15,10.9,17,0,17,4.2,,,,,,,,,,,,,,,,,,,,,,,,,,,,,,,,,,,,
28756,2019,10,27,12,30,10.9,16,0,16,4.2,,,,,,,,,,,,,,,,,,,,,,,,,,,,,,,,,,,,
28757,2019,10,27,12,45,10.9,20,0,20,4.1000000000000005,,,,,,,,,,,,,,,,,,,,,,,,,,,,,,,,,,,,
28758,2019,10,27,13,0,10.9,19,0,19,4.1000000000000005,,,,,,,,,,,,,,,,,,,,,,,,,,,,,,,,,,,,
28759,2019,10,27,13,15,10.8,28,0,28,4.0,,,,,,,,,,,,,,,,,,,,,,,,,,,,,,,,,,,,
28760,2019,10,27,13,30,10.8,26,0,26,3.9,,,,,,,,,,,,,,,,,,,,,,,,,,,,,,,,,,,,
28761,2019,10,27,13,45,10.7,16,0,16,3.9,,,,,,,,,,,,,,,,,,,,,,,,,,,,,,,,,,,,
28762,2019,10,27,14,0,10.7,12,0,12,3.8,,,,,,,,,,,,,,,,,,,,,,,,,,,,,,,,,,,,
28763,2019,10,27,14,15,10.6,21,0,21,3.5,,,,,,,,,,,,,,,,,,,,,,,,,,,,,,,,,,,,
28764,2019,10,27,14,30,10.4,35,0,35,3.3000000000000003,,,,,,,,,,,,,,,,,,,,,,,,,,,,,,,,,,,,
28765,2019,10,27,14,45,10.3,11,0,11,3.1,,,,,,,,,,,,,,,,,,,,,,,,,,,,,,,,,,,,
28766,2019,10,27,15,0,10.2,10,0,10,2.9000000000000004,,,,,,,,,,,,,,,,,,,,,,,,,,,,,,,,,,,,
28767,2019,10,27,15,15,9.9,9,0,9,2.6,,,,,,,,,,,,,,,,,,,,,,,,,,,,,,,,,,,,
28768,2019,10,27,15,30,9.6,8,0,8,2.3000000000000003,,,,,,,,,,,,,,,,,,,,,,,,,,,,,,,,,,,,
28769,2019,10,27,15,45,9.3,7,0,7,2.0,,,,,,,,,,,,,,,,,,,,,,,,,,,,,,,,,,,,
28770,2019,10,27,16,0,9.0,6,0,6,1.7000000000000002,,,,,,,,,,,,,,,,,,,,,,,,,,,,,,,,,,,,
28771,2019,10,27,16,15,8.700000000000001,5,0,5,1.7000000000000002,,,,,,,,,,,,,,,,,,,,,,,,,,,,,,,,,,,,
28772,2019,10,27,16,30,8.4,4,0,4,1.6,,,,,,,,,,,,,,,,,,,,,,,,,,,,,,,,,,,,
28773,2019,10,27,16,45,8.0,12,101,14,1.6,,,,,,,,,,,,,,,,,,,,,,,,,,,,,,,,,,,,
28774,2019,10,27,17,0,7.7,0,0,0,1.5,,,,,,,,,,,,,,,,,,,,,,,,,,,,,,,,,,,,
28775,2019,10,27,17,15,7.4,0,0,0,1.6,,,,,,,,,,,,,,,,,,,,,,,,,,,,,,,,,,,,
28776,2019,10,27,17,30,7.0,0,0,0,1.7000000000000002,,,,,,,,,,,,,,,,,,,,,,,,,,,,,,,,,,,,
28777,2019,10,27,17,45,6.7,0,0,0,1.7000000000000002,,,,,,,,,,,,,,,,,,,,,,,,,,,,,,,,,,,,
28778,2019,10,27,18,0,6.4,0,0,0,1.8,,,,,,,,,,,,,,,,,,,,,,,,,,,,,,,,,,,,
28779,2019,10,27,18,15,6.300000000000001,0,0,0,1.9,,,,,,,,,,,,,,,,,,,,,,,,,,,,,,,,,,,,
28780,2019,10,27,18,30,6.1000000000000005,0,0,0,2.0,,,,,,,,,,,,,,,,,,,,,,,,,,,,,,,,,,,,
28781,2019,10,27,18,45,6.0,0,0,0,2.1,,,,,,,,,,,,,,,,,,,,,,,,,,,,,,,,,,,,
28782,2019,10,27,19,0,5.800000000000001,0,0,0,2.2,,,,,,,,,,,,,,,,,,,,,,,,,,,,,,,,,,,,
28783,2019,10,27,19,15,5.800000000000001,0,0,0,2.2,,,,,,,,,,,,,,,,,,,,,,,,,,,,,,,,,,,,
28784,2019,10,27,19,30,5.7,0,0,0,2.3000000000000003,,,,,,,,,,,,,,,,,,,,,,,,,,,,,,,,,,,,
28785,2019,10,27,19,45,5.7,0,0,0,2.4000000000000004,,,,,,,,,,,,,,,,,,,,,,,,,,,,,,,,,,,,
28786,2019,10,27,20,0,5.6000000000000005,0,0,0,2.5,,,,,,,,,,,,,,,,,,,,,,,,,,,,,,,,,,,,
28787,2019,10,27,20,15,5.6000000000000005,0,0,0,2.5,,,,,,,,,,,,,,,,,,,,,,,,,,,,,,,,,,,,
28788,2019,10,27,20,30,5.6000000000000005,0,0,0,2.6,,,,,,,,,,,,,,,,,,,,,,,,,,,,,,,,,,,,
28789,2019,10,27,20,45,5.6000000000000005,0,0,0,2.6,,,,,,,,,,,,,,,,,,,,,,,,,,,,,,,,,,,,
28790,2019,10,27,21,0,5.6000000000000005,0,0,0,2.6,,,,,,,,,,,,,,,,,,,,,,,,,,,,,,,,,,,,
28791,2019,10,27,21,15,5.6000000000000005,0,0,0,2.6,,,,,,,,,,,,,,,,,,,,,,,,,,,,,,,,,,,,
28792,2019,10,27,21,30,5.6000000000000005,0,0,0,2.6,,,,,,,,,,,,,,,,,,,,,,,,,,,,,,,,,,,,
28793,2019,10,27,21,45,5.5,0,0,0,2.6,,,,,,,,,,,,,,,,,,,,,,,,,,,,,,,,,,,,
28794,2019,10,27,22,0,5.5,0,0,0,2.6,,,,,,,,,,,,,,,,,,,,,,,,,,,,,,,,,,,,
28795,2019,10,27,22,15,5.4,0,0,0,2.6,,,,,,,,,,,,,,,,,,,,,,,,,,,,,,,,,,,,
28796,2019,10,27,22,30,5.4,0,0,0,2.6,,,,,,,,,,,,,,,,,,,,,,,,,,,,,,,,,,,,
28797,2019,10,27,22,45,5.300000000000001,0,0,0,2.5,,,,,,,,,,,,,,,,,,,,,,,,,,,,,,,,,,,,
28798,2019,10,27,23,0,5.300000000000001,0,0,0,2.5,,,,,,,,,,,,,,,,,,,,,,,,,,,,,,,,,,,,
28799,2019,10,27,23,15,5.1000000000000005,0,0,0,2.4000000000000004,,,,,,,,,,,,,,,,,,,,,,,,,,,,,,,,,,,,
28800,2019,10,27,23,30,4.9,0,0,0,2.4000000000000004,,,,,,,,,,,,,,,,,,,,,,,,,,,,,,,,,,,,
28801,2019,10,27,23,45,4.7,0,0,0,2.4000000000000004,,,,,,,,,,,,,,,,,,,,,,,,,,,,,,,,,,,,
28802,2019,10,28,0,0,4.5,0,0,0,2.3000000000000003,,,,,,,,,,,,,,,,,,,,,,,,,,,,,,,,,,,,
28803,2019,10,28,0,15,4.5,0,0,0,2.3000000000000003,,,,,,,,,,,,,,,,,,,,,,,,,,,,,,,,,,,,
28804,2019,10,28,0,30,4.5,0,0,0,2.3000000000000003,,,,,,,,,,,,,,,,,,,,,,,,,,,,,,,,,,,,
28805,2019,10,28,0,45,4.5,0,0,0,2.3000000000000003,,,,,,,,,,,,,,,,,,,,,,,,,,,,,,,,,,,,
28806,2019,10,28,1,0,3.9,0,0,0,2.4000000000000004,,,,,,,,,,,,,,,,,,,,,,,,,,,,,,,,,,,,
28807,2019,10,28,1,15,3.9,0,0,0,2.5,,,,,,,,,,,,,,,,,,,,,,,,,,,,,,,,,,,,
28808,2019,10,28,1,30,3.8,0,0,0,2.5,,,,,,,,,,,,,,,,,,,,,,,,,,,,,,,,,,,,
28809,2019,10,28,1,45,3.7,0,0,0,2.6,,,,,,,,,,,,,,,,,,,,,,,,,,,,,,,,,,,,
28810,2019,10,28,2,0,3.7,0,0,0,2.7,,,,,,,,,,,,,,,,,,,,,,,,,,,,,,,,,,,,
28811,2019,10,28,2,15,3.7,0,0,0,2.7,,,,,,,,,,,,,,,,,,,,,,,,,,,,,,,,,,,,
28812,2019,10,28,2,30,3.6,0,0,0,2.8000000000000003,,,,,,,,,,,,,,,,,,,,,,,,,,,,,,,,,,,,
28813,2019,10,28,2,45,3.6,0,0,0,2.8000000000000003,,,,,,,,,,,,,,,,,,,,,,,,,,,,,,,,,,,,
28814,2019,10,28,3,0,3.6,0,0,0,2.9000000000000004,,,,,,,,,,,,,,,,,,,,,,,,,,,,,,,,,,,,
28815,2019,10,28,3,15,3.6,0,0,0,2.9000000000000004,,,,,,,,,,,,,,,,,,,,,,,,,,,,,,,,,,,,
28816,2019,10,28,3,30,3.6,0,0,0,3.0,,,,,,,,,,,,,,,,,,,,,,,,,,,,,,,,,,,,
28817,2019,10,28,3,45,3.6,0,0,0,3.0,,,,,,,,,,,,,,,,,,,,,,,,,,,,,,,,,,,,
28818,2019,10,28,4,0,3.6,0,0,0,3.0,,,,,,,,,,,,,,,,,,,,,,,,,,,,,,,,,,,,
28819,2019,10,28,4,15,3.7,0,0,0,3.1,,,,,,,,,,,,,,,,,,,,,,,,,,,,,,,,,,,,
28820,2019,10,28,4,30,3.7,0,0,0,3.1,,,,,,,,,,,,,,,,,,,,,,,,,,,,,,,,,,,,
28821,2019,10,28,4,45,3.8,0,0,0,3.2,,,,,,,,,,,,,,,,,,,,,,,,,,,,,,,,,,,,
28822,2019,10,28,5,0,3.8,0,0,0,3.2,,,,,,,,,,,,,,,,,,,,,,,,,,,,,,,,,,,,
28823,2019,10,28,5,15,3.9,0,0,0,3.3000000000000003,,,,,,,,,,,,,,,,,,,,,,,,,,,,,,,,,,,,
28824,2019,10,28,5,30,3.9,0,0,0,3.3000000000000003,,,,,,,,,,,,,,,,,,,,,,,,,,,,,,,,,,,,
28825,2019,10,28,5,45,4.0,0,0,0,3.4000000000000004,,,,,,,,,,,,,,,,,,,,,,,,,,,,,,,,,,,,
28826,2019,10,28,6,0,4.0,0,0,0,3.5,,,,,,,,,,,,,,,,,,,,,,,,,,,,,,,,,,,,
28827,2019,10,28,6,15,4.1000000000000005,0,0,0,3.5,,,,,,,,,,,,,,,,,,,,,,,,,,,,,,,,,,,,
28828,2019,10,28,6,30,4.1000000000000005,0,0,0,3.5,,,,,,,,,,,,,,,,,,,,,,,,,,,,,,,,,,,,
28829,2019,10,28,6,45,4.2,0,0,0,3.6,,,,,,,,,,,,,,,,,,,,,,,,,,,,,,,,,,,,
28830,2019,10,28,7,0,4.2,0,0,0,3.6,,,,,,,,,,,,,,,,,,,,,,,,,,,,,,,,,,,,
28831,2019,10,28,7,15,4.4,15,64,17,3.6,,,,,,,,,,,,,,,,,,,,,,,,,,,,,,,,,,,,
28832,2019,10,28,7,30,4.6000000000000005,27,171,37,3.6,,,,,,,,,,,,,,,,,,,,,,,,,,,,,,,,,,,,
28833,2019,10,28,7,45,4.9,38,260,63,3.7,,,,,,,,,,,,,,,,,,,,,,,,,,,,,,,,,,,,
28834,2019,10,28,8,0,5.1000000000000005,47,347,92,3.7,,,,,,,,,,,,,,,,,,,,,,,,,,,,,,,,,,,,
28835,2019,10,28,8,15,5.300000000000001,55,418,123,3.7,,,,,,,,,,,,,,,,,,,,,,,,,,,,,,,,,,,,
28836,2019,10,28,8,30,5.6000000000000005,61,478,155,3.7,,,,,,,,,,,,,,,,,,,,,,,,,,,,,,,,,,,,
28837,2019,10,28,8,45,5.9,67,523,185,3.7,,,,,,,,,,,,,,,,,,,,,,,,,,,,,,,,,,,,
28838,2019,10,28,9,0,6.2,72,564,215,3.8,,,,,,,,,,,,,,,,,,,,,,,,,,,,,,,,,,,,
28839,2019,10,28,9,15,6.6000000000000005,76,599,244,3.8,,,,,,,,,,,,,,,,,,,,,,,,,,,,,,,,,,,,
28840,2019,10,28,9,30,7.0,110,12,113,3.7,,,,,,,,,,,,,,,,,,,,,,,,,,,,,,,,,,,,
28841,2019,10,28,9,45,7.4,120,18,126,3.7,,,,,,,,,,,,,,,,,,,,,,,,,,,,,,,,,,,,
28842,2019,10,28,10,0,7.9,130,24,138,3.7,,,,,,,,,,,,,,,,,,,,,,,,,,,,,,,,,,,,
28843,2019,10,28,10,15,8.3,139,28,149,3.7,,,,,,,,,,,,,,,,,,,,,,,,,,,,,,,,,,,,
28844,2019,10,28,10,30,8.700000000000001,147,33,159,3.7,,,,,,,,,,,,,,,,,,,,,,,,,,,,,,,,,,,,
28845,2019,10,28,10,45,9.1,154,36,168,3.7,,,,,,,,,,,,,,,,,,,,,,,,,,,,,,,,,,,,
28846,2019,10,28,11,0,9.5,159,39,175,3.6,,,,,,,,,,,,,,,,,,,,,,,,,,,,,,,,,,,,
28847,2019,10,28,11,15,9.8,164,41,181,3.6,,,,,,,,,,,,,,,,,,,,,,,,,,,,,,,,,,,,
28848,2019,10,28,11,30,10.1,177,89,214,3.6,,,,,,,,,,,,,,,,,,,,,,,,,,,,,,,,,,,,
28849,2019,10,28,11,45,10.4,178,83,213,3.6,,,,,,,,,,,,,,,,,,,,,,,,,,,,,,,,,,,,
28850,2019,10,28,12,0,10.7,155,16,161,3.5,,,,,,,,,,,,,,,,,,,,,,,,,,,,,,,,,,,,
28851,2019,10,28,12,15,10.9,176,72,206,3.5,,,,,,,,,,,,,,,,,,,,,,,,,,,,,,,,,,,,
28852,2019,10,28,12,30,11.0,176,86,212,3.5,,,,,,,,,,,,,,,,,,,,,,,,,,,,,,,,,,,,
28853,2019,10,28,12,45,11.2,149,14,154,3.5,,,,,,,,,,,,,,,,,,,,,,,,,,,,,,,,,,,,
28854,2019,10,28,13,0,11.3,112,0,112,3.5,,,,,,,,,,,,,,,,,,,,,,,,,,,,,,,,,,,,
28855,2019,10,28,13,15,11.3,129,0,129,3.4000000000000004,,,,,,,,,,,,,,,,,,,,,,,,,,,,,,,,,,,,
28856,2019,10,28,13,30,11.3,131,6,133,3.4000000000000004,,,,,,,,,,,,,,,,,,,,,,,,,,,,,,,,,,,,
28857,2019,10,28,13,45,11.4,128,10,132,3.4000000000000004,,,,,,,,,,,,,,,,,,,,,,,,,,,,,,,,,,,,
28858,2019,10,28,14,0,11.4,91,0,91,3.3000000000000003,,,,,,,,,,,,,,,,,,,,,,,,,,,,,,,,,,,,
28859,2019,10,28,14,15,11.3,93,0,93,3.2,,,,,,,,,,,,,,,,,,,,,,,,,,,,,,,,,,,,
28860,2019,10,28,14,30,11.1,103,3,104,3.1,,,,,,,,,,,,,,,,,,,,,,,,,,,,,,,,,,,,
28861,2019,10,28,14,45,11.0,86,0,86,3.1,,,,,,,,,,,,,,,,,,,,,,,,,,,,,,,,,,,,
28862,2019,10,28,15,0,10.9,74,0,74,3.0,,,,,,,,,,,,,,,,,,,,,,,,,,,,,,,,,,,,
28863,2019,10,28,15,15,10.4,56,575,180,2.6,,,,,,,,,,,,,,,,,,,,,,,,,,,,,,,,,,,,
28864,2019,10,28,15,30,9.9,51,526,148,2.2,,,,,,,,,,,,,,,,,,,,,,,,,,,,,,,,,,,,
28865,2019,10,28,15,45,9.3,46,459,116,1.9,,,,,,,,,,,,,,,,,,,,,,,,,,,,,,,,,,,,
28866,2019,10,28,16,0,8.8,39,384,85,1.5,,,,,,,,,,,,,,,,,,,,,,,,,,,,,,,,,,,,
28867,2019,10,28,16,15,8.200000000000001,31,293,56,1.5,,,,,,,,,,,,,,,,,,,,,,,,,,,,,,,,,,,,
28868,2019,10,28,16,30,7.5,21,182,30,1.4,,,,,,,,,,,,,,,,,,,,,,,,,,,,,,,,,,,,
28869,2019,10,28,16,45,6.9,0,0,0,1.4,,,,,,,,,,,,,,,,,,,,,,,,,,,,,,,,,,,,
28870,2019,10,28,17,0,6.2,0,0,0,1.3,,,,,,,,,,,,,,,,,,,,,,,,,,,,,,,,,,,,
28871,2019,10,28,17,15,6.1000000000000005,0,0,0,1.3,,,,,,,,,,,,,,,,,,,,,,,,,,,,,,,,,,,,
28872,2019,10,28,17,30,5.9,0,0,0,1.4,,,,,,,,,,,,,,,,,,,,,,,,,,,,,,,,,,,,
28873,2019,10,28,17,45,5.7,0,0,0,1.4,,,,,,,,,,,,,,,,,,,,,,,,,,,,,,,,,,,,
28874,2019,10,28,18,0,5.6000000000000005,0,0,0,1.4,,,,,,,,,,,,,,,,,,,,,,,,,,,,,,,,,,,,
28875,2019,10,28,18,15,5.4,0,0,0,1.4,,,,,,,,,,,,,,,,,,,,,,,,,,,,,,,,,,,,
28876,2019,10,28,18,30,5.300000000000001,0,0,0,1.4,,,,,,,,,,,,,,,,,,,,,,,,,,,,,,,,,,,,
28877,2019,10,28,18,45,5.1000000000000005,0,0,0,1.5,,,,,,,,,,,,,,,,,,,,,,,,,,,,,,,,,,,,
28878,2019,10,28,19,0,5.0,0,0,0,1.5,,,,,,,,,,,,,,,,,,,,,,,,,,,,,,,,,,,,
28879,2019,10,28,19,15,4.800000000000001,0,0,0,1.5,,,,,,,,,,,,,,,,,,,,,,,,,,,,,,,,,,,,
28880,2019,10,28,19,30,4.7,0,0,0,1.5,,,,,,,,,,,,,,,,,,,,,,,,,,,,,,,,,,,,
28881,2019,10,28,19,45,4.6000000000000005,0,0,0,1.5,,,,,,,,,,,,,,,,,,,,,,,,,,,,,,,,,,,,
28882,2019,10,28,20,0,4.4,0,0,0,1.5,,,,,,,,,,,,,,,,,,,,,,,,,,,,,,,,,,,,
28883,2019,10,28,20,15,4.4,0,0,0,1.5,,,,,,,,,,,,,,,,,,,,,,,,,,,,,,,,,,,,
28884,2019,10,28,20,30,4.4,0,0,0,1.5,,,,,,,,,,,,,,,,,,,,,,,,,,,,,,,,,,,,
28885,2019,10,28,20,45,4.3,0,0,0,1.5,,,,,,,,,,,,,,,,,,,,,,,,,,,,,,,,,,,,
28886,2019,10,28,21,0,4.3,0,0,0,1.5,,,,,,,,,,,,,,,,,,,,,,,,,,,,,,,,,,,,
28887,2019,10,28,21,15,4.3,0,0,0,1.5,,,,,,,,,,,,,,,,,,,,,,,,,,,,,,,,,,,,
28888,2019,10,28,21,30,4.3,0,0,0,1.4,,,,,,,,,,,,,,,,,,,,,,,,,,,,,,,,,,,,
28889,2019,10,28,21,45,4.3,0,0,0,1.4,,,,,,,,,,,,,,,,,,,,,,,,,,,,,,,,,,,,
28890,2019,10,28,22,0,4.3,0,0,0,1.4,,,,,,,,,,,,,,,,,,,,,,,,,,,,,,,,,,,,
28891,2019,10,28,22,15,4.3,0,0,0,1.4,,,,,,,,,,,,,,,,,,,,,,,,,,,,,,,,,,,,
28892,2019,10,28,22,30,4.3,0,0,0,1.4,,,,,,,,,,,,,,,,,,,,,,,,,,,,,,,,,,,,
28893,2019,10,28,22,45,4.4,0,0,0,1.4,,,,,,,,,,,,,,,,,,,,,,,,,,,,,,,,,,,,
28894,2019,10,28,23,0,4.4,0,0,0,1.4,,,,,,,,,,,,,,,,,,,,,,,,,,,,,,,,,,,,
28895,2019,10,28,23,15,4.4,0,0,0,1.5,,,,,,,,,,,,,,,,,,,,,,,,,,,,,,,,,,,,
28896,2019,10,28,23,30,4.4,0,0,0,1.5,,,,,,,,,,,,,,,,,,,,,,,,,,,,,,,,,,,,
28897,2019,10,28,23,45,4.5,0,0,0,1.5,,,,,,,,,,,,,,,,,,,,,,,,,,,,,,,,,,,,
28898,2019,10,29,0,0,4.5,0,0,0,1.6,,,,,,,,,,,,,,,,,,,,,,,,,,,,,,,,,,,,
28899,2019,10,29,0,15,4.5,0,0,0,1.6,,,,,,,,,,,,,,,,,,,,,,,,,,,,,,,,,,,,
28900,2019,10,29,0,30,4.5,0,0,0,1.6,,,,,,,,,,,,,,,,,,,,,,,,,,,,,,,,,,,,
28901,2019,10,29,0,45,4.5,0,0,0,1.6,,,,,,,,,,,,,,,,,,,,,,,,,,,,,,,,,,,,
28902,2019,10,29,1,0,4.5,0,0,0,1.7000000000000002,,,,,,,,,,,,,,,,,,,,,,,,,,,,,,,,,,,,
28903,2019,10,29,1,15,4.5,0,0,0,1.8,,,,,,,,,,,,,,,,,,,,,,,,,,,,,,,,,,,,
28904,2019,10,29,1,30,4.5,0,0,0,1.8,,,,,,,,,,,,,,,,,,,,,,,,,,,,,,,,,,,,
28905,2019,10,29,1,45,4.5,0,0,0,1.8,,,,,,,,,,,,,,,,,,,,,,,,,,,,,,,,,,,,
28906,2019,10,29,2,0,4.5,0,0,0,1.8,,,,,,,,,,,,,,,,,,,,,,,,,,,,,,,,,,,,
28907,2019,10,29,2,15,4.5,0,0,0,1.8,,,,,,,,,,,,,,,,,,,,,,,,,,,,,,,,,,,,
28908,2019,10,29,2,30,4.5,0,0,0,1.9,,,,,,,,,,,,,,,,,,,,,,,,,,,,,,,,,,,,
28909,2019,10,29,2,45,4.5,0,0,0,1.9,,,,,,,,,,,,,,,,,,,,,,,,,,,,,,,,,,,,
28910,2019,10,29,3,0,4.6000000000000005,0,0,0,2.0,,,,,,,,,,,,,,,,,,,,,,,,,,,,,,,,,,,,
28911,2019,10,29,3,15,4.6000000000000005,0,0,0,2.0,,,,,,,,,,,,,,,,,,,,,,,,,,,,,,,,,,,,
28912,2019,10,29,3,30,4.6000000000000005,0,0,0,2.0,,,,,,,,,,,,,,,,,,,,,,,,,,,,,,,,,,,,
28913,2019,10,29,3,45,4.6000000000000005,0,0,0,2.0,,,,,,,,,,,,,,,,,,,,,,,,,,,,,,,,,,,,
28914,2019,10,29,4,0,4.6000000000000005,0,0,0,2.0,,,,,,,,,,,,,,,,,,,,,,,,,,,,,,,,,,,,
28915,2019,10,29,4,15,4.6000000000000005,0,0,0,2.0,,,,,,,,,,,,,,,,,,,,,,,,,,,,,,,,,,,,
28916,2019,10,29,4,30,4.7,0,0,0,2.0,,,,,,,,,,,,,,,,,,,,,,,,,,,,,,,,,,,,
28917,2019,10,29,4,45,4.7,0,0,0,2.0,,,,,,,,,,,,,,,,,,,,,,,,,,,,,,,,,,,,
28918,2019,10,29,5,0,4.7,0,0,0,2.0,,,,,,,,,,,,,,,,,,,,,,,,,,,,,,,,,,,,
28919,2019,10,29,5,15,4.7,0,0,0,2.0,,,,,,,,,,,,,,,,,,,,,,,,,,,,,,,,,,,,
28920,2019,10,29,5,30,4.7,0,0,0,2.0,,,,,,,,,,,,,,,,,,,,,,,,,,,,,,,,,,,,
28921,2019,10,29,5,45,4.7,0,0,0,2.0,,,,,,,,,,,,,,,,,,,,,,,,,,,,,,,,,,,,
28922,2019,10,29,6,0,4.7,0,0,0,2.0,,,,,,,,,,,,,,,,,,,,,,,,,,,,,,,,,,,,
28923,2019,10,29,6,15,4.6000000000000005,0,0,0,2.0,,,,,,,,,,,,,,,,,,,,,,,,,,,,,,,,,,,,
28924,2019,10,29,6,30,4.6000000000000005,0,0,0,2.0,,,,,,,,,,,,,,,,,,,,,,,,,,,,,,,,,,,,
28925,2019,10,29,6,45,4.6000000000000005,0,0,0,2.0,,,,,,,,,,,,,,,,,,,,,,,,,,,,,,,,,,,,
28926,2019,10,29,7,0,4.5,0,0,0,2.0,,,,,,,,,,,,,,,,,,,,,,,,,,,,,,,,,,,,
28927,2019,10,29,7,15,4.5,13,87,15,2.0,,,,,,,,,,,,,,,,,,,,,,,,,,,,,,,,,,,,
28928,2019,10,29,7,30,4.5,21,2,21,2.0,,,,,,,,,,,,,,,,,,,,,,,,,,,,,,,,,,,,
28929,2019,10,29,7,45,4.6000000000000005,32,69,38,2.0,,,,,,,,,,,,,,,,,,,,,,,,,,,,,,,,,,,,
28930,2019,10,29,8,0,4.6000000000000005,44,113,59,2.0,,,,,,,,,,,,,,,,,,,,,,,,,,,,,,,,,,,,
28931,2019,10,29,8,15,4.6000000000000005,7,0,7,2.0,,,,,,,,,,,,,,,,,,,,,,,,,,,,,,,,,,,,
28932,2019,10,29,8,30,4.7,52,546,156,2.0,,,,,,,,,,,,,,,,,,,,,,,,,,,,,,,,,,,,
28933,2019,10,29,8,45,4.800000000000001,54,609,189,2.1,,,,,,,,,,,,,,,,,,,,,,,,,,,,,,,,,,,,
28934,2019,10,29,9,0,4.9,58,647,219,2.1,,,,,,,,,,,,,,,,,,,,,,,,,,,,,,,,,,,,
28935,2019,10,29,9,15,5.0,61,679,249,2.1,,,,,,,,,,,,,,,,,,,,,,,,,,,,,,,,,,,,
28936,2019,10,29,9,30,5.1000000000000005,64,706,276,2.1,,,,,,,,,,,,,,,,,,,,,,,,,,,,,,,,,,,,
28937,2019,10,29,9,45,5.300000000000001,66,732,302,2.1,,,,,,,,,,,,,,,,,,,,,,,,,,,,,,,,,,,,
28938,2019,10,29,10,0,5.4,68,755,327,2.1,,,,,,,,,,,,,,,,,,,,,,,,,,,,,,,,,,,,
28939,2019,10,29,10,15,5.7,70,771,348,2.1,,,,,,,,,,,,,,,,,,,,,,,,,,,,,,,,,,,,
28940,2019,10,29,10,30,6.0,72,784,367,2.2,,,,,,,,,,,,,,,,,,,,,,,,,,,,,,,,,,,,
28941,2019,10,29,10,45,6.300000000000001,71,802,384,2.2,,,,,,,,,,,,,,,,,,,,,,,,,,,,,,,,,,,,
28942,2019,10,29,11,0,6.6000000000000005,72,810,397,2.2,,,,,,,,,,,,,,,,,,,,,,,,,,,,,,,,,,,,
28943,2019,10,29,11,15,7.0,72,816,407,2.3000000000000003,,,,,,,,,,,,,,,,,,,,,,,,,,,,,,,,,,,,
28944,2019,10,29,11,30,7.4,73,820,414,2.4000000000000004,,,,,,,,,,,,,,,,,,,,,,,,,,,,,,,,,,,,
28945,2019,10,29,11,45,7.800000000000001,154,360,305,2.4000000000000004,,,,,,,,,,,,,,,,,,,,,,,,,,,,,,,,,,,,
28946,2019,10,29,12,0,8.1,154,361,306,2.5,,,,,,,,,,,,,,,,,,,,,,,,,,,,,,,,,,,,
28947,2019,10,29,12,15,8.4,162,307,290,2.5,,,,,,,,,,,,,,,,,,,,,,,,,,,,,,,,,,,,
28948,2019,10,29,12,30,8.6,168,242,269,2.6,,,,,,,,,,,,,,,,,,,,,,,,,,,,,,,,,,,,
28949,2019,10,29,12,45,8.9,167,225,258,2.6,,,,,,,,,,,,,,,,,,,,,,,,,,,,,,,,,,,,
28950,2019,10,29,13,0,9.1,67,823,394,2.6,,,,,,,,,,,,,,,,,,,,,,,,,,,,,,,,,,,,
28951,2019,10,29,13,15,9.1,125,0,125,2.7,,,,,,,,,,,,,,,,,,,,,,,,,,,,,,,,,,,,
28952,2019,10,29,13,30,9.1,118,0,118,2.7,,,,,,,,,,,,,,,,,,,,,,,,,,,,,,,,,,,,
28953,2019,10,29,13,45,9.1,121,1,121,2.7,,,,,,,,,,,,,,,,,,,,,,,,,,,,,,,,,,,,
28954,2019,10,29,14,0,9.1,62,774,322,2.7,,,,,,,,,,,,,,,,,,,,,,,,,,,,,,,,,,,,
28955,2019,10,29,14,15,9.0,110,5,112,2.6,,,,,,,,,,,,,,,,,,,,,,,,,,,,,,,,,,,,
28956,2019,10,29,14,30,8.9,70,0,70,2.6,,,,,,,,,,,,,,,,,,,,,,,,,,,,,,,,,,,,
28957,2019,10,29,14,45,8.700000000000001,78,0,78,2.6,,,,,,,,,,,,,,,,,,,,,,,,,,,,,,,,,,,,
28958,2019,10,29,15,0,8.6,66,0,66,2.6,,,,,,,,,,,,,,,,,,,,,,,,,,,,,,,,,,,,
28959,2019,10,29,15,15,8.1,55,0,55,2.2,,,,,,,,,,,,,,,,,,,,,,,,,,,,,,,,,,,,
28960,2019,10,29,15,30,7.5,44,0,44,1.9,,,,,,,,,,,,,,,,,,,,,,,,,,,,,,,,,,,,
28961,2019,10,29,15,45,7.0,33,0,33,1.6,,,,,,,,,,,,,,,,,,,,,,,,,,,,,,,,,,,,
28962,2019,10,29,16,0,6.5,24,0,24,1.3,,,,,,,,,,,,,,,,,,,,,,,,,,,,,,,,,,,,
28963,2019,10,29,16,15,5.9,15,0,15,1.2000000000000002,,,,,,,,,,,,,,,,,,,,,,,,,,,,,,,,,,,,
28964,2019,10,29,16,30,5.300000000000001,8,0,8,1.2000000000000002,,,,,,,,,,,,,,,,,,,,,,,,,,,,,,,,,,,,
28965,2019,10,29,16,45,4.7,0,0,0,1.1,,,,,,,,,,,,,,,,,,,,,,,,,,,,,,,,,,,,
28966,2019,10,29,17,0,4.1000000000000005,0,0,0,1.1,,,,,,,,,,,,,,,,,,,,,,,,,,,,,,,,,,,,
28967,2019,10,29,17,15,3.9,0,0,0,1.1,,,,,,,,,,,,,,,,,,,,,,,,,,,,,,,,,,,,
28968,2019,10,29,17,30,3.8,0,0,0,1.1,,,,,,,,,,,,,,,,,,,,,,,,,,,,,,,,,,,,
28969,2019,10,29,17,45,3.6,0,0,0,1.1,,,,,,,,,,,,,,,,,,,,,,,,,,,,,,,,,,,,
28970,2019,10,29,18,0,3.5,0,0,0,1.1,,,,,,,,,,,,,,,,,,,,,,,,,,,,,,,,,,,,
28971,2019,10,29,18,15,3.4000000000000004,0,0,0,1.1,,,,,,,,,,,,,,,,,,,,,,,,,,,,,,,,,,,,
28972,2019,10,29,18,30,3.3000000000000003,0,0,0,1.1,,,,,,,,,,,,,,,,,,,,,,,,,,,,,,,,,,,,
28973,2019,10,29,18,45,3.3000000000000003,0,0,0,1.1,,,,,,,,,,,,,,,,,,,,,,,,,,,,,,,,,,,,
28974,2019,10,29,19,0,3.2,0,0,0,1.1,,,,,,,,,,,,,,,,,,,,,,,,,,,,,,,,,,,,
28975,2019,10,29,19,15,3.1,0,0,0,1.1,,,,,,,,,,,,,,,,,,,,,,,,,,,,,,,,,,,,
28976,2019,10,29,19,30,3.1,0,0,0,1.1,,,,,,,,,,,,,,,,,,,,,,,,,,,,,,,,,,,,
28977,2019,10,29,19,45,3.0,0,0,0,1.1,,,,,,,,,,,,,,,,,,,,,,,,,,,,,,,,,,,,
28978,2019,10,29,20,0,3.0,0,0,0,1.1,,,,,,,,,,,,,,,,,,,,,,,,,,,,,,,,,,,,
28979,2019,10,29,20,15,2.9000000000000004,0,0,0,1.1,,,,,,,,,,,,,,,,,,,,,,,,,,,,,,,,,,,,
28980,2019,10,29,20,30,2.8000000000000003,0,0,0,1.1,,,,,,,,,,,,,,,,,,,,,,,,,,,,,,,,,,,,
28981,2019,10,29,20,45,2.8000000000000003,0,0,0,1.1,,,,,,,,,,,,,,,,,,,,,,,,,,,,,,,,,,,,
28982,2019,10,29,21,0,2.7,0,0,0,1.1,,,,,,,,,,,,,,,,,,,,,,,,,,,,,,,,,,,,
28983,2019,10,29,21,15,2.6,0,0,0,1.1,,,,,,,,,,,,,,,,,,,,,,,,,,,,,,,,,,,,
28984,2019,10,29,21,30,2.4000000000000004,0,0,0,1.1,,,,,,,,,,,,,,,,,,,,,,,,,,,,,,,,,,,,
28985,2019,10,29,21,45,2.3000000000000003,0,0,0,1.1,,,,,,,,,,,,,,,,,,,,,,,,,,,,,,,,,,,,
28986,2019,10,29,22,0,2.2,0,0,0,1.1,,,,,,,,,,,,,,,,,,,,,,,,,,,,,,,,,,,,
28987,2019,10,29,22,15,2.1,0,0,0,1.1,,,,,,,,,,,,,,,,,,,,,,,,,,,,,,,,,,,,
28988,2019,10,29,22,30,2.0,0,0,0,1.1,,,,,,,,,,,,,,,,,,,,,,,,,,,,,,,,,,,,
28989,2019,10,29,22,45,1.9,0,0,0,1.1,,,,,,,,,,,,,,,,,,,,,,,,,,,,,,,,,,,,
28990,2019,10,29,23,0,1.8,0,0,0,1.1,,,,,,,,,,,,,,,,,,,,,,,,,,,,,,,,,,,,
28991,2019,10,29,23,15,1.7000000000000002,0,0,0,1.0,,,,,,,,,,,,,,,,,,,,,,,,,,,,,,,,,,,,
28992,2019,10,29,23,30,1.6,0,0,0,1.0,,,,,,,,,,,,,,,,,,,,,,,,,,,,,,,,,,,,
28993,2019,10,29,23,45,1.5,0,0,0,1.0,,,,,,,,,,,,,,,,,,,,,,,,,,,,,,,,,,,,
28994,2019,10,30,0,0,1.4,0,0,0,1.0,,,,,,,,,,,,,,,,,,,,,,,,,,,,,,,,,,,,
28995,2019,10,30,0,15,1.4,0,0,0,1.0,,,,,,,,,,,,,,,,,,,,,,,,,,,,,,,,,,,,
28996,2019,10,30,0,30,1.4,0,0,0,1.0,,,,,,,,,,,,,,,,,,,,,,,,,,,,,,,,,,,,
28997,2019,10,30,0,45,1.4,0,0,0,1.0,,,,,,,,,,,,,,,,,,,,,,,,,,,,,,,,,,,,
28998,2019,10,30,1,0,1.0,0,0,0,0.9,,,,,,,,,,,,,,,,,,,,,,,,,,,,,,,,,,,,
28999,2019,10,30,1,15,0.9,0,0,0,0.9,,,,,,,,,,,,,,,,,,,,,,,,,,,,,,,,,,,,
29000,2019,10,30,1,30,0.8,0,0,0,0.9,,,,,,,,,,,,,,,,,,,,,,,,,,,,,,,,,,,,
29001,2019,10,30,1,45,0.7000000000000001,0,0,0,0.9,,,,,,,,,,,,,,,,,,,,,,,,,,,,,,,,,,,,
29002,2019,10,30,2,0,0.6000000000000001,0,0,0,0.9,,,,,,,,,,,,,,,,,,,,,,,,,,,,,,,,,,,,
29003,2019,10,30,2,15,0.6000000000000001,0,0,0,0.9,,,,,,,,,,,,,,,,,,,,,,,,,,,,,,,,,,,,
29004,2019,10,30,2,30,0.6000000000000001,0,0,0,0.9,,,,,,,,,,,,,,,,,,,,,,,,,,,,,,,,,,,,
29005,2019,10,30,2,45,0.5,0,0,0,0.9,,,,,,,,,,,,,,,,,,,,,,,,,,,,,,,,,,,,
29006,2019,10,30,3,0,0.5,0,0,0,0.9,,,,,,,,,,,,,,,,,,,,,,,,,,,,,,,,,,,,
29007,2019,10,30,3,15,0.5,0,0,0,0.9,,,,,,,,,,,,,,,,,,,,,,,,,,,,,,,,,,,,
29008,2019,10,30,3,30,0.6000000000000001,0,0,0,0.9,,,,,,,,,,,,,,,,,,,,,,,,,,,,,,,,,,,,
29009,2019,10,30,3,45,0.6000000000000001,0,0,0,1.0,,,,,,,,,,,,,,,,,,,,,,,,,,,,,,,,,,,,
29010,2019,10,30,4,0,0.6000000000000001,0,0,0,1.0,,,,,,,,,,,,,,,,,,,,,,,,,,,,,,,,,,,,
29011,2019,10,30,4,15,0.7000000000000001,0,0,0,1.0,,,,,,,,,,,,,,,,,,,,,,,,,,,,,,,,,,,,
29012,2019,10,30,4,30,0.8,0,0,0,1.0,,,,,,,,,,,,,,,,,,,,,,,,,,,,,,,,,,,,
29013,2019,10,30,4,45,0.9,0,0,0,1.0,,,,,,,,,,,,,,,,,,,,,,,,,,,,,,,,,,,,
29014,2019,10,30,5,0,1.0,0,0,0,1.0,,,,,,,,,,,,,,,,,,,,,,,,,,,,,,,,,,,,
29015,2019,10,30,5,15,1.1,0,0,0,1.1,,,,,,,,,,,,,,,,,,,,,,,,,,,,,,,,,,,,
29016,2019,10,30,5,30,1.1,0,0,0,1.2000000000000002,,,,,,,,,,,,,,,,,,,,,,,,,,,,,,,,,,,,
29017,2019,10,30,5,45,1.1,0,0,0,1.3,,,,,,,,,,,,,,,,,,,,,,,,,,,,,,,,,,,,
29018,2019,10,30,6,0,1.2000000000000002,0,0,0,1.4,,,,,,,,,,,,,,,,,,,,,,,,,,,,,,,,,,,,
29019,2019,10,30,6,15,1.1,0,0,0,1.3,,,,,,,,,,,,,,,,,,,,,,,,,,,,,,,,,,,,
29020,2019,10,30,6,30,1.1,0,0,0,1.3,,,,,,,,,,,,,,,,,,,,,,,,,,,,,,,,,,,,
29021,2019,10,30,6,45,1.1,0,0,0,1.3,,,,,,,,,,,,,,,,,,,,,,,,,,,,,,,,,,,,
29022,2019,10,30,7,0,1.0,0,0,0,1.3,,,,,,,,,,,,,,,,,,,,,,,,,,,,,,,,,,,,
29023,2019,10,30,7,15,1.1,11,112,14,1.3,,,,,,,,,,,,,,,,,,,,,,,,,,,,,,,,,,,,
29024,2019,10,30,7,30,1.2000000000000002,21,240,34,1.2000000000000002,,,,,,,,,,,,,,,,,,,,,,,,,,,,,,,,,,,,
29025,2019,10,30,7,45,1.2000000000000002,30,350,61,1.2000000000000002,,,,,,,,,,,,,,,,,,,,,,,,,,,,,,,,,,,,
29026,2019,10,30,8,0,1.3,37,437,91,1.2000000000000002,,,,,,,,,,,,,,,,,,,,,,,,,,,,,,,,,,,,
29027,2019,10,30,8,15,1.5,44,507,122,1.2000000000000002,,,,,,,,,,,,,,,,,,,,,,,,,,,,,,,,,,,,
29028,2019,10,30,8,30,1.7000000000000002,49,564,154,1.2000000000000002,,,,,,,,,,,,,,,,,,,,,,,,,,,,,,,,,,,,
29029,2019,10,30,8,45,2.0,54,615,186,1.2000000000000002,,,,,,,,,,,,,,,,,,,,,,,,,,,,,,,,,,,,
29030,2019,10,30,9,0,2.2,15,0,15,1.2000000000000002,,,,,,,,,,,,,,,,,,,,,,,,,,,,,,,,,,,,
29031,2019,10,30,9,15,2.7,17,0,17,1.3,,,,,,,,,,,,,,,,,,,,,,,,,,,,,,,,,,,,
29032,2019,10,30,9,30,3.3000000000000003,19,0,19,1.5,,,,,,,,,,,,,,,,,,,,,,,,,,,,,,,,,,,,
29033,2019,10,30,9,45,3.8,21,0,21,1.6,,,,,,,,,,,,,,,,,,,,,,,,,,,,,,,,,,,,
29034,2019,10,30,10,0,4.3,23,0,23,1.7000000000000002,,,,,,,,,,,,,,,,,,,,,,,,,,,,,,,,,,,,
29035,2019,10,30,10,15,5.0,141,222,220,1.8,,,,,,,,,,,,,,,,,,,,,,,,,,,,,,,,,,,,
29036,2019,10,30,10,30,5.7,148,232,234,1.9,,,,,,,,,,,,,,,,,,,,,,,,,,,,,,,,,,,,
29037,2019,10,30,10,45,6.300000000000001,154,240,246,2.1,,,,,,,,,,,,,,,,,,,,,,,,,,,,,,,,,,,,
29038,2019,10,30,11,0,7.0,67,828,395,2.2,,,,,,,,,,,,,,,,,,,,,,,,,,,,,,,,,,,,
29039,2019,10,30,11,15,7.300000000000001,68,834,405,2.2,,,,,,,,,,,,,,,,,,,,,,,,,,,,,,,,,,,,
29040,2019,10,30,11,30,7.5,68,838,412,2.3000000000000003,,,,,,,,,,,,,,,,,,,,,,,,,,,,,,,,,,,,
29041,2019,10,30,11,45,7.800000000000001,67,845,417,2.3000000000000003,,,,,,,,,,,,,,,,,,,,,,,,,,,,,,,,,,,,
29042,2019,10,30,12,0,8.0,67,846,418,2.3000000000000003,,,,,,,,,,,,,,,,,,,,,,,,,,,,,,,,,,,,
29043,2019,10,30,12,15,8.1,67,845,416,2.3000000000000003,,,,,,,,,,,,,,,,,,,,,,,,,,,,,,,,,,,,
29044,2019,10,30,12,30,8.200000000000001,67,842,411,2.3000000000000003,,,,,,,,,,,,,,,,,,,,,,,,,,,,,,,,,,,,
29045,2019,10,30,12,45,8.3,66,837,403,2.4000000000000004,,,,,,,,,,,,,,,,,,,,,,,,,,,,,,,,,,,,
29046,2019,10,30,13,0,8.4,80,0,80,2.4000000000000004,,,,,,,,,,,,,,,,,,,,,,,,,,,,,,,,,,,,
29047,2019,10,30,13,15,8.4,76,0,76,2.4000000000000004,,,,,,,,,,,,,,,,,,,,,,,,,,,,,,,,,,,,
29048,2019,10,30,13,30,8.4,72,0,72,2.4000000000000004,,,,,,,,,,,,,,,,,,,,,,,,,,,,,,,,,,,,
29049,2019,10,30,13,45,8.4,67,0,67,2.4000000000000004,,,,,,,,,,,,,,,,,,,,,,,,,,,,,,,,,,,,
29050,2019,10,30,14,0,8.3,113,0,113,2.4000000000000004,,,,,,,,,,,,,,,,,,,,,,,,,,,,,,,,,,,,
29051,2019,10,30,14,15,8.200000000000001,86,0,86,2.3000000000000003,,,,,,,,,,,,,,,,,,,,,,,,,,,,,,,,,,,,
29052,2019,10,30,14,30,8.0,64,0,64,2.3000000000000003,,,,,,,,,,,,,,,,,,,,,,,,,,,,,,,,,,,,
29053,2019,10,30,14,45,7.9,54,0,54,2.2,,,,,,,,,,,,,,,,,,,,,,,,,,,,,,,,,,,,
29054,2019,10,30,15,0,7.7,50,680,210,2.1,,,,,,,,,,,,,,,,,,,,,,,,,,,,,,,,,,,,
29055,2019,10,30,15,15,7.1000000000000005,47,641,178,1.9,,,,,,,,,,,,,,,,,,,,,,,,,,,,,,,,,,,,
29056,2019,10,30,15,30,6.4,42,593,146,1.6,,,,,,,,,,,,,,,,,,,,,,,,,,,,,,,,,,,,
29057,2019,10,30,15,45,5.800000000000001,37,534,114,1.3,,,,,,,,,,,,,,,,,,,,,,,,,,,,,,,,,,,,
29058,2019,10,30,16,0,5.1000000000000005,31,461,82,1.0,,,,,,,,,,,,,,,,,,,,,,,,,,,,,,,,,,,,
29059,2019,10,30,16,15,4.4,25,374,53,1.1,,,,,,,,,,,,,,,,,,,,,,,,,,,,,,,,,,,,
29060,2019,10,30,16,30,3.8,17,254,27,1.1,,,,,,,,,,,,,,,,,,,,,,,,,,,,,,,,,,,,
29061,2019,10,30,16,45,3.2,0,0,0,1.1,,,,,,,,,,,,,,,,,,,,,,,,,,,,,,,,,,,,
29062,2019,10,30,17,0,2.5,0,0,0,1.1,,,,,,,,,,,,,,,,,,,,,,,,,,,,,,,,,,,,
29063,2019,10,30,17,15,2.3000000000000003,0,0,0,1.2000000000000002,,,,,,,,,,,,,,,,,,,,,,,,,,,,,,,,,,,,
29064,2019,10,30,17,30,2.1,0,0,0,1.2000000000000002,,,,,,,,,,,,,,,,,,,,,,,,,,,,,,,,,,,,
29065,2019,10,30,17,45,1.8,0,0,0,1.2000000000000002,,,,,,,,,,,,,,,,,,,,,,,,,,,,,,,,,,,,
29066,2019,10,30,18,0,1.6,0,0,0,1.2000000000000002,,,,,,,,,,,,,,,,,,,,,,,,,,,,,,,,,,,,
29067,2019,10,30,18,15,1.4,0,0,0,1.2000000000000002,,,,,,,,,,,,,,,,,,,,,,,,,,,,,,,,,,,,
29068,2019,10,30,18,30,1.3,0,0,0,1.2000000000000002,,,,,,,,,,,,,,,,,,,,,,,,,,,,,,,,,,,,
29069,2019,10,30,18,45,1.1,0,0,0,1.2000000000000002,,,,,,,,,,,,,,,,,,,,,,,,,,,,,,,,,,,,
29070,2019,10,30,19,0,0.9,0,0,0,1.3,,,,,,,,,,,,,,,,,,,,,,,,,,,,,,,,,,,,
29071,2019,10,30,19,15,0.7000000000000001,0,0,0,1.3,,,,,,,,,,,,,,,,,,,,,,,,,,,,,,,,,,,,
29072,2019,10,30,19,30,0.6000000000000001,0,0,0,1.3,,,,,,,,,,,,,,,,,,,,,,,,,,,,,,,,,,,,
29073,2019,10,30,19,45,0.4,0,0,0,1.3,,,,,,,,,,,,,,,,,,,,,,,,,,,,,,,,,,,,
29074,2019,10,30,20,0,0.2,0,0,0,1.3,,,,,,,,,,,,,,,,,,,,,,,,,,,,,,,,,,,,
29075,2019,10,30,20,15,0.1,0,0,0,1.3,,,,,,,,,,,,,,,,,,,,,,,,,,,,,,,,,,,,
29076,2019,10,30,20,30,-0.1,0,0,0,1.3,,,,,,,,,,,,,,,,,,,,,,,,,,,,,,,,,,,,
29077,2019,10,30,20,45,-0.3,0,0,0,1.3,,,,,,,,,,,,,,,,,,,,,,,,,,,,,,,,,,,,
29078,2019,10,30,21,0,-0.4,0,0,0,1.3,,,,,,,,,,,,,,,,,,,,,,,,,,,,,,,,,,,,
29079,2019,10,30,21,15,-0.6000000000000001,0,0,0,1.3,,,,,,,,,,,,,,,,,,,,,,,,,,,,,,,,,,,,
29080,2019,10,30,21,30,-0.7000000000000001,0,0,0,1.2000000000000002,,,,,,,,,,,,,,,,,,,,,,,,,,,,,,,,,,,,
29081,2019,10,30,21,45,-0.9,0,0,0,1.2000000000000002,,,,,,,,,,,,,,,,,,,,,,,,,,,,,,,,,,,,
29082,2019,10,30,22,0,-1.0,0,0,0,1.2000000000000002,,,,,,,,,,,,,,,,,,,,,,,,,,,,,,,,,,,,
29083,2019,10,30,22,15,-1.2000000000000002,0,0,0,1.2000000000000002,,,,,,,,,,,,,,,,,,,,,,,,,,,,,,,,,,,,
29084,2019,10,30,22,30,-1.3,0,0,0,1.2000000000000002,,,,,,,,,,,,,,,,,,,,,,,,,,,,,,,,,,,,
29085,2019,10,30,22,45,-1.4,0,0,0,1.2000000000000002,,,,,,,,,,,,,,,,,,,,,,,,,,,,,,,,,,,,
29086,2019,10,30,23,0,-1.6,0,0,0,1.1,,,,,,,,,,,,,,,,,,,,,,,,,,,,,,,,,,,,
29087,2019,10,30,23,15,-1.7000000000000002,0,0,0,1.1,,,,,,,,,,,,,,,,,,,,,,,,,,,,,,,,,,,,
29088,2019,10,30,23,30,-1.8,0,0,0,1.1,,,,,,,,,,,,,,,,,,,,,,,,,,,,,,,,,,,,
29089,2019,10,30,23,45,-1.9,0,0,0,1.1,,,,,,,,,,,,,,,,,,,,,,,,,,,,,,,,,,,,
29090,2019,10,31,0,0,-2.0,0,0,0,1.1,,,,,,,,,,,,,,,,,,,,,,,,,,,,,,,,,,,,
29091,2019,10,31,0,15,-2.0,0,0,0,1.1,,,,,,,,,,,,,,,,,,,,,,,,,,,,,,,,,,,,
29092,2019,10,31,0,30,-2.0,0,0,0,1.1,,,,,,,,,,,,,,,,,,,,,,,,,,,,,,,,,,,,
29093,2019,10,31,0,45,-2.0,0,0,0,1.1,,,,,,,,,,,,,,,,,,,,,,,,,,,,,,,,,,,,
29094,2019,10,31,1,0,-2.2,0,0,0,1.1,,,,,,,,,,,,,,,,,,,,,,,,,,,,,,,,,,,,
29095,2019,10,31,1,15,-2.2,0,0,0,1.1,,,,,,,,,,,,,,,,,,,,,,,,,,,,,,,,,,,,
29096,2019,10,31,1,30,-2.3000000000000003,0,0,0,1.1,,,,,,,,,,,,,,,,,,,,,,,,,,,,,,,,,,,,
29097,2019,10,31,1,45,-2.3000000000000003,0,0,0,1.1,,,,,,,,,,,,,,,,,,,,,,,,,,,,,,,,,,,,
29098,2019,10,31,2,0,-2.3000000000000003,0,0,0,1.1,,,,,,,,,,,,,,,,,,,,,,,,,,,,,,,,,,,,
29099,2019,10,31,2,15,-2.3000000000000003,0,0,0,1.1,,,,,,,,,,,,,,,,,,,,,,,,,,,,,,,,,,,,
29100,2019,10,31,2,30,-2.3000000000000003,0,0,0,1.1,,,,,,,,,,,,,,,,,,,,,,,,,,,,,,,,,,,,
29101,2019,10,31,2,45,-2.3000000000000003,0,0,0,1.0,,,,,,,,,,,,,,,,,,,,,,,,,,,,,,,,,,,,
29102,2019,10,31,3,0,-2.3000000000000003,0,0,0,1.0,,,,,,,,,,,,,,,,,,,,,,,,,,,,,,,,,,,,
29103,2019,10,31,3,15,-2.3000000000000003,0,0,0,1.0,,,,,,,,,,,,,,,,,,,,,,,,,,,,,,,,,,,,
29104,2019,10,31,3,30,-2.3000000000000003,0,0,0,1.0,,,,,,,,,,,,,,,,,,,,,,,,,,,,,,,,,,,,
29105,2019,10,31,3,45,-2.3000000000000003,0,0,0,1.0,,,,,,,,,,,,,,,,,,,,,,,,,,,,,,,,,,,,
29106,2019,10,31,4,0,-2.3000000000000003,0,0,0,1.0,,,,,,,,,,,,,,,,,,,,,,,,,,,,,,,,,,,,
29107,2019,10,31,4,15,-2.3000000000000003,0,0,0,0.9,,,,,,,,,,,,,,,,,,,,,,,,,,,,,,,,,,,,
29108,2019,10,31,4,30,-2.3000000000000003,0,0,0,0.9,,,,,,,,,,,,,,,,,,,,,,,,,,,,,,,,,,,,
29109,2019,10,31,4,45,-2.3000000000000003,0,0,0,0.9,,,,,,,,,,,,,,,,,,,,,,,,,,,,,,,,,,,,
29110,2019,10,31,5,0,-2.3000000000000003,0,0,0,0.9,,,,,,,,,,,,,,,,,,,,,,,,,,,,,,,,,,,,
29111,2019,10,31,5,15,-2.4000000000000004,0,0,0,0.9,,,,,,,,,,,,,,,,,,,,,,,,,,,,,,,,,,,,
29112,2019,10,31,5,30,-2.4000000000000004,0,0,0,0.9,,,,,,,,,,,,,,,,,,,,,,,,,,,,,,,,,,,,
29113,2019,10,31,5,45,-2.4000000000000004,0,0,0,0.9,,,,,,,,,,,,,,,,,,,,,,,,,,,,,,,,,,,,
29114,2019,10,31,6,0,-2.5,0,0,0,0.8,,,,,,,,,,,,,,,,,,,,,,,,,,,,,,,,,,,,
29115,2019,10,31,6,15,-2.5,0,0,0,0.8,,,,,,,,,,,,,,,,,,,,,,,,,,,,,,,,,,,,
29116,2019,10,31,6,30,-2.5,0,0,0,0.8,,,,,,,,,,,,,,,,,,,,,,,,,,,,,,,,,,,,
29117,2019,10,31,6,45,-2.6,0,0,0,0.8,,,,,,,,,,,,,,,,,,,,,,,,,,,,,,,,,,,,
29118,2019,10,31,7,0,-2.6,0,0,0,0.9,,,,,,,,,,,,,,,,,,,,,,,,,,,,,,,,,,,,
29119,2019,10,31,7,15,-2.1,0,0,0,0.9,,,,,,,,,,,,,,,,,,,,,,,,,,,,,,,,,,,,
29120,2019,10,31,7,30,-1.7000000000000002,19,271,32,0.9,,,,,,,,,,,,,,,,,,,,,,,,,,,,,,,,,,,,
29121,2019,10,31,7,45,-1.2000000000000002,27,381,59,1.0,,,,,,,,,,,,,,,,,,,,,,,,,,,,,,,,,,,,
29122,2019,10,31,8,0,-0.7000000000000001,34,468,89,1.0,,,,,,,,,,,,,,,,,,,,,,,,,,,,,,,,,,,,
29123,2019,10,31,8,15,-0.3,40,531,119,1.1,,,,,,,,,,,,,,,,,,,,,,,,,,,,,,,,,,,,
29124,2019,10,31,8,30,0.1,45,587,151,1.2000000000000002,,,,,,,,,,,,,,,,,,,,,,,,,,,,,,,,,,,,
29125,2019,10,31,8,45,0.6000000000000001,49,633,183,1.3,,,,,,,,,,,,,,,,,,,,,,,,,,,,,,,,,,,,
29126,2019,10,31,9,0,1.0,14,0,14,1.4,,,,,,,,,,,,,,,,,,,,,,,,,,,,,,,,,,,,
29127,2019,10,31,9,15,1.6,16,0,16,1.4,,,,,,,,,,,,,,,,,,,,,,,,,,,,,,,,,,,,
29128,2019,10,31,9,30,2.2,18,0,18,1.5,,,,,,,,,,,,,,,,,,,,,,,,,,,,,,,,,,,,
29129,2019,10,31,9,45,2.8000000000000003,20,0,20,1.5,,,,,,,,,,,,,,,,,,,,,,,,,,,,,,,,,,,,
29130,2019,10,31,10,0,3.4000000000000004,62,0,62,1.6,,,,,,,,,,,,,,,,,,,,,,,,,,,,,,,,,,,,
29131,2019,10,31,10,15,4.1000000000000005,67,0,67,1.7000000000000002,,,,,,,,,,,,,,,,,,,,,,,,,,,,,,,,,,,,
29132,2019,10,31,10,30,4.9,72,0,72,1.9,,,,,,,,,,,,,,,,,,,,,,,,,,,,,,,,,,,,
29133,2019,10,31,10,45,5.6000000000000005,103,0,103,2.1,,,,,,,,,,,,,,,,,,,,,,,,,,,,,,,,,,,,
29134,2019,10,31,11,0,6.4,133,3,135,2.3000000000000003,,,,,,,,,,,,,,,,,,,,,,,,,,,,,,,,,,,,
29135,2019,10,31,11,15,6.7,159,46,177,2.4000000000000004,,,,,,,,,,,,,,,,,,,,,,,,,,,,,,,,,,,,
29136,2019,10,31,11,30,6.9,169,193,247,2.4000000000000004,,,,,,,,,,,,,,,,,,,,,,,,,,,,,,,,,,,,
29137,2019,10,31,11,45,7.2,160,288,278,2.4000000000000004,,,,,,,,,,,,,,,,,,,,,,,,,,,,,,,,,,,,
29138,2019,10,31,12,0,7.5,153,337,291,2.5,,,,,,,,,,,,,,,,,,,,,,,,,,,,,,,,,,,,
29139,2019,10,31,12,15,7.6,151,344,292,2.5,,,,,,,,,,,,,,,,,,,,,,,,,,,,,,,,,,,,
29140,2019,10,31,12,30,7.7,150,341,287,2.5,,,,,,,,,,,,,,,,,,,,,,,,,,,,,,,,,,,,
29141,2019,10,31,12,45,7.800000000000001,147,20,155,2.5,,,,,,,,,,,,,,,,,,,,,,,,,,,,,,,,,,,,
29142,2019,10,31,13,0,7.9,142,18,149,2.5,,,,,,,,,,,,,,,,,,,,,,,,,,,,,,,,,,,,
29143,2019,10,31,13,15,7.9,148,47,166,2.5,,,,,,,,,,,,,,,,,,,,,,,,,,,,,,,,,,,,
29144,2019,10,31,13,30,7.800000000000001,134,22,142,2.5,,,,,,,,,,,,,,,,,,,,,,,,,,,,,,,,,,,,
29145,2019,10,31,13,45,7.800000000000001,118,2,119,2.5,,,,,,,,,,,,,,,,,,,,,,,,,,,,,,,,,,,,
29146,2019,10,31,14,0,7.800000000000001,108,0,108,2.5,,,,,,,,,,,,,,,,,,,,,,,,,,,,,,,,,,,,
29147,2019,10,31,14,15,7.6,115,33,125,2.4000000000000004,,,,,,,,,,,,,,,,,,,,,,,,,,,,,,,,,,,,
29148,2019,10,31,14,30,7.4,98,2,98,2.4000000000000004,,,,,,,,,,,,,,,,,,,,,,,,,,,,,,,,,,,,
29149,2019,10,31,14,45,7.2,86,0,86,2.3000000000000003,,,,,,,,,,,,,,,,,,,,,,,,,,,,,,,,,,,,
29150,2019,10,31,15,0,7.0,51,663,203,2.2,,,,,,,,,,,,,,,,,,,,,,,,,,,,,,,,,,,,
29151,2019,10,31,15,15,6.2,47,622,172,1.9,,,,,,,,,,,,,,,,,,,,,,,,,,,,,,,,,,,,
29152,2019,10,31,15,30,5.4,47,0,47,1.7000000000000002,,,,,,,,,,,,,,,,,,,,,,,,,,,,,,,,,,,,
29153,2019,10,31,15,45,4.5,35,0,35,1.4,,,,,,,,,,,,,,,,,,,,,,,,,,,,,,,,,,,,
29154,2019,10,31,16,0,3.7,25,0,25,1.1,,,,,,,,,,,,,,,,,,,,,,,,,,,,,,,,,,,,
29155,2019,10,31,16,15,3.1,15,0,15,1.2000000000000002,,,,,,,,,,,,,,,,,,,,,,,,,,,,,,,,,,,,
29156,2019,10,31,16,30,2.4000000000000004,7,0,7,1.2000000000000002,,,,,,,,,,,,,,,,,,,,,,,,,,,,,,,,,,,,
29157,2019,10,31,16,45,1.8,0,0,0,1.3,,,,,,,,,,,,,,,,,,,,,,,,,,,,,,,,,,,,
29158,2019,10,31,17,0,1.1,0,0,0,1.3,,,,,,,,,,,,,,,,,,,,,,,,,,,,,,,,,,,,
29159,2019,10,31,17,15,0.9,0,0,0,1.4,,,,,,,,,,,,,,,,,,,,,,,,,,,,,,,,,,,,
29160,2019,10,31,17,30,0.8,0,0,0,1.4,,,,,,,,,,,,,,,,,,,,,,,,,,,,,,,,,,,,
29161,2019,10,31,17,45,0.6000000000000001,0,0,0,1.4,,,,,,,,,,,,,,,,,,,,,,,,,,,,,,,,,,,,
29162,2019,10,31,18,0,0.5,0,0,0,1.5,,,,,,,,,,,,,,,,,,,,,,,,,,,,,,,,,,,,
29163,2019,10,31,18,15,0.3,0,0,0,1.5,,,,,,,,,,,,,,,,,,,,,,,,,,,,,,,,,,,,
29164,2019,10,31,18,30,0.2,0,0,0,1.6,,,,,,,,,,,,,,,,,,,,,,,,,,,,,,,,,,,,
29165,2019,10,31,18,45,0.1,0,0,0,1.6,,,,,,,,,,,,,,,,,,,,,,,,,,,,,,,,,,,,
29166,2019,10,31,19,0,-0.1,0,0,0,1.6,,,,,,,,,,,,,,,,,,,,,,,,,,,,,,,,,,,,
29167,2019,10,31,19,15,-0.2,0,0,0,1.7000000000000002,,,,,,,,,,,,,,,,,,,,,,,,,,,,,,,,,,,,
29168,2019,10,31,19,30,-0.3,0,0,0,1.7000000000000002,,,,,,,,,,,,,,,,,,,,,,,,,,,,,,,,,,,,
29169,2019,10,31,19,45,-0.5,0,0,0,1.7000000000000002,,,,,,,,,,,,,,,,,,,,,,,,,,,,,,,,,,,,
29170,2019,10,31,20,0,-0.6000000000000001,0,0,0,1.8,,,,,,,,,,,,,,,,,,,,,,,,,,,,,,,,,,,,
29171,2019,10,31,20,15,-0.7000000000000001,0,0,0,1.8,,,,,,,,,,,,,,,,,,,,,,,,,,,,,,,,,,,,
29172,2019,10,31,20,30,-0.9,0,0,0,1.8,,,,,,,,,,,,,,,,,,,,,,,,,,,,,,,,,,,,
29173,2019,10,31,20,45,-1.0,0,0,0,1.8,,,,,,,,,,,,,,,,,,,,,,,,,,,,,,,,,,,,
29174,2019,10,31,21,0,-1.1,0,0,0,1.8,,,,,,,,,,,,,,,,,,,,,,,,,,,,,,,,,,,,
29175,2019,10,31,21,15,-1.3,0,0,0,1.8,,,,,,,,,,,,,,,,,,,,,,,,,,,,,,,,,,,,
29176,2019,10,31,21,30,-1.4,0,0,0,1.8,,,,,,,,,,,,,,,,,,,,,,,,,,,,,,,,,,,,
29177,2019,10,31,21,45,-1.5,0,0,0,1.8,,,,,,,,,,,,,,,,,,,,,,,,,,,,,,,,,,,,
29178,2019,10,31,22,0,-1.7000000000000002,0,0,0,1.8,,,,,,,,,,,,,,,,,,,,,,,,,,,,,,,,,,,,
29179,2019,10,31,22,15,-1.8,0,0,0,1.8,,,,,,,,,,,,,,,,,,,,,,,,,,,,,,,,,,,,
29180,2019,10,31,22,30,-1.9,0,0,0,1.8,,,,,,,,,,,,,,,,,,,,,,,,,,,,,,,,,,,,
29181,2019,10,31,22,45,-2.0,0,0,0,1.8,,,,,,,,,,,,,,,,,,,,,,,,,,,,,,,,,,,,
29182,2019,10,31,23,0,-2.1,0,0,0,1.7000000000000002,,,,,,,,,,,,,,,,,,,,,,,,,,,,,,,,,,,,
29183,2019,10,31,23,15,-2.2,0,0,0,1.7000000000000002,,,,,,,,,,,,,,,,,,,,,,,,,,,,,,,,,,,,
29184,2019,10,31,23,30,-2.3000000000000003,0,0,0,1.7000000000000002,,,,,,,,,,,,,,,,,,,,,,,,,,,,,,,,,,,,
29185,2019,10,31,23,45,-2.4000000000000004,0,0,0,1.7000000000000002,,,,,,,,,,,,,,,,,,,,,,,,,,,,,,,,,,,,
29186,2019,11,1,0,0,-2.5,0,0,0,1.6,,,,,,,,,,,,,,,,,,,,,,,,,,,,,,,,,,,,
29187,2019,11,1,0,15,-2.5,0,0,0,1.6,,,,,,,,,,,,,,,,,,,,,,,,,,,,,,,,,,,,
29188,2019,11,1,0,30,-2.5,0,0,0,1.6,,,,,,,,,,,,,,,,,,,,,,,,,,,,,,,,,,,,
29189,2019,11,1,0,45,-2.5,0,0,0,1.6,,,,,,,,,,,,,,,,,,,,,,,,,,,,,,,,,,,,
29190,2019,11,1,1,0,-2.8000000000000003,0,0,0,1.6,,,,,,,,,,,,,,,,,,,,,,,,,,,,,,,,,,,,
29191,2019,11,1,1,15,-2.9000000000000004,0,0,0,1.6,,,,,,,,,,,,,,,,,,,,,,,,,,,,,,,,,,,,
29192,2019,11,1,1,30,-2.9000000000000004,0,0,0,1.6,,,,,,,,,,,,,,,,,,,,,,,,,,,,,,,,,,,,
29193,2019,11,1,1,45,-3.0,0,0,0,1.6,,,,,,,,,,,,,,,,,,,,,,,,,,,,,,,,,,,,
29194,2019,11,1,2,0,-3.0,0,0,0,1.5,,,,,,,,,,,,,,,,,,,,,,,,,,,,,,,,,,,,
29195,2019,11,1,2,15,-3.1,0,0,0,1.5,,,,,,,,,,,,,,,,,,,,,,,,,,,,,,,,,,,,
29196,2019,11,1,2,30,-3.2,0,0,0,1.5,,,,,,,,,,,,,,,,,,,,,,,,,,,,,,,,,,,,
29197,2019,11,1,2,45,-3.3000000000000003,0,0,0,1.5,,,,,,,,,,,,,,,,,,,,,,,,,,,,,,,,,,,,
29198,2019,11,1,3,0,-3.3000000000000003,0,0,0,1.5,,,,,,,,,,,,,,,,,,,,,,,,,,,,,,,,,,,,
29199,2019,11,1,3,15,-3.3000000000000003,0,0,0,1.5,,,,,,,,,,,,,,,,,,,,,,,,,,,,,,,,,,,,
29200,2019,11,1,3,30,-3.3000000000000003,0,0,0,1.5,,,,,,,,,,,,,,,,,,,,,,,,,,,,,,,,,,,,
29201,2019,11,1,3,45,-3.3000000000000003,0,0,0,1.6,,,,,,,,,,,,,,,,,,,,,,,,,,,,,,,,,,,,
29202,2019,11,1,4,0,-3.3000000000000003,0,0,0,1.6,,,,,,,,,,,,,,,,,,,,,,,,,,,,,,,,,,,,
29203,2019,11,1,4,15,-3.2,0,0,0,1.6,,,,,,,,,,,,,,,,,,,,,,,,,,,,,,,,,,,,
29204,2019,11,1,4,30,-3.2,0,0,0,1.7000000000000002,,,,,,,,,,,,,,,,,,,,,,,,,,,,,,,,,,,,
29205,2019,11,1,4,45,-3.1,0,0,0,1.7000000000000002,,,,,,,,,,,,,,,,,,,,,,,,,,,,,,,,,,,,
29206,2019,11,1,5,0,-3.0,0,0,0,1.8,,,,,,,,,,,,,,,,,,,,,,,,,,,,,,,,,,,,
29207,2019,11,1,5,15,-2.9000000000000004,0,0,0,1.9,,,,,,,,,,,,,,,,,,,,,,,,,,,,,,,,,,,,
29208,2019,11,1,5,30,-2.9000000000000004,0,0,0,1.9,,,,,,,,,,,,,,,,,,,,,,,,,,,,,,,,,,,,
29209,2019,11,1,5,45,-2.8000000000000003,0,0,0,2.0,,,,,,,,,,,,,,,,,,,,,,,,,,,,,,,,,,,,
29210,2019,11,1,6,0,-2.7,0,0,0,2.1,,,,,,,,,,,,,,,,,,,,,,,,,,,,,,,,,,,,
29211,2019,11,1,6,15,-2.7,0,0,0,2.2,,,,,,,,,,,,,,,,,,,,,,,,,,,,,,,,,,,,
29212,2019,11,1,6,30,-2.6,0,0,0,2.3000000000000003,,,,,,,,,,,,,,,,,,,,,,,,,,,,,,,,,,,,
29213,2019,11,1,6,45,-2.6,0,0,0,2.4000000000000004,,,,,,,,,,,,,,,,,,,,,,,,,,,,,,,,,,,,
29214,2019,11,1,7,0,-2.5,0,0,0,2.5,,,,,,,,,,,,,,,,,,,,,,,,,,,,,,,,,,,,
29215,2019,11,1,7,15,-2.1,0,0,0,2.7,,,,,,,,,,,,,,,,,,,,,,,,,,,,,,,,,,,,
29216,2019,11,1,7,30,-1.6,8,0,8,2.9000000000000004,,,,,,,,,,,,,,,,,,,,,,,,,,,,,,,,,,,,
29217,2019,11,1,7,45,-1.2000000000000002,16,0,16,3.1,,,,,,,,,,,,,,,,,,,,,,,,,,,,,,,,,,,,
29218,2019,11,1,8,0,-0.7000000000000001,35,442,85,3.3000000000000003,,,,,,,,,,,,,,,,,,,,,,,,,,,,,,,,,,,,
29219,2019,11,1,8,15,-0.2,41,515,116,3.4000000000000004,,,,,,,,,,,,,,,,,,,,,,,,,,,,,,,,,,,,
29220,2019,11,1,8,30,0.3,47,574,148,3.5,,,,,,,,,,,,,,,,,,,,,,,,,,,,,,,,,,,,
29221,2019,11,1,8,45,0.8,57,0,57,3.6,,,,,,,,,,,,,,,,,,,,,,,,,,,,,,,,,,,,
29222,2019,11,1,9,0,1.3,87,39,96,3.7,,,,,,,,,,,,,,,,,,,,,,,,,,,,,,,,,,,,
29223,2019,11,1,9,15,1.9,99,45,111,3.8,,,,,,,,,,,,,,,,,,,,,,,,,,,,,,,,,,,,
29224,2019,11,1,9,30,2.4000000000000004,110,50,124,3.9,,,,,,,,,,,,,,,,,,,,,,,,,,,,,,,,,,,,
29225,2019,11,1,9,45,2.9000000000000004,109,9,112,4.0,,,,,,,,,,,,,,,,,,,,,,,,,,,,,,,,,,,,
29226,2019,11,1,10,0,3.5,87,0,87,4.0,,,,,,,,,,,,,,,,,,,,,,,,,,,,,,,,,,,,
29227,2019,11,1,10,15,3.8,100,0,100,4.1000000000000005,,,,,,,,,,,,,,,,,,,,,,,,,,,,,,,,,,,,
29228,2019,11,1,10,30,4.2,145,60,167,4.1000000000000005,,,,,,,,,,,,,,,,,,,,,,,,,,,,,,,,,,,,
29229,2019,11,1,10,45,4.6000000000000005,132,8,135,4.2,,,,,,,,,,,,,,,,,,,,,,,,,,,,,,,,,,,,
29230,2019,11,1,11,0,5.0,156,57,178,4.2,,,,,,,,,,,,,,,,,,,,,,,,,,,,,,,,,,,,
29231,2019,11,1,11,15,5.300000000000001,150,27,161,4.2,,,,,,,,,,,,,,,,,,,,,,,,,,,,,,,,,,,,
29232,2019,11,1,11,30,5.6000000000000005,169,120,217,4.2,,,,,,,,,,,,,,,,,,,,,,,,,,,,,,,,,,,,
29233,2019,11,1,11,45,5.9,171,128,223,4.2,,,,,,,,,,,,,,,,,,,,,,,,,,,,,,,,,,,,
29234,2019,11,1,12,0,6.1000000000000005,171,145,230,4.2,,,,,,,,,,,,,,,,,,,,,,,,,,,,,,,,,,,,
29235,2019,11,1,12,15,6.300000000000001,132,0,132,4.2,,,,,,,,,,,,,,,,,,,,,,,,,,,,,,,,,,,,
29236,2019,11,1,12,30,6.4,101,0,101,4.1000000000000005,,,,,,,,,,,,,,,,,,,,,,,,,,,,,,,,,,,,
29237,2019,11,1,12,45,6.6000000000000005,18,0,18,4.1000000000000005,,,,,,,,,,,,,,,,,,,,,,,,,,,,,,,,,,,,
29238,2019,11,1,13,0,6.7,17,0,17,4.1000000000000005,,,,,,,,,,,,,,,,,,,,,,,,,,,,,,,,,,,,
29239,2019,11,1,13,15,6.7,16,0,16,4.0,,,,,,,,,,,,,,,,,,,,,,,,,,,,,,,,,,,,
29240,2019,11,1,13,30,6.7,15,0,15,4.0,,,,,,,,,,,,,,,,,,,,,,,,,,,,,,,,,,,,
29241,2019,11,1,13,45,6.6000000000000005,19,0,19,3.9,,,,,,,,,,,,,,,,,,,,,,,,,,,,,,,,,,,,
29242,2019,11,1,14,0,6.6000000000000005,84,0,84,3.9,,,,,,,,,,,,,,,,,,,,,,,,,,,,,,,,,,,,
29243,2019,11,1,14,15,6.4,12,0,12,3.7,,,,,,,,,,,,,,,,,,,,,,,,,,,,,,,,,,,,
29244,2019,11,1,14,30,6.2,11,0,11,3.6,,,,,,,,,,,,,,,,,,,,,,,,,,,,,,,,,,,,
29245,2019,11,1,14,45,6.1000000000000005,10,0,10,3.5,,,,,,,,,,,,,,,,,,,,,,,,,,,,,,,,,,,,
29246,2019,11,1,15,0,5.9,9,0,9,3.4000000000000004,,,,,,,,,,,,,,,,,,,,,,,,,,,,,,,,,,,,
29247,2019,11,1,15,15,5.7,8,0,8,3.4000000000000004,,,,,,,,,,,,,,,,,,,,,,,,,,,,,,,,,,,,
29248,2019,11,1,15,30,5.5,7,0,7,3.4000000000000004,,,,,,,,,,,,,,,,,,,,,,,,,,,,,,,,,,,,
29249,2019,11,1,15,45,5.300000000000001,6,0,6,3.3000000000000003,,,,,,,,,,,,,,,,,,,,,,,,,,,,,,,,,,,,
29250,2019,11,1,16,0,5.2,5,0,5,3.3000000000000003,,,,,,,,,,,,,,,,,,,,,,,,,,,,,,,,,,,,
29251,2019,11,1,16,15,5.1000000000000005,4,0,4,3.4000000000000004,,,,,,,,,,,,,,,,,,,,,,,,,,,,,,,,,,,,
29252,2019,11,1,16,30,5.0,3,0,3,3.5,,,,,,,,,,,,,,,,,,,,,,,,,,,,,,,,,,,,
29253,2019,11,1,16,45,4.9,0,0,0,3.5,,,,,,,,,,,,,,,,,,,,,,,,,,,,,,,,,,,,
29254,2019,11,1,17,0,4.800000000000001,0,0,0,3.6,,,,,,,,,,,,,,,,,,,,,,,,,,,,,,,,,,,,
29255,2019,11,1,17,15,4.800000000000001,0,0,0,3.7,,,,,,,,,,,,,,,,,,,,,,,,,,,,,,,,,,,,
29256,2019,11,1,17,30,4.800000000000001,0,0,0,3.7,,,,,,,,,,,,,,,,,,,,,,,,,,,,,,,,,,,,
29257,2019,11,1,17,45,4.800000000000001,0,0,0,3.8,,,,,,,,,,,,,,,,,,,,,,,,,,,,,,,,,,,,
29258,2019,11,1,18,0,4.800000000000001,0,0,0,3.8,,,,,,,,,,,,,,,,,,,,,,,,,,,,,,,,,,,,
29259,2019,11,1,18,15,4.9,0,0,0,3.8,,,,,,,,,,,,,,,,,,,,,,,,,,,,,,,,,,,,
29260,2019,11,1,18,30,4.9,0,0,0,3.8,,,,,,,,,,,,,,,,,,,,,,,,,,,,,,,,,,,,
29261,2019,11,1,18,45,4.9,0,0,0,3.8,,,,,,,,,,,,,,,,,,,,,,,,,,,,,,,,,,,,
29262,2019,11,1,19,0,5.0,0,0,0,3.8,,,,,,,,,,,,,,,,,,,,,,,,,,,,,,,,,,,,
29263,2019,11,1,19,15,5.1000000000000005,0,0,0,3.7,,,,,,,,,,,,,,,,,,,,,,,,,,,,,,,,,,,,
29264,2019,11,1,19,30,5.1000000000000005,0,0,0,3.7,,,,,,,,,,,,,,,,,,,,,,,,,,,,,,,,,,,,
29265,2019,11,1,19,45,5.2,0,0,0,3.7,,,,,,,,,,,,,,,,,,,,,,,,,,,,,,,,,,,,
29266,2019,11,1,20,0,5.2,0,0,0,3.6,,,,,,,,,,,,,,,,,,,,,,,,,,,,,,,,,,,,
29267,2019,11,1,20,15,5.300000000000001,0,0,0,3.6,,,,,,,,,,,,,,,,,,,,,,,,,,,,,,,,,,,,
29268,2019,11,1,20,30,5.300000000000001,0,0,0,3.6,,,,,,,,,,,,,,,,,,,,,,,,,,,,,,,,,,,,
29269,2019,11,1,20,45,5.4,0,0,0,3.5,,,,,,,,,,,,,,,,,,,,,,,,,,,,,,,,,,,,
29270,2019,11,1,21,0,5.4,0,0,0,3.5,,,,,,,,,,,,,,,,,,,,,,,,,,,,,,,,,,,,
29271,2019,11,1,21,15,5.4,0,0,0,3.5,,,,,,,,,,,,,,,,,,,,,,,,,,,,,,,,,,,,
29272,2019,11,1,21,30,5.5,0,0,0,3.5,,,,,,,,,,,,,,,,,,,,,,,,,,,,,,,,,,,,
29273,2019,11,1,21,45,5.5,0,0,0,3.5,,,,,,,,,,,,,,,,,,,,,,,,,,,,,,,,,,,,
29274,2019,11,1,22,0,5.5,0,0,0,3.5,,,,,,,,,,,,,,,,,,,,,,,,,,,,,,,,,,,,
29275,2019,11,1,22,15,5.5,0,0,0,3.6,,,,,,,,,,,,,,,,,,,,,,,,,,,,,,,,,,,,
29276,2019,11,1,22,30,5.5,0,0,0,3.6,,,,,,,,,,,,,,,,,,,,,,,,,,,,,,,,,,,,
29277,2019,11,1,22,45,5.5,0,0,0,3.6,,,,,,,,,,,,,,,,,,,,,,,,,,,,,,,,,,,,
29278,2019,11,1,23,0,5.5,0,0,0,3.7,,,,,,,,,,,,,,,,,,,,,,,,,,,,,,,,,,,,
29279,2019,11,1,23,15,5.6000000000000005,0,0,0,3.7,,,,,,,,,,,,,,,,,,,,,,,,,,,,,,,,,,,,
29280,2019,11,1,23,30,5.6000000000000005,0,0,0,3.8,,,,,,,,,,,,,,,,,,,,,,,,,,,,,,,,,,,,
29281,2019,11,1,23,45,5.6000000000000005,0,0,0,3.8,,,,,,,,,,,,,,,,,,,,,,,,,,,,,,,,,,,,
29282,2019,11,2,0,0,5.6000000000000005,0,0,0,3.9,,,,,,,,,,,,,,,,,,,,,,,,,,,,,,,,,,,,
29283,2019,11,2,0,15,5.6000000000000005,0,0,0,3.9,,,,,,,,,,,,,,,,,,,,,,,,,,,,,,,,,,,,
29284,2019,11,2,0,30,5.6000000000000005,0,0,0,3.9,,,,,,,,,,,,,,,,,,,,,,,,,,,,,,,,,,,,
29285,2019,11,2,0,45,5.6000000000000005,0,0,0,3.9,,,,,,,,,,,,,,,,,,,,,,,,,,,,,,,,,,,,
29286,2019,11,2,1,0,6.1000000000000005,0,0,0,3.9,,,,,,,,,,,,,,,,,,,,,,,,,,,,,,,,,,,,
29287,2019,11,2,1,15,6.2,0,0,0,3.8,,,,,,,,,,,,,,,,,,,,,,,,,,,,,,,,,,,,
29288,2019,11,2,1,30,6.4,0,0,0,3.8,,,,,,,,,,,,,,,,,,,,,,,,,,,,,,,,,,,,
29289,2019,11,2,1,45,6.5,0,0,0,3.7,,,,,,,,,,,,,,,,,,,,,,,,,,,,,,,,,,,,
29290,2019,11,2,2,0,6.7,0,0,0,3.7,,,,,,,,,,,,,,,,,,,,,,,,,,,,,,,,,,,,
29291,2019,11,2,2,15,6.800000000000001,0,0,0,3.6,,,,,,,,,,,,,,,,,,,,,,,,,,,,,,,,,,,,
29292,2019,11,2,2,30,6.9,0,0,0,3.5,,,,,,,,,,,,,,,,,,,,,,,,,,,,,,,,,,,,
29293,2019,11,2,2,45,6.9,0,0,0,3.4000000000000004,,,,,,,,,,,,,,,,,,,,,,,,,,,,,,,,,,,,
29294,2019,11,2,3,0,7.0,0,0,0,3.3000000000000003,,,,,,,,,,,,,,,,,,,,,,,,,,,,,,,,,,,,
29295,2019,11,2,3,15,7.0,0,0,0,3.3000000000000003,,,,,,,,,,,,,,,,,,,,,,,,,,,,,,,,,,,,
29296,2019,11,2,3,30,7.1000000000000005,0,0,0,3.4000000000000004,,,,,,,,,,,,,,,,,,,,,,,,,,,,,,,,,,,,
29297,2019,11,2,3,45,7.1000000000000005,0,0,0,3.4000000000000004,,,,,,,,,,,,,,,,,,,,,,,,,,,,,,,,,,,,
29298,2019,11,2,4,0,7.2,0,0,0,3.4000000000000004,,,,,,,,,,,,,,,,,,,,,,,,,,,,,,,,,,,,
29299,2019,11,2,4,15,7.2,0,0,0,3.5,,,,,,,,,,,,,,,,,,,,,,,,,,,,,,,,,,,,
29300,2019,11,2,4,30,7.2,0,0,0,3.5,,,,,,,,,,,,,,,,,,,,,,,,,,,,,,,,,,,,
29301,2019,11,2,4,45,7.2,0,0,0,3.6,,,,,,,,,,,,,,,,,,,,,,,,,,,,,,,,,,,,
29302,2019,11,2,5,0,7.2,0,0,0,3.6,,,,,,,,,,,,,,,,,,,,,,,,,,,,,,,,,,,,
29303,2019,11,2,5,15,7.300000000000001,0,0,0,3.7,,,,,,,,,,,,,,,,,,,,,,,,,,,,,,,,,,,,
29304,2019,11,2,5,30,7.300000000000001,0,0,0,3.7,,,,,,,,,,,,,,,,,,,,,,,,,,,,,,,,,,,,
29305,2019,11,2,5,45,7.300000000000001,0,0,0,3.7,,,,,,,,,,,,,,,,,,,,,,,,,,,,,,,,,,,,
29306,2019,11,2,6,0,7.4,0,0,0,3.8,,,,,,,,,,,,,,,,,,,,,,,,,,,,,,,,,,,,
29307,2019,11,2,6,15,7.6,0,0,0,3.9,,,,,,,,,,,,,,,,,,,,,,,,,,,,,,,,,,,,
29308,2019,11,2,6,30,7.800000000000001,0,0,0,4.0,,,,,,,,,,,,,,,,,,,,,,,,,,,,,,,,,,,,
29309,2019,11,2,6,45,8.1,0,0,0,4.1000000000000005,,,,,,,,,,,,,,,,,,,,,,,,,,,,,,,,,,,,
29310,2019,11,2,7,0,8.3,0,0,0,4.3,,,,,,,,,,,,,,,,,,,,,,,,,,,,,,,,,,,,
29311,2019,11,2,7,15,8.700000000000001,0,0,0,4.4,,,,,,,,,,,,,,,,,,,,,,,,,,,,,,,,,,,,
29312,2019,11,2,7,30,9.1,3,0,3,4.5,,,,,,,,,,,,,,,,,,,,,,,,,,,,,,,,,,,,
29313,2019,11,2,7,45,9.5,5,0,5,4.6000000000000005,,,,,,,,,,,,,,,,,,,,,,,,,,,,,,,,,,,,
29314,2019,11,2,8,0,9.9,5,0,5,4.7,,,,,,,,,,,,,,,,,,,,,,,,,,,,,,,,,,,,
29315,2019,11,2,8,15,10.3,6,0,6,4.7,,,,,,,,,,,,,,,,,,,,,,,,,,,,,,,,,,,,
29316,2019,11,2,8,30,10.7,7,0,7,4.7,,,,,,,,,,,,,,,,,,,,,,,,,,,,,,,,,,,,
29317,2019,11,2,8,45,11.1,8,0,8,4.7,,,,,,,,,,,,,,,,,,,,,,,,,,,,,,,,,,,,
29318,2019,11,2,9,0,11.5,9,0,9,4.7,,,,,,,,,,,,,,,,,,,,,,,,,,,,,,,,,,,,
29319,2019,11,2,9,15,11.9,10,0,10,4.7,,,,,,,,,,,,,,,,,,,,,,,,,,,,,,,,,,,,
29320,2019,11,2,9,30,12.3,11,0,11,4.7,,,,,,,,,,,,,,,,,,,,,,,,,,,,,,,,,,,,
29321,2019,11,2,9,45,12.7,10,0,10,4.7,,,,,,,,,,,,,,,,,,,,,,,,,,,,,,,,,,,,
29322,2019,11,2,10,0,13.1,20,0,20,4.7,,,,,,,,,,,,,,,,,,,,,,,,,,,,,,,,,,,,
29323,2019,11,2,10,15,13.6,37,0,37,4.800000000000001,,,,,,,,,,,,,,,,,,,,,,,,,,,,,,,,,,,,
29324,2019,11,2,10,30,14.0,76,0,76,5.0,,,,,,,,,,,,,,,,,,,,,,,,,,,,,,,,,,,,
29325,2019,11,2,10,45,14.5,142,33,155,5.1000000000000005,,,,,,,,,,,,,,,,,,,,,,,,,,,,,,,,,,,,
29326,2019,11,2,11,0,15.0,37,0,37,5.2,,,,,,,,,,,,,,,,,,,,,,,,,,,,,,,,,,,,
29327,2019,11,2,11,15,15.4,164,125,213,5.300000000000001,,,,,,,,,,,,,,,,,,,,,,,,,,,,,,,,,,,,
29328,2019,11,2,11,30,15.7,154,36,168,5.4,,,,,,,,,,,,,,,,,,,,,,,,,,,,,,,,,,,,
29329,2019,11,2,11,45,16.1,161,54,183,5.5,,,,,,,,,,,,,,,,,,,,,,,,,,,,,,,,,,,,
29330,2019,11,2,12,0,16.400000000000002,169,113,214,5.5,,,,,,,,,,,,,,,,,,,,,,,,,,,,,,,,,,,,
29331,2019,11,2,12,15,16.5,125,0,125,5.4,,,,,,,,,,,,,,,,,,,,,,,,,,,,,,,,,,,,
29332,2019,11,2,12,30,16.6,75,0,75,5.4,,,,,,,,,,,,,,,,,,,,,,,,,,,,,,,,,,,,
29333,2019,11,2,12,45,16.8,45,0,45,5.300000000000001,,,,,,,,,,,,,,,,,,,,,,,,,,,,,,,,,,,,
29334,2019,11,2,13,0,16.900000000000002,28,0,28,5.2,,,,,,,,,,,,,,,,,,,,,,,,,,,,,,,,,,,,
29335,2019,11,2,13,15,16.8,24,0,24,5.0,,,,,,,,,,,,,,,,,,,,,,,,,,,,,,,,,,,,
29336,2019,11,2,13,30,16.6,138,47,155,4.800000000000001,,,,,,,,,,,,,,,,,,,,,,,,,,,,,,,,,,,,
29337,2019,11,2,13,45,16.5,88,0,88,4.6000000000000005,,,,,,,,,,,,,,,,,,,,,,,,,,,,,,,,,,,,
29338,2019,11,2,14,0,16.400000000000002,128,138,171,4.4,,,,,,,,,,,,,,,,,,,,,,,,,,,,,,,,,,,,
29339,2019,11,2,14,15,16.2,101,343,202,4.2,,,,,,,,,,,,,,,,,,,,,,,,,,,,,,,,,,,,
29340,2019,11,2,14,30,16.0,61,0,61,4.0,,,,,,,,,,,,,,,,,,,,,,,,,,,,,,,,,,,,
29341,2019,11,2,14,45,15.8,53,0,53,3.9,,,,,,,,,,,,,,,,,,,,,,,,,,,,,,,,,,,,
29342,2019,11,2,15,0,15.6,46,0,46,3.7,,,,,,,,,,,,,,,,,,,,,,,,,,,,,,,,,,,,
29343,2019,11,2,15,15,15.1,39,0,39,3.5,,,,,,,,,,,,,,,,,,,,,,,,,,,,,,,,,,,,
29344,2019,11,2,15,30,14.6,32,0,32,3.3000000000000003,,,,,,,,,,,,,,,,,,,,,,,,,,,,,,,,,,,,
29345,2019,11,2,15,45,14.1,6,0,6,3.1,,,,,,,,,,,,,,,,,,,,,,,,,,,,,,,,,,,,
29346,2019,11,2,16,0,13.7,19,0,19,3.0,,,,,,,,,,,,,,,,,,,,,,,,,,,,,,,,,,,,
29347,2019,11,2,16,15,13.2,12,0,12,2.9000000000000004,,,,,,,,,,,,,,,,,,,,,,,,,,,,,,,,,,,,
29348,2019,11,2,16,30,12.8,5,0,5,2.8000000000000003,,,,,,,,,,,,,,,,,,,,,,,,,,,,,,,,,,,,
29349,2019,11,2,16,45,12.3,0,0,0,2.8000000000000003,,,,,,,,,,,,,,,,,,,,,,,,,,,,,,,,,,,,
29350,2019,11,2,17,0,11.9,0,0,0,2.7,,,,,,,,,,,,,,,,,,,,,,,,,,,,,,,,,,,,
29351,2019,11,2,17,15,11.8,0,0,0,2.8000000000000003,,,,,,,,,,,,,,,,,,,,,,,,,,,,,,,,,,,,
29352,2019,11,2,17,30,11.8,0,0,0,2.9000000000000004,,,,,,,,,,,,,,,,,,,,,,,,,,,,,,,,,,,,
29353,2019,11,2,17,45,11.8,0,0,0,3.0,,,,,,,,,,,,,,,,,,,,,,,,,,,,,,,,,,,,
29354,2019,11,2,18,0,11.7,0,0,0,3.1,,,,,,,,,,,,,,,,,,,,,,,,,,,,,,,,,,,,
29355,2019,11,2,18,15,11.7,0,0,0,3.1,,,,,,,,,,,,,,,,,,,,,,,,,,,,,,,,,,,,
29356,2019,11,2,18,30,11.6,0,0,0,3.2,,,,,,,,,,,,,,,,,,,,,,,,,,,,,,,,,,,,
29357,2019,11,2,18,45,11.6,0,0,0,3.3000000000000003,,,,,,,,,,,,,,,,,,,,,,,,,,,,,,,,,,,,
29358,2019,11,2,19,0,11.6,0,0,0,3.3000000000000003,,,,,,,,,,,,,,,,,,,,,,,,,,,,,,,,,,,,
29359,2019,11,2,19,15,11.5,0,0,0,3.3000000000000003,,,,,,,,,,,,,,,,,,,,,,,,,,,,,,,,,,,,
29360,2019,11,2,19,30,11.4,0,0,0,3.3000000000000003,,,,,,,,,,,,,,,,,,,,,,,,,,,,,,,,,,,,
29361,2019,11,2,19,45,11.3,0,0,0,3.3000000000000003,,,,,,,,,,,,,,,,,,,,,,,,,,,,,,,,,,,,
29362,2019,11,2,20,0,11.3,0,0,0,3.3000000000000003,,,,,,,,,,,,,,,,,,,,,,,,,,,,,,,,,,,,
29363,2019,11,2,20,15,11.2,0,0,0,3.2,,,,,,,,,,,,,,,,,,,,,,,,,,,,,,,,,,,,
29364,2019,11,2,20,30,11.1,0,0,0,3.2,,,,,,,,,,,,,,,,,,,,,,,,,,,,,,,,,,,,
29365,2019,11,2,20,45,11.0,0,0,0,3.2,,,,,,,,,,,,,,,,,,,,,,,,,,,,,,,,,,,,
29366,2019,11,2,21,0,10.9,0,0,0,3.2,,,,,,,,,,,,,,,,,,,,,,,,,,,,,,,,,,,,
29367,2019,11,2,21,15,10.9,0,0,0,3.1,,,,,,,,,,,,,,,,,,,,,,,,,,,,,,,,,,,,
29368,2019,11,2,21,30,10.8,0,0,0,3.1,,,,,,,,,,,,,,,,,,,,,,,,,,,,,,,,,,,,
29369,2019,11,2,21,45,10.7,0,0,0,3.0,,,,,,,,,,,,,,,,,,,,,,,,,,,,,,,,,,,,
29370,2019,11,2,22,0,10.7,0,0,0,3.0,,,,,,,,,,,,,,,,,,,,,,,,,,,,,,,,,,,,
29371,2019,11,2,22,15,10.6,0,0,0,2.9000000000000004,,,,,,,,,,,,,,,,,,,,,,,,,,,,,,,,,,,,
29372,2019,11,2,22,30,10.5,0,0,0,2.9000000000000004,,,,,,,,,,,,,,,,,,,,,,,,,,,,,,,,,,,,
29373,2019,11,2,22,45,10.4,0,0,0,2.9000000000000004,,,,,,,,,,,,,,,,,,,,,,,,,,,,,,,,,,,,
29374,2019,11,2,23,0,10.3,0,0,0,2.9000000000000004,,,,,,,,,,,,,,,,,,,,,,,,,,,,,,,,,,,,
29375,2019,11,2,23,15,10.2,0,0,0,2.9000000000000004,,,,,,,,,,,,,,,,,,,,,,,,,,,,,,,,,,,,
29376,2019,11,2,23,30,10.1,0,0,0,2.9000000000000004,,,,,,,,,,,,,,,,,,,,,,,,,,,,,,,,,,,,
29377,2019,11,2,23,45,10.1,0,0,0,2.9000000000000004,,,,,,,,,,,,,,,,,,,,,,,,,,,,,,,,,,,,
29378,2019,11,3,0,0,10.0,0,0,0,2.9000000000000004,,,,,,,,,,,,,,,,,,,,,,,,,,,,,,,,,,,,
29379,2019,11,3,0,15,10.0,0,0,0,2.9000000000000004,,,,,,,,,,,,,,,,,,,,,,,,,,,,,,,,,,,,
29380,2019,11,3,0,30,10.0,0,0,0,2.9000000000000004,,,,,,,,,,,,,,,,,,,,,,,,,,,,,,,,,,,,
29381,2019,11,3,0,45,10.0,0,0,0,2.9000000000000004,,,,,,,,,,,,,,,,,,,,,,,,,,,,,,,,,,,,
29382,2019,11,3,1,0,9.9,0,0,0,3.0,,,,,,,,,,,,,,,,,,,,,,,,,,,,,,,,,,,,
29383,2019,11,3,1,15,9.9,0,0,0,3.0,,,,,,,,,,,,,,,,,,,,,,,,,,,,,,,,,,,,
29384,2019,11,3,1,30,9.8,0,0,0,3.1,,,,,,,,,,,,,,,,,,,,,,,,,,,,,,,,,,,,
29385,2019,11,3,1,45,9.8,0,0,0,3.1,,,,,,,,,,,,,,,,,,,,,,,,,,,,,,,,,,,,
29386,2019,11,3,2,0,9.8,0,0,0,3.2,,,,,,,,,,,,,,,,,,,,,,,,,,,,,,,,,,,,
29387,2019,11,3,2,15,9.8,0,0,0,3.2,,,,,,,,,,,,,,,,,,,,,,,,,,,,,,,,,,,,
29388,2019,11,3,2,30,9.8,0,0,0,3.3000000000000003,,,,,,,,,,,,,,,,,,,,,,,,,,,,,,,,,,,,
29389,2019,11,3,2,45,9.8,0,0,0,3.3000000000000003,,,,,,,,,,,,,,,,,,,,,,,,,,,,,,,,,,,,
29390,2019,11,3,3,0,9.9,0,0,0,3.4000000000000004,,,,,,,,,,,,,,,,,,,,,,,,,,,,,,,,,,,,
29391,2019,11,3,3,15,9.9,0,0,0,3.4000000000000004,,,,,,,,,,,,,,,,,,,,,,,,,,,,,,,,,,,,
29392,2019,11,3,3,30,9.9,0,0,0,3.5,,,,,,,,,,,,,,,,,,,,,,,,,,,,,,,,,,,,
29393,2019,11,3,3,45,10.0,0,0,0,3.5,,,,,,,,,,,,,,,,,,,,,,,,,,,,,,,,,,,,
29394,2019,11,3,4,0,10.0,0,0,0,3.6,,,,,,,,,,,,,,,,,,,,,,,,,,,,,,,,,,,,
29395,2019,11,3,4,15,10.0,0,0,0,3.5,,,,,,,,,,,,,,,,,,,,,,,,,,,,,,,,,,,,
29396,2019,11,3,4,30,9.9,0,0,0,3.5,,,,,,,,,,,,,,,,,,,,,,,,,,,,,,,,,,,,
29397,2019,11,3,4,45,9.9,0,0,0,3.4000000000000004,,,,,,,,,,,,,,,,,,,,,,,,,,,,,,,,,,,,
29398,2019,11,3,5,0,9.8,0,0,0,3.3000000000000003,,,,,,,,,,,,,,,,,,,,,,,,,,,,,,,,,,,,
29399,2019,11,3,5,15,9.6,0,0,0,3.2,,,,,,,,,,,,,,,,,,,,,,,,,,,,,,,,,,,,
29400,2019,11,3,5,30,9.4,0,0,0,3.0,,,,,,,,,,,,,,,,,,,,,,,,,,,,,,,,,,,,
29401,2019,11,3,5,45,9.2,0,0,0,2.9000000000000004,,,,,,,,,,,,,,,,,,,,,,,,,,,,,,,,,,,,
29402,2019,11,3,6,0,9.0,0,0,0,2.8000000000000003,,,,,,,,,,,,,,,,,,,,,,,,,,,,,,,,,,,,
29403,2019,11,3,6,15,8.9,0,0,0,2.8000000000000003,,,,,,,,,,,,,,,,,,,,,,,,,,,,,,,,,,,,
29404,2019,11,3,6,30,8.8,0,0,0,2.8000000000000003,,,,,,,,,,,,,,,,,,,,,,,,,,,,,,,,,,,,
29405,2019,11,3,6,45,8.700000000000001,0,0,0,2.8000000000000003,,,,,,,,,,,,,,,,,,,,,,,,,,,,,,,,,,,,
29406,2019,11,3,7,0,8.700000000000001,0,0,0,2.9000000000000004,,,,,,,,,,,,,,,,,,,,,,,,,,,,,,,,,,,,
29407,2019,11,3,7,15,8.8,0,0,0,3.0,,,,,,,,,,,,,,,,,,,,,,,,,,,,,,,,,,,,
29408,2019,11,3,7,30,8.9,3,0,3,3.1,,,,,,,,,,,,,,,,,,,,,,,,,,,,,,,,,,,,
29409,2019,11,3,7,45,9.1,5,0,5,3.2,,,,,,,,,,,,,,,,,,,,,,,,,,,,,,,,,,,,
29410,2019,11,3,8,0,9.2,5,0,5,3.3000000000000003,,,,,,,,,,,,,,,,,,,,,,,,,,,,,,,,,,,,
29411,2019,11,3,8,15,9.3,6,0,6,3.3000000000000003,,,,,,,,,,,,,,,,,,,,,,,,,,,,,,,,,,,,
29412,2019,11,3,8,30,9.5,7,0,7,3.3000000000000003,,,,,,,,,,,,,,,,,,,,,,,,,,,,,,,,,,,,
29413,2019,11,3,8,45,9.6,8,0,8,3.3000000000000003,,,,,,,,,,,,,,,,,,,,,,,,,,,,,,,,,,,,
29414,2019,11,3,9,0,9.8,9,0,9,3.3000000000000003,,,,,,,,,,,,,,,,,,,,,,,,,,,,,,,,,,,,
29415,2019,11,3,9,15,10.1,10,0,10,3.3000000000000003,,,,,,,,,,,,,,,,,,,,,,,,,,,,,,,,,,,,
29416,2019,11,3,9,30,10.3,11,0,11,3.3000000000000003,,,,,,,,,,,,,,,,,,,,,,,,,,,,,,,,,,,,
29417,2019,11,3,9,45,10.6,12,0,12,3.3000000000000003,,,,,,,,,,,,,,,,,,,,,,,,,,,,,,,,,,,,
29418,2019,11,3,10,0,10.9,13,0,13,3.4000000000000004,,,,,,,,,,,,,,,,,,,,,,,,,,,,,,,,,,,,
29419,2019,11,3,10,15,11.3,14,0,14,3.4000000000000004,,,,,,,,,,,,,,,,,,,,,,,,,,,,,,,,,,,,
29420,2019,11,3,10,30,11.6,28,0,28,3.4000000000000004,,,,,,,,,,,,,,,,,,,,,,,,,,,,,,,,,,,,
29421,2019,11,3,10,45,12.0,56,0,56,3.4000000000000004,,,,,,,,,,,,,,,,,,,,,,,,,,,,,,,,,,,,
29422,2019,11,3,11,0,12.3,51,0,51,3.4000000000000004,,,,,,,,,,,,,,,,,,,,,,,,,,,,,,,,,,,,
29423,2019,11,3,11,15,12.7,145,25,155,3.4000000000000004,,,,,,,,,,,,,,,,,,,,,,,,,,,,,,,,,,,,
29424,2019,11,3,11,30,13.0,131,2,132,3.4000000000000004,,,,,,,,,,,,,,,,,,,,,,,,,,,,,,,,,,,,
29425,2019,11,3,11,45,13.3,153,33,166,3.4000000000000004,,,,,,,,,,,,,,,,,,,,,,,,,,,,,,,,,,,,
29426,2019,11,3,12,0,13.6,167,136,221,3.4000000000000004,,,,,,,,,,,,,,,,,,,,,,,,,,,,,,,,,,,,
29427,2019,11,3,12,15,13.8,164,85,197,3.4000000000000004,,,,,,,,,,,,,,,,,,,,,,,,,,,,,,,,,,,,
29428,2019,11,3,12,30,14.0,160,70,187,3.3000000000000003,,,,,,,,,,,,,,,,,,,,,,,,,,,,,,,,,,,,
29429,2019,11,3,12,45,14.1,150,41,166,3.2,,,,,,,,,,,,,,,,,,,,,,,,,,,,,,,,,,,,
29430,2019,11,3,13,0,14.3,111,0,111,3.2,,,,,,,,,,,,,,,,,,,,,,,,,,,,,,,,,,,,
29431,2019,11,3,13,15,14.3,77,0,77,3.0,,,,,,,,,,,,,,,,,,,,,,,,,,,,,,,,,,,,
29432,2019,11,3,13,30,14.3,36,0,36,2.9000000000000004,,,,,,,,,,,,,,,,,,,,,,,,,,,,,,,,,,,,
29433,2019,11,3,13,45,14.3,60,0,60,2.8000000000000003,,,,,,,,,,,,,,,,,,,,,,,,,,,,,,,,,,,,
29434,2019,11,3,14,0,14.3,38,0,38,2.7,,,,,,,,,,,,,,,,,,,,,,,,,,,,,,,,,,,,
29435,2019,11,3,14,15,14.0,14,0,14,2.4000000000000004,,,,,,,,,,,,,,,,,,,,,,,,,,,,,,,,,,,,
29436,2019,11,3,14,30,13.8,9,0,9,2.2,,,,,,,,,,,,,,,,,,,,,,,,,,,,,,,,,,,,
29437,2019,11,3,14,45,13.5,8,0,8,1.9,,,,,,,,,,,,,,,,,,,,,,,,,,,,,,,,,,,,
29438,2019,11,3,15,0,13.3,7,0,7,1.6,,,,,,,,,,,,,,,,,,,,,,,,,,,,,,,,,,,,
29439,2019,11,3,15,15,12.8,15,0,15,1.5,,,,,,,,,,,,,,,,,,,,,,,,,,,,,,,,,,,,
29440,2019,11,3,15,30,12.3,6,0,6,1.5,,,,,,,,,,,,,,,,,,,,,,,,,,,,,,,,,,,,
29441,2019,11,3,15,45,11.8,5,0,5,1.4,,,,,,,,,,,,,,,,,,,,,,,,,,,,,,,,,,,,
29442,2019,11,3,16,0,11.3,5,0,5,1.4,,,,,,,,,,,,,,,,,,,,,,,,,,,,,,,,,,,,
29443,2019,11,3,16,15,10.9,4,0,4,1.4,,,,,,,,,,,,,,,,,,,,,,,,,,,,,,,,,,,,
29444,2019,11,3,16,30,10.6,2,0,2,1.4,,,,,,,,,,,,,,,,,,,,,,,,,,,,,,,,,,,,
29445,2019,11,3,16,45,10.3,0,0,0,1.5,,,,,,,,,,,,,,,,,,,,,,,,,,,,,,,,,,,,
29446,2019,11,3,17,0,10.0,0,0,0,1.5,,,,,,,,,,,,,,,,,,,,,,,,,,,,,,,,,,,,
29447,2019,11,3,17,15,9.9,0,0,0,1.6,,,,,,,,,,,,,,,,,,,,,,,,,,,,,,,,,,,,
29448,2019,11,3,17,30,9.9,0,0,0,1.6,,,,,,,,,,,,,,,,,,,,,,,,,,,,,,,,,,,,
29449,2019,11,3,17,45,9.8,0,0,0,1.7000000000000002,,,,,,,,,,,,,,,,,,,,,,,,,,,,,,,,,,,,
29450,2019,11,3,18,0,9.8,0,0,0,1.7000000000000002,,,,,,,,,,,,,,,,,,,,,,,,,,,,,,,,,,,,
29451,2019,11,3,18,15,9.7,0,0,0,1.7000000000000002,,,,,,,,,,,,,,,,,,,,,,,,,,,,,,,,,,,,
29452,2019,11,3,18,30,9.7,0,0,0,1.7000000000000002,,,,,,,,,,,,,,,,,,,,,,,,,,,,,,,,,,,,
29453,2019,11,3,18,45,9.6,0,0,0,1.7000000000000002,,,,,,,,,,,,,,,,,,,,,,,,,,,,,,,,,,,,
29454,2019,11,3,19,0,9.6,0,0,0,1.6,,,,,,,,,,,,,,,,,,,,,,,,,,,,,,,,,,,,
29455,2019,11,3,19,15,9.5,0,0,0,1.6,,,,,,,,,,,,,,,,,,,,,,,,,,,,,,,,,,,,
29456,2019,11,3,19,30,9.5,0,0,0,1.6,,,,,,,,,,,,,,,,,,,,,,,,,,,,,,,,,,,,
29457,2019,11,3,19,45,9.4,0,0,0,1.5,,,,,,,,,,,,,,,,,,,,,,,,,,,,,,,,,,,,
29458,2019,11,3,20,0,9.4,0,0,0,1.5,,,,,,,,,,,,,,,,,,,,,,,,,,,,,,,,,,,,
29459,2019,11,3,20,15,9.4,0,0,0,1.5,,,,,,,,,,,,,,,,,,,,,,,,,,,,,,,,,,,,
29460,2019,11,3,20,30,9.4,0,0,0,1.5,,,,,,,,,,,,,,,,,,,,,,,,,,,,,,,,,,,,
29461,2019,11,3,20,45,9.3,0,0,0,1.4,,,,,,,,,,,,,,,,,,,,,,,,,,,,,,,,,,,,
29462,2019,11,3,21,0,9.3,0,0,0,1.4,,,,,,,,,,,,,,,,,,,,,,,,,,,,,,,,,,,,
29463,2019,11,3,21,15,9.3,0,0,0,1.4,,,,,,,,,,,,,,,,,,,,,,,,,,,,,,,,,,,,
29464,2019,11,3,21,30,9.3,0,0,0,1.3,,,,,,,,,,,,,,,,,,,,,,,,,,,,,,,,,,,,
29465,2019,11,3,21,45,9.3,0,0,0,1.3,,,,,,,,,,,,,,,,,,,,,,,,,,,,,,,,,,,,
29466,2019,11,3,22,0,9.3,0,0,0,1.3,,,,,,,,,,,,,,,,,,,,,,,,,,,,,,,,,,,,
29467,2019,11,3,22,15,9.2,0,0,0,1.3,,,,,,,,,,,,,,,,,,,,,,,,,,,,,,,,,,,,
29468,2019,11,3,22,30,9.2,0,0,0,1.3,,,,,,,,,,,,,,,,,,,,,,,,,,,,,,,,,,,,
29469,2019,11,3,22,45,9.2,0,0,0,1.3,,,,,,,,,,,,,,,,,,,,,,,,,,,,,,,,,,,,
29470,2019,11,3,23,0,9.2,0,0,0,1.3,,,,,,,,,,,,,,,,,,,,,,,,,,,,,,,,,,,,
29471,2019,11,3,23,15,9.2,0,0,0,1.3,,,,,,,,,,,,,,,,,,,,,,,,,,,,,,,,,,,,
29472,2019,11,3,23,30,9.2,0,0,0,1.3,,,,,,,,,,,,,,,,,,,,,,,,,,,,,,,,,,,,
29473,2019,11,3,23,45,9.2,0,0,0,1.3,,,,,,,,,,,,,,,,,,,,,,,,,,,,,,,,,,,,
29474,2019,11,4,0,0,9.2,0,0,0,1.4,,,,,,,,,,,,,,,,,,,,,,,,,,,,,,,,,,,,
29475,2019,11,4,0,15,9.2,0,0,0,1.4,,,,,,,,,,,,,,,,,,,,,,,,,,,,,,,,,,,,
29476,2019,11,4,0,30,9.2,0,0,0,1.4,,,,,,,,,,,,,,,,,,,,,,,,,,,,,,,,,,,,
29477,2019,11,4,0,45,9.2,0,0,0,1.4,,,,,,,,,,,,,,,,,,,,,,,,,,,,,,,,,,,,
29478,2019,11,4,1,0,9.1,0,0,0,1.4,,,,,,,,,,,,,,,,,,,,,,,,,,,,,,,,,,,,
29479,2019,11,4,1,15,9.2,0,0,0,1.5,,,,,,,,,,,,,,,,,,,,,,,,,,,,,,,,,,,,
29480,2019,11,4,1,30,9.2,0,0,0,1.6,,,,,,,,,,,,,,,,,,,,,,,,,,,,,,,,,,,,
29481,2019,11,4,1,45,9.3,0,0,0,1.6,,,,,,,,,,,,,,,,,,,,,,,,,,,,,,,,,,,,
29482,2019,11,4,2,0,9.3,0,0,0,1.7000000000000002,,,,,,,,,,,,,,,,,,,,,,,,,,,,,,,,,,,,
29483,2019,11,4,2,15,9.3,0,0,0,1.8,,,,,,,,,,,,,,,,,,,,,,,,,,,,,,,,,,,,
29484,2019,11,4,2,30,9.4,0,0,0,1.8,,,,,,,,,,,,,,,,,,,,,,,,,,,,,,,,,,,,
29485,2019,11,4,2,45,9.4,0,0,0,1.9,,,,,,,,,,,,,,,,,,,,,,,,,,,,,,,,,,,,
29486,2019,11,4,3,0,9.4,0,0,0,1.9,,,,,,,,,,,,,,,,,,,,,,,,,,,,,,,,,,,,
29487,2019,11,4,3,15,9.4,0,0,0,2.0,,,,,,,,,,,,,,,,,,,,,,,,,,,,,,,,,,,,
29488,2019,11,4,3,30,9.4,0,0,0,2.0,,,,,,,,,,,,,,,,,,,,,,,,,,,,,,,,,,,,
29489,2019,11,4,3,45,9.4,0,0,0,2.0,,,,,,,,,,,,,,,,,,,,,,,,,,,,,,,,,,,,
29490,2019,11,4,4,0,9.4,0,0,0,2.1,,,,,,,,,,,,,,,,,,,,,,,,,,,,,,,,,,,,
29491,2019,11,4,4,15,9.5,0,0,0,2.2,,,,,,,,,,,,,,,,,,,,,,,,,,,,,,,,,,,,
29492,2019,11,4,4,30,9.5,0,0,0,2.3000000000000003,,,,,,,,,,,,,,,,,,,,,,,,,,,,,,,,,,,,
29493,2019,11,4,4,45,9.5,0,0,0,2.4000000000000004,,,,,,,,,,,,,,,,,,,,,,,,,,,,,,,,,,,,
29494,2019,11,4,5,0,9.6,0,0,0,2.5,,,,,,,,,,,,,,,,,,,,,,,,,,,,,,,,,,,,
29495,2019,11,4,5,15,9.6,0,0,0,2.6,,,,,,,,,,,,,,,,,,,,,,,,,,,,,,,,,,,,
29496,2019,11,4,5,30,9.6,0,0,0,2.8000000000000003,,,,,,,,,,,,,,,,,,,,,,,,,,,,,,,,,,,,
29497,2019,11,4,5,45,9.6,0,0,0,2.9000000000000004,,,,,,,,,,,,,,,,,,,,,,,,,,,,,,,,,,,,
29498,2019,11,4,6,0,9.6,0,0,0,3.1,,,,,,,,,,,,,,,,,,,,,,,,,,,,,,,,,,,,
29499,2019,11,4,6,15,9.5,0,0,0,3.2,,,,,,,,,,,,,,,,,,,,,,,,,,,,,,,,,,,,
29500,2019,11,4,6,30,9.5,0,0,0,3.3000000000000003,,,,,,,,,,,,,,,,,,,,,,,,,,,,,,,,,,,,
29501,2019,11,4,6,45,9.4,0,0,0,3.5,,,,,,,,,,,,,,,,,,,,,,,,,,,,,,,,,,,,
29502,2019,11,4,7,0,9.4,0,0,0,3.6,,,,,,,,,,,,,,,,,,,,,,,,,,,,,,,,,,,,
29503,2019,11,4,7,15,9.4,0,0,0,3.6,,,,,,,,,,,,,,,,,,,,,,,,,,,,,,,,,,,,
29504,2019,11,4,7,30,9.4,2,0,2,3.7,,,,,,,,,,,,,,,,,,,,,,,,,,,,,,,,,,,,
29505,2019,11,4,7,45,9.4,4,0,4,3.7,,,,,,,,,,,,,,,,,,,,,,,,,,,,,,,,,,,,
29506,2019,11,4,8,0,9.4,5,0,5,3.7,,,,,,,,,,,,,,,,,,,,,,,,,,,,,,,,,,,,
29507,2019,11,4,8,15,9.6,13,0,13,3.8,,,,,,,,,,,,,,,,,,,,,,,,,,,,,,,,,,,,
29508,2019,11,4,8,30,9.8,6,0,6,3.8,,,,,,,,,,,,,,,,,,,,,,,,,,,,,,,,,,,,
29509,2019,11,4,8,45,10.0,7,0,7,3.8,,,,,,,,,,,,,,,,,,,,,,,,,,,,,,,,,,,,
29510,2019,11,4,9,0,10.2,26,0,26,3.9,,,,,,,,,,,,,,,,,,,,,,,,,,,,,,,,,,,,
29511,2019,11,4,9,15,10.5,30,0,30,3.9,,,,,,,,,,,,,,,,,,,,,,,,,,,,,,,,,,,,
29512,2019,11,4,9,30,10.8,65,610,231,4.0,,,,,,,,,,,,,,,,,,,,,,,,,,,,,,,,,,,,
29513,2019,11,4,9,45,11.1,65,659,258,4.1000000000000005,,,,,,,,,,,,,,,,,,,,,,,,,,,,,,,,,,,,
29514,2019,11,4,10,0,11.4,43,0,43,4.2,,,,,,,,,,,,,,,,,,,,,,,,,,,,,,,,,,,,
29515,2019,11,4,10,15,11.7,47,0,47,4.2,,,,,,,,,,,,,,,,,,,,,,,,,,,,,,,,,,,,
29516,2019,11,4,10,30,12.0,71,711,318,4.2,,,,,,,,,,,,,,,,,,,,,,,,,,,,,,,,,,,,
29517,2019,11,4,10,45,12.3,70,733,334,4.3,,,,,,,,,,,,,,,,,,,,,,,,,,,,,,,,,,,,
29518,2019,11,4,11,0,12.6,154,97,190,4.3,,,,,,,,,,,,,,,,,,,,,,,,,,,,,,,,,,,,
29519,2019,11,4,11,15,12.8,159,100,197,4.2,,,,,,,,,,,,,,,,,,,,,,,,,,,,,,,,,,,,
29520,2019,11,4,11,30,12.9,65,0,65,4.1000000000000005,,,,,,,,,,,,,,,,,,,,,,,,,,,,,,,,,,,,
29521,2019,11,4,11,45,13.1,137,9,140,4.0,,,,,,,,,,,,,,,,,,,,,,,,,,,,,,,,,,,,
29522,2019,11,4,12,0,13.3,90,0,90,4.0,,,,,,,,,,,,,,,,,,,,,,,,,,,,,,,,,,,,
29523,2019,11,4,12,15,13.3,164,147,221,3.9,,,,,,,,,,,,,,,,,,,,,,,,,,,,,,,,,,,,
29524,2019,11,4,12,30,13.4,139,13,144,3.7,,,,,,,,,,,,,,,,,,,,,,,,,,,,,,,,,,,,
29525,2019,11,4,12,45,13.5,155,72,182,3.6,,,,,,,,,,,,,,,,,,,,,,,,,,,,,,,,,,,,
29526,2019,11,4,13,0,13.5,128,6,130,3.5,,,,,,,,,,,,,,,,,,,,,,,,,,,,,,,,,,,,
29527,2019,11,4,13,15,13.5,128,12,132,3.4000000000000004,,,,,,,,,,,,,,,,,,,,,,,,,,,,,,,,,,,,
29528,2019,11,4,13,30,13.4,76,0,76,3.3000000000000003,,,,,,,,,,,,,,,,,,,,,,,,,,,,,,,,,,,,
29529,2019,11,4,13,45,13.4,20,0,20,3.2,,,,,,,,,,,,,,,,,,,,,,,,,,,,,,,,,,,,
29530,2019,11,4,14,0,13.4,90,0,90,3.1,,,,,,,,,,,,,,,,,,,,,,,,,,,,,,,,,,,,
29531,2019,11,4,14,15,13.1,51,0,51,2.8000000000000003,,,,,,,,,,,,,,,,,,,,,,,,,,,,,,,,,,,,
29532,2019,11,4,14,30,12.9,15,0,15,2.5,,,,,,,,,,,,,,,,,,,,,,,,,,,,,,,,,,,,
29533,2019,11,4,14,45,12.7,13,0,13,2.2,,,,,,,,,,,,,,,,,,,,,,,,,,,,,,,,,,,,
29534,2019,11,4,15,0,12.5,11,0,11,1.9,,,,,,,,,,,,,,,,,,,,,,,,,,,,,,,,,,,,
29535,2019,11,4,15,15,11.9,9,0,9,1.7000000000000002,,,,,,,,,,,,,,,,,,,,,,,,,,,,,,,,,,,,
29536,2019,11,4,15,30,11.2,6,0,6,1.5,,,,,,,,,,,,,,,,,,,,,,,,,,,,,,,,,,,,
29537,2019,11,4,15,45,10.6,6,0,6,1.3,,,,,,,,,,,,,,,,,,,,,,,,,,,,,,,,,,,,
29538,2019,11,4,16,0,10.0,5,0,5,1.1,,,,,,,,,,,,,,,,,,,,,,,,,,,,,,,,,,,,
29539,2019,11,4,16,15,9.6,3,0,3,1.1,,,,,,,,,,,,,,,,,,,,,,,,,,,,,,,,,,,,
29540,2019,11,4,16,30,9.2,1,0,1,1.2000000000000002,,,,,,,,,,,,,,,,,,,,,,,,,,,,,,,,,,,,
29541,2019,11,4,16,45,8.9,0,0,0,1.2000000000000002,,,,,,,,,,,,,,,,,,,,,,,,,,,,,,,,,,,,
29542,2019,11,4,17,0,8.5,0,0,0,1.2000000000000002,,,,,,,,,,,,,,,,,,,,,,,,,,,,,,,,,,,,
29543,2019,11,4,17,15,8.4,0,0,0,1.2000000000000002,,,,,,,,,,,,,,,,,,,,,,,,,,,,,,,,,,,,
29544,2019,11,4,17,30,8.4,0,0,0,1.3,,,,,,,,,,,,,,,,,,,,,,,,,,,,,,,,,,,,
29545,2019,11,4,17,45,8.3,0,0,0,1.3,,,,,,,,,,,,,,,,,,,,,,,,,,,,,,,,,,,,
29546,2019,11,4,18,0,8.200000000000001,0,0,0,1.3,,,,,,,,,,,,,,,,,,,,,,,,,,,,,,,,,,,,
29547,2019,11,4,18,15,8.200000000000001,0,0,0,1.3,,,,,,,,,,,,,,,,,,,,,,,,,,,,,,,,,,,,
29548,2019,11,4,18,30,8.1,0,0,0,1.3,,,,,,,,,,,,,,,,,,,,,,,,,,,,,,,,,,,,
29549,2019,11,4,18,45,8.0,0,0,0,1.4,,,,,,,,,,,,,,,,,,,,,,,,,,,,,,,,,,,,
29550,2019,11,4,19,0,7.9,0,0,0,1.4,,,,,,,,,,,,,,,,,,,,,,,,,,,,,,,,,,,,
29551,2019,11,4,19,15,7.9,0,0,0,1.5,,,,,,,,,,,,,,,,,,,,,,,,,,,,,,,,,,,,
29552,2019,11,4,19,30,7.800000000000001,0,0,0,1.5,,,,,,,,,,,,,,,,,,,,,,,,,,,,,,,,,,,,
29553,2019,11,4,19,45,7.7,0,0,0,1.6,,,,,,,,,,,,,,,,,,,,,,,,,,,,,,,,,,,,
29554,2019,11,4,20,0,7.7,0,0,0,1.7000000000000002,,,,,,,,,,,,,,,,,,,,,,,,,,,,,,,,,,,,
29555,2019,11,4,20,15,7.6,0,0,0,1.7000000000000002,,,,,,,,,,,,,,,,,,,,,,,,,,,,,,,,,,,,
29556,2019,11,4,20,30,7.6,0,0,0,1.7000000000000002,,,,,,,,,,,,,,,,,,,,,,,,,,,,,,,,,,,,
29557,2019,11,4,20,45,7.5,0,0,0,1.8,,,,,,,,,,,,,,,,,,,,,,,,,,,,,,,,,,,,
29558,2019,11,4,21,0,7.5,0,0,0,1.8,,,,,,,,,,,,,,,,,,,,,,,,,,,,,,,,,,,,
29559,2019,11,4,21,15,7.4,0,0,0,1.8,,,,,,,,,,,,,,,,,,,,,,,,,,,,,,,,,,,,
29560,2019,11,4,21,30,7.4,0,0,0,1.8,,,,,,,,,,,,,,,,,,,,,,,,,,,,,,,,,,,,
29561,2019,11,4,21,45,7.300000000000001,0,0,0,1.8,,,,,,,,,,,,,,,,,,,,,,,,,,,,,,,,,,,,
29562,2019,11,4,22,0,7.300000000000001,0,0,0,1.8,,,,,,,,,,,,,,,,,,,,,,,,,,,,,,,,,,,,
29563,2019,11,4,22,15,7.2,0,0,0,1.8,,,,,,,,,,,,,,,,,,,,,,,,,,,,,,,,,,,,
29564,2019,11,4,22,30,7.1000000000000005,0,0,0,1.8,,,,,,,,,,,,,,,,,,,,,,,,,,,,,,,,,,,,
29565,2019,11,4,22,45,7.1000000000000005,0,0,0,1.8,,,,,,,,,,,,,,,,,,,,,,,,,,,,,,,,,,,,
29566,2019,11,4,23,0,7.0,0,0,0,1.8,,,,,,,,,,,,,,,,,,,,,,,,,,,,,,,,,,,,
29567,2019,11,4,23,15,6.9,0,0,0,1.8,,,,,,,,,,,,,,,,,,,,,,,,,,,,,,,,,,,,
29568,2019,11,4,23,30,6.800000000000001,0,0,0,1.8,,,,,,,,,,,,,,,,,,,,,,,,,,,,,,,,,,,,
29569,2019,11,4,23,45,6.800000000000001,0,0,0,1.8,,,,,,,,,,,,,,,,,,,,,,,,,,,,,,,,,,,,
29570,2019,11,5,0,0,6.7,0,0,0,1.8,,,,,,,,,,,,,,,,,,,,,,,,,,,,,,,,,,,,
29571,2019,11,5,0,15,6.7,0,0,0,1.8,,,,,,,,,,,,,,,,,,,,,,,,,,,,,,,,,,,,
29572,2019,11,5,0,30,6.7,0,0,0,1.8,,,,,,,,,,,,,,,,,,,,,,,,,,,,,,,,,,,,
29573,2019,11,5,0,45,6.7,0,0,0,1.8,,,,,,,,,,,,,,,,,,,,,,,,,,,,,,,,,,,,
29574,2019,11,5,1,0,6.300000000000001,0,0,0,2.0,,,,,,,,,,,,,,,,,,,,,,,,,,,,,,,,,,,,
29575,2019,11,5,1,15,6.300000000000001,0,0,0,2.1,,,,,,,,,,,,,,,,,,,,,,,,,,,,,,,,,,,,
29576,2019,11,5,1,30,6.300000000000001,0,0,0,2.1,,,,,,,,,,,,,,,,,,,,,,,,,,,,,,,,,,,,
29577,2019,11,5,1,45,6.300000000000001,0,0,0,2.2,,,,,,,,,,,,,,,,,,,,,,,,,,,,,,,,,,,,
29578,2019,11,5,2,0,6.300000000000001,0,0,0,2.3000000000000003,,,,,,,,,,,,,,,,,,,,,,,,,,,,,,,,,,,,
29579,2019,11,5,2,15,6.4,0,0,0,2.4000000000000004,,,,,,,,,,,,,,,,,,,,,,,,,,,,,,,,,,,,
29580,2019,11,5,2,30,6.4,0,0,0,2.5,,,,,,,,,,,,,,,,,,,,,,,,,,,,,,,,,,,,
29581,2019,11,5,2,45,6.5,0,0,0,2.6,,,,,,,,,,,,,,,,,,,,,,,,,,,,,,,,,,,,
29582,2019,11,5,3,0,6.5,0,0,0,2.7,,,,,,,,,,,,,,,,,,,,,,,,,,,,,,,,,,,,
29583,2019,11,5,3,15,6.6000000000000005,0,0,0,2.7,,,,,,,,,,,,,,,,,,,,,,,,,,,,,,,,,,,,
29584,2019,11,5,3,30,6.6000000000000005,0,0,0,2.8000000000000003,,,,,,,,,,,,,,,,,,,,,,,,,,,,,,,,,,,,
29585,2019,11,5,3,45,6.6000000000000005,0,0,0,2.8000000000000003,,,,,,,,,,,,,,,,,,,,,,,,,,,,,,,,,,,,
29586,2019,11,5,4,0,6.7,0,0,0,2.9000000000000004,,,,,,,,,,,,,,,,,,,,,,,,,,,,,,,,,,,,
29587,2019,11,5,4,15,6.7,0,0,0,2.9000000000000004,,,,,,,,,,,,,,,,,,,,,,,,,,,,,,,,,,,,
29588,2019,11,5,4,30,6.800000000000001,0,0,0,2.9000000000000004,,,,,,,,,,,,,,,,,,,,,,,,,,,,,,,,,,,,
29589,2019,11,5,4,45,6.800000000000001,0,0,0,2.9000000000000004,,,,,,,,,,,,,,,,,,,,,,,,,,,,,,,,,,,,
29590,2019,11,5,5,0,6.800000000000001,0,0,0,2.9000000000000004,,,,,,,,,,,,,,,,,,,,,,,,,,,,,,,,,,,,
29591,2019,11,5,5,15,6.9,0,0,0,2.9000000000000004,,,,,,,,,,,,,,,,,,,,,,,,,,,,,,,,,,,,
29592,2019,11,5,5,30,6.9,0,0,0,2.8000000000000003,,,,,,,,,,,,,,,,,,,,,,,,,,,,,,,,,,,,
29593,2019,11,5,5,45,6.9,0,0,0,2.8000000000000003,,,,,,,,,,,,,,,,,,,,,,,,,,,,,,,,,,,,
29594,2019,11,5,6,0,6.9,0,0,0,2.7,,,,,,,,,,,,,,,,,,,,,,,,,,,,,,,,,,,,
29595,2019,11,5,6,15,6.9,0,0,0,2.7,,,,,,,,,,,,,,,,,,,,,,,,,,,,,,,,,,,,
29596,2019,11,5,6,30,6.9,0,0,0,2.7,,,,,,,,,,,,,,,,,,,,,,,,,,,,,,,,,,,,
29597,2019,11,5,6,45,6.9,0,0,0,2.6,,,,,,,,,,,,,,,,,,,,,,,,,,,,,,,,,,,,
29598,2019,11,5,7,0,7.0,0,0,0,2.6,,,,,,,,,,,,,,,,,,,,,,,,,,,,,,,,,,,,
29599,2019,11,5,7,15,7.1000000000000005,0,0,0,2.7,,,,,,,,,,,,,,,,,,,,,,,,,,,,,,,,,,,,
29600,2019,11,5,7,30,7.300000000000001,2,0,2,2.8000000000000003,,,,,,,,,,,,,,,,,,,,,,,,,,,,,,,,,,,,
29601,2019,11,5,7,45,7.5,3,0,3,3.0,,,,,,,,,,,,,,,,,,,,,,,,,,,,,,,,,,,,
29602,2019,11,5,8,0,7.7,36,238,59,3.1,,,,,,,,,,,,,,,,,,,,,,,,,,,,,,,,,,,,
29603,2019,11,5,8,15,7.9,46,316,86,3.2,,,,,,,,,,,,,,,,,,,,,,,,,,,,,,,,,,,,
29604,2019,11,5,8,30,8.200000000000001,8,0,8,3.3000000000000003,,,,,,,,,,,,,,,,,,,,,,,,,,,,,,,,,,,,
29605,2019,11,5,8,45,8.4,10,0,10,3.4000000000000004,,,,,,,,,,,,,,,,,,,,,,,,,,,,,,,,,,,,
29606,2019,11,5,9,0,8.700000000000001,66,483,170,3.5,,,,,,,,,,,,,,,,,,,,,,,,,,,,,,,,,,,,
29607,2019,11,5,9,15,8.9,14,0,14,3.7,,,,,,,,,,,,,,,,,,,,,,,,,,,,,,,,,,,,
29608,2019,11,5,9,30,9.0,16,0,16,3.8,,,,,,,,,,,,,,,,,,,,,,,,,,,,,,,,,,,,
29609,2019,11,5,9,45,9.2,18,0,18,3.9,,,,,,,,,,,,,,,,,,,,,,,,,,,,,,,,,,,,
29610,2019,11,5,10,0,9.4,19,0,19,4.1000000000000005,,,,,,,,,,,,,,,,,,,,,,,,,,,,,,,,,,,,
29611,2019,11,5,10,15,9.6,21,0,21,4.1000000000000005,,,,,,,,,,,,,,,,,,,,,,,,,,,,,,,,,,,,
29612,2019,11,5,10,30,9.7,23,0,23,4.2,,,,,,,,,,,,,,,,,,,,,,,,,,,,,,,,,,,,
29613,2019,11,5,10,45,9.9,24,0,24,4.3,,,,,,,,,,,,,,,,,,,,,,,,,,,,,,,,,,,,
29614,2019,11,5,11,0,10.0,25,0,25,4.4,,,,,,,,,,,,,,,,,,,,,,,,,,,,,,,,,,,,
29615,2019,11,5,11,15,10.2,14,0,14,4.4,,,,,,,,,,,,,,,,,,,,,,,,,,,,,,,,,,,,
29616,2019,11,5,11,30,10.3,26,0,26,4.5,,,,,,,,,,,,,,,,,,,,,,,,,,,,,,,,,,,,
29617,2019,11,5,11,45,10.5,26,0,26,4.6000000000000005,,,,,,,,,,,,,,,,,,,,,,,,,,,,,,,,,,,,
29618,2019,11,5,12,0,10.6,15,0,15,4.6000000000000005,,,,,,,,,,,,,,,,,,,,,,,,,,,,,,,,,,,,
29619,2019,11,5,12,15,10.7,17,0,17,4.6000000000000005,,,,,,,,,,,,,,,,,,,,,,,,,,,,,,,,,,,,
29620,2019,11,5,12,30,10.8,26,0,26,4.5,,,,,,,,,,,,,,,,,,,,,,,,,,,,,,,,,,,,
29621,2019,11,5,12,45,10.9,103,0,103,4.5,,,,,,,,,,,,,,,,,,,,,,,,,,,,,,,,,,,,
29622,2019,11,5,13,0,10.9,146,58,167,4.5,,,,,,,,,,,,,,,,,,,,,,,,,,,,,,,,,,,,
29623,2019,11,5,13,15,10.9,141,64,164,4.4,,,,,,,,,,,,,,,,,,,,,,,,,,,,,,,,,,,,
29624,2019,11,5,13,30,10.9,134,59,154,4.3,,,,,,,,,,,,,,,,,,,,,,,,,,,,,,,,,,,,
29625,2019,11,5,13,45,10.9,41,0,41,4.1000000000000005,,,,,,,,,,,,,,,,,,,,,,,,,,,,,,,,,,,,
29626,2019,11,5,14,0,10.9,20,0,20,4.0,,,,,,,,,,,,,,,,,,,,,,,,,,,,,,,,,,,,
29627,2019,11,5,14,15,10.8,17,0,17,3.8,,,,,,,,,,,,,,,,,,,,,,,,,,,,,,,,,,,,
29628,2019,11,5,14,30,10.6,15,0,15,3.5,,,,,,,,,,,,,,,,,,,,,,,,,,,,,,,,,,,,
29629,2019,11,5,14,45,10.5,13,0,13,3.3000000000000003,,,,,,,,,,,,,,,,,,,,,,,,,,,,,,,,,,,,
29630,2019,11,5,15,0,10.3,63,482,162,3.0,,,,,,,,,,,,,,,,,,,,,,,,,,,,,,,,,,,,
29631,2019,11,5,15,15,9.9,9,0,9,2.7,,,,,,,,,,,,,,,,,,,,,,,,,,,,,,,,,,,,
29632,2019,11,5,15,30,9.4,7,0,7,2.3000000000000003,,,,,,,,,,,,,,,,,,,,,,,,,,,,,,,,,,,,
29633,2019,11,5,15,45,8.9,6,0,6,2.0,,,,,,,,,,,,,,,,,,,,,,,,,,,,,,,,,,,,
29634,2019,11,5,16,0,8.4,4,0,4,1.7000000000000002,,,,,,,,,,,,,,,,,,,,,,,,,,,,,,,,,,,,
29635,2019,11,5,16,15,8.0,3,0,3,1.7000000000000002,,,,,,,,,,,,,,,,,,,,,,,,,,,,,,,,,,,,
29636,2019,11,5,16,30,7.6,0,0,0,1.6,,,,,,,,,,,,,,,,,,,,,,,,,,,,,,,,,,,,
29637,2019,11,5,16,45,7.2,0,0,0,1.6,,,,,,,,,,,,,,,,,,,,,,,,,,,,,,,,,,,,
29638,2019,11,5,17,0,6.800000000000001,0,0,0,1.6,,,,,,,,,,,,,,,,,,,,,,,,,,,,,,,,,,,,
29639,2019,11,5,17,15,6.7,0,0,0,1.6,,,,,,,,,,,,,,,,,,,,,,,,,,,,,,,,,,,,
29640,2019,11,5,17,30,6.7,0,0,0,1.7000000000000002,,,,,,,,,,,,,,,,,,,,,,,,,,,,,,,,,,,,
29641,2019,11,5,17,45,6.6000000000000005,0,0,0,1.7000000000000002,,,,,,,,,,,,,,,,,,,,,,,,,,,,,,,,,,,,
29642,2019,11,5,18,0,6.5,0,0,0,1.7000000000000002,,,,,,,,,,,,,,,,,,,,,,,,,,,,,,,,,,,,
29643,2019,11,5,18,15,6.5,0,0,0,1.8,,,,,,,,,,,,,,,,,,,,,,,,,,,,,,,,,,,,
29644,2019,11,5,18,30,6.4,0,0,0,1.9,,,,,,,,,,,,,,,,,,,,,,,,,,,,,,,,,,,,
29645,2019,11,5,18,45,6.4,0,0,0,1.9,,,,,,,,,,,,,,,,,,,,,,,,,,,,,,,,,,,,
29646,2019,11,5,19,0,6.300000000000001,0,0,0,2.0,,,,,,,,,,,,,,,,,,,,,,,,,,,,,,,,,,,,
29647,2019,11,5,19,15,6.300000000000001,0,0,0,2.0,,,,,,,,,,,,,,,,,,,,,,,,,,,,,,,,,,,,
29648,2019,11,5,19,30,6.2,0,0,0,2.1,,,,,,,,,,,,,,,,,,,,,,,,,,,,,,,,,,,,
29649,2019,11,5,19,45,6.1000000000000005,0,0,0,2.1,,,,,,,,,,,,,,,,,,,,,,,,,,,,,,,,,,,,
29650,2019,11,5,20,0,6.1000000000000005,0,0,0,2.2,,,,,,,,,,,,,,,,,,,,,,,,,,,,,,,,,,,,
29651,2019,11,5,20,15,6.0,0,0,0,2.2,,,,,,,,,,,,,,,,,,,,,,,,,,,,,,,,,,,,
29652,2019,11,5,20,30,6.0,0,0,0,2.2,,,,,,,,,,,,,,,,,,,,,,,,,,,,,,,,,,,,
29653,2019,11,5,20,45,5.9,0,0,0,2.2,,,,,,,,,,,,,,,,,,,,,,,,,,,,,,,,,,,,
29654,2019,11,5,21,0,5.9,0,0,0,2.3000000000000003,,,,,,,,,,,,,,,,,,,,,,,,,,,,,,,,,,,,
29655,2019,11,5,21,15,5.800000000000001,0,0,0,2.3000000000000003,,,,,,,,,,,,,,,,,,,,,,,,,,,,,,,,,,,,
29656,2019,11,5,21,30,5.800000000000001,0,0,0,2.3000000000000003,,,,,,,,,,,,,,,,,,,,,,,,,,,,,,,,,,,,
29657,2019,11,5,21,45,5.7,0,0,0,2.3000000000000003,,,,,,,,,,,,,,,,,,,,,,,,,,,,,,,,,,,,
29658,2019,11,5,22,0,5.7,0,0,0,2.3000000000000003,,,,,,,,,,,,,,,,,,,,,,,,,,,,,,,,,,,,
29659,2019,11,5,22,15,5.7,0,0,0,2.3000000000000003,,,,,,,,,,,,,,,,,,,,,,,,,,,,,,,,,,,,
29660,2019,11,5,22,30,5.6000000000000005,0,0,0,2.2,,,,,,,,,,,,,,,,,,,,,,,,,,,,,,,,,,,,
29661,2019,11,5,22,45,5.6000000000000005,0,0,0,2.2,,,,,,,,,,,,,,,,,,,,,,,,,,,,,,,,,,,,
29662,2019,11,5,23,0,5.6000000000000005,0,0,0,2.2,,,,,,,,,,,,,,,,,,,,,,,,,,,,,,,,,,,,
29663,2019,11,5,23,15,5.6000000000000005,0,0,0,2.2,,,,,,,,,,,,,,,,,,,,,,,,,,,,,,,,,,,,
29664,2019,11,5,23,30,5.6000000000000005,0,0,0,2.2,,,,,,,,,,,,,,,,,,,,,,,,,,,,,,,,,,,,
29665,2019,11,5,23,45,5.6000000000000005,0,0,0,2.2,,,,,,,,,,,,,,,,,,,,,,,,,,,,,,,,,,,,
29666,2019,11,6,0,0,5.6000000000000005,0,0,0,2.2,,,,,,,,,,,,,,,,,,,,,,,,,,,,,,,,,,,,
29667,2019,11,6,0,15,5.6000000000000005,0,0,0,2.2,,,,,,,,,,,,,,,,,,,,,,,,,,,,,,,,,,,,
29668,2019,11,6,0,30,5.6000000000000005,0,0,0,2.2,,,,,,,,,,,,,,,,,,,,,,,,,,,,,,,,,,,,
29669,2019,11,6,0,45,5.6000000000000005,0,0,0,2.2,,,,,,,,,,,,,,,,,,,,,,,,,,,,,,,,,,,,
29670,2019,11,6,1,0,5.7,0,0,0,2.2,,,,,,,,,,,,,,,,,,,,,,,,,,,,,,,,,,,,
29671,2019,11,6,1,15,5.7,0,0,0,2.3000000000000003,,,,,,,,,,,,,,,,,,,,,,,,,,,,,,,,,,,,
29672,2019,11,6,1,30,5.7,0,0,0,2.3000000000000003,,,,,,,,,,,,,,,,,,,,,,,,,,,,,,,,,,,,
29673,2019,11,6,1,45,5.7,0,0,0,2.3000000000000003,,,,,,,,,,,,,,,,,,,,,,,,,,,,,,,,,,,,
29674,2019,11,6,2,0,5.800000000000001,0,0,0,2.3000000000000003,,,,,,,,,,,,,,,,,,,,,,,,,,,,,,,,,,,,
29675,2019,11,6,2,15,5.800000000000001,0,0,0,2.3000000000000003,,,,,,,,,,,,,,,,,,,,,,,,,,,,,,,,,,,,
29676,2019,11,6,2,30,5.800000000000001,0,0,0,2.4000000000000004,,,,,,,,,,,,,,,,,,,,,,,,,,,,,,,,,,,,
29677,2019,11,6,2,45,5.9,0,0,0,2.4000000000000004,,,,,,,,,,,,,,,,,,,,,,,,,,,,,,,,,,,,
29678,2019,11,6,3,0,5.9,0,0,0,2.5,,,,,,,,,,,,,,,,,,,,,,,,,,,,,,,,,,,,
29679,2019,11,6,3,15,5.9,0,0,0,2.5,,,,,,,,,,,,,,,,,,,,,,,,,,,,,,,,,,,,
29680,2019,11,6,3,30,5.9,0,0,0,2.5,,,,,,,,,,,,,,,,,,,,,,,,,,,,,,,,,,,,
29681,2019,11,6,3,45,6.0,0,0,0,2.6,,,,,,,,,,,,,,,,,,,,,,,,,,,,,,,,,,,,
29682,2019,11,6,4,0,6.0,0,0,0,2.6,,,,,,,,,,,,,,,,,,,,,,,,,,,,,,,,,,,,
29683,2019,11,6,4,15,6.0,0,0,0,2.6,,,,,,,,,,,,,,,,,,,,,,,,,,,,,,,,,,,,
29684,2019,11,6,4,30,6.0,0,0,0,2.6,,,,,,,,,,,,,,,,,,,,,,,,,,,,,,,,,,,,
29685,2019,11,6,4,45,5.9,0,0,0,2.6,,,,,,,,,,,,,,,,,,,,,,,,,,,,,,,,,,,,
29686,2019,11,6,5,0,5.9,0,0,0,2.6,,,,,,,,,,,,,,,,,,,,,,,,,,,,,,,,,,,,
29687,2019,11,6,5,15,5.9,0,0,0,2.6,,,,,,,,,,,,,,,,,,,,,,,,,,,,,,,,,,,,
29688,2019,11,6,5,30,5.9,0,0,0,2.7,,,,,,,,,,,,,,,,,,,,,,,,,,,,,,,,,,,,
29689,2019,11,6,5,45,5.800000000000001,0,0,0,2.7,,,,,,,,,,,,,,,,,,,,,,,,,,,,,,,,,,,,
29690,2019,11,6,6,0,5.800000000000001,0,0,0,2.7,,,,,,,,,,,,,,,,,,,,,,,,,,,,,,,,,,,,
29691,2019,11,6,6,15,5.800000000000001,0,0,0,2.7,,,,,,,,,,,,,,,,,,,,,,,,,,,,,,,,,,,,
29692,2019,11,6,6,30,5.800000000000001,0,0,0,2.7,,,,,,,,,,,,,,,,,,,,,,,,,,,,,,,,,,,,
29693,2019,11,6,6,45,5.800000000000001,0,0,0,2.7,,,,,,,,,,,,,,,,,,,,,,,,,,,,,,,,,,,,
29694,2019,11,6,7,0,5.800000000000001,0,0,0,2.7,,,,,,,,,,,,,,,,,,,,,,,,,,,,,,,,,,,,
29695,2019,11,6,7,15,5.9,0,0,0,2.8000000000000003,,,,,,,,,,,,,,,,,,,,,,,,,,,,,,,,,,,,
29696,2019,11,6,7,30,6.1000000000000005,2,0,2,2.8000000000000003,,,,,,,,,,,,,,,,,,,,,,,,,,,,,,,,,,,,
29697,2019,11,6,7,45,6.2,4,0,4,2.9000000000000004,,,,,,,,,,,,,,,,,,,,,,,,,,,,,,,,,,,,
29698,2019,11,6,8,0,6.4,5,0,5,2.9000000000000004,,,,,,,,,,,,,,,,,,,,,,,,,,,,,,,,,,,,
29699,2019,11,6,8,15,6.5,6,0,6,3.0,,,,,,,,,,,,,,,,,,,,,,,,,,,,,,,,,,,,
29700,2019,11,6,8,30,6.6000000000000005,7,0,7,3.0,,,,,,,,,,,,,,,,,,,,,,,,,,,,,,,,,,,,
29701,2019,11,6,8,45,6.800000000000001,8,0,8,3.0,,,,,,,,,,,,,,,,,,,,,,,,,,,,,,,,,,,,
29702,2019,11,6,9,0,6.9,9,0,9,3.0,,,,,,,,,,,,,,,,,,,,,,,,,,,,,,,,,,,,
29703,2019,11,6,9,15,7.1000000000000005,9,0,9,3.1,,,,,,,,,,,,,,,,,,,,,,,,,,,,,,,,,,,,
29704,2019,11,6,9,30,7.300000000000001,10,0,10,3.1,,,,,,,,,,,,,,,,,,,,,,,,,,,,,,,,,,,,
29705,2019,11,6,9,45,7.5,11,0,11,3.2,,,,,,,,,,,,,,,,,,,,,,,,,,,,,,,,,,,,
29706,2019,11,6,10,0,7.6,12,0,12,3.3000000000000003,,,,,,,,,,,,,,,,,,,,,,,,,,,,,,,,,,,,
29707,2019,11,6,10,15,7.800000000000001,13,0,13,3.4000000000000004,,,,,,,,,,,,,,,,,,,,,,,,,,,,,,,,,,,,
29708,2019,11,6,10,30,7.9,14,0,14,3.5,,,,,,,,,,,,,,,,,,,,,,,,,,,,,,,,,,,,
29709,2019,11,6,10,45,8.0,14,0,14,3.6,,,,,,,,,,,,,,,,,,,,,,,,,,,,,,,,,,,,
29710,2019,11,6,11,0,8.200000000000001,15,0,15,3.6,,,,,,,,,,,,,,,,,,,,,,,,,,,,,,,,,,,,
29711,2019,11,6,11,15,8.200000000000001,16,0,16,3.6,,,,,,,,,,,,,,,,,,,,,,,,,,,,,,,,,,,,
29712,2019,11,6,11,30,8.200000000000001,29,0,29,3.6,,,,,,,,,,,,,,,,,,,,,,,,,,,,,,,,,,,,
29713,2019,11,6,11,45,8.3,28,0,28,3.6,,,,,,,,,,,,,,,,,,,,,,,,,,,,,,,,,,,,
29714,2019,11,6,12,0,8.3,28,0,28,3.6,,,,,,,,,,,,,,,,,,,,,,,,,,,,,,,,,,,,
29715,2019,11,6,12,15,8.3,28,0,28,3.6,,,,,,,,,,,,,,,,,,,,,,,,,,,,,,,,,,,,
29716,2019,11,6,12,30,8.3,28,0,28,3.5,,,,,,,,,,,,,,,,,,,,,,,,,,,,,,,,,,,,
29717,2019,11,6,12,45,8.3,16,0,16,3.4000000000000004,,,,,,,,,,,,,,,,,,,,,,,,,,,,,,,,,,,,
29718,2019,11,6,13,0,8.3,110,466,277,3.4000000000000004,,,,,,,,,,,,,,,,,,,,,,,,,,,,,,,,,,,,
29719,2019,11,6,13,15,8.3,15,0,15,3.3000000000000003,,,,,,,,,,,,,,,,,,,,,,,,,,,,,,,,,,,,
29720,2019,11,6,13,30,8.3,14,0,14,3.2,,,,,,,,,,,,,,,,,,,,,,,,,,,,,,,,,,,,
29721,2019,11,6,13,45,8.3,13,0,13,3.1,,,,,,,,,,,,,,,,,,,,,,,,,,,,,,,,,,,,
29722,2019,11,6,14,0,8.3,12,0,12,2.9000000000000004,,,,,,,,,,,,,,,,,,,,,,,,,,,,,,,,,,,,
29723,2019,11,6,14,15,8.200000000000001,11,0,11,2.7,,,,,,,,,,,,,,,,,,,,,,,,,,,,,,,,,,,,
29724,2019,11,6,14,30,8.1,10,0,10,2.5,,,,,,,,,,,,,,,,,,,,,,,,,,,,,,,,,,,,
29725,2019,11,6,14,45,8.1,9,0,9,2.3000000000000003,,,,,,,,,,,,,,,,,,,,,,,,,,,,,,,,,,,,
29726,2019,11,6,15,0,8.0,8,0,8,2.1,,,,,,,,,,,,,,,,,,,,,,,,,,,,,,,,,,,,
29727,2019,11,6,15,15,7.7,7,0,7,1.9,,,,,,,,,,,,,,,,,,,,,,,,,,,,,,,,,,,,
29728,2019,11,6,15,30,7.4,47,254,83,1.6,,,,,,,,,,,,,,,,,,,,,,,,,,,,,,,,,,,,
29729,2019,11,6,15,45,7.2,37,203,60,1.4,,,,,,,,,,,,,,,,,,,,,,,,,,,,,,,,,,,,
29730,2019,11,6,16,0,6.9,27,136,38,1.2000000000000002,,,,,,,,,,,,,,,,,,,,,,,,,,,,,,,,,,,,
29731,2019,11,6,16,15,6.7,17,39,19,1.1,,,,,,,,,,,,,,,,,,,,,,,,,,,,,,,,,,,,
29732,2019,11,6,16,30,6.5,0,0,0,1.1,,,,,,,,,,,,,,,,,,,,,,,,,,,,,,,,,,,,
29733,2019,11,6,16,45,6.4,0,0,0,1.1,,,,,,,,,,,,,,,,,,,,,,,,,,,,,,,,,,,,
29734,2019,11,6,17,0,6.2,0,0,0,1.0,,,,,,,,,,,,,,,,,,,,,,,,,,,,,,,,,,,,
29735,2019,11,6,17,15,6.1000000000000005,0,0,0,1.0,,,,,,,,,,,,,,,,,,,,,,,,,,,,,,,,,,,,
29736,2019,11,6,17,30,6.1000000000000005,0,0,0,1.0,,,,,,,,,,,,,,,,,,,,,,,,,,,,,,,,,,,,
29737,2019,11,6,17,45,6.0,0,0,0,1.0,,,,,,,,,,,,,,,,,,,,,,,,,,,,,,,,,,,,
29738,2019,11,6,18,0,6.0,0,0,0,1.0,,,,,,,,,,,,,,,,,,,,,,,,,,,,,,,,,,,,
29739,2019,11,6,18,15,6.0,0,0,0,1.0,,,,,,,,,,,,,,,,,,,,,,,,,,,,,,,,,,,,
29740,2019,11,6,18,30,5.9,0,0,0,1.0,,,,,,,,,,,,,,,,,,,,,,,,,,,,,,,,,,,,
29741,2019,11,6,18,45,5.800000000000001,0,0,0,1.0,,,,,,,,,,,,,,,,,,,,,,,,,,,,,,,,,,,,
29742,2019,11,6,19,0,5.800000000000001,0,0,0,1.1,,,,,,,,,,,,,,,,,,,,,,,,,,,,,,,,,,,,
29743,2019,11,6,19,15,5.7,0,0,0,1.1,,,,,,,,,,,,,,,,,,,,,,,,,,,,,,,,,,,,
29744,2019,11,6,19,30,5.7,0,0,0,1.1,,,,,,,,,,,,,,,,,,,,,,,,,,,,,,,,,,,,
29745,2019,11,6,19,45,5.6000000000000005,0,0,0,1.1,,,,,,,,,,,,,,,,,,,,,,,,,,,,,,,,,,,,
29746,2019,11,6,20,0,5.5,0,0,0,1.1,,,,,,,,,,,,,,,,,,,,,,,,,,,,,,,,,,,,
29747,2019,11,6,20,15,5.5,0,0,0,1.1,,,,,,,,,,,,,,,,,,,,,,,,,,,,,,,,,,,,
29748,2019,11,6,20,30,5.4,0,0,0,1.0,,,,,,,,,,,,,,,,,,,,,,,,,,,,,,,,,,,,
29749,2019,11,6,20,45,5.300000000000001,0,0,0,1.0,,,,,,,,,,,,,,,,,,,,,,,,,,,,,,,,,,,,
29750,2019,11,6,21,0,5.300000000000001,0,0,0,1.0,,,,,,,,,,,,,,,,,,,,,,,,,,,,,,,,,,,,
29751,2019,11,6,21,15,5.2,0,0,0,1.0,,,,,,,,,,,,,,,,,,,,,,,,,,,,,,,,,,,,
29752,2019,11,6,21,30,5.1000000000000005,0,0,0,1.0,,,,,,,,,,,,,,,,,,,,,,,,,,,,,,,,,,,,
29753,2019,11,6,21,45,5.1000000000000005,0,0,0,1.0,,,,,,,,,,,,,,,,,,,,,,,,,,,,,,,,,,,,
29754,2019,11,6,22,0,5.0,0,0,0,1.0,,,,,,,,,,,,,,,,,,,,,,,,,,,,,,,,,,,,
29755,2019,11,6,22,15,4.9,0,0,0,0.9,,,,,,,,,,,,,,,,,,,,,,,,,,,,,,,,,,,,
29756,2019,11,6,22,30,4.800000000000001,0,0,0,0.9,,,,,,,,,,,,,,,,,,,,,,,,,,,,,,,,,,,,
29757,2019,11,6,22,45,4.7,0,0,0,0.9,,,,,,,,,,,,,,,,,,,,,,,,,,,,,,,,,,,,
29758,2019,11,6,23,0,4.6000000000000005,0,0,0,0.9,,,,,,,,,,,,,,,,,,,,,,,,,,,,,,,,,,,,
29759,2019,11,6,23,15,4.5,0,0,0,0.9,,,,,,,,,,,,,,,,,,,,,,,,,,,,,,,,,,,,
29760,2019,11,6,23,30,4.4,0,0,0,0.9,,,,,,,,,,,,,,,,,,,,,,,,,,,,,,,,,,,,
29761,2019,11,6,23,45,4.3,0,0,0,0.9,,,,,,,,,,,,,,,,,,,,,,,,,,,,,,,,,,,,
29762,2019,11,7,0,0,4.2,0,0,0,0.9,,,,,,,,,,,,,,,,,,,,,,,,,,,,,,,,,,,,
29763,2019,11,7,0,15,4.2,0,0,0,0.9,,,,,,,,,,,,,,,,,,,,,,,,,,,,,,,,,,,,
29764,2019,11,7,0,30,4.2,0,0,0,0.9,,,,,,,,,,,,,,,,,,,,,,,,,,,,,,,,,,,,
29765,2019,11,7,0,45,4.2,0,0,0,0.9,,,,,,,,,,,,,,,,,,,,,,,,,,,,,,,,,,,,
29766,2019,11,7,1,0,4.0,0,0,0,1.1,,,,,,,,,,,,,,,,,,,,,,,,,,,,,,,,,,,,
29767,2019,11,7,1,15,3.9,0,0,0,1.0,,,,,,,,,,,,,,,,,,,,,,,,,,,,,,,,,,,,
29768,2019,11,7,1,30,3.9,0,0,0,1.0,,,,,,,,,,,,,,,,,,,,,,,,,,,,,,,,,,,,
29769,2019,11,7,1,45,3.8,0,0,0,1.0,,,,,,,,,,,,,,,,,,,,,,,,,,,,,,,,,,,,
29770,2019,11,7,2,0,3.8,0,0,0,1.0,,,,,,,,,,,,,,,,,,,,,,,,,,,,,,,,,,,,
29771,2019,11,7,2,15,3.8,0,0,0,1.0,,,,,,,,,,,,,,,,,,,,,,,,,,,,,,,,,,,,
29772,2019,11,7,2,30,3.8,0,0,0,1.0,,,,,,,,,,,,,,,,,,,,,,,,,,,,,,,,,,,,
29773,2019,11,7,2,45,3.9,0,0,0,1.0,,,,,,,,,,,,,,,,,,,,,,,,,,,,,,,,,,,,
29774,2019,11,7,3,0,3.9,0,0,0,0.9,,,,,,,,,,,,,,,,,,,,,,,,,,,,,,,,,,,,
29775,2019,11,7,3,15,4.0,0,0,0,1.0,,,,,,,,,,,,,,,,,,,,,,,,,,,,,,,,,,,,
29776,2019,11,7,3,30,4.2,0,0,0,1.1,,,,,,,,,,,,,,,,,,,,,,,,,,,,,,,,,,,,
29777,2019,11,7,3,45,4.3,0,0,0,1.2000000000000002,,,,,,,,,,,,,,,,,,,,,,,,,,,,,,,,,,,,
29778,2019,11,7,4,0,4.4,0,0,0,1.3,,,,,,,,,,,,,,,,,,,,,,,,,,,,,,,,,,,,
29779,2019,11,7,4,15,4.4,0,0,0,1.3,,,,,,,,,,,,,,,,,,,,,,,,,,,,,,,,,,,,
29780,2019,11,7,4,30,4.4,0,0,0,1.3,,,,,,,,,,,,,,,,,,,,,,,,,,,,,,,,,,,,
29781,2019,11,7,4,45,4.4,0,0,0,1.4,,,,,,,,,,,,,,,,,,,,,,,,,,,,,,,,,,,,
29782,2019,11,7,5,0,4.5,0,0,0,1.4,,,,,,,,,,,,,,,,,,,,,,,,,,,,,,,,,,,,
29783,2019,11,7,5,15,4.4,0,0,0,1.4,,,,,,,,,,,,,,,,,,,,,,,,,,,,,,,,,,,,
29784,2019,11,7,5,30,4.4,0,0,0,1.3,,,,,,,,,,,,,,,,,,,,,,,,,,,,,,,,,,,,
29785,2019,11,7,5,45,4.4,0,0,0,1.3,,,,,,,,,,,,,,,,,,,,,,,,,,,,,,,,,,,,
29786,2019,11,7,6,0,4.4,0,0,0,1.3,,,,,,,,,,,,,,,,,,,,,,,,,,,,,,,,,,,,
29787,2019,11,7,6,15,4.4,0,0,0,1.3,,,,,,,,,,,,,,,,,,,,,,,,,,,,,,,,,,,,
29788,2019,11,7,6,30,4.3,0,0,0,1.3,,,,,,,,,,,,,,,,,,,,,,,,,,,,,,,,,,,,
29789,2019,11,7,6,45,4.3,0,0,0,1.4,,,,,,,,,,,,,,,,,,,,,,,,,,,,,,,,,,,,
29790,2019,11,7,7,0,4.3,0,0,0,1.4,,,,,,,,,,,,,,,,,,,,,,,,,,,,,,,,,,,,
29791,2019,11,7,7,15,4.5,0,0,0,1.5,,,,,,,,,,,,,,,,,,,,,,,,,,,,,,,,,,,,
29792,2019,11,7,7,30,4.6000000000000005,10,37,11,1.6,,,,,,,,,,,,,,,,,,,,,,,,,,,,,,,,,,,,
29793,2019,11,7,7,45,4.800000000000001,3,0,3,1.6,,,,,,,,,,,,,,,,,,,,,,,,,,,,,,,,,,,,
29794,2019,11,7,8,0,5.0,4,0,4,1.7000000000000002,,,,,,,,,,,,,,,,,,,,,,,,,,,,,,,,,,,,
29795,2019,11,7,8,15,5.300000000000001,6,0,6,1.9,,,,,,,,,,,,,,,,,,,,,,,,,,,,,,,,,,,,
29796,2019,11,7,8,30,5.6000000000000005,7,0,7,2.0,,,,,,,,,,,,,,,,,,,,,,,,,,,,,,,,,,,,
29797,2019,11,7,8,45,6.0,7,0,7,2.1,,,,,,,,,,,,,,,,,,,,,,,,,,,,,,,,,,,,
29798,2019,11,7,9,0,6.300000000000001,8,0,8,2.3000000000000003,,,,,,,,,,,,,,,,,,,,,,,,,,,,,,,,,,,,
29799,2019,11,7,9,15,6.7,13,0,13,2.4000000000000004,,,,,,,,,,,,,,,,,,,,,,,,,,,,,,,,,,,,
29800,2019,11,7,9,30,7.1000000000000005,15,0,15,2.5,,,,,,,,,,,,,,,,,,,,,,,,,,,,,,,,,,,,
29801,2019,11,7,9,45,7.5,17,0,17,2.5,,,,,,,,,,,,,,,,,,,,,,,,,,,,,,,,,,,,
29802,2019,11,7,10,0,8.0,18,0,18,2.6,,,,,,,,,,,,,,,,,,,,,,,,,,,,,,,,,,,,
29803,2019,11,7,10,15,8.4,20,0,20,2.7,,,,,,,,,,,,,,,,,,,,,,,,,,,,,,,,,,,,
29804,2019,11,7,10,30,8.8,21,0,21,2.8000000000000003,,,,,,,,,,,,,,,,,,,,,,,,,,,,,,,,,,,,
29805,2019,11,7,10,45,9.2,23,0,23,2.9000000000000004,,,,,,,,,,,,,,,,,,,,,,,,,,,,,,,,,,,,
29806,2019,11,7,11,0,9.6,24,0,24,3.0,,,,,,,,,,,,,,,,,,,,,,,,,,,,,,,,,,,,
29807,2019,11,7,11,15,10.0,25,0,25,3.1,,,,,,,,,,,,,,,,,,,,,,,,,,,,,,,,,,,,
29808,2019,11,7,11,30,10.3,25,0,25,3.2,,,,,,,,,,,,,,,,,,,,,,,,,,,,,,,,,,,,
29809,2019,11,7,11,45,10.6,26,0,26,3.2,,,,,,,,,,,,,,,,,,,,,,,,,,,,,,,,,,,,
29810,2019,11,7,12,0,10.9,82,709,348,3.3000000000000003,,,,,,,,,,,,,,,,,,,,,,,,,,,,,,,,,,,,
29811,2019,11,7,12,15,11.1,82,707,346,3.3000000000000003,,,,,,,,,,,,,,,,,,,,,,,,,,,,,,,,,,,,
29812,2019,11,7,12,30,11.3,81,704,341,3.4000000000000004,,,,,,,,,,,,,,,,,,,,,,,,,,,,,,,,,,,,
29813,2019,11,7,12,45,11.4,145,227,228,3.4000000000000004,,,,,,,,,,,,,,,,,,,,,,,,,,,,,,,,,,,,
29814,2019,11,7,13,0,11.6,137,265,230,3.5,,,,,,,,,,,,,,,,,,,,,,,,,,,,,,,,,,,,
29815,2019,11,7,13,15,11.6,140,147,190,3.5,,,,,,,,,,,,,,,,,,,,,,,,,,,,,,,,,,,,
29816,2019,11,7,13,30,11.6,125,34,136,3.5,,,,,,,,,,,,,,,,,,,,,,,,,,,,,,,,,,,,
29817,2019,11,7,13,45,11.6,47,0,47,3.4000000000000004,,,,,,,,,,,,,,,,,,,,,,,,,,,,,,,,,,,,
29818,2019,11,7,14,0,11.6,19,0,19,3.4000000000000004,,,,,,,,,,,,,,,,,,,,,,,,,,,,,,,,,,,,
29819,2019,11,7,14,15,11.3,48,0,48,3.1,,,,,,,,,,,,,,,,,,,,,,,,,,,,,,,,,,,,
29820,2019,11,7,14,30,11.1,42,0,42,2.8000000000000003,,,,,,,,,,,,,,,,,,,,,,,,,,,,,,,,,,,,
29821,2019,11,7,14,45,10.8,9,0,9,2.5,,,,,,,,,,,,,,,,,,,,,,,,,,,,,,,,,,,,
29822,2019,11,7,15,0,10.5,8,0,8,2.3000000000000003,,,,,,,,,,,,,,,,,,,,,,,,,,,,,,,,,,,,
29823,2019,11,7,15,15,9.9,7,0,7,2.1,,,,,,,,,,,,,,,,,,,,,,,,,,,,,,,,,,,,
29824,2019,11,7,15,30,9.3,6,0,6,2.0,,,,,,,,,,,,,,,,,,,,,,,,,,,,,,,,,,,,
29825,2019,11,7,15,45,8.8,6,0,6,1.9,,,,,,,,,,,,,,,,,,,,,,,,,,,,,,,,,,,,
29826,2019,11,7,16,0,8.200000000000001,5,0,5,1.8,,,,,,,,,,,,,,,,,,,,,,,,,,,,,,,,,,,,
29827,2019,11,7,16,15,7.9,3,0,3,1.9,,,,,,,,,,,,,,,,,,,,,,,,,,,,,,,,,,,,
29828,2019,11,7,16,30,7.6,0,0,0,2.0,,,,,,,,,,,,,,,,,,,,,,,,,,,,,,,,,,,,
29829,2019,11,7,16,45,7.300000000000001,0,0,0,2.1,,,,,,,,,,,,,,,,,,,,,,,,,,,,,,,,,,,,
29830,2019,11,7,17,0,7.0,0,0,0,2.2,,,,,,,,,,,,,,,,,,,,,,,,,,,,,,,,,,,,
29831,2019,11,7,17,15,7.1000000000000005,0,0,0,2.4000000000000004,,,,,,,,,,,,,,,,,,,,,,,,,,,,,,,,,,,,
29832,2019,11,7,17,30,7.2,0,0,0,2.6,,,,,,,,,,,,,,,,,,,,,,,,,,,,,,,,,,,,
29833,2019,11,7,17,45,7.2,0,0,0,2.8000000000000003,,,,,,,,,,,,,,,,,,,,,,,,,,,,,,,,,,,,
29834,2019,11,7,18,0,7.300000000000001,0,0,0,3.0,,,,,,,,,,,,,,,,,,,,,,,,,,,,,,,,,,,,
29835,2019,11,7,18,15,7.2,0,0,0,3.1,,,,,,,,,,,,,,,,,,,,,,,,,,,,,,,,,,,,
29836,2019,11,7,18,30,7.0,0,0,0,3.1,,,,,,,,,,,,,,,,,,,,,,,,,,,,,,,,,,,,
29837,2019,11,7,18,45,6.9,0,0,0,3.2,,,,,,,,,,,,,,,,,,,,,,,,,,,,,,,,,,,,
29838,2019,11,7,19,0,6.800000000000001,0,0,0,3.3000000000000003,,,,,,,,,,,,,,,,,,,,,,,,,,,,,,,,,,,,
29839,2019,11,7,19,15,6.7,0,0,0,3.2,,,,,,,,,,,,,,,,,,,,,,,,,,,,,,,,,,,,
29840,2019,11,7,19,30,6.5,0,0,0,3.2,,,,,,,,,,,,,,,,,,,,,,,,,,,,,,,,,,,,
29841,2019,11,7,19,45,6.4,0,0,0,3.2,,,,,,,,,,,,,,,,,,,,,,,,,,,,,,,,,,,,
29842,2019,11,7,20,0,6.2,0,0,0,3.2,,,,,,,,,,,,,,,,,,,,,,,,,,,,,,,,,,,,
29843,2019,11,7,20,15,6.1000000000000005,0,0,0,3.2,,,,,,,,,,,,,,,,,,,,,,,,,,,,,,,,,,,,
29844,2019,11,7,20,30,6.0,0,0,0,3.1,,,,,,,,,,,,,,,,,,,,,,,,,,,,,,,,,,,,
29845,2019,11,7,20,45,5.9,0,0,0,3.1,,,,,,,,,,,,,,,,,,,,,,,,,,,,,,,,,,,,
29846,2019,11,7,21,0,5.800000000000001,0,0,0,3.0,,,,,,,,,,,,,,,,,,,,,,,,,,,,,,,,,,,,
29847,2019,11,7,21,15,5.800000000000001,0,0,0,2.9000000000000004,,,,,,,,,,,,,,,,,,,,,,,,,,,,,,,,,,,,
29848,2019,11,7,21,30,5.7,0,0,0,2.8000000000000003,,,,,,,,,,,,,,,,,,,,,,,,,,,,,,,,,,,,
29849,2019,11,7,21,45,5.7,0,0,0,2.7,,,,,,,,,,,,,,,,,,,,,,,,,,,,,,,,,,,,
29850,2019,11,7,22,0,5.6000000000000005,0,0,0,2.6,,,,,,,,,,,,,,,,,,,,,,,,,,,,,,,,,,,,
29851,2019,11,7,22,15,5.6000000000000005,0,0,0,2.5,,,,,,,,,,,,,,,,,,,,,,,,,,,,,,,,,,,,
29852,2019,11,7,22,30,5.7,0,0,0,2.4000000000000004,,,,,,,,,,,,,,,,,,,,,,,,,,,,,,,,,,,,
29853,2019,11,7,22,45,5.7,0,0,0,2.3000000000000003,,,,,,,,,,,,,,,,,,,,,,,,,,,,,,,,,,,,
29854,2019,11,7,23,0,5.7,0,0,0,2.2,,,,,,,,,,,,,,,,,,,,,,,,,,,,,,,,,,,,
29855,2019,11,7,23,15,5.6000000000000005,0,0,0,2.1,,,,,,,,,,,,,,,,,,,,,,,,,,,,,,,,,,,,
29856,2019,11,7,23,30,5.5,0,0,0,1.9,,,,,,,,,,,,,,,,,,,,,,,,,,,,,,,,,,,,
29857,2019,11,7,23,45,5.5,0,0,0,1.8,,,,,,,,,,,,,,,,,,,,,,,,,,,,,,,,,,,,
29858,2019,11,8,0,0,5.4,0,0,0,1.7000000000000002,,,,,,,,,,,,,,,,,,,,,,,,,,,,,,,,,,,,
29859,2019,11,8,0,15,5.4,0,0,0,1.7000000000000002,,,,,,,,,,,,,,,,,,,,,,,,,,,,,,,,,,,,
29860,2019,11,8,0,30,5.4,0,0,0,1.7000000000000002,,,,,,,,,,,,,,,,,,,,,,,,,,,,,,,,,,,,
29861,2019,11,8,0,45,5.4,0,0,0,1.7000000000000002,,,,,,,,,,,,,,,,,,,,,,,,,,,,,,,,,,,,
29862,2019,11,8,1,0,5.0,0,0,0,1.3,,,,,,,,,,,,,,,,,,,,,,,,,,,,,,,,,,,,
29863,2019,11,8,1,15,4.9,0,0,0,1.3,,,,,,,,,,,,,,,,,,,,,,,,,,,,,,,,,,,,
29864,2019,11,8,1,30,4.800000000000001,0,0,0,1.3,,,,,,,,,,,,,,,,,,,,,,,,,,,,,,,,,,,,
29865,2019,11,8,1,45,4.7,0,0,0,1.2000000000000002,,,,,,,,,,,,,,,,,,,,,,,,,,,,,,,,,,,,
29866,2019,11,8,2,0,4.6000000000000005,0,0,0,1.2000000000000002,,,,,,,,,,,,,,,,,,,,,,,,,,,,,,,,,,,,
29867,2019,11,8,2,15,4.5,0,0,0,1.1,,,,,,,,,,,,,,,,,,,,,,,,,,,,,,,,,,,,
29868,2019,11,8,2,30,4.4,0,0,0,1.1,,,,,,,,,,,,,,,,,,,,,,,,,,,,,,,,,,,,
29869,2019,11,8,2,45,4.4,0,0,0,1.1,,,,,,,,,,,,,,,,,,,,,,,,,,,,,,,,,,,,
29870,2019,11,8,3,0,4.3,0,0,0,1.0,,,,,,,,,,,,,,,,,,,,,,,,,,,,,,,,,,,,
29871,2019,11,8,3,15,4.2,0,0,0,1.0,,,,,,,,,,,,,,,,,,,,,,,,,,,,,,,,,,,,
29872,2019,11,8,3,30,4.2,0,0,0,1.0,,,,,,,,,,,,,,,,,,,,,,,,,,,,,,,,,,,,
29873,2019,11,8,3,45,4.1000000000000005,0,0,0,1.0,,,,,,,,,,,,,,,,,,,,,,,,,,,,,,,,,,,,
29874,2019,11,8,4,0,4.1000000000000005,0,0,0,1.0,,,,,,,,,,,,,,,,,,,,,,,,,,,,,,,,,,,,
29875,2019,11,8,4,15,4.0,0,0,0,1.0,,,,,,,,,,,,,,,,,,,,,,,,,,,,,,,,,,,,
29876,2019,11,8,4,30,4.0,0,0,0,1.0,,,,,,,,,,,,,,,,,,,,,,,,,,,,,,,,,,,,
29877,2019,11,8,4,45,3.9,0,0,0,1.0,,,,,,,,,,,,,,,,,,,,,,,,,,,,,,,,,,,,
29878,2019,11,8,5,0,3.9,0,0,0,1.0,,,,,,,,,,,,,,,,,,,,,,,,,,,,,,,,,,,,
29879,2019,11,8,5,15,3.9,0,0,0,1.0,,,,,,,,,,,,,,,,,,,,,,,,,,,,,,,,,,,,
29880,2019,11,8,5,30,3.8,0,0,0,1.0,,,,,,,,,,,,,,,,,,,,,,,,,,,,,,,,,,,,
29881,2019,11,8,5,45,3.8,0,0,0,1.0,,,,,,,,,,,,,,,,,,,,,,,,,,,,,,,,,,,,
29882,2019,11,8,6,0,3.8,0,0,0,1.0,,,,,,,,,,,,,,,,,,,,,,,,,,,,,,,,,,,,
29883,2019,11,8,6,15,3.9,0,0,0,1.0,,,,,,,,,,,,,,,,,,,,,,,,,,,,,,,,,,,,
29884,2019,11,8,6,30,3.9,0,0,0,1.0,,,,,,,,,,,,,,,,,,,,,,,,,,,,,,,,,,,,
29885,2019,11,8,6,45,4.0,0,0,0,0.9,,,,,,,,,,,,,,,,,,,,,,,,,,,,,,,,,,,,
29886,2019,11,8,7,0,4.1000000000000005,0,0,0,0.9,,,,,,,,,,,,,,,,,,,,,,,,,,,,,,,,,,,,
29887,2019,11,8,7,15,4.3,0,0,0,0.9,,,,,,,,,,,,,,,,,,,,,,,,,,,,,,,,,,,,
29888,2019,11,8,7,30,4.6000000000000005,0,0,0,0.8,,,,,,,,,,,,,,,,,,,,,,,,,,,,,,,,,,,,
29889,2019,11,8,7,45,4.800000000000001,6,0,6,0.8,,,,,,,,,,,,,,,,,,,,,,,,,,,,,,,,,,,,
29890,2019,11,8,8,0,5.0,5,0,5,0.8,,,,,,,,,,,,,,,,,,,,,,,,,,,,,,,,,,,,
29891,2019,11,8,8,15,5.4,6,0,6,0.7000000000000001,,,,,,,,,,,,,,,,,,,,,,,,,,,,,,,,,,,,
29892,2019,11,8,8,30,5.7,7,0,7,0.7000000000000001,,,,,,,,,,,,,,,,,,,,,,,,,,,,,,,,,,,,
29893,2019,11,8,8,45,6.1000000000000005,7,0,7,0.6000000000000001,,,,,,,,,,,,,,,,,,,,,,,,,,,,,,,,,,,,
29894,2019,11,8,9,0,6.4,8,0,8,0.6000000000000001,,,,,,,,,,,,,,,,,,,,,,,,,,,,,,,,,,,,
29895,2019,11,8,9,15,6.6000000000000005,9,0,9,0.6000000000000001,,,,,,,,,,,,,,,,,,,,,,,,,,,,,,,,,,,,
29896,2019,11,8,9,30,6.800000000000001,10,0,10,0.7000000000000001,,,,,,,,,,,,,,,,,,,,,,,,,,,,,,,,,,,,
29897,2019,11,8,9,45,7.0,11,0,11,0.8,,,,,,,,,,,,,,,,,,,,,,,,,,,,,,,,,,,,
29898,2019,11,8,10,0,7.2,13,0,13,0.9,,,,,,,,,,,,,,,,,,,,,,,,,,,,,,,,,,,,
29899,2019,11,8,10,15,7.4,30,0,30,1.0,,,,,,,,,,,,,,,,,,,,,,,,,,,,,,,,,,,,
29900,2019,11,8,10,30,7.6,14,0,14,1.1,,,,,,,,,,,,,,,,,,,,,,,,,,,,,,,,,,,,
29901,2019,11,8,10,45,7.7,32,0,32,1.2000000000000002,,,,,,,,,,,,,,,,,,,,,,,,,,,,,,,,,,,,
29902,2019,11,8,11,0,7.9,26,0,26,1.3,,,,,,,,,,,,,,,,,,,,,,,,,,,,,,,,,,,,
29903,2019,11,8,11,15,8.0,33,0,33,1.4,,,,,,,,,,,,,,,,,,,,,,,,,,,,,,,,,,,,
29904,2019,11,8,11,30,8.1,33,0,33,1.5,,,,,,,,,,,,,,,,,,,,,,,,,,,,,,,,,,,,
29905,2019,11,8,11,45,8.200000000000001,16,0,16,1.6,,,,,,,,,,,,,,,,,,,,,,,,,,,,,,,,,,,,
29906,2019,11,8,12,0,8.3,36,0,36,1.7000000000000002,,,,,,,,,,,,,,,,,,,,,,,,,,,,,,,,,,,,
29907,2019,11,8,12,15,8.3,21,0,21,1.7000000000000002,,,,,,,,,,,,,,,,,,,,,,,,,,,,,,,,,,,,
29908,2019,11,8,12,30,8.200000000000001,16,0,16,1.7000000000000002,,,,,,,,,,,,,,,,,,,,,,,,,,,,,,,,,,,,
29909,2019,11,8,12,45,8.200000000000001,25,0,25,1.6,,,,,,,,,,,,,,,,,,,,,,,,,,,,,,,,,,,,
29910,2019,11,8,13,0,8.1,15,0,15,1.6,,,,,,,,,,,,,,,,,,,,,,,,,,,,,,,,,,,,
29911,2019,11,8,13,15,8.0,14,0,14,1.6,,,,,,,,,,,,,,,,,,,,,,,,,,,,,,,,,,,,
29912,2019,11,8,13,30,7.9,13,0,13,1.6,,,,,,,,,,,,,,,,,,,,,,,,,,,,,,,,,,,,
29913,2019,11,8,13,45,7.7,12,0,12,1.5,,,,,,,,,,,,,,,,,,,,,,,,,,,,,,,,,,,,
29914,2019,11,8,14,0,7.6,11,0,11,1.5,,,,,,,,,,,,,,,,,,,,,,,,,,,,,,,,,,,,
29915,2019,11,8,14,15,7.4,10,0,10,1.5,,,,,,,,,,,,,,,,,,,,,,,,,,,,,,,,,,,,
29916,2019,11,8,14,30,7.2,9,0,9,1.6,,,,,,,,,,,,,,,,,,,,,,,,,,,,,,,,,,,,
29917,2019,11,8,14,45,7.1000000000000005,9,0,9,1.6,,,,,,,,,,,,,,,,,,,,,,,,,,,,,,,,,,,,
29918,2019,11,8,15,0,6.9,8,0,8,1.6,,,,,,,,,,,,,,,,,,,,,,,,,,,,,,,,,,,,
29919,2019,11,8,15,15,6.7,7,0,7,1.7000000000000002,,,,,,,,,,,,,,,,,,,,,,,,,,,,,,,,,,,,
29920,2019,11,8,15,30,6.5,6,0,6,1.7000000000000002,,,,,,,,,,,,,,,,,,,,,,,,,,,,,,,,,,,,
29921,2019,11,8,15,45,6.4,5,0,5,1.8,,,,,,,,,,,,,,,,,,,,,,,,,,,,,,,,,,,,
29922,2019,11,8,16,0,6.2,4,0,4,1.8,,,,,,,,,,,,,,,,,,,,,,,,,,,,,,,,,,,,
29923,2019,11,8,16,15,6.1000000000000005,3,0,3,1.8,,,,,,,,,,,,,,,,,,,,,,,,,,,,,,,,,,,,
29924,2019,11,8,16,30,6.0,0,0,0,1.8,,,,,,,,,,,,,,,,,,,,,,,,,,,,,,,,,,,,
29925,2019,11,8,16,45,5.9,0,0,0,1.9,,,,,,,,,,,,,,,,,,,,,,,,,,,,,,,,,,,,
29926,2019,11,8,17,0,5.9,0,0,0,1.9,,,,,,,,,,,,,,,,,,,,,,,,,,,,,,,,,,,,
29927,2019,11,8,17,15,5.800000000000001,0,0,0,1.9,,,,,,,,,,,,,,,,,,,,,,,,,,,,,,,,,,,,
29928,2019,11,8,17,30,5.800000000000001,0,0,0,2.0,,,,,,,,,,,,,,,,,,,,,,,,,,,,,,,,,,,,
29929,2019,11,8,17,45,5.800000000000001,0,0,0,2.0,,,,,,,,,,,,,,,,,,,,,,,,,,,,,,,,,,,,
29930,2019,11,8,18,0,5.7,0,0,0,2.0,,,,,,,,,,,,,,,,,,,,,,,,,,,,,,,,,,,,
29931,2019,11,8,18,15,5.7,0,0,0,2.1,,,,,,,,,,,,,,,,,,,,,,,,,,,,,,,,,,,,
29932,2019,11,8,18,30,5.7,0,0,0,2.1,,,,,,,,,,,,,,,,,,,,,,,,,,,,,,,,,,,,
29933,2019,11,8,18,45,5.7,0,0,0,2.2,,,,,,,,,,,,,,,,,,,,,,,,,,,,,,,,,,,,
29934,2019,11,8,19,0,5.6000000000000005,0,0,0,2.2,,,,,,,,,,,,,,,,,,,,,,,,,,,,,,,,,,,,
29935,2019,11,8,19,15,5.6000000000000005,0,0,0,2.2,,,,,,,,,,,,,,,,,,,,,,,,,,,,,,,,,,,,
29936,2019,11,8,19,30,5.6000000000000005,0,0,0,2.3000000000000003,,,,,,,,,,,,,,,,,,,,,,,,,,,,,,,,,,,,
29937,2019,11,8,19,45,5.6000000000000005,0,0,0,2.4000000000000004,,,,,,,,,,,,,,,,,,,,,,,,,,,,,,,,,,,,
29938,2019,11,8,20,0,5.5,0,0,0,2.4000000000000004,,,,,,,,,,,,,,,,,,,,,,,,,,,,,,,,,,,,
29939,2019,11,8,20,15,5.5,0,0,0,2.4000000000000004,,,,,,,,,,,,,,,,,,,,,,,,,,,,,,,,,,,,
29940,2019,11,8,20,30,5.5,0,0,0,2.5,,,,,,,,,,,,,,,,,,,,,,,,,,,,,,,,,,,,
29941,2019,11,8,20,45,5.4,0,0,0,2.5,,,,,,,,,,,,,,,,,,,,,,,,,,,,,,,,,,,,
29942,2019,11,8,21,0,5.4,0,0,0,2.6,,,,,,,,,,,,,,,,,,,,,,,,,,,,,,,,,,,,
29943,2019,11,8,21,15,5.4,0,0,0,2.6,,,,,,,,,,,,,,,,,,,,,,,,,,,,,,,,,,,,
29944,2019,11,8,21,30,5.4,0,0,0,2.6,,,,,,,,,,,,,,,,,,,,,,,,,,,,,,,,,,,,
29945,2019,11,8,21,45,5.300000000000001,0,0,0,2.7,,,,,,,,,,,,,,,,,,,,,,,,,,,,,,,,,,,,
29946,2019,11,8,22,0,5.300000000000001,0,0,0,2.7,,,,,,,,,,,,,,,,,,,,,,,,,,,,,,,,,,,,
29947,2019,11,8,22,15,5.300000000000001,0,0,0,2.7,,,,,,,,,,,,,,,,,,,,,,,,,,,,,,,,,,,,
29948,2019,11,8,22,30,5.300000000000001,0,0,0,2.7,,,,,,,,,,,,,,,,,,,,,,,,,,,,,,,,,,,,
29949,2019,11,8,22,45,5.300000000000001,0,0,0,2.7,,,,,,,,,,,,,,,,,,,,,,,,,,,,,,,,,,,,
29950,2019,11,8,23,0,5.300000000000001,0,0,0,2.7,,,,,,,,,,,,,,,,,,,,,,,,,,,,,,,,,,,,
29951,2019,11,8,23,15,5.300000000000001,0,0,0,2.7,,,,,,,,,,,,,,,,,,,,,,,,,,,,,,,,,,,,
29952,2019,11,8,23,30,5.2,0,0,0,2.7,,,,,,,,,,,,,,,,,,,,,,,,,,,,,,,,,,,,
29953,2019,11,8,23,45,5.2,0,0,0,2.8000000000000003,,,,,,,,,,,,,,,,,,,,,,,,,,,,,,,,,,,,
29954,2019,11,9,0,0,5.2,0,0,0,2.8000000000000003,,,,,,,,,,,,,,,,,,,,,,,,,,,,,,,,,,,,
29955,2019,11,9,0,15,5.2,0,0,0,2.8000000000000003,,,,,,,,,,,,,,,,,,,,,,,,,,,,,,,,,,,,
29956,2019,11,9,0,30,5.2,0,0,0,2.8000000000000003,,,,,,,,,,,,,,,,,,,,,,,,,,,,,,,,,,,,
29957,2019,11,9,0,45,5.2,0,0,0,2.8000000000000003,,,,,,,,,,,,,,,,,,,,,,,,,,,,,,,,,,,,
29958,2019,11,9,1,0,5.1000000000000005,0,0,0,3.1,,,,,,,,,,,,,,,,,,,,,,,,,,,,,,,,,,,,
29959,2019,11,9,1,15,5.1000000000000005,0,0,0,3.1,,,,,,,,,,,,,,,,,,,,,,,,,,,,,,,,,,,,
29960,2019,11,9,1,30,5.0,0,0,0,3.1,,,,,,,,,,,,,,,,,,,,,,,,,,,,,,,,,,,,
29961,2019,11,9,1,45,5.0,0,0,0,3.1,,,,,,,,,,,,,,,,,,,,,,,,,,,,,,,,,,,,
29962,2019,11,9,2,0,5.0,0,0,0,3.1,,,,,,,,,,,,,,,,,,,,,,,,,,,,,,,,,,,,
29963,2019,11,9,2,15,4.9,0,0,0,3.1,,,,,,,,,,,,,,,,,,,,,,,,,,,,,,,,,,,,
29964,2019,11,9,2,30,4.9,0,0,0,3.1,,,,,,,,,,,,,,,,,,,,,,,,,,,,,,,,,,,,
29965,2019,11,9,2,45,4.9,0,0,0,3.0,,,,,,,,,,,,,,,,,,,,,,,,,,,,,,,,,,,,
29966,2019,11,9,3,0,4.800000000000001,0,0,0,3.0,,,,,,,,,,,,,,,,,,,,,,,,,,,,,,,,,,,,
29967,2019,11,9,3,15,4.800000000000001,0,0,0,2.9000000000000004,,,,,,,,,,,,,,,,,,,,,,,,,,,,,,,,,,,,
29968,2019,11,9,3,30,4.800000000000001,0,0,0,2.9000000000000004,,,,,,,,,,,,,,,,,,,,,,,,,,,,,,,,,,,,
29969,2019,11,9,3,45,4.7,0,0,0,2.9000000000000004,,,,,,,,,,,,,,,,,,,,,,,,,,,,,,,,,,,,
29970,2019,11,9,4,0,4.7,0,0,0,2.8000000000000003,,,,,,,,,,,,,,,,,,,,,,,,,,,,,,,,,,,,
29971,2019,11,9,4,15,4.7,0,0,0,2.8000000000000003,,,,,,,,,,,,,,,,,,,,,,,,,,,,,,,,,,,,
29972,2019,11,9,4,30,4.6000000000000005,0,0,0,2.9000000000000004,,,,,,,,,,,,,,,,,,,,,,,,,,,,,,,,,,,,
29973,2019,11,9,4,45,4.6000000000000005,0,0,0,2.9000000000000004,,,,,,,,,,,,,,,,,,,,,,,,,,,,,,,,,,,,
29974,2019,11,9,5,0,4.6000000000000005,0,0,0,2.9000000000000004,,,,,,,,,,,,,,,,,,,,,,,,,,,,,,,,,,,,
29975,2019,11,9,5,15,4.5,0,0,0,2.9000000000000004,,,,,,,,,,,,,,,,,,,,,,,,,,,,,,,,,,,,
29976,2019,11,9,5,30,4.5,0,0,0,2.9000000000000004,,,,,,,,,,,,,,,,,,,,,,,,,,,,,,,,,,,,
29977,2019,11,9,5,45,4.5,0,0,0,2.9000000000000004,,,,,,,,,,,,,,,,,,,,,,,,,,,,,,,,,,,,
29978,2019,11,9,6,0,4.4,0,0,0,2.9000000000000004,,,,,,,,,,,,,,,,,,,,,,,,,,,,,,,,,,,,
29979,2019,11,9,6,15,4.4,0,0,0,2.9000000000000004,,,,,,,,,,,,,,,,,,,,,,,,,,,,,,,,,,,,
29980,2019,11,9,6,30,4.4,0,0,0,2.8000000000000003,,,,,,,,,,,,,,,,,,,,,,,,,,,,,,,,,,,,
29981,2019,11,9,6,45,4.3,0,0,0,2.8000000000000003,,,,,,,,,,,,,,,,,,,,,,,,,,,,,,,,,,,,
29982,2019,11,9,7,0,4.3,0,0,0,2.8000000000000003,,,,,,,,,,,,,,,,,,,,,,,,,,,,,,,,,,,,
29983,2019,11,9,7,15,4.3,0,0,0,2.9000000000000004,,,,,,,,,,,,,,,,,,,,,,,,,,,,,,,,,,,,
29984,2019,11,9,7,30,4.4,0,0,0,2.9000000000000004,,,,,,,,,,,,,,,,,,,,,,,,,,,,,,,,,,,,
29985,2019,11,9,7,45,4.4,3,0,3,3.0,,,,,,,,,,,,,,,,,,,,,,,,,,,,,,,,,,,,
29986,2019,11,9,8,0,4.4,4,0,4,3.0,,,,,,,,,,,,,,,,,,,,,,,,,,,,,,,,,,,,
29987,2019,11,9,8,15,4.6000000000000005,5,0,5,3.0,,,,,,,,,,,,,,,,,,,,,,,,,,,,,,,,,,,,
29988,2019,11,9,8,30,4.7,7,0,7,3.1,,,,,,,,,,,,,,,,,,,,,,,,,,,,,,,,,,,,
29989,2019,11,9,8,45,4.800000000000001,9,0,9,3.1,,,,,,,,,,,,,,,,,,,,,,,,,,,,,,,,,,,,
29990,2019,11,9,9,0,5.0,11,0,11,3.2,,,,,,,,,,,,,,,,,,,,,,,,,,,,,,,,,,,,
29991,2019,11,9,9,15,5.2,12,0,12,3.2,,,,,,,,,,,,,,,,,,,,,,,,,,,,,,,,,,,,
29992,2019,11,9,9,30,5.5,14,0,14,3.2,,,,,,,,,,,,,,,,,,,,,,,,,,,,,,,,,,,,
29993,2019,11,9,9,45,5.7,16,0,16,3.2,,,,,,,,,,,,,,,,,,,,,,,,,,,,,,,,,,,,
29994,2019,11,9,10,0,6.0,18,0,18,3.2,,,,,,,,,,,,,,,,,,,,,,,,,,,,,,,,,,,,
29995,2019,11,9,10,15,6.300000000000001,117,35,128,3.2,,,,,,,,,,,,,,,,,,,,,,,,,,,,,,,,,,,,
29996,2019,11,9,10,30,6.5,125,40,138,3.2,,,,,,,,,,,,,,,,,,,,,,,,,,,,,,,,,,,,
29997,2019,11,9,10,45,6.800000000000001,22,0,22,3.2,,,,,,,,,,,,,,,,,,,,,,,,,,,,,,,,,,,,
29998,2019,11,9,11,0,7.1000000000000005,143,139,191,3.2,,,,,,,,,,,,,,,,,,,,,,,,,,,,,,,,,,,,
29999,2019,11,9,11,15,7.300000000000001,147,143,198,3.2,,,,,,,,,,,,,,,,,,,,,,,,,,,,,,,,,,,,
30000,2019,11,9,11,30,7.5,142,42,157,3.1,,,,,,,,,,,,,,,,,,,,,,,,,,,,,,,,,,,,
30001,2019,11,9,11,45,7.7,107,0,107,3.1,,,,,,,,,,,,,,,,,,,,,,,,,,,,,,,,,,,,
30002,2019,11,9,12,0,7.9,53,0,53,3.1,,,,,,,,,,,,,,,,,,,,,,,,,,,,,,,,,,,,
30003,2019,11,9,12,15,8.0,18,0,18,3.1,,,,,,,,,,,,,,,,,,,,,,,,,,,,,,,,,,,,
30004,2019,11,9,12,30,8.1,24,0,24,3.1,,,,,,,,,,,,,,,,,,,,,,,,,,,,,,,,,,,,
30005,2019,11,9,12,45,8.200000000000001,15,0,15,3.0,,,,,,,,,,,,,,,,,,,,,,,,,,,,,,,,,,,,
30006,2019,11,9,13,0,8.3,13,0,13,3.0,,,,,,,,,,,,,,,,,,,,,,,,,,,,,,,,,,,,
30007,2019,11,9,13,15,8.3,12,0,12,3.0,,,,,,,,,,,,,,,,,,,,,,,,,,,,,,,,,,,,
30008,2019,11,9,13,30,8.3,20,0,20,2.9000000000000004,,,,,,,,,,,,,,,,,,,,,,,,,,,,,,,,,,,,
30009,2019,11,9,13,45,8.4,19,0,19,2.8000000000000003,,,,,,,,,,,,,,,,,,,,,,,,,,,,,,,,,,,,
30010,2019,11,9,14,0,8.4,17,0,17,2.8000000000000003,,,,,,,,,,,,,,,,,,,,,,,,,,,,,,,,,,,,
30011,2019,11,9,14,15,8.200000000000001,15,0,15,2.5,,,,,,,,,,,,,,,,,,,,,,,,,,,,,,,,,,,,
30012,2019,11,9,14,30,8.0,13,0,13,2.2,,,,,,,,,,,,,,,,,,,,,,,,,,,,,,,,,,,,
30013,2019,11,9,14,45,7.800000000000001,12,0,12,1.9,,,,,,,,,,,,,,,,,,,,,,,,,,,,,,,,,,,,
30014,2019,11,9,15,0,7.7,10,0,10,1.6,,,,,,,,,,,,,,,,,,,,,,,,,,,,,,,,,,,,
30015,2019,11,9,15,15,7.1000000000000005,8,0,8,1.5,,,,,,,,,,,,,,,,,,,,,,,,,,,,,,,,,,,,
30016,2019,11,9,15,30,6.5,6,0,6,1.3,,,,,,,,,,,,,,,,,,,,,,,,,,,,,,,,,,,,
30017,2019,11,9,15,45,5.9,5,0,5,1.1,,,,,,,,,,,,,,,,,,,,,,,,,,,,,,,,,,,,
30018,2019,11,9,16,0,5.300000000000001,4,0,4,1.0,,,,,,,,,,,,,,,,,,,,,,,,,,,,,,,,,,,,
30019,2019,11,9,16,15,5.0,2,0,2,1.0,,,,,,,,,,,,,,,,,,,,,,,,,,,,,,,,,,,,
30020,2019,11,9,16,30,4.7,0,0,0,1.0,,,,,,,,,,,,,,,,,,,,,,,,,,,,,,,,,,,,
30021,2019,11,9,16,45,4.4,0,0,0,1.1,,,,,,,,,,,,,,,,,,,,,,,,,,,,,,,,,,,,
30022,2019,11,9,17,0,4.1000000000000005,0,0,0,1.1,,,,,,,,,,,,,,,,,,,,,,,,,,,,,,,,,,,,
30023,2019,11,9,17,15,4.0,0,0,0,1.2000000000000002,,,,,,,,,,,,,,,,,,,,,,,,,,,,,,,,,,,,
30024,2019,11,9,17,30,3.9,0,0,0,1.2000000000000002,,,,,,,,,,,,,,,,,,,,,,,,,,,,,,,,,,,,
30025,2019,11,9,17,45,3.8,0,0,0,1.2000000000000002,,,,,,,,,,,,,,,,,,,,,,,,,,,,,,,,,,,,
30026,2019,11,9,18,0,3.7,0,0,0,1.3,,,,,,,,,,,,,,,,,,,,,,,,,,,,,,,,,,,,
30027,2019,11,9,18,15,3.6,0,0,0,1.3,,,,,,,,,,,,,,,,,,,,,,,,,,,,,,,,,,,,
30028,2019,11,9,18,30,3.5,0,0,0,1.3,,,,,,,,,,,,,,,,,,,,,,,,,,,,,,,,,,,,
30029,2019,11,9,18,45,3.4000000000000004,0,0,0,1.4,,,,,,,,,,,,,,,,,,,,,,,,,,,,,,,,,,,,
30030,2019,11,9,19,0,3.3000000000000003,0,0,0,1.4,,,,,,,,,,,,,,,,,,,,,,,,,,,,,,,,,,,,
30031,2019,11,9,19,15,3.3000000000000003,0,0,0,1.4,,,,,,,,,,,,,,,,,,,,,,,,,,,,,,,,,,,,
30032,2019,11,9,19,30,3.2,0,0,0,1.4,,,,,,,,,,,,,,,,,,,,,,,,,,,,,,,,,,,,
30033,2019,11,9,19,45,3.2,0,0,0,1.5,,,,,,,,,,,,,,,,,,,,,,,,,,,,,,,,,,,,
30034,2019,11,9,20,0,3.1,0,0,0,1.5,,,,,,,,,,,,,,,,,,,,,,,,,,,,,,,,,,,,
30035,2019,11,9,20,15,3.0,0,0,0,1.5,,,,,,,,,,,,,,,,,,,,,,,,,,,,,,,,,,,,
30036,2019,11,9,20,30,3.0,0,0,0,1.4,,,,,,,,,,,,,,,,,,,,,,,,,,,,,,,,,,,,
30037,2019,11,9,20,45,2.9000000000000004,0,0,0,1.4,,,,,,,,,,,,,,,,,,,,,,,,,,,,,,,,,,,,
30038,2019,11,9,21,0,2.8000000000000003,0,0,0,1.4,,,,,,,,,,,,,,,,,,,,,,,,,,,,,,,,,,,,
30039,2019,11,9,21,15,2.7,0,0,0,1.4,,,,,,,,,,,,,,,,,,,,,,,,,,,,,,,,,,,,
30040,2019,11,9,21,30,2.6,0,0,0,1.3,,,,,,,,,,,,,,,,,,,,,,,,,,,,,,,,,,,,
30041,2019,11,9,21,45,2.6,0,0,0,1.3,,,,,,,,,,,,,,,,,,,,,,,,,,,,,,,,,,,,
30042,2019,11,9,22,0,2.5,0,0,0,1.3,,,,,,,,,,,,,,,,,,,,,,,,,,,,,,,,,,,,
30043,2019,11,9,22,15,2.4000000000000004,0,0,0,1.3,,,,,,,,,,,,,,,,,,,,,,,,,,,,,,,,,,,,
30044,2019,11,9,22,30,2.2,0,0,0,1.2000000000000002,,,,,,,,,,,,,,,,,,,,,,,,,,,,,,,,,,,,
30045,2019,11,9,22,45,2.1,0,0,0,1.2000000000000002,,,,,,,,,,,,,,,,,,,,,,,,,,,,,,,,,,,,
30046,2019,11,9,23,0,2.0,0,0,0,1.2000000000000002,,,,,,,,,,,,,,,,,,,,,,,,,,,,,,,,,,,,
30047,2019,11,9,23,15,1.8,0,0,0,1.2000000000000002,,,,,,,,,,,,,,,,,,,,,,,,,,,,,,,,,,,,
30048,2019,11,9,23,30,1.7000000000000002,0,0,0,1.1,,,,,,,,,,,,,,,,,,,,,,,,,,,,,,,,,,,,
30049,2019,11,9,23,45,1.5,0,0,0,1.1,,,,,,,,,,,,,,,,,,,,,,,,,,,,,,,,,,,,
30050,2019,11,10,0,0,1.4,0,0,0,1.1,,,,,,,,,,,,,,,,,,,,,,,,,,,,,,,,,,,,
30051,2019,11,10,0,15,1.4,0,0,0,1.1,,,,,,,,,,,,,,,,,,,,,,,,,,,,,,,,,,,,
30052,2019,11,10,0,30,1.4,0,0,0,1.1,,,,,,,,,,,,,,,,,,,,,,,,,,,,,,,,,,,,
30053,2019,11,10,0,45,1.4,0,0,0,1.1,,,,,,,,,,,,,,,,,,,,,,,,,,,,,,,,,,,,
30054,2019,11,10,1,0,0.7000000000000001,0,0,0,1.1,,,,,,,,,,,,,,,,,,,,,,,,,,,,,,,,,,,,
30055,2019,11,10,1,15,0.6000000000000001,0,0,0,1.1,,,,,,,,,,,,,,,,,,,,,,,,,,,,,,,,,,,,
30056,2019,11,10,1,30,0.5,0,0,0,1.1,,,,,,,,,,,,,,,,,,,,,,,,,,,,,,,,,,,,
30057,2019,11,10,1,45,0.4,0,0,0,1.1,,,,,,,,,,,,,,,,,,,,,,,,,,,,,,,,,,,,
30058,2019,11,10,2,0,0.3,0,0,0,1.1,,,,,,,,,,,,,,,,,,,,,,,,,,,,,,,,,,,,
30059,2019,11,10,2,15,0.2,0,0,0,1.1,,,,,,,,,,,,,,,,,,,,,,,,,,,,,,,,,,,,
30060,2019,11,10,2,30,0.1,0,0,0,1.1,,,,,,,,,,,,,,,,,,,,,,,,,,,,,,,,,,,,
30061,2019,11,10,2,45,0.0,0,0,0,1.1,,,,,,,,,,,,,,,,,,,,,,,,,,,,,,,,,,,,
30062,2019,11,10,3,0,-0.1,0,0,0,1.1,,,,,,,,,,,,,,,,,,,,,,,,,,,,,,,,,,,,
30063,2019,11,10,3,15,-0.1,0,0,0,1.1,,,,,,,,,,,,,,,,,,,,,,,,,,,,,,,,,,,,
30064,2019,11,10,3,30,-0.1,0,0,0,1.1,,,,,,,,,,,,,,,,,,,,,,,,,,,,,,,,,,,,
30065,2019,11,10,3,45,-0.1,0,0,0,1.0,,,,,,,,,,,,,,,,,,,,,,,,,,,,,,,,,,,,
30066,2019,11,10,4,0,-0.1,0,0,0,1.0,,,,,,,,,,,,,,,,,,,,,,,,,,,,,,,,,,,,
30067,2019,11,10,4,15,-0.1,0,0,0,1.1,,,,,,,,,,,,,,,,,,,,,,,,,,,,,,,,,,,,
30068,2019,11,10,4,30,0.0,0,0,0,1.1,,,,,,,,,,,,,,,,,,,,,,,,,,,,,,,,,,,,
30069,2019,11,10,4,45,0.0,0,0,0,1.2000000000000002,,,,,,,,,,,,,,,,,,,,,,,,,,,,,,,,,,,,
30070,2019,11,10,5,0,0.0,0,0,0,1.3,,,,,,,,,,,,,,,,,,,,,,,,,,,,,,,,,,,,
30071,2019,11,10,5,15,0.1,0,0,0,1.3,,,,,,,,,,,,,,,,,,,,,,,,,,,,,,,,,,,,
30072,2019,11,10,5,30,0.1,0,0,0,1.3,,,,,,,,,,,,,,,,,,,,,,,,,,,,,,,,,,,,
30073,2019,11,10,5,45,0.2,0,0,0,1.3,,,,,,,,,,,,,,,,,,,,,,,,,,,,,,,,,,,,
30074,2019,11,10,6,0,0.3,0,0,0,1.4,,,,,,,,,,,,,,,,,,,,,,,,,,,,,,,,,,,,
30075,2019,11,10,6,15,0.3,0,0,0,1.4,,,,,,,,,,,,,,,,,,,,,,,,,,,,,,,,,,,,
30076,2019,11,10,6,30,0.4,0,0,0,1.4,,,,,,,,,,,,,,,,,,,,,,,,,,,,,,,,,,,,
30077,2019,11,10,6,45,0.5,0,0,0,1.4,,,,,,,,,,,,,,,,,,,,,,,,,,,,,,,,,,,,
30078,2019,11,10,7,0,0.6000000000000001,0,0,0,1.4,,,,,,,,,,,,,,,,,,,,,,,,,,,,,,,,,,,,
30079,2019,11,10,7,15,0.8,0,0,0,1.5,,,,,,,,,,,,,,,,,,,,,,,,,,,,,,,,,,,,
30080,2019,11,10,7,30,1.0,0,0,0,1.6,,,,,,,,,,,,,,,,,,,,,,,,,,,,,,,,,,,,
30081,2019,11,10,7,45,1.1,18,161,24,1.7000000000000002,,,,,,,,,,,,,,,,,,,,,,,,,,,,,,,,,,,,
30082,2019,11,10,8,0,1.3,27,264,47,1.8,,,,,,,,,,,,,,,,,,,,,,,,,,,,,,,,,,,,
30083,2019,11,10,8,15,1.5,36,350,73,1.8,,,,,,,,,,,,,,,,,,,,,,,,,,,,,,,,,,,,
30084,2019,11,10,8,30,1.8,43,422,100,1.8,,,,,,,,,,,,,,,,,,,,,,,,,,,,,,,,,,,,
30085,2019,11,10,8,45,2.0,48,488,129,1.8,,,,,,,,,,,,,,,,,,,,,,,,,,,,,,,,,,,,
30086,2019,11,10,9,0,2.2,54,537,157,1.9,,,,,,,,,,,,,,,,,,,,,,,,,,,,,,,,,,,,
30087,2019,11,10,9,15,2.6,58,577,184,1.8,,,,,,,,,,,,,,,,,,,,,,,,,,,,,,,,,,,,
30088,2019,11,10,9,30,3.0,62,610,210,1.8,,,,,,,,,,,,,,,,,,,,,,,,,,,,,,,,,,,,
30089,2019,11,10,9,45,3.5,63,657,237,1.7000000000000002,,,,,,,,,,,,,,,,,,,,,,,,,,,,,,,,,,,,
30090,2019,11,10,10,0,3.9,66,680,260,1.7000000000000002,,,,,,,,,,,,,,,,,,,,,,,,,,,,,,,,,,,,
30091,2019,11,10,10,15,4.4,68,699,280,1.6,,,,,,,,,,,,,,,,,,,,,,,,,,,,,,,,,,,,
30092,2019,11,10,10,30,4.9,70,715,298,1.6,,,,,,,,,,,,,,,,,,,,,,,,,,,,,,,,,,,,
30093,2019,11,10,10,45,5.4,69,739,314,1.5,,,,,,,,,,,,,,,,,,,,,,,,,,,,,,,,,,,,
30094,2019,11,10,11,0,5.9,70,748,327,1.5,,,,,,,,,,,,,,,,,,,,,,,,,,,,,,,,,,,,
30095,2019,11,10,11,15,6.4,71,756,336,1.4,,,,,,,,,,,,,,,,,,,,,,,,,,,,,,,,,,,,
30096,2019,11,10,11,30,6.9,72,761,343,1.3,,,,,,,,,,,,,,,,,,,,,,,,,,,,,,,,,,,,
30097,2019,11,10,11,45,7.300000000000001,71,768,348,1.3,,,,,,,,,,,,,,,,,,,,,,,,,,,,,,,,,,,,
30098,2019,11,10,12,0,7.800000000000001,71,768,349,1.2000000000000002,,,,,,,,,,,,,,,,,,,,,,,,,,,,,,,,,,,,
30099,2019,11,10,12,15,8.0,71,767,347,1.1,,,,,,,,,,,,,,,,,,,,,,,,,,,,,,,,,,,,
30100,2019,11,10,12,30,8.1,71,763,342,1.1,,,,,,,,,,,,,,,,,,,,,,,,,,,,,,,,,,,,
30101,2019,11,10,12,45,8.3,71,751,333,1.0,,,,,,,,,,,,,,,,,,,,,,,,,,,,,,,,,,,,
30102,2019,11,10,13,0,8.4,70,743,322,0.9,,,,,,,,,,,,,,,,,,,,,,,,,,,,,,,,,,,,
30103,2019,11,10,13,15,8.4,69,732,309,0.9,,,,,,,,,,,,,,,,,,,,,,,,,,,,,,,,,,,,
30104,2019,11,10,13,30,8.4,68,719,293,0.8,,,,,,,,,,,,,,,,,,,,,,,,,,,,,,,,,,,,
30105,2019,11,10,13,45,8.3,67,693,273,0.7000000000000001,,,,,,,,,,,,,,,,,,,,,,,,,,,,,,,,,,,,
30106,2019,11,10,14,0,8.3,65,673,252,0.7000000000000001,,,,,,,,,,,,,,,,,,,,,,,,,,,,,,,,,,,,
30107,2019,11,10,14,15,8.1,62,648,229,0.6000000000000001,,,,,,,,,,,,,,,,,,,,,,,,,,,,,,,,,,,,
30108,2019,11,10,14,30,7.9,59,619,204,0.5,,,,,,,,,,,,,,,,,,,,,,,,,,,,,,,,,,,,
30109,2019,11,10,14,45,7.800000000000001,55,580,177,0.5,,,,,,,,,,,,,,,,,,,,,,,,,,,,,,,,,,,,
30110,2019,11,10,15,0,7.6,50,532,148,0.4,,,,,,,,,,,,,,,,,,,,,,,,,,,,,,,,,,,,
30111,2019,11,10,15,15,7.300000000000001,45,481,120,0.4,,,,,,,,,,,,,,,,,,,,,,,,,,,,,,,,,,,,
30112,2019,11,10,15,30,6.9,28,0,28,0.4,,,,,,,,,,,,,,,,,,,,,,,,,,,,,,,,,,,,
30113,2019,11,10,15,45,6.6000000000000005,20,0,20,0.4,,,,,,,,,,,,,,,,,,,,,,,,,,,,,,,,,,,,
30114,2019,11,10,16,0,6.300000000000001,12,0,12,0.5,,,,,,,,,,,,,,,,,,,,,,,,,,,,,,,,,,,,
30115,2019,11,10,16,15,6.0,5,0,5,0.5,,,,,,,,,,,,,,,,,,,,,,,,,,,,,,,,,,,,
30116,2019,11,10,16,30,5.800000000000001,0,0,0,0.5,,,,,,,,,,,,,,,,,,,,,,,,,,,,,,,,,,,,
30117,2019,11,10,16,45,5.5,0,0,0,0.5,,,,,,,,,,,,,,,,,,,,,,,,,,,,,,,,,,,,
30118,2019,11,10,17,0,5.2,0,0,0,0.5,,,,,,,,,,,,,,,,,,,,,,,,,,,,,,,,,,,,
30119,2019,11,10,17,15,5.0,0,0,0,0.6000000000000001,,,,,,,,,,,,,,,,,,,,,,,,,,,,,,,,,,,,
30120,2019,11,10,17,30,4.800000000000001,0,0,0,0.6000000000000001,,,,,,,,,,,,,,,,,,,,,,,,,,,,,,,,,,,,
30121,2019,11,10,17,45,4.5,0,0,0,0.7000000000000001,,,,,,,,,,,,,,,,,,,,,,,,,,,,,,,,,,,,
30122,2019,11,10,18,0,4.3,0,0,0,0.7000000000000001,,,,,,,,,,,,,,,,,,,,,,,,,,,,,,,,,,,,
30123,2019,11,10,18,15,4.0,0,0,0,0.8,,,,,,,,,,,,,,,,,,,,,,,,,,,,,,,,,,,,
30124,2019,11,10,18,30,3.7,0,0,0,0.8,,,,,,,,,,,,,,,,,,,,,,,,,,,,,,,,,,,,
30125,2019,11,10,18,45,3.4000000000000004,0,0,0,0.9,,,,,,,,,,,,,,,,,,,,,,,,,,,,,,,,,,,,
30126,2019,11,10,19,0,3.1,0,0,0,0.9,,,,,,,,,,,,,,,,,,,,,,,,,,,,,,,,,,,,
30127,2019,11,10,19,15,2.8000000000000003,0,0,0,1.0,,,,,,,,,,,,,,,,,,,,,,,,,,,,,,,,,,,,
30128,2019,11,10,19,30,2.5,0,0,0,1.0,,,,,,,,,,,,,,,,,,,,,,,,,,,,,,,,,,,,
30129,2019,11,10,19,45,2.2,0,0,0,1.1,,,,,,,,,,,,,,,,,,,,,,,,,,,,,,,,,,,,
30130,2019,11,10,20,0,1.8,0,0,0,1.1,,,,,,,,,,,,,,,,,,,,,,,,,,,,,,,,,,,,
30131,2019,11,10,20,15,1.5,0,0,0,1.1,,,,,,,,,,,,,,,,,,,,,,,,,,,,,,,,,,,,
30132,2019,11,10,20,30,1.2000000000000002,0,0,0,1.1,,,,,,,,,,,,,,,,,,,,,,,,,,,,,,,,,,,,
30133,2019,11,10,20,45,0.9,0,0,0,1.1,,,,,,,,,,,,,,,,,,,,,,,,,,,,,,,,,,,,
30134,2019,11,10,21,0,0.6000000000000001,0,0,0,1.2000000000000002,,,,,,,,,,,,,,,,,,,,,,,,,,,,,,,,,,,,
30135,2019,11,10,21,15,0.4,0,0,0,1.2000000000000002,,,,,,,,,,,,,,,,,,,,,,,,,,,,,,,,,,,,
30136,2019,11,10,21,30,0.2,0,0,0,1.2000000000000002,,,,,,,,,,,,,,,,,,,,,,,,,,,,,,,,,,,,
30137,2019,11,10,21,45,0.0,0,0,0,1.2000000000000002,,,,,,,,,,,,,,,,,,,,,,,,,,,,,,,,,,,,
30138,2019,11,10,22,0,-0.2,0,0,0,1.2000000000000002,,,,,,,,,,,,,,,,,,,,,,,,,,,,,,,,,,,,
30139,2019,11,10,22,15,-0.4,0,0,0,1.2000000000000002,,,,,,,,,,,,,,,,,,,,,,,,,,,,,,,,,,,,
30140,2019,11,10,22,30,-0.5,0,0,0,1.2000000000000002,,,,,,,,,,,,,,,,,,,,,,,,,,,,,,,,,,,,
30141,2019,11,10,22,45,-0.7000000000000001,0,0,0,1.2000000000000002,,,,,,,,,,,,,,,,,,,,,,,,,,,,,,,,,,,,
30142,2019,11,10,23,0,-0.8,0,0,0,1.2000000000000002,,,,,,,,,,,,,,,,,,,,,,,,,,,,,,,,,,,,
30143,2019,11,10,23,15,-0.9,0,0,0,1.3,,,,,,,,,,,,,,,,,,,,,,,,,,,,,,,,,,,,
30144,2019,11,10,23,30,-1.0,0,0,0,1.3,,,,,,,,,,,,,,,,,,,,,,,,,,,,,,,,,,,,
30145,2019,11,10,23,45,-1.1,0,0,0,1.3,,,,,,,,,,,,,,,,,,,,,,,,,,,,,,,,,,,,
30146,2019,11,11,0,0,-1.3,0,0,0,1.3,,,,,,,,,,,,,,,,,,,,,,,,,,,,,,,,,,,,
30147,2019,11,11,0,15,-1.3,0,0,0,1.3,,,,,,,,,,,,,,,,,,,,,,,,,,,,,,,,,,,,
30148,2019,11,11,0,30,-1.3,0,0,0,1.3,,,,,,,,,,,,,,,,,,,,,,,,,,,,,,,,,,,,
30149,2019,11,11,0,45,-1.3,0,0,0,1.3,,,,,,,,,,,,,,,,,,,,,,,,,,,,,,,,,,,,
30150,2019,11,11,1,0,-1.7000000000000002,0,0,0,1.3,,,,,,,,,,,,,,,,,,,,,,,,,,,,,,,,,,,,
30151,2019,11,11,1,15,-1.8,0,0,0,1.3,,,,,,,,,,,,,,,,,,,,,,,,,,,,,,,,,,,,
30152,2019,11,11,1,30,-1.9,0,0,0,1.3,,,,,,,,,,,,,,,,,,,,,,,,,,,,,,,,,,,,
30153,2019,11,11,1,45,-2.0,0,0,0,1.3,,,,,,,,,,,,,,,,,,,,,,,,,,,,,,,,,,,,
30154,2019,11,11,2,0,-2.0,0,0,0,1.3,,,,,,,,,,,,,,,,,,,,,,,,,,,,,,,,,,,,
30155,2019,11,11,2,15,-2.0,0,0,0,1.4,,,,,,,,,,,,,,,,,,,,,,,,,,,,,,,,,,,,
30156,2019,11,11,2,30,-2.0,0,0,0,1.4,,,,,,,,,,,,,,,,,,,,,,,,,,,,,,,,,,,,
30157,2019,11,11,2,45,-2.0,0,0,0,1.5,,,,,,,,,,,,,,,,,,,,,,,,,,,,,,,,,,,,
30158,2019,11,11,3,0,-1.9,0,0,0,1.5,,,,,,,,,,,,,,,,,,,,,,,,,,,,,,,,,,,,
30159,2019,11,11,3,15,-1.8,0,0,0,1.6,,,,,,,,,,,,,,,,,,,,,,,,,,,,,,,,,,,,
30160,2019,11,11,3,30,-1.6,0,0,0,1.8,,,,,,,,,,,,,,,,,,,,,,,,,,,,,,,,,,,,
30161,2019,11,11,3,45,-1.5,0,0,0,1.9,,,,,,,,,,,,,,,,,,,,,,,,,,,,,,,,,,,,
30162,2019,11,11,4,0,-1.3,0,0,0,2.0,,,,,,,,,,,,,,,,,,,,,,,,,,,,,,,,,,,,
30163,2019,11,11,4,15,-1.2000000000000002,0,0,0,2.2,,,,,,,,,,,,,,,,,,,,,,,,,,,,,,,,,,,,
30164,2019,11,11,4,30,-1.1,0,0,0,2.3000000000000003,,,,,,,,,,,,,,,,,,,,,,,,,,,,,,,,,,,,
30165,2019,11,11,4,45,-1.0,0,0,0,2.4000000000000004,,,,,,,,,,,,,,,,,,,,,,,,,,,,,,,,,,,,
30166,2019,11,11,5,0,-0.9,0,0,0,2.6,,,,,,,,,,,,,,,,,,,,,,,,,,,,,,,,,,,,
30167,2019,11,11,5,15,-0.9,0,0,0,2.6,,,,,,,,,,,,,,,,,,,,,,,,,,,,,,,,,,,,
30168,2019,11,11,5,30,-0.9,0,0,0,2.6,,,,,,,,,,,,,,,,,,,,,,,,,,,,,,,,,,,,
30169,2019,11,11,5,45,-0.9,0,0,0,2.7,,,,,,,,,,,,,,,,,,,,,,,,,,,,,,,,,,,,
30170,2019,11,11,6,0,-0.9,0,0,0,2.7,,,,,,,,,,,,,,,,,,,,,,,,,,,,,,,,,,,,
30171,2019,11,11,6,15,-1.0,0,0,0,2.7,,,,,,,,,,,,,,,,,,,,,,,,,,,,,,,,,,,,
30172,2019,11,11,6,30,-1.0,0,0,0,2.7,,,,,,,,,,,,,,,,,,,,,,,,,,,,,,,,,,,,
30173,2019,11,11,6,45,-1.1,0,0,0,2.7,,,,,,,,,,,,,,,,,,,,,,,,,,,,,,,,,,,,
30174,2019,11,11,7,0,-1.2000000000000002,0,0,0,2.7,,,,,,,,,,,,,,,,,,,,,,,,,,,,,,,,,,,,
30175,2019,11,11,7,15,-1.1,0,0,0,2.9000000000000004,,,,,,,,,,,,,,,,,,,,,,,,,,,,,,,,,,,,
30176,2019,11,11,7,30,-1.0,0,0,0,3.1,,,,,,,,,,,,,,,,,,,,,,,,,,,,,,,,,,,,
30177,2019,11,11,7,45,-0.9,16,216,24,3.3000000000000003,,,,,,,,,,,,,,,,,,,,,,,,,,,,,,,,,,,,
30178,2019,11,11,8,0,-0.8,24,331,47,3.5,,,,,,,,,,,,,,,,,,,,,,,,,,,,,,,,,,,,
30179,2019,11,11,8,15,-0.5,22,0,22,3.5,,,,,,,,,,,,,,,,,,,,,,,,,,,,,,,,,,,,
30180,2019,11,11,8,30,-0.2,31,0,31,3.6,,,,,,,,,,,,,,,,,,,,,,,,,,,,,,,,,,,,
30181,2019,11,11,8,45,0.1,40,0,40,3.7,,,,,,,,,,,,,,,,,,,,,,,,,,,,,,,,,,,,
30182,2019,11,11,9,0,0.4,46,612,161,3.7,,,,,,,,,,,,,,,,,,,,,,,,,,,,,,,,,,,,
30183,2019,11,11,9,15,0.9,61,0,61,3.8,,,,,,,,,,,,,,,,,,,,,,,,,,,,,,,,,,,,
30184,2019,11,11,9,30,1.3,53,683,215,3.8,,,,,,,,,,,,,,,,,,,,,,,,,,,,,,,,,,,,
30185,2019,11,11,9,45,1.7000000000000002,81,0,81,3.8,,,,,,,,,,,,,,,,,,,,,,,,,,,,,,,,,,,,
30186,2019,11,11,10,0,2.2,91,0,91,3.9,,,,,,,,,,,,,,,,,,,,,,,,,,,,,,,,,,,,
30187,2019,11,11,10,15,2.6,108,14,112,3.9,,,,,,,,,,,,,,,,,,,,,,,,,,,,,,,,,,,,
30188,2019,11,11,10,30,3.0,120,35,131,3.9,,,,,,,,,,,,,,,,,,,,,,,,,,,,,,,,,,,,
30189,2019,11,11,10,45,3.5,133,99,166,3.9,,,,,,,,,,,,,,,,,,,,,,,,,,,,,,,,,,,,
30190,2019,11,11,11,0,3.9,138,89,168,3.9,,,,,,,,,,,,,,,,,,,,,,,,,,,,,,,,,,,,
30191,2019,11,11,11,15,4.2,124,347,244,3.9,,,,,,,,,,,,,,,,,,,,,,,,,,,,,,,,,,,,
30192,2019,11,11,11,30,4.6000000000000005,139,240,224,3.9,,,,,,,,,,,,,,,,,,,,,,,,,,,,,,,,,,,,
30193,2019,11,11,11,45,4.9,134,302,241,3.9,,,,,,,,,,,,,,,,,,,,,,,,,,,,,,,,,,,,
30194,2019,11,11,12,0,5.300000000000001,128,346,252,3.9,,,,,,,,,,,,,,,,,,,,,,,,,,,,,,,,,,,,
30195,2019,11,11,12,15,5.4,127,354,252,3.9,,,,,,,,,,,,,,,,,,,,,,,,,,,,,,,,,,,,
30196,2019,11,11,12,30,5.6000000000000005,144,161,201,3.9,,,,,,,,,,,,,,,,,,,,,,,,,,,,,,,,,,,,
30197,2019,11,11,12,45,5.7,142,117,182,3.8,,,,,,,,,,,,,,,,,,,,,,,,,,,,,,,,,,,,
30198,2019,11,11,13,0,5.9,135,74,160,3.8,,,,,,,,,,,,,,,,,,,,,,,,,,,,,,,,,,,,
30199,2019,11,11,13,15,5.9,113,4,114,3.8,,,,,,,,,,,,,,,,,,,,,,,,,,,,,,,,,,,,
30200,2019,11,11,13,30,5.9,103,0,103,3.7,,,,,,,,,,,,,,,,,,,,,,,,,,,,,,,,,,,,
30201,2019,11,11,13,45,5.9,104,313,195,3.6,,,,,,,,,,,,,,,,,,,,,,,,,,,,,,,,,,,,
30202,2019,11,11,14,0,5.9,104,225,165,3.6,,,,,,,,,,,,,,,,,,,,,,,,,,,,,,,,,,,,
30203,2019,11,11,14,15,5.6000000000000005,95,211,149,3.3000000000000003,,,,,,,,,,,,,,,,,,,,,,,,,,,,,,,,,,,,
30204,2019,11,11,14,30,5.4,67,0,67,3.0,,,,,,,,,,,,,,,,,,,,,,,,,,,,,,,,,,,,
30205,2019,11,11,14,45,5.1000000000000005,56,0,56,2.8000000000000003,,,,,,,,,,,,,,,,,,,,,,,,,,,,,,,,,,,,
30206,2019,11,11,15,0,4.9,46,566,148,2.5,,,,,,,,,,,,,,,,,,,,,,,,,,,,,,,,,,,,
30207,2019,11,11,15,15,4.1000000000000005,42,515,120,2.3000000000000003,,,,,,,,,,,,,,,,,,,,,,,,,,,,,,,,,,,,
30208,2019,11,11,15,30,3.3000000000000003,36,452,91,2.0,,,,,,,,,,,,,,,,,,,,,,,,,,,,,,,,,,,,
30209,2019,11,11,15,45,2.5,30,372,63,1.8,,,,,,,,,,,,,,,,,,,,,,,,,,,,,,,,,,,,
30210,2019,11,11,16,0,1.7000000000000002,21,272,38,1.5,,,,,,,,,,,,,,,,,,,,,,,,,,,,,,,,,,,,
30211,2019,11,11,16,15,1.4,4,0,4,1.6,,,,,,,,,,,,,,,,,,,,,,,,,,,,,,,,,,,,
30212,2019,11,11,16,30,1.2000000000000002,0,0,0,1.7000000000000002,,,,,,,,,,,,,,,,,,,,,,,,,,,,,,,,,,,,
30213,2019,11,11,16,45,0.9,0,0,0,1.7000000000000002,,,,,,,,,,,,,,,,,,,,,,,,,,,,,,,,,,,,
30214,2019,11,11,17,0,0.6000000000000001,0,0,0,1.8,,,,,,,,,,,,,,,,,,,,,,,,,,,,,,,,,,,,
30215,2019,11,11,17,15,0.7000000000000001,0,0,0,2.0,,,,,,,,,,,,,,,,,,,,,,,,,,,,,,,,,,,,
30216,2019,11,11,17,30,0.8,0,0,0,2.1,,,,,,,,,,,,,,,,,,,,,,,,,,,,,,,,,,,,
30217,2019,11,11,17,45,0.9,0,0,0,2.3000000000000003,,,,,,,,,,,,,,,,,,,,,,,,,,,,,,,,,,,,
30218,2019,11,11,18,0,1.0,0,0,0,2.5,,,,,,,,,,,,,,,,,,,,,,,,,,,,,,,,,,,,
30219,2019,11,11,18,15,1.1,0,0,0,2.6,,,,,,,,,,,,,,,,,,,,,,,,,,,,,,,,,,,,
30220,2019,11,11,18,30,1.1,0,0,0,2.7,,,,,,,,,,,,,,,,,,,,,,,,,,,,,,,,,,,,
30221,2019,11,11,18,45,1.2000000000000002,0,0,0,2.9000000000000004,,,,,,,,,,,,,,,,,,,,,,,,,,,,,,,,,,,,
30222,2019,11,11,19,0,1.2000000000000002,0,0,0,3.0,,,,,,,,,,,,,,,,,,,,,,,,,,,,,,,,,,,,
30223,2019,11,11,19,15,1.2000000000000002,0,0,0,3.0,,,,,,,,,,,,,,,,,,,,,,,,,,,,,,,,,,,,
30224,2019,11,11,19,30,1.1,0,0,0,3.0,,,,,,,,,,,,,,,,,,,,,,,,,,,,,,,,,,,,
30225,2019,11,11,19,45,1.1,0,0,0,3.1,,,,,,,,,,,,,,,,,,,,,,,,,,,,,,,,,,,,
30226,2019,11,11,20,0,1.1,0,0,0,3.1,,,,,,,,,,,,,,,,,,,,,,,,,,,,,,,,,,,,
30227,2019,11,11,20,15,1.1,0,0,0,3.1,,,,,,,,,,,,,,,,,,,,,,,,,,,,,,,,,,,,
30228,2019,11,11,20,30,1.1,0,0,0,3.2,,,,,,,,,,,,,,,,,,,,,,,,,,,,,,,,,,,,
30229,2019,11,11,20,45,1.1,0,0,0,3.2,,,,,,,,,,,,,,,,,,,,,,,,,,,,,,,,,,,,
30230,2019,11,11,21,0,1.1,0,0,0,3.3000000000000003,,,,,,,,,,,,,,,,,,,,,,,,,,,,,,,,,,,,
30231,2019,11,11,21,15,1.1,0,0,0,3.2,,,,,,,,,,,,,,,,,,,,,,,,,,,,,,,,,,,,
30232,2019,11,11,21,30,1.1,0,0,0,3.2,,,,,,,,,,,,,,,,,,,,,,,,,,,,,,,,,,,,
30233,2019,11,11,21,45,1.1,0,0,0,3.2,,,,,,,,,,,,,,,,,,,,,,,,,,,,,,,,,,,,
30234,2019,11,11,22,0,1.1,0,0,0,3.2,,,,,,,,,,,,,,,,,,,,,,,,,,,,,,,,,,,,
30235,2019,11,11,22,15,1.1,0,0,0,3.1,,,,,,,,,,,,,,,,,,,,,,,,,,,,,,,,,,,,
30236,2019,11,11,22,30,1.2000000000000002,0,0,0,3.1,,,,,,,,,,,,,,,,,,,,,,,,,,,,,,,,,,,,
30237,2019,11,11,22,45,1.2000000000000002,0,0,0,3.1,,,,,,,,,,,,,,,,,,,,,,,,,,,,,,,,,,,,
30238,2019,11,11,23,0,1.2000000000000002,0,0,0,3.0,,,,,,,,,,,,,,,,,,,,,,,,,,,,,,,,,,,,
30239,2019,11,11,23,15,1.2000000000000002,0,0,0,3.0,,,,,,,,,,,,,,,,,,,,,,,,,,,,,,,,,,,,
30240,2019,11,11,23,30,1.2000000000000002,0,0,0,3.0,,,,,,,,,,,,,,,,,,,,,,,,,,,,,,,,,,,,
30241,2019,11,11,23,45,1.2000000000000002,0,0,0,3.0,,,,,,,,,,,,,,,,,,,,,,,,,,,,,,,,,,,,
30242,2019,11,12,0,0,1.2000000000000002,0,0,0,3.0,,,,,,,,,,,,,,,,,,,,,,,,,,,,,,,,,,,,
30243,2019,11,12,0,15,1.2000000000000002,0,0,0,3.0,,,,,,,,,,,,,,,,,,,,,,,,,,,,,,,,,,,,
30244,2019,11,12,0,30,1.2000000000000002,0,0,0,3.0,,,,,,,,,,,,,,,,,,,,,,,,,,,,,,,,,,,,
30245,2019,11,12,0,45,1.2000000000000002,0,0,0,3.0,,,,,,,,,,,,,,,,,,,,,,,,,,,,,,,,,,,,
30246,2019,11,12,1,0,1.2000000000000002,0,0,0,3.0,,,,,,,,,,,,,,,,,,,,,,,,,,,,,,,,,,,,
30247,2019,11,12,1,15,1.2000000000000002,0,0,0,3.0,,,,,,,,,,,,,,,,,,,,,,,,,,,,,,,,,,,,
30248,2019,11,12,1,30,1.2000000000000002,0,0,0,3.0,,,,,,,,,,,,,,,,,,,,,,,,,,,,,,,,,,,,
30249,2019,11,12,1,45,1.2000000000000002,0,0,0,3.1,,,,,,,,,,,,,,,,,,,,,,,,,,,,,,,,,,,,
30250,2019,11,12,2,0,1.2000000000000002,0,0,0,3.1,,,,,,,,,,,,,,,,,,,,,,,,,,,,,,,,,,,,
30251,2019,11,12,2,15,1.2000000000000002,0,0,0,3.0,,,,,,,,,,,,,,,,,,,,,,,,,,,,,,,,,,,,
30252,2019,11,12,2,30,1.1,0,0,0,3.0,,,,,,,,,,,,,,,,,,,,,,,,,,,,,,,,,,,,
30253,2019,11,12,2,45,1.1,0,0,0,3.0,,,,,,,,,,,,,,,,,,,,,,,,,,,,,,,,,,,,
30254,2019,11,12,3,0,1.1,0,0,0,3.0,,,,,,,,,,,,,,,,,,,,,,,,,,,,,,,,,,,,
30255,2019,11,12,3,15,1.1,0,0,0,3.0,,,,,,,,,,,,,,,,,,,,,,,,,,,,,,,,,,,,
30256,2019,11,12,3,30,1.1,0,0,0,3.0,,,,,,,,,,,,,,,,,,,,,,,,,,,,,,,,,,,,
30257,2019,11,12,3,45,1.0,0,0,0,3.0,,,,,,,,,,,,,,,,,,,,,,,,,,,,,,,,,,,,
30258,2019,11,12,4,0,1.0,0,0,0,2.9000000000000004,,,,,,,,,,,,,,,,,,,,,,,,,,,,,,,,,,,,
30259,2019,11,12,4,15,1.0,0,0,0,2.9000000000000004,,,,,,,,,,,,,,,,,,,,,,,,,,,,,,,,,,,,
30260,2019,11,12,4,30,1.0,0,0,0,2.9000000000000004,,,,,,,,,,,,,,,,,,,,,,,,,,,,,,,,,,,,
30261,2019,11,12,4,45,0.9,0,0,0,2.8000000000000003,,,,,,,,,,,,,,,,,,,,,,,,,,,,,,,,,,,,
30262,2019,11,12,5,0,0.9,0,0,0,2.8000000000000003,,,,,,,,,,,,,,,,,,,,,,,,,,,,,,,,,,,,
30263,2019,11,12,5,15,0.9,0,0,0,2.8000000000000003,,,,,,,,,,,,,,,,,,,,,,,,,,,,,,,,,,,,
30264,2019,11,12,5,30,0.9,0,0,0,2.9000000000000004,,,,,,,,,,,,,,,,,,,,,,,,,,,,,,,,,,,,
30265,2019,11,12,5,45,0.9,0,0,0,2.9000000000000004,,,,,,,,,,,,,,,,,,,,,,,,,,,,,,,,,,,,
30266,2019,11,12,6,0,0.9,0,0,0,2.9000000000000004,,,,,,,,,,,,,,,,,,,,,,,,,,,,,,,,,,,,
30267,2019,11,12,6,15,0.8,0,0,0,2.9000000000000004,,,,,,,,,,,,,,,,,,,,,,,,,,,,,,,,,,,,
30268,2019,11,12,6,30,0.7000000000000001,0,0,0,2.9000000000000004,,,,,,,,,,,,,,,,,,,,,,,,,,,,,,,,,,,,
30269,2019,11,12,6,45,0.7000000000000001,0,0,0,2.9000000000000004,,,,,,,,,,,,,,,,,,,,,,,,,,,,,,,,,,,,
30270,2019,11,12,7,0,0.6000000000000001,0,0,0,2.9000000000000004,,,,,,,,,,,,,,,,,,,,,,,,,,,,,,,,,,,,
30271,2019,11,12,7,15,0.8,0,0,0,3.0,,,,,,,,,,,,,,,,,,,,,,,,,,,,,,,,,,,,
30272,2019,11,12,7,30,1.1,0,0,0,3.1,,,,,,,,,,,,,,,,,,,,,,,,,,,,,,,,,,,,
30273,2019,11,12,7,45,1.3,3,0,3,3.1,,,,,,,,,,,,,,,,,,,,,,,,,,,,,,,,,,,,
30274,2019,11,12,8,0,1.6,6,0,6,3.2,,,,,,,,,,,,,,,,,,,,,,,,,,,,,,,,,,,,
30275,2019,11,12,8,15,2.1,9,0,9,3.4000000000000004,,,,,,,,,,,,,,,,,,,,,,,,,,,,,,,,,,,,
30276,2019,11,12,8,30,2.6,40,422,93,3.5,,,,,,,,,,,,,,,,,,,,,,,,,,,,,,,,,,,,
30277,2019,11,12,8,45,3.1,46,477,121,3.6,,,,,,,,,,,,,,,,,,,,,,,,,,,,,,,,,,,,
30278,2019,11,12,9,0,3.6,51,529,149,3.7,,,,,,,,,,,,,,,,,,,,,,,,,,,,,,,,,,,,
30279,2019,11,12,9,15,4.2,22,0,22,3.8,,,,,,,,,,,,,,,,,,,,,,,,,,,,,,,,,,,,
30280,2019,11,12,9,30,4.7,60,607,202,4.0,,,,,,,,,,,,,,,,,,,,,,,,,,,,,,,,,,,,
30281,2019,11,12,9,45,5.2,65,618,224,4.1000000000000005,,,,,,,,,,,,,,,,,,,,,,,,,,,,,,,,,,,,
30282,2019,11,12,10,0,5.7,68,643,246,4.2,,,,,,,,,,,,,,,,,,,,,,,,,,,,,,,,,,,,
30283,2019,11,12,10,15,6.1000000000000005,36,0,36,4.4,,,,,,,,,,,,,,,,,,,,,,,,,,,,,,,,,,,,
30284,2019,11,12,10,30,6.6000000000000005,39,0,39,4.5,,,,,,,,,,,,,,,,,,,,,,,,,,,,,,,,,,,,
30285,2019,11,12,10,45,7.0,42,0,42,4.7,,,,,,,,,,,,,,,,,,,,,,,,,,,,,,,,,,,,
30286,2019,11,12,11,0,7.4,44,0,44,4.800000000000001,,,,,,,,,,,,,,,,,,,,,,,,,,,,,,,,,,,,
30287,2019,11,12,11,15,7.6,46,0,46,4.800000000000001,,,,,,,,,,,,,,,,,,,,,,,,,,,,,,,,,,,,
30288,2019,11,12,11,30,7.800000000000001,47,0,47,4.800000000000001,,,,,,,,,,,,,,,,,,,,,,,,,,,,,,,,,,,,
30289,2019,11,12,11,45,8.0,48,0,48,4.800000000000001,,,,,,,,,,,,,,,,,,,,,,,,,,,,,,,,,,,,
30290,2019,11,12,12,0,8.200000000000001,48,0,48,4.800000000000001,,,,,,,,,,,,,,,,,,,,,,,,,,,,,,,,,,,,
30291,2019,11,12,12,15,8.3,47,0,47,4.800000000000001,,,,,,,,,,,,,,,,,,,,,,,,,,,,,,,,,,,,
30292,2019,11,12,12,30,8.3,37,0,37,4.800000000000001,,,,,,,,,,,,,,,,,,,,,,,,,,,,,,,,,,,,
30293,2019,11,12,12,45,8.4,36,0,36,4.7,,,,,,,,,,,,,,,,,,,,,,,,,,,,,,,,,,,,
30294,2019,11,12,13,0,8.5,21,0,21,4.7,,,,,,,,,,,,,,,,,,,,,,,,,,,,,,,,,,,,
30295,2019,11,12,13,15,8.4,20,0,20,4.6000000000000005,,,,,,,,,,,,,,,,,,,,,,,,,,,,,,,,,,,,
30296,2019,11,12,13,30,8.4,20,0,20,4.5,,,,,,,,,,,,,,,,,,,,,,,,,,,,,,,,,,,,
30297,2019,11,12,13,45,8.3,18,0,18,4.4,,,,,,,,,,,,,,,,,,,,,,,,,,,,,,,,,,,,
30298,2019,11,12,14,0,8.3,16,0,16,4.3,,,,,,,,,,,,,,,,,,,,,,,,,,,,,,,,,,,,
30299,2019,11,12,14,15,8.0,14,0,14,4.1000000000000005,,,,,,,,,,,,,,,,,,,,,,,,,,,,,,,,,,,,
30300,2019,11,12,14,30,7.7,13,0,13,3.8,,,,,,,,,,,,,,,,,,,,,,,,,,,,,,,,,,,,
30301,2019,11,12,14,45,7.4,56,546,167,3.5,,,,,,,,,,,,,,,,,,,,,,,,,,,,,,,,,,,,
30302,2019,11,12,15,0,7.2,52,499,140,3.3000000000000003,,,,,,,,,,,,,,,,,,,,,,,,,,,,,,,,,,,,
30303,2019,11,12,15,15,6.4,46,443,112,3.0,,,,,,,,,,,,,,,,,,,,,,,,,,,,,,,,,,,,
30304,2019,11,12,15,30,5.7,40,373,84,2.7,,,,,,,,,,,,,,,,,,,,,,,,,,,,,,,,,,,,
30305,2019,11,12,15,45,4.9,31,304,58,2.4000000000000004,,,,,,,,,,,,,,,,,,,,,,,,,,,,,,,,,,,,
30306,2019,11,12,16,0,4.2,23,201,34,2.2,,,,,,,,,,,,,,,,,,,,,,,,,,,,,,,,,,,,
30307,2019,11,12,16,15,3.9,13,84,15,2.2,,,,,,,,,,,,,,,,,,,,,,,,,,,,,,,,,,,,
30308,2019,11,12,16,30,3.6,0,0,0,2.2,,,,,,,,,,,,,,,,,,,,,,,,,,,,,,,,,,,,
30309,2019,11,12,16,45,3.3000000000000003,0,0,0,2.2,,,,,,,,,,,,,,,,,,,,,,,,,,,,,,,,,,,,
30310,2019,11,12,17,0,3.0,0,0,0,2.2,,,,,,,,,,,,,,,,,,,,,,,,,,,,,,,,,,,,
30311,2019,11,12,17,15,2.9000000000000004,0,0,0,2.2,,,,,,,,,,,,,,,,,,,,,,,,,,,,,,,,,,,,
30312,2019,11,12,17,30,2.8000000000000003,0,0,0,2.3000000000000003,,,,,,,,,,,,,,,,,,,,,,,,,,,,,,,,,,,,
30313,2019,11,12,17,45,2.7,0,0,0,2.3000000000000003,,,,,,,,,,,,,,,,,,,,,,,,,,,,,,,,,,,,
30314,2019,11,12,18,0,2.6,0,0,0,2.3000000000000003,,,,,,,,,,,,,,,,,,,,,,,,,,,,,,,,,,,,
30315,2019,11,12,18,15,2.6,0,0,0,2.4000000000000004,,,,,,,,,,,,,,,,,,,,,,,,,,,,,,,,,,,,
30316,2019,11,12,18,30,2.5,0,0,0,2.5,,,,,,,,,,,,,,,,,,,,,,,,,,,,,,,,,,,,
30317,2019,11,12,18,45,2.5,0,0,0,2.5,,,,,,,,,,,,,,,,,,,,,,,,,,,,,,,,,,,,
30318,2019,11,12,19,0,2.5,0,0,0,2.6,,,,,,,,,,,,,,,,,,,,,,,,,,,,,,,,,,,,
30319,2019,11,12,19,15,2.4000000000000004,0,0,0,2.6,,,,,,,,,,,,,,,,,,,,,,,,,,,,,,,,,,,,
30320,2019,11,12,19,30,2.4000000000000004,0,0,0,2.6,,,,,,,,,,,,,,,,,,,,,,,,,,,,,,,,,,,,
30321,2019,11,12,19,45,2.4000000000000004,0,0,0,2.6,,,,,,,,,,,,,,,,,,,,,,,,,,,,,,,,,,,,
30322,2019,11,12,20,0,2.4000000000000004,0,0,0,2.6,,,,,,,,,,,,,,,,,,,,,,,,,,,,,,,,,,,,
30323,2019,11,12,20,15,2.4000000000000004,0,0,0,2.6,,,,,,,,,,,,,,,,,,,,,,,,,,,,,,,,,,,,
30324,2019,11,12,20,30,2.5,0,0,0,2.5,,,,,,,,,,,,,,,,,,,,,,,,,,,,,,,,,,,,
30325,2019,11,12,20,45,2.5,0,0,0,2.5,,,,,,,,,,,,,,,,,,,,,,,,,,,,,,,,,,,,
30326,2019,11,12,21,0,2.5,0,0,0,2.5,,,,,,,,,,,,,,,,,,,,,,,,,,,,,,,,,,,,
30327,2019,11,12,21,15,2.5,0,0,0,2.4000000000000004,,,,,,,,,,,,,,,,,,,,,,,,,,,,,,,,,,,,
30328,2019,11,12,21,30,2.5,0,0,0,2.4000000000000004,,,,,,,,,,,,,,,,,,,,,,,,,,,,,,,,,,,,
30329,2019,11,12,21,45,2.5,0,0,0,2.3000000000000003,,,,,,,,,,,,,,,,,,,,,,,,,,,,,,,,,,,,
30330,2019,11,12,22,0,2.5,0,0,0,2.2,,,,,,,,,,,,,,,,,,,,,,,,,,,,,,,,,,,,
30331,2019,11,12,22,15,2.4000000000000004,0,0,0,2.1,,,,,,,,,,,,,,,,,,,,,,,,,,,,,,,,,,,,
30332,2019,11,12,22,30,2.3000000000000003,0,0,0,2.0,,,,,,,,,,,,,,,,,,,,,,,,,,,,,,,,,,,,
30333,2019,11,12,22,45,2.2,0,0,0,1.9,,,,,,,,,,,,,,,,,,,,,,,,,,,,,,,,,,,,
30334,2019,11,12,23,0,2.2,0,0,0,1.8,,,,,,,,,,,,,,,,,,,,,,,,,,,,,,,,,,,,
30335,2019,11,12,23,15,2.1,0,0,0,1.8,,,,,,,,,,,,,,,,,,,,,,,,,,,,,,,,,,,,
30336,2019,11,12,23,30,2.0,0,0,0,1.7000000000000002,,,,,,,,,,,,,,,,,,,,,,,,,,,,,,,,,,,,
30337,2019,11,12,23,45,1.9,0,0,0,1.7000000000000002,,,,,,,,,,,,,,,,,,,,,,,,,,,,,,,,,,,,
30338,2019,11,13,0,0,1.8,0,0,0,1.6,,,,,,,,,,,,,,,,,,,,,,,,,,,,,,,,,,,,
30339,2019,11,13,0,15,1.8,0,0,0,1.6,,,,,,,,,,,,,,,,,,,,,,,,,,,,,,,,,,,,
30340,2019,11,13,0,30,1.8,0,0,0,1.6,,,,,,,,,,,,,,,,,,,,,,,,,,,,,,,,,,,,
30341,2019,11,13,0,45,1.8,0,0,0,1.6,,,,,,,,,,,,,,,,,,,,,,,,,,,,,,,,,,,,
30342,2019,11,13,1,0,1.7000000000000002,0,0,0,1.5,,,,,,,,,,,,,,,,,,,,,,,,,,,,,,,,,,,,
30343,2019,11,13,1,15,1.6,0,0,0,1.5,,,,,,,,,,,,,,,,,,,,,,,,,,,,,,,,,,,,
30344,2019,11,13,1,30,1.6,0,0,0,1.5,,,,,,,,,,,,,,,,,,,,,,,,,,,,,,,,,,,,
30345,2019,11,13,1,45,1.6,0,0,0,1.5,,,,,,,,,,,,,,,,,,,,,,,,,,,,,,,,,,,,
30346,2019,11,13,2,0,1.5,0,0,0,1.5,,,,,,,,,,,,,,,,,,,,,,,,,,,,,,,,,,,,
30347,2019,11,13,2,15,1.5,0,0,0,1.5,,,,,,,,,,,,,,,,,,,,,,,,,,,,,,,,,,,,
30348,2019,11,13,2,30,1.4,0,0,0,1.4,,,,,,,,,,,,,,,,,,,,,,,,,,,,,,,,,,,,
30349,2019,11,13,2,45,1.4,0,0,0,1.4,,,,,,,,,,,,,,,,,,,,,,,,,,,,,,,,,,,,
30350,2019,11,13,3,0,1.4,0,0,0,1.4,,,,,,,,,,,,,,,,,,,,,,,,,,,,,,,,,,,,
30351,2019,11,13,3,15,1.3,0,0,0,1.4,,,,,,,,,,,,,,,,,,,,,,,,,,,,,,,,,,,,
30352,2019,11,13,3,30,1.3,0,0,0,1.4,,,,,,,,,,,,,,,,,,,,,,,,,,,,,,,,,,,,
30353,2019,11,13,3,45,1.3,0,0,0,1.4,,,,,,,,,,,,,,,,,,,,,,,,,,,,,,,,,,,,
30354,2019,11,13,4,0,1.2000000000000002,0,0,0,1.4,,,,,,,,,,,,,,,,,,,,,,,,,,,,,,,,,,,,
30355,2019,11,13,4,15,1.2000000000000002,0,0,0,1.4,,,,,,,,,,,,,,,,,,,,,,,,,,,,,,,,,,,,
30356,2019,11,13,4,30,1.2000000000000002,0,0,0,1.4,,,,,,,,,,,,,,,,,,,,,,,,,,,,,,,,,,,,
30357,2019,11,13,4,45,1.1,0,0,0,1.4,,,,,,,,,,,,,,,,,,,,,,,,,,,,,,,,,,,,
30358,2019,11,13,5,0,1.1,0,0,0,1.4,,,,,,,,,,,,,,,,,,,,,,,,,,,,,,,,,,,,
30359,2019,11,13,5,15,1.0,0,0,0,1.4,,,,,,,,,,,,,,,,,,,,,,,,,,,,,,,,,,,,
30360,2019,11,13,5,30,1.0,0,0,0,1.4,,,,,,,,,,,,,,,,,,,,,,,,,,,,,,,,,,,,
30361,2019,11,13,5,45,0.9,0,0,0,1.4,,,,,,,,,,,,,,,,,,,,,,,,,,,,,,,,,,,,
30362,2019,11,13,6,0,0.9,0,0,0,1.5,,,,,,,,,,,,,,,,,,,,,,,,,,,,,,,,,,,,
30363,2019,11,13,6,15,0.9,0,0,0,1.5,,,,,,,,,,,,,,,,,,,,,,,,,,,,,,,,,,,,
30364,2019,11,13,6,30,0.9,0,0,0,1.5,,,,,,,,,,,,,,,,,,,,,,,,,,,,,,,,,,,,
30365,2019,11,13,6,45,0.9,0,0,0,1.6,,,,,,,,,,,,,,,,,,,,,,,,,,,,,,,,,,,,
30366,2019,11,13,7,0,0.9,0,0,0,1.6,,,,,,,,,,,,,,,,,,,,,,,,,,,,,,,,,,,,
30367,2019,11,13,7,15,1.1,0,0,0,1.7000000000000002,,,,,,,,,,,,,,,,,,,,,,,,,,,,,,,,,,,,
30368,2019,11,13,7,30,1.4,0,0,0,1.8,,,,,,,,,,,,,,,,,,,,,,,,,,,,,,,,,,,,
30369,2019,11,13,7,45,1.6,2,0,2,1.9,,,,,,,,,,,,,,,,,,,,,,,,,,,,,,,,,,,,
30370,2019,11,13,8,0,1.9,9,0,9,2.0,,,,,,,,,,,,,,,,,,,,,,,,,,,,,,,,,,,,
30371,2019,11,13,8,15,2.3000000000000003,12,0,12,2.2,,,,,,,,,,,,,,,,,,,,,,,,,,,,,,,,,,,,
30372,2019,11,13,8,30,2.6,15,0,15,2.4000000000000004,,,,,,,,,,,,,,,,,,,,,,,,,,,,,,,,,,,,
30373,2019,11,13,8,45,3.0,18,0,18,2.6,,,,,,,,,,,,,,,,,,,,,,,,,,,,,,,,,,,,
30374,2019,11,13,9,0,3.3000000000000003,21,0,21,2.8000000000000003,,,,,,,,,,,,,,,,,,,,,,,,,,,,,,,,,,,,
30375,2019,11,13,9,15,3.5,25,0,25,2.8000000000000003,,,,,,,,,,,,,,,,,,,,,,,,,,,,,,,,,,,,
30376,2019,11,13,9,30,3.8,28,0,28,2.8000000000000003,,,,,,,,,,,,,,,,,,,,,,,,,,,,,,,,,,,,
30377,2019,11,13,9,45,4.0,31,0,31,2.9000000000000004,,,,,,,,,,,,,,,,,,,,,,,,,,,,,,,,,,,,
30378,2019,11,13,10,0,4.2,35,0,35,2.9000000000000004,,,,,,,,,,,,,,,,,,,,,,,,,,,,,,,,,,,,
30379,2019,11,13,10,15,4.4,43,0,43,3.0,,,,,,,,,,,,,,,,,,,,,,,,,,,,,,,,,,,,
30380,2019,11,13,10,30,4.7,31,0,31,3.0,,,,,,,,,,,,,,,,,,,,,,,,,,,,,,,,,,,,
30381,2019,11,13,10,45,4.9,41,0,41,3.0,,,,,,,,,,,,,,,,,,,,,,,,,,,,,,,,,,,,
30382,2019,11,13,11,0,5.1000000000000005,50,0,50,3.1,,,,,,,,,,,,,,,,,,,,,,,,,,,,,,,,,,,,
30383,2019,11,13,11,15,5.300000000000001,38,0,38,3.2,,,,,,,,,,,,,,,,,,,,,,,,,,,,,,,,,,,,
30384,2019,11,13,11,30,5.5,34,0,34,3.3000000000000003,,,,,,,,,,,,,,,,,,,,,,,,,,,,,,,,,,,,
30385,2019,11,13,11,45,5.7,21,0,21,3.3000000000000003,,,,,,,,,,,,,,,,,,,,,,,,,,,,,,,,,,,,
30386,2019,11,13,12,0,5.800000000000001,142,83,171,3.4000000000000004,,,,,,,,,,,,,,,,,,,,,,,,,,,,,,,,,,,,
30387,2019,11,13,12,15,5.9,142,162,198,3.4000000000000004,,,,,,,,,,,,,,,,,,,,,,,,,,,,,,,,,,,,
30388,2019,11,13,12,30,6.1000000000000005,139,77,165,3.4000000000000004,,,,,,,,,,,,,,,,,,,,,,,,,,,,,,,,,,,,
30389,2019,11,13,12,45,6.2,63,0,63,3.4000000000000004,,,,,,,,,,,,,,,,,,,,,,,,,,,,,,,,,,,,
30390,2019,11,13,13,0,6.300000000000001,59,0,59,3.3000000000000003,,,,,,,,,,,,,,,,,,,,,,,,,,,,,,,,,,,,
30391,2019,11,13,13,15,6.300000000000001,41,0,41,3.2,,,,,,,,,,,,,,,,,,,,,,,,,,,,,,,,,,,,
30392,2019,11,13,13,30,6.2,39,0,39,3.1,,,,,,,,,,,,,,,,,,,,,,,,,,,,,,,,,,,,
30393,2019,11,13,13,45,6.2,97,0,97,2.9000000000000004,,,,,,,,,,,,,,,,,,,,,,,,,,,,,,,,,,,,
30394,2019,11,13,14,0,6.2,41,0,41,2.8000000000000003,,,,,,,,,,,,,,,,,,,,,,,,,,,,,,,,,,,,
30395,2019,11,13,14,15,5.9,95,158,134,2.5,,,,,,,,,,,,,,,,,,,,,,,,,,,,,,,,,,,,
30396,2019,11,13,14,30,5.7,85,141,116,2.3000000000000003,,,,,,,,,,,,,,,,,,,,,,,,,,,,,,,,,,,,
30397,2019,11,13,14,45,5.4,29,0,29,2.0,,,,,,,,,,,,,,,,,,,,,,,,,,,,,,,,,,,,
30398,2019,11,13,15,0,5.2,64,100,81,1.8,,,,,,,,,,,,,,,,,,,,,,,,,,,,,,,,,,,,
30399,2019,11,13,15,15,4.800000000000001,52,77,63,1.7000000000000002,,,,,,,,,,,,,,,,,,,,,,,,,,,,,,,,,,,,
30400,2019,11,13,15,30,4.3,40,52,46,1.7000000000000002,,,,,,,,,,,,,,,,,,,,,,,,,,,,,,,,,,,,
30401,2019,11,13,15,45,3.9,13,0,13,1.6,,,,,,,,,,,,,,,,,,,,,,,,,,,,,,,,,,,,
30402,2019,11,13,16,0,3.5,16,0,16,1.5,,,,,,,,,,,,,,,,,,,,,,,,,,,,,,,,,,,,
30403,2019,11,13,16,15,3.4000000000000004,12,74,13,1.5,,,,,,,,,,,,,,,,,,,,,,,,,,,,,,,,,,,,
30404,2019,11,13,16,30,3.2,0,0,0,1.6,,,,,,,,,,,,,,,,,,,,,,,,,,,,,,,,,,,,
30405,2019,11,13,16,45,3.0,0,0,0,1.6,,,,,,,,,,,,,,,,,,,,,,,,,,,,,,,,,,,,
30406,2019,11,13,17,0,2.8000000000000003,0,0,0,1.6,,,,,,,,,,,,,,,,,,,,,,,,,,,,,,,,,,,,
30407,2019,11,13,17,15,2.7,0,0,0,1.6,,,,,,,,,,,,,,,,,,,,,,,,,,,,,,,,,,,,
30408,2019,11,13,17,30,2.5,0,0,0,1.6,,,,,,,,,,,,,,,,,,,,,,,,,,,,,,,,,,,,
30409,2019,11,13,17,45,2.4000000000000004,0,0,0,1.7000000000000002,,,,,,,,,,,,,,,,,,,,,,,,,,,,,,,,,,,,
30410,2019,11,13,18,0,2.3000000000000003,0,0,0,1.7000000000000002,,,,,,,,,,,,,,,,,,,,,,,,,,,,,,,,,,,,
30411,2019,11,13,18,15,2.2,0,0,0,1.7000000000000002,,,,,,,,,,,,,,,,,,,,,,,,,,,,,,,,,,,,
30412,2019,11,13,18,30,2.0,0,0,0,1.7000000000000002,,,,,,,,,,,,,,,,,,,,,,,,,,,,,,,,,,,,
30413,2019,11,13,18,45,1.9,0,0,0,1.7000000000000002,,,,,,,,,,,,,,,,,,,,,,,,,,,,,,,,,,,,
30414,2019,11,13,19,0,1.8,0,0,0,1.7000000000000002,,,,,,,,,,,,,,,,,,,,,,,,,,,,,,,,,,,,
30415,2019,11,13,19,15,1.7000000000000002,0,0,0,1.7000000000000002,,,,,,,,,,,,,,,,,,,,,,,,,,,,,,,,,,,,
30416,2019,11,13,19,30,1.6,0,0,0,1.7000000000000002,,,,,,,,,,,,,,,,,,,,,,,,,,,,,,,,,,,,
30417,2019,11,13,19,45,1.5,0,0,0,1.8,,,,,,,,,,,,,,,,,,,,,,,,,,,,,,,,,,,,
30418,2019,11,13,20,0,1.4,0,0,0,1.8,,,,,,,,,,,,,,,,,,,,,,,,,,,,,,,,,,,,
30419,2019,11,13,20,15,1.3,0,0,0,1.8,,,,,,,,,,,,,,,,,,,,,,,,,,,,,,,,,,,,
30420,2019,11,13,20,30,1.2000000000000002,0,0,0,1.8,,,,,,,,,,,,,,,,,,,,,,,,,,,,,,,,,,,,
30421,2019,11,13,20,45,1.1,0,0,0,1.8,,,,,,,,,,,,,,,,,,,,,,,,,,,,,,,,,,,,
30422,2019,11,13,21,0,1.1,0,0,0,1.8,,,,,,,,,,,,,,,,,,,,,,,,,,,,,,,,,,,,
30423,2019,11,13,21,15,1.0,0,0,0,1.8,,,,,,,,,,,,,,,,,,,,,,,,,,,,,,,,,,,,
30424,2019,11,13,21,30,1.0,0,0,0,1.8,,,,,,,,,,,,,,,,,,,,,,,,,,,,,,,,,,,,
30425,2019,11,13,21,45,1.0,0,0,0,1.8,,,,,,,,,,,,,,,,,,,,,,,,,,,,,,,,,,,,
30426,2019,11,13,22,0,0.9,0,0,0,1.8,,,,,,,,,,,,,,,,,,,,,,,,,,,,,,,,,,,,
30427,2019,11,13,22,15,0.9,0,0,0,1.8,,,,,,,,,,,,,,,,,,,,,,,,,,,,,,,,,,,,
30428,2019,11,13,22,30,0.9,0,0,0,1.8,,,,,,,,,,,,,,,,,,,,,,,,,,,,,,,,,,,,
30429,2019,11,13,22,45,0.9,0,0,0,1.8,,,,,,,,,,,,,,,,,,,,,,,,,,,,,,,,,,,,
30430,2019,11,13,23,0,0.8,0,0,0,1.8,,,,,,,,,,,,,,,,,,,,,,,,,,,,,,,,,,,,
30431,2019,11,13,23,15,0.8,0,0,0,1.8,,,,,,,,,,,,,,,,,,,,,,,,,,,,,,,,,,,,
30432,2019,11,13,23,30,0.8,0,0,0,1.8,,,,,,,,,,,,,,,,,,,,,,,,,,,,,,,,,,,,
30433,2019,11,13,23,45,0.8,0,0,0,1.8,,,,,,,,,,,,,,,,,,,,,,,,,,,,,,,,,,,,
30434,2019,11,14,0,0,0.8,0,0,0,1.8,,,,,,,,,,,,,,,,,,,,,,,,,,,,,,,,,,,,
30435,2019,11,14,0,15,0.8,0,0,0,1.8,,,,,,,,,,,,,,,,,,,,,,,,,,,,,,,,,,,,
30436,2019,11,14,0,30,0.8,0,0,0,1.8,,,,,,,,,,,,,,,,,,,,,,,,,,,,,,,,,,,,
30437,2019,11,14,0,45,0.8,0,0,0,1.8,,,,,,,,,,,,,,,,,,,,,,,,,,,,,,,,,,,,
30438,2019,11,14,1,0,0.7000000000000001,0,0,0,1.7000000000000002,,,,,,,,,,,,,,,,,,,,,,,,,,,,,,,,,,,,
30439,2019,11,14,1,15,0.7000000000000001,0,0,0,1.7000000000000002,,,,,,,,,,,,,,,,,,,,,,,,,,,,,,,,,,,,
30440,2019,11,14,1,30,0.7000000000000001,0,0,0,1.7000000000000002,,,,,,,,,,,,,,,,,,,,,,,,,,,,,,,,,,,,
30441,2019,11,14,1,45,0.7000000000000001,0,0,0,1.6,,,,,,,,,,,,,,,,,,,,,,,,,,,,,,,,,,,,
30442,2019,11,14,2,0,0.7000000000000001,0,0,0,1.6,,,,,,,,,,,,,,,,,,,,,,,,,,,,,,,,,,,,
30443,2019,11,14,2,15,0.7000000000000001,0,0,0,1.6,,,,,,,,,,,,,,,,,,,,,,,,,,,,,,,,,,,,
30444,2019,11,14,2,30,0.8,0,0,0,1.6,,,,,,,,,,,,,,,,,,,,,,,,,,,,,,,,,,,,
30445,2019,11,14,2,45,0.8,0,0,0,1.6,,,,,,,,,,,,,,,,,,,,,,,,,,,,,,,,,,,,
30446,2019,11,14,3,0,0.8,0,0,0,1.6,,,,,,,,,,,,,,,,,,,,,,,,,,,,,,,,,,,,
30447,2019,11,14,3,15,0.9,0,0,0,1.7000000000000002,,,,,,,,,,,,,,,,,,,,,,,,,,,,,,,,,,,,
30448,2019,11,14,3,30,1.0,0,0,0,1.7000000000000002,,,,,,,,,,,,,,,,,,,,,,,,,,,,,,,,,,,,
30449,2019,11,14,3,45,1.0,0,0,0,1.8,,,,,,,,,,,,,,,,,,,,,,,,,,,,,,,,,,,,
30450,2019,11,14,4,0,1.1,0,0,0,1.8,,,,,,,,,,,,,,,,,,,,,,,,,,,,,,,,,,,,
30451,2019,11,14,4,15,1.0,0,0,0,1.8,,,,,,,,,,,,,,,,,,,,,,,,,,,,,,,,,,,,
30452,2019,11,14,4,30,1.0,0,0,0,1.8,,,,,,,,,,,,,,,,,,,,,,,,,,,,,,,,,,,,
30453,2019,11,14,4,45,1.0,0,0,0,1.9,,,,,,,,,,,,,,,,,,,,,,,,,,,,,,,,,,,,
30454,2019,11,14,5,0,1.0,0,0,0,1.9,,,,,,,,,,,,,,,,,,,,,,,,,,,,,,,,,,,,
30455,2019,11,14,5,15,0.9,0,0,0,1.9,,,,,,,,,,,,,,,,,,,,,,,,,,,,,,,,,,,,
30456,2019,11,14,5,30,0.9,0,0,0,1.9,,,,,,,,,,,,,,,,,,,,,,,,,,,,,,,,,,,,
30457,2019,11,14,5,45,0.9,0,0,0,2.0,,,,,,,,,,,,,,,,,,,,,,,,,,,,,,,,,,,,
30458,2019,11,14,6,0,0.8,0,0,0,2.0,,,,,,,,,,,,,,,,,,,,,,,,,,,,,,,,,,,,
30459,2019,11,14,6,15,0.8,0,0,0,2.0,,,,,,,,,,,,,,,,,,,,,,,,,,,,,,,,,,,,
30460,2019,11,14,6,30,0.8,0,0,0,2.0,,,,,,,,,,,,,,,,,,,,,,,,,,,,,,,,,,,,
30461,2019,11,14,6,45,0.8,0,0,0,2.0,,,,,,,,,,,,,,,,,,,,,,,,,,,,,,,,,,,,
30462,2019,11,14,7,0,0.7000000000000001,0,0,0,2.0,,,,,,,,,,,,,,,,,,,,,,,,,,,,,,,,,,,,
30463,2019,11,14,7,15,0.8,0,0,0,2.1,,,,,,,,,,,,,,,,,,,,,,,,,,,,,,,,,,,,
30464,2019,11,14,7,30,0.9,0,0,0,2.1,,,,,,,,,,,,,,,,,,,,,,,,,,,,,,,,,,,,
30465,2019,11,14,7,45,1.0,12,136,16,2.2,,,,,,,,,,,,,,,,,,,,,,,,,,,,,,,,,,,,
30466,2019,11,14,8,0,1.2000000000000002,21,249,35,2.2,,,,,,,,,,,,,,,,,,,,,,,,,,,,,,,,,,,,
30467,2019,11,14,8,15,1.5,29,344,60,2.3000000000000003,,,,,,,,,,,,,,,,,,,,,,,,,,,,,,,,,,,,
30468,2019,11,14,8,30,1.8,36,422,86,2.4000000000000004,,,,,,,,,,,,,,,,,,,,,,,,,,,,,,,,,,,,
30469,2019,11,14,8,45,2.2,42,489,114,2.5,,,,,,,,,,,,,,,,,,,,,,,,,,,,,,,,,,,,
30470,2019,11,14,9,0,2.5,47,541,142,2.6,,,,,,,,,,,,,,,,,,,,,,,,,,,,,,,,,,,,
30471,2019,11,14,9,15,2.9000000000000004,51,583,168,2.6,,,,,,,,,,,,,,,,,,,,,,,,,,,,,,,,,,,,
30472,2019,11,14,9,30,3.3000000000000003,55,619,194,2.6,,,,,,,,,,,,,,,,,,,,,,,,,,,,,,,,,,,,
30473,2019,11,14,9,45,3.8,55,666,220,2.6,,,,,,,,,,,,,,,,,,,,,,,,,,,,,,,,,,,,
30474,2019,11,14,10,0,4.2,58,690,242,2.6,,,,,,,,,,,,,,,,,,,,,,,,,,,,,,,,,,,,
30475,2019,11,14,10,15,4.7,60,709,262,2.7,,,,,,,,,,,,,,,,,,,,,,,,,,,,,,,,,,,,
30476,2019,11,14,10,30,5.2,62,726,279,2.8000000000000003,,,,,,,,,,,,,,,,,,,,,,,,,,,,,,,,,,,,
30477,2019,11,14,10,45,5.7,63,739,295,2.8000000000000003,,,,,,,,,,,,,,,,,,,,,,,,,,,,,,,,,,,,
30478,2019,11,14,11,0,6.1000000000000005,64,749,307,2.9000000000000004,,,,,,,,,,,,,,,,,,,,,,,,,,,,,,,,,,,,
30479,2019,11,14,11,15,6.5,65,757,317,2.9000000000000004,,,,,,,,,,,,,,,,,,,,,,,,,,,,,,,,,,,,
30480,2019,11,14,11,30,6.800000000000001,134,227,211,3.0,,,,,,,,,,,,,,,,,,,,,,,,,,,,,,,,,,,,
30481,2019,11,14,11,45,7.2,66,766,328,3.1,,,,,,,,,,,,,,,,,,,,,,,,,,,,,,,,,,,,
30482,2019,11,14,12,0,7.5,129,298,231,3.1,,,,,,,,,,,,,,,,,,,,,,,,,,,,,,,,,,,,
30483,2019,11,14,12,15,7.7,131,274,224,3.2,,,,,,,,,,,,,,,,,,,,,,,,,,,,,,,,,,,,
30484,2019,11,14,12,30,7.9,137,183,199,3.3000000000000003,,,,,,,,,,,,,,,,,,,,,,,,,,,,,,,,,,,,
30485,2019,11,14,12,45,8.1,134,81,161,3.3000000000000003,,,,,,,,,,,,,,,,,,,,,,,,,,,,,,,,,,,,
30486,2019,11,14,13,0,8.3,129,69,151,3.4000000000000004,,,,,,,,,,,,,,,,,,,,,,,,,,,,,,,,,,,,
30487,2019,11,14,13,15,8.3,117,262,199,3.4000000000000004,,,,,,,,,,,,,,,,,,,,,,,,,,,,,,,,,,,,
30488,2019,11,14,13,30,8.3,112,253,187,3.4000000000000004,,,,,,,,,,,,,,,,,,,,,,,,,,,,,,,,,,,,
30489,2019,11,14,13,45,8.3,59,0,59,3.4000000000000004,,,,,,,,,,,,,,,,,,,,,,,,,,,,,,,,,,,,
30490,2019,11,14,14,0,8.3,54,0,54,3.4000000000000004,,,,,,,,,,,,,,,,,,,,,,,,,,,,,,,,,,,,
30491,2019,11,14,14,15,8.0,48,0,48,3.2,,,,,,,,,,,,,,,,,,,,,,,,,,,,,,,,,,,,
30492,2019,11,14,14,30,7.6,42,0,42,2.9000000000000004,,,,,,,,,,,,,,,,,,,,,,,,,,,,,,,,,,,,
30493,2019,11,14,14,45,7.300000000000001,37,0,37,2.7,,,,,,,,,,,,,,,,,,,,,,,,,,,,,,,,,,,,
30494,2019,11,14,15,0,6.9,31,0,31,2.5,,,,,,,,,,,,,,,,,,,,,,,,,,,,,,,,,,,,
30495,2019,11,14,15,15,6.2,25,0,25,2.4000000000000004,,,,,,,,,,,,,,,,,,,,,,,,,,,,,,,,,,,,
30496,2019,11,14,15,30,5.4,20,0,20,2.4000000000000004,,,,,,,,,,,,,,,,,,,,,,,,,,,,,,,,,,,,
30497,2019,11,14,15,45,4.7,25,381,56,2.3000000000000003,,,,,,,,,,,,,,,,,,,,,,,,,,,,,,,,,,,,
30498,2019,11,14,16,0,4.0,18,278,32,2.3000000000000003,,,,,,,,,,,,,,,,,,,,,,,,,,,,,,,,,,,,
30499,2019,11,14,16,15,3.8,0,0,0,2.4000000000000004,,,,,,,,,,,,,,,,,,,,,,,,,,,,,,,,,,,,
30500,2019,11,14,16,30,3.6,0,0,0,2.6,,,,,,,,,,,,,,,,,,,,,,,,,,,,,,,,,,,,
30501,2019,11,14,16,45,3.3000000000000003,0,0,0,2.8000000000000003,,,,,,,,,,,,,,,,,,,,,,,,,,,,,,,,,,,,
30502,2019,11,14,17,0,3.1,0,0,0,3.0,,,,,,,,,,,,,,,,,,,,,,,,,,,,,,,,,,,,
30503,2019,11,14,17,15,2.9000000000000004,0,0,0,2.9000000000000004,,,,,,,,,,,,,,,,,,,,,,,,,,,,,,,,,,,,
30504,2019,11,14,17,30,2.6,0,0,0,2.9000000000000004,,,,,,,,,,,,,,,,,,,,,,,,,,,,,,,,,,,,
30505,2019,11,14,17,45,2.4000000000000004,0,0,0,2.9000000000000004,,,,,,,,,,,,,,,,,,,,,,,,,,,,,,,,,,,,
30506,2019,11,14,18,0,2.1,0,0,0,2.9000000000000004,,,,,,,,,,,,,,,,,,,,,,,,,,,,,,,,,,,,
30507,2019,11,14,18,15,1.9,0,0,0,2.8000000000000003,,,,,,,,,,,,,,,,,,,,,,,,,,,,,,,,,,,,
30508,2019,11,14,18,30,1.7000000000000002,0,0,0,2.8000000000000003,,,,,,,,,,,,,,,,,,,,,,,,,,,,,,,,,,,,
30509,2019,11,14,18,45,1.5,0,0,0,2.8000000000000003,,,,,,,,,,,,,,,,,,,,,,,,,,,,,,,,,,,,
30510,2019,11,14,19,0,1.2000000000000002,0,0,0,2.7,,,,,,,,,,,,,,,,,,,,,,,,,,,,,,,,,,,,
30511,2019,11,14,19,15,1.1,0,0,0,2.8000000000000003,,,,,,,,,,,,,,,,,,,,,,,,,,,,,,,,,,,,
30512,2019,11,14,19,30,1.0,0,0,0,2.8000000000000003,,,,,,,,,,,,,,,,,,,,,,,,,,,,,,,,,,,,
30513,2019,11,14,19,45,0.8,0,0,0,2.8000000000000003,,,,,,,,,,,,,,,,,,,,,,,,,,,,,,,,,,,,
30514,2019,11,14,20,0,0.7000000000000001,0,0,0,2.8000000000000003,,,,,,,,,,,,,,,,,,,,,,,,,,,,,,,,,,,,
30515,2019,11,14,20,15,0.6000000000000001,0,0,0,2.9000000000000004,,,,,,,,,,,,,,,,,,,,,,,,,,,,,,,,,,,,
30516,2019,11,14,20,30,0.6000000000000001,0,0,0,3.0,,,,,,,,,,,,,,,,,,,,,,,,,,,,,,,,,,,,
30517,2019,11,14,20,45,0.6000000000000001,0,0,0,3.0,,,,,,,,,,,,,,,,,,,,,,,,,,,,,,,,,,,,
30518,2019,11,14,21,0,0.5,0,0,0,3.1,,,,,,,,,,,,,,,,,,,,,,,,,,,,,,,,,,,,
30519,2019,11,14,21,15,0.5,0,0,0,3.2,,,,,,,,,,,,,,,,,,,,,,,,,,,,,,,,,,,,
30520,2019,11,14,21,30,0.5,0,0,0,3.2,,,,,,,,,,,,,,,,,,,,,,,,,,,,,,,,,,,,
30521,2019,11,14,21,45,0.4,0,0,0,3.2,,,,,,,,,,,,,,,,,,,,,,,,,,,,,,,,,,,,
30522,2019,11,14,22,0,0.4,0,0,0,3.3000000000000003,,,,,,,,,,,,,,,,,,,,,,,,,,,,,,,,,,,,
30523,2019,11,14,22,15,0.4,0,0,0,3.3000000000000003,,,,,,,,,,,,,,,,,,,,,,,,,,,,,,,,,,,,
30524,2019,11,14,22,30,0.4,0,0,0,3.3000000000000003,,,,,,,,,,,,,,,,,,,,,,,,,,,,,,,,,,,,
30525,2019,11,14,22,45,0.3,0,0,0,3.4000000000000004,,,,,,,,,,,,,,,,,,,,,,,,,,,,,,,,,,,,
30526,2019,11,14,23,0,0.3,0,0,0,3.4000000000000004,,,,,,,,,,,,,,,,,,,,,,,,,,,,,,,,,,,,
30527,2019,11,14,23,15,0.3,0,0,0,3.4000000000000004,,,,,,,,,,,,,,,,,,,,,,,,,,,,,,,,,,,,
30528,2019,11,14,23,30,0.3,0,0,0,3.5,,,,,,,,,,,,,,,,,,,,,,,,,,,,,,,,,,,,
30529,2019,11,14,23,45,0.2,0,0,0,3.6,,,,,,,,,,,,,,,,,,,,,,,,,,,,,,,,,,,,
30530,2019,11,15,0,0,0.2,0,0,0,3.6,,,,,,,,,,,,,,,,,,,,,,,,,,,,,,,,,,,,
30531,2019,11,15,0,15,0.2,0,0,0,3.6,,,,,,,,,,,,,,,,,,,,,,,,,,,,,,,,,,,,
30532,2019,11,15,0,30,0.2,0,0,0,3.6,,,,,,,,,,,,,,,,,,,,,,,,,,,,,,,,,,,,
30533,2019,11,15,0,45,0.2,0,0,0,3.6,,,,,,,,,,,,,,,,,,,,,,,,,,,,,,,,,,,,
30534,2019,11,15,1,0,0.1,0,0,0,3.7,,,,,,,,,,,,,,,,,,,,,,,,,,,,,,,,,,,,
30535,2019,11,15,1,15,0.1,0,0,0,3.7,,,,,,,,,,,,,,,,,,,,,,,,,,,,,,,,,,,,
30536,2019,11,15,1,30,0.1,0,0,0,3.7,,,,,,,,,,,,,,,,,,,,,,,,,,,,,,,,,,,,
30537,2019,11,15,1,45,0.1,0,0,0,3.7,,,,,,,,,,,,,,,,,,,,,,,,,,,,,,,,,,,,
30538,2019,11,15,2,0,0.1,0,0,0,3.7,,,,,,,,,,,,,,,,,,,,,,,,,,,,,,,,,,,,
30539,2019,11,15,2,15,0.1,0,0,0,3.7,,,,,,,,,,,,,,,,,,,,,,,,,,,,,,,,,,,,
30540,2019,11,15,2,30,0.1,0,0,0,3.7,,,,,,,,,,,,,,,,,,,,,,,,,,,,,,,,,,,,
30541,2019,11,15,2,45,0.1,0,0,0,3.7,,,,,,,,,,,,,,,,,,,,,,,,,,,,,,,,,,,,
30542,2019,11,15,3,0,0.1,0,0,0,3.7,,,,,,,,,,,,,,,,,,,,,,,,,,,,,,,,,,,,
30543,2019,11,15,3,15,0.1,0,0,0,3.7,,,,,,,,,,,,,,,,,,,,,,,,,,,,,,,,,,,,
30544,2019,11,15,3,30,0.1,0,0,0,3.7,,,,,,,,,,,,,,,,,,,,,,,,,,,,,,,,,,,,
30545,2019,11,15,3,45,0.2,0,0,0,3.8,,,,,,,,,,,,,,,,,,,,,,,,,,,,,,,,,,,,
30546,2019,11,15,4,0,0.2,0,0,0,3.8,,,,,,,,,,,,,,,,,,,,,,,,,,,,,,,,,,,,
30547,2019,11,15,4,15,0.2,0,0,0,3.8,,,,,,,,,,,,,,,,,,,,,,,,,,,,,,,,,,,,
30548,2019,11,15,4,30,0.3,0,0,0,3.7,,,,,,,,,,,,,,,,,,,,,,,,,,,,,,,,,,,,
30549,2019,11,15,4,45,0.3,0,0,0,3.7,,,,,,,,,,,,,,,,,,,,,,,,,,,,,,,,,,,,
30550,2019,11,15,5,0,0.4,0,0,0,3.7,,,,,,,,,,,,,,,,,,,,,,,,,,,,,,,,,,,,
30551,2019,11,15,5,15,0.4,0,0,0,3.7,,,,,,,,,,,,,,,,,,,,,,,,,,,,,,,,,,,,
30552,2019,11,15,5,30,0.5,0,0,0,3.6,,,,,,,,,,,,,,,,,,,,,,,,,,,,,,,,,,,,
30553,2019,11,15,5,45,0.5,0,0,0,3.6,,,,,,,,,,,,,,,,,,,,,,,,,,,,,,,,,,,,
30554,2019,11,15,6,0,0.5,0,0,0,3.6,,,,,,,,,,,,,,,,,,,,,,,,,,,,,,,,,,,,
30555,2019,11,15,6,15,0.5,0,0,0,3.6,,,,,,,,,,,,,,,,,,,,,,,,,,,,,,,,,,,,
30556,2019,11,15,6,30,0.6000000000000001,0,0,0,3.6,,,,,,,,,,,,,,,,,,,,,,,,,,,,,,,,,,,,
30557,2019,11,15,6,45,0.6000000000000001,0,0,0,3.6,,,,,,,,,,,,,,,,,,,,,,,,,,,,,,,,,,,,
30558,2019,11,15,7,0,0.6000000000000001,0,0,0,3.5,,,,,,,,,,,,,,,,,,,,,,,,,,,,,,,,,,,,
30559,2019,11,15,7,15,0.7000000000000001,0,0,0,3.6,,,,,,,,,,,,,,,,,,,,,,,,,,,,,,,,,,,,
30560,2019,11,15,7,30,0.9,0,0,0,3.7,,,,,,,,,,,,,,,,,,,,,,,,,,,,,,,,,,,,
30561,2019,11,15,7,45,1.0,1,0,1,3.8,,,,,,,,,,,,,,,,,,,,,,,,,,,,,,,,,,,,
30562,2019,11,15,8,0,1.1,4,0,4,3.9,,,,,,,,,,,,,,,,,,,,,,,,,,,,,,,,,,,,
30563,2019,11,15,8,15,1.4,5,0,5,4.0,,,,,,,,,,,,,,,,,,,,,,,,,,,,,,,,,,,,
30564,2019,11,15,8,30,1.7000000000000002,5,0,5,4.0,,,,,,,,,,,,,,,,,,,,,,,,,,,,,,,,,,,,
30565,2019,11,15,8,45,2.0,6,0,6,4.1000000000000005,,,,,,,,,,,,,,,,,,,,,,,,,,,,,,,,,,,,
30566,2019,11,15,9,0,2.3000000000000003,7,0,7,4.2,,,,,,,,,,,,,,,,,,,,,,,,,,,,,,,,,,,,
30567,2019,11,15,9,15,2.7,7,0,7,4.2,,,,,,,,,,,,,,,,,,,,,,,,,,,,,,,,,,,,
30568,2019,11,15,9,30,3.0,8,0,8,4.2,,,,,,,,,,,,,,,,,,,,,,,,,,,,,,,,,,,,
30569,2019,11,15,9,45,3.3000000000000003,9,0,9,4.2,,,,,,,,,,,,,,,,,,,,,,,,,,,,,,,,,,,,
30570,2019,11,15,10,0,3.6,9,0,9,4.2,,,,,,,,,,,,,,,,,,,,,,,,,,,,,,,,,,,,
30571,2019,11,15,10,15,3.9,10,0,10,4.2,,,,,,,,,,,,,,,,,,,,,,,,,,,,,,,,,,,,
30572,2019,11,15,10,30,4.2,13,0,13,4.2,,,,,,,,,,,,,,,,,,,,,,,,,,,,,,,,,,,,
30573,2019,11,15,10,45,4.5,11,0,11,4.2,,,,,,,,,,,,,,,,,,,,,,,,,,,,,,,,,,,,
30574,2019,11,15,11,0,4.800000000000001,14,0,14,4.2,,,,,,,,,,,,,,,,,,,,,,,,,,,,,,,,,,,,
30575,2019,11,15,11,15,5.1000000000000005,14,0,14,4.1000000000000005,,,,,,,,,,,,,,,,,,,,,,,,,,,,,,,,,,,,
30576,2019,11,15,11,30,5.5,15,0,15,4.1000000000000005,,,,,,,,,,,,,,,,,,,,,,,,,,,,,,,,,,,,
30577,2019,11,15,11,45,5.9,15,0,15,4.1000000000000005,,,,,,,,,,,,,,,,,,,,,,,,,,,,,,,,,,,,
30578,2019,11,15,12,0,6.2,15,0,15,4.1000000000000005,,,,,,,,,,,,,,,,,,,,,,,,,,,,,,,,,,,,
30579,2019,11,15,12,15,6.6000000000000005,45,0,45,4.0,,,,,,,,,,,,,,,,,,,,,,,,,,,,,,,,,,,,
30580,2019,11,15,12,30,6.9,30,0,30,3.9,,,,,,,,,,,,,,,,,,,,,,,,,,,,,,,,,,,,
30581,2019,11,15,12,45,7.300000000000001,24,0,24,3.8,,,,,,,,,,,,,,,,,,,,,,,,,,,,,,,,,,,,
30582,2019,11,15,13,0,7.7,13,0,13,3.7,,,,,,,,,,,,,,,,,,,,,,,,,,,,,,,,,,,,
30583,2019,11,15,13,15,7.9,31,0,31,3.6,,,,,,,,,,,,,,,,,,,,,,,,,,,,,,,,,,,,
30584,2019,11,15,13,30,8.1,12,0,12,3.4000000000000004,,,,,,,,,,,,,,,,,,,,,,,,,,,,,,,,,,,,
30585,2019,11,15,13,45,8.3,19,0,19,3.2,,,,,,,,,,,,,,,,,,,,,,,,,,,,,,,,,,,,
30586,2019,11,15,14,0,8.5,14,0,14,3.0,,,,,,,,,,,,,,,,,,,,,,,,,,,,,,,,,,,,
30587,2019,11,15,14,15,8.3,13,0,13,2.6,,,,,,,,,,,,,,,,,,,,,,,,,,,,,,,,,,,,
30588,2019,11,15,14,30,8.0,12,0,12,2.2,,,,,,,,,,,,,,,,,,,,,,,,,,,,,,,,,,,,
30589,2019,11,15,14,45,7.800000000000001,11,0,11,1.8,,,,,,,,,,,,,,,,,,,,,,,,,,,,,,,,,,,,
30590,2019,11,15,15,0,7.5,9,0,9,1.4,,,,,,,,,,,,,,,,,,,,,,,,,,,,,,,,,,,,
30591,2019,11,15,15,15,6.800000000000001,8,0,8,1.4,,,,,,,,,,,,,,,,,,,,,,,,,,,,,,,,,,,,
30592,2019,11,15,15,30,6.2,7,0,7,1.3,,,,,,,,,,,,,,,,,,,,,,,,,,,,,,,,,,,,
30593,2019,11,15,15,45,5.5,6,0,6,1.2000000000000002,,,,,,,,,,,,,,,,,,,,,,,,,,,,,,,,,,,,
30594,2019,11,15,16,0,4.9,4,0,4,1.2000000000000002,,,,,,,,,,,,,,,,,,,,,,,,,,,,,,,,,,,,
30595,2019,11,15,16,15,4.6000000000000005,0,0,0,1.2000000000000002,,,,,,,,,,,,,,,,,,,,,,,,,,,,,,,,,,,,
30596,2019,11,15,16,30,4.4,0,0,0,1.2000000000000002,,,,,,,,,,,,,,,,,,,,,,,,,,,,,,,,,,,,
30597,2019,11,15,16,45,4.2,0,0,0,1.2000000000000002,,,,,,,,,,,,,,,,,,,,,,,,,,,,,,,,,,,,
30598,2019,11,15,17,0,3.9,0,0,0,1.2000000000000002,,,,,,,,,,,,,,,,,,,,,,,,,,,,,,,,,,,,
30599,2019,11,15,17,15,3.9,0,0,0,1.2000000000000002,,,,,,,,,,,,,,,,,,,,,,,,,,,,,,,,,,,,
30600,2019,11,15,17,30,3.8,0,0,0,1.2000000000000002,,,,,,,,,,,,,,,,,,,,,,,,,,,,,,,,,,,,
30601,2019,11,15,17,45,3.8,0,0,0,1.2000000000000002,,,,,,,,,,,,,,,,,,,,,,,,,,,,,,,,,,,,
30602,2019,11,15,18,0,3.7,0,0,0,1.2000000000000002,,,,,,,,,,,,,,,,,,,,,,,,,,,,,,,,,,,,
30603,2019,11,15,18,15,3.7,0,0,0,1.2000000000000002,,,,,,,,,,,,,,,,,,,,,,,,,,,,,,,,,,,,
30604,2019,11,15,18,30,3.7,0,0,0,1.2000000000000002,,,,,,,,,,,,,,,,,,,,,,,,,,,,,,,,,,,,
30605,2019,11,15,18,45,3.7,0,0,0,1.2000000000000002,,,,,,,,,,,,,,,,,,,,,,,,,,,,,,,,,,,,
30606,2019,11,15,19,0,3.7,0,0,0,1.2000000000000002,,,,,,,,,,,,,,,,,,,,,,,,,,,,,,,,,,,,
30607,2019,11,15,19,15,3.7,0,0,0,1.2000000000000002,,,,,,,,,,,,,,,,,,,,,,,,,,,,,,,,,,,,
30608,2019,11,15,19,30,3.7,0,0,0,1.1,,,,,,,,,,,,,,,,,,,,,,,,,,,,,,,,,,,,
30609,2019,11,15,19,45,3.8,0,0,0,1.1,,,,,,,,,,,,,,,,,,,,,,,,,,,,,,,,,,,,
30610,2019,11,15,20,0,3.8,0,0,0,1.1,,,,,,,,,,,,,,,,,,,,,,,,,,,,,,,,,,,,
30611,2019,11,15,20,15,3.9,0,0,0,1.0,,,,,,,,,,,,,,,,,,,,,,,,,,,,,,,,,,,,
30612,2019,11,15,20,30,4.1000000000000005,0,0,0,0.9,,,,,,,,,,,,,,,,,,,,,,,,,,,,,,,,,,,,
30613,2019,11,15,20,45,4.2,0,0,0,0.8,,,,,,,,,,,,,,,,,,,,,,,,,,,,,,,,,,,,
30614,2019,11,15,21,0,4.3,0,0,0,0.7000000000000001,,,,,,,,,,,,,,,,,,,,,,,,,,,,,,,,,,,,
30615,2019,11,15,21,15,4.3,0,0,0,0.6000000000000001,,,,,,,,,,,,,,,,,,,,,,,,,,,,,,,,,,,,
30616,2019,11,15,21,30,4.3,0,0,0,0.6000000000000001,,,,,,,,,,,,,,,,,,,,,,,,,,,,,,,,,,,,
30617,2019,11,15,21,45,4.4,0,0,0,0.6000000000000001,,,,,,,,,,,,,,,,,,,,,,,,,,,,,,,,,,,,
30618,2019,11,15,22,0,4.4,0,0,0,0.5,,,,,,,,,,,,,,,,,,,,,,,,,,,,,,,,,,,,
30619,2019,11,15,22,15,4.3,0,0,0,0.7000000000000001,,,,,,,,,,,,,,,,,,,,,,,,,,,,,,,,,,,,
30620,2019,11,15,22,30,4.3,0,0,0,0.9,,,,,,,,,,,,,,,,,,,,,,,,,,,,,,,,,,,,
30621,2019,11,15,22,45,4.3,0,0,0,1.1,,,,,,,,,,,,,,,,,,,,,,,,,,,,,,,,,,,,
30622,2019,11,15,23,0,4.2,0,0,0,1.3,,,,,,,,,,,,,,,,,,,,,,,,,,,,,,,,,,,,
30623,2019,11,15,23,15,4.1000000000000005,0,0,0,1.5,,,,,,,,,,,,,,,,,,,,,,,,,,,,,,,,,,,,
30624,2019,11,15,23,30,4.1000000000000005,0,0,0,1.7000000000000002,,,,,,,,,,,,,,,,,,,,,,,,,,,,,,,,,,,,
30625,2019,11,15,23,45,4.0,0,0,0,1.9,,,,,,,,,,,,,,,,,,,,,,,,,,,,,,,,,,,,
30626,2019,11,16,0,0,3.9,0,0,0,2.1,,,,,,,,,,,,,,,,,,,,,,,,,,,,,,,,,,,,
30627,2019,11,16,0,15,3.9,0,0,0,2.1,,,,,,,,,,,,,,,,,,,,,,,,,,,,,,,,,,,,
30628,2019,11,16,0,30,3.9,0,0,0,2.1,,,,,,,,,,,,,,,,,,,,,,,,,,,,,,,,,,,,
30629,2019,11,16,0,45,3.9,0,0,0,2.1,,,,,,,,,,,,,,,,,,,,,,,,,,,,,,,,,,,,
30630,2019,11,16,1,0,3.7,0,0,0,1.8,,,,,,,,,,,,,,,,,,,,,,,,,,,,,,,,,,,,
30631,2019,11,16,1,15,3.7,0,0,0,1.8,,,,,,,,,,,,,,,,,,,,,,,,,,,,,,,,,,,,
30632,2019,11,16,1,30,3.7,0,0,0,1.8,,,,,,,,,,,,,,,,,,,,,,,,,,,,,,,,,,,,
30633,2019,11,16,1,45,3.7,0,0,0,1.9,,,,,,,,,,,,,,,,,,,,,,,,,,,,,,,,,,,,
30634,2019,11,16,2,0,3.7,0,0,0,1.9,,,,,,,,,,,,,,,,,,,,,,,,,,,,,,,,,,,,
30635,2019,11,16,2,15,3.7,0,0,0,1.7000000000000002,,,,,,,,,,,,,,,,,,,,,,,,,,,,,,,,,,,,
30636,2019,11,16,2,30,3.8,0,0,0,1.5,,,,,,,,,,,,,,,,,,,,,,,,,,,,,,,,,,,,
30637,2019,11,16,2,45,3.8,0,0,0,1.4,,,,,,,,,,,,,,,,,,,,,,,,,,,,,,,,,,,,
30638,2019,11,16,3,0,3.8,0,0,0,1.2000000000000002,,,,,,,,,,,,,,,,,,,,,,,,,,,,,,,,,,,,
30639,2019,11,16,3,15,3.9,0,0,0,1.1,,,,,,,,,,,,,,,,,,,,,,,,,,,,,,,,,,,,
30640,2019,11,16,3,30,3.9,0,0,0,1.0,,,,,,,,,,,,,,,,,,,,,,,,,,,,,,,,,,,,
30641,2019,11,16,3,45,3.9,0,0,0,0.9,,,,,,,,,,,,,,,,,,,,,,,,,,,,,,,,,,,,
30642,2019,11,16,4,0,3.9,0,0,0,0.8,,,,,,,,,,,,,,,,,,,,,,,,,,,,,,,,,,,,
30643,2019,11,16,4,15,3.9,0,0,0,0.8,,,,,,,,,,,,,,,,,,,,,,,,,,,,,,,,,,,,
30644,2019,11,16,4,30,4.0,0,0,0,0.8,,,,,,,,,,,,,,,,,,,,,,,,,,,,,,,,,,,,
30645,2019,11,16,4,45,4.0,0,0,0,0.8,,,,,,,,,,,,,,,,,,,,,,,,,,,,,,,,,,,,
30646,2019,11,16,5,0,4.1000000000000005,0,0,0,0.8,,,,,,,,,,,,,,,,,,,,,,,,,,,,,,,,,,,,
30647,2019,11,16,5,15,4.1000000000000005,0,0,0,0.9,,,,,,,,,,,,,,,,,,,,,,,,,,,,,,,,,,,,
30648,2019,11,16,5,30,4.1000000000000005,0,0,0,1.0,,,,,,,,,,,,,,,,,,,,,,,,,,,,,,,,,,,,
30649,2019,11,16,5,45,4.1000000000000005,0,0,0,1.1,,,,,,,,,,,,,,,,,,,,,,,,,,,,,,,,,,,,
30650,2019,11,16,6,0,4.2,0,0,0,1.1,,,,,,,,,,,,,,,,,,,,,,,,,,,,,,,,,,,,
30651,2019,11,16,6,15,4.2,0,0,0,1.4,,,,,,,,,,,,,,,,,,,,,,,,,,,,,,,,,,,,
30652,2019,11,16,6,30,4.1000000000000005,0,0,0,1.6,,,,,,,,,,,,,,,,,,,,,,,,,,,,,,,,,,,,
30653,2019,11,16,6,45,4.1000000000000005,0,0,0,1.9,,,,,,,,,,,,,,,,,,,,,,,,,,,,,,,,,,,,
30654,2019,11,16,7,0,4.1000000000000005,0,0,0,2.1,,,,,,,,,,,,,,,,,,,,,,,,,,,,,,,,,,,,
30655,2019,11,16,7,15,4.1000000000000005,0,0,0,2.4000000000000004,,,,,,,,,,,,,,,,,,,,,,,,,,,,,,,,,,,,
30656,2019,11,16,7,30,4.0,0,0,0,2.8000000000000003,,,,,,,,,,,,,,,,,,,,,,,,,,,,,,,,,,,,
30657,2019,11,16,7,45,4.0,1,0,1,3.1,,,,,,,,,,,,,,,,,,,,,,,,,,,,,,,,,,,,
30658,2019,11,16,8,0,3.9,3,0,3,3.4000000000000004,,,,,,,,,,,,,,,,,,,,,,,,,,,,,,,,,,,,
30659,2019,11,16,8,15,3.8,6,0,6,3.6,,,,,,,,,,,,,,,,,,,,,,,,,,,,,,,,,,,,
30660,2019,11,16,8,30,3.7,7,0,7,3.8,,,,,,,,,,,,,,,,,,,,,,,,,,,,,,,,,,,,
30661,2019,11,16,8,45,3.6,7,0,7,4.0,,,,,,,,,,,,,,,,,,,,,,,,,,,,,,,,,,,,
30662,2019,11,16,9,0,3.5,9,0,9,4.2,,,,,,,,,,,,,,,,,,,,,,,,,,,,,,,,,,,,
30663,2019,11,16,9,15,3.6,10,0,10,4.3,,,,,,,,,,,,,,,,,,,,,,,,,,,,,,,,,,,,
30664,2019,11,16,9,30,3.6,12,0,12,4.4,,,,,,,,,,,,,,,,,,,,,,,,,,,,,,,,,,,,
30665,2019,11,16,9,45,3.6,14,0,14,4.5,,,,,,,,,,,,,,,,,,,,,,,,,,,,,,,,,,,,
30666,2019,11,16,10,0,3.6,15,0,15,4.6000000000000005,,,,,,,,,,,,,,,,,,,,,,,,,,,,,,,,,,,,
30667,2019,11,16,10,15,3.8,17,0,17,4.6000000000000005,,,,,,,,,,,,,,,,,,,,,,,,,,,,,,,,,,,,
30668,2019,11,16,10,30,4.1000000000000005,18,0,18,4.7,,,,,,,,,,,,,,,,,,,,,,,,,,,,,,,,,,,,
30669,2019,11,16,10,45,4.3,19,0,19,4.7,,,,,,,,,,,,,,,,,,,,,,,,,,,,,,,,,,,,
30670,2019,11,16,11,0,4.5,20,0,20,4.7,,,,,,,,,,,,,,,,,,,,,,,,,,,,,,,,,,,,
30671,2019,11,16,11,15,4.9,21,0,21,4.7,,,,,,,,,,,,,,,,,,,,,,,,,,,,,,,,,,,,
30672,2019,11,16,11,30,5.2,21,0,21,4.7,,,,,,,,,,,,,,,,,,,,,,,,,,,,,,,,,,,,
30673,2019,11,16,11,45,5.6000000000000005,22,0,22,4.7,,,,,,,,,,,,,,,,,,,,,,,,,,,,,,,,,,,,
30674,2019,11,16,12,0,5.9,137,100,171,4.800000000000001,,,,,,,,,,,,,,,,,,,,,,,,,,,,,,,,,,,,
30675,2019,11,16,12,15,6.1000000000000005,135,183,196,4.7,,,,,,,,,,,,,,,,,,,,,,,,,,,,,,,,,,,,
30676,2019,11,16,12,30,6.300000000000001,84,649,298,4.7,,,,,,,,,,,,,,,,,,,,,,,,,,,,,,,,,,,,
30677,2019,11,16,12,45,6.5,75,684,295,4.6000000000000005,,,,,,,,,,,,,,,,,,,,,,,,,,,,,,,,,,,,
30678,2019,11,16,13,0,6.7,73,679,287,4.6000000000000005,,,,,,,,,,,,,,,,,,,,,,,,,,,,,,,,,,,,
30679,2019,11,16,13,15,6.800000000000001,101,0,101,4.4,,,,,,,,,,,,,,,,,,,,,,,,,,,,,,,,,,,,
30680,2019,11,16,13,30,6.9,33,0,33,4.3,,,,,,,,,,,,,,,,,,,,,,,,,,,,,,,,,,,,
30681,2019,11,16,13,45,6.9,65,0,65,4.1000000000000005,,,,,,,,,,,,,,,,,,,,,,,,,,,,,,,,,,,,
30682,2019,11,16,14,0,7.0,59,0,59,3.9,,,,,,,,,,,,,,,,,,,,,,,,,,,,,,,,,,,,
30683,2019,11,16,14,15,6.800000000000001,57,623,202,3.6,,,,,,,,,,,,,,,,,,,,,,,,,,,,,,,,,,,,
30684,2019,11,16,14,30,6.6000000000000005,45,0,45,3.2,,,,,,,,,,,,,,,,,,,,,,,,,,,,,,,,,,,,
30685,2019,11,16,14,45,6.4,38,0,38,2.8000000000000003,,,,,,,,,,,,,,,,,,,,,,,,,,,,,,,,,,,,
30686,2019,11,16,15,0,6.1000000000000005,43,527,128,2.5,,,,,,,,,,,,,,,,,,,,,,,,,,,,,,,,,,,,
30687,2019,11,16,15,15,5.4,38,472,100,2.2,,,,,,,,,,,,,,,,,,,,,,,,,,,,,,,,,,,,
30688,2019,11,16,15,30,4.6000000000000005,32,409,74,2.0,,,,,,,,,,,,,,,,,,,,,,,,,,,,,,,,,,,,
30689,2019,11,16,15,45,3.8,24,327,48,1.8,,,,,,,,,,,,,,,,,,,,,,,,,,,,,,,,,,,,
30690,2019,11,16,16,0,3.1,16,224,26,1.6,,,,,,,,,,,,,,,,,,,,,,,,,,,,,,,,,,,,
30691,2019,11,16,16,15,2.8000000000000003,0,0,0,1.6,,,,,,,,,,,,,,,,,,,,,,,,,,,,,,,,,,,,
30692,2019,11,16,16,30,2.5,0,0,0,1.7000000000000002,,,,,,,,,,,,,,,,,,,,,,,,,,,,,,,,,,,,
30693,2019,11,16,16,45,2.2,0,0,0,1.7000000000000002,,,,,,,,,,,,,,,,,,,,,,,,,,,,,,,,,,,,
30694,2019,11,16,17,0,2.0,0,0,0,1.7000000000000002,,,,,,,,,,,,,,,,,,,,,,,,,,,,,,,,,,,,
30695,2019,11,16,17,15,1.8,0,0,0,1.7000000000000002,,,,,,,,,,,,,,,,,,,,,,,,,,,,,,,,,,,,
30696,2019,11,16,17,30,1.6,0,0,0,1.7000000000000002,,,,,,,,,,,,,,,,,,,,,,,,,,,,,,,,,,,,
30697,2019,11,16,17,45,1.4,0,0,0,1.7000000000000002,,,,,,,,,,,,,,,,,,,,,,,,,,,,,,,,,,,,
30698,2019,11,16,18,0,1.2000000000000002,0,0,0,1.7000000000000002,,,,,,,,,,,,,,,,,,,,,,,,,,,,,,,,,,,,
30699,2019,11,16,18,15,1.2000000000000002,0,0,0,1.7000000000000002,,,,,,,,,,,,,,,,,,,,,,,,,,,,,,,,,,,,
30700,2019,11,16,18,30,1.1,0,0,0,1.8,,,,,,,,,,,,,,,,,,,,,,,,,,,,,,,,,,,,
30701,2019,11,16,18,45,1.1,0,0,0,1.9,,,,,,,,,,,,,,,,,,,,,,,,,,,,,,,,,,,,
30702,2019,11,16,19,0,1.0,0,0,0,2.0,,,,,,,,,,,,,,,,,,,,,,,,,,,,,,,,,,,,
30703,2019,11,16,19,15,0.9,0,0,0,2.0,,,,,,,,,,,,,,,,,,,,,,,,,,,,,,,,,,,,
30704,2019,11,16,19,30,0.8,0,0,0,2.0,,,,,,,,,,,,,,,,,,,,,,,,,,,,,,,,,,,,
30705,2019,11,16,19,45,0.7000000000000001,0,0,0,2.0,,,,,,,,,,,,,,,,,,,,,,,,,,,,,,,,,,,,
30706,2019,11,16,20,0,0.5,0,0,0,2.0,,,,,,,,,,,,,,,,,,,,,,,,,,,,,,,,,,,,
30707,2019,11,16,20,15,0.5,0,0,0,1.9,,,,,,,,,,,,,,,,,,,,,,,,,,,,,,,,,,,,
30708,2019,11,16,20,30,0.4,0,0,0,1.9,,,,,,,,,,,,,,,,,,,,,,,,,,,,,,,,,,,,
30709,2019,11,16,20,45,0.3,0,0,0,1.8,,,,,,,,,,,,,,,,,,,,,,,,,,,,,,,,,,,,
30710,2019,11,16,21,0,0.3,0,0,0,1.8,,,,,,,,,,,,,,,,,,,,,,,,,,,,,,,,,,,,
30711,2019,11,16,21,15,0.3,0,0,0,1.9,,,,,,,,,,,,,,,,,,,,,,,,,,,,,,,,,,,,
30712,2019,11,16,21,30,0.4,0,0,0,1.9,,,,,,,,,,,,,,,,,,,,,,,,,,,,,,,,,,,,
30713,2019,11,16,21,45,0.4,0,0,0,2.0,,,,,,,,,,,,,,,,,,,,,,,,,,,,,,,,,,,,
30714,2019,11,16,22,0,0.5,0,0,0,2.0,,,,,,,,,,,,,,,,,,,,,,,,,,,,,,,,,,,,
30715,2019,11,16,22,15,0.5,0,0,0,2.0,,,,,,,,,,,,,,,,,,,,,,,,,,,,,,,,,,,,
30716,2019,11,16,22,30,0.6000000000000001,0,0,0,2.1,,,,,,,,,,,,,,,,,,,,,,,,,,,,,,,,,,,,
30717,2019,11,16,22,45,0.7000000000000001,0,0,0,2.1,,,,,,,,,,,,,,,,,,,,,,,,,,,,,,,,,,,,
30718,2019,11,16,23,0,0.8,0,0,0,2.1,,,,,,,,,,,,,,,,,,,,,,,,,,,,,,,,,,,,
30719,2019,11,16,23,15,0.9,0,0,0,2.1,,,,,,,,,,,,,,,,,,,,,,,,,,,,,,,,,,,,
30720,2019,11,16,23,30,1.0,0,0,0,2.2,,,,,,,,,,,,,,,,,,,,,,,,,,,,,,,,,,,,
30721,2019,11,16,23,45,1.1,0,0,0,2.2,,,,,,,,,,,,,,,,,,,,,,,,,,,,,,,,,,,,
30722,2019,11,17,0,0,1.2000000000000002,0,0,0,2.2,,,,,,,,,,,,,,,,,,,,,,,,,,,,,,,,,,,,
30723,2019,11,17,0,15,1.2000000000000002,0,0,0,2.2,,,,,,,,,,,,,,,,,,,,,,,,,,,,,,,,,,,,
30724,2019,11,17,0,30,1.2000000000000002,0,0,0,2.2,,,,,,,,,,,,,,,,,,,,,,,,,,,,,,,,,,,,
30725,2019,11,17,0,45,1.2000000000000002,0,0,0,2.2,,,,,,,,,,,,,,,,,,,,,,,,,,,,,,,,,,,,
30726,2019,11,17,1,0,1.3,0,0,0,1.9,,,,,,,,,,,,,,,,,,,,,,,,,,,,,,,,,,,,
30727,2019,11,17,1,15,1.3,0,0,0,1.8,,,,,,,,,,,,,,,,,,,,,,,,,,,,,,,,,,,,
30728,2019,11,17,1,30,1.3,0,0,0,1.7000000000000002,,,,,,,,,,,,,,,,,,,,,,,,,,,,,,,,,,,,
30729,2019,11,17,1,45,1.3,0,0,0,1.6,,,,,,,,,,,,,,,,,,,,,,,,,,,,,,,,,,,,
30730,2019,11,17,2,0,1.2000000000000002,0,0,0,1.6,,,,,,,,,,,,,,,,,,,,,,,,,,,,,,,,,,,,
30731,2019,11,17,2,15,1.2000000000000002,0,0,0,1.5,,,,,,,,,,,,,,,,,,,,,,,,,,,,,,,,,,,,
30732,2019,11,17,2,30,1.2000000000000002,0,0,0,1.4,,,,,,,,,,,,,,,,,,,,,,,,,,,,,,,,,,,,
30733,2019,11,17,2,45,1.2000000000000002,0,0,0,1.2000000000000002,,,,,,,,,,,,,,,,,,,,,,,,,,,,,,,,,,,,
30734,2019,11,17,3,0,1.1,0,0,0,1.1,,,,,,,,,,,,,,,,,,,,,,,,,,,,,,,,,,,,
30735,2019,11,17,3,15,1.1,0,0,0,1.1,,,,,,,,,,,,,,,,,,,,,,,,,,,,,,,,,,,,
30736,2019,11,17,3,30,1.1,0,0,0,1.0,,,,,,,,,,,,,,,,,,,,,,,,,,,,,,,,,,,,
30737,2019,11,17,3,45,1.1,0,0,0,1.0,,,,,,,,,,,,,,,,,,,,,,,,,,,,,,,,,,,,
30738,2019,11,17,4,0,1.1,0,0,0,0.9,,,,,,,,,,,,,,,,,,,,,,,,,,,,,,,,,,,,
30739,2019,11,17,4,15,1.2000000000000002,0,0,0,1.0,,,,,,,,,,,,,,,,,,,,,,,,,,,,,,,,,,,,
30740,2019,11,17,4,30,1.2000000000000002,0,0,0,1.0,,,,,,,,,,,,,,,,,,,,,,,,,,,,,,,,,,,,
30741,2019,11,17,4,45,1.2000000000000002,0,0,0,1.1,,,,,,,,,,,,,,,,,,,,,,,,,,,,,,,,,,,,
30742,2019,11,17,5,0,1.2000000000000002,0,0,0,1.1,,,,,,,,,,,,,,,,,,,,,,,,,,,,,,,,,,,,
30743,2019,11,17,5,15,1.3,0,0,0,1.2000000000000002,,,,,,,,,,,,,,,,,,,,,,,,,,,,,,,,,,,,
30744,2019,11,17,5,30,1.3,0,0,0,1.3,,,,,,,,,,,,,,,,,,,,,,,,,,,,,,,,,,,,
30745,2019,11,17,5,45,1.3,0,0,0,1.4,,,,,,,,,,,,,,,,,,,,,,,,,,,,,,,,,,,,
30746,2019,11,17,6,0,1.3,0,0,0,1.5,,,,,,,,,,,,,,,,,,,,,,,,,,,,,,,,,,,,
30747,2019,11,17,6,15,1.3,0,0,0,1.6,,,,,,,,,,,,,,,,,,,,,,,,,,,,,,,,,,,,
30748,2019,11,17,6,30,1.4,0,0,0,1.7000000000000002,,,,,,,,,,,,,,,,,,,,,,,,,,,,,,,,,,,,
30749,2019,11,17,6,45,1.4,0,0,0,1.8,,,,,,,,,,,,,,,,,,,,,,,,,,,,,,,,,,,,
30750,2019,11,17,7,0,1.4,0,0,0,1.9,,,,,,,,,,,,,,,,,,,,,,,,,,,,,,,,,,,,
30751,2019,11,17,7,15,1.5,0,0,0,2.0,,,,,,,,,,,,,,,,,,,,,,,,,,,,,,,,,,,,
30752,2019,11,17,7,30,1.5,0,0,0,2.1,,,,,,,,,,,,,,,,,,,,,,,,,,,,,,,,,,,,
30753,2019,11,17,7,45,1.6,0,0,0,2.2,,,,,,,,,,,,,,,,,,,,,,,,,,,,,,,,,,,,
30754,2019,11,17,8,0,1.7000000000000002,4,0,4,2.2,,,,,,,,,,,,,,,,,,,,,,,,,,,,,,,,,,,,
30755,2019,11,17,8,15,1.8,5,0,5,2.4000000000000004,,,,,,,,,,,,,,,,,,,,,,,,,,,,,,,,,,,,
30756,2019,11,17,8,30,2.0,6,0,6,2.5,,,,,,,,,,,,,,,,,,,,,,,,,,,,,,,,,,,,
30757,2019,11,17,8,45,2.1,6,0,6,2.7,,,,,,,,,,,,,,,,,,,,,,,,,,,,,,,,,,,,
30758,2019,11,17,9,0,2.3000000000000003,7,0,7,2.8000000000000003,,,,,,,,,,,,,,,,,,,,,,,,,,,,,,,,,,,,
30759,2019,11,17,9,15,2.4000000000000004,8,0,8,2.9000000000000004,,,,,,,,,,,,,,,,,,,,,,,,,,,,,,,,,,,,
30760,2019,11,17,9,30,2.6,9,0,9,3.1,,,,,,,,,,,,,,,,,,,,,,,,,,,,,,,,,,,,
30761,2019,11,17,9,45,2.8000000000000003,9,0,9,3.2,,,,,,,,,,,,,,,,,,,,,,,,,,,,,,,,,,,,
30762,2019,11,17,10,0,2.9000000000000004,10,0,10,3.3000000000000003,,,,,,,,,,,,,,,,,,,,,,,,,,,,,,,,,,,,
30763,2019,11,17,10,15,3.1,11,0,11,3.5,,,,,,,,,,,,,,,,,,,,,,,,,,,,,,,,,,,,
30764,2019,11,17,10,30,3.2,12,0,12,3.6,,,,,,,,,,,,,,,,,,,,,,,,,,,,,,,,,,,,
30765,2019,11,17,10,45,3.4000000000000004,10,0,10,3.7,,,,,,,,,,,,,,,,,,,,,,,,,,,,,,,,,,,,
30766,2019,11,17,11,0,3.6,13,0,13,3.9,,,,,,,,,,,,,,,,,,,,,,,,,,,,,,,,,,,,
30767,2019,11,17,11,15,3.7,14,0,14,3.9,,,,,,,,,,,,,,,,,,,,,,,,,,,,,,,,,,,,
30768,2019,11,17,11,30,3.8,12,0,12,3.9,,,,,,,,,,,,,,,,,,,,,,,,,,,,,,,,,,,,
30769,2019,11,17,11,45,3.9,14,0,14,4.0,,,,,,,,,,,,,,,,,,,,,,,,,,,,,,,,,,,,
30770,2019,11,17,12,0,4.0,12,0,12,4.0,,,,,,,,,,,,,,,,,,,,,,,,,,,,,,,,,,,,
30771,2019,11,17,12,15,4.1000000000000005,21,0,21,4.0,,,,,,,,,,,,,,,,,,,,,,,,,,,,,,,,,,,,
30772,2019,11,17,12,30,4.2,21,0,21,4.0,,,,,,,,,,,,,,,,,,,,,,,,,,,,,,,,,,,,
30773,2019,11,17,12,45,4.3,20,0,20,4.0,,,,,,,,,,,,,,,,,,,,,,,,,,,,,,,,,,,,
30774,2019,11,17,13,0,4.4,11,0,11,3.9,,,,,,,,,,,,,,,,,,,,,,,,,,,,,,,,,,,,
30775,2019,11,17,13,15,4.5,10,0,10,3.9,,,,,,,,,,,,,,,,,,,,,,,,,,,,,,,,,,,,
30776,2019,11,17,13,30,4.5,12,0,12,3.9,,,,,,,,,,,,,,,,,,,,,,,,,,,,,,,,,,,,
30777,2019,11,17,13,45,4.6000000000000005,11,0,11,3.8,,,,,,,,,,,,,,,,,,,,,,,,,,,,,,,,,,,,
30778,2019,11,17,14,0,4.7,14,0,14,3.8,,,,,,,,,,,,,,,,,,,,,,,,,,,,,,,,,,,,
30779,2019,11,17,14,15,4.7,9,0,9,3.7,,,,,,,,,,,,,,,,,,,,,,,,,,,,,,,,,,,,
30780,2019,11,17,14,30,4.800000000000001,8,0,8,3.7,,,,,,,,,,,,,,,,,,,,,,,,,,,,,,,,,,,,
30781,2019,11,17,14,45,4.800000000000001,8,0,8,3.7,,,,,,,,,,,,,,,,,,,,,,,,,,,,,,,,,,,,
30782,2019,11,17,15,0,4.9,7,0,7,3.7,,,,,,,,,,,,,,,,,,,,,,,,,,,,,,,,,,,,
30783,2019,11,17,15,15,4.9,6,0,6,3.6,,,,,,,,,,,,,,,,,,,,,,,,,,,,,,,,,,,,
30784,2019,11,17,15,30,4.9,5,0,5,3.5,,,,,,,,,,,,,,,,,,,,,,,,,,,,,,,,,,,,
30785,2019,11,17,15,45,4.9,4,0,4,3.5,,,,,,,,,,,,,,,,,,,,,,,,,,,,,,,,,,,,
30786,2019,11,17,16,0,4.9,3,0,3,3.4000000000000004,,,,,,,,,,,,,,,,,,,,,,,,,,,,,,,,,,,,
30787,2019,11,17,16,15,4.9,0,0,0,3.4000000000000004,,,,,,,,,,,,,,,,,,,,,,,,,,,,,,,,,,,,
30788,2019,11,17,16,30,5.0,0,0,0,3.3000000000000003,,,,,,,,,,,,,,,,,,,,,,,,,,,,,,,,,,,,
30789,2019,11,17,16,45,5.0,0,0,0,3.3000000000000003,,,,,,,,,,,,,,,,,,,,,,,,,,,,,,,,,,,,
30790,2019,11,17,17,0,5.0,0,0,0,3.3000000000000003,,,,,,,,,,,,,,,,,,,,,,,,,,,,,,,,,,,,
30791,2019,11,17,17,15,5.0,0,0,0,3.2,,,,,,,,,,,,,,,,,,,,,,,,,,,,,,,,,,,,
30792,2019,11,17,17,30,4.9,0,0,0,3.2,,,,,,,,,,,,,,,,,,,,,,,,,,,,,,,,,,,,
30793,2019,11,17,17,45,4.9,0,0,0,3.2,,,,,,,,,,,,,,,,,,,,,,,,,,,,,,,,,,,,
30794,2019,11,17,18,0,4.9,0,0,0,3.1,,,,,,,,,,,,,,,,,,,,,,,,,,,,,,,,,,,,
30795,2019,11,17,18,15,4.9,0,0,0,3.1,,,,,,,,,,,,,,,,,,,,,,,,,,,,,,,,,,,,
30796,2019,11,17,18,30,4.9,0,0,0,3.1,,,,,,,,,,,,,,,,,,,,,,,,,,,,,,,,,,,,
30797,2019,11,17,18,45,4.9,0,0,0,3.1,,,,,,,,,,,,,,,,,,,,,,,,,,,,,,,,,,,,
30798,2019,11,17,19,0,4.9,0,0,0,3.1,,,,,,,,,,,,,,,,,,,,,,,,,,,,,,,,,,,,
30799,2019,11,17,19,15,4.9,0,0,0,3.1,,,,,,,,,,,,,,,,,,,,,,,,,,,,,,,,,,,,
30800,2019,11,17,19,30,4.9,0,0,0,3.1,,,,,,,,,,,,,,,,,,,,,,,,,,,,,,,,,,,,
30801,2019,11,17,19,45,4.9,0,0,0,3.0,,,,,,,,,,,,,,,,,,,,,,,,,,,,,,,,,,,,
30802,2019,11,17,20,0,4.9,0,0,0,3.0,,,,,,,,,,,,,,,,,,,,,,,,,,,,,,,,,,,,
30803,2019,11,17,20,15,4.9,0,0,0,3.0,,,,,,,,,,,,,,,,,,,,,,,,,,,,,,,,,,,,
30804,2019,11,17,20,30,4.9,0,0,0,2.9000000000000004,,,,,,,,,,,,,,,,,,,,,,,,,,,,,,,,,,,,
30805,2019,11,17,20,45,4.9,0,0,0,2.9000000000000004,,,,,,,,,,,,,,,,,,,,,,,,,,,,,,,,,,,,
30806,2019,11,17,21,0,4.9,0,0,0,2.9000000000000004,,,,,,,,,,,,,,,,,,,,,,,,,,,,,,,,,,,,
30807,2019,11,17,21,15,4.9,0,0,0,2.8000000000000003,,,,,,,,,,,,,,,,,,,,,,,,,,,,,,,,,,,,
30808,2019,11,17,21,30,5.0,0,0,0,2.7,,,,,,,,,,,,,,,,,,,,,,,,,,,,,,,,,,,,
30809,2019,11,17,21,45,5.0,0,0,0,2.6,,,,,,,,,,,,,,,,,,,,,,,,,,,,,,,,,,,,
30810,2019,11,17,22,0,5.1000000000000005,0,0,0,2.6,,,,,,,,,,,,,,,,,,,,,,,,,,,,,,,,,,,,
30811,2019,11,17,22,15,5.1000000000000005,0,0,0,2.5,,,,,,,,,,,,,,,,,,,,,,,,,,,,,,,,,,,,
30812,2019,11,17,22,30,5.2,0,0,0,2.4000000000000004,,,,,,,,,,,,,,,,,,,,,,,,,,,,,,,,,,,,
30813,2019,11,17,22,45,5.300000000000001,0,0,0,2.3000000000000003,,,,,,,,,,,,,,,,,,,,,,,,,,,,,,,,,,,,
30814,2019,11,17,23,0,5.300000000000001,0,0,0,2.2,,,,,,,,,,,,,,,,,,,,,,,,,,,,,,,,,,,,
30815,2019,11,17,23,15,5.4,0,0,0,2.1,,,,,,,,,,,,,,,,,,,,,,,,,,,,,,,,,,,,
30816,2019,11,17,23,30,5.4,0,0,0,2.0,,,,,,,,,,,,,,,,,,,,,,,,,,,,,,,,,,,,
30817,2019,11,17,23,45,5.4,0,0,0,2.0,,,,,,,,,,,,,,,,,,,,,,,,,,,,,,,,,,,,
30818,2019,11,18,0,0,5.4,0,0,0,1.9,,,,,,,,,,,,,,,,,,,,,,,,,,,,,,,,,,,,
30819,2019,11,18,0,15,5.4,0,0,0,1.9,,,,,,,,,,,,,,,,,,,,,,,,,,,,,,,,,,,,
30820,2019,11,18,0,30,5.4,0,0,0,1.9,,,,,,,,,,,,,,,,,,,,,,,,,,,,,,,,,,,,
30821,2019,11,18,0,45,5.4,0,0,0,1.9,,,,,,,,,,,,,,,,,,,,,,,,,,,,,,,,,,,,
30822,2019,11,18,1,0,5.5,0,0,0,1.8,,,,,,,,,,,,,,,,,,,,,,,,,,,,,,,,,,,,
30823,2019,11,18,1,15,5.6000000000000005,0,0,0,1.7000000000000002,,,,,,,,,,,,,,,,,,,,,,,,,,,,,,,,,,,,
30824,2019,11,18,1,30,5.6000000000000005,0,0,0,1.7000000000000002,,,,,,,,,,,,,,,,,,,,,,,,,,,,,,,,,,,,
30825,2019,11,18,1,45,5.6000000000000005,0,0,0,1.6,,,,,,,,,,,,,,,,,,,,,,,,,,,,,,,,,,,,
30826,2019,11,18,2,0,5.6000000000000005,0,0,0,1.5,,,,,,,,,,,,,,,,,,,,,,,,,,,,,,,,,,,,
30827,2019,11,18,2,15,5.7,0,0,0,1.4,,,,,,,,,,,,,,,,,,,,,,,,,,,,,,,,,,,,
30828,2019,11,18,2,30,5.7,0,0,0,1.3,,,,,,,,,,,,,,,,,,,,,,,,,,,,,,,,,,,,
30829,2019,11,18,2,45,5.7,0,0,0,1.2000000000000002,,,,,,,,,,,,,,,,,,,,,,,,,,,,,,,,,,,,
30830,2019,11,18,3,0,5.7,0,0,0,1.1,,,,,,,,,,,,,,,,,,,,,,,,,,,,,,,,,,,,
30831,2019,11,18,3,15,5.7,0,0,0,1.1,,,,,,,,,,,,,,,,,,,,,,,,,,,,,,,,,,,,
30832,2019,11,18,3,30,5.7,0,0,0,1.0,,,,,,,,,,,,,,,,,,,,,,,,,,,,,,,,,,,,
30833,2019,11,18,3,45,5.7,0,0,0,0.9,,,,,,,,,,,,,,,,,,,,,,,,,,,,,,,,,,,,
30834,2019,11,18,4,0,5.7,0,0,0,0.9,,,,,,,,,,,,,,,,,,,,,,,,,,,,,,,,,,,,
30835,2019,11,18,4,15,5.7,0,0,0,0.9,,,,,,,,,,,,,,,,,,,,,,,,,,,,,,,,,,,,
30836,2019,11,18,4,30,5.7,0,0,0,0.9,,,,,,,,,,,,,,,,,,,,,,,,,,,,,,,,,,,,
30837,2019,11,18,4,45,5.6000000000000005,0,0,0,0.8,,,,,,,,,,,,,,,,,,,,,,,,,,,,,,,,,,,,
30838,2019,11,18,5,0,5.6000000000000005,0,0,0,0.8,,,,,,,,,,,,,,,,,,,,,,,,,,,,,,,,,,,,
30839,2019,11,18,5,15,5.6000000000000005,0,0,0,0.8,,,,,,,,,,,,,,,,,,,,,,,,,,,,,,,,,,,,
30840,2019,11,18,5,30,5.6000000000000005,0,0,0,0.8,,,,,,,,,,,,,,,,,,,,,,,,,,,,,,,,,,,,
30841,2019,11,18,5,45,5.6000000000000005,0,0,0,0.9,,,,,,,,,,,,,,,,,,,,,,,,,,,,,,,,,,,,
30842,2019,11,18,6,0,5.6000000000000005,0,0,0,0.9,,,,,,,,,,,,,,,,,,,,,,,,,,,,,,,,,,,,
30843,2019,11,18,6,15,5.6000000000000005,0,0,0,0.9,,,,,,,,,,,,,,,,,,,,,,,,,,,,,,,,,,,,
30844,2019,11,18,6,30,5.6000000000000005,0,0,0,1.0,,,,,,,,,,,,,,,,,,,,,,,,,,,,,,,,,,,,
30845,2019,11,18,6,45,5.7,0,0,0,1.1,,,,,,,,,,,,,,,,,,,,,,,,,,,,,,,,,,,,
30846,2019,11,18,7,0,5.7,0,0,0,1.1,,,,,,,,,,,,,,,,,,,,,,,,,,,,,,,,,,,,
30847,2019,11,18,7,15,5.7,0,0,0,1.3,,,,,,,,,,,,,,,,,,,,,,,,,,,,,,,,,,,,
30848,2019,11,18,7,30,5.800000000000001,0,0,0,1.4,,,,,,,,,,,,,,,,,,,,,,,,,,,,,,,,,,,,
30849,2019,11,18,7,45,5.800000000000001,0,0,0,1.6,,,,,,,,,,,,,,,,,,,,,,,,,,,,,,,,,,,,
30850,2019,11,18,8,0,5.800000000000001,3,0,3,1.7000000000000002,,,,,,,,,,,,,,,,,,,,,,,,,,,,,,,,,,,,
30851,2019,11,18,8,15,5.800000000000001,5,0,5,1.9,,,,,,,,,,,,,,,,,,,,,,,,,,,,,,,,,,,,
30852,2019,11,18,8,30,5.800000000000001,6,0,6,2.1,,,,,,,,,,,,,,,,,,,,,,,,,,,,,,,,,,,,
30853,2019,11,18,8,45,5.800000000000001,7,0,7,2.3000000000000003,,,,,,,,,,,,,,,,,,,,,,,,,,,,,,,,,,,,
30854,2019,11,18,9,0,5.800000000000001,7,0,7,2.5,,,,,,,,,,,,,,,,,,,,,,,,,,,,,,,,,,,,
30855,2019,11,18,9,15,5.800000000000001,8,0,8,2.6,,,,,,,,,,,,,,,,,,,,,,,,,,,,,,,,,,,,
30856,2019,11,18,9,30,5.7,9,0,9,2.8000000000000003,,,,,,,,,,,,,,,,,,,,,,,,,,,,,,,,,,,,
30857,2019,11,18,9,45,5.6000000000000005,10,0,10,2.9000000000000004,,,,,,,,,,,,,,,,,,,,,,,,,,,,,,,,,,,,
30858,2019,11,18,10,0,5.6000000000000005,11,0,11,3.1,,,,,,,,,,,,,,,,,,,,,,,,,,,,,,,,,,,,
30859,2019,11,18,10,15,5.5,16,0,16,3.2,,,,,,,,,,,,,,,,,,,,,,,,,,,,,,,,,,,,
30860,2019,11,18,10,30,5.4,17,0,17,3.3000000000000003,,,,,,,,,,,,,,,,,,,,,,,,,,,,,,,,,,,,
30861,2019,11,18,10,45,5.2,18,0,18,3.5,,,,,,,,,,,,,,,,,,,,,,,,,,,,,,,,,,,,
30862,2019,11,18,11,0,5.1000000000000005,19,0,19,3.6,,,,,,,,,,,,,,,,,,,,,,,,,,,,,,,,,,,,
30863,2019,11,18,11,15,5.1000000000000005,20,0,20,3.6,,,,,,,,,,,,,,,,,,,,,,,,,,,,,,,,,,,,
30864,2019,11,18,11,30,5.1000000000000005,21,0,21,3.6,,,,,,,,,,,,,,,,,,,,,,,,,,,,,,,,,,,,
30865,2019,11,18,11,45,5.1000000000000005,21,0,21,3.6,,,,,,,,,,,,,,,,,,,,,,,,,,,,,,,,,,,,
30866,2019,11,18,12,0,5.1000000000000005,22,0,22,3.6,,,,,,,,,,,,,,,,,,,,,,,,,,,,,,,,,,,,
30867,2019,11,18,12,15,5.2,23,0,23,3.6,,,,,,,,,,,,,,,,,,,,,,,,,,,,,,,,,,,,
30868,2019,11,18,12,30,5.300000000000001,14,0,14,3.6,,,,,,,,,,,,,,,,,,,,,,,,,,,,,,,,,,,,
30869,2019,11,18,12,45,5.4,23,0,23,3.5,,,,,,,,,,,,,,,,,,,,,,,,,,,,,,,,,,,,
30870,2019,11,18,13,0,5.5,12,0,12,3.5,,,,,,,,,,,,,,,,,,,,,,,,,,,,,,,,,,,,
30871,2019,11,18,13,15,5.6000000000000005,12,0,12,3.5,,,,,,,,,,,,,,,,,,,,,,,,,,,,,,,,,,,,
30872,2019,11,18,13,30,5.7,11,0,11,3.4000000000000004,,,,,,,,,,,,,,,,,,,,,,,,,,,,,,,,,,,,
30873,2019,11,18,13,45,5.800000000000001,10,0,10,3.4000000000000004,,,,,,,,,,,,,,,,,,,,,,,,,,,,,,,,,,,,
30874,2019,11,18,14,0,5.9,10,0,10,3.4000000000000004,,,,,,,,,,,,,,,,,,,,,,,,,,,,,,,,,,,,
30875,2019,11,18,14,15,5.9,9,0,9,3.3000000000000003,,,,,,,,,,,,,,,,,,,,,,,,,,,,,,,,,,,,
30876,2019,11,18,14,30,5.800000000000001,12,0,12,3.2,,,,,,,,,,,,,,,,,,,,,,,,,,,,,,,,,,,,
30877,2019,11,18,14,45,5.800000000000001,10,0,10,3.1,,,,,,,,,,,,,,,,,,,,,,,,,,,,,,,,,,,,
30878,2019,11,18,15,0,5.7,9,0,9,3.0,,,,,,,,,,,,,,,,,,,,,,,,,,,,,,,,,,,,
30879,2019,11,18,15,15,5.2,7,0,7,2.8000000000000003,,,,,,,,,,,,,,,,,,,,,,,,,,,,,,,,,,,,
30880,2019,11,18,15,30,4.7,5,0,5,2.7,,,,,,,,,,,,,,,,,,,,,,,,,,,,,,,,,,,,
30881,2019,11,18,15,45,4.2,4,0,4,2.5,,,,,,,,,,,,,,,,,,,,,,,,,,,,,,,,,,,,
30882,2019,11,18,16,0,3.7,15,103,19,2.4000000000000004,,,,,,,,,,,,,,,,,,,,,,,,,,,,,,,,,,,,
30883,2019,11,18,16,15,3.5,0,0,0,2.5,,,,,,,,,,,,,,,,,,,,,,,,,,,,,,,,,,,,
30884,2019,11,18,16,30,3.4000000000000004,0,0,0,2.6,,,,,,,,,,,,,,,,,,,,,,,,,,,,,,,,,,,,
30885,2019,11,18,16,45,3.3000000000000003,0,0,0,2.7,,,,,,,,,,,,,,,,,,,,,,,,,,,,,,,,,,,,
30886,2019,11,18,17,0,3.1,0,0,0,2.8000000000000003,,,,,,,,,,,,,,,,,,,,,,,,,,,,,,,,,,,,
30887,2019,11,18,17,15,3.1,0,0,0,3.0,,,,,,,,,,,,,,,,,,,,,,,,,,,,,,,,,,,,
30888,2019,11,18,17,30,3.1,0,0,0,3.1,,,,,,,,,,,,,,,,,,,,,,,,,,,,,,,,,,,,
30889,2019,11,18,17,45,3.1,0,0,0,3.3000000000000003,,,,,,,,,,,,,,,,,,,,,,,,,,,,,,,,,,,,
30890,2019,11,18,18,0,3.1,0,0,0,3.4000000000000004,,,,,,,,,,,,,,,,,,,,,,,,,,,,,,,,,,,,
30891,2019,11,18,18,15,3.0,0,0,0,3.6,,,,,,,,,,,,,,,,,,,,,,,,,,,,,,,,,,,,
30892,2019,11,18,18,30,3.0,0,0,0,3.7,,,,,,,,,,,,,,,,,,,,,,,,,,,,,,,,,,,,
30893,2019,11,18,18,45,2.9000000000000004,0,0,0,3.8,,,,,,,,,,,,,,,,,,,,,,,,,,,,,,,,,,,,
30894,2019,11,18,19,0,2.8000000000000003,0,0,0,3.9,,,,,,,,,,,,,,,,,,,,,,,,,,,,,,,,,,,,
30895,2019,11,18,19,15,2.7,0,0,0,3.9,,,,,,,,,,,,,,,,,,,,,,,,,,,,,,,,,,,,
30896,2019,11,18,19,30,2.6,0,0,0,3.9,,,,,,,,,,,,,,,,,,,,,,,,,,,,,,,,,,,,
30897,2019,11,18,19,45,2.5,0,0,0,4.0,,,,,,,,,,,,,,,,,,,,,,,,,,,,,,,,,,,,
30898,2019,11,18,20,0,2.4000000000000004,0,0,0,4.0,,,,,,,,,,,,,,,,,,,,,,,,,,,,,,,,,,,,
30899,2019,11,18,20,15,2.3000000000000003,0,0,0,4.0,,,,,,,,,,,,,,,,,,,,,,,,,,,,,,,,,,,,
30900,2019,11,18,20,30,2.2,0,0,0,4.1000000000000005,,,,,,,,,,,,,,,,,,,,,,,,,,,,,,,,,,,,
30901,2019,11,18,20,45,2.1,0,0,0,4.2,,,,,,,,,,,,,,,,,,,,,,,,,,,,,,,,,,,,
30902,2019,11,18,21,0,2.0,0,0,0,4.2,,,,,,,,,,,,,,,,,,,,,,,,,,,,,,,,,,,,
30903,2019,11,18,21,15,2.0,0,0,0,4.3,,,,,,,,,,,,,,,,,,,,,,,,,,,,,,,,,,,,
30904,2019,11,18,21,30,1.9,0,0,0,4.4,,,,,,,,,,,,,,,,,,,,,,,,,,,,,,,,,,,,
30905,2019,11,18,21,45,1.9,0,0,0,4.5,,,,,,,,,,,,,,,,,,,,,,,,,,,,,,,,,,,,
30906,2019,11,18,22,0,1.9,0,0,0,4.5,,,,,,,,,,,,,,,,,,,,,,,,,,,,,,,,,,,,
30907,2019,11,18,22,15,1.9,0,0,0,4.6000000000000005,,,,,,,,,,,,,,,,,,,,,,,,,,,,,,,,,,,,
30908,2019,11,18,22,30,1.9,0,0,0,4.7,,,,,,,,,,,,,,,,,,,,,,,,,,,,,,,,,,,,
30909,2019,11,18,22,45,1.9,0,0,0,4.800000000000001,,,,,,,,,,,,,,,,,,,,,,,,,,,,,,,,,,,,
30910,2019,11,18,23,0,2.0,0,0,0,4.9,,,,,,,,,,,,,,,,,,,,,,,,,,,,,,,,,,,,
30911,2019,11,18,23,15,2.0,0,0,0,5.0,,,,,,,,,,,,,,,,,,,,,,,,,,,,,,,,,,,,
30912,2019,11,18,23,30,2.0,0,0,0,5.1000000000000005,,,,,,,,,,,,,,,,,,,,,,,,,,,,,,,,,,,,
30913,2019,11,18,23,45,2.1,0,0,0,5.2,,,,,,,,,,,,,,,,,,,,,,,,,,,,,,,,,,,,
30914,2019,11,19,0,0,2.1,0,0,0,5.300000000000001,,,,,,,,,,,,,,,,,,,,,,,,,,,,,,,,,,,,
30915,2019,11,19,0,15,2.1,0,0,0,5.300000000000001,,,,,,,,,,,,,,,,,,,,,,,,,,,,,,,,,,,,
30916,2019,11,19,0,30,2.1,0,0,0,5.300000000000001,,,,,,,,,,,,,,,,,,,,,,,,,,,,,,,,,,,,
30917,2019,11,19,0,45,2.1,0,0,0,5.300000000000001,,,,,,,,,,,,,,,,,,,,,,,,,,,,,,,,,,,,
30918,2019,11,19,1,0,2.3000000000000003,0,0,0,5.6000000000000005,,,,,,,,,,,,,,,,,,,,,,,,,,,,,,,,,,,,
30919,2019,11,19,1,15,2.3000000000000003,0,0,0,5.7,,,,,,,,,,,,,,,,,,,,,,,,,,,,,,,,,,,,
30920,2019,11,19,1,30,2.4000000000000004,0,0,0,5.800000000000001,,,,,,,,,,,,,,,,,,,,,,,,,,,,,,,,,,,,
30921,2019,11,19,1,45,2.5,0,0,0,5.800000000000001,,,,,,,,,,,,,,,,,,,,,,,,,,,,,,,,,,,,
30922,2019,11,19,2,0,2.6,0,0,0,5.9,,,,,,,,,,,,,,,,,,,,,,,,,,,,,,,,,,,,
30923,2019,11,19,2,15,2.7,0,0,0,5.9,,,,,,,,,,,,,,,,,,,,,,,,,,,,,,,,,,,,
30924,2019,11,19,2,30,2.7,0,0,0,5.9,,,,,,,,,,,,,,,,,,,,,,,,,,,,,,,,,,,,
30925,2019,11,19,2,45,2.8000000000000003,0,0,0,6.0,,,,,,,,,,,,,,,,,,,,,,,,,,,,,,,,,,,,
30926,2019,11,19,3,0,2.9000000000000004,0,0,0,6.0,,,,,,,,,,,,,,,,,,,,,,,,,,,,,,,,,,,,
30927,2019,11,19,3,15,3.0,0,0,0,5.9,,,,,,,,,,,,,,,,,,,,,,,,,,,,,,,,,,,,
30928,2019,11,19,3,30,3.1,0,0,0,5.9,,,,,,,,,,,,,,,,,,,,,,,,,,,,,,,,,,,,
30929,2019,11,19,3,45,3.2,0,0,0,5.9,,,,,,,,,,,,,,,,,,,,,,,,,,,,,,,,,,,,
30930,2019,11,19,4,0,3.3000000000000003,0,0,0,5.800000000000001,,,,,,,,,,,,,,,,,,,,,,,,,,,,,,,,,,,,
30931,2019,11,19,4,15,3.4000000000000004,0,0,0,5.7,,,,,,,,,,,,,,,,,,,,,,,,,,,,,,,,,,,,
30932,2019,11,19,4,30,3.4000000000000004,0,0,0,5.6000000000000005,,,,,,,,,,,,,,,,,,,,,,,,,,,,,,,,,,,,
30933,2019,11,19,4,45,3.5,0,0,0,5.5,,,,,,,,,,,,,,,,,,,,,,,,,,,,,,,,,,,,
30934,2019,11,19,5,0,3.5,0,0,0,5.5,,,,,,,,,,,,,,,,,,,,,,,,,,,,,,,,,,,,
30935,2019,11,19,5,15,3.5,0,0,0,5.300000000000001,,,,,,,,,,,,,,,,,,,,,,,,,,,,,,,,,,,,
30936,2019,11,19,5,30,3.5,0,0,0,5.2,,,,,,,,,,,,,,,,,,,,,,,,,,,,,,,,,,,,
30937,2019,11,19,5,45,3.5,0,0,0,5.0,,,,,,,,,,,,,,,,,,,,,,,,,,,,,,,,,,,,
30938,2019,11,19,6,0,3.4000000000000004,0,0,0,4.9,,,,,,,,,,,,,,,,,,,,,,,,,,,,,,,,,,,,
30939,2019,11,19,6,15,3.4000000000000004,0,0,0,4.7,,,,,,,,,,,,,,,,,,,,,,,,,,,,,,,,,,,,
30940,2019,11,19,6,30,3.3000000000000003,0,0,0,4.5,,,,,,,,,,,,,,,,,,,,,,,,,,,,,,,,,,,,
30941,2019,11,19,6,45,3.3000000000000003,0,0,0,4.4,,,,,,,,,,,,,,,,,,,,,,,,,,,,,,,,,,,,
30942,2019,11,19,7,0,3.2,0,0,0,4.2,,,,,,,,,,,,,,,,,,,,,,,,,,,,,,,,,,,,
30943,2019,11,19,7,15,3.2,0,0,0,4.1000000000000005,,,,,,,,,,,,,,,,,,,,,,,,,,,,,,,,,,,,
30944,2019,11,19,7,30,3.3000000000000003,0,0,0,4.1000000000000005,,,,,,,,,,,,,,,,,,,,,,,,,,,,,,,,,,,,
30945,2019,11,19,7,45,3.3000000000000003,0,0,0,4.0,,,,,,,,,,,,,,,,,,,,,,,,,,,,,,,,,,,,
30946,2019,11,19,8,0,3.4000000000000004,17,93,20,3.9,,,,,,,,,,,,,,,,,,,,,,,,,,,,,,,,,,,,
30947,2019,11,19,8,15,3.7,27,186,40,4.0,,,,,,,,,,,,,,,,,,,,,,,,,,,,,,,,,,,,
30948,2019,11,19,8,30,3.9,27,0,27,4.0,,,,,,,,,,,,,,,,,,,,,,,,,,,,,,,,,,,,
30949,2019,11,19,8,45,4.2,37,0,37,4.0,,,,,,,,,,,,,,,,,,,,,,,,,,,,,,,,,,,,
30950,2019,11,19,9,0,4.5,49,0,49,4.0,,,,,,,,,,,,,,,,,,,,,,,,,,,,,,,,,,,,
30951,2019,11,19,9,15,4.800000000000001,60,0,60,4.0,,,,,,,,,,,,,,,,,,,,,,,,,,,,,,,,,,,,
30952,2019,11,19,9,30,5.1000000000000005,72,4,72,4.1000000000000005,,,,,,,,,,,,,,,,,,,,,,,,,,,,,,,,,,,,
30953,2019,11,19,9,45,5.4,59,579,190,4.1000000000000005,,,,,,,,,,,,,,,,,,,,,,,,,,,,,,,,,,,,
30954,2019,11,19,10,0,5.7,90,19,95,4.1000000000000005,,,,,,,,,,,,,,,,,,,,,,,,,,,,,,,,,,,,
30955,2019,11,19,10,15,6.0,104,145,142,4.2,,,,,,,,,,,,,,,,,,,,,,,,,,,,,,,,,,,,
30956,2019,11,19,10,30,6.300000000000001,106,32,115,4.2,,,,,,,,,,,,,,,,,,,,,,,,,,,,,,,,,,,,
30957,2019,11,19,10,45,6.5,115,59,132,4.3,,,,,,,,,,,,,,,,,,,,,,,,,,,,,,,,,,,,
30958,2019,11,19,11,0,6.800000000000001,115,31,125,4.3,,,,,,,,,,,,,,,,,,,,,,,,,,,,,,,,,,,,
30959,2019,11,19,11,15,7.0,127,134,169,4.3,,,,,,,,,,,,,,,,,,,,,,,,,,,,,,,,,,,,
30960,2019,11,19,11,30,7.2,127,187,187,4.2,,,,,,,,,,,,,,,,,,,,,,,,,,,,,,,,,,,,
30961,2019,11,19,11,45,7.4,128,203,193,4.1000000000000005,,,,,,,,,,,,,,,,,,,,,,,,,,,,,,,,,,,,
30962,2019,11,19,12,0,7.6,132,137,176,4.0,,,,,,,,,,,,,,,,,,,,,,,,,,,,,,,,,,,,
30963,2019,11,19,12,15,7.6,130,83,157,3.9,,,,,,,,,,,,,,,,,,,,,,,,,,,,,,,,,,,,
30964,2019,11,19,12,30,7.7,117,302,212,3.8,,,,,,,,,,,,,,,,,,,,,,,,,,,,,,,,,,,,
30965,2019,11,19,12,45,7.800000000000001,114,302,207,3.7,,,,,,,,,,,,,,,,,,,,,,,,,,,,,,,,,,,,
30966,2019,11,19,13,0,7.800000000000001,105,340,208,3.5,,,,,,,,,,,,,,,,,,,,,,,,,,,,,,,,,,,,
30967,2019,11,19,13,15,7.800000000000001,74,0,74,3.4000000000000004,,,,,,,,,,,,,,,,,,,,,,,,,,,,,,,,,,,,
30968,2019,11,19,13,30,7.7,110,150,151,3.2,,,,,,,,,,,,,,,,,,,,,,,,,,,,,,,,,,,,
30969,2019,11,19,13,45,7.6,20,0,20,3.0,,,,,,,,,,,,,,,,,,,,,,,,,,,,,,,,,,,,
30970,2019,11,19,14,0,7.5,18,0,18,2.8000000000000003,,,,,,,,,,,,,,,,,,,,,,,,,,,,,,,,,,,,
30971,2019,11,19,14,15,7.2,16,0,16,2.4000000000000004,,,,,,,,,,,,,,,,,,,,,,,,,,,,,,,,,,,,
30972,2019,11,19,14,30,6.800000000000001,76,107,98,2.0,,,,,,,,,,,,,,,,,,,,,,,,,,,,,,,,,,,,
30973,2019,11,19,14,45,6.4,12,0,12,1.7000000000000002,,,,,,,,,,,,,,,,,,,,,,,,,,,,,,,,,,,,
30974,2019,11,19,15,0,6.0,10,0,10,1.3,,,,,,,,,,,,,,,,,,,,,,,,,,,,,,,,,,,,
30975,2019,11,19,15,15,5.4,8,0,8,1.3,,,,,,,,,,,,,,,,,,,,,,,,,,,,,,,,,,,,
30976,2019,11,19,15,30,4.800000000000001,6,0,6,1.2000000000000002,,,,,,,,,,,,,,,,,,,,,,,,,,,,,,,,,,,,
30977,2019,11,19,15,45,4.2,4,0,4,1.1,,,,,,,,,,,,,,,,,,,,,,,,,,,,,,,,,,,,
30978,2019,11,19,16,0,3.6,2,0,2,1.1,,,,,,,,,,,,,,,,,,,,,,,,,,,,,,,,,,,,
30979,2019,11,19,16,15,3.4000000000000004,0,0,0,1.1,,,,,,,,,,,,,,,,,,,,,,,,,,,,,,,,,,,,
30980,2019,11,19,16,30,3.2,0,0,0,1.1,,,,,,,,,,,,,,,,,,,,,,,,,,,,,,,,,,,,
30981,2019,11,19,16,45,3.1,0,0,0,1.1,,,,,,,,,,,,,,,,,,,,,,,,,,,,,,,,,,,,
30982,2019,11,19,17,0,2.9000000000000004,0,0,0,1.1,,,,,,,,,,,,,,,,,,,,,,,,,,,,,,,,,,,,
30983,2019,11,19,17,15,2.9000000000000004,0,0,0,1.1,,,,,,,,,,,,,,,,,,,,,,,,,,,,,,,,,,,,
30984,2019,11,19,17,30,2.9000000000000004,0,0,0,1.1,,,,,,,,,,,,,,,,,,,,,,,,,,,,,,,,,,,,
30985,2019,11,19,17,45,2.9000000000000004,0,0,0,1.1,,,,,,,,,,,,,,,,,,,,,,,,,,,,,,,,,,,,
30986,2019,11,19,18,0,2.8000000000000003,0,0,0,1.0,,,,,,,,,,,,,,,,,,,,,,,,,,,,,,,,,,,,
30987,2019,11,19,18,15,2.8000000000000003,0,0,0,1.0,,,,,,,,,,,,,,,,,,,,,,,,,,,,,,,,,,,,
30988,2019,11,19,18,30,2.8000000000000003,0,0,0,1.0,,,,,,,,,,,,,,,,,,,,,,,,,,,,,,,,,,,,
30989,2019,11,19,18,45,2.7,0,0,0,1.0,,,,,,,,,,,,,,,,,,,,,,,,,,,,,,,,,,,,
30990,2019,11,19,19,0,2.7,0,0,0,1.0,,,,,,,,,,,,,,,,,,,,,,,,,,,,,,,,,,,,
30991,2019,11,19,19,15,2.6,0,0,0,1.0,,,,,,,,,,,,,,,,,,,,,,,,,,,,,,,,,,,,
30992,2019,11,19,19,30,2.5,0,0,0,1.0,,,,,,,,,,,,,,,,,,,,,,,,,,,,,,,,,,,,
30993,2019,11,19,19,45,2.5,0,0,0,1.0,,,,,,,,,,,,,,,,,,,,,,,,,,,,,,,,,,,,
30994,2019,11,19,20,0,2.4000000000000004,0,0,0,1.0,,,,,,,,,,,,,,,,,,,,,,,,,,,,,,,,,,,,
30995,2019,11,19,20,15,2.3000000000000003,0,0,0,1.0,,,,,,,,,,,,,,,,,,,,,,,,,,,,,,,,,,,,
30996,2019,11,19,20,30,2.1,0,0,0,1.0,,,,,,,,,,,,,,,,,,,,,,,,,,,,,,,,,,,,
30997,2019,11,19,20,45,2.0,0,0,0,1.0,,,,,,,,,,,,,,,,,,,,,,,,,,,,,,,,,,,,
30998,2019,11,19,21,0,1.9,0,0,0,1.0,,,,,,,,,,,,,,,,,,,,,,,,,,,,,,,,,,,,
30999,2019,11,19,21,15,1.7000000000000002,0,0,0,1.0,,,,,,,,,,,,,,,,,,,,,,,,,,,,,,,,,,,,
31000,2019,11,19,21,30,1.6,0,0,0,1.0,,,,,,,,,,,,,,,,,,,,,,,,,,,,,,,,,,,,
31001,2019,11,19,21,45,1.5,0,0,0,1.0,,,,,,,,,,,,,,,,,,,,,,,,,,,,,,,,,,,,
31002,2019,11,19,22,0,1.3,0,0,0,1.0,,,,,,,,,,,,,,,,,,,,,,,,,,,,,,,,,,,,
31003,2019,11,19,22,15,1.2000000000000002,0,0,0,1.0,,,,,,,,,,,,,,,,,,,,,,,,,,,,,,,,,,,,
31004,2019,11,19,22,30,1.1,0,0,0,1.0,,,,,,,,,,,,,,,,,,,,,,,,,,,,,,,,,,,,
31005,2019,11,19,22,45,1.0,0,0,0,1.0,,,,,,,,,,,,,,,,,,,,,,,,,,,,,,,,,,,,
31006,2019,11,19,23,0,1.0,0,0,0,1.0,,,,,,,,,,,,,,,,,,,,,,,,,,,,,,,,,,,,
31007,2019,11,19,23,15,0.9,0,0,0,1.0,,,,,,,,,,,,,,,,,,,,,,,,,,,,,,,,,,,,
31008,2019,11,19,23,30,0.8,0,0,0,1.0,,,,,,,,,,,,,,,,,,,,,,,,,,,,,,,,,,,,
31009,2019,11,19,23,45,0.7000000000000001,0,0,0,1.0,,,,,,,,,,,,,,,,,,,,,,,,,,,,,,,,,,,,
31010,2019,11,20,0,0,0.6000000000000001,0,0,0,0.9,,,,,,,,,,,,,,,,,,,,,,,,,,,,,,,,,,,,
31011,2019,11,20,0,15,0.6000000000000001,0,0,0,0.9,,,,,,,,,,,,,,,,,,,,,,,,,,,,,,,,,,,,
31012,2019,11,20,0,30,0.6000000000000001,0,0,0,0.9,,,,,,,,,,,,,,,,,,,,,,,,,,,,,,,,,,,,
31013,2019,11,20,0,45,0.6000000000000001,0,0,0,0.9,,,,,,,,,,,,,,,,,,,,,,,,,,,,,,,,,,,,
31014,2019,11,20,1,0,0.4,0,0,0,0.9,,,,,,,,,,,,,,,,,,,,,,,,,,,,,,,,,,,,
31015,2019,11,20,1,15,0.3,0,0,0,0.9,,,,,,,,,,,,,,,,,,,,,,,,,,,,,,,,,,,,
31016,2019,11,20,1,30,0.3,0,0,0,0.9,,,,,,,,,,,,,,,,,,,,,,,,,,,,,,,,,,,,
31017,2019,11,20,1,45,0.2,0,0,0,0.8,,,,,,,,,,,,,,,,,,,,,,,,,,,,,,,,,,,,
31018,2019,11,20,2,0,0.2,0,0,0,0.8,,,,,,,,,,,,,,,,,,,,,,,,,,,,,,,,,,,,
31019,2019,11,20,2,15,0.1,0,0,0,0.8,,,,,,,,,,,,,,,,,,,,,,,,,,,,,,,,,,,,
31020,2019,11,20,2,30,0.1,0,0,0,0.8,,,,,,,,,,,,,,,,,,,,,,,,,,,,,,,,,,,,
31021,2019,11,20,2,45,0.0,0,0,0,0.8,,,,,,,,,,,,,,,,,,,,,,,,,,,,,,,,,,,,
31022,2019,11,20,3,0,0.0,0,0,0,0.7000000000000001,,,,,,,,,,,,,,,,,,,,,,,,,,,,,,,,,,,,
31023,2019,11,20,3,15,0.0,0,0,0,0.7000000000000001,,,,,,,,,,,,,,,,,,,,,,,,,,,,,,,,,,,,
31024,2019,11,20,3,30,-0.1,0,0,0,0.7000000000000001,,,,,,,,,,,,,,,,,,,,,,,,,,,,,,,,,,,,
31025,2019,11,20,3,45,-0.1,0,0,0,0.7000000000000001,,,,,,,,,,,,,,,,,,,,,,,,,,,,,,,,,,,,
31026,2019,11,20,4,0,-0.1,0,0,0,0.6000000000000001,,,,,,,,,,,,,,,,,,,,,,,,,,,,,,,,,,,,
31027,2019,11,20,4,15,-0.2,0,0,0,0.6000000000000001,,,,,,,,,,,,,,,,,,,,,,,,,,,,,,,,,,,,
31028,2019,11,20,4,30,-0.2,0,0,0,0.6000000000000001,,,,,,,,,,,,,,,,,,,,,,,,,,,,,,,,,,,,
31029,2019,11,20,4,45,-0.2,0,0,0,0.6000000000000001,,,,,,,,,,,,,,,,,,,,,,,,,,,,,,,,,,,,
31030,2019,11,20,5,0,-0.3,0,0,0,0.6000000000000001,,,,,,,,,,,,,,,,,,,,,,,,,,,,,,,,,,,,
31031,2019,11,20,5,15,-0.2,0,0,0,0.6000000000000001,,,,,,,,,,,,,,,,,,,,,,,,,,,,,,,,,,,,
31032,2019,11,20,5,30,-0.2,0,0,0,0.6000000000000001,,,,,,,,,,,,,,,,,,,,,,,,,,,,,,,,,,,,
31033,2019,11,20,5,45,-0.2,0,0,0,0.6000000000000001,,,,,,,,,,,,,,,,,,,,,,,,,,,,,,,,,,,,
31034,2019,11,20,6,0,-0.2,0,0,0,0.6000000000000001,,,,,,,,,,,,,,,,,,,,,,,,,,,,,,,,,,,,
31035,2019,11,20,6,15,-0.1,0,0,0,0.6000000000000001,,,,,,,,,,,,,,,,,,,,,,,,,,,,,,,,,,,,
31036,2019,11,20,6,30,-0.1,0,0,0,0.7000000000000001,,,,,,,,,,,,,,,,,,,,,,,,,,,,,,,,,,,,
31037,2019,11,20,6,45,-0.1,0,0,0,0.7000000000000001,,,,,,,,,,,,,,,,,,,,,,,,,,,,,,,,,,,,
31038,2019,11,20,7,0,-0.1,0,0,0,0.8,,,,,,,,,,,,,,,,,,,,,,,,,,,,,,,,,,,,
31039,2019,11,20,7,15,0.0,0,0,0,0.8,,,,,,,,,,,,,,,,,,,,,,,,,,,,,,,,,,,,
31040,2019,11,20,7,30,0.1,0,0,0,0.7000000000000001,,,,,,,,,,,,,,,,,,,,,,,,,,,,,,,,,,,,
31041,2019,11,20,7,45,0.1,0,0,0,0.7000000000000001,,,,,,,,,,,,,,,,,,,,,,,,,,,,,,,,,,,,
31042,2019,11,20,8,0,0.2,16,103,19,0.6000000000000001,,,,,,,,,,,,,,,,,,,,,,,,,,,,,,,,,,,,
31043,2019,11,20,8,15,0.4,7,0,7,0.6000000000000001,,,,,,,,,,,,,,,,,,,,,,,,,,,,,,,,,,,,
31044,2019,11,20,8,30,0.5,35,287,62,0.6000000000000001,,,,,,,,,,,,,,,,,,,,,,,,,,,,,,,,,,,,
31045,2019,11,20,8,45,0.7000000000000001,43,353,86,0.6000000000000001,,,,,,,,,,,,,,,,,,,,,,,,,,,,,,,,,,,,
31046,2019,11,20,9,0,0.9,49,414,112,0.6000000000000001,,,,,,,,,,,,,,,,,,,,,,,,,,,,,,,,,,,,
31047,2019,11,20,9,15,1.1,21,0,21,0.6000000000000001,,,,,,,,,,,,,,,,,,,,,,,,,,,,,,,,,,,,
31048,2019,11,20,9,30,1.3,60,506,162,0.6000000000000001,,,,,,,,,,,,,,,,,,,,,,,,,,,,,,,,,,,,
31049,2019,11,20,9,45,1.5,29,0,29,0.6000000000000001,,,,,,,,,,,,,,,,,,,,,,,,,,,,,,,,,,,,
31050,2019,11,20,10,0,1.7000000000000002,33,0,33,0.6000000000000001,,,,,,,,,,,,,,,,,,,,,,,,,,,,,,,,,,,,
31051,2019,11,20,10,15,1.9,37,0,37,0.6000000000000001,,,,,,,,,,,,,,,,,,,,,,,,,,,,,,,,,,,,
31052,2019,11,20,10,30,2.1,40,0,40,0.6000000000000001,,,,,,,,,,,,,,,,,,,,,,,,,,,,,,,,,,,,
31053,2019,11,20,10,45,2.3000000000000003,43,0,43,0.6000000000000001,,,,,,,,,,,,,,,,,,,,,,,,,,,,,,,,,,,,
31054,2019,11,20,11,0,2.5,45,0,45,0.6000000000000001,,,,,,,,,,,,,,,,,,,,,,,,,,,,,,,,,,,,
31055,2019,11,20,11,15,2.8000000000000003,20,0,20,0.6000000000000001,,,,,,,,,,,,,,,,,,,,,,,,,,,,,,,,,,,,
31056,2019,11,20,11,30,3.1,12,0,12,0.6000000000000001,,,,,,,,,,,,,,,,,,,,,,,,,,,,,,,,,,,,
31057,2019,11,20,11,45,3.3000000000000003,21,0,21,0.7000000000000001,,,,,,,,,,,,,,,,,,,,,,,,,,,,,,,,,,,,
31058,2019,11,20,12,0,3.6,21,0,21,0.7000000000000001,,,,,,,,,,,,,,,,,,,,,,,,,,,,,,,,,,,,
31059,2019,11,20,12,15,3.7,21,0,21,0.7000000000000001,,,,,,,,,,,,,,,,,,,,,,,,,,,,,,,,,,,,
31060,2019,11,20,12,30,3.8,20,0,20,0.7000000000000001,,,,,,,,,,,,,,,,,,,,,,,,,,,,,,,,,,,,
31061,2019,11,20,12,45,3.9,19,0,19,0.7000000000000001,,,,,,,,,,,,,,,,,,,,,,,,,,,,,,,,,,,,
31062,2019,11,20,13,0,4.0,19,0,19,0.7000000000000001,,,,,,,,,,,,,,,,,,,,,,,,,,,,,,,,,,,,
31063,2019,11,20,13,15,4.0,18,0,18,0.7000000000000001,,,,,,,,,,,,,,,,,,,,,,,,,,,,,,,,,,,,
31064,2019,11,20,13,30,4.0,17,0,17,0.7000000000000001,,,,,,,,,,,,,,,,,,,,,,,,,,,,,,,,,,,,
31065,2019,11,20,13,45,4.0,15,0,15,0.7000000000000001,,,,,,,,,,,,,,,,,,,,,,,,,,,,,,,,,,,,
31066,2019,11,20,14,0,4.1000000000000005,14,0,14,0.7000000000000001,,,,,,,,,,,,,,,,,,,,,,,,,,,,,,,,,,,,
31067,2019,11,20,14,15,3.9,12,0,12,0.7000000000000001,,,,,,,,,,,,,,,,,,,,,,,,,,,,,,,,,,,,
31068,2019,11,20,14,30,3.8,11,0,11,0.7000000000000001,,,,,,,,,,,,,,,,,,,,,,,,,,,,,,,,,,,,
31069,2019,11,20,14,45,3.7,63,392,131,0.6000000000000001,,,,,,,,,,,,,,,,,,,,,,,,,,,,,,,,,,,,
31070,2019,11,20,15,0,3.6,8,0,8,0.6000000000000001,,,,,,,,,,,,,,,,,,,,,,,,,,,,,,,,,,,,
31071,2019,11,20,15,15,3.3000000000000003,6,0,6,0.6000000000000001,,,,,,,,,,,,,,,,,,,,,,,,,,,,,,,,,,,,
31072,2019,11,20,15,30,3.0,5,0,5,0.6000000000000001,,,,,,,,,,,,,,,,,,,,,,,,,,,,,,,,,,,,
31073,2019,11,20,15,45,2.8000000000000003,3,0,3,0.6000000000000001,,,,,,,,,,,,,,,,,,,,,,,,,,,,,,,,,,,,
31074,2019,11,20,16,0,2.5,2,0,2,0.6000000000000001,,,,,,,,,,,,,,,,,,,,,,,,,,,,,,,,,,,,
31075,2019,11,20,16,15,2.4000000000000004,0,0,0,0.6000000000000001,,,,,,,,,,,,,,,,,,,,,,,,,,,,,,,,,,,,
31076,2019,11,20,16,30,2.3000000000000003,0,0,0,0.6000000000000001,,,,,,,,,,,,,,,,,,,,,,,,,,,,,,,,,,,,
31077,2019,11,20,16,45,2.2,0,0,0,0.6000000000000001,,,,,,,,,,,,,,,,,,,,,,,,,,,,,,,,,,,,
31078,2019,11,20,17,0,2.1,0,0,0,0.6000000000000001,,,,,,,,,,,,,,,,,,,,,,,,,,,,,,,,,,,,
31079,2019,11,20,17,15,2.1,0,0,0,0.7000000000000001,,,,,,,,,,,,,,,,,,,,,,,,,,,,,,,,,,,,
31080,2019,11,20,17,30,2.0,0,0,0,0.7000000000000001,,,,,,,,,,,,,,,,,,,,,,,,,,,,,,,,,,,,
31081,2019,11,20,17,45,2.0,0,0,0,0.7000000000000001,,,,,,,,,,,,,,,,,,,,,,,,,,,,,,,,,,,,
31082,2019,11,20,18,0,1.9,0,0,0,0.7000000000000001,,,,,,,,,,,,,,,,,,,,,,,,,,,,,,,,,,,,
31083,2019,11,20,18,15,1.9,0,0,0,0.7000000000000001,,,,,,,,,,,,,,,,,,,,,,,,,,,,,,,,,,,,
31084,2019,11,20,18,30,1.9,0,0,0,0.8,,,,,,,,,,,,,,,,,,,,,,,,,,,,,,,,,,,,
31085,2019,11,20,18,45,1.9,0,0,0,0.8,,,,,,,,,,,,,,,,,,,,,,,,,,,,,,,,,,,,
31086,2019,11,20,19,0,1.9,0,0,0,0.8,,,,,,,,,,,,,,,,,,,,,,,,,,,,,,,,,,,,
31087,2019,11,20,19,15,1.9,0,0,0,0.9,,,,,,,,,,,,,,,,,,,,,,,,,,,,,,,,,,,,
31088,2019,11,20,19,30,1.9,0,0,0,0.9,,,,,,,,,,,,,,,,,,,,,,,,,,,,,,,,,,,,
31089,2019,11,20,19,45,2.0,0,0,0,0.9,,,,,,,,,,,,,,,,,,,,,,,,,,,,,,,,,,,,
31090,2019,11,20,20,0,2.0,0,0,0,0.9,,,,,,,,,,,,,,,,,,,,,,,,,,,,,,,,,,,,
31091,2019,11,20,20,15,2.0,0,0,0,0.9,,,,,,,,,,,,,,,,,,,,,,,,,,,,,,,,,,,,
31092,2019,11,20,20,30,2.0,0,0,0,1.0,,,,,,,,,,,,,,,,,,,,,,,,,,,,,,,,,,,,
31093,2019,11,20,20,45,2.1,0,0,0,1.0,,,,,,,,,,,,,,,,,,,,,,,,,,,,,,,,,,,,
31094,2019,11,20,21,0,2.1,0,0,0,1.0,,,,,,,,,,,,,,,,,,,,,,,,,,,,,,,,,,,,
31095,2019,11,20,21,15,2.1,0,0,0,1.0,,,,,,,,,,,,,,,,,,,,,,,,,,,,,,,,,,,,
31096,2019,11,20,21,30,2.2,0,0,0,1.0,,,,,,,,,,,,,,,,,,,,,,,,,,,,,,,,,,,,
31097,2019,11,20,21,45,2.2,0,0,0,1.1,,,,,,,,,,,,,,,,,,,,,,,,,,,,,,,,,,,,
31098,2019,11,20,22,0,2.2,0,0,0,1.1,,,,,,,,,,,,,,,,,,,,,,,,,,,,,,,,,,,,
31099,2019,11,20,22,15,2.3000000000000003,0,0,0,1.1,,,,,,,,,,,,,,,,,,,,,,,,,,,,,,,,,,,,
31100,2019,11,20,22,30,2.3000000000000003,0,0,0,1.1,,,,,,,,,,,,,,,,,,,,,,,,,,,,,,,,,,,,
31101,2019,11,20,22,45,2.4000000000000004,0,0,0,1.2000000000000002,,,,,,,,,,,,,,,,,,,,,,,,,,,,,,,,,,,,
31102,2019,11,20,23,0,2.4000000000000004,0,0,0,1.2000000000000002,,,,,,,,,,,,,,,,,,,,,,,,,,,,,,,,,,,,
31103,2019,11,20,23,15,2.5,0,0,0,1.2000000000000002,,,,,,,,,,,,,,,,,,,,,,,,,,,,,,,,,,,,
31104,2019,11,20,23,30,2.5,0,0,0,1.3,,,,,,,,,,,,,,,,,,,,,,,,,,,,,,,,,,,,
31105,2019,11,20,23,45,2.6,0,0,0,1.3,,,,,,,,,,,,,,,,,,,,,,,,,,,,,,,,,,,,
31106,2019,11,21,0,0,2.6,0,0,0,1.3,,,,,,,,,,,,,,,,,,,,,,,,,,,,,,,,,,,,
31107,2019,11,21,0,15,2.6,0,0,0,1.3,,,,,,,,,,,,,,,,,,,,,,,,,,,,,,,,,,,,
31108,2019,11,21,0,30,2.6,0,0,0,1.3,,,,,,,,,,,,,,,,,,,,,,,,,,,,,,,,,,,,
31109,2019,11,21,0,45,2.6,0,0,0,1.3,,,,,,,,,,,,,,,,,,,,,,,,,,,,,,,,,,,,
31110,2019,11,21,1,0,2.8000000000000003,0,0,0,1.4,,,,,,,,,,,,,,,,,,,,,,,,,,,,,,,,,,,,
31111,2019,11,21,1,15,2.8000000000000003,0,0,0,1.5,,,,,,,,,,,,,,,,,,,,,,,,,,,,,,,,,,,,
31112,2019,11,21,1,30,2.9000000000000004,0,0,0,1.5,,,,,,,,,,,,,,,,,,,,,,,,,,,,,,,,,,,,
31113,2019,11,21,1,45,2.9000000000000004,0,0,0,1.5,,,,,,,,,,,,,,,,,,,,,,,,,,,,,,,,,,,,
31114,2019,11,21,2,0,2.9000000000000004,0,0,0,1.5,,,,,,,,,,,,,,,,,,,,,,,,,,,,,,,,,,,,
31115,2019,11,21,2,15,2.9000000000000004,0,0,0,1.5,,,,,,,,,,,,,,,,,,,,,,,,,,,,,,,,,,,,
31116,2019,11,21,2,30,3.0,0,0,0,1.5,,,,,,,,,,,,,,,,,,,,,,,,,,,,,,,,,,,,
31117,2019,11,21,2,45,3.0,0,0,0,1.5,,,,,,,,,,,,,,,,,,,,,,,,,,,,,,,,,,,,
31118,2019,11,21,3,0,3.0,0,0,0,1.5,,,,,,,,,,,,,,,,,,,,,,,,,,,,,,,,,,,,
31119,2019,11,21,3,15,3.0,0,0,0,1.5,,,,,,,,,,,,,,,,,,,,,,,,,,,,,,,,,,,,
31120,2019,11,21,3,30,3.0,0,0,0,1.4,,,,,,,,,,,,,,,,,,,,,,,,,,,,,,,,,,,,
31121,2019,11,21,3,45,3.0,0,0,0,1.4,,,,,,,,,,,,,,,,,,,,,,,,,,,,,,,,,,,,
31122,2019,11,21,4,0,3.0,0,0,0,1.4,,,,,,,,,,,,,,,,,,,,,,,,,,,,,,,,,,,,
31123,2019,11,21,4,15,3.1,0,0,0,1.4,,,,,,,,,,,,,,,,,,,,,,,,,,,,,,,,,,,,
31124,2019,11,21,4,30,3.1,0,0,0,1.4,,,,,,,,,,,,,,,,,,,,,,,,,,,,,,,,,,,,
31125,2019,11,21,4,45,3.1,0,0,0,1.4,,,,,,,,,,,,,,,,,,,,,,,,,,,,,,,,,,,,
31126,2019,11,21,5,0,3.1,0,0,0,1.4,,,,,,,,,,,,,,,,,,,,,,,,,,,,,,,,,,,,
31127,2019,11,21,5,15,3.1,0,0,0,1.3,,,,,,,,,,,,,,,,,,,,,,,,,,,,,,,,,,,,
31128,2019,11,21,5,30,3.1,0,0,0,1.3,,,,,,,,,,,,,,,,,,,,,,,,,,,,,,,,,,,,
31129,2019,11,21,5,45,3.1,0,0,0,1.3,,,,,,,,,,,,,,,,,,,,,,,,,,,,,,,,,,,,
31130,2019,11,21,6,0,3.1,0,0,0,1.3,,,,,,,,,,,,,,,,,,,,,,,,,,,,,,,,,,,,
31131,2019,11,21,6,15,3.1,0,0,0,1.3,,,,,,,,,,,,,,,,,,,,,,,,,,,,,,,,,,,,
31132,2019,11,21,6,30,3.1,0,0,0,1.3,,,,,,,,,,,,,,,,,,,,,,,,,,,,,,,,,,,,
31133,2019,11,21,6,45,3.1,0,0,0,1.3,,,,,,,,,,,,,,,,,,,,,,,,,,,,,,,,,,,,
31134,2019,11,21,7,0,3.1,0,0,0,1.3,,,,,,,,,,,,,,,,,,,,,,,,,,,,,,,,,,,,
31135,2019,11,21,7,15,3.2,0,0,0,1.3,,,,,,,,,,,,,,,,,,,,,,,,,,,,,,,,,,,,
31136,2019,11,21,7,30,3.2,0,0,0,1.4,,,,,,,,,,,,,,,,,,,,,,,,,,,,,,,,,,,,
31137,2019,11,21,7,45,3.3000000000000003,0,0,0,1.4,,,,,,,,,,,,,,,,,,,,,,,,,,,,,,,,,,,,
31138,2019,11,21,8,0,3.3000000000000003,2,0,2,1.5,,,,,,,,,,,,,,,,,,,,,,,,,,,,,,,,,,,,
31139,2019,11,21,8,15,3.5,3,0,3,1.6,,,,,,,,,,,,,,,,,,,,,,,,,,,,,,,,,,,,
31140,2019,11,21,8,30,3.7,5,0,5,1.7000000000000002,,,,,,,,,,,,,,,,,,,,,,,,,,,,,,,,,,,,
31141,2019,11,21,8,45,3.8,6,0,6,1.8,,,,,,,,,,,,,,,,,,,,,,,,,,,,,,,,,,,,
31142,2019,11,21,9,0,4.0,7,0,7,1.9,,,,,,,,,,,,,,,,,,,,,,,,,,,,,,,,,,,,
31143,2019,11,21,9,15,4.1000000000000005,9,0,9,1.9,,,,,,,,,,,,,,,,,,,,,,,,,,,,,,,,,,,,
31144,2019,11,21,9,30,4.3,11,0,11,1.9,,,,,,,,,,,,,,,,,,,,,,,,,,,,,,,,,,,,
31145,2019,11,21,9,45,4.4,12,0,12,1.9,,,,,,,,,,,,,,,,,,,,,,,,,,,,,,,,,,,,
31146,2019,11,21,10,0,4.5,14,0,14,1.8,,,,,,,,,,,,,,,,,,,,,,,,,,,,,,,,,,,,
31147,2019,11,21,10,15,4.7,9,0,9,1.8,,,,,,,,,,,,,,,,,,,,,,,,,,,,,,,,,,,,
31148,2019,11,21,10,30,4.800000000000001,16,0,16,1.7000000000000002,,,,,,,,,,,,,,,,,,,,,,,,,,,,,,,,,,,,
31149,2019,11,21,10,45,5.0,18,0,18,1.7000000000000002,,,,,,,,,,,,,,,,,,,,,,,,,,,,,,,,,,,,
31150,2019,11,21,11,0,5.1000000000000005,18,0,18,1.6,,,,,,,,,,,,,,,,,,,,,,,,,,,,,,,,,,,,
31151,2019,11,21,11,15,5.2,19,0,19,1.6,,,,,,,,,,,,,,,,,,,,,,,,,,,,,,,,,,,,
31152,2019,11,21,11,30,5.300000000000001,19,0,19,1.5,,,,,,,,,,,,,,,,,,,,,,,,,,,,,,,,,,,,
31153,2019,11,21,11,45,5.4,20,0,20,1.5,,,,,,,,,,,,,,,,,,,,,,,,,,,,,,,,,,,,
31154,2019,11,21,12,0,5.4,20,0,20,1.4,,,,,,,,,,,,,,,,,,,,,,,,,,,,,,,,,,,,
31155,2019,11,21,12,15,5.5,20,0,20,1.4,,,,,,,,,,,,,,,,,,,,,,,,,,,,,,,,,,,,
31156,2019,11,21,12,30,5.5,11,0,11,1.4,,,,,,,,,,,,,,,,,,,,,,,,,,,,,,,,,,,,
31157,2019,11,21,12,45,5.6000000000000005,11,0,11,1.3,,,,,,,,,,,,,,,,,,,,,,,,,,,,,,,,,,,,
31158,2019,11,21,13,0,5.6000000000000005,12,0,12,1.3,,,,,,,,,,,,,,,,,,,,,,,,,,,,,,,,,,,,
31159,2019,11,21,13,15,5.6000000000000005,12,0,12,1.2000000000000002,,,,,,,,,,,,,,,,,,,,,,,,,,,,,,,,,,,,
31160,2019,11,21,13,30,5.6000000000000005,11,0,11,1.1,,,,,,,,,,,,,,,,,,,,,,,,,,,,,,,,,,,,
31161,2019,11,21,13,45,5.6000000000000005,10,0,10,1.0,,,,,,,,,,,,,,,,,,,,,,,,,,,,,,,,,,,,
31162,2019,11,21,14,0,5.6000000000000005,13,0,13,0.9,,,,,,,,,,,,,,,,,,,,,,,,,,,,,,,,,,,,
31163,2019,11,21,14,15,5.5,12,0,12,0.8,,,,,,,,,,,,,,,,,,,,,,,,,,,,,,,,,,,,
31164,2019,11,21,14,30,5.4,8,0,8,0.7000000000000001,,,,,,,,,,,,,,,,,,,,,,,,,,,,,,,,,,,,
31165,2019,11,21,14,45,5.2,7,0,7,0.7000000000000001,,,,,,,,,,,,,,,,,,,,,,,,,,,,,,,,,,,,
31166,2019,11,21,15,0,5.1000000000000005,6,0,6,0.6000000000000001,,,,,,,,,,,,,,,,,,,,,,,,,,,,,,,,,,,,
31167,2019,11,21,15,15,5.0,6,0,6,0.6000000000000001,,,,,,,,,,,,,,,,,,,,,,,,,,,,,,,,,,,,
31168,2019,11,21,15,30,4.800000000000001,5,0,5,0.6000000000000001,,,,,,,,,,,,,,,,,,,,,,,,,,,,,,,,,,,,
31169,2019,11,21,15,45,4.6000000000000005,4,0,4,0.6000000000000001,,,,,,,,,,,,,,,,,,,,,,,,,,,,,,,,,,,,
31170,2019,11,21,16,0,4.4,2,0,2,0.6000000000000001,,,,,,,,,,,,,,,,,,,,,,,,,,,,,,,,,,,,
31171,2019,11,21,16,15,4.4,0,0,0,0.6000000000000001,,,,,,,,,,,,,,,,,,,,,,,,,,,,,,,,,,,,
31172,2019,11,21,16,30,4.3,0,0,0,0.7000000000000001,,,,,,,,,,,,,,,,,,,,,,,,,,,,,,,,,,,,
31173,2019,11,21,16,45,4.2,0,0,0,0.7000000000000001,,,,,,,,,,,,,,,,,,,,,,,,,,,,,,,,,,,,
31174,2019,11,21,17,0,4.2,0,0,0,0.7000000000000001,,,,,,,,,,,,,,,,,,,,,,,,,,,,,,,,,,,,
31175,2019,11,21,17,15,4.1000000000000005,0,0,0,0.7000000000000001,,,,,,,,,,,,,,,,,,,,,,,,,,,,,,,,,,,,
31176,2019,11,21,17,30,4.1000000000000005,0,0,0,0.7000000000000001,,,,,,,,,,,,,,,,,,,,,,,,,,,,,,,,,,,,
31177,2019,11,21,17,45,4.1000000000000005,0,0,0,0.7000000000000001,,,,,,,,,,,,,,,,,,,,,,,,,,,,,,,,,,,,
31178,2019,11,21,18,0,4.1000000000000005,0,0,0,0.7000000000000001,,,,,,,,,,,,,,,,,,,,,,,,,,,,,,,,,,,,
31179,2019,11,21,18,15,4.1000000000000005,0,0,0,0.7000000000000001,,,,,,,,,,,,,,,,,,,,,,,,,,,,,,,,,,,,
31180,2019,11,21,18,30,4.0,0,0,0,0.7000000000000001,,,,,,,,,,,,,,,,,,,,,,,,,,,,,,,,,,,,
31181,2019,11,21,18,45,4.0,0,0,0,0.7000000000000001,,,,,,,,,,,,,,,,,,,,,,,,,,,,,,,,,,,,
31182,2019,11,21,19,0,4.0,0,0,0,0.7000000000000001,,,,,,,,,,,,,,,,,,,,,,,,,,,,,,,,,,,,
31183,2019,11,21,19,15,4.0,0,0,0,0.7000000000000001,,,,,,,,,,,,,,,,,,,,,,,,,,,,,,,,,,,,
31184,2019,11,21,19,30,4.0,0,0,0,0.7000000000000001,,,,,,,,,,,,,,,,,,,,,,,,,,,,,,,,,,,,
31185,2019,11,21,19,45,4.0,0,0,0,0.7000000000000001,,,,,,,,,,,,,,,,,,,,,,,,,,,,,,,,,,,,
31186,2019,11,21,20,0,4.0,0,0,0,0.8,,,,,,,,,,,,,,,,,,,,,,,,,,,,,,,,,,,,
31187,2019,11,21,20,15,3.9,0,0,0,0.8,,,,,,,,,,,,,,,,,,,,,,,,,,,,,,,,,,,,
31188,2019,11,21,20,30,3.9,0,0,0,0.8,,,,,,,,,,,,,,,,,,,,,,,,,,,,,,,,,,,,
31189,2019,11,21,20,45,3.9,0,0,0,0.8,,,,,,,,,,,,,,,,,,,,,,,,,,,,,,,,,,,,
31190,2019,11,21,21,0,3.8,0,0,0,0.9,,,,,,,,,,,,,,,,,,,,,,,,,,,,,,,,,,,,
31191,2019,11,21,21,15,3.8,0,0,0,0.9,,,,,,,,,,,,,,,,,,,,,,,,,,,,,,,,,,,,
31192,2019,11,21,21,30,3.7,0,0,0,0.9,,,,,,,,,,,,,,,,,,,,,,,,,,,,,,,,,,,,
31193,2019,11,21,21,45,3.6,0,0,0,0.9,,,,,,,,,,,,,,,,,,,,,,,,,,,,,,,,,,,,
31194,2019,11,21,22,0,3.6,0,0,0,0.9,,,,,,,,,,,,,,,,,,,,,,,,,,,,,,,,,,,,
31195,2019,11,21,22,15,3.5,0,0,0,0.9,,,,,,,,,,,,,,,,,,,,,,,,,,,,,,,,,,,,
31196,2019,11,21,22,30,3.4000000000000004,0,0,0,1.0,,,,,,,,,,,,,,,,,,,,,,,,,,,,,,,,,,,,
31197,2019,11,21,22,45,3.4000000000000004,0,0,0,1.0,,,,,,,,,,,,,,,,,,,,,,,,,,,,,,,,,,,,
31198,2019,11,21,23,0,3.3000000000000003,0,0,0,1.0,,,,,,,,,,,,,,,,,,,,,,,,,,,,,,,,,,,,
31199,2019,11,21,23,15,3.2,0,0,0,1.0,,,,,,,,,,,,,,,,,,,,,,,,,,,,,,,,,,,,
31200,2019,11,21,23,30,3.2,0,0,0,1.0,,,,,,,,,,,,,,,,,,,,,,,,,,,,,,,,,,,,
31201,2019,11,21,23,45,3.1,0,0,0,1.0,,,,,,,,,,,,,,,,,,,,,,,,,,,,,,,,,,,,
31202,2019,11,22,0,0,3.0,0,0,0,1.0,,,,,,,,,,,,,,,,,,,,,,,,,,,,,,,,,,,,
31203,2019,11,22,0,15,3.0,0,0,0,1.0,,,,,,,,,,,,,,,,,,,,,,,,,,,,,,,,,,,,
31204,2019,11,22,0,30,3.0,0,0,0,1.0,,,,,,,,,,,,,,,,,,,,,,,,,,,,,,,,,,,,
31205,2019,11,22,0,45,3.0,0,0,0,1.0,,,,,,,,,,,,,,,,,,,,,,,,,,,,,,,,,,,,
31206,2019,11,22,1,0,2.8000000000000003,0,0,0,1.1,,,,,,,,,,,,,,,,,,,,,,,,,,,,,,,,,,,,
31207,2019,11,22,1,15,2.7,0,0,0,1.1,,,,,,,,,,,,,,,,,,,,,,,,,,,,,,,,,,,,
31208,2019,11,22,1,30,2.7,0,0,0,1.2000000000000002,,,,,,,,,,,,,,,,,,,,,,,,,,,,,,,,,,,,
31209,2019,11,22,1,45,2.6,0,0,0,1.2000000000000002,,,,,,,,,,,,,,,,,,,,,,,,,,,,,,,,,,,,
31210,2019,11,22,2,0,2.5,0,0,0,1.2000000000000002,,,,,,,,,,,,,,,,,,,,,,,,,,,,,,,,,,,,
31211,2019,11,22,2,15,2.4000000000000004,0,0,0,1.2000000000000002,,,,,,,,,,,,,,,,,,,,,,,,,,,,,,,,,,,,
31212,2019,11,22,2,30,2.3000000000000003,0,0,0,1.2000000000000002,,,,,,,,,,,,,,,,,,,,,,,,,,,,,,,,,,,,
31213,2019,11,22,2,45,2.1,0,0,0,1.3,,,,,,,,,,,,,,,,,,,,,,,,,,,,,,,,,,,,
31214,2019,11,22,3,0,2.0,0,0,0,1.3,,,,,,,,,,,,,,,,,,,,,,,,,,,,,,,,,,,,
31215,2019,11,22,3,15,1.9,0,0,0,1.3,,,,,,,,,,,,,,,,,,,,,,,,,,,,,,,,,,,,
31216,2019,11,22,3,30,1.8,0,0,0,1.3,,,,,,,,,,,,,,,,,,,,,,,,,,,,,,,,,,,,
31217,2019,11,22,3,45,1.6,0,0,0,1.4,,,,,,,,,,,,,,,,,,,,,,,,,,,,,,,,,,,,
31218,2019,11,22,4,0,1.5,0,0,0,1.4,,,,,,,,,,,,,,,,,,,,,,,,,,,,,,,,,,,,
31219,2019,11,22,4,15,1.4,0,0,0,1.4,,,,,,,,,,,,,,,,,,,,,,,,,,,,,,,,,,,,
31220,2019,11,22,4,30,1.3,0,0,0,1.4,,,,,,,,,,,,,,,,,,,,,,,,,,,,,,,,,,,,
31221,2019,11,22,4,45,1.1,0,0,0,1.5,,,,,,,,,,,,,,,,,,,,,,,,,,,,,,,,,,,,
31222,2019,11,22,5,0,1.0,0,0,0,1.5,,,,,,,,,,,,,,,,,,,,,,,,,,,,,,,,,,,,
31223,2019,11,22,5,15,1.0,0,0,0,1.5,,,,,,,,,,,,,,,,,,,,,,,,,,,,,,,,,,,,
31224,2019,11,22,5,30,0.9,0,0,0,1.5,,,,,,,,,,,,,,,,,,,,,,,,,,,,,,,,,,,,
31225,2019,11,22,5,45,0.8,0,0,0,1.5,,,,,,,,,,,,,,,,,,,,,,,,,,,,,,,,,,,,
31226,2019,11,22,6,0,0.7000000000000001,0,0,0,1.5,,,,,,,,,,,,,,,,,,,,,,,,,,,,,,,,,,,,
31227,2019,11,22,6,15,0.7000000000000001,0,0,0,1.5,,,,,,,,,,,,,,,,,,,,,,,,,,,,,,,,,,,,
31228,2019,11,22,6,30,0.6000000000000001,0,0,0,1.5,,,,,,,,,,,,,,,,,,,,,,,,,,,,,,,,,,,,
31229,2019,11,22,6,45,0.6000000000000001,0,0,0,1.5,,,,,,,,,,,,,,,,,,,,,,,,,,,,,,,,,,,,
31230,2019,11,22,7,0,0.5,0,0,0,1.5,,,,,,,,,,,,,,,,,,,,,,,,,,,,,,,,,,,,
31231,2019,11,22,7,15,0.7000000000000001,0,0,0,1.4,,,,,,,,,,,,,,,,,,,,,,,,,,,,,,,,,,,,
31232,2019,11,22,7,30,0.8,0,0,0,1.4,,,,,,,,,,,,,,,,,,,,,,,,,,,,,,,,,,,,
31233,2019,11,22,7,45,0.9,0,0,0,1.4,,,,,,,,,,,,,,,,,,,,,,,,,,,,,,,,,,,,
31234,2019,11,22,8,0,1.0,5,0,5,1.4,,,,,,,,,,,,,,,,,,,,,,,,,,,,,,,,,,,,
31235,2019,11,22,8,15,1.7000000000000002,6,0,6,1.5,,,,,,,,,,,,,,,,,,,,,,,,,,,,,,,,,,,,
31236,2019,11,22,8,30,2.3000000000000003,18,0,18,1.6,,,,,,,,,,,,,,,,,,,,,,,,,,,,,,,,,,,,
31237,2019,11,22,8,45,3.0,26,0,26,1.7000000000000002,,,,,,,,,,,,,,,,,,,,,,,,,,,,,,,,,,,,
31238,2019,11,22,9,0,3.6,34,0,34,1.8,,,,,,,,,,,,,,,,,,,,,,,,,,,,,,,,,,,,
31239,2019,11,22,9,15,4.0,43,0,43,1.9,,,,,,,,,,,,,,,,,,,,,,,,,,,,,,,,,,,,
31240,2019,11,22,9,30,4.4,52,0,52,2.1,,,,,,,,,,,,,,,,,,,,,,,,,,,,,,,,,,,,
31241,2019,11,22,9,45,4.9,60,0,60,2.3000000000000003,,,,,,,,,,,,,,,,,,,,,,,,,,,,,,,,,,,,
31242,2019,11,22,10,0,5.300000000000001,69,0,69,2.5,,,,,,,,,,,,,,,,,,,,,,,,,,,,,,,,,,,,
31243,2019,11,22,10,15,5.6000000000000005,21,0,21,2.5,,,,,,,,,,,,,,,,,,,,,,,,,,,,,,,,,,,,
31244,2019,11,22,10,30,5.9,22,0,22,2.5,,,,,,,,,,,,,,,,,,,,,,,,,,,,,,,,,,,,
31245,2019,11,22,10,45,6.1000000000000005,82,0,82,2.5,,,,,,,,,,,,,,,,,,,,,,,,,,,,,,,,,,,,
31246,2019,11,22,11,0,6.4,96,0,96,2.5,,,,,,,,,,,,,,,,,,,,,,,,,,,,,,,,,,,,
31247,2019,11,22,11,15,6.7,122,123,159,2.5,,,,,,,,,,,,,,,,,,,,,,,,,,,,,,,,,,,,
31248,2019,11,22,11,30,6.9,124,100,155,2.5,,,,,,,,,,,,,,,,,,,,,,,,,,,,,,,,,,,,
31249,2019,11,22,11,45,7.2,102,0,102,2.6,,,,,,,,,,,,,,,,,,,,,,,,,,,,,,,,,,,,
31250,2019,11,22,12,0,7.4,25,0,25,2.6,,,,,,,,,,,,,,,,,,,,,,,,,,,,,,,,,,,,
31251,2019,11,22,12,15,7.6,20,0,20,2.6,,,,,,,,,,,,,,,,,,,,,,,,,,,,,,,,,,,,
31252,2019,11,22,12,30,7.7,19,0,19,2.6,,,,,,,,,,,,,,,,,,,,,,,,,,,,,,,,,,,,
31253,2019,11,22,12,45,7.800000000000001,19,0,19,2.6,,,,,,,,,,,,,,,,,,,,,,,,,,,,,,,,,,,,
31254,2019,11,22,13,0,8.0,10,0,10,2.6,,,,,,,,,,,,,,,,,,,,,,,,,,,,,,,,,,,,
31255,2019,11,22,13,15,7.9,17,0,17,2.5,,,,,,,,,,,,,,,,,,,,,,,,,,,,,,,,,,,,
31256,2019,11,22,13,30,7.9,16,0,16,2.4000000000000004,,,,,,,,,,,,,,,,,,,,,,,,,,,,,,,,,,,,
31257,2019,11,22,13,45,7.9,15,0,15,2.3000000000000003,,,,,,,,,,,,,,,,,,,,,,,,,,,,,,,,,,,,
31258,2019,11,22,14,0,7.800000000000001,13,0,13,2.2,,,,,,,,,,,,,,,,,,,,,,,,,,,,,,,,,,,,
31259,2019,11,22,14,15,7.4,12,0,12,2.0,,,,,,,,,,,,,,,,,,,,,,,,,,,,,,,,,,,,
31260,2019,11,22,14,30,7.0,10,0,10,1.8,,,,,,,,,,,,,,,,,,,,,,,,,,,,,,,,,,,,
31261,2019,11,22,14,45,6.6000000000000005,9,0,9,1.5,,,,,,,,,,,,,,,,,,,,,,,,,,,,,,,,,,,,
31262,2019,11,22,15,0,6.1000000000000005,7,0,7,1.3,,,,,,,,,,,,,,,,,,,,,,,,,,,,,,,,,,,,
31263,2019,11,22,15,15,5.6000000000000005,36,381,80,1.3,,,,,,,,,,,,,,,,,,,,,,,,,,,,,,,,,,,,
31264,2019,11,22,15,30,5.1000000000000005,4,0,4,1.3,,,,,,,,,,,,,,,,,,,,,,,,,,,,,,,,,,,,
31265,2019,11,22,15,45,4.5,3,0,3,1.4,,,,,,,,,,,,,,,,,,,,,,,,,,,,,,,,,,,,
31266,2019,11,22,16,0,4.0,2,0,2,1.4,,,,,,,,,,,,,,,,,,,,,,,,,,,,,,,,,,,,
31267,2019,11,22,16,15,3.8,0,0,0,1.4,,,,,,,,,,,,,,,,,,,,,,,,,,,,,,,,,,,,
31268,2019,11,22,16,30,3.7,0,0,0,1.4,,,,,,,,,,,,,,,,,,,,,,,,,,,,,,,,,,,,
31269,2019,11,22,16,45,3.5,0,0,0,1.4,,,,,,,,,,,,,,,,,,,,,,,,,,,,,,,,,,,,
31270,2019,11,22,17,0,3.3000000000000003,0,0,0,1.5,,,,,,,,,,,,,,,,,,,,,,,,,,,,,,,,,,,,
31271,2019,11,22,17,15,3.2,0,0,0,1.5,,,,,,,,,,,,,,,,,,,,,,,,,,,,,,,,,,,,
31272,2019,11,22,17,30,3.1,0,0,0,1.5,,,,,,,,,,,,,,,,,,,,,,,,,,,,,,,,,,,,
31273,2019,11,22,17,45,3.0,0,0,0,1.5,,,,,,,,,,,,,,,,,,,,,,,,,,,,,,,,,,,,
31274,2019,11,22,18,0,3.0,0,0,0,1.6,,,,,,,,,,,,,,,,,,,,,,,,,,,,,,,,,,,,
31275,2019,11,22,18,15,2.8000000000000003,0,0,0,1.6,,,,,,,,,,,,,,,,,,,,,,,,,,,,,,,,,,,,
31276,2019,11,22,18,30,2.7,0,0,0,1.6,,,,,,,,,,,,,,,,,,,,,,,,,,,,,,,,,,,,
31277,2019,11,22,18,45,2.6,0,0,0,1.6,,,,,,,,,,,,,,,,,,,,,,,,,,,,,,,,,,,,
31278,2019,11,22,19,0,2.5,0,0,0,1.6,,,,,,,,,,,,,,,,,,,,,,,,,,,,,,,,,,,,
31279,2019,11,22,19,15,2.4000000000000004,0,0,0,1.6,,,,,,,,,,,,,,,,,,,,,,,,,,,,,,,,,,,,
31280,2019,11,22,19,30,2.3000000000000003,0,0,0,1.6,,,,,,,,,,,,,,,,,,,,,,,,,,,,,,,,,,,,
31281,2019,11,22,19,45,2.2,0,0,0,1.6,,,,,,,,,,,,,,,,,,,,,,,,,,,,,,,,,,,,
31282,2019,11,22,20,0,2.1,0,0,0,1.6,,,,,,,,,,,,,,,,,,,,,,,,,,,,,,,,,,,,
31283,2019,11,22,20,15,2.1,0,0,0,1.6,,,,,,,,,,,,,,,,,,,,,,,,,,,,,,,,,,,,
31284,2019,11,22,20,30,2.1,0,0,0,1.6,,,,,,,,,,,,,,,,,,,,,,,,,,,,,,,,,,,,
31285,2019,11,22,20,45,2.1,0,0,0,1.6,,,,,,,,,,,,,,,,,,,,,,,,,,,,,,,,,,,,
31286,2019,11,22,21,0,2.1,0,0,0,1.6,,,,,,,,,,,,,,,,,,,,,,,,,,,,,,,,,,,,
31287,2019,11,22,21,15,2.2,0,0,0,1.7000000000000002,,,,,,,,,,,,,,,,,,,,,,,,,,,,,,,,,,,,
31288,2019,11,22,21,30,2.4000000000000004,0,0,0,1.7000000000000002,,,,,,,,,,,,,,,,,,,,,,,,,,,,,,,,,,,,
31289,2019,11,22,21,45,2.5,0,0,0,1.8,,,,,,,,,,,,,,,,,,,,,,,,,,,,,,,,,,,,
31290,2019,11,22,22,0,2.6,0,0,0,1.8,,,,,,,,,,,,,,,,,,,,,,,,,,,,,,,,,,,,
31291,2019,11,22,22,15,2.7,0,0,0,1.9,,,,,,,,,,,,,,,,,,,,,,,,,,,,,,,,,,,,
31292,2019,11,22,22,30,2.8000000000000003,0,0,0,2.0,,,,,,,,,,,,,,,,,,,,,,,,,,,,,,,,,,,,
31293,2019,11,22,22,45,2.9000000000000004,0,0,0,2.1,,,,,,,,,,,,,,,,,,,,,,,,,,,,,,,,,,,,
31294,2019,11,22,23,0,3.0,0,0,0,2.2,,,,,,,,,,,,,,,,,,,,,,,,,,,,,,,,,,,,
31295,2019,11,22,23,15,3.0,0,0,0,2.3000000000000003,,,,,,,,,,,,,,,,,,,,,,,,,,,,,,,,,,,,
31296,2019,11,22,23,30,2.9000000000000004,0,0,0,2.4000000000000004,,,,,,,,,,,,,,,,,,,,,,,,,,,,,,,,,,,,
31297,2019,11,22,23,45,2.9000000000000004,0,0,0,2.5,,,,,,,,,,,,,,,,,,,,,,,,,,,,,,,,,,,,
31298,2019,11,23,0,0,2.9000000000000004,0,0,0,2.6,,,,,,,,,,,,,,,,,,,,,,,,,,,,,,,,,,,,
31299,2019,11,23,0,15,2.9000000000000004,0,0,0,2.6,,,,,,,,,,,,,,,,,,,,,,,,,,,,,,,,,,,,
31300,2019,11,23,0,30,2.9000000000000004,0,0,0,2.6,,,,,,,,,,,,,,,,,,,,,,,,,,,,,,,,,,,,
31301,2019,11,23,0,45,2.9000000000000004,0,0,0,2.6,,,,,,,,,,,,,,,,,,,,,,,,,,,,,,,,,,,,
31302,2019,11,23,1,0,2.5,0,0,0,2.7,,,,,,,,,,,,,,,,,,,,,,,,,,,,,,,,,,,,
31303,2019,11,23,1,15,2.5,0,0,0,2.7,,,,,,,,,,,,,,,,,,,,,,,,,,,,,,,,,,,,
31304,2019,11,23,1,30,2.4000000000000004,0,0,0,2.7,,,,,,,,,,,,,,,,,,,,,,,,,,,,,,,,,,,,
31305,2019,11,23,1,45,2.4000000000000004,0,0,0,2.7,,,,,,,,,,,,,,,,,,,,,,,,,,,,,,,,,,,,
31306,2019,11,23,2,0,2.3000000000000003,0,0,0,2.7,,,,,,,,,,,,,,,,,,,,,,,,,,,,,,,,,,,,
31307,2019,11,23,2,15,2.4000000000000004,0,0,0,2.7,,,,,,,,,,,,,,,,,,,,,,,,,,,,,,,,,,,,
31308,2019,11,23,2,30,2.5,0,0,0,2.7,,,,,,,,,,,,,,,,,,,,,,,,,,,,,,,,,,,,
31309,2019,11,23,2,45,2.6,0,0,0,2.7,,,,,,,,,,,,,,,,,,,,,,,,,,,,,,,,,,,,
31310,2019,11,23,3,0,2.6,0,0,0,2.7,,,,,,,,,,,,,,,,,,,,,,,,,,,,,,,,,,,,
31311,2019,11,23,3,15,2.7,0,0,0,2.7,,,,,,,,,,,,,,,,,,,,,,,,,,,,,,,,,,,,
31312,2019,11,23,3,30,2.8000000000000003,0,0,0,2.8000000000000003,,,,,,,,,,,,,,,,,,,,,,,,,,,,,,,,,,,,
31313,2019,11,23,3,45,3.0,0,0,0,2.8000000000000003,,,,,,,,,,,,,,,,,,,,,,,,,,,,,,,,,,,,
31314,2019,11,23,4,0,3.1,0,0,0,2.8000000000000003,,,,,,,,,,,,,,,,,,,,,,,,,,,,,,,,,,,,
31315,2019,11,23,4,15,3.2,0,0,0,2.8000000000000003,,,,,,,,,,,,,,,,,,,,,,,,,,,,,,,,,,,,
31316,2019,11,23,4,30,3.3000000000000003,0,0,0,2.9000000000000004,,,,,,,,,,,,,,,,,,,,,,,,,,,,,,,,,,,,
31317,2019,11,23,4,45,3.4000000000000004,0,0,0,2.9000000000000004,,,,,,,,,,,,,,,,,,,,,,,,,,,,,,,,,,,,
31318,2019,11,23,5,0,3.5,0,0,0,3.0,,,,,,,,,,,,,,,,,,,,,,,,,,,,,,,,,,,,
31319,2019,11,23,5,15,3.6,0,0,0,3.0,,,,,,,,,,,,,,,,,,,,,,,,,,,,,,,,,,,,
31320,2019,11,23,5,30,3.7,0,0,0,3.0,,,,,,,,,,,,,,,,,,,,,,,,,,,,,,,,,,,,
31321,2019,11,23,5,45,3.8,0,0,0,3.1,,,,,,,,,,,,,,,,,,,,,,,,,,,,,,,,,,,,
31322,2019,11,23,6,0,3.9,0,0,0,3.1,,,,,,,,,,,,,,,,,,,,,,,,,,,,,,,,,,,,
31323,2019,11,23,6,15,4.0,0,0,0,3.1,,,,,,,,,,,,,,,,,,,,,,,,,,,,,,,,,,,,
31324,2019,11,23,6,30,4.1000000000000005,0,0,0,3.1,,,,,,,,,,,,,,,,,,,,,,,,,,,,,,,,,,,,
31325,2019,11,23,6,45,4.2,0,0,0,3.1,,,,,,,,,,,,,,,,,,,,,,,,,,,,,,,,,,,,
31326,2019,11,23,7,0,4.3,0,0,0,3.1,,,,,,,,,,,,,,,,,,,,,,,,,,,,,,,,,,,,
31327,2019,11,23,7,15,4.4,0,0,0,3.1,,,,,,,,,,,,,,,,,,,,,,,,,,,,,,,,,,,,
31328,2019,11,23,7,30,4.5,0,0,0,3.2,,,,,,,,,,,,,,,,,,,,,,,,,,,,,,,,,,,,
31329,2019,11,23,7,45,4.6000000000000005,0,0,0,3.2,,,,,,,,,,,,,,,,,,,,,,,,,,,,,,,,,,,,
31330,2019,11,23,8,0,4.7,13,76,15,3.3000000000000003,,,,,,,,,,,,,,,,,,,,,,,,,,,,,,,,,,,,
31331,2019,11,23,8,15,4.9,23,168,32,3.3000000000000003,,,,,,,,,,,,,,,,,,,,,,,,,,,,,,,,,,,,
31332,2019,11,23,8,30,5.1000000000000005,32,255,53,3.4000000000000004,,,,,,,,,,,,,,,,,,,,,,,,,,,,,,,,,,,,
31333,2019,11,23,8,45,5.300000000000001,39,346,78,3.5,,,,,,,,,,,,,,,,,,,,,,,,,,,,,,,,,,,,
31334,2019,11,23,9,0,5.5,46,409,103,3.6,,,,,,,,,,,,,,,,,,,,,,,,,,,,,,,,,,,,
31335,2019,11,23,9,15,5.7,52,460,128,3.6,,,,,,,,,,,,,,,,,,,,,,,,,,,,,,,,,,,,
31336,2019,11,23,9,30,6.0,57,503,152,3.7,,,,,,,,,,,,,,,,,,,,,,,,,,,,,,,,,,,,
31337,2019,11,23,9,45,6.2,59,547,174,3.8,,,,,,,,,,,,,,,,,,,,,,,,,,,,,,,,,,,,
31338,2019,11,23,10,0,6.4,62,577,196,3.8,,,,,,,,,,,,,,,,,,,,,,,,,,,,,,,,,,,,
31339,2019,11,23,10,15,6.7,15,0,15,3.9,,,,,,,,,,,,,,,,,,,,,,,,,,,,,,,,,,,,
31340,2019,11,23,10,30,6.9,16,0,16,4.0,,,,,,,,,,,,,,,,,,,,,,,,,,,,,,,,,,,,
31341,2019,11,23,10,45,7.2,17,0,17,4.1000000000000005,,,,,,,,,,,,,,,,,,,,,,,,,,,,,,,,,,,,
31342,2019,11,23,11,0,7.5,18,0,18,4.1000000000000005,,,,,,,,,,,,,,,,,,,,,,,,,,,,,,,,,,,,
31343,2019,11,23,11,15,7.7,19,0,19,4.2,,,,,,,,,,,,,,,,,,,,,,,,,,,,,,,,,,,,
31344,2019,11,23,11,30,8.0,56,0,56,4.2,,,,,,,,,,,,,,,,,,,,,,,,,,,,,,,,,,,,
31345,2019,11,23,11,45,8.3,77,0,77,4.2,,,,,,,,,,,,,,,,,,,,,,,,,,,,,,,,,,,,
31346,2019,11,23,12,0,8.6,122,55,139,4.2,,,,,,,,,,,,,,,,,,,,,,,,,,,,,,,,,,,,
31347,2019,11,23,12,15,8.8,125,104,157,4.2,,,,,,,,,,,,,,,,,,,,,,,,,,,,,,,,,,,,
31348,2019,11,23,12,30,9.1,117,36,128,4.3,,,,,,,,,,,,,,,,,,,,,,,,,,,,,,,,,,,,
31349,2019,11,23,12,45,9.3,86,0,86,4.3,,,,,,,,,,,,,,,,,,,,,,,,,,,,,,,,,,,,
31350,2019,11,23,13,0,9.5,22,0,22,4.3,,,,,,,,,,,,,,,,,,,,,,,,,,,,,,,,,,,,
31351,2019,11,23,13,15,9.6,19,0,19,4.2,,,,,,,,,,,,,,,,,,,,,,,,,,,,,,,,,,,,
31352,2019,11,23,13,30,9.6,84,0,84,4.2,,,,,,,,,,,,,,,,,,,,,,,,,,,,,,,,,,,,
31353,2019,11,23,13,45,9.7,91,16,95,4.1000000000000005,,,,,,,,,,,,,,,,,,,,,,,,,,,,,,,,,,,,
31354,2019,11,23,14,0,9.7,83,10,85,4.0,,,,,,,,,,,,,,,,,,,,,,,,,,,,,,,,,,,,
31355,2019,11,23,14,15,9.4,74,3,75,3.9,,,,,,,,,,,,,,,,,,,,,,,,,,,,,,,,,,,,
31356,2019,11,23,14,30,9.1,64,0,64,3.7,,,,,,,,,,,,,,,,,,,,,,,,,,,,,,,,,,,,
31357,2019,11,23,14,45,8.8,53,0,53,3.6,,,,,,,,,,,,,,,,,,,,,,,,,,,,,,,,,,,,
31358,2019,11,23,15,0,8.4,42,0,42,3.5,,,,,,,,,,,,,,,,,,,,,,,,,,,,,,,,,,,,
31359,2019,11,23,15,15,7.800000000000001,31,0,31,3.4000000000000004,,,,,,,,,,,,,,,,,,,,,,,,,,,,,,,,,,,,
31360,2019,11,23,15,30,7.2,21,0,21,3.4000000000000004,,,,,,,,,,,,,,,,,,,,,,,,,,,,,,,,,,,,
31361,2019,11,23,15,45,6.7,12,0,12,3.3000000000000003,,,,,,,,,,,,,,,,,,,,,,,,,,,,,,,,,,,,
31362,2019,11,23,16,0,6.1000000000000005,2,114,5,3.3000000000000003,,,,,,,,,,,,,,,,,,,,,,,,,,,,,,,,,,,,
31363,2019,11,23,16,15,5.800000000000001,0,0,0,3.4000000000000004,,,,,,,,,,,,,,,,,,,,,,,,,,,,,,,,,,,,
31364,2019,11,23,16,30,5.5,0,0,0,3.5,,,,,,,,,,,,,,,,,,,,,,,,,,,,,,,,,,,,
31365,2019,11,23,16,45,5.300000000000001,0,0,0,3.6,,,,,,,,,,,,,,,,,,,,,,,,,,,,,,,,,,,,
31366,2019,11,23,17,0,5.0,0,0,0,3.8,,,,,,,,,,,,,,,,,,,,,,,,,,,,,,,,,,,,
31367,2019,11,23,17,15,4.800000000000001,0,0,0,3.8,,,,,,,,,,,,,,,,,,,,,,,,,,,,,,,,,,,,
31368,2019,11,23,17,30,4.6000000000000005,0,0,0,3.8,,,,,,,,,,,,,,,,,,,,,,,,,,,,,,,,,,,,
31369,2019,11,23,17,45,4.4,0,0,0,3.7,,,,,,,,,,,,,,,,,,,,,,,,,,,,,,,,,,,,
31370,2019,11,23,18,0,4.1000000000000005,0,0,0,3.7,,,,,,,,,,,,,,,,,,,,,,,,,,,,,,,,,,,,
31371,2019,11,23,18,15,4.1000000000000005,0,0,0,3.7,,,,,,,,,,,,,,,,,,,,,,,,,,,,,,,,,,,,
31372,2019,11,23,18,30,4.0,0,0,0,3.7,,,,,,,,,,,,,,,,,,,,,,,,,,,,,,,,,,,,
31373,2019,11,23,18,45,3.9,0,0,0,3.7,,,,,,,,,,,,,,,,,,,,,,,,,,,,,,,,,,,,
31374,2019,11,23,19,0,3.8,0,0,0,3.7,,,,,,,,,,,,,,,,,,,,,,,,,,,,,,,,,,,,
31375,2019,11,23,19,15,3.8,0,0,0,3.7,,,,,,,,,,,,,,,,,,,,,,,,,,,,,,,,,,,,
31376,2019,11,23,19,30,3.7,0,0,0,3.7,,,,,,,,,,,,,,,,,,,,,,,,,,,,,,,,,,,,
31377,2019,11,23,19,45,3.7,0,0,0,3.7,,,,,,,,,,,,,,,,,,,,,,,,,,,,,,,,,,,,
31378,2019,11,23,20,0,3.7,0,0,0,3.7,,,,,,,,,,,,,,,,,,,,,,,,,,,,,,,,,,,,
31379,2019,11,23,20,15,3.7,0,0,0,3.6,,,,,,,,,,,,,,,,,,,,,,,,,,,,,,,,,,,,
31380,2019,11,23,20,30,3.7,0,0,0,3.6,,,,,,,,,,,,,,,,,,,,,,,,,,,,,,,,,,,,
31381,2019,11,23,20,45,3.6,0,0,0,3.6,,,,,,,,,,,,,,,,,,,,,,,,,,,,,,,,,,,,
31382,2019,11,23,21,0,3.6,0,0,0,3.5,,,,,,,,,,,,,,,,,,,,,,,,,,,,,,,,,,,,
31383,2019,11,23,21,15,3.6,0,0,0,3.5,,,,,,,,,,,,,,,,,,,,,,,,,,,,,,,,,,,,
31384,2019,11,23,21,30,3.6,0,0,0,3.5,,,,,,,,,,,,,,,,,,,,,,,,,,,,,,,,,,,,
31385,2019,11,23,21,45,3.6,0,0,0,3.4000000000000004,,,,,,,,,,,,,,,,,,,,,,,,,,,,,,,,,,,,
31386,2019,11,23,22,0,3.6,0,0,0,3.4000000000000004,,,,,,,,,,,,,,,,,,,,,,,,,,,,,,,,,,,,
31387,2019,11,23,22,15,3.6,0,0,0,3.4000000000000004,,,,,,,,,,,,,,,,,,,,,,,,,,,,,,,,,,,,
31388,2019,11,23,22,30,3.6,0,0,0,3.3000000000000003,,,,,,,,,,,,,,,,,,,,,,,,,,,,,,,,,,,,
31389,2019,11,23,22,45,3.6,0,0,0,3.3000000000000003,,,,,,,,,,,,,,,,,,,,,,,,,,,,,,,,,,,,
31390,2019,11,23,23,0,3.6,0,0,0,3.3000000000000003,,,,,,,,,,,,,,,,,,,,,,,,,,,,,,,,,,,,
31391,2019,11,23,23,15,3.5,0,0,0,3.2,,,,,,,,,,,,,,,,,,,,,,,,,,,,,,,,,,,,
31392,2019,11,23,23,30,3.5,0,0,0,3.2,,,,,,,,,,,,,,,,,,,,,,,,,,,,,,,,,,,,
31393,2019,11,23,23,45,3.5,0,0,0,3.2,,,,,,,,,,,,,,,,,,,,,,,,,,,,,,,,,,,,
31394,2019,11,24,0,0,3.5,0,0,0,3.1,,,,,,,,,,,,,,,,,,,,,,,,,,,,,,,,,,,,
31395,2019,11,24,0,15,3.5,0,0,0,3.1,,,,,,,,,,,,,,,,,,,,,,,,,,,,,,,,,,,,
31396,2019,11,24,0,30,3.5,0,0,0,3.1,,,,,,,,,,,,,,,,,,,,,,,,,,,,,,,,,,,,
31397,2019,11,24,0,45,3.5,0,0,0,3.1,,,,,,,,,,,,,,,,,,,,,,,,,,,,,,,,,,,,
31398,2019,11,24,1,0,3.5,0,0,0,3.1,,,,,,,,,,,,,,,,,,,,,,,,,,,,,,,,,,,,
31399,2019,11,24,1,15,3.5,0,0,0,3.0,,,,,,,,,,,,,,,,,,,,,,,,,,,,,,,,,,,,
31400,2019,11,24,1,30,3.5,0,0,0,3.0,,,,,,,,,,,,,,,,,,,,,,,,,,,,,,,,,,,,
31401,2019,11,24,1,45,3.5,0,0,0,2.9000000000000004,,,,,,,,,,,,,,,,,,,,,,,,,,,,,,,,,,,,
31402,2019,11,24,2,0,3.5,0,0,0,2.9000000000000004,,,,,,,,,,,,,,,,,,,,,,,,,,,,,,,,,,,,
31403,2019,11,24,2,15,3.5,0,0,0,2.8000000000000003,,,,,,,,,,,,,,,,,,,,,,,,,,,,,,,,,,,,
31404,2019,11,24,2,30,3.5,0,0,0,2.8000000000000003,,,,,,,,,,,,,,,,,,,,,,,,,,,,,,,,,,,,
31405,2019,11,24,2,45,3.5,0,0,0,2.8000000000000003,,,,,,,,,,,,,,,,,,,,,,,,,,,,,,,,,,,,
31406,2019,11,24,3,0,3.5,0,0,0,2.7,,,,,,,,,,,,,,,,,,,,,,,,,,,,,,,,,,,,
31407,2019,11,24,3,15,3.5,0,0,0,2.7,,,,,,,,,,,,,,,,,,,,,,,,,,,,,,,,,,,,
31408,2019,11,24,3,30,3.5,0,0,0,2.7,,,,,,,,,,,,,,,,,,,,,,,,,,,,,,,,,,,,
31409,2019,11,24,3,45,3.6,0,0,0,2.6,,,,,,,,,,,,,,,,,,,,,,,,,,,,,,,,,,,,
31410,2019,11,24,4,0,3.6,0,0,0,2.6,,,,,,,,,,,,,,,,,,,,,,,,,,,,,,,,,,,,
31411,2019,11,24,4,15,3.6,0,0,0,2.5,,,,,,,,,,,,,,,,,,,,,,,,,,,,,,,,,,,,
31412,2019,11,24,4,30,3.6,0,0,0,2.5,,,,,,,,,,,,,,,,,,,,,,,,,,,,,,,,,,,,
31413,2019,11,24,4,45,3.6,0,0,0,2.5,,,,,,,,,,,,,,,,,,,,,,,,,,,,,,,,,,,,
31414,2019,11,24,5,0,3.6,0,0,0,2.4000000000000004,,,,,,,,,,,,,,,,,,,,,,,,,,,,,,,,,,,,
31415,2019,11,24,5,15,3.7,0,0,0,2.4000000000000004,,,,,,,,,,,,,,,,,,,,,,,,,,,,,,,,,,,,
31416,2019,11,24,5,30,3.7,0,0,0,2.4000000000000004,,,,,,,,,,,,,,,,,,,,,,,,,,,,,,,,,,,,
31417,2019,11,24,5,45,3.7,0,0,0,2.3000000000000003,,,,,,,,,,,,,,,,,,,,,,,,,,,,,,,,,,,,
31418,2019,11,24,6,0,3.7,0,0,0,2.3000000000000003,,,,,,,,,,,,,,,,,,,,,,,,,,,,,,,,,,,,
31419,2019,11,24,6,15,3.7,0,0,0,2.3000000000000003,,,,,,,,,,,,,,,,,,,,,,,,,,,,,,,,,,,,
31420,2019,11,24,6,30,3.7,0,0,0,2.2,,,,,,,,,,,,,,,,,,,,,,,,,,,,,,,,,,,,
31421,2019,11,24,6,45,3.7,0,0,0,2.2,,,,,,,,,,,,,,,,,,,,,,,,,,,,,,,,,,,,
31422,2019,11,24,7,0,3.7,0,0,0,2.2,,,,,,,,,,,,,,,,,,,,,,,,,,,,,,,,,,,,
31423,2019,11,24,7,15,3.7,0,0,0,2.2,,,,,,,,,,,,,,,,,,,,,,,,,,,,,,,,,,,,
31424,2019,11,24,7,30,3.8,0,0,0,2.2,,,,,,,,,,,,,,,,,,,,,,,,,,,,,,,,,,,,
31425,2019,11,24,7,45,3.8,0,0,0,2.2,,,,,,,,,,,,,,,,,,,,,,,,,,,,,,,,,,,,
31426,2019,11,24,8,0,3.9,12,69,13,2.2,,,,,,,,,,,,,,,,,,,,,,,,,,,,,,,,,,,,
31427,2019,11,24,8,15,4.0,4,0,4,2.3000000000000003,,,,,,,,,,,,,,,,,,,,,,,,,,,,,,,,,,,,
31428,2019,11,24,8,30,4.0,4,0,4,2.3000000000000003,,,,,,,,,,,,,,,,,,,,,,,,,,,,,,,,,,,,
31429,2019,11,24,8,45,4.1000000000000005,5,0,5,2.4000000000000004,,,,,,,,,,,,,,,,,,,,,,,,,,,,,,,,,,,,
31430,2019,11,24,9,0,4.2,7,0,7,2.4000000000000004,,,,,,,,,,,,,,,,,,,,,,,,,,,,,,,,,,,,
31431,2019,11,24,9,15,4.3,8,0,8,2.4000000000000004,,,,,,,,,,,,,,,,,,,,,,,,,,,,,,,,,,,,
31432,2019,11,24,9,30,4.4,10,0,10,2.5,,,,,,,,,,,,,,,,,,,,,,,,,,,,,,,,,,,,
31433,2019,11,24,9,45,4.5,11,0,11,2.5,,,,,,,,,,,,,,,,,,,,,,,,,,,,,,,,,,,,
31434,2019,11,24,10,0,4.6000000000000005,13,0,13,2.5,,,,,,,,,,,,,,,,,,,,,,,,,,,,,,,,,,,,
31435,2019,11,24,10,15,4.7,14,0,14,2.4000000000000004,,,,,,,,,,,,,,,,,,,,,,,,,,,,,,,,,,,,
31436,2019,11,24,10,30,4.800000000000001,15,0,15,2.4000000000000004,,,,,,,,,,,,,,,,,,,,,,,,,,,,,,,,,,,,
31437,2019,11,24,10,45,4.800000000000001,16,0,16,2.4000000000000004,,,,,,,,,,,,,,,,,,,,,,,,,,,,,,,,,,,,
31438,2019,11,24,11,0,4.9,17,0,17,2.3000000000000003,,,,,,,,,,,,,,,,,,,,,,,,,,,,,,,,,,,,
31439,2019,11,24,11,15,5.1000000000000005,18,0,18,2.3000000000000003,,,,,,,,,,,,,,,,,,,,,,,,,,,,,,,,,,,,
31440,2019,11,24,11,30,5.2,18,0,18,2.3000000000000003,,,,,,,,,,,,,,,,,,,,,,,,,,,,,,,,,,,,
31441,2019,11,24,11,45,5.300000000000001,19,0,19,2.2,,,,,,,,,,,,,,,,,,,,,,,,,,,,,,,,,,,,
31442,2019,11,24,12,0,5.4,19,0,19,2.2,,,,,,,,,,,,,,,,,,,,,,,,,,,,,,,,,,,,
31443,2019,11,24,12,15,5.5,19,0,19,2.2,,,,,,,,,,,,,,,,,,,,,,,,,,,,,,,,,,,,
31444,2019,11,24,12,30,5.6000000000000005,11,0,11,2.2,,,,,,,,,,,,,,,,,,,,,,,,,,,,,,,,,,,,
31445,2019,11,24,12,45,5.7,34,0,34,2.2,,,,,,,,,,,,,,,,,,,,,,,,,,,,,,,,,,,,
31446,2019,11,24,13,0,5.800000000000001,55,0,55,2.2,,,,,,,,,,,,,,,,,,,,,,,,,,,,,,,,,,,,
31447,2019,11,24,13,15,5.800000000000001,15,0,15,2.2,,,,,,,,,,,,,,,,,,,,,,,,,,,,,,,,,,,,
31448,2019,11,24,13,30,5.9,9,0,9,2.2,,,,,,,,,,,,,,,,,,,,,,,,,,,,,,,,,,,,
31449,2019,11,24,13,45,5.9,9,0,9,2.2,,,,,,,,,,,,,,,,,,,,,,,,,,,,,,,,,,,,
31450,2019,11,24,14,0,5.9,8,0,8,2.1,,,,,,,,,,,,,,,,,,,,,,,,,,,,,,,,,,,,
31451,2019,11,24,14,15,5.800000000000001,7,0,7,2.1,,,,,,,,,,,,,,,,,,,,,,,,,,,,,,,,,,,,
31452,2019,11,24,14,30,5.7,7,0,7,2.0,,,,,,,,,,,,,,,,,,,,,,,,,,,,,,,,,,,,
31453,2019,11,24,14,45,5.6000000000000005,6,0,6,1.9,,,,,,,,,,,,,,,,,,,,,,,,,,,,,,,,,,,,
31454,2019,11,24,15,0,5.5,6,0,6,1.8,,,,,,,,,,,,,,,,,,,,,,,,,,,,,,,,,,,,
31455,2019,11,24,15,15,5.300000000000001,5,0,5,1.7000000000000002,,,,,,,,,,,,,,,,,,,,,,,,,,,,,,,,,,,,
31456,2019,11,24,15,30,5.1000000000000005,4,0,4,1.6,,,,,,,,,,,,,,,,,,,,,,,,,,,,,,,,,,,,
31457,2019,11,24,15,45,4.9,4,0,4,1.5,,,,,,,,,,,,,,,,,,,,,,,,,,,,,,,,,,,,
31458,2019,11,24,16,0,4.7,11,63,13,1.4,,,,,,,,,,,,,,,,,,,,,,,,,,,,,,,,,,,,
31459,2019,11,24,16,15,4.6000000000000005,0,0,0,1.4,,,,,,,,,,,,,,,,,,,,,,,,,,,,,,,,,,,,
31460,2019,11,24,16,30,4.6000000000000005,0,0,0,1.4,,,,,,,,,,,,,,,,,,,,,,,,,,,,,,,,,,,,
31461,2019,11,24,16,45,4.5,0,0,0,1.4,,,,,,,,,,,,,,,,,,,,,,,,,,,,,,,,,,,,
31462,2019,11,24,17,0,4.4,0,0,0,1.4,,,,,,,,,,,,,,,,,,,,,,,,,,,,,,,,,,,,
31463,2019,11,24,17,15,4.4,0,0,0,1.4,,,,,,,,,,,,,,,,,,,,,,,,,,,,,,,,,,,,
31464,2019,11,24,17,30,4.4,0,0,0,1.3,,,,,,,,,,,,,,,,,,,,,,,,,,,,,,,,,,,,
31465,2019,11,24,17,45,4.3,0,0,0,1.3,,,,,,,,,,,,,,,,,,,,,,,,,,,,,,,,,,,,
31466,2019,11,24,18,0,4.3,0,0,0,1.3,,,,,,,,,,,,,,,,,,,,,,,,,,,,,,,,,,,,
31467,2019,11,24,18,15,4.2,0,0,0,1.3,,,,,,,,,,,,,,,,,,,,,,,,,,,,,,,,,,,,
31468,2019,11,24,18,30,4.2,0,0,0,1.3,,,,,,,,,,,,,,,,,,,,,,,,,,,,,,,,,,,,
31469,2019,11,24,18,45,4.2,0,0,0,1.3,,,,,,,,,,,,,,,,,,,,,,,,,,,,,,,,,,,,
31470,2019,11,24,19,0,4.1000000000000005,0,0,0,1.2000000000000002,,,,,,,,,,,,,,,,,,,,,,,,,,,,,,,,,,,,
31471,2019,11,24,19,15,4.1000000000000005,0,0,0,1.2000000000000002,,,,,,,,,,,,,,,,,,,,,,,,,,,,,,,,,,,,
31472,2019,11,24,19,30,4.1000000000000005,0,0,0,1.2000000000000002,,,,,,,,,,,,,,,,,,,,,,,,,,,,,,,,,,,,
31473,2019,11,24,19,45,4.1000000000000005,0,0,0,1.2000000000000002,,,,,,,,,,,,,,,,,,,,,,,,,,,,,,,,,,,,
31474,2019,11,24,20,0,4.2,0,0,0,1.2000000000000002,,,,,,,,,,,,,,,,,,,,,,,,,,,,,,,,,,,,
31475,2019,11,24,20,15,4.2,0,0,0,1.2000000000000002,,,,,,,,,,,,,,,,,,,,,,,,,,,,,,,,,,,,
31476,2019,11,24,20,30,4.2,0,0,0,1.3,,,,,,,,,,,,,,,,,,,,,,,,,,,,,,,,,,,,
31477,2019,11,24,20,45,4.2,0,0,0,1.3,,,,,,,,,,,,,,,,,,,,,,,,,,,,,,,,,,,,
31478,2019,11,24,21,0,4.2,0,0,0,1.3,,,,,,,,,,,,,,,,,,,,,,,,,,,,,,,,,,,,
31479,2019,11,24,21,15,4.2,0,0,0,1.3,,,,,,,,,,,,,,,,,,,,,,,,,,,,,,,,,,,,
31480,2019,11,24,21,30,4.1000000000000005,0,0,0,1.3,,,,,,,,,,,,,,,,,,,,,,,,,,,,,,,,,,,,
31481,2019,11,24,21,45,4.1000000000000005,0,0,0,1.2000000000000002,,,,,,,,,,,,,,,,,,,,,,,,,,,,,,,,,,,,
31482,2019,11,24,22,0,4.1000000000000005,0,0,0,1.2000000000000002,,,,,,,,,,,,,,,,,,,,,,,,,,,,,,,,,,,,
31483,2019,11,24,22,15,4.0,0,0,0,1.2000000000000002,,,,,,,,,,,,,,,,,,,,,,,,,,,,,,,,,,,,
31484,2019,11,24,22,30,4.0,0,0,0,1.2000000000000002,,,,,,,,,,,,,,,,,,,,,,,,,,,,,,,,,,,,
31485,2019,11,24,22,45,3.9,0,0,0,1.3,,,,,,,,,,,,,,,,,,,,,,,,,,,,,,,,,,,,
31486,2019,11,24,23,0,3.9,0,0,0,1.3,,,,,,,,,,,,,,,,,,,,,,,,,,,,,,,,,,,,
31487,2019,11,24,23,15,3.8,0,0,0,1.3,,,,,,,,,,,,,,,,,,,,,,,,,,,,,,,,,,,,
31488,2019,11,24,23,30,3.7,0,0,0,1.3,,,,,,,,,,,,,,,,,,,,,,,,,,,,,,,,,,,,
31489,2019,11,24,23,45,3.7,0,0,0,1.3,,,,,,,,,,,,,,,,,,,,,,,,,,,,,,,,,,,,
31490,2019,11,25,0,0,3.6,0,0,0,1.3,,,,,,,,,,,,,,,,,,,,,,,,,,,,,,,,,,,,
31491,2019,11,25,0,15,3.6,0,0,0,1.3,,,,,,,,,,,,,,,,,,,,,,,,,,,,,,,,,,,,
31492,2019,11,25,0,30,3.6,0,0,0,1.3,,,,,,,,,,,,,,,,,,,,,,,,,,,,,,,,,,,,
31493,2019,11,25,0,45,3.6,0,0,0,1.3,,,,,,,,,,,,,,,,,,,,,,,,,,,,,,,,,,,,
31494,2019,11,25,1,0,3.5,0,0,0,1.3,,,,,,,,,,,,,,,,,,,,,,,,,,,,,,,,,,,,
31495,2019,11,25,1,15,3.4000000000000004,0,0,0,1.3,,,,,,,,,,,,,,,,,,,,,,,,,,,,,,,,,,,,
31496,2019,11,25,1,30,3.4000000000000004,0,0,0,1.2000000000000002,,,,,,,,,,,,,,,,,,,,,,,,,,,,,,,,,,,,
31497,2019,11,25,1,45,3.4000000000000004,0,0,0,1.2000000000000002,,,,,,,,,,,,,,,,,,,,,,,,,,,,,,,,,,,,
31498,2019,11,25,2,0,3.4000000000000004,0,0,0,1.2000000000000002,,,,,,,,,,,,,,,,,,,,,,,,,,,,,,,,,,,,
31499,2019,11,25,2,15,3.3000000000000003,0,0,0,1.2000000000000002,,,,,,,,,,,,,,,,,,,,,,,,,,,,,,,,,,,,
31500,2019,11,25,2,30,3.3000000000000003,0,0,0,1.2000000000000002,,,,,,,,,,,,,,,,,,,,,,,,,,,,,,,,,,,,
31501,2019,11,25,2,45,3.3000000000000003,0,0,0,1.2000000000000002,,,,,,,,,,,,,,,,,,,,,,,,,,,,,,,,,,,,
31502,2019,11,25,3,0,3.3000000000000003,0,0,0,1.2000000000000002,,,,,,,,,,,,,,,,,,,,,,,,,,,,,,,,,,,,
31503,2019,11,25,3,15,3.3000000000000003,0,0,0,1.3,,,,,,,,,,,,,,,,,,,,,,,,,,,,,,,,,,,,
31504,2019,11,25,3,30,3.3000000000000003,0,0,0,1.3,,,,,,,,,,,,,,,,,,,,,,,,,,,,,,,,,,,,
31505,2019,11,25,3,45,3.3000000000000003,0,0,0,1.3,,,,,,,,,,,,,,,,,,,,,,,,,,,,,,,,,,,,
31506,2019,11,25,4,0,3.2,0,0,0,1.3,,,,,,,,,,,,,,,,,,,,,,,,,,,,,,,,,,,,
31507,2019,11,25,4,15,3.2,0,0,0,1.3,,,,,,,,,,,,,,,,,,,,,,,,,,,,,,,,,,,,
31508,2019,11,25,4,30,3.2,0,0,0,1.3,,,,,,,,,,,,,,,,,,,,,,,,,,,,,,,,,,,,
31509,2019,11,25,4,45,3.2,0,0,0,1.3,,,,,,,,,,,,,,,,,,,,,,,,,,,,,,,,,,,,
31510,2019,11,25,5,0,3.2,0,0,0,1.4,,,,,,,,,,,,,,,,,,,,,,,,,,,,,,,,,,,,
31511,2019,11,25,5,15,3.1,0,0,0,1.4,,,,,,,,,,,,,,,,,,,,,,,,,,,,,,,,,,,,
31512,2019,11,25,5,30,3.1,0,0,0,1.4,,,,,,,,,,,,,,,,,,,,,,,,,,,,,,,,,,,,
31513,2019,11,25,5,45,3.1,0,0,0,1.4,,,,,,,,,,,,,,,,,,,,,,,,,,,,,,,,,,,,
31514,2019,11,25,6,0,3.1,0,0,0,1.4,,,,,,,,,,,,,,,,,,,,,,,,,,,,,,,,,,,,
31515,2019,11,25,6,15,3.1,0,0,0,1.4,,,,,,,,,,,,,,,,,,,,,,,,,,,,,,,,,,,,
31516,2019,11,25,6,30,3.1,0,0,0,1.5,,,,,,,,,,,,,,,,,,,,,,,,,,,,,,,,,,,,
31517,2019,11,25,6,45,3.1,0,0,0,1.5,,,,,,,,,,,,,,,,,,,,,,,,,,,,,,,,,,,,
31518,2019,11,25,7,0,3.0,0,0,0,1.5,,,,,,,,,,,,,,,,,,,,,,,,,,,,,,,,,,,,
31519,2019,11,25,7,15,3.0,0,0,0,1.5,,,,,,,,,,,,,,,,,,,,,,,,,,,,,,,,,,,,
31520,2019,11,25,7,30,3.1,0,0,0,1.5,,,,,,,,,,,,,,,,,,,,,,,,,,,,,,,,,,,,
31521,2019,11,25,7,45,3.1,0,0,0,1.6,,,,,,,,,,,,,,,,,,,,,,,,,,,,,,,,,,,,
31522,2019,11,25,8,0,3.1,0,0,0,1.6,,,,,,,,,,,,,,,,,,,,,,,,,,,,,,,,,,,,
31523,2019,11,25,8,15,3.2,3,0,3,1.7000000000000002,,,,,,,,,,,,,,,,,,,,,,,,,,,,,,,,,,,,
31524,2019,11,25,8,30,3.2,4,0,4,1.7000000000000002,,,,,,,,,,,,,,,,,,,,,,,,,,,,,,,,,,,,
31525,2019,11,25,8,45,3.3000000000000003,5,0,5,1.8,,,,,,,,,,,,,,,,,,,,,,,,,,,,,,,,,,,,
31526,2019,11,25,9,0,3.4000000000000004,6,0,6,1.8,,,,,,,,,,,,,,,,,,,,,,,,,,,,,,,,,,,,
31527,2019,11,25,9,15,3.5,6,0,6,1.8,,,,,,,,,,,,,,,,,,,,,,,,,,,,,,,,,,,,
31528,2019,11,25,9,30,3.6,7,0,7,1.9,,,,,,,,,,,,,,,,,,,,,,,,,,,,,,,,,,,,
31529,2019,11,25,9,45,3.7,7,0,7,1.9,,,,,,,,,,,,,,,,,,,,,,,,,,,,,,,,,,,,
31530,2019,11,25,10,0,3.7,8,0,8,1.9,,,,,,,,,,,,,,,,,,,,,,,,,,,,,,,,,,,,
31531,2019,11,25,10,15,3.8,8,0,8,1.9,,,,,,,,,,,,,,,,,,,,,,,,,,,,,,,,,,,,
31532,2019,11,25,10,30,3.9,9,0,9,1.9,,,,,,,,,,,,,,,,,,,,,,,,,,,,,,,,,,,,
31533,2019,11,25,10,45,4.0,16,0,16,1.9,,,,,,,,,,,,,,,,,,,,,,,,,,,,,,,,,,,,
31534,2019,11,25,11,0,4.1000000000000005,17,0,17,1.9,,,,,,,,,,,,,,,,,,,,,,,,,,,,,,,,,,,,
31535,2019,11,25,11,15,4.2,10,0,10,1.9,,,,,,,,,,,,,,,,,,,,,,,,,,,,,,,,,,,,
31536,2019,11,25,11,30,4.3,11,0,11,1.9,,,,,,,,,,,,,,,,,,,,,,,,,,,,,,,,,,,,
31537,2019,11,25,11,45,4.3,11,0,11,1.9,,,,,,,,,,,,,,,,,,,,,,,,,,,,,,,,,,,,
31538,2019,11,25,12,0,4.4,11,0,11,1.9,,,,,,,,,,,,,,,,,,,,,,,,,,,,,,,,,,,,
31539,2019,11,25,12,15,4.5,11,0,11,1.8,,,,,,,,,,,,,,,,,,,,,,,,,,,,,,,,,,,,
31540,2019,11,25,12,30,4.5,11,0,11,1.8,,,,,,,,,,,,,,,,,,,,,,,,,,,,,,,,,,,,
31541,2019,11,25,12,45,4.6000000000000005,10,0,10,1.8,,,,,,,,,,,,,,,,,,,,,,,,,,,,,,,,,,,,
31542,2019,11,25,13,0,4.6000000000000005,10,0,10,1.8,,,,,,,,,,,,,,,,,,,,,,,,,,,,,,,,,,,,
31543,2019,11,25,13,15,4.6000000000000005,10,0,10,1.7000000000000002,,,,,,,,,,,,,,,,,,,,,,,,,,,,,,,,,,,,
31544,2019,11,25,13,30,4.6000000000000005,9,0,9,1.7000000000000002,,,,,,,,,,,,,,,,,,,,,,,,,,,,,,,,,,,,
31545,2019,11,25,13,45,4.6000000000000005,9,0,9,1.7000000000000002,,,,,,,,,,,,,,,,,,,,,,,,,,,,,,,,,,,,
31546,2019,11,25,14,0,4.6000000000000005,8,0,8,1.6,,,,,,,,,,,,,,,,,,,,,,,,,,,,,,,,,,,,
31547,2019,11,25,14,15,4.5,7,0,7,1.6,,,,,,,,,,,,,,,,,,,,,,,,,,,,,,,,,,,,
31548,2019,11,25,14,30,4.5,7,0,7,1.6,,,,,,,,,,,,,,,,,,,,,,,,,,,,,,,,,,,,
31549,2019,11,25,14,45,4.4,6,0,6,1.6,,,,,,,,,,,,,,,,,,,,,,,,,,,,,,,,,,,,
31550,2019,11,25,15,0,4.3,6,0,6,1.6,,,,,,,,,,,,,,,,,,,,,,,,,,,,,,,,,,,,
31551,2019,11,25,15,15,4.2,5,0,5,1.5,,,,,,,,,,,,,,,,,,,,,,,,,,,,,,,,,,,,
31552,2019,11,25,15,30,4.1000000000000005,4,0,4,1.4,,,,,,,,,,,,,,,,,,,,,,,,,,,,,,,,,,,,
31553,2019,11,25,15,45,4.0,3,0,3,1.4,,,,,,,,,,,,,,,,,,,,,,,,,,,,,,,,,,,,
31554,2019,11,25,16,0,4.0,10,26,11,1.3,,,,,,,,,,,,,,,,,,,,,,,,,,,,,,,,,,,,
31555,2019,11,25,16,15,3.9,0,0,0,1.3,,,,,,,,,,,,,,,,,,,,,,,,,,,,,,,,,,,,
31556,2019,11,25,16,30,3.9,0,0,0,1.4,,,,,,,,,,,,,,,,,,,,,,,,,,,,,,,,,,,,
31557,2019,11,25,16,45,3.8,0,0,0,1.4,,,,,,,,,,,,,,,,,,,,,,,,,,,,,,,,,,,,
31558,2019,11,25,17,0,3.8,0,0,0,1.4,,,,,,,,,,,,,,,,,,,,,,,,,,,,,,,,,,,,
31559,2019,11,25,17,15,3.8,0,0,0,1.4,,,,,,,,,,,,,,,,,,,,,,,,,,,,,,,,,,,,
31560,2019,11,25,17,30,3.7,0,0,0,1.5,,,,,,,,,,,,,,,,,,,,,,,,,,,,,,,,,,,,
31561,2019,11,25,17,45,3.7,0,0,0,1.5,,,,,,,,,,,,,,,,,,,,,,,,,,,,,,,,,,,,
31562,2019,11,25,18,0,3.7,0,0,0,1.6,,,,,,,,,,,,,,,,,,,,,,,,,,,,,,,,,,,,
31563,2019,11,25,18,15,3.7,0,0,0,1.6,,,,,,,,,,,,,,,,,,,,,,,,,,,,,,,,,,,,
31564,2019,11,25,18,30,3.7,0,0,0,1.7000000000000002,,,,,,,,,,,,,,,,,,,,,,,,,,,,,,,,,,,,
31565,2019,11,25,18,45,3.6,0,0,0,1.7000000000000002,,,,,,,,,,,,,,,,,,,,,,,,,,,,,,,,,,,,
31566,2019,11,25,19,0,3.6,0,0,0,1.7000000000000002,,,,,,,,,,,,,,,,,,,,,,,,,,,,,,,,,,,,
31567,2019,11,25,19,15,3.6,0,0,0,1.8,,,,,,,,,,,,,,,,,,,,,,,,,,,,,,,,,,,,
31568,2019,11,25,19,30,3.6,0,0,0,1.8,,,,,,,,,,,,,,,,,,,,,,,,,,,,,,,,,,,,
31569,2019,11,25,19,45,3.6,0,0,0,1.8,,,,,,,,,,,,,,,,,,,,,,,,,,,,,,,,,,,,
31570,2019,11,25,20,0,3.6,0,0,0,1.8,,,,,,,,,,,,,,,,,,,,,,,,,,,,,,,,,,,,
31571,2019,11,25,20,15,3.6,0,0,0,1.8,,,,,,,,,,,,,,,,,,,,,,,,,,,,,,,,,,,,
31572,2019,11,25,20,30,3.6,0,0,0,1.8,,,,,,,,,,,,,,,,,,,,,,,,,,,,,,,,,,,,
31573,2019,11,25,20,45,3.6,0,0,0,1.8,,,,,,,,,,,,,,,,,,,,,,,,,,,,,,,,,,,,
31574,2019,11,25,21,0,3.6,0,0,0,1.8,,,,,,,,,,,,,,,,,,,,,,,,,,,,,,,,,,,,
31575,2019,11,25,21,15,3.6,0,0,0,1.8,,,,,,,,,,,,,,,,,,,,,,,,,,,,,,,,,,,,
31576,2019,11,25,21,30,3.6,0,0,0,1.7000000000000002,,,,,,,,,,,,,,,,,,,,,,,,,,,,,,,,,,,,
31577,2019,11,25,21,45,3.6,0,0,0,1.7000000000000002,,,,,,,,,,,,,,,,,,,,,,,,,,,,,,,,,,,,
31578,2019,11,25,22,0,3.6,0,0,0,1.7000000000000002,,,,,,,,,,,,,,,,,,,,,,,,,,,,,,,,,,,,
31579,2019,11,25,22,15,3.7,0,0,0,1.7000000000000002,,,,,,,,,,,,,,,,,,,,,,,,,,,,,,,,,,,,
31580,2019,11,25,22,30,3.7,0,0,0,1.7000000000000002,,,,,,,,,,,,,,,,,,,,,,,,,,,,,,,,,,,,
31581,2019,11,25,22,45,3.7,0,0,0,1.7000000000000002,,,,,,,,,,,,,,,,,,,,,,,,,,,,,,,,,,,,
31582,2019,11,25,23,0,3.7,0,0,0,1.7000000000000002,,,,,,,,,,,,,,,,,,,,,,,,,,,,,,,,,,,,
31583,2019,11,25,23,15,3.7,0,0,0,1.7000000000000002,,,,,,,,,,,,,,,,,,,,,,,,,,,,,,,,,,,,
31584,2019,11,25,23,30,3.7,0,0,0,1.7000000000000002,,,,,,,,,,,,,,,,,,,,,,,,,,,,,,,,,,,,
31585,2019,11,25,23,45,3.7,0,0,0,1.7000000000000002,,,,,,,,,,,,,,,,,,,,,,,,,,,,,,,,,,,,
31586,2019,11,26,0,0,3.7,0,0,0,1.7000000000000002,,,,,,,,,,,,,,,,,,,,,,,,,,,,,,,,,,,,
31587,2019,11,26,0,15,3.7,0,0,0,1.7000000000000002,,,,,,,,,,,,,,,,,,,,,,,,,,,,,,,,,,,,
31588,2019,11,26,0,30,3.7,0,0,0,1.7000000000000002,,,,,,,,,,,,,,,,,,,,,,,,,,,,,,,,,,,,
31589,2019,11,26,0,45,3.7,0,0,0,1.7000000000000002,,,,,,,,,,,,,,,,,,,,,,,,,,,,,,,,,,,,
31590,2019,11,26,1,0,3.7,0,0,0,1.7000000000000002,,,,,,,,,,,,,,,,,,,,,,,,,,,,,,,,,,,,
31591,2019,11,26,1,15,3.7,0,0,0,1.8,,,,,,,,,,,,,,,,,,,,,,,,,,,,,,,,,,,,
31592,2019,11,26,1,30,3.7,0,0,0,1.8,,,,,,,,,,,,,,,,,,,,,,,,,,,,,,,,,,,,
31593,2019,11,26,1,45,3.7,0,0,0,1.9,,,,,,,,,,,,,,,,,,,,,,,,,,,,,,,,,,,,
31594,2019,11,26,2,0,3.7,0,0,0,1.9,,,,,,,,,,,,,,,,,,,,,,,,,,,,,,,,,,,,
31595,2019,11,26,2,15,3.7,0,0,0,2.0,,,,,,,,,,,,,,,,,,,,,,,,,,,,,,,,,,,,
31596,2019,11,26,2,30,3.8,0,0,0,2.0,,,,,,,,,,,,,,,,,,,,,,,,,,,,,,,,,,,,
31597,2019,11,26,2,45,3.8,0,0,0,2.0,,,,,,,,,,,,,,,,,,,,,,,,,,,,,,,,,,,,
31598,2019,11,26,3,0,3.8,0,0,0,2.1,,,,,,,,,,,,,,,,,,,,,,,,,,,,,,,,,,,,
31599,2019,11,26,3,15,3.8,0,0,0,2.1,,,,,,,,,,,,,,,,,,,,,,,,,,,,,,,,,,,,
31600,2019,11,26,3,30,3.8,0,0,0,2.1,,,,,,,,,,,,,,,,,,,,,,,,,,,,,,,,,,,,
31601,2019,11,26,3,45,3.8,0,0,0,2.1,,,,,,,,,,,,,,,,,,,,,,,,,,,,,,,,,,,,
31602,2019,11,26,4,0,3.8,0,0,0,2.1,,,,,,,,,,,,,,,,,,,,,,,,,,,,,,,,,,,,
31603,2019,11,26,4,15,3.8,0,0,0,2.1,,,,,,,,,,,,,,,,,,,,,,,,,,,,,,,,,,,,
31604,2019,11,26,4,30,3.8,0,0,0,2.0,,,,,,,,,,,,,,,,,,,,,,,,,,,,,,,,,,,,
31605,2019,11,26,4,45,3.8,0,0,0,2.0,,,,,,,,,,,,,,,,,,,,,,,,,,,,,,,,,,,,
31606,2019,11,26,5,0,3.9,0,0,0,2.0,,,,,,,,,,,,,,,,,,,,,,,,,,,,,,,,,,,,
31607,2019,11,26,5,15,3.8,0,0,0,2.0,,,,,,,,,,,,,,,,,,,,,,,,,,,,,,,,,,,,
31608,2019,11,26,5,30,3.8,0,0,0,2.0,,,,,,,,,,,,,,,,,,,,,,,,,,,,,,,,,,,,
31609,2019,11,26,5,45,3.8,0,0,0,2.0,,,,,,,,,,,,,,,,,,,,,,,,,,,,,,,,,,,,
31610,2019,11,26,6,0,3.8,0,0,0,1.9,,,,,,,,,,,,,,,,,,,,,,,,,,,,,,,,,,,,
31611,2019,11,26,6,15,3.7,0,0,0,1.9,,,,,,,,,,,,,,,,,,,,,,,,,,,,,,,,,,,,
31612,2019,11,26,6,30,3.7,0,0,0,1.9,,,,,,,,,,,,,,,,,,,,,,,,,,,,,,,,,,,,
31613,2019,11,26,6,45,3.7,0,0,0,1.9,,,,,,,,,,,,,,,,,,,,,,,,,,,,,,,,,,,,
31614,2019,11,26,7,0,3.6,0,0,0,1.9,,,,,,,,,,,,,,,,,,,,,,,,,,,,,,,,,,,,
31615,2019,11,26,7,15,3.7,0,0,0,1.9,,,,,,,,,,,,,,,,,,,,,,,,,,,,,,,,,,,,
31616,2019,11,26,7,30,3.7,0,0,0,1.9,,,,,,,,,,,,,,,,,,,,,,,,,,,,,,,,,,,,
31617,2019,11,26,7,45,3.8,0,0,0,1.9,,,,,,,,,,,,,,,,,,,,,,,,,,,,,,,,,,,,
31618,2019,11,26,8,0,3.9,0,0,0,2.0,,,,,,,,,,,,,,,,,,,,,,,,,,,,,,,,,,,,
31619,2019,11,26,8,15,4.2,6,0,6,2.1,,,,,,,,,,,,,,,,,,,,,,,,,,,,,,,,,,,,
31620,2019,11,26,8,30,4.5,22,0,22,2.3000000000000003,,,,,,,,,,,,,,,,,,,,,,,,,,,,,,,,,,,,
31621,2019,11,26,8,45,4.7,31,0,31,2.5,,,,,,,,,,,,,,,,,,,,,,,,,,,,,,,,,,,,
31622,2019,11,26,9,0,5.0,41,0,41,2.7,,,,,,,,,,,,,,,,,,,,,,,,,,,,,,,,,,,,
31623,2019,11,26,9,15,5.300000000000001,51,0,51,2.8000000000000003,,,,,,,,,,,,,,,,,,,,,,,,,,,,,,,,,,,,
31624,2019,11,26,9,30,5.6000000000000005,33,0,33,2.8000000000000003,,,,,,,,,,,,,,,,,,,,,,,,,,,,,,,,,,,,
31625,2019,11,26,9,45,5.9,38,0,38,2.9000000000000004,,,,,,,,,,,,,,,,,,,,,,,,,,,,,,,,,,,,
31626,2019,11,26,10,0,6.2,44,0,44,3.0,,,,,,,,,,,,,,,,,,,,,,,,,,,,,,,,,,,,
31627,2019,11,26,10,15,6.4,87,17,91,3.0,,,,,,,,,,,,,,,,,,,,,,,,,,,,,,,,,,,,
31628,2019,11,26,10,30,6.7,94,21,99,3.1,,,,,,,,,,,,,,,,,,,,,,,,,,,,,,,,,,,,
31629,2019,11,26,10,45,6.9,59,0,59,3.1,,,,,,,,,,,,,,,,,,,,,,,,,,,,,,,,,,,,
31630,2019,11,26,11,0,7.2,60,0,60,3.2,,,,,,,,,,,,,,,,,,,,,,,,,,,,,,,,,,,,
31631,2019,11,26,11,15,7.4,109,31,118,3.1,,,,,,,,,,,,,,,,,,,,,,,,,,,,,,,,,,,,
31632,2019,11,26,11,30,7.6,108,18,114,3.1,,,,,,,,,,,,,,,,,,,,,,,,,,,,,,,,,,,,
31633,2019,11,26,11,45,7.7,97,0,97,3.1,,,,,,,,,,,,,,,,,,,,,,,,,,,,,,,,,,,,
31634,2019,11,26,12,0,7.9,97,0,97,3.1,,,,,,,,,,,,,,,,,,,,,,,,,,,,,,,,,,,,
31635,2019,11,26,12,15,8.1,112,24,119,3.0,,,,,,,,,,,,,,,,,,,,,,,,,,,,,,,,,,,,
31636,2019,11,26,12,30,8.200000000000001,77,0,77,3.0,,,,,,,,,,,,,,,,,,,,,,,,,,,,,,,,,,,,
31637,2019,11,26,12,45,8.4,100,0,100,2.9000000000000004,,,,,,,,,,,,,,,,,,,,,,,,,,,,,,,,,,,,
31638,2019,11,26,13,0,8.5,48,0,48,2.8000000000000003,,,,,,,,,,,,,,,,,,,,,,,,,,,,,,,,,,,,
31639,2019,11,26,13,15,8.6,54,0,54,2.7,,,,,,,,,,,,,,,,,,,,,,,,,,,,,,,,,,,,
31640,2019,11,26,13,30,8.6,51,0,51,2.6,,,,,,,,,,,,,,,,,,,,,,,,,,,,,,,,,,,,
31641,2019,11,26,13,45,8.700000000000001,47,0,47,2.5,,,,,,,,,,,,,,,,,,,,,,,,,,,,,,,,,,,,
31642,2019,11,26,14,0,8.8,42,0,42,2.4000000000000004,,,,,,,,,,,,,,,,,,,,,,,,,,,,,,,,,,,,
31643,2019,11,26,14,15,8.5,38,0,38,2.3000000000000003,,,,,,,,,,,,,,,,,,,,,,,,,,,,,,,,,,,,
31644,2019,11,26,14,30,8.3,33,0,33,2.1,,,,,,,,,,,,,,,,,,,,,,,,,,,,,,,,,,,,
31645,2019,11,26,14,45,8.0,28,0,28,1.9,,,,,,,,,,,,,,,,,,,,,,,,,,,,,,,,,,,,
31646,2019,11,26,15,0,7.800000000000001,23,0,23,1.7000000000000002,,,,,,,,,,,,,,,,,,,,,,,,,,,,,,,,,,,,
31647,2019,11,26,15,15,7.4,19,0,19,1.7000000000000002,,,,,,,,,,,,,,,,,,,,,,,,,,,,,,,,,,,,
31648,2019,11,26,15,30,7.0,14,0,14,1.7000000000000002,,,,,,,,,,,,,,,,,,,,,,,,,,,,,,,,,,,,
31649,2019,11,26,15,45,6.6000000000000005,9,0,9,1.7000000000000002,,,,,,,,,,,,,,,,,,,,,,,,,,,,,,,,,,,,
31650,2019,11,26,16,0,6.300000000000001,10,91,12,1.7000000000000002,,,,,,,,,,,,,,,,,,,,,,,,,,,,,,,,,,,,
31651,2019,11,26,16,15,6.2,0,0,0,1.8,,,,,,,,,,,,,,,,,,,,,,,,,,,,,,,,,,,,
31652,2019,11,26,16,30,6.1000000000000005,0,0,0,1.9,,,,,,,,,,,,,,,,,,,,,,,,,,,,,,,,,,,,
31653,2019,11,26,16,45,6.0,0,0,0,1.9,,,,,,,,,,,,,,,,,,,,,,,,,,,,,,,,,,,,
31654,2019,11,26,17,0,5.9,0,0,0,2.0,,,,,,,,,,,,,,,,,,,,,,,,,,,,,,,,,,,,
31655,2019,11,26,17,15,5.800000000000001,0,0,0,2.0,,,,,,,,,,,,,,,,,,,,,,,,,,,,,,,,,,,,
31656,2019,11,26,17,30,5.800000000000001,0,0,0,2.1,,,,,,,,,,,,,,,,,,,,,,,,,,,,,,,,,,,,
31657,2019,11,26,17,45,5.7,0,0,0,2.1,,,,,,,,,,,,,,,,,,,,,,,,,,,,,,,,,,,,
31658,2019,11,26,18,0,5.6000000000000005,0,0,0,2.1,,,,,,,,,,,,,,,,,,,,,,,,,,,,,,,,,,,,
31659,2019,11,26,18,15,5.6000000000000005,0,0,0,2.1,,,,,,,,,,,,,,,,,,,,,,,,,,,,,,,,,,,,
31660,2019,11,26,18,30,5.5,0,0,0,2.2,,,,,,,,,,,,,,,,,,,,,,,,,,,,,,,,,,,,
31661,2019,11,26,18,45,5.4,0,0,0,2.2,,,,,,,,,,,,,,,,,,,,,,,,,,,,,,,,,,,,
31662,2019,11,26,19,0,5.300000000000001,0,0,0,2.2,,,,,,,,,,,,,,,,,,,,,,,,,,,,,,,,,,,,
31663,2019,11,26,19,15,5.300000000000001,0,0,0,2.2,,,,,,,,,,,,,,,,,,,,,,,,,,,,,,,,,,,,
31664,2019,11,26,19,30,5.300000000000001,0,0,0,2.3000000000000003,,,,,,,,,,,,,,,,,,,,,,,,,,,,,,,,,,,,
31665,2019,11,26,19,45,5.2,0,0,0,2.3000000000000003,,,,,,,,,,,,,,,,,,,,,,,,,,,,,,,,,,,,
31666,2019,11,26,20,0,5.2,0,0,0,2.3000000000000003,,,,,,,,,,,,,,,,,,,,,,,,,,,,,,,,,,,,
31667,2019,11,26,20,15,5.2,0,0,0,2.3000000000000003,,,,,,,,,,,,,,,,,,,,,,,,,,,,,,,,,,,,
31668,2019,11,26,20,30,5.1000000000000005,0,0,0,2.3000000000000003,,,,,,,,,,,,,,,,,,,,,,,,,,,,,,,,,,,,
31669,2019,11,26,20,45,5.1000000000000005,0,0,0,2.3000000000000003,,,,,,,,,,,,,,,,,,,,,,,,,,,,,,,,,,,,
31670,2019,11,26,21,0,5.1000000000000005,0,0,0,2.4000000000000004,,,,,,,,,,,,,,,,,,,,,,,,,,,,,,,,,,,,
31671,2019,11,26,21,15,5.0,0,0,0,2.4000000000000004,,,,,,,,,,,,,,,,,,,,,,,,,,,,,,,,,,,,
31672,2019,11,26,21,30,4.9,0,0,0,2.4000000000000004,,,,,,,,,,,,,,,,,,,,,,,,,,,,,,,,,,,,
31673,2019,11,26,21,45,4.9,0,0,0,2.4000000000000004,,,,,,,,,,,,,,,,,,,,,,,,,,,,,,,,,,,,
31674,2019,11,26,22,0,4.800000000000001,0,0,0,2.4000000000000004,,,,,,,,,,,,,,,,,,,,,,,,,,,,,,,,,,,,
31675,2019,11,26,22,15,4.800000000000001,0,0,0,2.5,,,,,,,,,,,,,,,,,,,,,,,,,,,,,,,,,,,,
31676,2019,11,26,22,30,4.800000000000001,0,0,0,2.5,,,,,,,,,,,,,,,,,,,,,,,,,,,,,,,,,,,,
31677,2019,11,26,22,45,4.800000000000001,0,0,0,2.6,,,,,,,,,,,,,,,,,,,,,,,,,,,,,,,,,,,,
31678,2019,11,26,23,0,4.7,0,0,0,2.6,,,,,,,,,,,,,,,,,,,,,,,,,,,,,,,,,,,,
31679,2019,11,26,23,15,4.800000000000001,0,0,0,2.8000000000000003,,,,,,,,,,,,,,,,,,,,,,,,,,,,,,,,,,,,
31680,2019,11,26,23,30,4.800000000000001,0,0,0,2.9000000000000004,,,,,,,,,,,,,,,,,,,,,,,,,,,,,,,,,,,,
31681,2019,11,26,23,45,4.800000000000001,0,0,0,3.1,,,,,,,,,,,,,,,,,,,,,,,,,,,,,,,,,,,,
31682,2019,11,27,0,0,4.9,0,0,0,3.2,,,,,,,,,,,,,,,,,,,,,,,,,,,,,,,,,,,,
31683,2019,11,27,0,15,4.9,0,0,0,3.2,,,,,,,,,,,,,,,,,,,,,,,,,,,,,,,,,,,,
31684,2019,11,27,0,30,4.9,0,0,0,3.2,,,,,,,,,,,,,,,,,,,,,,,,,,,,,,,,,,,,
31685,2019,11,27,0,45,4.9,0,0,0,3.2,,,,,,,,,,,,,,,,,,,,,,,,,,,,,,,,,,,,
31686,2019,11,27,1,0,4.800000000000001,0,0,0,3.3000000000000003,,,,,,,,,,,,,,,,,,,,,,,,,,,,,,,,,,,,
31687,2019,11,27,1,15,4.9,0,0,0,3.3000000000000003,,,,,,,,,,,,,,,,,,,,,,,,,,,,,,,,,,,,
31688,2019,11,27,1,30,4.9,0,0,0,3.3000000000000003,,,,,,,,,,,,,,,,,,,,,,,,,,,,,,,,,,,,
31689,2019,11,27,1,45,4.9,0,0,0,3.3000000000000003,,,,,,,,,,,,,,,,,,,,,,,,,,,,,,,,,,,,
31690,2019,11,27,2,0,4.9,0,0,0,3.2,,,,,,,,,,,,,,,,,,,,,,,,,,,,,,,,,,,,
31691,2019,11,27,2,15,4.9,0,0,0,3.2,,,,,,,,,,,,,,,,,,,,,,,,,,,,,,,,,,,,
31692,2019,11,27,2,30,4.9,0,0,0,3.2,,,,,,,,,,,,,,,,,,,,,,,,,,,,,,,,,,,,
31693,2019,11,27,2,45,4.9,0,0,0,3.2,,,,,,,,,,,,,,,,,,,,,,,,,,,,,,,,,,,,
31694,2019,11,27,3,0,5.0,0,0,0,3.2,,,,,,,,,,,,,,,,,,,,,,,,,,,,,,,,,,,,
31695,2019,11,27,3,15,4.9,0,0,0,3.1,,,,,,,,,,,,,,,,,,,,,,,,,,,,,,,,,,,,
31696,2019,11,27,3,30,4.9,0,0,0,3.1,,,,,,,,,,,,,,,,,,,,,,,,,,,,,,,,,,,,
31697,2019,11,27,3,45,4.9,0,0,0,3.1,,,,,,,,,,,,,,,,,,,,,,,,,,,,,,,,,,,,
31698,2019,11,27,4,0,4.9,0,0,0,3.0,,,,,,,,,,,,,,,,,,,,,,,,,,,,,,,,,,,,
31699,2019,11,27,4,15,4.9,0,0,0,2.9000000000000004,,,,,,,,,,,,,,,,,,,,,,,,,,,,,,,,,,,,
31700,2019,11,27,4,30,4.800000000000001,0,0,0,2.9000000000000004,,,,,,,,,,,,,,,,,,,,,,,,,,,,,,,,,,,,
31701,2019,11,27,4,45,4.800000000000001,0,0,0,2.8000000000000003,,,,,,,,,,,,,,,,,,,,,,,,,,,,,,,,,,,,
31702,2019,11,27,5,0,4.7,0,0,0,2.7,,,,,,,,,,,,,,,,,,,,,,,,,,,,,,,,,,,,
31703,2019,11,27,5,15,4.6000000000000005,0,0,0,2.7,,,,,,,,,,,,,,,,,,,,,,,,,,,,,,,,,,,,
31704,2019,11,27,5,30,4.5,0,0,0,2.7,,,,,,,,,,,,,,,,,,,,,,,,,,,,,,,,,,,,
31705,2019,11,27,5,45,4.4,0,0,0,2.7,,,,,,,,,,,,,,,,,,,,,,,,,,,,,,,,,,,,
31706,2019,11,27,6,0,4.3,0,0,0,2.7,,,,,,,,,,,,,,,,,,,,,,,,,,,,,,,,,,,,
31707,2019,11,27,6,15,4.3,0,0,0,2.8000000000000003,,,,,,,,,,,,,,,,,,,,,,,,,,,,,,,,,,,,
31708,2019,11,27,6,30,4.3,0,0,0,2.9000000000000004,,,,,,,,,,,,,,,,,,,,,,,,,,,,,,,,,,,,
31709,2019,11,27,6,45,4.4,0,0,0,3.0,,,,,,,,,,,,,,,,,,,,,,,,,,,,,,,,,,,,
31710,2019,11,27,7,0,4.4,0,0,0,3.1,,,,,,,,,,,,,,,,,,,,,,,,,,,,,,,,,,,,
31711,2019,11,27,7,15,4.4,0,0,0,3.2,,,,,,,,,,,,,,,,,,,,,,,,,,,,,,,,,,,,
31712,2019,11,27,7,30,4.4,0,0,0,3.3000000000000003,,,,,,,,,,,,,,,,,,,,,,,,,,,,,,,,,,,,
31713,2019,11,27,7,45,4.4,0,0,0,3.4000000000000004,,,,,,,,,,,,,,,,,,,,,,,,,,,,,,,,,,,,
31714,2019,11,27,8,0,4.5,0,0,0,3.5,,,,,,,,,,,,,,,,,,,,,,,,,,,,,,,,,,,,
31715,2019,11,27,8,15,4.6000000000000005,3,0,3,3.5,,,,,,,,,,,,,,,,,,,,,,,,,,,,,,,,,,,,
31716,2019,11,27,8,30,4.7,4,0,4,3.6,,,,,,,,,,,,,,,,,,,,,,,,,,,,,,,,,,,,
31717,2019,11,27,8,45,4.800000000000001,5,0,5,3.6,,,,,,,,,,,,,,,,,,,,,,,,,,,,,,,,,,,,
31718,2019,11,27,9,0,4.9,5,0,5,3.6,,,,,,,,,,,,,,,,,,,,,,,,,,,,,,,,,,,,
31719,2019,11,27,9,15,5.1000000000000005,6,0,6,3.7,,,,,,,,,,,,,,,,,,,,,,,,,,,,,,,,,,,,
31720,2019,11,27,9,30,5.300000000000001,6,0,6,3.7,,,,,,,,,,,,,,,,,,,,,,,,,,,,,,,,,,,,
31721,2019,11,27,9,45,5.4,7,0,7,3.7,,,,,,,,,,,,,,,,,,,,,,,,,,,,,,,,,,,,
31722,2019,11,27,10,0,5.6000000000000005,8,0,8,3.8,,,,,,,,,,,,,,,,,,,,,,,,,,,,,,,,,,,,
31723,2019,11,27,10,15,5.7,8,0,8,3.8,,,,,,,,,,,,,,,,,,,,,,,,,,,,,,,,,,,,
31724,2019,11,27,10,30,5.800000000000001,9,0,9,3.8,,,,,,,,,,,,,,,,,,,,,,,,,,,,,,,,,,,,
31725,2019,11,27,10,45,6.0,9,0,9,3.9,,,,,,,,,,,,,,,,,,,,,,,,,,,,,,,,,,,,
31726,2019,11,27,11,0,6.1000000000000005,10,0,10,3.9,,,,,,,,,,,,,,,,,,,,,,,,,,,,,,,,,,,,
31727,2019,11,27,11,15,6.300000000000001,12,0,12,4.0,,,,,,,,,,,,,,,,,,,,,,,,,,,,,,,,,,,,
31728,2019,11,27,11,30,6.5,12,0,12,4.0,,,,,,,,,,,,,,,,,,,,,,,,,,,,,,,,,,,,
31729,2019,11,27,11,45,6.7,12,0,12,4.0,,,,,,,,,,,,,,,,,,,,,,,,,,,,,,,,,,,,
31730,2019,11,27,12,0,6.800000000000001,12,0,12,4.1000000000000005,,,,,,,,,,,,,,,,,,,,,,,,,,,,,,,,,,,,
31731,2019,11,27,12,15,6.9,12,0,12,4.0,,,,,,,,,,,,,,,,,,,,,,,,,,,,,,,,,,,,
31732,2019,11,27,12,30,7.0,12,0,12,4.0,,,,,,,,,,,,,,,,,,,,,,,,,,,,,,,,,,,,
31733,2019,11,27,12,45,7.0,12,0,12,3.9,,,,,,,,,,,,,,,,,,,,,,,,,,,,,,,,,,,,
31734,2019,11,27,13,0,7.1000000000000005,11,0,11,3.8,,,,,,,,,,,,,,,,,,,,,,,,,,,,,,,,,,,,
31735,2019,11,27,13,15,7.0,11,0,11,3.8,,,,,,,,,,,,,,,,,,,,,,,,,,,,,,,,,,,,
31736,2019,11,27,13,30,7.0,10,0,10,3.7,,,,,,,,,,,,,,,,,,,,,,,,,,,,,,,,,,,,
31737,2019,11,27,13,45,7.0,10,0,10,3.7,,,,,,,,,,,,,,,,,,,,,,,,,,,,,,,,,,,,
31738,2019,11,27,14,0,7.0,9,0,9,3.6,,,,,,,,,,,,,,,,,,,,,,,,,,,,,,,,,,,,
31739,2019,11,27,14,15,6.9,8,0,8,3.6,,,,,,,,,,,,,,,,,,,,,,,,,,,,,,,,,,,,
31740,2019,11,27,14,30,6.9,8,0,8,3.6,,,,,,,,,,,,,,,,,,,,,,,,,,,,,,,,,,,,
31741,2019,11,27,14,45,6.9,7,0,7,3.6,,,,,,,,,,,,,,,,,,,,,,,,,,,,,,,,,,,,
31742,2019,11,27,15,0,6.800000000000001,6,0,6,3.5,,,,,,,,,,,,,,,,,,,,,,,,,,,,,,,,,,,,
31743,2019,11,27,15,15,6.7,5,0,5,3.5,,,,,,,,,,,,,,,,,,,,,,,,,,,,,,,,,,,,
31744,2019,11,27,15,30,6.5,5,0,5,3.4000000000000004,,,,,,,,,,,,,,,,,,,,,,,,,,,,,,,,,,,,
31745,2019,11,27,15,45,6.4,4,0,4,3.4000000000000004,,,,,,,,,,,,,,,,,,,,,,,,,,,,,,,,,,,,
31746,2019,11,27,16,0,6.300000000000001,0,0,0,3.4000000000000004,,,,,,,,,,,,,,,,,,,,,,,,,,,,,,,,,,,,
31747,2019,11,27,16,15,6.2,0,0,0,3.4000000000000004,,,,,,,,,,,,,,,,,,,,,,,,,,,,,,,,,,,,
31748,2019,11,27,16,30,6.1000000000000005,0,0,0,3.4000000000000004,,,,,,,,,,,,,,,,,,,,,,,,,,,,,,,,,,,,
31749,2019,11,27,16,45,6.0,0,0,0,3.5,,,,,,,,,,,,,,,,,,,,,,,,,,,,,,,,,,,,
31750,2019,11,27,17,0,5.9,0,0,0,3.5,,,,,,,,,,,,,,,,,,,,,,,,,,,,,,,,,,,,
31751,2019,11,27,17,15,5.800000000000001,0,0,0,3.6,,,,,,,,,,,,,,,,,,,,,,,,,,,,,,,,,,,,
31752,2019,11,27,17,30,5.800000000000001,0,0,0,3.6,,,,,,,,,,,,,,,,,,,,,,,,,,,,,,,,,,,,
31753,2019,11,27,17,45,5.7,0,0,0,3.7,,,,,,,,,,,,,,,,,,,,,,,,,,,,,,,,,,,,
31754,2019,11,27,18,0,5.7,0,0,0,3.7,,,,,,,,,,,,,,,,,,,,,,,,,,,,,,,,,,,,
31755,2019,11,27,18,15,5.6000000000000005,0,0,0,3.8,,,,,,,,,,,,,,,,,,,,,,,,,,,,,,,,,,,,
31756,2019,11,27,18,30,5.6000000000000005,0,0,0,3.9,,,,,,,,,,,,,,,,,,,,,,,,,,,,,,,,,,,,
31757,2019,11,27,18,45,5.6000000000000005,0,0,0,3.9,,,,,,,,,,,,,,,,,,,,,,,,,,,,,,,,,,,,
31758,2019,11,27,19,0,5.6000000000000005,0,0,0,4.0,,,,,,,,,,,,,,,,,,,,,,,,,,,,,,,,,,,,
31759,2019,11,27,19,15,5.6000000000000005,0,0,0,4.1000000000000005,,,,,,,,,,,,,,,,,,,,,,,,,,,,,,,,,,,,
31760,2019,11,27,19,30,5.6000000000000005,0,0,0,4.2,,,,,,,,,,,,,,,,,,,,,,,,,,,,,,,,,,,,
31761,2019,11,27,19,45,5.6000000000000005,0,0,0,4.2,,,,,,,,,,,,,,,,,,,,,,,,,,,,,,,,,,,,
31762,2019,11,27,20,0,5.5,0,0,0,4.3,,,,,,,,,,,,,,,,,,,,,,,,,,,,,,,,,,,,
31763,2019,11,27,20,15,5.6000000000000005,0,0,0,4.3,,,,,,,,,,,,,,,,,,,,,,,,,,,,,,,,,,,,
31764,2019,11,27,20,30,5.6000000000000005,0,0,0,4.4,,,,,,,,,,,,,,,,,,,,,,,,,,,,,,,,,,,,
31765,2019,11,27,20,45,5.6000000000000005,0,0,0,4.4,,,,,,,,,,,,,,,,,,,,,,,,,,,,,,,,,,,,
31766,2019,11,27,21,0,5.7,0,0,0,4.5,,,,,,,,,,,,,,,,,,,,,,,,,,,,,,,,,,,,
31767,2019,11,27,21,15,5.7,0,0,0,4.5,,,,,,,,,,,,,,,,,,,,,,,,,,,,,,,,,,,,
31768,2019,11,27,21,30,5.800000000000001,0,0,0,4.5,,,,,,,,,,,,,,,,,,,,,,,,,,,,,,,,,,,,
31769,2019,11,27,21,45,5.800000000000001,0,0,0,4.6000000000000005,,,,,,,,,,,,,,,,,,,,,,,,,,,,,,,,,,,,
31770,2019,11,27,22,0,5.9,0,0,0,4.6000000000000005,,,,,,,,,,,,,,,,,,,,,,,,,,,,,,,,,,,,
31771,2019,11,27,22,15,5.9,0,0,0,4.6000000000000005,,,,,,,,,,,,,,,,,,,,,,,,,,,,,,,,,,,,
31772,2019,11,27,22,30,6.0,0,0,0,4.6000000000000005,,,,,,,,,,,,,,,,,,,,,,,,,,,,,,,,,,,,
31773,2019,11,27,22,45,6.0,0,0,0,4.6000000000000005,,,,,,,,,,,,,,,,,,,,,,,,,,,,,,,,,,,,
31774,2019,11,27,23,0,6.1000000000000005,0,0,0,4.5,,,,,,,,,,,,,,,,,,,,,,,,,,,,,,,,,,,,
31775,2019,11,27,23,15,6.1000000000000005,0,0,0,4.5,,,,,,,,,,,,,,,,,,,,,,,,,,,,,,,,,,,,
31776,2019,11,27,23,30,6.2,0,0,0,4.5,,,,,,,,,,,,,,,,,,,,,,,,,,,,,,,,,,,,
31777,2019,11,27,23,45,6.2,0,0,0,4.5,,,,,,,,,,,,,,,,,,,,,,,,,,,,,,,,,,,,
31778,2019,11,28,0,0,6.300000000000001,0,0,0,4.4,,,,,,,,,,,,,,,,,,,,,,,,,,,,,,,,,,,,
31779,2019,11,28,0,15,6.300000000000001,0,0,0,4.4,,,,,,,,,,,,,,,,,,,,,,,,,,,,,,,,,,,,
31780,2019,11,28,0,30,6.300000000000001,0,0,0,4.4,,,,,,,,,,,,,,,,,,,,,,,,,,,,,,,,,,,,
31781,2019,11,28,0,45,6.300000000000001,0,0,0,4.4,,,,,,,,,,,,,,,,,,,,,,,,,,,,,,,,,,,,
31782,2019,11,28,1,0,6.4,0,0,0,4.4,,,,,,,,,,,,,,,,,,,,,,,,,,,,,,,,,,,,
31783,2019,11,28,1,15,6.4,0,0,0,4.4,,,,,,,,,,,,,,,,,,,,,,,,,,,,,,,,,,,,
31784,2019,11,28,1,30,6.4,0,0,0,4.4,,,,,,,,,,,,,,,,,,,,,,,,,,,,,,,,,,,,
31785,2019,11,28,1,45,6.4,0,0,0,4.4,,,,,,,,,,,,,,,,,,,,,,,,,,,,,,,,,,,,
31786,2019,11,28,2,0,6.5,0,0,0,4.5,,,,,,,,,,,,,,,,,,,,,,,,,,,,,,,,,,,,
31787,2019,11,28,2,15,6.5,0,0,0,4.5,,,,,,,,,,,,,,,,,,,,,,,,,,,,,,,,,,,,
31788,2019,11,28,2,30,6.5,0,0,0,4.5,,,,,,,,,,,,,,,,,,,,,,,,,,,,,,,,,,,,
31789,2019,11,28,2,45,6.5,0,0,0,4.6000000000000005,,,,,,,,,,,,,,,,,,,,,,,,,,,,,,,,,,,,
31790,2019,11,28,3,0,6.6000000000000005,0,0,0,4.6000000000000005,,,,,,,,,,,,,,,,,,,,,,,,,,,,,,,,,,,,
31791,2019,11,28,3,15,6.6000000000000005,0,0,0,4.6000000000000005,,,,,,,,,,,,,,,,,,,,,,,,,,,,,,,,,,,,
31792,2019,11,28,3,30,6.6000000000000005,0,0,0,4.6000000000000005,,,,,,,,,,,,,,,,,,,,,,,,,,,,,,,,,,,,
31793,2019,11,28,3,45,6.7,0,0,0,4.6000000000000005,,,,,,,,,,,,,,,,,,,,,,,,,,,,,,,,,,,,
31794,2019,11,28,4,0,6.7,0,0,0,4.6000000000000005,,,,,,,,,,,,,,,,,,,,,,,,,,,,,,,,,,,,
31795,2019,11,28,4,15,6.7,0,0,0,4.6000000000000005,,,,,,,,,,,,,,,,,,,,,,,,,,,,,,,,,,,,
31796,2019,11,28,4,30,6.7,0,0,0,4.6000000000000005,,,,,,,,,,,,,,,,,,,,,,,,,,,,,,,,,,,,
31797,2019,11,28,4,45,6.7,0,0,0,4.6000000000000005,,,,,,,,,,,,,,,,,,,,,,,,,,,,,,,,,,,,
31798,2019,11,28,5,0,6.800000000000001,0,0,0,4.6000000000000005,,,,,,,,,,,,,,,,,,,,,,,,,,,,,,,,,,,,
31799,2019,11,28,5,15,6.800000000000001,0,0,0,4.6000000000000005,,,,,,,,,,,,,,,,,,,,,,,,,,,,,,,,,,,,
31800,2019,11,28,5,30,6.800000000000001,0,0,0,4.6000000000000005,,,,,,,,,,,,,,,,,,,,,,,,,,,,,,,,,,,,
31801,2019,11,28,5,45,6.800000000000001,0,0,0,4.6000000000000005,,,,,,,,,,,,,,,,,,,,,,,,,,,,,,,,,,,,
31802,2019,11,28,6,0,6.800000000000001,0,0,0,4.6000000000000005,,,,,,,,,,,,,,,,,,,,,,,,,,,,,,,,,,,,
31803,2019,11,28,6,15,6.800000000000001,0,0,0,4.6000000000000005,,,,,,,,,,,,,,,,,,,,,,,,,,,,,,,,,,,,
31804,2019,11,28,6,30,6.800000000000001,0,0,0,4.6000000000000005,,,,,,,,,,,,,,,,,,,,,,,,,,,,,,,,,,,,
31805,2019,11,28,6,45,6.800000000000001,0,0,0,4.7,,,,,,,,,,,,,,,,,,,,,,,,,,,,,,,,,,,,
31806,2019,11,28,7,0,6.800000000000001,0,0,0,4.7,,,,,,,,,,,,,,,,,,,,,,,,,,,,,,,,,,,,
31807,2019,11,28,7,15,6.800000000000001,0,0,0,4.7,,,,,,,,,,,,,,,,,,,,,,,,,,,,,,,,,,,,
31808,2019,11,28,7,30,6.9,0,0,0,4.7,,,,,,,,,,,,,,,,,,,,,,,,,,,,,,,,,,,,
31809,2019,11,28,7,45,6.9,0,0,0,4.7,,,,,,,,,,,,,,,,,,,,,,,,,,,,,,,,,,,,
31810,2019,11,28,8,0,7.0,0,0,0,4.7,,,,,,,,,,,,,,,,,,,,,,,,,,,,,,,,,,,,
31811,2019,11,28,8,15,7.2,3,0,3,4.800000000000001,,,,,,,,,,,,,,,,,,,,,,,,,,,,,,,,,,,,
31812,2019,11,28,8,30,7.4,5,0,5,4.800000000000001,,,,,,,,,,,,,,,,,,,,,,,,,,,,,,,,,,,,
31813,2019,11,28,8,45,7.6,6,0,6,4.9,,,,,,,,,,,,,,,,,,,,,,,,,,,,,,,,,,,,
31814,2019,11,28,9,0,7.800000000000001,7,0,7,5.0,,,,,,,,,,,,,,,,,,,,,,,,,,,,,,,,,,,,
31815,2019,11,28,9,15,8.1,7,0,7,5.1000000000000005,,,,,,,,,,,,,,,,,,,,,,,,,,,,,,,,,,,,
31816,2019,11,28,9,30,8.4,8,0,8,5.2,,,,,,,,,,,,,,,,,,,,,,,,,,,,,,,,,,,,
31817,2019,11,28,9,45,8.700000000000001,9,0,9,5.300000000000001,,,,,,,,,,,,,,,,,,,,,,,,,,,,,,,,,,,,
31818,2019,11,28,10,0,9.0,10,0,10,5.5,,,,,,,,,,,,,,,,,,,,,,,,,,,,,,,,,,,,
31819,2019,11,28,10,15,9.3,11,0,11,5.5,,,,,,,,,,,,,,,,,,,,,,,,,,,,,,,,,,,,
31820,2019,11,28,10,30,9.5,11,0,11,5.6000000000000005,,,,,,,,,,,,,,,,,,,,,,,,,,,,,,,,,,,,
31821,2019,11,28,10,45,9.8,12,0,12,5.7,,,,,,,,,,,,,,,,,,,,,,,,,,,,,,,,,,,,
31822,2019,11,28,11,0,10.0,10,0,10,5.800000000000001,,,,,,,,,,,,,,,,,,,,,,,,,,,,,,,,,,,,
31823,2019,11,28,11,15,10.1,17,0,17,6.0,,,,,,,,,,,,,,,,,,,,,,,,,,,,,,,,,,,,
31824,2019,11,28,11,30,10.3,82,0,82,6.300000000000001,,,,,,,,,,,,,,,,,,,,,,,,,,,,,,,,,,,,
31825,2019,11,28,11,45,10.4,68,0,68,6.5,,,,,,,,,,,,,,,,,,,,,,,,,,,,,,,,,,,,
31826,2019,11,28,12,0,10.5,20,0,20,6.800000000000001,,,,,,,,,,,,,,,,,,,,,,,,,,,,,,,,,,,,
31827,2019,11,28,12,15,10.6,19,0,19,6.9,,,,,,,,,,,,,,,,,,,,,,,,,,,,,,,,,,,,
31828,2019,11,28,12,30,10.6,105,12,108,6.9,,,,,,,,,,,,,,,,,,,,,,,,,,,,,,,,,,,,
31829,2019,11,28,12,45,10.7,59,692,254,7.0,,,,,,,,,,,,,,,,,,,,,,,,,,,,,,,,,,,,
31830,2019,11,28,13,0,10.7,98,8,100,7.0,,,,,,,,,,,,,,,,,,,,,,,,,,,,,,,,,,,,
31831,2019,11,28,13,15,10.6,26,0,26,7.0,,,,,,,,,,,,,,,,,,,,,,,,,,,,,,,,,,,,
31832,2019,11,28,13,30,10.6,88,0,88,6.9,,,,,,,,,,,,,,,,,,,,,,,,,,,,,,,,,,,,
31833,2019,11,28,13,45,10.5,23,0,23,6.9,,,,,,,,,,,,,,,,,,,,,,,,,,,,,,,,,,,,
31834,2019,11,28,14,0,10.4,21,0,21,6.800000000000001,,,,,,,,,,,,,,,,,,,,,,,,,,,,,,,,,,,,
31835,2019,11,28,14,15,10.3,19,0,19,6.7,,,,,,,,,,,,,,,,,,,,,,,,,,,,,,,,,,,,
31836,2019,11,28,14,30,10.1,17,0,17,6.6000000000000005,,,,,,,,,,,,,,,,,,,,,,,,,,,,,,,,,,,,
31837,2019,11,28,14,45,9.9,15,0,15,6.5,,,,,,,,,,,,,,,,,,,,,,,,,,,,,,,,,,,,
31838,2019,11,28,15,0,9.8,13,0,13,6.5,,,,,,,,,,,,,,,,,,,,,,,,,,,,,,,,,,,,
31839,2019,11,28,15,15,9.6,11,0,11,6.4,,,,,,,,,,,,,,,,,,,,,,,,,,,,,,,,,,,,
31840,2019,11,28,15,30,9.4,8,0,8,6.4,,,,,,,,,,,,,,,,,,,,,,,,,,,,,,,,,,,,
31841,2019,11,28,15,45,9.3,6,0,6,6.4,,,,,,,,,,,,,,,,,,,,,,,,,,,,,,,,,,,,
31842,2019,11,28,16,0,9.1,0,0,0,6.4,,,,,,,,,,,,,,,,,,,,,,,,,,,,,,,,,,,,
31843,2019,11,28,16,15,9.0,0,0,0,6.4,,,,,,,,,,,,,,,,,,,,,,,,,,,,,,,,,,,,
31844,2019,11,28,16,30,8.9,0,0,0,6.4,,,,,,,,,,,,,,,,,,,,,,,,,,,,,,,,,,,,
31845,2019,11,28,16,45,8.8,0,0,0,6.4,,,,,,,,,,,,,,,,,,,,,,,,,,,,,,,,,,,,
31846,2019,11,28,17,0,8.700000000000001,0,0,0,6.4,,,,,,,,,,,,,,,,,,,,,,,,,,,,,,,,,,,,
31847,2019,11,28,17,15,8.700000000000001,0,0,0,6.4,,,,,,,,,,,,,,,,,,,,,,,,,,,,,,,,,,,,
31848,2019,11,28,17,30,8.6,0,0,0,6.4,,,,,,,,,,,,,,,,,,,,,,,,,,,,,,,,,,,,
31849,2019,11,28,17,45,8.6,0,0,0,6.4,,,,,,,,,,,,,,,,,,,,,,,,,,,,,,,,,,,,
31850,2019,11,28,18,0,8.5,0,0,0,6.4,,,,,,,,,,,,,,,,,,,,,,,,,,,,,,,,,,,,
31851,2019,11,28,18,15,8.4,0,0,0,6.4,,,,,,,,,,,,,,,,,,,,,,,,,,,,,,,,,,,,
31852,2019,11,28,18,30,8.4,0,0,0,6.300000000000001,,,,,,,,,,,,,,,,,,,,,,,,,,,,,,,,,,,,
31853,2019,11,28,18,45,8.3,0,0,0,6.2,,,,,,,,,,,,,,,,,,,,,,,,,,,,,,,,,,,,
31854,2019,11,28,19,0,8.200000000000001,0,0,0,6.2,,,,,,,,,,,,,,,,,,,,,,,,,,,,,,,,,,,,
31855,2019,11,28,19,15,8.200000000000001,0,0,0,6.1000000000000005,,,,,,,,,,,,,,,,,,,,,,,,,,,,,,,,,,,,
31856,2019,11,28,19,30,8.1,0,0,0,6.0,,,,,,,,,,,,,,,,,,,,,,,,,,,,,,,,,,,,
31857,2019,11,28,19,45,8.1,0,0,0,5.9,,,,,,,,,,,,,,,,,,,,,,,,,,,,,,,,,,,,
31858,2019,11,28,20,0,8.0,0,0,0,5.800000000000001,,,,,,,,,,,,,,,,,,,,,,,,,,,,,,,,,,,,
31859,2019,11,28,20,15,8.0,0,0,0,5.800000000000001,,,,,,,,,,,,,,,,,,,,,,,,,,,,,,,,,,,,
31860,2019,11,28,20,30,8.0,0,0,0,5.7,,,,,,,,,,,,,,,,,,,,,,,,,,,,,,,,,,,,
31861,2019,11,28,20,45,7.9,0,0,0,5.6000000000000005,,,,,,,,,,,,,,,,,,,,,,,,,,,,,,,,,,,,
31862,2019,11,28,21,0,7.9,0,0,0,5.5,,,,,,,,,,,,,,,,,,,,,,,,,,,,,,,,,,,,
31863,2019,11,28,21,15,7.9,0,0,0,5.4,,,,,,,,,,,,,,,,,,,,,,,,,,,,,,,,,,,,
31864,2019,11,28,21,30,7.9,0,0,0,5.300000000000001,,,,,,,,,,,,,,,,,,,,,,,,,,,,,,,,,,,,
31865,2019,11,28,21,45,7.9,0,0,0,5.2,,,,,,,,,,,,,,,,,,,,,,,,,,,,,,,,,,,,
31866,2019,11,28,22,0,7.800000000000001,0,0,0,5.1000000000000005,,,,,,,,,,,,,,,,,,,,,,,,,,,,,,,,,,,,
31867,2019,11,28,22,15,7.800000000000001,0,0,0,5.1000000000000005,,,,,,,,,,,,,,,,,,,,,,,,,,,,,,,,,,,,
31868,2019,11,28,22,30,7.800000000000001,0,0,0,5.0,,,,,,,,,,,,,,,,,,,,,,,,,,,,,,,,,,,,
31869,2019,11,28,22,45,7.800000000000001,0,0,0,4.9,,,,,,,,,,,,,,,,,,,,,,,,,,,,,,,,,,,,
31870,2019,11,28,23,0,7.800000000000001,0,0,0,4.800000000000001,,,,,,,,,,,,,,,,,,,,,,,,,,,,,,,,,,,,
31871,2019,11,28,23,15,7.800000000000001,0,0,0,4.800000000000001,,,,,,,,,,,,,,,,,,,,,,,,,,,,,,,,,,,,
31872,2019,11,28,23,30,7.800000000000001,0,0,0,4.800000000000001,,,,,,,,,,,,,,,,,,,,,,,,,,,,,,,,,,,,
31873,2019,11,28,23,45,7.800000000000001,0,0,0,4.7,,,,,,,,,,,,,,,,,,,,,,,,,,,,,,,,,,,,
31874,2019,11,29,0,0,7.800000000000001,0,0,0,4.7,,,,,,,,,,,,,,,,,,,,,,,,,,,,,,,,,,,,
31875,2019,11,29,0,15,7.800000000000001,0,0,0,4.7,,,,,,,,,,,,,,,,,,,,,,,,,,,,,,,,,,,,
31876,2019,11,29,0,30,7.800000000000001,0,0,0,4.7,,,,,,,,,,,,,,,,,,,,,,,,,,,,,,,,,,,,
31877,2019,11,29,0,45,7.800000000000001,0,0,0,4.7,,,,,,,,,,,,,,,,,,,,,,,,,,,,,,,,,,,,
31878,2019,11,29,1,0,7.7,0,0,0,4.9,,,,,,,,,,,,,,,,,,,,,,,,,,,,,,,,,,,,
31879,2019,11,29,1,15,7.7,0,0,0,4.9,,,,,,,,,,,,,,,,,,,,,,,,,,,,,,,,,,,,
31880,2019,11,29,1,30,7.6,0,0,0,4.9,,,,,,,,,,,,,,,,,,,,,,,,,,,,,,,,,,,,
31881,2019,11,29,1,45,7.5,0,0,0,4.9,,,,,,,,,,,,,,,,,,,,,,,,,,,,,,,,,,,,
31882,2019,11,29,2,0,7.5,0,0,0,4.9,,,,,,,,,,,,,,,,,,,,,,,,,,,,,,,,,,,,
31883,2019,11,29,2,15,7.300000000000001,0,0,0,5.0,,,,,,,,,,,,,,,,,,,,,,,,,,,,,,,,,,,,
31884,2019,11,29,2,30,7.1000000000000005,0,0,0,5.0,,,,,,,,,,,,,,,,,,,,,,,,,,,,,,,,,,,,
31885,2019,11,29,2,45,7.0,0,0,0,5.0,,,,,,,,,,,,,,,,,,,,,,,,,,,,,,,,,,,,
31886,2019,11,29,3,0,6.800000000000001,0,0,0,5.0,,,,,,,,,,,,,,,,,,,,,,,,,,,,,,,,,,,,
31887,2019,11,29,3,15,6.6000000000000005,0,0,0,5.0,,,,,,,,,,,,,,,,,,,,,,,,,,,,,,,,,,,,
31888,2019,11,29,3,30,6.300000000000001,0,0,0,5.0,,,,,,,,,,,,,,,,,,,,,,,,,,,,,,,,,,,,
31889,2019,11,29,3,45,6.1000000000000005,0,0,0,5.0,,,,,,,,,,,,,,,,,,,,,,,,,,,,,,,,,,,,
31890,2019,11,29,4,0,5.800000000000001,0,0,0,5.0,,,,,,,,,,,,,,,,,,,,,,,,,,,,,,,,,,,,
31891,2019,11,29,4,15,5.5,0,0,0,5.0,,,,,,,,,,,,,,,,,,,,,,,,,,,,,,,,,,,,
31892,2019,11,29,4,30,5.2,0,0,0,5.0,,,,,,,,,,,,,,,,,,,,,,,,,,,,,,,,,,,,
31893,2019,11,29,4,45,4.9,0,0,0,5.0,,,,,,,,,,,,,,,,,,,,,,,,,,,,,,,,,,,,
31894,2019,11,29,5,0,4.6000000000000005,0,0,0,4.9,,,,,,,,,,,,,,,,,,,,,,,,,,,,,,,,,,,,
31895,2019,11,29,5,15,4.4,0,0,0,4.9,,,,,,,,,,,,,,,,,,,,,,,,,,,,,,,,,,,,
31896,2019,11,29,5,30,4.1000000000000005,0,0,0,4.9,,,,,,,,,,,,,,,,,,,,,,,,,,,,,,,,,,,,
31897,2019,11,29,5,45,3.8,0,0,0,4.9,,,,,,,,,,,,,,,,,,,,,,,,,,,,,,,,,,,,
31898,2019,11,29,6,0,3.6,0,0,0,4.9,,,,,,,,,,,,,,,,,,,,,,,,,,,,,,,,,,,,
31899,2019,11,29,6,15,3.4000000000000004,0,0,0,5.0,,,,,,,,,,,,,,,,,,,,,,,,,,,,,,,,,,,,
31900,2019,11,29,6,30,3.3000000000000003,0,0,0,5.0,,,,,,,,,,,,,,,,,,,,,,,,,,,,,,,,,,,,
31901,2019,11,29,6,45,3.1,0,0,0,5.1000000000000005,,,,,,,,,,,,,,,,,,,,,,,,,,,,,,,,,,,,
31902,2019,11,29,7,0,3.0,0,0,0,5.1000000000000005,,,,,,,,,,,,,,,,,,,,,,,,,,,,,,,,,,,,
31903,2019,11,29,7,15,3.0,0,0,0,5.2,,,,,,,,,,,,,,,,,,,,,,,,,,,,,,,,,,,,
31904,2019,11,29,7,30,3.0,0,0,0,5.300000000000001,,,,,,,,,,,,,,,,,,,,,,,,,,,,,,,,,,,,
31905,2019,11,29,7,45,3.0,0,0,0,5.300000000000001,,,,,,,,,,,,,,,,,,,,,,,,,,,,,,,,,,,,
31906,2019,11,29,8,0,3.0,0,0,0,5.4,,,,,,,,,,,,,,,,,,,,,,,,,,,,,,,,,,,,
31907,2019,11,29,8,15,3.2,18,92,21,5.5,,,,,,,,,,,,,,,,,,,,,,,,,,,,,,,,,,,,
31908,2019,11,29,8,30,3.4000000000000004,27,191,39,5.5,,,,,,,,,,,,,,,,,,,,,,,,,,,,,,,,,,,,
31909,2019,11,29,8,45,3.6,38,247,60,5.6000000000000005,,,,,,,,,,,,,,,,,,,,,,,,,,,,,,,,,,,,
31910,2019,11,29,9,0,3.8,45,322,84,5.7,,,,,,,,,,,,,,,,,,,,,,,,,,,,,,,,,,,,
31911,2019,11,29,9,15,4.1000000000000005,52,384,107,5.7,,,,,,,,,,,,,,,,,,,,,,,,,,,,,,,,,,,,
31912,2019,11,29,9,30,4.4,58,436,131,5.7,,,,,,,,,,,,,,,,,,,,,,,,,,,,,,,,,,,,
31913,2019,11,29,9,45,4.6000000000000005,62,479,153,5.800000000000001,,,,,,,,,,,,,,,,,,,,,,,,,,,,,,,,,,,,
31914,2019,11,29,10,0,4.9,53,0,53,5.800000000000001,,,,,,,,,,,,,,,,,,,,,,,,,,,,,,,,,,,,
31915,2019,11,29,10,15,5.1000000000000005,60,0,60,5.9,,,,,,,,,,,,,,,,,,,,,,,,,,,,,,,,,,,,
31916,2019,11,29,10,30,5.300000000000001,72,567,210,5.9,,,,,,,,,,,,,,,,,,,,,,,,,,,,,,,,,,,,
31917,2019,11,29,10,45,5.5,71,610,228,6.0,,,,,,,,,,,,,,,,,,,,,,,,,,,,,,,,,,,,
31918,2019,11,29,11,0,5.800000000000001,72,625,240,6.1000000000000005,,,,,,,,,,,,,,,,,,,,,,,,,,,,,,,,,,,,
31919,2019,11,29,11,15,5.9,80,0,80,6.1000000000000005,,,,,,,,,,,,,,,,,,,,,,,,,,,,,,,,,,,,
31920,2019,11,29,11,30,5.9,110,43,122,6.1000000000000005,,,,,,,,,,,,,,,,,,,,,,,,,,,,,,,,,,,,
31921,2019,11,29,11,45,6.0,116,127,152,6.1000000000000005,,,,,,,,,,,,,,,,,,,,,,,,,,,,,,,,,,,,
31922,2019,11,29,12,0,6.1000000000000005,117,112,149,6.1000000000000005,,,,,,,,,,,,,,,,,,,,,,,,,,,,,,,,,,,,
31923,2019,11,29,12,15,6.1000000000000005,92,0,92,6.1000000000000005,,,,,,,,,,,,,,,,,,,,,,,,,,,,,,,,,,,,
31924,2019,11,29,12,30,6.1000000000000005,109,35,119,6.0,,,,,,,,,,,,,,,,,,,,,,,,,,,,,,,,,,,,
31925,2019,11,29,12,45,6.1000000000000005,106,33,116,6.0,,,,,,,,,,,,,,,,,,,,,,,,,,,,,,,,,,,,
31926,2019,11,29,13,0,6.1000000000000005,17,0,17,5.9,,,,,,,,,,,,,,,,,,,,,,,,,,,,,,,,,,,,
31927,2019,11,29,13,15,6.1000000000000005,16,0,16,5.800000000000001,,,,,,,,,,,,,,,,,,,,,,,,,,,,,,,,,,,,
31928,2019,11,29,13,30,6.0,15,0,15,5.6000000000000005,,,,,,,,,,,,,,,,,,,,,,,,,,,,,,,,,,,,
31929,2019,11,29,13,45,5.9,14,0,14,5.5,,,,,,,,,,,,,,,,,,,,,,,,,,,,,,,,,,,,
31930,2019,11,29,14,0,5.800000000000001,12,0,12,5.4,,,,,,,,,,,,,,,,,,,,,,,,,,,,,,,,,,,,
31931,2019,11,29,14,15,5.6000000000000005,11,0,11,5.2,,,,,,,,,,,,,,,,,,,,,,,,,,,,,,,,,,,,
31932,2019,11,29,14,30,5.4,9,0,9,4.9,,,,,,,,,,,,,,,,,,,,,,,,,,,,,,,,,,,,
31933,2019,11,29,14,45,5.2,8,0,8,4.7,,,,,,,,,,,,,,,,,,,,,,,,,,,,,,,,,,,,
31934,2019,11,29,15,0,5.0,7,0,7,4.5,,,,,,,,,,,,,,,,,,,,,,,,,,,,,,,,,,,,
31935,2019,11,29,15,15,4.6000000000000005,5,0,5,4.3,,,,,,,,,,,,,,,,,,,,,,,,,,,,,,,,,,,,
31936,2019,11,29,15,30,4.3,4,0,4,4.2,,,,,,,,,,,,,,,,,,,,,,,,,,,,,,,,,,,,
31937,2019,11,29,15,45,3.9,3,0,3,4.0,,,,,,,,,,,,,,,,,,,,,,,,,,,,,,,,,,,,
31938,2019,11,29,16,0,3.6,0,0,0,3.9,,,,,,,,,,,,,,,,,,,,,,,,,,,,,,,,,,,,
31939,2019,11,29,16,15,3.4000000000000004,0,0,0,3.7,,,,,,,,,,,,,,,,,,,,,,,,,,,,,,,,,,,,
31940,2019,11,29,16,30,3.1,0,0,0,3.6,,,,,,,,,,,,,,,,,,,,,,,,,,,,,,,,,,,,
31941,2019,11,29,16,45,2.8000000000000003,0,0,0,3.5,,,,,,,,,,,,,,,,,,,,,,,,,,,,,,,,,,,,
31942,2019,11,29,17,0,2.6,0,0,0,3.4000000000000004,,,,,,,,,,,,,,,,,,,,,,,,,,,,,,,,,,,,
31943,2019,11,29,17,15,2.4000000000000004,0,0,0,3.4000000000000004,,,,,,,,,,,,,,,,,,,,,,,,,,,,,,,,,,,,
31944,2019,11,29,17,30,2.3000000000000003,0,0,0,3.4000000000000004,,,,,,,,,,,,,,,,,,,,,,,,,,,,,,,,,,,,
31945,2019,11,29,17,45,2.1,0,0,0,3.3000000000000003,,,,,,,,,,,,,,,,,,,,,,,,,,,,,,,,,,,,
31946,2019,11,29,18,0,2.0,0,0,0,3.3000000000000003,,,,,,,,,,,,,,,,,,,,,,,,,,,,,,,,,,,,
31947,2019,11,29,18,15,1.8,0,0,0,3.2,,,,,,,,,,,,,,,,,,,,,,,,,,,,,,,,,,,,
31948,2019,11,29,18,30,1.6,0,0,0,3.1,,,,,,,,,,,,,,,,,,,,,,,,,,,,,,,,,,,,
31949,2019,11,29,18,45,1.4,0,0,0,3.0,,,,,,,,,,,,,,,,,,,,,,,,,,,,,,,,,,,,
31950,2019,11,29,19,0,1.2000000000000002,0,0,0,2.9000000000000004,,,,,,,,,,,,,,,,,,,,,,,,,,,,,,,,,,,,
31951,2019,11,29,19,15,1.0,0,0,0,2.8000000000000003,,,,,,,,,,,,,,,,,,,,,,,,,,,,,,,,,,,,
31952,2019,11,29,19,30,0.8,0,0,0,2.7,,,,,,,,,,,,,,,,,,,,,,,,,,,,,,,,,,,,
31953,2019,11,29,19,45,0.6000000000000001,0,0,0,2.6,,,,,,,,,,,,,,,,,,,,,,,,,,,,,,,,,,,,
31954,2019,11,29,20,0,0.4,0,0,0,2.5,,,,,,,,,,,,,,,,,,,,,,,,,,,,,,,,,,,,
31955,2019,11,29,20,15,0.4,0,0,0,2.4000000000000004,,,,,,,,,,,,,,,,,,,,,,,,,,,,,,,,,,,,
31956,2019,11,29,20,30,0.4,0,0,0,2.4000000000000004,,,,,,,,,,,,,,,,,,,,,,,,,,,,,,,,,,,,
31957,2019,11,29,20,45,0.4,0,0,0,2.4000000000000004,,,,,,,,,,,,,,,,,,,,,,,,,,,,,,,,,,,,
31958,2019,11,29,21,0,0.4,0,0,0,2.4000000000000004,,,,,,,,,,,,,,,,,,,,,,,,,,,,,,,,,,,,
31959,2019,11,29,21,15,0.5,0,0,0,2.4000000000000004,,,,,,,,,,,,,,,,,,,,,,,,,,,,,,,,,,,,
31960,2019,11,29,21,30,0.5,0,0,0,2.5,,,,,,,,,,,,,,,,,,,,,,,,,,,,,,,,,,,,
31961,2019,11,29,21,45,0.6000000000000001,0,0,0,2.5,,,,,,,,,,,,,,,,,,,,,,,,,,,,,,,,,,,,
31962,2019,11,29,22,0,0.7000000000000001,0,0,0,2.6,,,,,,,,,,,,,,,,,,,,,,,,,,,,,,,,,,,,
31963,2019,11,29,22,15,0.8,0,0,0,2.5,,,,,,,,,,,,,,,,,,,,,,,,,,,,,,,,,,,,
31964,2019,11,29,22,30,0.8,0,0,0,2.5,,,,,,,,,,,,,,,,,,,,,,,,,,,,,,,,,,,,
31965,2019,11,29,22,45,0.9,0,0,0,2.4000000000000004,,,,,,,,,,,,,,,,,,,,,,,,,,,,,,,,,,,,
31966,2019,11,29,23,0,0.9,0,0,0,2.4000000000000004,,,,,,,,,,,,,,,,,,,,,,,,,,,,,,,,,,,,
31967,2019,11,29,23,15,1.0,0,0,0,2.4000000000000004,,,,,,,,,,,,,,,,,,,,,,,,,,,,,,,,,,,,
31968,2019,11,29,23,30,1.0,0,0,0,2.4000000000000004,,,,,,,,,,,,,,,,,,,,,,,,,,,,,,,,,,,,
31969,2019,11,29,23,45,1.1,0,0,0,2.3000000000000003,,,,,,,,,,,,,,,,,,,,,,,,,,,,,,,,,,,,
31970,2019,11,30,0,0,1.1,0,0,0,2.3000000000000003,,,,,,,,,,,,,,,,,,,,,,,,,,,,,,,,,,,,
31971,2019,11,30,0,15,1.1,0,0,0,2.3000000000000003,,,,,,,,,,,,,,,,,,,,,,,,,,,,,,,,,,,,
31972,2019,11,30,0,30,1.1,0,0,0,2.3000000000000003,,,,,,,,,,,,,,,,,,,,,,,,,,,,,,,,,,,,
31973,2019,11,30,0,45,1.1,0,0,0,2.3000000000000003,,,,,,,,,,,,,,,,,,,,,,,,,,,,,,,,,,,,
31974,2019,11,30,1,0,1.3,0,0,0,2.3000000000000003,,,,,,,,,,,,,,,,,,,,,,,,,,,,,,,,,,,,
31975,2019,11,30,1,15,1.3,0,0,0,2.3000000000000003,,,,,,,,,,,,,,,,,,,,,,,,,,,,,,,,,,,,
31976,2019,11,30,1,30,1.3,0,0,0,2.3000000000000003,,,,,,,,,,,,,,,,,,,,,,,,,,,,,,,,,,,,
31977,2019,11,30,1,45,1.3,0,0,0,2.4000000000000004,,,,,,,,,,,,,,,,,,,,,,,,,,,,,,,,,,,,
31978,2019,11,30,2,0,1.4,0,0,0,2.4000000000000004,,,,,,,,,,,,,,,,,,,,,,,,,,,,,,,,,,,,
31979,2019,11,30,2,15,1.4,0,0,0,2.4000000000000004,,,,,,,,,,,,,,,,,,,,,,,,,,,,,,,,,,,,
31980,2019,11,30,2,30,1.4,0,0,0,2.4000000000000004,,,,,,,,,,,,,,,,,,,,,,,,,,,,,,,,,,,,
31981,2019,11,30,2,45,1.4,0,0,0,2.4000000000000004,,,,,,,,,,,,,,,,,,,,,,,,,,,,,,,,,,,,
31982,2019,11,30,3,0,1.5,0,0,0,2.4000000000000004,,,,,,,,,,,,,,,,,,,,,,,,,,,,,,,,,,,,
31983,2019,11,30,3,15,1.5,0,0,0,2.5,,,,,,,,,,,,,,,,,,,,,,,,,,,,,,,,,,,,
31984,2019,11,30,3,30,1.5,0,0,0,2.5,,,,,,,,,,,,,,,,,,,,,,,,,,,,,,,,,,,,
31985,2019,11,30,3,45,1.6,0,0,0,2.6,,,,,,,,,,,,,,,,,,,,,,,,,,,,,,,,,,,,
31986,2019,11,30,4,0,1.6,0,0,0,2.6,,,,,,,,,,,,,,,,,,,,,,,,,,,,,,,,,,,,
31987,2019,11,30,4,15,1.6,0,0,0,2.6,,,,,,,,,,,,,,,,,,,,,,,,,,,,,,,,,,,,
31988,2019,11,30,4,30,1.6,0,0,0,2.6,,,,,,,,,,,,,,,,,,,,,,,,,,,,,,,,,,,,
31989,2019,11,30,4,45,1.7000000000000002,0,0,0,2.6,,,,,,,,,,,,,,,,,,,,,,,,,,,,,,,,,,,,
31990,2019,11,30,5,0,1.7000000000000002,0,0,0,2.6,,,,,,,,,,,,,,,,,,,,,,,,,,,,,,,,,,,,
31991,2019,11,30,5,15,1.7000000000000002,0,0,0,2.6,,,,,,,,,,,,,,,,,,,,,,,,,,,,,,,,,,,,
31992,2019,11,30,5,30,1.7000000000000002,0,0,0,2.7,,,,,,,,,,,,,,,,,,,,,,,,,,,,,,,,,,,,
31993,2019,11,30,5,45,1.7000000000000002,0,0,0,2.7,,,,,,,,,,,,,,,,,,,,,,,,,,,,,,,,,,,,
31994,2019,11,30,6,0,1.7000000000000002,0,0,0,2.7,,,,,,,,,,,,,,,,,,,,,,,,,,,,,,,,,,,,
31995,2019,11,30,6,15,1.7000000000000002,0,0,0,2.8000000000000003,,,,,,,,,,,,,,,,,,,,,,,,,,,,,,,,,,,,
31996,2019,11,30,6,30,1.7000000000000002,0,0,0,2.8000000000000003,,,,,,,,,,,,,,,,,,,,,,,,,,,,,,,,,,,,
31997,2019,11,30,6,45,1.7000000000000002,0,0,0,2.9000000000000004,,,,,,,,,,,,,,,,,,,,,,,,,,,,,,,,,,,,
31998,2019,11,30,7,0,1.7000000000000002,0,0,0,2.9000000000000004,,,,,,,,,,,,,,,,,,,,,,,,,,,,,,,,,,,,
31999,2019,11,30,7,15,1.7000000000000002,0,0,0,2.9000000000000004,,,,,,,,,,,,,,,,,,,,,,,,,,,,,,,,,,,,
32000,2019,11,30,7,30,1.8,0,0,0,3.0,,,,,,,,,,,,,,,,,,,,,,,,,,,,,,,,,,,,
32001,2019,11,30,7,45,1.8,0,0,0,3.0,,,,,,,,,,,,,,,,,,,,,,,,,,,,,,,,,,,,
32002,2019,11,30,8,0,1.8,0,0,0,3.0,,,,,,,,,,,,,,,,,,,,,,,,,,,,,,,,,,,,
32003,2019,11,30,8,15,1.9,7,0,7,3.1,,,,,,,,,,,,,,,,,,,,,,,,,,,,,,,,,,,,
32004,2019,11,30,8,30,2.0,16,0,16,3.2,,,,,,,,,,,,,,,,,,,,,,,,,,,,,,,,,,,,
32005,2019,11,30,8,45,2.1,36,255,58,3.3000000000000003,,,,,,,,,,,,,,,,,,,,,,,,,,,,,,,,,,,,
32006,2019,11,30,9,0,2.2,43,331,81,3.3000000000000003,,,,,,,,,,,,,,,,,,,,,,,,,,,,,,,,,,,,
32007,2019,11,30,9,15,2.4000000000000004,50,394,105,3.4000000000000004,,,,,,,,,,,,,,,,,,,,,,,,,,,,,,,,,,,,
32008,2019,11,30,9,30,2.5,55,445,128,3.4000000000000004,,,,,,,,,,,,,,,,,,,,,,,,,,,,,,,,,,,,
32009,2019,11,30,9,45,2.7,57,512,153,3.5,,,,,,,,,,,,,,,,,,,,,,,,,,,,,,,,,,,,
32010,2019,11,30,10,0,2.8000000000000003,61,547,174,3.5,,,,,,,,,,,,,,,,,,,,,,,,,,,,,,,,,,,,
32011,2019,11,30,10,15,3.0,64,575,193,3.6,,,,,,,,,,,,,,,,,,,,,,,,,,,,,,,,,,,,
32012,2019,11,30,10,30,3.1,66,598,210,3.6,,,,,,,,,,,,,,,,,,,,,,,,,,,,,,,,,,,,
32013,2019,11,30,10,45,3.3000000000000003,67,623,226,3.6,,,,,,,,,,,,,,,,,,,,,,,,,,,,,,,,,,,,
32014,2019,11,30,11,0,3.5,69,637,238,3.6,,,,,,,,,,,,,,,,,,,,,,,,,,,,,,,,,,,,
32015,2019,11,30,11,15,3.6,108,60,124,3.6,,,,,,,,,,,,,,,,,,,,,,,,,,,,,,,,,,,,
32016,2019,11,30,11,30,3.7,111,63,128,3.6,,,,,,,,,,,,,,,,,,,,,,,,,,,,,,,,,,,,
32017,2019,11,30,11,45,3.8,113,65,131,3.6,,,,,,,,,,,,,,,,,,,,,,,,,,,,,,,,,,,,
32018,2019,11,30,12,0,4.0,113,66,132,3.7,,,,,,,,,,,,,,,,,,,,,,,,,,,,,,,,,,,,
32019,2019,11,30,12,15,4.0,113,65,132,3.6,,,,,,,,,,,,,,,,,,,,,,,,,,,,,,,,,,,,
32020,2019,11,30,12,30,4.1000000000000005,111,64,129,3.6,,,,,,,,,,,,,,,,,,,,,,,,,,,,,,,,,,,,
32021,2019,11,30,12,45,4.1000000000000005,109,61,126,3.5,,,,,,,,,,,,,,,,,,,,,,,,,,,,,,,,,,,,
32022,2019,11,30,13,0,4.2,105,58,120,3.5,,,,,,,,,,,,,,,,,,,,,,,,,,,,,,,,,,,,
32023,2019,11,30,13,15,4.2,100,53,113,3.4000000000000004,,,,,,,,,,,,,,,,,,,,,,,,,,,,,,,,,,,,
32024,2019,11,30,13,30,4.2,94,47,105,3.3000000000000003,,,,,,,,,,,,,,,,,,,,,,,,,,,,,,,,,,,,
32025,2019,11,30,13,45,4.2,87,40,96,3.2,,,,,,,,,,,,,,,,,,,,,,,,,,,,,,,,,,,,
32026,2019,11,30,14,0,4.2,79,32,86,3.1,,,,,,,,,,,,,,,,,,,,,,,,,,,,,,,,,,,,
32027,2019,11,30,14,15,4.0,70,23,74,2.9000000000000004,,,,,,,,,,,,,,,,,,,,,,,,,,,,,,,,,,,,
32028,2019,11,30,14,30,3.8,61,13,63,2.6,,,,,,,,,,,,,,,,,,,,,,,,,,,,,,,,,,,,
32029,2019,11,30,14,45,3.6,51,2,51,2.3000000000000003,,,,,,,,,,,,,,,,,,,,,,,,,,,,,,,,,,,,
32030,2019,11,30,15,0,3.4000000000000004,40,0,40,2.0,,,,,,,,,,,,,,,,,,,,,,,,,,,,,,,,,,,,
32031,2019,11,30,15,15,3.0,29,0,29,1.9,,,,,,,,,,,,,,,,,,,,,,,,,,,,,,,,,,,,
32032,2019,11,30,15,30,2.7,19,0,19,1.8,,,,,,,,,,,,,,,,,,,,,,,,,,,,,,,,,,,,
32033,2019,11,30,15,45,2.3000000000000003,10,0,10,1.7000000000000002,,,,,,,,,,,,,,,,,,,,,,,,,,,,,,,,,,,,
32034,2019,11,30,16,0,2.0,0,0,0,1.6,,,,,,,,,,,,,,,,,,,,,,,,,,,,,,,,,,,,
32035,2019,11,30,16,15,1.8,0,0,0,1.6,,,,,,,,,,,,,,,,,,,,,,,,,,,,,,,,,,,,
32036,2019,11,30,16,30,1.7000000000000002,0,0,0,1.6,,,,,,,,,,,,,,,,,,,,,,,,,,,,,,,,,,,,
32037,2019,11,30,16,45,1.6,0,0,0,1.6,,,,,,,,,,,,,,,,,,,,,,,,,,,,,,,,,,,,
32038,2019,11,30,17,0,1.5,0,0,0,1.6,,,,,,,,,,,,,,,,,,,,,,,,,,,,,,,,,,,,
32039,2019,11,30,17,15,1.3,0,0,0,1.6,,,,,,,,,,,,,,,,,,,,,,,,,,,,,,,,,,,,
32040,2019,11,30,17,30,1.2000000000000002,0,0,0,1.7000000000000002,,,,,,,,,,,,,,,,,,,,,,,,,,,,,,,,,,,,
32041,2019,11,30,17,45,1.1,0,0,0,1.7000000000000002,,,,,,,,,,,,,,,,,,,,,,,,,,,,,,,,,,,,
32042,2019,11,30,18,0,0.9,0,0,0,1.7000000000000002,,,,,,,,,,,,,,,,,,,,,,,,,,,,,,,,,,,,
32043,2019,11,30,18,15,0.9,0,0,0,1.7000000000000002,,,,,,,,,,,,,,,,,,,,,,,,,,,,,,,,,,,,
32044,2019,11,30,18,30,0.8,0,0,0,1.7000000000000002,,,,,,,,,,,,,,,,,,,,,,,,,,,,,,,,,,,,
32045,2019,11,30,18,45,0.7000000000000001,0,0,0,1.7000000000000002,,,,,,,,,,,,,,,,,,,,,,,,,,,,,,,,,,,,
32046,2019,11,30,19,0,0.6000000000000001,0,0,0,1.7000000000000002,,,,,,,,,,,,,,,,,,,,,,,,,,,,,,,,,,,,
32047,2019,11,30,19,15,0.5,0,0,0,1.7000000000000002,,,,,,,,,,,,,,,,,,,,,,,,,,,,,,,,,,,,
32048,2019,11,30,19,30,0.5,0,0,0,1.7000000000000002,,,,,,,,,,,,,,,,,,,,,,,,,,,,,,,,,,,,
32049,2019,11,30,19,45,0.4,0,0,0,1.7000000000000002,,,,,,,,,,,,,,,,,,,,,,,,,,,,,,,,,,,,
32050,2019,11,30,20,0,0.3,0,0,0,1.6,,,,,,,,,,,,,,,,,,,,,,,,,,,,,,,,,,,,
32051,2019,11,30,20,15,0.2,0,0,0,1.6,,,,,,,,,,,,,,,,,,,,,,,,,,,,,,,,,,,,
32052,2019,11,30,20,30,0.2,0,0,0,1.6,,,,,,,,,,,,,,,,,,,,,,,,,,,,,,,,,,,,
32053,2019,11,30,20,45,0.1,0,0,0,1.6,,,,,,,,,,,,,,,,,,,,,,,,,,,,,,,,,,,,
32054,2019,11,30,21,0,0.1,0,0,0,1.6,,,,,,,,,,,,,,,,,,,,,,,,,,,,,,,,,,,,
32055,2019,11,30,21,15,0.0,0,0,0,1.5,,,,,,,,,,,,,,,,,,,,,,,,,,,,,,,,,,,,
32056,2019,11,30,21,30,0.0,0,0,0,1.5,,,,,,,,,,,,,,,,,,,,,,,,,,,,,,,,,,,,
32057,2019,11,30,21,45,0.0,0,0,0,1.5,,,,,,,,,,,,,,,,,,,,,,,,,,,,,,,,,,,,
32058,2019,11,30,22,0,0.0,0,0,0,1.5,,,,,,,,,,,,,,,,,,,,,,,,,,,,,,,,,,,,
32059,2019,11,30,22,15,0.0,0,0,0,1.5,,,,,,,,,,,,,,,,,,,,,,,,,,,,,,,,,,,,
32060,2019,11,30,22,30,0.0,0,0,0,1.5,,,,,,,,,,,,,,,,,,,,,,,,,,,,,,,,,,,,
32061,2019,11,30,22,45,0.0,0,0,0,1.5,,,,,,,,,,,,,,,,,,,,,,,,,,,,,,,,,,,,
32062,2019,11,30,23,0,0.0,0,0,0,1.4,,,,,,,,,,,,,,,,,,,,,,,,,,,,,,,,,,,,
32063,2019,11,30,23,15,0.0,0,0,0,1.4,,,,,,,,,,,,,,,,,,,,,,,,,,,,,,,,,,,,
32064,2019,11,30,23,30,0.0,0,0,0,1.4,,,,,,,,,,,,,,,,,,,,,,,,,,,,,,,,,,,,
32065,2019,11,30,23,45,0.1,0,0,0,1.4,,,,,,,,,,,,,,,,,,,,,,,,,,,,,,,,,,,,
32066,2019,12,1,0,0,0.1,0,0,0,1.4,,,,,,,,,,,,,,,,,,,,,,,,,,,,,,,,,,,,
32067,2019,12,1,0,15,0.1,0,0,0,1.4,,,,,,,,,,,,,,,,,,,,,,,,,,,,,,,,,,,,
32068,2019,12,1,0,30,0.1,0,0,0,1.4,,,,,,,,,,,,,,,,,,,,,,,,,,,,,,,,,,,,
32069,2019,12,1,0,45,0.1,0,0,0,1.4,,,,,,,,,,,,,,,,,,,,,,,,,,,,,,,,,,,,
32070,2019,12,1,1,0,0.1,0,0,0,1.3,,,,,,,,,,,,,,,,,,,,,,,,,,,,,,,,,,,,
32071,2019,12,1,1,15,0.1,0,0,0,1.3,,,,,,,,,,,,,,,,,,,,,,,,,,,,,,,,,,,,
32072,2019,12,1,1,30,0.1,0,0,0,1.2000000000000002,,,,,,,,,,,,,,,,,,,,,,,,,,,,,,,,,,,,
32073,2019,12,1,1,45,0.0,0,0,0,1.2000000000000002,,,,,,,,,,,,,,,,,,,,,,,,,,,,,,,,,,,,
32074,2019,12,1,2,0,0.0,0,0,0,1.1,,,,,,,,,,,,,,,,,,,,,,,,,,,,,,,,,,,,
32075,2019,12,1,2,15,0.0,0,0,0,1.1,,,,,,,,,,,,,,,,,,,,,,,,,,,,,,,,,,,,
32076,2019,12,1,2,30,0.0,0,0,0,1.0,,,,,,,,,,,,,,,,,,,,,,,,,,,,,,,,,,,,
32077,2019,12,1,2,45,-0.1,0,0,0,1.0,,,,,,,,,,,,,,,,,,,,,,,,,,,,,,,,,,,,
32078,2019,12,1,3,0,-0.1,0,0,0,0.9,,,,,,,,,,,,,,,,,,,,,,,,,,,,,,,,,,,,
32079,2019,12,1,3,15,-0.1,0,0,0,0.8,,,,,,,,,,,,,,,,,,,,,,,,,,,,,,,,,,,,
32080,2019,12,1,3,30,-0.1,0,0,0,0.8,,,,,,,,,,,,,,,,,,,,,,,,,,,,,,,,,,,,
32081,2019,12,1,3,45,-0.1,0,0,0,0.7000000000000001,,,,,,,,,,,,,,,,,,,,,,,,,,,,,,,,,,,,
32082,2019,12,1,4,0,-0.1,0,0,0,0.6000000000000001,,,,,,,,,,,,,,,,,,,,,,,,,,,,,,,,,,,,
32083,2019,12,1,4,15,-0.1,0,0,0,0.6000000000000001,,,,,,,,,,,,,,,,,,,,,,,,,,,,,,,,,,,,
32084,2019,12,1,4,30,-0.1,0,0,0,0.5,,,,,,,,,,,,,,,,,,,,,,,,,,,,,,,,,,,,
32085,2019,12,1,4,45,0.0,0,0,0,0.5,,,,,,,,,,,,,,,,,,,,,,,,,,,,,,,,,,,,
32086,2019,12,1,5,0,0.0,0,0,0,0.4,,,,,,,,,,,,,,,,,,,,,,,,,,,,,,,,,,,,
32087,2019,12,1,5,15,0.0,0,0,0,0.4,,,,,,,,,,,,,,,,,,,,,,,,,,,,,,,,,,,,
32088,2019,12,1,5,30,0.0,0,0,0,0.4,,,,,,,,,,,,,,,,,,,,,,,,,,,,,,,,,,,,
32089,2019,12,1,5,45,0.0,0,0,0,0.4,,,,,,,,,,,,,,,,,,,,,,,,,,,,,,,,,,,,
32090,2019,12,1,6,0,-0.1,0,0,0,0.4,,,,,,,,,,,,,,,,,,,,,,,,,,,,,,,,,,,,
32091,2019,12,1,6,15,-0.1,0,0,0,0.4,,,,,,,,,,,,,,,,,,,,,,,,,,,,,,,,,,,,
32092,2019,12,1,6,30,-0.2,0,0,0,0.4,,,,,,,,,,,,,,,,,,,,,,,,,,,,,,,,,,,,
32093,2019,12,1,6,45,-0.2,0,0,0,0.4,,,,,,,,,,,,,,,,,,,,,,,,,,,,,,,,,,,,
32094,2019,12,1,7,0,-0.3,0,0,0,0.4,,,,,,,,,,,,,,,,,,,,,,,,,,,,,,,,,,,,
32095,2019,12,1,7,15,-0.3,0,0,0,0.5,,,,,,,,,,,,,,,,,,,,,,,,,,,,,,,,,,,,
32096,2019,12,1,7,30,-0.4,0,0,0,0.5,,,,,,,,,,,,,,,,,,,,,,,,,,,,,,,,,,,,
32097,2019,12,1,7,45,-0.4,0,0,0,0.6000000000000001,,,,,,,,,,,,,,,,,,,,,,,,,,,,,,,,,,,,
32098,2019,12,1,8,0,-0.5,0,0,0,0.6000000000000001,,,,,,,,,,,,,,,,,,,,,,,,,,,,,,,,,,,,
32099,2019,12,1,8,15,-0.3,5,0,5,0.8,,,,,,,,,,,,,,,,,,,,,,,,,,,,,,,,,,,,
32100,2019,12,1,8,30,0.0,10,0,10,0.9,,,,,,,,,,,,,,,,,,,,,,,,,,,,,,,,,,,,
32101,2019,12,1,8,45,0.2,14,0,14,1.0,,,,,,,,,,,,,,,,,,,,,,,,,,,,,,,,,,,,
32102,2019,12,1,9,0,0.4,18,0,18,1.2000000000000002,,,,,,,,,,,,,,,,,,,,,,,,,,,,,,,,,,,,
32103,2019,12,1,9,15,0.6000000000000001,22,0,22,1.2000000000000002,,,,,,,,,,,,,,,,,,,,,,,,,,,,,,,,,,,,
32104,2019,12,1,9,30,0.7000000000000001,25,0,25,1.2000000000000002,,,,,,,,,,,,,,,,,,,,,,,,,,,,,,,,,,,,
32105,2019,12,1,9,45,0.8,29,0,29,1.2000000000000002,,,,,,,,,,,,,,,,,,,,,,,,,,,,,,,,,,,,
32106,2019,12,1,10,0,1.0,33,0,33,1.2000000000000002,,,,,,,,,,,,,,,,,,,,,,,,,,,,,,,,,,,,
32107,2019,12,1,10,15,1.2000000000000002,36,0,36,1.2000000000000002,,,,,,,,,,,,,,,,,,,,,,,,,,,,,,,,,,,,
32108,2019,12,1,10,30,1.5,40,0,40,1.2000000000000002,,,,,,,,,,,,,,,,,,,,,,,,,,,,,,,,,,,,
32109,2019,12,1,10,45,1.7000000000000002,43,0,43,1.2000000000000002,,,,,,,,,,,,,,,,,,,,,,,,,,,,,,,,,,,,
32110,2019,12,1,11,0,2.0,45,0,45,1.2000000000000002,,,,,,,,,,,,,,,,,,,,,,,,,,,,,,,,,,,,
32111,2019,12,1,11,15,2.1,94,0,94,1.1,,,,,,,,,,,,,,,,,,,,,,,,,,,,,,,,,,,,
32112,2019,12,1,11,30,2.3000000000000003,108,191,162,1.1,,,,,,,,,,,,,,,,,,,,,,,,,,,,,,,,,,,,
32113,2019,12,1,11,45,2.4000000000000004,113,101,141,1.1,,,,,,,,,,,,,,,,,,,,,,,,,,,,,,,,,,,,
32114,2019,12,1,12,0,2.6,114,94,140,1.1,,,,,,,,,,,,,,,,,,,,,,,,,,,,,,,,,,,,
32115,2019,12,1,12,15,2.7,112,164,159,1.0,,,,,,,,,,,,,,,,,,,,,,,,,,,,,,,,,,,,
32116,2019,12,1,12,30,2.8000000000000003,110,174,159,0.9,,,,,,,,,,,,,,,,,,,,,,,,,,,,,,,,,,,,
32117,2019,12,1,12,45,2.9000000000000004,105,35,114,0.9,,,,,,,,,,,,,,,,,,,,,,,,,,,,,,,,,,,,
32118,2019,12,1,13,0,3.0,103,54,118,0.8,,,,,,,,,,,,,,,,,,,,,,,,,,,,,,,,,,,,
32119,2019,12,1,13,15,2.9000000000000004,99,50,111,0.7000000000000001,,,,,,,,,,,,,,,,,,,,,,,,,,,,,,,,,,,,
32120,2019,12,1,13,30,2.9000000000000004,93,46,104,0.6000000000000001,,,,,,,,,,,,,,,,,,,,,,,,,,,,,,,,,,,,
32121,2019,12,1,13,45,2.8000000000000003,86,40,95,0.5,,,,,,,,,,,,,,,,,,,,,,,,,,,,,,,,,,,,
32122,2019,12,1,14,0,2.8000000000000003,78,35,86,0.4,,,,,,,,,,,,,,,,,,,,,,,,,,,,,,,,,,,,
32123,2019,12,1,14,15,2.5,70,28,75,0.4,,,,,,,,,,,,,,,,,,,,,,,,,,,,,,,,,,,,
32124,2019,12,1,14,30,2.3000000000000003,61,22,65,0.4,,,,,,,,,,,,,,,,,,,,,,,,,,,,,,,,,,,,
32125,2019,12,1,14,45,2.0,51,16,54,0.4,,,,,,,,,,,,,,,,,,,,,,,,,,,,,,,,,,,,
32126,2019,12,1,15,0,1.8,42,10,43,0.4,,,,,,,,,,,,,,,,,,,,,,,,,,,,,,,,,,,,
32127,2019,12,1,15,15,1.5,32,2,32,0.5,,,,,,,,,,,,,,,,,,,,,,,,,,,,,,,,,,,,
32128,2019,12,1,15,30,1.3,22,0,22,0.6000000000000001,,,,,,,,,,,,,,,,,,,,,,,,,,,,,,,,,,,,
32129,2019,12,1,15,45,1.0,12,0,12,0.6000000000000001,,,,,,,,,,,,,,,,,,,,,,,,,,,,,,,,,,,,
32130,2019,12,1,16,0,0.8,0,0,0,0.7000000000000001,,,,,,,,,,,,,,,,,,,,,,,,,,,,,,,,,,,,
32131,2019,12,1,16,15,0.7000000000000001,0,0,0,0.7000000000000001,,,,,,,,,,,,,,,,,,,,,,,,,,,,,,,,,,,,
32132,2019,12,1,16,30,0.6000000000000001,0,0,0,0.7000000000000001,,,,,,,,,,,,,,,,,,,,,,,,,,,,,,,,,,,,
32133,2019,12,1,16,45,0.5,0,0,0,0.8,,,,,,,,,,,,,,,,,,,,,,,,,,,,,,,,,,,,
32134,2019,12,1,17,0,0.5,0,0,0,0.8,,,,,,,,,,,,,,,,,,,,,,,,,,,,,,,,,,,,
32135,2019,12,1,17,15,0.4,0,0,0,0.8,,,,,,,,,,,,,,,,,,,,,,,,,,,,,,,,,,,,
32136,2019,12,1,17,30,0.4,0,0,0,0.8,,,,,,,,,,,,,,,,,,,,,,,,,,,,,,,,,,,,
32137,2019,12,1,17,45,0.3,0,0,0,0.8,,,,,,,,,,,,,,,,,,,,,,,,,,,,,,,,,,,,
32138,2019,12,1,18,0,0.3,0,0,0,0.8,,,,,,,,,,,,,,,,,,,,,,,,,,,,,,,,,,,,
32139,2019,12,1,18,15,0.3,0,0,0,0.7000000000000001,,,,,,,,,,,,,,,,,,,,,,,,,,,,,,,,,,,,
32140,2019,12,1,18,30,0.3,0,0,0,0.7000000000000001,,,,,,,,,,,,,,,,,,,,,,,,,,,,,,,,,,,,
32141,2019,12,1,18,45,0.3,0,0,0,0.7000000000000001,,,,,,,,,,,,,,,,,,,,,,,,,,,,,,,,,,,,
32142,2019,12,1,19,0,0.3,0,0,0,0.7000000000000001,,,,,,,,,,,,,,,,,,,,,,,,,,,,,,,,,,,,
32143,2019,12,1,19,15,0.3,0,0,0,0.6000000000000001,,,,,,,,,,,,,,,,,,,,,,,,,,,,,,,,,,,,
32144,2019,12,1,19,30,0.3,0,0,0,0.6000000000000001,,,,,,,,,,,,,,,,,,,,,,,,,,,,,,,,,,,,
32145,2019,12,1,19,45,0.3,0,0,0,0.6000000000000001,,,,,,,,,,,,,,,,,,,,,,,,,,,,,,,,,,,,
32146,2019,12,1,20,0,0.3,0,0,0,0.5,,,,,,,,,,,,,,,,,,,,,,,,,,,,,,,,,,,,
32147,2019,12,1,20,15,0.3,0,0,0,0.5,,,,,,,,,,,,,,,,,,,,,,,,,,,,,,,,,,,,
32148,2019,12,1,20,30,0.3,0,0,0,0.5,,,,,,,,,,,,,,,,,,,,,,,,,,,,,,,,,,,,
32149,2019,12,1,20,45,0.3,0,0,0,0.5,,,,,,,,,,,,,,,,,,,,,,,,,,,,,,,,,,,,
32150,2019,12,1,21,0,0.3,0,0,0,0.5,,,,,,,,,,,,,,,,,,,,,,,,,,,,,,,,,,,,
32151,2019,12,1,21,15,0.3,0,0,0,0.5,,,,,,,,,,,,,,,,,,,,,,,,,,,,,,,,,,,,
32152,2019,12,1,21,30,0.2,0,0,0,0.6000000000000001,,,,,,,,,,,,,,,,,,,,,,,,,,,,,,,,,,,,
32153,2019,12,1,21,45,0.2,0,0,0,0.6000000000000001,,,,,,,,,,,,,,,,,,,,,,,,,,,,,,,,,,,,
32154,2019,12,1,22,0,0.1,0,0,0,0.6000000000000001,,,,,,,,,,,,,,,,,,,,,,,,,,,,,,,,,,,,
32155,2019,12,1,22,15,0.0,0,0,0,0.7000000000000001,,,,,,,,,,,,,,,,,,,,,,,,,,,,,,,,,,,,
32156,2019,12,1,22,30,-0.1,0,0,0,0.7000000000000001,,,,,,,,,,,,,,,,,,,,,,,,,,,,,,,,,,,,
32157,2019,12,1,22,45,-0.2,0,0,0,0.7000000000000001,,,,,,,,,,,,,,,,,,,,,,,,,,,,,,,,,,,,
32158,2019,12,1,23,0,-0.3,0,0,0,0.7000000000000001,,,,,,,,,,,,,,,,,,,,,,,,,,,,,,,,,,,,
32159,2019,12,1,23,15,-0.3,0,0,0,0.8,,,,,,,,,,,,,,,,,,,,,,,,,,,,,,,,,,,,
32160,2019,12,1,23,30,-0.4,0,0,0,0.8,,,,,,,,,,,,,,,,,,,,,,,,,,,,,,,,,,,,
32161,2019,12,1,23,45,-0.5,0,0,0,0.8,,,,,,,,,,,,,,,,,,,,,,,,,,,,,,,,,,,,
32162,2019,12,2,0,0,-0.5,0,0,0,0.9,,,,,,,,,,,,,,,,,,,,,,,,,,,,,,,,,,,,
32163,2019,12,2,0,15,-0.5,0,0,0,0.9,,,,,,,,,,,,,,,,,,,,,,,,,,,,,,,,,,,,
32164,2019,12,2,0,30,-0.5,0,0,0,0.9,,,,,,,,,,,,,,,,,,,,,,,,,,,,,,,,,,,,
32165,2019,12,2,0,45,-0.5,0,0,0,0.9,,,,,,,,,,,,,,,,,,,,,,,,,,,,,,,,,,,,
32166,2019,12,2,1,0,-0.5,0,0,0,1.2000000000000002,,,,,,,,,,,,,,,,,,,,,,,,,,,,,,,,,,,,
32167,2019,12,2,1,15,-0.4,0,0,0,1.3,,,,,,,,,,,,,,,,,,,,,,,,,,,,,,,,,,,,
32168,2019,12,2,1,30,-0.4,0,0,0,1.4,,,,,,,,,,,,,,,,,,,,,,,,,,,,,,,,,,,,
32169,2019,12,2,1,45,-0.3,0,0,0,1.5,,,,,,,,,,,,,,,,,,,,,,,,,,,,,,,,,,,,
32170,2019,12,2,2,0,-0.3,0,0,0,1.7000000000000002,,,,,,,,,,,,,,,,,,,,,,,,,,,,,,,,,,,,
32171,2019,12,2,2,15,-0.3,0,0,0,1.8,,,,,,,,,,,,,,,,,,,,,,,,,,,,,,,,,,,,
32172,2019,12,2,2,30,-0.2,0,0,0,1.9,,,,,,,,,,,,,,,,,,,,,,,,,,,,,,,,,,,,
32173,2019,12,2,2,45,-0.2,0,0,0,2.1,,,,,,,,,,,,,,,,,,,,,,,,,,,,,,,,,,,,
32174,2019,12,2,3,0,-0.1,0,0,0,2.2,,,,,,,,,,,,,,,,,,,,,,,,,,,,,,,,,,,,
32175,2019,12,2,3,15,-0.2,0,0,0,2.3000000000000003,,,,,,,,,,,,,,,,,,,,,,,,,,,,,,,,,,,,
32176,2019,12,2,3,30,-0.3,0,0,0,2.4000000000000004,,,,,,,,,,,,,,,,,,,,,,,,,,,,,,,,,,,,
32177,2019,12,2,3,45,-0.3,0,0,0,2.5,,,,,,,,,,,,,,,,,,,,,,,,,,,,,,,,,,,,
32178,2019,12,2,4,0,-0.4,0,0,0,2.6,,,,,,,,,,,,,,,,,,,,,,,,,,,,,,,,,,,,
32179,2019,12,2,4,15,-0.4,0,0,0,2.6,,,,,,,,,,,,,,,,,,,,,,,,,,,,,,,,,,,,
32180,2019,12,2,4,30,-0.5,0,0,0,2.6,,,,,,,,,,,,,,,,,,,,,,,,,,,,,,,,,,,,
32181,2019,12,2,4,45,-0.5,0,0,0,2.6,,,,,,,,,,,,,,,,,,,,,,,,,,,,,,,,,,,,
32182,2019,12,2,5,0,-0.6000000000000001,0,0,0,2.6,,,,,,,,,,,,,,,,,,,,,,,,,,,,,,,,,,,,
32183,2019,12,2,5,15,-0.6000000000000001,0,0,0,2.6,,,,,,,,,,,,,,,,,,,,,,,,,,,,,,,,,,,,
32184,2019,12,2,5,30,-0.6000000000000001,0,0,0,2.6,,,,,,,,,,,,,,,,,,,,,,,,,,,,,,,,,,,,
32185,2019,12,2,5,45,-0.6000000000000001,0,0,0,2.6,,,,,,,,,,,,,,,,,,,,,,,,,,,,,,,,,,,,
32186,2019,12,2,6,0,-0.7000000000000001,0,0,0,2.6,,,,,,,,,,,,,,,,,,,,,,,,,,,,,,,,,,,,
32187,2019,12,2,6,15,-0.7000000000000001,0,0,0,2.6,,,,,,,,,,,,,,,,,,,,,,,,,,,,,,,,,,,,
32188,2019,12,2,6,30,-0.7000000000000001,0,0,0,2.6,,,,,,,,,,,,,,,,,,,,,,,,,,,,,,,,,,,,
32189,2019,12,2,6,45,-0.6000000000000001,0,0,0,2.7,,,,,,,,,,,,,,,,,,,,,,,,,,,,,,,,,,,,
32190,2019,12,2,7,0,-0.6000000000000001,0,0,0,2.7,,,,,,,,,,,,,,,,,,,,,,,,,,,,,,,,,,,,
32191,2019,12,2,7,15,-0.6000000000000001,0,0,0,2.8000000000000003,,,,,,,,,,,,,,,,,,,,,,,,,,,,,,,,,,,,
32192,2019,12,2,7,30,-0.5,0,0,0,3.0,,,,,,,,,,,,,,,,,,,,,,,,,,,,,,,,,,,,
32193,2019,12,2,7,45,-0.4,0,0,0,3.1,,,,,,,,,,,,,,,,,,,,,,,,,,,,,,,,,,,,
32194,2019,12,2,8,0,-0.3,0,0,0,3.2,,,,,,,,,,,,,,,,,,,,,,,,,,,,,,,,,,,,
32195,2019,12,2,8,15,0.0,14,149,17,3.3000000000000003,,,,,,,,,,,,,,,,,,,,,,,,,,,,,,,,,,,,
32196,2019,12,2,8,30,0.2,21,261,36,3.4000000000000004,,,,,,,,,,,,,,,,,,,,,,,,,,,,,,,,,,,,
32197,2019,12,2,8,45,0.5,30,323,56,3.5,,,,,,,,,,,,,,,,,,,,,,,,,,,,,,,,,,,,
32198,2019,12,2,9,0,0.7000000000000001,36,399,80,3.6,,,,,,,,,,,,,,,,,,,,,,,,,,,,,,,,,,,,
32199,2019,12,2,9,15,1.0,42,465,104,3.7,,,,,,,,,,,,,,,,,,,,,,,,,,,,,,,,,,,,
32200,2019,12,2,9,30,1.2000000000000002,46,515,128,3.8,,,,,,,,,,,,,,,,,,,,,,,,,,,,,,,,,,,,
32201,2019,12,2,9,45,1.5,54,517,148,3.9,,,,,,,,,,,,,,,,,,,,,,,,,,,,,,,,,,,,
32202,2019,12,2,10,0,1.7000000000000002,58,552,169,4.0,,,,,,,,,,,,,,,,,,,,,,,,,,,,,,,,,,,,
32203,2019,12,2,10,15,2.0,68,0,68,4.1000000000000005,,,,,,,,,,,,,,,,,,,,,,,,,,,,,,,,,,,,
32204,2019,12,2,10,30,2.2,75,0,75,4.1000000000000005,,,,,,,,,,,,,,,,,,,,,,,,,,,,,,,,,,,,
32205,2019,12,2,10,45,2.4000000000000004,68,602,218,4.2,,,,,,,,,,,,,,,,,,,,,,,,,,,,,,,,,,,,
32206,2019,12,2,11,0,2.7,70,617,231,4.2,,,,,,,,,,,,,,,,,,,,,,,,,,,,,,,,,,,,
32207,2019,12,2,11,15,2.9000000000000004,92,0,92,4.2,,,,,,,,,,,,,,,,,,,,,,,,,,,,,,,,,,,,
32208,2019,12,2,11,30,3.0,106,42,118,4.2,,,,,,,,,,,,,,,,,,,,,,,,,,,,,,,,,,,,
32209,2019,12,2,11,45,3.2,97,0,97,4.3,,,,,,,,,,,,,,,,,,,,,,,,,,,,,,,,,,,,
32210,2019,12,2,12,0,3.4000000000000004,74,640,254,4.3,,,,,,,,,,,,,,,,,,,,,,,,,,,,,,,,,,,,
32211,2019,12,2,12,15,3.4000000000000004,98,0,98,4.3,,,,,,,,,,,,,,,,,,,,,,,,,,,,,,,,,,,,
32212,2019,12,2,12,30,3.5,73,0,73,4.3,,,,,,,,,,,,,,,,,,,,,,,,,,,,,,,,,,,,
32213,2019,12,2,12,45,3.5,74,0,74,4.3,,,,,,,,,,,,,,,,,,,,,,,,,,,,,,,,,,,,
32214,2019,12,2,13,0,3.6,53,0,53,4.3,,,,,,,,,,,,,,,,,,,,,,,,,,,,,,,,,,,,
32215,2019,12,2,13,15,3.5,50,0,50,4.3,,,,,,,,,,,,,,,,,,,,,,,,,,,,,,,,,,,,
32216,2019,12,2,13,30,3.4000000000000004,46,0,46,4.2,,,,,,,,,,,,,,,,,,,,,,,,,,,,,,,,,,,,
32217,2019,12,2,13,45,3.4000000000000004,42,0,42,4.2,,,,,,,,,,,,,,,,,,,,,,,,,,,,,,,,,,,,
32218,2019,12,2,14,0,3.3000000000000003,37,0,37,4.2,,,,,,,,,,,,,,,,,,,,,,,,,,,,,,,,,,,,
32219,2019,12,2,14,15,3.2,33,0,33,4.2,,,,,,,,,,,,,,,,,,,,,,,,,,,,,,,,,,,,
32220,2019,12,2,14,30,3.0,28,0,28,4.2,,,,,,,,,,,,,,,,,,,,,,,,,,,,,,,,,,,,
32221,2019,12,2,14,45,2.9000000000000004,23,0,23,4.3,,,,,,,,,,,,,,,,,,,,,,,,,,,,,,,,,,,,
32222,2019,12,2,15,0,2.7,18,0,18,4.3,,,,,,,,,,,,,,,,,,,,,,,,,,,,,,,,,,,,
32223,2019,12,2,15,15,2.6,13,0,13,4.3,,,,,,,,,,,,,,,,,,,,,,,,,,,,,,,,,,,,
32224,2019,12,2,15,30,2.5,9,0,9,4.3,,,,,,,,,,,,,,,,,,,,,,,,,,,,,,,,,,,,
32225,2019,12,2,15,45,2.4000000000000004,5,0,5,4.3,,,,,,,,,,,,,,,,,,,,,,,,,,,,,,,,,,,,
32226,2019,12,2,16,0,2.3000000000000003,0,0,0,4.3,,,,,,,,,,,,,,,,,,,,,,,,,,,,,,,,,,,,
32227,2019,12,2,16,15,2.3000000000000003,0,0,0,4.3,,,,,,,,,,,,,,,,,,,,,,,,,,,,,,,,,,,,
32228,2019,12,2,16,30,2.3000000000000003,0,0,0,4.3,,,,,,,,,,,,,,,,,,,,,,,,,,,,,,,,,,,,
32229,2019,12,2,16,45,2.3000000000000003,0,0,0,4.3,,,,,,,,,,,,,,,,,,,,,,,,,,,,,,,,,,,,
32230,2019,12,2,17,0,2.3000000000000003,0,0,0,4.2,,,,,,,,,,,,,,,,,,,,,,,,,,,,,,,,,,,,
32231,2019,12,2,17,15,2.4000000000000004,0,0,0,4.2,,,,,,,,,,,,,,,,,,,,,,,,,,,,,,,,,,,,
32232,2019,12,2,17,30,2.4000000000000004,0,0,0,4.2,,,,,,,,,,,,,,,,,,,,,,,,,,,,,,,,,,,,
32233,2019,12,2,17,45,2.5,0,0,0,4.2,,,,,,,,,,,,,,,,,,,,,,,,,,,,,,,,,,,,
32234,2019,12,2,18,0,2.5,0,0,0,4.2,,,,,,,,,,,,,,,,,,,,,,,,,,,,,,,,,,,,
32235,2019,12,2,18,15,2.5,0,0,0,4.1000000000000005,,,,,,,,,,,,,,,,,,,,,,,,,,,,,,,,,,,,
32236,2019,12,2,18,30,2.5,0,0,0,4.1000000000000005,,,,,,,,,,,,,,,,,,,,,,,,,,,,,,,,,,,,
32237,2019,12,2,18,45,2.6,0,0,0,4.0,,,,,,,,,,,,,,,,,,,,,,,,,,,,,,,,,,,,
32238,2019,12,2,19,0,2.6,0,0,0,3.9,,,,,,,,,,,,,,,,,,,,,,,,,,,,,,,,,,,,
32239,2019,12,2,19,15,2.6,0,0,0,3.8,,,,,,,,,,,,,,,,,,,,,,,,,,,,,,,,,,,,
32240,2019,12,2,19,30,2.6,0,0,0,3.8,,,,,,,,,,,,,,,,,,,,,,,,,,,,,,,,,,,,
32241,2019,12,2,19,45,2.6,0,0,0,3.7,,,,,,,,,,,,,,,,,,,,,,,,,,,,,,,,,,,,
32242,2019,12,2,20,0,2.5,0,0,0,3.6,,,,,,,,,,,,,,,,,,,,,,,,,,,,,,,,,,,,
32243,2019,12,2,20,15,2.5,0,0,0,3.6,,,,,,,,,,,,,,,,,,,,,,,,,,,,,,,,,,,,
32244,2019,12,2,20,30,2.5,0,0,0,3.6,,,,,,,,,,,,,,,,,,,,,,,,,,,,,,,,,,,,
32245,2019,12,2,20,45,2.4000000000000004,0,0,0,3.5,,,,,,,,,,,,,,,,,,,,,,,,,,,,,,,,,,,,
32246,2019,12,2,21,0,2.4000000000000004,0,0,0,3.5,,,,,,,,,,,,,,,,,,,,,,,,,,,,,,,,,,,,
32247,2019,12,2,21,15,2.3000000000000003,0,0,0,3.5,,,,,,,,,,,,,,,,,,,,,,,,,,,,,,,,,,,,
32248,2019,12,2,21,30,2.3000000000000003,0,0,0,3.5,,,,,,,,,,,,,,,,,,,,,,,,,,,,,,,,,,,,
32249,2019,12,2,21,45,2.2,0,0,0,3.5,,,,,,,,,,,,,,,,,,,,,,,,,,,,,,,,,,,,
32250,2019,12,2,22,0,2.1,0,0,0,3.6,,,,,,,,,,,,,,,,,,,,,,,,,,,,,,,,,,,,
32251,2019,12,2,22,15,2.1,0,0,0,3.5,,,,,,,,,,,,,,,,,,,,,,,,,,,,,,,,,,,,
32252,2019,12,2,22,30,2.1,0,0,0,3.4000000000000004,,,,,,,,,,,,,,,,,,,,,,,,,,,,,,,,,,,,
32253,2019,12,2,22,45,2.0,0,0,0,3.3000000000000003,,,,,,,,,,,,,,,,,,,,,,,,,,,,,,,,,,,,
32254,2019,12,2,23,0,2.0,0,0,0,3.3000000000000003,,,,,,,,,,,,,,,,,,,,,,,,,,,,,,,,,,,,
32255,2019,12,2,23,15,2.0,0,0,0,3.2,,,,,,,,,,,,,,,,,,,,,,,,,,,,,,,,,,,,
32256,2019,12,2,23,30,2.0,0,0,0,3.2,,,,,,,,,,,,,,,,,,,,,,,,,,,,,,,,,,,,
32257,2019,12,2,23,45,2.0,0,0,0,3.1,,,,,,,,,,,,,,,,,,,,,,,,,,,,,,,,,,,,
32258,2019,12,3,0,0,2.0,0,0,0,3.1,,,,,,,,,,,,,,,,,,,,,,,,,,,,,,,,,,,,
32259,2019,12,3,0,15,2.0,0,0,0,3.1,,,,,,,,,,,,,,,,,,,,,,,,,,,,,,,,,,,,
32260,2019,12,3,0,30,2.0,0,0,0,3.1,,,,,,,,,,,,,,,,,,,,,,,,,,,,,,,,,,,,
32261,2019,12,3,0,45,2.0,0,0,0,3.1,,,,,,,,,,,,,,,,,,,,,,,,,,,,,,,,,,,,
32262,2019,12,3,1,0,2.1,0,0,0,2.5,,,,,,,,,,,,,,,,,,,,,,,,,,,,,,,,,,,,
32263,2019,12,3,1,15,2.1,0,0,0,2.4000000000000004,,,,,,,,,,,,,,,,,,,,,,,,,,,,,,,,,,,,
32264,2019,12,3,1,30,2.1,0,0,0,2.3000000000000003,,,,,,,,,,,,,,,,,,,,,,,,,,,,,,,,,,,,
32265,2019,12,3,1,45,2.1,0,0,0,2.2,,,,,,,,,,,,,,,,,,,,,,,,,,,,,,,,,,,,
32266,2019,12,3,2,0,2.1,0,0,0,2.1,,,,,,,,,,,,,,,,,,,,,,,,,,,,,,,,,,,,
32267,2019,12,3,2,15,2.1,0,0,0,2.0,,,,,,,,,,,,,,,,,,,,,,,,,,,,,,,,,,,,
32268,2019,12,3,2,30,2.1,0,0,0,1.9,,,,,,,,,,,,,,,,,,,,,,,,,,,,,,,,,,,,
32269,2019,12,3,2,45,2.1,0,0,0,1.8,,,,,,,,,,,,,,,,,,,,,,,,,,,,,,,,,,,,
32270,2019,12,3,3,0,2.0,0,0,0,1.7000000000000002,,,,,,,,,,,,,,,,,,,,,,,,,,,,,,,,,,,,
32271,2019,12,3,3,15,2.0,0,0,0,1.7000000000000002,,,,,,,,,,,,,,,,,,,,,,,,,,,,,,,,,,,,
32272,2019,12,3,3,30,2.0,0,0,0,1.6,,,,,,,,,,,,,,,,,,,,,,,,,,,,,,,,,,,,
32273,2019,12,3,3,45,1.9,0,0,0,1.5,,,,,,,,,,,,,,,,,,,,,,,,,,,,,,,,,,,,
32274,2019,12,3,4,0,1.9,0,0,0,1.5,,,,,,,,,,,,,,,,,,,,,,,,,,,,,,,,,,,,
32275,2019,12,3,4,15,1.9,0,0,0,1.4,,,,,,,,,,,,,,,,,,,,,,,,,,,,,,,,,,,,
32276,2019,12,3,4,30,1.8,0,0,0,1.4,,,,,,,,,,,,,,,,,,,,,,,,,,,,,,,,,,,,
32277,2019,12,3,4,45,1.8,0,0,0,1.3,,,,,,,,,,,,,,,,,,,,,,,,,,,,,,,,,,,,
32278,2019,12,3,5,0,1.8,0,0,0,1.3,,,,,,,,,,,,,,,,,,,,,,,,,,,,,,,,,,,,
32279,2019,12,3,5,15,1.8,0,0,0,1.2000000000000002,,,,,,,,,,,,,,,,,,,,,,,,,,,,,,,,,,,,
32280,2019,12,3,5,30,1.8,0,0,0,1.2000000000000002,,,,,,,,,,,,,,,,,,,,,,,,,,,,,,,,,,,,
32281,2019,12,3,5,45,1.8,0,0,0,1.2000000000000002,,,,,,,,,,,,,,,,,,,,,,,,,,,,,,,,,,,,
32282,2019,12,3,6,0,1.8,0,0,0,1.1,,,,,,,,,,,,,,,,,,,,,,,,,,,,,,,,,,,,
32283,2019,12,3,6,15,1.8,0,0,0,1.1,,,,,,,,,,,,,,,,,,,,,,,,,,,,,,,,,,,,
32284,2019,12,3,6,30,1.9,0,0,0,1.1,,,,,,,,,,,,,,,,,,,,,,,,,,,,,,,,,,,,
32285,2019,12,3,6,45,1.9,0,0,0,1.1,,,,,,,,,,,,,,,,,,,,,,,,,,,,,,,,,,,,
32286,2019,12,3,7,0,1.9,0,0,0,1.1,,,,,,,,,,,,,,,,,,,,,,,,,,,,,,,,,,,,
32287,2019,12,3,7,15,1.9,0,0,0,1.1,,,,,,,,,,,,,,,,,,,,,,,,,,,,,,,,,,,,
32288,2019,12,3,7,30,2.0,0,0,0,1.2000000000000002,,,,,,,,,,,,,,,,,,,,,,,,,,,,,,,,,,,,
32289,2019,12,3,7,45,2.0,0,0,0,1.2000000000000002,,,,,,,,,,,,,,,,,,,,,,,,,,,,,,,,,,,,
32290,2019,12,3,8,0,2.1,0,0,0,1.3,,,,,,,,,,,,,,,,,,,,,,,,,,,,,,,,,,,,
32291,2019,12,3,8,15,2.2,13,74,15,1.4,,,,,,,,,,,,,,,,,,,,,,,,,,,,,,,,,,,,
32292,2019,12,3,8,30,2.4000000000000004,3,0,3,1.5,,,,,,,,,,,,,,,,,,,,,,,,,,,,,,,,,,,,
32293,2019,12,3,8,45,2.6,4,0,4,1.6,,,,,,,,,,,,,,,,,,,,,,,,,,,,,,,,,,,,
32294,2019,12,3,9,0,2.8000000000000003,6,0,6,1.7000000000000002,,,,,,,,,,,,,,,,,,,,,,,,,,,,,,,,,,,,
32295,2019,12,3,9,15,2.9000000000000004,7,0,7,1.9,,,,,,,,,,,,,,,,,,,,,,,,,,,,,,,,,,,,
32296,2019,12,3,9,30,3.1,6,0,6,2.1,,,,,,,,,,,,,,,,,,,,,,,,,,,,,,,,,,,,
32297,2019,12,3,9,45,3.3000000000000003,7,0,7,2.3000000000000003,,,,,,,,,,,,,,,,,,,,,,,,,,,,,,,,,,,,
32298,2019,12,3,10,0,3.5,11,0,11,2.5,,,,,,,,,,,,,,,,,,,,,,,,,,,,,,,,,,,,
32299,2019,12,3,10,15,3.6,12,0,12,2.5,,,,,,,,,,,,,,,,,,,,,,,,,,,,,,,,,,,,
32300,2019,12,3,10,30,3.8,14,0,14,2.5,,,,,,,,,,,,,,,,,,,,,,,,,,,,,,,,,,,,
32301,2019,12,3,10,45,4.0,15,0,15,2.6,,,,,,,,,,,,,,,,,,,,,,,,,,,,,,,,,,,,
32302,2019,12,3,11,0,4.1000000000000005,16,0,16,2.6,,,,,,,,,,,,,,,,,,,,,,,,,,,,,,,,,,,,
32303,2019,12,3,11,15,4.3,17,0,17,2.6,,,,,,,,,,,,,,,,,,,,,,,,,,,,,,,,,,,,
32304,2019,12,3,11,30,4.5,17,0,17,2.6,,,,,,,,,,,,,,,,,,,,,,,,,,,,,,,,,,,,
32305,2019,12,3,11,45,4.7,17,0,17,2.6,,,,,,,,,,,,,,,,,,,,,,,,,,,,,,,,,,,,
32306,2019,12,3,12,0,4.800000000000001,18,0,18,2.6,,,,,,,,,,,,,,,,,,,,,,,,,,,,,,,,,,,,
32307,2019,12,3,12,15,4.9,18,0,18,2.6,,,,,,,,,,,,,,,,,,,,,,,,,,,,,,,,,,,,
32308,2019,12,3,12,30,5.1000000000000005,10,0,10,2.5,,,,,,,,,,,,,,,,,,,,,,,,,,,,,,,,,,,,
32309,2019,12,3,12,45,5.2,17,0,17,2.5,,,,,,,,,,,,,,,,,,,,,,,,,,,,,,,,,,,,
32310,2019,12,3,13,0,5.300000000000001,11,0,11,2.5,,,,,,,,,,,,,,,,,,,,,,,,,,,,,,,,,,,,
32311,2019,12,3,13,15,5.300000000000001,59,649,222,2.4000000000000004,,,,,,,,,,,,,,,,,,,,,,,,,,,,,,,,,,,,
32312,2019,12,3,13,30,5.300000000000001,57,630,208,2.3000000000000003,,,,,,,,,,,,,,,,,,,,,,,,,,,,,,,,,,,,
32313,2019,12,3,13,45,5.300000000000001,54,618,192,2.2,,,,,,,,,,,,,,,,,,,,,,,,,,,,,,,,,,,,
32314,2019,12,3,14,0,5.300000000000001,52,593,174,2.1,,,,,,,,,,,,,,,,,,,,,,,,,,,,,,,,,,,,
32315,2019,12,3,14,15,5.2,49,563,154,2.1,,,,,,,,,,,,,,,,,,,,,,,,,,,,,,,,,,,,
32316,2019,12,3,14,30,5.1000000000000005,45,526,133,2.0,,,,,,,,,,,,,,,,,,,,,,,,,,,,,,,,,,,,
32317,2019,12,3,14,45,5.0,7,0,7,2.0,,,,,,,,,,,,,,,,,,,,,,,,,,,,,,,,,,,,
32318,2019,12,3,15,0,4.800000000000001,6,0,6,1.9,,,,,,,,,,,,,,,,,,,,,,,,,,,,,,,,,,,,
32319,2019,12,3,15,15,4.7,5,0,5,1.9,,,,,,,,,,,,,,,,,,,,,,,,,,,,,,,,,,,,
32320,2019,12,3,15,30,4.5,3,0,3,1.9,,,,,,,,,,,,,,,,,,,,,,,,,,,,,,,,,,,,
32321,2019,12,3,15,45,4.3,2,0,2,1.8,,,,,,,,,,,,,,,,,,,,,,,,,,,,,,,,,,,,
32322,2019,12,3,16,0,4.1000000000000005,0,0,0,1.8,,,,,,,,,,,,,,,,,,,,,,,,,,,,,,,,,,,,
32323,2019,12,3,16,15,4.0,0,0,0,1.8,,,,,,,,,,,,,,,,,,,,,,,,,,,,,,,,,,,,
32324,2019,12,3,16,30,3.9,0,0,0,1.8,,,,,,,,,,,,,,,,,,,,,,,,,,,,,,,,,,,,
32325,2019,12,3,16,45,3.8,0,0,0,1.8,,,,,,,,,,,,,,,,,,,,,,,,,,,,,,,,,,,,
32326,2019,12,3,17,0,3.7,0,0,0,1.8,,,,,,,,,,,,,,,,,,,,,,,,,,,,,,,,,,,,
32327,2019,12,3,17,15,3.6,0,0,0,1.8,,,,,,,,,,,,,,,,,,,,,,,,,,,,,,,,,,,,
32328,2019,12,3,17,30,3.6,0,0,0,1.9,,,,,,,,,,,,,,,,,,,,,,,,,,,,,,,,,,,,
32329,2019,12,3,17,45,3.5,0,0,0,1.9,,,,,,,,,,,,,,,,,,,,,,,,,,,,,,,,,,,,
32330,2019,12,3,18,0,3.5,0,0,0,1.9,,,,,,,,,,,,,,,,,,,,,,,,,,,,,,,,,,,,
32331,2019,12,3,18,15,3.4000000000000004,0,0,0,2.0,,,,,,,,,,,,,,,,,,,,,,,,,,,,,,,,,,,,
32332,2019,12,3,18,30,3.4000000000000004,0,0,0,2.1,,,,,,,,,,,,,,,,,,,,,,,,,,,,,,,,,,,,
32333,2019,12,3,18,45,3.3000000000000003,0,0,0,2.1,,,,,,,,,,,,,,,,,,,,,,,,,,,,,,,,,,,,
32334,2019,12,3,19,0,3.3000000000000003,0,0,0,2.2,,,,,,,,,,,,,,,,,,,,,,,,,,,,,,,,,,,,
32335,2019,12,3,19,15,3.2,0,0,0,2.2,,,,,,,,,,,,,,,,,,,,,,,,,,,,,,,,,,,,
32336,2019,12,3,19,30,3.1,0,0,0,2.2,,,,,,,,,,,,,,,,,,,,,,,,,,,,,,,,,,,,
32337,2019,12,3,19,45,3.0,0,0,0,2.2,,,,,,,,,,,,,,,,,,,,,,,,,,,,,,,,,,,,
32338,2019,12,3,20,0,2.9000000000000004,0,0,0,2.3000000000000003,,,,,,,,,,,,,,,,,,,,,,,,,,,,,,,,,,,,
32339,2019,12,3,20,15,2.8000000000000003,0,0,0,2.3000000000000003,,,,,,,,,,,,,,,,,,,,,,,,,,,,,,,,,,,,
32340,2019,12,3,20,30,2.7,0,0,0,2.4000000000000004,,,,,,,,,,,,,,,,,,,,,,,,,,,,,,,,,,,,
32341,2019,12,3,20,45,2.6,0,0,0,2.4000000000000004,,,,,,,,,,,,,,,,,,,,,,,,,,,,,,,,,,,,
32342,2019,12,3,21,0,2.6,0,0,0,2.5,,,,,,,,,,,,,,,,,,,,,,,,,,,,,,,,,,,,
32343,2019,12,3,21,15,2.6,0,0,0,2.5,,,,,,,,,,,,,,,,,,,,,,,,,,,,,,,,,,,,
32344,2019,12,3,21,30,2.5,0,0,0,2.6,,,,,,,,,,,,,,,,,,,,,,,,,,,,,,,,,,,,
32345,2019,12,3,21,45,2.5,0,0,0,2.6,,,,,,,,,,,,,,,,,,,,,,,,,,,,,,,,,,,,
32346,2019,12,3,22,0,2.5,0,0,0,2.7,,,,,,,,,,,,,,,,,,,,,,,,,,,,,,,,,,,,
32347,2019,12,3,22,15,2.5,0,0,0,2.7,,,,,,,,,,,,,,,,,,,,,,,,,,,,,,,,,,,,
32348,2019,12,3,22,30,2.5,0,0,0,2.7,,,,,,,,,,,,,,,,,,,,,,,,,,,,,,,,,,,,
32349,2019,12,3,22,45,2.5,0,0,0,2.7,,,,,,,,,,,,,,,,,,,,,,,,,,,,,,,,,,,,
32350,2019,12,3,23,0,2.5,0,0,0,2.7,,,,,,,,,,,,,,,,,,,,,,,,,,,,,,,,,,,,
32351,2019,12,3,23,15,2.5,0,0,0,2.6,,,,,,,,,,,,,,,,,,,,,,,,,,,,,,,,,,,,
32352,2019,12,3,23,30,2.5,0,0,0,2.6,,,,,,,,,,,,,,,,,,,,,,,,,,,,,,,,,,,,
32353,2019,12,3,23,45,2.4000000000000004,0,0,0,2.6,,,,,,,,,,,,,,,,,,,,,,,,,,,,,,,,,,,,
32354,2019,12,4,0,0,2.4000000000000004,0,0,0,2.6,,,,,,,,,,,,,,,,,,,,,,,,,,,,,,,,,,,,
32355,2019,12,4,0,15,2.4000000000000004,0,0,0,2.6,,,,,,,,,,,,,,,,,,,,,,,,,,,,,,,,,,,,
32356,2019,12,4,0,30,2.4000000000000004,0,0,0,2.6,,,,,,,,,,,,,,,,,,,,,,,,,,,,,,,,,,,,
32357,2019,12,4,0,45,2.4000000000000004,0,0,0,2.6,,,,,,,,,,,,,,,,,,,,,,,,,,,,,,,,,,,,
32358,2019,12,4,1,0,2.3000000000000003,0,0,0,2.6,,,,,,,,,,,,,,,,,,,,,,,,,,,,,,,,,,,,
32359,2019,12,4,1,15,2.2,0,0,0,2.6,,,,,,,,,,,,,,,,,,,,,,,,,,,,,,,,,,,,
32360,2019,12,4,1,30,2.2,0,0,0,2.5,,,,,,,,,,,,,,,,,,,,,,,,,,,,,,,,,,,,
32361,2019,12,4,1,45,2.1,0,0,0,2.5,,,,,,,,,,,,,,,,,,,,,,,,,,,,,,,,,,,,
32362,2019,12,4,2,0,2.1,0,0,0,2.5,,,,,,,,,,,,,,,,,,,,,,,,,,,,,,,,,,,,
32363,2019,12,4,2,15,2.0,0,0,0,2.6,,,,,,,,,,,,,,,,,,,,,,,,,,,,,,,,,,,,
32364,2019,12,4,2,30,2.0,0,0,0,2.6,,,,,,,,,,,,,,,,,,,,,,,,,,,,,,,,,,,,
32365,2019,12,4,2,45,2.0,0,0,0,2.6,,,,,,,,,,,,,,,,,,,,,,,,,,,,,,,,,,,,
32366,2019,12,4,3,0,1.9,0,0,0,2.6,,,,,,,,,,,,,,,,,,,,,,,,,,,,,,,,,,,,
32367,2019,12,4,3,15,1.9,0,0,0,2.6,,,,,,,,,,,,,,,,,,,,,,,,,,,,,,,,,,,,
32368,2019,12,4,3,30,1.8,0,0,0,2.6,,,,,,,,,,,,,,,,,,,,,,,,,,,,,,,,,,,,
32369,2019,12,4,3,45,1.8,0,0,0,2.6,,,,,,,,,,,,,,,,,,,,,,,,,,,,,,,,,,,,
32370,2019,12,4,4,0,1.8,0,0,0,2.6,,,,,,,,,,,,,,,,,,,,,,,,,,,,,,,,,,,,
32371,2019,12,4,4,15,1.6,0,0,0,2.6,,,,,,,,,,,,,,,,,,,,,,,,,,,,,,,,,,,,
32372,2019,12,4,4,30,1.5,0,0,0,2.5,,,,,,,,,,,,,,,,,,,,,,,,,,,,,,,,,,,,
32373,2019,12,4,4,45,1.4,0,0,0,2.5,,,,,,,,,,,,,,,,,,,,,,,,,,,,,,,,,,,,
32374,2019,12,4,5,0,1.3,0,0,0,2.4000000000000004,,,,,,,,,,,,,,,,,,,,,,,,,,,,,,,,,,,,
32375,2019,12,4,5,15,1.1,0,0,0,2.4000000000000004,,,,,,,,,,,,,,,,,,,,,,,,,,,,,,,,,,,,
32376,2019,12,4,5,30,1.0,0,0,0,2.3000000000000003,,,,,,,,,,,,,,,,,,,,,,,,,,,,,,,,,,,,
32377,2019,12,4,5,45,0.8,0,0,0,2.2,,,,,,,,,,,,,,,,,,,,,,,,,,,,,,,,,,,,
32378,2019,12,4,6,0,0.6000000000000001,0,0,0,2.1,,,,,,,,,,,,,,,,,,,,,,,,,,,,,,,,,,,,
32379,2019,12,4,6,15,0.5,0,0,0,2.1,,,,,,,,,,,,,,,,,,,,,,,,,,,,,,,,,,,,
32380,2019,12,4,6,30,0.4,0,0,0,2.1,,,,,,,,,,,,,,,,,,,,,,,,,,,,,,,,,,,,
32381,2019,12,4,6,45,0.3,0,0,0,2.0,,,,,,,,,,,,,,,,,,,,,,,,,,,,,,,,,,,,
32382,2019,12,4,7,0,0.2,0,0,0,2.0,,,,,,,,,,,,,,,,,,,,,,,,,,,,,,,,,,,,
32383,2019,12,4,7,15,0.2,0,0,0,2.0,,,,,,,,,,,,,,,,,,,,,,,,,,,,,,,,,,,,
32384,2019,12,4,7,30,0.3,0,0,0,2.0,,,,,,,,,,,,,,,,,,,,,,,,,,,,,,,,,,,,
32385,2019,12,4,7,45,0.3,0,0,0,2.0,,,,,,,,,,,,,,,,,,,,,,,,,,,,,,,,,,,,
32386,2019,12,4,8,0,0.3,0,0,0,2.0,,,,,,,,,,,,,,,,,,,,,,,,,,,,,,,,,,,,
32387,2019,12,4,8,15,0.6000000000000001,11,164,15,2.2,,,,,,,,,,,,,,,,,,,,,,,,,,,,,,,,,,,,
32388,2019,12,4,8,30,1.0,11,0,11,2.4000000000000004,,,,,,,,,,,,,,,,,,,,,,,,,,,,,,,,,,,,
32389,2019,12,4,8,45,1.3,18,0,18,2.6,,,,,,,,,,,,,,,,,,,,,,,,,,,,,,,,,,,,
32390,2019,12,4,9,0,1.6,27,0,27,2.8000000000000003,,,,,,,,,,,,,,,,,,,,,,,,,,,,,,,,,,,,
32391,2019,12,4,9,15,1.9,36,0,36,2.8000000000000003,,,,,,,,,,,,,,,,,,,,,,,,,,,,,,,,,,,,
32392,2019,12,4,9,30,2.3000000000000003,7,0,7,2.7,,,,,,,,,,,,,,,,,,,,,,,,,,,,,,,,,,,,
32393,2019,12,4,9,45,2.6,55,0,55,2.7,,,,,,,,,,,,,,,,,,,,,,,,,,,,,,,,,,,,
32394,2019,12,4,10,0,2.9000000000000004,64,0,64,2.7,,,,,,,,,,,,,,,,,,,,,,,,,,,,,,,,,,,,
32395,2019,12,4,10,15,3.3000000000000003,47,660,188,2.7,,,,,,,,,,,,,,,,,,,,,,,,,,,,,,,,,,,,
32396,2019,12,4,10,30,3.7,49,681,205,2.7,,,,,,,,,,,,,,,,,,,,,,,,,,,,,,,,,,,,
32397,2019,12,4,10,45,4.1000000000000005,50,702,220,2.6,,,,,,,,,,,,,,,,,,,,,,,,,,,,,,,,,,,,
32398,2019,12,4,11,0,4.5,51,715,233,2.6,,,,,,,,,,,,,,,,,,,,,,,,,,,,,,,,,,,,
32399,2019,12,4,11,15,4.800000000000001,96,14,100,2.6,,,,,,,,,,,,,,,,,,,,,,,,,,,,,,,,,,,,
32400,2019,12,4,11,30,5.1000000000000005,52,733,251,2.5,,,,,,,,,,,,,,,,,,,,,,,,,,,,,,,,,,,,
32401,2019,12,4,11,45,5.4,52,742,256,2.5,,,,,,,,,,,,,,,,,,,,,,,,,,,,,,,,,,,,
32402,2019,12,4,12,0,5.6000000000000005,109,172,156,2.4000000000000004,,,,,,,,,,,,,,,,,,,,,,,,,,,,,,,,,,,,
32403,2019,12,4,12,15,5.800000000000001,52,743,257,2.3000000000000003,,,,,,,,,,,,,,,,,,,,,,,,,,,,,,,,,,,,
32404,2019,12,4,12,30,6.0,52,740,254,2.3000000000000003,,,,,,,,,,,,,,,,,,,,,,,,,,,,,,,,,,,,
32405,2019,12,4,12,45,6.1000000000000005,51,736,248,2.2,,,,,,,,,,,,,,,,,,,,,,,,,,,,,,,,,,,,
32406,2019,12,4,13,0,6.300000000000001,100,43,111,2.1,,,,,,,,,,,,,,,,,,,,,,,,,,,,,,,,,,,,
32407,2019,12,4,13,15,6.2,49,716,228,1.9,,,,,,,,,,,,,,,,,,,,,,,,,,,,,,,,,,,,
32408,2019,12,4,13,30,6.1000000000000005,48,701,214,1.7000000000000002,,,,,,,,,,,,,,,,,,,,,,,,,,,,,,,,,,,,
32409,2019,12,4,13,45,6.1000000000000005,46,685,198,1.5,,,,,,,,,,,,,,,,,,,,,,,,,,,,,,,,,,,,
32410,2019,12,4,14,0,6.0,44,662,180,1.3,,,,,,,,,,,,,,,,,,,,,,,,,,,,,,,,,,,,
32411,2019,12,4,14,15,5.5,42,633,159,1.2000000000000002,,,,,,,,,,,,,,,,,,,,,,,,,,,,,,,,,,,,
32412,2019,12,4,14,30,5.0,39,599,137,1.1,,,,,,,,,,,,,,,,,,,,,,,,,,,,,,,,,,,,
32413,2019,12,4,14,45,4.5,35,559,115,1.0,,,,,,,,,,,,,,,,,,,,,,,,,,,,,,,,,,,,
32414,2019,12,4,15,0,4.0,31,507,91,0.8,,,,,,,,,,,,,,,,,,,,,,,,,,,,,,,,,,,,
32415,2019,12,4,15,15,3.6,27,441,67,0.9,,,,,,,,,,,,,,,,,,,,,,,,,,,,,,,,,,,,
32416,2019,12,4,15,30,3.3000000000000003,21,359,44,0.9,,,,,,,,,,,,,,,,,,,,,,,,,,,,,,,,,,,,
32417,2019,12,4,15,45,2.9000000000000004,15,260,24,1.0,,,,,,,,,,,,,,,,,,,,,,,,,,,,,,,,,,,,
32418,2019,12,4,16,0,2.6,0,0,0,1.1,,,,,,,,,,,,,,,,,,,,,,,,,,,,,,,,,,,,
32419,2019,12,4,16,15,2.4000000000000004,0,0,0,1.1,,,,,,,,,,,,,,,,,,,,,,,,,,,,,,,,,,,,
32420,2019,12,4,16,30,2.2,0,0,0,1.1,,,,,,,,,,,,,,,,,,,,,,,,,,,,,,,,,,,,
32421,2019,12,4,16,45,2.1,0,0,0,1.1,,,,,,,,,,,,,,,,,,,,,,,,,,,,,,,,,,,,
32422,2019,12,4,17,0,1.9,0,0,0,1.1,,,,,,,,,,,,,,,,,,,,,,,,,,,,,,,,,,,,
32423,2019,12,4,17,15,1.8,0,0,0,1.1,,,,,,,,,,,,,,,,,,,,,,,,,,,,,,,,,,,,
32424,2019,12,4,17,30,1.6,0,0,0,1.1,,,,,,,,,,,,,,,,,,,,,,,,,,,,,,,,,,,,
32425,2019,12,4,17,45,1.4,0,0,0,1.1,,,,,,,,,,,,,,,,,,,,,,,,,,,,,,,,,,,,
32426,2019,12,4,18,0,1.2000000000000002,0,0,0,1.1,,,,,,,,,,,,,,,,,,,,,,,,,,,,,,,,,,,,
32427,2019,12,4,18,15,1.0,0,0,0,1.1,,,,,,,,,,,,,,,,,,,,,,,,,,,,,,,,,,,,
32428,2019,12,4,18,30,0.8,0,0,0,1.2000000000000002,,,,,,,,,,,,,,,,,,,,,,,,,,,,,,,,,,,,
32429,2019,12,4,18,45,0.6000000000000001,0,0,0,1.2000000000000002,,,,,,,,,,,,,,,,,,,,,,,,,,,,,,,,,,,,
32430,2019,12,4,19,0,0.4,0,0,0,1.2000000000000002,,,,,,,,,,,,,,,,,,,,,,,,,,,,,,,,,,,,
32431,2019,12,4,19,15,0.3,0,0,0,1.2000000000000002,,,,,,,,,,,,,,,,,,,,,,,,,,,,,,,,,,,,
32432,2019,12,4,19,30,0.1,0,0,0,1.2000000000000002,,,,,,,,,,,,,,,,,,,,,,,,,,,,,,,,,,,,
32433,2019,12,4,19,45,-0.1,0,0,0,1.2000000000000002,,,,,,,,,,,,,,,,,,,,,,,,,,,,,,,,,,,,
32434,2019,12,4,20,0,-0.3,0,0,0,1.2000000000000002,,,,,,,,,,,,,,,,,,,,,,,,,,,,,,,,,,,,
32435,2019,12,4,20,15,-0.4,0,0,0,1.2000000000000002,,,,,,,,,,,,,,,,,,,,,,,,,,,,,,,,,,,,
32436,2019,12,4,20,30,-0.5,0,0,0,1.2000000000000002,,,,,,,,,,,,,,,,,,,,,,,,,,,,,,,,,,,,
32437,2019,12,4,20,45,-0.7000000000000001,0,0,0,1.2000000000000002,,,,,,,,,,,,,,,,,,,,,,,,,,,,,,,,,,,,
32438,2019,12,4,21,0,-0.8,0,0,0,1.2000000000000002,,,,,,,,,,,,,,,,,,,,,,,,,,,,,,,,,,,,
32439,2019,12,4,21,15,-0.9,0,0,0,1.2000000000000002,,,,,,,,,,,,,,,,,,,,,,,,,,,,,,,,,,,,
32440,2019,12,4,21,30,-1.0,0,0,0,1.2000000000000002,,,,,,,,,,,,,,,,,,,,,,,,,,,,,,,,,,,,
32441,2019,12,4,21,45,-1.1,0,0,0,1.2000000000000002,,,,,,,,,,,,,,,,,,,,,,,,,,,,,,,,,,,,
32442,2019,12,4,22,0,-1.2000000000000002,0,0,0,1.2000000000000002,,,,,,,,,,,,,,,,,,,,,,,,,,,,,,,,,,,,
32443,2019,12,4,22,15,-1.3,0,0,0,1.2000000000000002,,,,,,,,,,,,,,,,,,,,,,,,,,,,,,,,,,,,
32444,2019,12,4,22,30,-1.4,0,0,0,1.2000000000000002,,,,,,,,,,,,,,,,,,,,,,,,,,,,,,,,,,,,
32445,2019,12,4,22,45,-1.5,0,0,0,1.2000000000000002,,,,,,,,,,,,,,,,,,,,,,,,,,,,,,,,,,,,
32446,2019,12,4,23,0,-1.7000000000000002,0,0,0,1.2000000000000002,,,,,,,,,,,,,,,,,,,,,,,,,,,,,,,,,,,,
32447,2019,12,4,23,15,-1.7000000000000002,0,0,0,1.2000000000000002,,,,,,,,,,,,,,,,,,,,,,,,,,,,,,,,,,,,
32448,2019,12,4,23,30,-1.8,0,0,0,1.2000000000000002,,,,,,,,,,,,,,,,,,,,,,,,,,,,,,,,,,,,
32449,2019,12,4,23,45,-1.9,0,0,0,1.2000000000000002,,,,,,,,,,,,,,,,,,,,,,,,,,,,,,,,,,,,
32450,2019,12,5,0,0,-2.0,0,0,0,1.2000000000000002,,,,,,,,,,,,,,,,,,,,,,,,,,,,,,,,,,,,
32451,2019,12,5,0,15,-2.0,0,0,0,1.2000000000000002,,,,,,,,,,,,,,,,,,,,,,,,,,,,,,,,,,,,
32452,2019,12,5,0,30,-2.0,0,0,0,1.2000000000000002,,,,,,,,,,,,,,,,,,,,,,,,,,,,,,,,,,,,
32453,2019,12,5,0,45,-2.0,0,0,0,1.2000000000000002,,,,,,,,,,,,,,,,,,,,,,,,,,,,,,,,,,,,
32454,2019,12,5,1,0,-2.2,0,0,0,1.3,,,,,,,,,,,,,,,,,,,,,,,,,,,,,,,,,,,,
32455,2019,12,5,1,15,-2.2,0,0,0,1.3,,,,,,,,,,,,,,,,,,,,,,,,,,,,,,,,,,,,
32456,2019,12,5,1,30,-2.2,0,0,0,1.3,,,,,,,,,,,,,,,,,,,,,,,,,,,,,,,,,,,,
32457,2019,12,5,1,45,-2.2,0,0,0,1.3,,,,,,,,,,,,,,,,,,,,,,,,,,,,,,,,,,,,
32458,2019,12,5,2,0,-2.3000000000000003,0,0,0,1.3,,,,,,,,,,,,,,,,,,,,,,,,,,,,,,,,,,,,
32459,2019,12,5,2,15,-2.3000000000000003,0,0,0,1.3,,,,,,,,,,,,,,,,,,,,,,,,,,,,,,,,,,,,
32460,2019,12,5,2,30,-2.3000000000000003,0,0,0,1.3,,,,,,,,,,,,,,,,,,,,,,,,,,,,,,,,,,,,
32461,2019,12,5,2,45,-2.3000000000000003,0,0,0,1.3,,,,,,,,,,,,,,,,,,,,,,,,,,,,,,,,,,,,
32462,2019,12,5,3,0,-2.4000000000000004,0,0,0,1.4,,,,,,,,,,,,,,,,,,,,,,,,,,,,,,,,,,,,
32463,2019,12,5,3,15,-2.4000000000000004,0,0,0,1.4,,,,,,,,,,,,,,,,,,,,,,,,,,,,,,,,,,,,
32464,2019,12,5,3,30,-2.4000000000000004,0,0,0,1.4,,,,,,,,,,,,,,,,,,,,,,,,,,,,,,,,,,,,
32465,2019,12,5,3,45,-2.4000000000000004,0,0,0,1.4,,,,,,,,,,,,,,,,,,,,,,,,,,,,,,,,,,,,
32466,2019,12,5,4,0,-2.4000000000000004,0,0,0,1.4,,,,,,,,,,,,,,,,,,,,,,,,,,,,,,,,,,,,
32467,2019,12,5,4,15,-2.4000000000000004,0,0,0,1.4,,,,,,,,,,,,,,,,,,,,,,,,,,,,,,,,,,,,
32468,2019,12,5,4,30,-2.4000000000000004,0,0,0,1.4,,,,,,,,,,,,,,,,,,,,,,,,,,,,,,,,,,,,
32469,2019,12,5,4,45,-2.4000000000000004,0,0,0,1.5,,,,,,,,,,,,,,,,,,,,,,,,,,,,,,,,,,,,
32470,2019,12,5,5,0,-2.4000000000000004,0,0,0,1.5,,,,,,,,,,,,,,,,,,,,,,,,,,,,,,,,,,,,
32471,2019,12,5,5,15,-2.4000000000000004,0,0,0,1.5,,,,,,,,,,,,,,,,,,,,,,,,,,,,,,,,,,,,
32472,2019,12,5,5,30,-2.4000000000000004,0,0,0,1.6,,,,,,,,,,,,,,,,,,,,,,,,,,,,,,,,,,,,
32473,2019,12,5,5,45,-2.4000000000000004,0,0,0,1.6,,,,,,,,,,,,,,,,,,,,,,,,,,,,,,,,,,,,
32474,2019,12,5,6,0,-2.4000000000000004,0,0,0,1.6,,,,,,,,,,,,,,,,,,,,,,,,,,,,,,,,,,,,
32475,2019,12,5,6,15,-2.4000000000000004,0,0,0,1.6,,,,,,,,,,,,,,,,,,,,,,,,,,,,,,,,,,,,
32476,2019,12,5,6,30,-2.4000000000000004,0,0,0,1.7000000000000002,,,,,,,,,,,,,,,,,,,,,,,,,,,,,,,,,,,,
32477,2019,12,5,6,45,-2.4000000000000004,0,0,0,1.7000000000000002,,,,,,,,,,,,,,,,,,,,,,,,,,,,,,,,,,,,
32478,2019,12,5,7,0,-2.4000000000000004,0,0,0,1.7000000000000002,,,,,,,,,,,,,,,,,,,,,,,,,,,,,,,,,,,,
32479,2019,12,5,7,15,-2.3000000000000003,0,0,0,1.8,,,,,,,,,,,,,,,,,,,,,,,,,,,,,,,,,,,,
32480,2019,12,5,7,30,-2.2,0,0,0,1.9,,,,,,,,,,,,,,,,,,,,,,,,,,,,,,,,,,,,
32481,2019,12,5,7,45,-2.2,0,0,0,1.9,,,,,,,,,,,,,,,,,,,,,,,,,,,,,,,,,,,,
32482,2019,12,5,8,0,-2.1,0,0,0,2.0,,,,,,,,,,,,,,,,,,,,,,,,,,,,,,,,,,,,
32483,2019,12,5,8,15,-1.6,1,0,1,2.2,,,,,,,,,,,,,,,,,,,,,,,,,,,,,,,,,,,,
32484,2019,12,5,8,30,-1.2000000000000002,11,0,11,2.4000000000000004,,,,,,,,,,,,,,,,,,,,,,,,,,,,,,,,,,,,
32485,2019,12,5,8,45,-0.7000000000000001,22,406,52,2.7,,,,,,,,,,,,,,,,,,,,,,,,,,,,,,,,,,,,
32486,2019,12,5,9,0,-0.2,27,480,76,2.9000000000000004,,,,,,,,,,,,,,,,,,,,,,,,,,,,,,,,,,,,
32487,2019,12,5,9,15,0.1,32,539,100,2.9000000000000004,,,,,,,,,,,,,,,,,,,,,,,,,,,,,,,,,,,,
32488,2019,12,5,9,30,0.5,35,587,123,2.9000000000000004,,,,,,,,,,,,,,,,,,,,,,,,,,,,,,,,,,,,
32489,2019,12,5,9,45,0.8,38,627,147,2.9000000000000004,,,,,,,,,,,,,,,,,,,,,,,,,,,,,,,,,,,,
32490,2019,12,5,10,0,1.2000000000000002,41,659,168,2.9000000000000004,,,,,,,,,,,,,,,,,,,,,,,,,,,,,,,,,,,,
32491,2019,12,5,10,15,1.6,43,685,188,2.9000000000000004,,,,,,,,,,,,,,,,,,,,,,,,,,,,,,,,,,,,
32492,2019,12,5,10,30,2.0,45,706,205,2.9000000000000004,,,,,,,,,,,,,,,,,,,,,,,,,,,,,,,,,,,,
32493,2019,12,5,10,45,2.4000000000000004,46,721,220,2.9000000000000004,,,,,,,,,,,,,,,,,,,,,,,,,,,,,,,,,,,,
32494,2019,12,5,11,0,2.8000000000000003,48,740,234,2.9000000000000004,,,,,,,,,,,,,,,,,,,,,,,,,,,,,,,,,,,,
32495,2019,12,5,11,15,3.1,48,750,244,3.0,,,,,,,,,,,,,,,,,,,,,,,,,,,,,,,,,,,,
32496,2019,12,5,11,30,3.5,49,757,252,3.1,,,,,,,,,,,,,,,,,,,,,,,,,,,,,,,,,,,,
32497,2019,12,5,11,45,3.9,50,760,257,3.1,,,,,,,,,,,,,,,,,,,,,,,,,,,,,,,,,,,,
32498,2019,12,5,12,0,4.3,50,762,259,3.2,,,,,,,,,,,,,,,,,,,,,,,,,,,,,,,,,,,,
32499,2019,12,5,12,15,4.4,50,762,258,3.2,,,,,,,,,,,,,,,,,,,,,,,,,,,,,,,,,,,,
32500,2019,12,5,12,30,4.5,50,764,257,3.2,,,,,,,,,,,,,,,,,,,,,,,,,,,,,,,,,,,,
32501,2019,12,5,12,45,4.6000000000000005,49,760,251,3.2,,,,,,,,,,,,,,,,,,,,,,,,,,,,,,,,,,,,
32502,2019,12,5,13,0,4.7,48,752,242,3.2,,,,,,,,,,,,,,,,,,,,,,,,,,,,,,,,,,,,
32503,2019,12,5,13,15,4.5,47,741,230,3.0,,,,,,,,,,,,,,,,,,,,,,,,,,,,,,,,,,,,
32504,2019,12,5,13,30,4.3,46,726,216,2.8000000000000003,,,,,,,,,,,,,,,,,,,,,,,,,,,,,,,,,,,,
32505,2019,12,5,13,45,4.1000000000000005,45,702,199,2.5,,,,,,,,,,,,,,,,,,,,,,,,,,,,,,,,,,,,
32506,2019,12,5,14,0,4.0,43,679,181,2.3000000000000003,,,,,,,,,,,,,,,,,,,,,,,,,,,,,,,,,,,,
32507,2019,12,5,14,15,3.3000000000000003,41,657,162,2.1,,,,,,,,,,,,,,,,,,,,,,,,,,,,,,,,,,,,
32508,2019,12,5,14,30,2.6,38,623,140,2.0,,,,,,,,,,,,,,,,,,,,,,,,,,,,,,,,,,,,
32509,2019,12,5,14,45,1.9,35,573,115,1.8,,,,,,,,,,,,,,,,,,,,,,,,,,,,,,,,,,,,
32510,2019,12,5,15,0,1.2000000000000002,31,520,91,1.7000000000000002,,,,,,,,,,,,,,,,,,,,,,,,,,,,,,,,,,,,
32511,2019,12,5,15,15,0.6000000000000001,26,453,67,1.7000000000000002,,,,,,,,,,,,,,,,,,,,,,,,,,,,,,,,,,,,
32512,2019,12,5,15,30,0.1,20,369,43,1.8,,,,,,,,,,,,,,,,,,,,,,,,,,,,,,,,,,,,
32513,2019,12,5,15,45,-0.4,14,253,23,1.9,,,,,,,,,,,,,,,,,,,,,,,,,,,,,,,,,,,,
32514,2019,12,5,16,0,-1.0,0,0,0,1.9,,,,,,,,,,,,,,,,,,,,,,,,,,,,,,,,,,,,
32515,2019,12,5,16,15,-1.0,0,0,0,2.1,,,,,,,,,,,,,,,,,,,,,,,,,,,,,,,,,,,,
32516,2019,12,5,16,30,-1.1,0,0,0,2.2,,,,,,,,,,,,,,,,,,,,,,,,,,,,,,,,,,,,
32517,2019,12,5,16,45,-1.2000000000000002,0,0,0,2.3000000000000003,,,,,,,,,,,,,,,,,,,,,,,,,,,,,,,,,,,,
32518,2019,12,5,17,0,-1.2000000000000002,0,0,0,2.4000000000000004,,,,,,,,,,,,,,,,,,,,,,,,,,,,,,,,,,,,
32519,2019,12,5,17,15,-1.3,0,0,0,2.5,,,,,,,,,,,,,,,,,,,,,,,,,,,,,,,,,,,,
32520,2019,12,5,17,30,-1.3,0,0,0,2.6,,,,,,,,,,,,,,,,,,,,,,,,,,,,,,,,,,,,
32521,2019,12,5,17,45,-1.4,0,0,0,2.7,,,,,,,,,,,,,,,,,,,,,,,,,,,,,,,,,,,,
32522,2019,12,5,18,0,-1.5,0,0,0,2.9000000000000004,,,,,,,,,,,,,,,,,,,,,,,,,,,,,,,,,,,,
32523,2019,12,5,18,15,-1.6,0,0,0,3.0,,,,,,,,,,,,,,,,,,,,,,,,,,,,,,,,,,,,
32524,2019,12,5,18,30,-1.6,0,0,0,3.1,,,,,,,,,,,,,,,,,,,,,,,,,,,,,,,,,,,,
32525,2019,12,5,18,45,-1.7000000000000002,0,0,0,3.2,,,,,,,,,,,,,,,,,,,,,,,,,,,,,,,,,,,,
32526,2019,12,5,19,0,-1.8,0,0,0,3.3000000000000003,,,,,,,,,,,,,,,,,,,,,,,,,,,,,,,,,,,,
32527,2019,12,5,19,15,-1.9,0,0,0,3.4000000000000004,,,,,,,,,,,,,,,,,,,,,,,,,,,,,,,,,,,,
32528,2019,12,5,19,30,-2.0,0,0,0,3.4000000000000004,,,,,,,,,,,,,,,,,,,,,,,,,,,,,,,,,,,,
32529,2019,12,5,19,45,-2.1,0,0,0,3.5,,,,,,,,,,,,,,,,,,,,,,,,,,,,,,,,,,,,
32530,2019,12,5,20,0,-2.1,0,0,0,3.5,,,,,,,,,,,,,,,,,,,,,,,,,,,,,,,,,,,,
32531,2019,12,5,20,15,-2.2,0,0,0,3.5,,,,,,,,,,,,,,,,,,,,,,,,,,,,,,,,,,,,
32532,2019,12,5,20,30,-2.3000000000000003,0,0,0,3.6,,,,,,,,,,,,,,,,,,,,,,,,,,,,,,,,,,,,
32533,2019,12,5,20,45,-2.3000000000000003,0,0,0,3.6,,,,,,,,,,,,,,,,,,,,,,,,,,,,,,,,,,,,
32534,2019,12,5,21,0,-2.4000000000000004,0,0,0,3.7,,,,,,,,,,,,,,,,,,,,,,,,,,,,,,,,,,,,
32535,2019,12,5,21,15,-2.4000000000000004,0,0,0,3.7,,,,,,,,,,,,,,,,,,,,,,,,,,,,,,,,,,,,
32536,2019,12,5,21,30,-2.4000000000000004,0,0,0,3.8,,,,,,,,,,,,,,,,,,,,,,,,,,,,,,,,,,,,
32537,2019,12,5,21,45,-2.4000000000000004,0,0,0,3.8,,,,,,,,,,,,,,,,,,,,,,,,,,,,,,,,,,,,
32538,2019,12,5,22,0,-2.4000000000000004,0,0,0,3.9,,,,,,,,,,,,,,,,,,,,,,,,,,,,,,,,,,,,
32539,2019,12,5,22,15,-2.4000000000000004,0,0,0,3.9,,,,,,,,,,,,,,,,,,,,,,,,,,,,,,,,,,,,
32540,2019,12,5,22,30,-2.5,0,0,0,4.0,,,,,,,,,,,,,,,,,,,,,,,,,,,,,,,,,,,,
32541,2019,12,5,22,45,-2.5,0,0,0,4.0,,,,,,,,,,,,,,,,,,,,,,,,,,,,,,,,,,,,
32542,2019,12,5,23,0,-2.5,0,0,0,4.0,,,,,,,,,,,,,,,,,,,,,,,,,,,,,,,,,,,,
32543,2019,12,5,23,15,-2.5,0,0,0,4.1000000000000005,,,,,,,,,,,,,,,,,,,,,,,,,,,,,,,,,,,,
32544,2019,12,5,23,30,-2.5,0,0,0,4.1000000000000005,,,,,,,,,,,,,,,,,,,,,,,,,,,,,,,,,,,,
32545,2019,12,5,23,45,-2.5,0,0,0,4.2,,,,,,,,,,,,,,,,,,,,,,,,,,,,,,,,,,,,
32546,2019,12,6,0,0,-2.6,0,0,0,4.2,,,,,,,,,,,,,,,,,,,,,,,,,,,,,,,,,,,,
32547,2019,12,6,0,15,-2.6,0,0,0,4.2,,,,,,,,,,,,,,,,,,,,,,,,,,,,,,,,,,,,
32548,2019,12,6,0,30,-2.6,0,0,0,4.2,,,,,,,,,,,,,,,,,,,,,,,,,,,,,,,,,,,,
32549,2019,12,6,0,45,-2.6,0,0,0,4.2,,,,,,,,,,,,,,,,,,,,,,,,,,,,,,,,,,,,
32550,2019,12,6,1,0,-2.6,0,0,0,4.4,,,,,,,,,,,,,,,,,,,,,,,,,,,,,,,,,,,,
32551,2019,12,6,1,15,-2.7,0,0,0,4.5,,,,,,,,,,,,,,,,,,,,,,,,,,,,,,,,,,,,
32552,2019,12,6,1,30,-2.7,0,0,0,4.6000000000000005,,,,,,,,,,,,,,,,,,,,,,,,,,,,,,,,,,,,
32553,2019,12,6,1,45,-2.7,0,0,0,4.7,,,,,,,,,,,,,,,,,,,,,,,,,,,,,,,,,,,,
32554,2019,12,6,2,0,-2.7,0,0,0,4.7,,,,,,,,,,,,,,,,,,,,,,,,,,,,,,,,,,,,
32555,2019,12,6,2,15,-2.7,0,0,0,4.800000000000001,,,,,,,,,,,,,,,,,,,,,,,,,,,,,,,,,,,,
32556,2019,12,6,2,30,-2.7,0,0,0,4.800000000000001,,,,,,,,,,,,,,,,,,,,,,,,,,,,,,,,,,,,
32557,2019,12,6,2,45,-2.7,0,0,0,4.9,,,,,,,,,,,,,,,,,,,,,,,,,,,,,,,,,,,,
32558,2019,12,6,3,0,-2.7,0,0,0,4.9,,,,,,,,,,,,,,,,,,,,,,,,,,,,,,,,,,,,
32559,2019,12,6,3,15,-2.7,0,0,0,5.0,,,,,,,,,,,,,,,,,,,,,,,,,,,,,,,,,,,,
32560,2019,12,6,3,30,-2.6,0,0,0,5.0,,,,,,,,,,,,,,,,,,,,,,,,,,,,,,,,,,,,
32561,2019,12,6,3,45,-2.6,0,0,0,5.0,,,,,,,,,,,,,,,,,,,,,,,,,,,,,,,,,,,,
32562,2019,12,6,4,0,-2.6,0,0,0,5.1000000000000005,,,,,,,,,,,,,,,,,,,,,,,,,,,,,,,,,,,,
32563,2019,12,6,4,15,-2.5,0,0,0,5.1000000000000005,,,,,,,,,,,,,,,,,,,,,,,,,,,,,,,,,,,,
32564,2019,12,6,4,30,-2.4000000000000004,0,0,0,5.1000000000000005,,,,,,,,,,,,,,,,,,,,,,,,,,,,,,,,,,,,
32565,2019,12,6,4,45,-2.3000000000000003,0,0,0,5.1000000000000005,,,,,,,,,,,,,,,,,,,,,,,,,,,,,,,,,,,,
32566,2019,12,6,5,0,-2.2,0,0,0,5.2,,,,,,,,,,,,,,,,,,,,,,,,,,,,,,,,,,,,
32567,2019,12,6,5,15,-2.1,0,0,0,5.2,,,,,,,,,,,,,,,,,,,,,,,,,,,,,,,,,,,,
32568,2019,12,6,5,30,-1.9,0,0,0,5.2,,,,,,,,,,,,,,,,,,,,,,,,,,,,,,,,,,,,
32569,2019,12,6,5,45,-1.8,0,0,0,5.300000000000001,,,,,,,,,,,,,,,,,,,,,,,,,,,,,,,,,,,,
32570,2019,12,6,6,0,-1.7000000000000002,0,0,0,5.300000000000001,,,,,,,,,,,,,,,,,,,,,,,,,,,,,,,,,,,,
32571,2019,12,6,6,15,-1.5,0,0,0,5.300000000000001,,,,,,,,,,,,,,,,,,,,,,,,,,,,,,,,,,,,
32572,2019,12,6,6,30,-1.4,0,0,0,5.4,,,,,,,,,,,,,,,,,,,,,,,,,,,,,,,,,,,,
32573,2019,12,6,6,45,-1.2000000000000002,0,0,0,5.4,,,,,,,,,,,,,,,,,,,,,,,,,,,,,,,,,,,,
32574,2019,12,6,7,0,-1.1,0,0,0,5.5,,,,,,,,,,,,,,,,,,,,,,,,,,,,,,,,,,,,
32575,2019,12,6,7,15,-1.0,0,0,0,5.5,,,,,,,,,,,,,,,,,,,,,,,,,,,,,,,,,,,,
32576,2019,12,6,7,30,-0.8,0,0,0,5.4,,,,,,,,,,,,,,,,,,,,,,,,,,,,,,,,,,,,
32577,2019,12,6,7,45,-0.7000000000000001,0,0,0,5.4,,,,,,,,,,,,,,,,,,,,,,,,,,,,,,,,,,,,
32578,2019,12,6,8,0,-0.6000000000000001,0,0,0,5.4,,,,,,,,,,,,,,,,,,,,,,,,,,,,,,,,,,,,
32579,2019,12,6,8,15,-0.4,0,0,0,5.4,,,,,,,,,,,,,,,,,,,,,,,,,,,,,,,,,,,,
32580,2019,12,6,8,30,-0.2,3,0,3,5.5,,,,,,,,,,,,,,,,,,,,,,,,,,,,,,,,,,,,
32581,2019,12,6,8,45,0.0,5,0,5,5.5,,,,,,,,,,,,,,,,,,,,,,,,,,,,,,,,,,,,
32582,2019,12,6,9,0,0.2,5,0,5,5.5,,,,,,,,,,,,,,,,,,,,,,,,,,,,,,,,,,,,
32583,2019,12,6,9,15,0.4,6,0,6,5.6000000000000005,,,,,,,,,,,,,,,,,,,,,,,,,,,,,,,,,,,,
32584,2019,12,6,9,30,0.6000000000000001,7,0,7,5.6000000000000005,,,,,,,,,,,,,,,,,,,,,,,,,,,,,,,,,,,,
32585,2019,12,6,9,45,0.8,59,0,59,5.6000000000000005,,,,,,,,,,,,,,,,,,,,,,,,,,,,,,,,,,,,
32586,2019,12,6,10,0,1.1,8,0,8,5.7,,,,,,,,,,,,,,,,,,,,,,,,,,,,,,,,,,,,
32587,2019,12,6,10,15,1.2000000000000002,8,0,8,5.7,,,,,,,,,,,,,,,,,,,,,,,,,,,,,,,,,,,,
32588,2019,12,6,10,30,1.4,9,0,9,5.7,,,,,,,,,,,,,,,,,,,,,,,,,,,,,,,,,,,,
32589,2019,12,6,10,45,1.5,9,0,9,5.800000000000001,,,,,,,,,,,,,,,,,,,,,,,,,,,,,,,,,,,,
32590,2019,12,6,11,0,1.7000000000000002,10,0,10,5.800000000000001,,,,,,,,,,,,,,,,,,,,,,,,,,,,,,,,,,,,
32591,2019,12,6,11,15,1.8,10,0,10,5.800000000000001,,,,,,,,,,,,,,,,,,,,,,,,,,,,,,,,,,,,
32592,2019,12,6,11,30,1.9,11,0,11,5.800000000000001,,,,,,,,,,,,,,,,,,,,,,,,,,,,,,,,,,,,
32593,2019,12,6,11,45,2.0,10,0,10,5.800000000000001,,,,,,,,,,,,,,,,,,,,,,,,,,,,,,,,,,,,
32594,2019,12,6,12,0,2.1,11,0,11,5.800000000000001,,,,,,,,,,,,,,,,,,,,,,,,,,,,,,,,,,,,
32595,2019,12,6,12,15,2.2,11,0,11,5.800000000000001,,,,,,,,,,,,,,,,,,,,,,,,,,,,,,,,,,,,
32596,2019,12,6,12,30,2.3000000000000003,10,0,10,5.800000000000001,,,,,,,,,,,,,,,,,,,,,,,,,,,,,,,,,,,,
32597,2019,12,6,12,45,2.3000000000000003,10,0,10,5.800000000000001,,,,,,,,,,,,,,,,,,,,,,,,,,,,,,,,,,,,
32598,2019,12,6,13,0,2.4000000000000004,10,0,10,5.800000000000001,,,,,,,,,,,,,,,,,,,,,,,,,,,,,,,,,,,,
32599,2019,12,6,13,15,2.4000000000000004,9,0,9,5.7,,,,,,,,,,,,,,,,,,,,,,,,,,,,,,,,,,,,
32600,2019,12,6,13,30,2.4000000000000004,9,0,9,5.7,,,,,,,,,,,,,,,,,,,,,,,,,,,,,,,,,,,,
32601,2019,12,6,13,45,2.4000000000000004,9,0,9,5.7,,,,,,,,,,,,,,,,,,,,,,,,,,,,,,,,,,,,
32602,2019,12,6,14,0,2.4000000000000004,8,0,8,5.7,,,,,,,,,,,,,,,,,,,,,,,,,,,,,,,,,,,,
32603,2019,12,6,14,15,2.4000000000000004,7,0,7,5.7,,,,,,,,,,,,,,,,,,,,,,,,,,,,,,,,,,,,
32604,2019,12,6,14,30,2.3000000000000003,7,0,7,5.7,,,,,,,,,,,,,,,,,,,,,,,,,,,,,,,,,,,,
32605,2019,12,6,14,45,2.3000000000000003,6,0,6,5.800000000000001,,,,,,,,,,,,,,,,,,,,,,,,,,,,,,,,,,,,
32606,2019,12,6,15,0,2.2,6,0,6,5.800000000000001,,,,,,,,,,,,,,,,,,,,,,,,,,,,,,,,,,,,
32607,2019,12,6,15,15,2.2,5,0,5,5.800000000000001,,,,,,,,,,,,,,,,,,,,,,,,,,,,,,,,,,,,
32608,2019,12,6,15,30,2.2,4,0,4,5.800000000000001,,,,,,,,,,,,,,,,,,,,,,,,,,,,,,,,,,,,
32609,2019,12,6,15,45,2.1,3,0,3,5.800000000000001,,,,,,,,,,,,,,,,,,,,,,,,,,,,,,,,,,,,
32610,2019,12,6,16,0,2.1,0,0,0,5.9,,,,,,,,,,,,,,,,,,,,,,,,,,,,,,,,,,,,
32611,2019,12,6,16,15,2.1,0,0,0,5.9,,,,,,,,,,,,,,,,,,,,,,,,,,,,,,,,,,,,
32612,2019,12,6,16,30,2.1,0,0,0,5.9,,,,,,,,,,,,,,,,,,,,,,,,,,,,,,,,,,,,
32613,2019,12,6,16,45,2.1,0,0,0,6.0,,,,,,,,,,,,,,,,,,,,,,,,,,,,,,,,,,,,
32614,2019,12,6,17,0,2.2,0,0,0,6.0,,,,,,,,,,,,,,,,,,,,,,,,,,,,,,,,,,,,
32615,2019,12,6,17,15,2.2,0,0,0,6.0,,,,,,,,,,,,,,,,,,,,,,,,,,,,,,,,,,,,
32616,2019,12,6,17,30,2.2,0,0,0,6.1000000000000005,,,,,,,,,,,,,,,,,,,,,,,,,,,,,,,,,,,,
32617,2019,12,6,17,45,2.3000000000000003,0,0,0,6.1000000000000005,,,,,,,,,,,,,,,,,,,,,,,,,,,,,,,,,,,,
32618,2019,12,6,18,0,2.3000000000000003,0,0,0,6.2,,,,,,,,,,,,,,,,,,,,,,,,,,,,,,,,,,,,
32619,2019,12,6,18,15,2.4000000000000004,0,0,0,6.2,,,,,,,,,,,,,,,,,,,,,,,,,,,,,,,,,,,,
32620,2019,12,6,18,30,2.4000000000000004,0,0,0,6.2,,,,,,,,,,,,,,,,,,,,,,,,,,,,,,,,,,,,
32621,2019,12,6,18,45,2.5,0,0,0,6.300000000000001,,,,,,,,,,,,,,,,,,,,,,,,,,,,,,,,,,,,
32622,2019,12,6,19,0,2.5,0,0,0,6.300000000000001,,,,,,,,,,,,,,,,,,,,,,,,,,,,,,,,,,,,
32623,2019,12,6,19,15,2.6,0,0,0,6.300000000000001,,,,,,,,,,,,,,,,,,,,,,,,,,,,,,,,,,,,
32624,2019,12,6,19,30,2.7,0,0,0,6.300000000000001,,,,,,,,,,,,,,,,,,,,,,,,,,,,,,,,,,,,
32625,2019,12,6,19,45,2.7,0,0,0,6.300000000000001,,,,,,,,,,,,,,,,,,,,,,,,,,,,,,,,,,,,
32626,2019,12,6,20,0,2.8000000000000003,0,0,0,6.300000000000001,,,,,,,,,,,,,,,,,,,,,,,,,,,,,,,,,,,,
32627,2019,12,6,20,15,2.9000000000000004,0,0,0,6.4,,,,,,,,,,,,,,,,,,,,,,,,,,,,,,,,,,,,
32628,2019,12,6,20,30,3.0,0,0,0,6.4,,,,,,,,,,,,,,,,,,,,,,,,,,,,,,,,,,,,
32629,2019,12,6,20,45,3.2,0,0,0,6.4,,,,,,,,,,,,,,,,,,,,,,,,,,,,,,,,,,,,
32630,2019,12,6,21,0,3.3000000000000003,0,0,0,6.5,,,,,,,,,,,,,,,,,,,,,,,,,,,,,,,,,,,,
32631,2019,12,6,21,15,3.3000000000000003,0,0,0,6.4,,,,,,,,,,,,,,,,,,,,,,,,,,,,,,,,,,,,
32632,2019,12,6,21,30,3.4000000000000004,0,0,0,6.4,,,,,,,,,,,,,,,,,,,,,,,,,,,,,,,,,,,,
32633,2019,12,6,21,45,3.5,0,0,0,6.4,,,,,,,,,,,,,,,,,,,,,,,,,,,,,,,,,,,,
32634,2019,12,6,22,0,3.6,0,0,0,6.300000000000001,,,,,,,,,,,,,,,,,,,,,,,,,,,,,,,,,,,,
32635,2019,12,6,22,15,3.6,0,0,0,6.300000000000001,,,,,,,,,,,,,,,,,,,,,,,,,,,,,,,,,,,,
32636,2019,12,6,22,30,3.6,0,0,0,6.2,,,,,,,,,,,,,,,,,,,,,,,,,,,,,,,,,,,,
32637,2019,12,6,22,45,3.6,0,0,0,6.2,,,,,,,,,,,,,,,,,,,,,,,,,,,,,,,,,,,,
32638,2019,12,6,23,0,3.7,0,0,0,6.1000000000000005,,,,,,,,,,,,,,,,,,,,,,,,,,,,,,,,,,,,
32639,2019,12,6,23,15,3.7,0,0,0,6.1000000000000005,,,,,,,,,,,,,,,,,,,,,,,,,,,,,,,,,,,,
32640,2019,12,6,23,30,3.7,0,0,0,6.1000000000000005,,,,,,,,,,,,,,,,,,,,,,,,,,,,,,,,,,,,
32641,2019,12,6,23,45,3.8,0,0,0,6.1000000000000005,,,,,,,,,,,,,,,,,,,,,,,,,,,,,,,,,,,,
32642,2019,12,7,0,0,3.8,0,0,0,6.1000000000000005,,,,,,,,,,,,,,,,,,,,,,,,,,,,,,,,,,,,
32643,2019,12,7,0,15,3.8,0,0,0,6.1000000000000005,,,,,,,,,,,,,,,,,,,,,,,,,,,,,,,,,,,,
32644,2019,12,7,0,30,3.8,0,0,0,6.1000000000000005,,,,,,,,,,,,,,,,,,,,,,,,,,,,,,,,,,,,
32645,2019,12,7,0,45,3.8,0,0,0,6.1000000000000005,,,,,,,,,,,,,,,,,,,,,,,,,,,,,,,,,,,,
32646,2019,12,7,1,0,3.9,0,0,0,6.1000000000000005,,,,,,,,,,,,,,,,,,,,,,,,,,,,,,,,,,,,
32647,2019,12,7,1,15,4.0,0,0,0,6.1000000000000005,,,,,,,,,,,,,,,,,,,,,,,,,,,,,,,,,,,,
32648,2019,12,7,1,30,4.0,0,0,0,6.1000000000000005,,,,,,,,,,,,,,,,,,,,,,,,,,,,,,,,,,,,
32649,2019,12,7,1,45,4.1000000000000005,0,0,0,6.2,,,,,,,,,,,,,,,,,,,,,,,,,,,,,,,,,,,,
32650,2019,12,7,2,0,4.1000000000000005,0,0,0,6.2,,,,,,,,,,,,,,,,,,,,,,,,,,,,,,,,,,,,
32651,2019,12,7,2,15,4.2,0,0,0,6.2,,,,,,,,,,,,,,,,,,,,,,,,,,,,,,,,,,,,
32652,2019,12,7,2,30,4.2,0,0,0,6.2,,,,,,,,,,,,,,,,,,,,,,,,,,,,,,,,,,,,
32653,2019,12,7,2,45,4.3,0,0,0,6.300000000000001,,,,,,,,,,,,,,,,,,,,,,,,,,,,,,,,,,,,
32654,2019,12,7,3,0,4.4,0,0,0,6.300000000000001,,,,,,,,,,,,,,,,,,,,,,,,,,,,,,,,,,,,
32655,2019,12,7,3,15,4.4,0,0,0,6.4,,,,,,,,,,,,,,,,,,,,,,,,,,,,,,,,,,,,
32656,2019,12,7,3,30,4.4,0,0,0,6.4,,,,,,,,,,,,,,,,,,,,,,,,,,,,,,,,,,,,
32657,2019,12,7,3,45,4.5,0,0,0,6.5,,,,,,,,,,,,,,,,,,,,,,,,,,,,,,,,,,,,
32658,2019,12,7,4,0,4.5,0,0,0,6.6000000000000005,,,,,,,,,,,,,,,,,,,,,,,,,,,,,,,,,,,,
32659,2019,12,7,4,15,4.6000000000000005,0,0,0,6.6000000000000005,,,,,,,,,,,,,,,,,,,,,,,,,,,,,,,,,,,,
32660,2019,12,7,4,30,4.7,0,0,0,6.6000000000000005,,,,,,,,,,,,,,,,,,,,,,,,,,,,,,,,,,,,
32661,2019,12,7,4,45,4.7,0,0,0,6.7,,,,,,,,,,,,,,,,,,,,,,,,,,,,,,,,,,,,
32662,2019,12,7,5,0,4.800000000000001,0,0,0,6.7,,,,,,,,,,,,,,,,,,,,,,,,,,,,,,,,,,,,
32663,2019,12,7,5,15,5.0,0,0,0,6.7,,,,,,,,,,,,,,,,,,,,,,,,,,,,,,,,,,,,
32664,2019,12,7,5,30,5.2,0,0,0,6.7,,,,,,,,,,,,,,,,,,,,,,,,,,,,,,,,,,,,
32665,2019,12,7,5,45,5.300000000000001,0,0,0,6.6000000000000005,,,,,,,,,,,,,,,,,,,,,,,,,,,,,,,,,,,,
32666,2019,12,7,6,0,5.5,0,0,0,6.6000000000000005,,,,,,,,,,,,,,,,,,,,,,,,,,,,,,,,,,,,
32667,2019,12,7,6,15,5.6000000000000005,0,0,0,6.5,,,,,,,,,,,,,,,,,,,,,,,,,,,,,,,,,,,,
32668,2019,12,7,6,30,5.7,0,0,0,6.5,,,,,,,,,,,,,,,,,,,,,,,,,,,,,,,,,,,,
32669,2019,12,7,6,45,5.9,0,0,0,6.4,,,,,,,,,,,,,,,,,,,,,,,,,,,,,,,,,,,,
32670,2019,12,7,7,0,6.0,0,0,0,6.4,,,,,,,,,,,,,,,,,,,,,,,,,,,,,,,,,,,,
32671,2019,12,7,7,15,6.1000000000000005,0,0,0,6.4,,,,,,,,,,,,,,,,,,,,,,,,,,,,,,,,,,,,
32672,2019,12,7,7,30,6.1000000000000005,0,0,0,6.4,,,,,,,,,,,,,,,,,,,,,,,,,,,,,,,,,,,,
32673,2019,12,7,7,45,6.2,0,0,0,6.4,,,,,,,,,,,,,,,,,,,,,,,,,,,,,,,,,,,,
32674,2019,12,7,8,0,6.300000000000001,0,0,0,6.4,,,,,,,,,,,,,,,,,,,,,,,,,,,,,,,,,,,,
32675,2019,12,7,8,15,6.5,0,0,0,6.300000000000001,,,,,,,,,,,,,,,,,,,,,,,,,,,,,,,,,,,,
32676,2019,12,7,8,30,6.6000000000000005,2,0,2,6.300000000000001,,,,,,,,,,,,,,,,,,,,,,,,,,,,,,,,,,,,
32677,2019,12,7,8,45,6.7,4,0,4,6.300000000000001,,,,,,,,,,,,,,,,,,,,,,,,,,,,,,,,,,,,
32678,2019,12,7,9,0,6.800000000000001,5,0,5,6.300000000000001,,,,,,,,,,,,,,,,,,,,,,,,,,,,,,,,,,,,
32679,2019,12,7,9,15,6.9,6,0,6,6.300000000000001,,,,,,,,,,,,,,,,,,,,,,,,,,,,,,,,,,,,
32680,2019,12,7,9,30,7.1000000000000005,7,0,7,6.300000000000001,,,,,,,,,,,,,,,,,,,,,,,,,,,,,,,,,,,,
32681,2019,12,7,9,45,7.2,6,0,6,6.300000000000001,,,,,,,,,,,,,,,,,,,,,,,,,,,,,,,,,,,,
32682,2019,12,7,10,0,7.300000000000001,7,0,7,6.300000000000001,,,,,,,,,,,,,,,,,,,,,,,,,,,,,,,,,,,,
32683,2019,12,7,10,15,7.4,7,0,7,6.2,,,,,,,,,,,,,,,,,,,,,,,,,,,,,,,,,,,,
32684,2019,12,7,10,30,7.5,8,0,8,6.2,,,,,,,,,,,,,,,,,,,,,,,,,,,,,,,,,,,,
32685,2019,12,7,10,45,7.5,8,0,8,6.1000000000000005,,,,,,,,,,,,,,,,,,,,,,,,,,,,,,,,,,,,
32686,2019,12,7,11,0,7.6,9,0,9,6.1000000000000005,,,,,,,,,,,,,,,,,,,,,,,,,,,,,,,,,,,,
32687,2019,12,7,11,15,7.7,9,0,9,6.0,,,,,,,,,,,,,,,,,,,,,,,,,,,,,,,,,,,,
32688,2019,12,7,11,30,7.800000000000001,9,0,9,6.0,,,,,,,,,,,,,,,,,,,,,,,,,,,,,,,,,,,,
32689,2019,12,7,11,45,7.800000000000001,9,0,9,6.0,,,,,,,,,,,,,,,,,,,,,,,,,,,,,,,,,,,,
32690,2019,12,7,12,0,7.9,10,0,10,5.9,,,,,,,,,,,,,,,,,,,,,,,,,,,,,,,,,,,,
32691,2019,12,7,12,15,8.0,10,0,10,5.9,,,,,,,,,,,,,,,,,,,,,,,,,,,,,,,,,,,,
32692,2019,12,7,12,30,8.1,9,0,9,5.9,,,,,,,,,,,,,,,,,,,,,,,,,,,,,,,,,,,,
32693,2019,12,7,12,45,8.200000000000001,9,0,9,5.9,,,,,,,,,,,,,,,,,,,,,,,,,,,,,,,,,,,,
32694,2019,12,7,13,0,8.3,15,0,15,5.800000000000001,,,,,,,,,,,,,,,,,,,,,,,,,,,,,,,,,,,,
32695,2019,12,7,13,15,8.3,14,0,14,5.800000000000001,,,,,,,,,,,,,,,,,,,,,,,,,,,,,,,,,,,,
32696,2019,12,7,13,30,8.200000000000001,13,0,13,5.7,,,,,,,,,,,,,,,,,,,,,,,,,,,,,,,,,,,,
32697,2019,12,7,13,45,8.200000000000001,12,0,12,5.6000000000000005,,,,,,,,,,,,,,,,,,,,,,,,,,,,,,,,,,,,
32698,2019,12,7,14,0,8.200000000000001,11,0,11,5.6000000000000005,,,,,,,,,,,,,,,,,,,,,,,,,,,,,,,,,,,,
32699,2019,12,7,14,15,8.0,10,0,10,5.4,,,,,,,,,,,,,,,,,,,,,,,,,,,,,,,,,,,,
32700,2019,12,7,14,30,7.800000000000001,8,0,8,5.300000000000001,,,,,,,,,,,,,,,,,,,,,,,,,,,,,,,,,,,,
32701,2019,12,7,14,45,7.6,6,0,6,5.1000000000000005,,,,,,,,,,,,,,,,,,,,,,,,,,,,,,,,,,,,
32702,2019,12,7,15,0,7.4,5,0,5,5.0,,,,,,,,,,,,,,,,,,,,,,,,,,,,,,,,,,,,
32703,2019,12,7,15,15,7.2,5,0,5,4.9,,,,,,,,,,,,,,,,,,,,,,,,,,,,,,,,,,,,
32704,2019,12,7,15,30,7.0,4,0,4,4.800000000000001,,,,,,,,,,,,,,,,,,,,,,,,,,,,,,,,,,,,
32705,2019,12,7,15,45,6.800000000000001,2,0,2,4.7,,,,,,,,,,,,,,,,,,,,,,,,,,,,,,,,,,,,
32706,2019,12,7,16,0,6.6000000000000005,0,0,0,4.6000000000000005,,,,,,,,,,,,,,,,,,,,,,,,,,,,,,,,,,,,
32707,2019,12,7,16,15,6.5,0,0,0,4.6000000000000005,,,,,,,,,,,,,,,,,,,,,,,,,,,,,,,,,,,,
32708,2019,12,7,16,30,6.5,0,0,0,4.5,,,,,,,,,,,,,,,,,,,,,,,,,,,,,,,,,,,,
32709,2019,12,7,16,45,6.5,0,0,0,4.5,,,,,,,,,,,,,,,,,,,,,,,,,,,,,,,,,,,,
32710,2019,12,7,17,0,6.4,0,0,0,4.5,,,,,,,,,,,,,,,,,,,,,,,,,,,,,,,,,,,,
32711,2019,12,7,17,15,6.4,0,0,0,4.5,,,,,,,,,,,,,,,,,,,,,,,,,,,,,,,,,,,,
32712,2019,12,7,17,30,6.4,0,0,0,4.5,,,,,,,,,,,,,,,,,,,,,,,,,,,,,,,,,,,,
32713,2019,12,7,17,45,6.4,0,0,0,4.5,,,,,,,,,,,,,,,,,,,,,,,,,,,,,,,,,,,,
32714,2019,12,7,18,0,6.4,0,0,0,4.4,,,,,,,,,,,,,,,,,,,,,,,,,,,,,,,,,,,,
32715,2019,12,7,18,15,6.300000000000001,0,0,0,4.4,,,,,,,,,,,,,,,,,,,,,,,,,,,,,,,,,,,,
32716,2019,12,7,18,30,6.2,0,0,0,4.3,,,,,,,,,,,,,,,,,,,,,,,,,,,,,,,,,,,,
32717,2019,12,7,18,45,6.2,0,0,0,4.2,,,,,,,,,,,,,,,,,,,,,,,,,,,,,,,,,,,,
32718,2019,12,7,19,0,6.1000000000000005,0,0,0,4.1000000000000005,,,,,,,,,,,,,,,,,,,,,,,,,,,,,,,,,,,,
32719,2019,12,7,19,15,6.0,0,0,0,4.1000000000000005,,,,,,,,,,,,,,,,,,,,,,,,,,,,,,,,,,,,
32720,2019,12,7,19,30,6.0,0,0,0,4.1000000000000005,,,,,,,,,,,,,,,,,,,,,,,,,,,,,,,,,,,,
32721,2019,12,7,19,45,5.9,0,0,0,4.1000000000000005,,,,,,,,,,,,,,,,,,,,,,,,,,,,,,,,,,,,
32722,2019,12,7,20,0,5.800000000000001,0,0,0,4.1000000000000005,,,,,,,,,,,,,,,,,,,,,,,,,,,,,,,,,,,,
32723,2019,12,7,20,15,5.7,0,0,0,4.1000000000000005,,,,,,,,,,,,,,,,,,,,,,,,,,,,,,,,,,,,
32724,2019,12,7,20,30,5.6000000000000005,0,0,0,4.1000000000000005,,,,,,,,,,,,,,,,,,,,,,,,,,,,,,,,,,,,
32725,2019,12,7,20,45,5.5,0,0,0,4.1000000000000005,,,,,,,,,,,,,,,,,,,,,,,,,,,,,,,,,,,,
32726,2019,12,7,21,0,5.5,0,0,0,4.1000000000000005,,,,,,,,,,,,,,,,,,,,,,,,,,,,,,,,,,,,
32727,2019,12,7,21,15,5.4,0,0,0,4.1000000000000005,,,,,,,,,,,,,,,,,,,,,,,,,,,,,,,,,,,,
32728,2019,12,7,21,30,5.4,0,0,0,4.1000000000000005,,,,,,,,,,,,,,,,,,,,,,,,,,,,,,,,,,,,
32729,2019,12,7,21,45,5.4,0,0,0,4.1000000000000005,,,,,,,,,,,,,,,,,,,,,,,,,,,,,,,,,,,,
32730,2019,12,7,22,0,5.4,0,0,0,4.2,,,,,,,,,,,,,,,,,,,,,,,,,,,,,,,,,,,,
32731,2019,12,7,22,15,5.4,0,0,0,4.2,,,,,,,,,,,,,,,,,,,,,,,,,,,,,,,,,,,,
32732,2019,12,7,22,30,5.4,0,0,0,4.2,,,,,,,,,,,,,,,,,,,,,,,,,,,,,,,,,,,,
32733,2019,12,7,22,45,5.5,0,0,0,4.2,,,,,,,,,,,,,,,,,,,,,,,,,,,,,,,,,,,,
32734,2019,12,7,23,0,5.5,0,0,0,4.3,,,,,,,,,,,,,,,,,,,,,,,,,,,,,,,,,,,,
32735,2019,12,7,23,15,5.5,0,0,0,4.3,,,,,,,,,,,,,,,,,,,,,,,,,,,,,,,,,,,,
32736,2019,12,7,23,30,5.6000000000000005,0,0,0,4.3,,,,,,,,,,,,,,,,,,,,,,,,,,,,,,,,,,,,
32737,2019,12,7,23,45,5.6000000000000005,0,0,0,4.3,,,,,,,,,,,,,,,,,,,,,,,,,,,,,,,,,,,,
32738,2019,12,8,0,0,5.7,0,0,0,4.3,,,,,,,,,,,,,,,,,,,,,,,,,,,,,,,,,,,,
32739,2019,12,8,0,15,5.7,0,0,0,4.3,,,,,,,,,,,,,,,,,,,,,,,,,,,,,,,,,,,,
32740,2019,12,8,0,30,5.7,0,0,0,4.3,,,,,,,,,,,,,,,,,,,,,,,,,,,,,,,,,,,,
32741,2019,12,8,0,45,5.7,0,0,0,4.3,,,,,,,,,,,,,,,,,,,,,,,,,,,,,,,,,,,,
32742,2019,12,8,1,0,5.800000000000001,0,0,0,4.5,,,,,,,,,,,,,,,,,,,,,,,,,,,,,,,,,,,,
32743,2019,12,8,1,15,5.6000000000000005,0,0,0,4.5,,,,,,,,,,,,,,,,,,,,,,,,,,,,,,,,,,,,
32744,2019,12,8,1,30,5.5,0,0,0,4.5,,,,,,,,,,,,,,,,,,,,,,,,,,,,,,,,,,,,
32745,2019,12,8,1,45,5.4,0,0,0,4.4,,,,,,,,,,,,,,,,,,,,,,,,,,,,,,,,,,,,
32746,2019,12,8,2,0,5.300000000000001,0,0,0,4.4,,,,,,,,,,,,,,,,,,,,,,,,,,,,,,,,,,,,
32747,2019,12,8,2,15,5.1000000000000005,0,0,0,4.4,,,,,,,,,,,,,,,,,,,,,,,,,,,,,,,,,,,,
32748,2019,12,8,2,30,5.0,0,0,0,4.4,,,,,,,,,,,,,,,,,,,,,,,,,,,,,,,,,,,,
32749,2019,12,8,2,45,4.9,0,0,0,4.4,,,,,,,,,,,,,,,,,,,,,,,,,,,,,,,,,,,,
32750,2019,12,8,3,0,4.7,0,0,0,4.4,,,,,,,,,,,,,,,,,,,,,,,,,,,,,,,,,,,,
32751,2019,12,8,3,15,4.7,0,0,0,4.4,,,,,,,,,,,,,,,,,,,,,,,,,,,,,,,,,,,,
32752,2019,12,8,3,30,4.7,0,0,0,4.5,,,,,,,,,,,,,,,,,,,,,,,,,,,,,,,,,,,,
32753,2019,12,8,3,45,4.6000000000000005,0,0,0,4.5,,,,,,,,,,,,,,,,,,,,,,,,,,,,,,,,,,,,
32754,2019,12,8,4,0,4.6000000000000005,0,0,0,4.5,,,,,,,,,,,,,,,,,,,,,,,,,,,,,,,,,,,,
32755,2019,12,8,4,15,4.7,0,0,0,4.6000000000000005,,,,,,,,,,,,,,,,,,,,,,,,,,,,,,,,,,,,
32756,2019,12,8,4,30,4.800000000000001,0,0,0,4.7,,,,,,,,,,,,,,,,,,,,,,,,,,,,,,,,,,,,
32757,2019,12,8,4,45,4.9,0,0,0,4.800000000000001,,,,,,,,,,,,,,,,,,,,,,,,,,,,,,,,,,,,
32758,2019,12,8,5,0,4.9,0,0,0,4.9,,,,,,,,,,,,,,,,,,,,,,,,,,,,,,,,,,,,
32759,2019,12,8,5,15,5.0,0,0,0,5.0,,,,,,,,,,,,,,,,,,,,,,,,,,,,,,,,,,,,
32760,2019,12,8,5,30,5.0,0,0,0,5.1000000000000005,,,,,,,,,,,,,,,,,,,,,,,,,,,,,,,,,,,,
32761,2019,12,8,5,45,5.1000000000000005,0,0,0,5.1000000000000005,,,,,,,,,,,,,,,,,,,,,,,,,,,,,,,,,,,,
32762,2019,12,8,6,0,5.1000000000000005,0,0,0,5.2,,,,,,,,,,,,,,,,,,,,,,,,,,,,,,,,,,,,
32763,2019,12,8,6,15,5.1000000000000005,0,0,0,5.300000000000001,,,,,,,,,,,,,,,,,,,,,,,,,,,,,,,,,,,,
32764,2019,12,8,6,30,5.1000000000000005,0,0,0,5.4,,,,,,,,,,,,,,,,,,,,,,,,,,,,,,,,,,,,
32765,2019,12,8,6,45,5.1000000000000005,0,0,0,5.5,,,,,,,,,,,,,,,,,,,,,,,,,,,,,,,,,,,,
32766,2019,12,8,7,0,5.2,0,0,0,5.6000000000000005,,,,,,,,,,,,,,,,,,,,,,,,,,,,,,,,,,,,
32767,2019,12,8,7,15,5.2,0,0,0,5.7,,,,,,,,,,,,,,,,,,,,,,,,,,,,,,,,,,,,
32768,2019,12,8,7,30,5.2,0,0,0,5.800000000000001,,,,,,,,,,,,,,,,,,,,,,,,,,,,,,,,,,,,
32769,2019,12,8,7,45,5.2,0,0,0,5.9,,,,,,,,,,,,,,,,,,,,,,,,,,,,,,,,,,,,
32770,2019,12,8,8,0,5.2,0,0,0,6.0,,,,,,,,,,,,,,,,,,,,,,,,,,,,,,,,,,,,
32771,2019,12,8,8,15,5.4,0,0,0,6.1000000000000005,,,,,,,,,,,,,,,,,,,,,,,,,,,,,,,,,,,,
32772,2019,12,8,8,30,5.6000000000000005,3,0,3,6.2,,,,,,,,,,,,,,,,,,,,,,,,,,,,,,,,,,,,
32773,2019,12,8,8,45,5.800000000000001,5,0,5,6.300000000000001,,,,,,,,,,,,,,,,,,,,,,,,,,,,,,,,,,,,
32774,2019,12,8,9,0,6.0,5,0,5,6.4,,,,,,,,,,,,,,,,,,,,,,,,,,,,,,,,,,,,
32775,2019,12,8,9,15,6.300000000000001,6,0,6,6.5,,,,,,,,,,,,,,,,,,,,,,,,,,,,,,,,,,,,
32776,2019,12,8,9,30,6.5,7,0,7,6.5,,,,,,,,,,,,,,,,,,,,,,,,,,,,,,,,,,,,
32777,2019,12,8,9,45,6.800000000000001,7,0,7,6.6000000000000005,,,,,,,,,,,,,,,,,,,,,,,,,,,,,,,,,,,,
32778,2019,12,8,10,0,7.0,8,0,8,6.6000000000000005,,,,,,,,,,,,,,,,,,,,,,,,,,,,,,,,,,,,
32779,2019,12,8,10,15,7.2,9,0,9,6.7,,,,,,,,,,,,,,,,,,,,,,,,,,,,,,,,,,,,
32780,2019,12,8,10,30,7.300000000000001,9,0,9,6.7,,,,,,,,,,,,,,,,,,,,,,,,,,,,,,,,,,,,
32781,2019,12,8,10,45,7.5,10,0,10,6.800000000000001,,,,,,,,,,,,,,,,,,,,,,,,,,,,,,,,,,,,
32782,2019,12,8,11,0,7.7,10,0,10,6.800000000000001,,,,,,,,,,,,,,,,,,,,,,,,,,,,,,,,,,,,
32783,2019,12,8,11,15,7.800000000000001,10,0,10,6.800000000000001,,,,,,,,,,,,,,,,,,,,,,,,,,,,,,,,,,,,
32784,2019,12,8,11,30,7.9,11,0,11,6.9,,,,,,,,,,,,,,,,,,,,,,,,,,,,,,,,,,,,
32785,2019,12,8,11,45,7.9,11,0,11,6.9,,,,,,,,,,,,,,,,,,,,,,,,,,,,,,,,,,,,
32786,2019,12,8,12,0,8.0,11,0,11,6.9,,,,,,,,,,,,,,,,,,,,,,,,,,,,,,,,,,,,
32787,2019,12,8,12,15,8.1,11,0,11,6.9,,,,,,,,,,,,,,,,,,,,,,,,,,,,,,,,,,,,
32788,2019,12,8,12,30,8.200000000000001,11,0,11,6.9,,,,,,,,,,,,,,,,,,,,,,,,,,,,,,,,,,,,
32789,2019,12,8,12,45,8.200000000000001,11,0,11,6.9,,,,,,,,,,,,,,,,,,,,,,,,,,,,,,,,,,,,
32790,2019,12,8,13,0,8.3,10,0,10,6.800000000000001,,,,,,,,,,,,,,,,,,,,,,,,,,,,,,,,,,,,
32791,2019,12,8,13,15,8.3,10,0,10,6.9,,,,,,,,,,,,,,,,,,,,,,,,,,,,,,,,,,,,
32792,2019,12,8,13,30,8.4,10,0,10,6.9,,,,,,,,,,,,,,,,,,,,,,,,,,,,,,,,,,,,
32793,2019,12,8,13,45,8.5,9,0,9,7.0,,,,,,,,,,,,,,,,,,,,,,,,,,,,,,,,,,,,
32794,2019,12,8,14,0,8.6,8,0,8,7.0,,,,,,,,,,,,,,,,,,,,,,,,,,,,,,,,,,,,
32795,2019,12,8,14,15,8.6,8,0,8,6.9,,,,,,,,,,,,,,,,,,,,,,,,,,,,,,,,,,,,
32796,2019,12,8,14,30,8.6,7,0,7,6.800000000000001,,,,,,,,,,,,,,,,,,,,,,,,,,,,,,,,,,,,
32797,2019,12,8,14,45,8.700000000000001,7,0,7,6.6000000000000005,,,,,,,,,,,,,,,,,,,,,,,,,,,,,,,,,,,,
32798,2019,12,8,15,0,8.700000000000001,6,0,6,6.5,,,,,,,,,,,,,,,,,,,,,,,,,,,,,,,,,,,,
32799,2019,12,8,15,15,8.700000000000001,5,0,5,6.4,,,,,,,,,,,,,,,,,,,,,,,,,,,,,,,,,,,,
32800,2019,12,8,15,30,8.700000000000001,4,0,4,6.300000000000001,,,,,,,,,,,,,,,,,,,,,,,,,,,,,,,,,,,,
32801,2019,12,8,15,45,8.8,3,0,3,6.2,,,,,,,,,,,,,,,,,,,,,,,,,,,,,,,,,,,,
32802,2019,12,8,16,0,8.8,0,0,0,6.0,,,,,,,,,,,,,,,,,,,,,,,,,,,,,,,,,,,,
32803,2019,12,8,16,15,8.8,0,0,0,5.9,,,,,,,,,,,,,,,,,,,,,,,,,,,,,,,,,,,,
32804,2019,12,8,16,30,8.8,0,0,0,5.800000000000001,,,,,,,,,,,,,,,,,,,,,,,,,,,,,,,,,,,,
32805,2019,12,8,16,45,8.8,0,0,0,5.6000000000000005,,,,,,,,,,,,,,,,,,,,,,,,,,,,,,,,,,,,
32806,2019,12,8,17,0,8.8,0,0,0,5.5,,,,,,,,,,,,,,,,,,,,,,,,,,,,,,,,,,,,
32807,2019,12,8,17,15,8.700000000000001,0,0,0,5.300000000000001,,,,,,,,,,,,,,,,,,,,,,,,,,,,,,,,,,,,
32808,2019,12,8,17,30,8.6,0,0,0,5.1000000000000005,,,,,,,,,,,,,,,,,,,,,,,,,,,,,,,,,,,,
32809,2019,12,8,17,45,8.5,0,0,0,5.0,,,,,,,,,,,,,,,,,,,,,,,,,,,,,,,,,,,,
32810,2019,12,8,18,0,8.5,0,0,0,4.800000000000001,,,,,,,,,,,,,,,,,,,,,,,,,,,,,,,,,,,,
32811,2019,12,8,18,15,8.3,0,0,0,4.7,,,,,,,,,,,,,,,,,,,,,,,,,,,,,,,,,,,,
32812,2019,12,8,18,30,8.1,0,0,0,4.5,,,,,,,,,,,,,,,,,,,,,,,,,,,,,,,,,,,,
32813,2019,12,8,18,45,7.9,0,0,0,4.3,,,,,,,,,,,,,,,,,,,,,,,,,,,,,,,,,,,,
32814,2019,12,8,19,0,7.7,0,0,0,4.2,,,,,,,,,,,,,,,,,,,,,,,,,,,,,,,,,,,,
32815,2019,12,8,19,15,7.5,0,0,0,4.1000000000000005,,,,,,,,,,,,,,,,,,,,,,,,,,,,,,,,,,,,
32816,2019,12,8,19,30,7.300000000000001,0,0,0,4.0,,,,,,,,,,,,,,,,,,,,,,,,,,,,,,,,,,,,
32817,2019,12,8,19,45,7.1000000000000005,0,0,0,3.9,,,,,,,,,,,,,,,,,,,,,,,,,,,,,,,,,,,,
32818,2019,12,8,20,0,6.9,0,0,0,3.8,,,,,,,,,,,,,,,,,,,,,,,,,,,,,,,,,,,,
32819,2019,12,8,20,15,6.7,0,0,0,3.8,,,,,,,,,,,,,,,,,,,,,,,,,,,,,,,,,,,,
32820,2019,12,8,20,30,6.6000000000000005,0,0,0,3.7,,,,,,,,,,,,,,,,,,,,,,,,,,,,,,,,,,,,
32821,2019,12,8,20,45,6.4,0,0,0,3.7,,,,,,,,,,,,,,,,,,,,,,,,,,,,,,,,,,,,
32822,2019,12,8,21,0,6.300000000000001,0,0,0,3.7,,,,,,,,,,,,,,,,,,,,,,,,,,,,,,,,,,,,
32823,2019,12,8,21,15,6.2,0,0,0,3.8,,,,,,,,,,,,,,,,,,,,,,,,,,,,,,,,,,,,
32824,2019,12,8,21,30,6.1000000000000005,0,0,0,3.9,,,,,,,,,,,,,,,,,,,,,,,,,,,,,,,,,,,,
32825,2019,12,8,21,45,6.1000000000000005,0,0,0,3.9,,,,,,,,,,,,,,,,,,,,,,,,,,,,,,,,,,,,
32826,2019,12,8,22,0,6.0,0,0,0,4.0,,,,,,,,,,,,,,,,,,,,,,,,,,,,,,,,,,,,
32827,2019,12,8,22,15,6.0,0,0,0,4.1000000000000005,,,,,,,,,,,,,,,,,,,,,,,,,,,,,,,,,,,,
32828,2019,12,8,22,30,6.0,0,0,0,4.2,,,,,,,,,,,,,,,,,,,,,,,,,,,,,,,,,,,,
32829,2019,12,8,22,45,6.0,0,0,0,4.4,,,,,,,,,,,,,,,,,,,,,,,,,,,,,,,,,,,,
32830,2019,12,8,23,0,5.9,0,0,0,4.5,,,,,,,,,,,,,,,,,,,,,,,,,,,,,,,,,,,,
32831,2019,12,8,23,15,5.9,0,0,0,4.5,,,,,,,,,,,,,,,,,,,,,,,,,,,,,,,,,,,,
32832,2019,12,8,23,30,5.9,0,0,0,4.6000000000000005,,,,,,,,,,,,,,,,,,,,,,,,,,,,,,,,,,,,
32833,2019,12,8,23,45,5.9,0,0,0,4.7,,,,,,,,,,,,,,,,,,,,,,,,,,,,,,,,,,,,
32834,2019,12,9,0,0,5.9,0,0,0,4.800000000000001,,,,,,,,,,,,,,,,,,,,,,,,,,,,,,,,,,,,
32835,2019,12,9,0,15,5.9,0,0,0,4.800000000000001,,,,,,,,,,,,,,,,,,,,,,,,,,,,,,,,,,,,
32836,2019,12,9,0,30,5.9,0,0,0,4.800000000000001,,,,,,,,,,,,,,,,,,,,,,,,,,,,,,,,,,,,
32837,2019,12,9,0,45,5.9,0,0,0,4.800000000000001,,,,,,,,,,,,,,,,,,,,,,,,,,,,,,,,,,,,
32838,2019,12,9,1,0,5.800000000000001,0,0,0,4.9,,,,,,,,,,,,,,,,,,,,,,,,,,,,,,,,,,,,
32839,2019,12,9,1,15,5.7,0,0,0,4.9,,,,,,,,,,,,,,,,,,,,,,,,,,,,,,,,,,,,
32840,2019,12,9,1,30,5.6000000000000005,0,0,0,4.800000000000001,,,,,,,,,,,,,,,,,,,,,,,,,,,,,,,,,,,,
32841,2019,12,9,1,45,5.5,0,0,0,4.800000000000001,,,,,,,,,,,,,,,,,,,,,,,,,,,,,,,,,,,,
32842,2019,12,9,2,0,5.5,0,0,0,4.800000000000001,,,,,,,,,,,,,,,,,,,,,,,,,,,,,,,,,,,,
32843,2019,12,9,2,15,5.4,0,0,0,4.800000000000001,,,,,,,,,,,,,,,,,,,,,,,,,,,,,,,,,,,,
32844,2019,12,9,2,30,5.300000000000001,0,0,0,4.800000000000001,,,,,,,,,,,,,,,,,,,,,,,,,,,,,,,,,,,,
32845,2019,12,9,2,45,5.2,0,0,0,4.7,,,,,,,,,,,,,,,,,,,,,,,,,,,,,,,,,,,,
32846,2019,12,9,3,0,5.1000000000000005,0,0,0,4.7,,,,,,,,,,,,,,,,,,,,,,,,,,,,,,,,,,,,
32847,2019,12,9,3,15,5.1000000000000005,0,0,0,4.7,,,,,,,,,,,,,,,,,,,,,,,,,,,,,,,,,,,,
32848,2019,12,9,3,30,5.1000000000000005,0,0,0,4.7,,,,,,,,,,,,,,,,,,,,,,,,,,,,,,,,,,,,
32849,2019,12,9,3,45,5.1000000000000005,0,0,0,4.7,,,,,,,,,,,,,,,,,,,,,,,,,,,,,,,,,,,,
32850,2019,12,9,4,0,5.1000000000000005,0,0,0,4.7,,,,,,,,,,,,,,,,,,,,,,,,,,,,,,,,,,,,
32851,2019,12,9,4,15,5.1000000000000005,0,0,0,4.6000000000000005,,,,,,,,,,,,,,,,,,,,,,,,,,,,,,,,,,,,
32852,2019,12,9,4,30,5.1000000000000005,0,0,0,4.6000000000000005,,,,,,,,,,,,,,,,,,,,,,,,,,,,,,,,,,,,
32853,2019,12,9,4,45,5.1000000000000005,0,0,0,4.5,,,,,,,,,,,,,,,,,,,,,,,,,,,,,,,,,,,,
32854,2019,12,9,5,0,5.1000000000000005,0,0,0,4.5,,,,,,,,,,,,,,,,,,,,,,,,,,,,,,,,,,,,
32855,2019,12,9,5,15,5.1000000000000005,0,0,0,4.5,,,,,,,,,,,,,,,,,,,,,,,,,,,,,,,,,,,,
32856,2019,12,9,5,30,5.1000000000000005,0,0,0,4.5,,,,,,,,,,,,,,,,,,,,,,,,,,,,,,,,,,,,
32857,2019,12,9,5,45,5.1000000000000005,0,0,0,4.5,,,,,,,,,,,,,,,,,,,,,,,,,,,,,,,,,,,,
32858,2019,12,9,6,0,5.1000000000000005,0,0,0,4.5,,,,,,,,,,,,,,,,,,,,,,,,,,,,,,,,,,,,
32859,2019,12,9,6,15,5.1000000000000005,0,0,0,4.6000000000000005,,,,,,,,,,,,,,,,,,,,,,,,,,,,,,,,,,,,
32860,2019,12,9,6,30,5.1000000000000005,0,0,0,4.6000000000000005,,,,,,,,,,,,,,,,,,,,,,,,,,,,,,,,,,,,
32861,2019,12,9,6,45,5.1000000000000005,0,0,0,4.6000000000000005,,,,,,,,,,,,,,,,,,,,,,,,,,,,,,,,,,,,
32862,2019,12,9,7,0,5.1000000000000005,0,0,0,4.6000000000000005,,,,,,,,,,,,,,,,,,,,,,,,,,,,,,,,,,,,
32863,2019,12,9,7,15,5.1000000000000005,0,0,0,4.6000000000000005,,,,,,,,,,,,,,,,,,,,,,,,,,,,,,,,,,,,
32864,2019,12,9,7,30,5.1000000000000005,0,0,0,4.6000000000000005,,,,,,,,,,,,,,,,,,,,,,,,,,,,,,,,,,,,
32865,2019,12,9,7,45,5.1000000000000005,0,0,0,4.6000000000000005,,,,,,,,,,,,,,,,,,,,,,,,,,,,,,,,,,,,
32866,2019,12,9,8,0,5.1000000000000005,0,0,0,4.6000000000000005,,,,,,,,,,,,,,,,,,,,,,,,,,,,,,,,,,,,
32867,2019,12,9,8,15,5.2,0,0,0,4.7,,,,,,,,,,,,,,,,,,,,,,,,,,,,,,,,,,,,
32868,2019,12,9,8,30,5.4,2,0,2,4.7,,,,,,,,,,,,,,,,,,,,,,,,,,,,,,,,,,,,
32869,2019,12,9,8,45,5.5,25,245,41,4.800000000000001,,,,,,,,,,,,,,,,,,,,,,,,,,,,,,,,,,,,
32870,2019,12,9,9,0,5.7,32,330,62,4.800000000000001,,,,,,,,,,,,,,,,,,,,,,,,,,,,,,,,,,,,
32871,2019,12,9,9,15,5.9,6,0,6,4.9,,,,,,,,,,,,,,,,,,,,,,,,,,,,,,,,,,,,
32872,2019,12,9,9,30,6.1000000000000005,43,457,108,4.9,,,,,,,,,,,,,,,,,,,,,,,,,,,,,,,,,,,,
32873,2019,12,9,9,45,6.300000000000001,45,533,131,4.9,,,,,,,,,,,,,,,,,,,,,,,,,,,,,,,,,,,,
32874,2019,12,9,10,0,6.4,48,571,152,5.0,,,,,,,,,,,,,,,,,,,,,,,,,,,,,,,,,,,,
32875,2019,12,9,10,15,6.6000000000000005,51,597,171,5.1000000000000005,,,,,,,,,,,,,,,,,,,,,,,,,,,,,,,,,,,,
32876,2019,12,9,10,30,6.800000000000001,53,622,188,5.2,,,,,,,,,,,,,,,,,,,,,,,,,,,,,,,,,,,,
32877,2019,12,9,10,45,7.0,57,628,202,5.300000000000001,,,,,,,,,,,,,,,,,,,,,,,,,,,,,,,,,,,,
32878,2019,12,9,11,0,7.2,10,0,10,5.300000000000001,,,,,,,,,,,,,,,,,,,,,,,,,,,,,,,,,,,,
32879,2019,12,9,11,15,7.300000000000001,15,0,15,5.4,,,,,,,,,,,,,,,,,,,,,,,,,,,,,,,,,,,,
32880,2019,12,9,11,30,7.4,15,0,15,5.5,,,,,,,,,,,,,,,,,,,,,,,,,,,,,,,,,,,,
32881,2019,12,9,11,45,7.6,16,0,16,5.6000000000000005,,,,,,,,,,,,,,,,,,,,,,,,,,,,,,,,,,,,
32882,2019,12,9,12,0,7.7,16,0,16,5.7,,,,,,,,,,,,,,,,,,,,,,,,,,,,,,,,,,,,
32883,2019,12,9,12,15,7.7,16,0,16,5.7,,,,,,,,,,,,,,,,,,,,,,,,,,,,,,,,,,,,
32884,2019,12,9,12,30,7.7,23,0,23,5.6000000000000005,,,,,,,,,,,,,,,,,,,,,,,,,,,,,,,,,,,,
32885,2019,12,9,12,45,7.6,15,0,15,5.5,,,,,,,,,,,,,,,,,,,,,,,,,,,,,,,,,,,,
32886,2019,12,9,13,0,7.6,11,0,11,5.5,,,,,,,,,,,,,,,,,,,,,,,,,,,,,,,,,,,,
32887,2019,12,9,13,15,7.5,14,0,14,5.300000000000001,,,,,,,,,,,,,,,,,,,,,,,,,,,,,,,,,,,,
32888,2019,12,9,13,30,7.300000000000001,13,0,13,5.1000000000000005,,,,,,,,,,,,,,,,,,,,,,,,,,,,,,,,,,,,
32889,2019,12,9,13,45,7.2,12,0,12,5.0,,,,,,,,,,,,,,,,,,,,,,,,,,,,,,,,,,,,
32890,2019,12,9,14,0,7.0,11,0,11,4.800000000000001,,,,,,,,,,,,,,,,,,,,,,,,,,,,,,,,,,,,
32891,2019,12,9,14,15,6.800000000000001,9,0,9,4.6000000000000005,,,,,,,,,,,,,,,,,,,,,,,,,,,,,,,,,,,,
32892,2019,12,9,14,30,6.7,8,0,8,4.4,,,,,,,,,,,,,,,,,,,,,,,,,,,,,,,,,,,,
32893,2019,12,9,14,45,6.5,7,0,7,4.2,,,,,,,,,,,,,,,,,,,,,,,,,,,,,,,,,,,,
32894,2019,12,9,15,0,6.300000000000001,6,0,6,4.0,,,,,,,,,,,,,,,,,,,,,,,,,,,,,,,,,,,,
32895,2019,12,9,15,15,6.2,4,0,4,3.9,,,,,,,,,,,,,,,,,,,,,,,,,,,,,,,,,,,,
32896,2019,12,9,15,30,6.0,3,0,3,3.8,,,,,,,,,,,,,,,,,,,,,,,,,,,,,,,,,,,,
32897,2019,12,9,15,45,5.9,3,0,3,3.7,,,,,,,,,,,,,,,,,,,,,,,,,,,,,,,,,,,,
32898,2019,12,9,16,0,5.800000000000001,0,0,0,3.6,,,,,,,,,,,,,,,,,,,,,,,,,,,,,,,,,,,,
32899,2019,12,9,16,15,5.7,0,0,0,3.5,,,,,,,,,,,,,,,,,,,,,,,,,,,,,,,,,,,,
32900,2019,12,9,16,30,5.7,0,0,0,3.4000000000000004,,,,,,,,,,,,,,,,,,,,,,,,,,,,,,,,,,,,
32901,2019,12,9,16,45,5.6000000000000005,0,0,0,3.4000000000000004,,,,,,,,,,,,,,,,,,,,,,,,,,,,,,,,,,,,
32902,2019,12,9,17,0,5.5,0,0,0,3.3000000000000003,,,,,,,,,,,,,,,,,,,,,,,,,,,,,,,,,,,,
32903,2019,12,9,17,15,5.5,0,0,0,3.3000000000000003,,,,,,,,,,,,,,,,,,,,,,,,,,,,,,,,,,,,
32904,2019,12,9,17,30,5.5,0,0,0,3.3000000000000003,,,,,,,,,,,,,,,,,,,,,,,,,,,,,,,,,,,,
32905,2019,12,9,17,45,5.4,0,0,0,3.4000000000000004,,,,,,,,,,,,,,,,,,,,,,,,,,,,,,,,,,,,
32906,2019,12,9,18,0,5.4,0,0,0,3.4000000000000004,,,,,,,,,,,,,,,,,,,,,,,,,,,,,,,,,,,,
32907,2019,12,9,18,15,5.300000000000001,0,0,0,3.4000000000000004,,,,,,,,,,,,,,,,,,,,,,,,,,,,,,,,,,,,
32908,2019,12,9,18,30,5.2,0,0,0,3.5,,,,,,,,,,,,,,,,,,,,,,,,,,,,,,,,,,,,
32909,2019,12,9,18,45,5.2,0,0,0,3.5,,,,,,,,,,,,,,,,,,,,,,,,,,,,,,,,,,,,
32910,2019,12,9,19,0,5.1000000000000005,0,0,0,3.6,,,,,,,,,,,,,,,,,,,,,,,,,,,,,,,,,,,,
32911,2019,12,9,19,15,5.1000000000000005,0,0,0,3.7,,,,,,,,,,,,,,,,,,,,,,,,,,,,,,,,,,,,
32912,2019,12,9,19,30,5.0,0,0,0,3.8,,,,,,,,,,,,,,,,,,,,,,,,,,,,,,,,,,,,
32913,2019,12,9,19,45,4.9,0,0,0,3.9,,,,,,,,,,,,,,,,,,,,,,,,,,,,,,,,,,,,
32914,2019,12,9,20,0,4.9,0,0,0,4.1000000000000005,,,,,,,,,,,,,,,,,,,,,,,,,,,,,,,,,,,,
32915,2019,12,9,20,15,4.800000000000001,0,0,0,4.2,,,,,,,,,,,,,,,,,,,,,,,,,,,,,,,,,,,,
32916,2019,12,9,20,30,4.800000000000001,0,0,0,4.3,,,,,,,,,,,,,,,,,,,,,,,,,,,,,,,,,,,,
32917,2019,12,9,20,45,4.7,0,0,0,4.4,,,,,,,,,,,,,,,,,,,,,,,,,,,,,,,,,,,,
32918,2019,12,9,21,0,4.7,0,0,0,4.5,,,,,,,,,,,,,,,,,,,,,,,,,,,,,,,,,,,,
32919,2019,12,9,21,15,4.5,0,0,0,4.6000000000000005,,,,,,,,,,,,,,,,,,,,,,,,,,,,,,,,,,,,
32920,2019,12,9,21,30,4.4,0,0,0,4.6000000000000005,,,,,,,,,,,,,,,,,,,,,,,,,,,,,,,,,,,,
32921,2019,12,9,21,45,4.2,0,0,0,4.7,,,,,,,,,,,,,,,,,,,,,,,,,,,,,,,,,,,,
32922,2019,12,9,22,0,4.1000000000000005,0,0,0,4.800000000000001,,,,,,,,,,,,,,,,,,,,,,,,,,,,,,,,,,,,
32923,2019,12,9,22,15,3.8,0,0,0,4.800000000000001,,,,,,,,,,,,,,,,,,,,,,,,,,,,,,,,,,,,
32924,2019,12,9,22,30,3.6,0,0,0,4.800000000000001,,,,,,,,,,,,,,,,,,,,,,,,,,,,,,,,,,,,
32925,2019,12,9,22,45,3.4000000000000004,0,0,0,4.800000000000001,,,,,,,,,,,,,,,,,,,,,,,,,,,,,,,,,,,,
32926,2019,12,9,23,0,3.2,0,0,0,4.800000000000001,,,,,,,,,,,,,,,,,,,,,,,,,,,,,,,,,,,,
32927,2019,12,9,23,15,3.0,0,0,0,4.800000000000001,,,,,,,,,,,,,,,,,,,,,,,,,,,,,,,,,,,,
32928,2019,12,9,23,30,2.9000000000000004,0,0,0,4.9,,,,,,,,,,,,,,,,,,,,,,,,,,,,,,,,,,,,
32929,2019,12,9,23,45,2.7,0,0,0,4.9,,,,,,,,,,,,,,,,,,,,,,,,,,,,,,,,,,,,
32930,2019,12,10,0,0,2.6,0,0,0,4.9,,,,,,,,,,,,,,,,,,,,,,,,,,,,,,,,,,,,
32931,2019,12,10,0,15,2.6,0,0,0,4.9,,,,,,,,,,,,,,,,,,,,,,,,,,,,,,,,,,,,
32932,2019,12,10,0,30,2.6,0,0,0,4.9,,,,,,,,,,,,,,,,,,,,,,,,,,,,,,,,,,,,
32933,2019,12,10,0,45,2.6,0,0,0,4.9,,,,,,,,,,,,,,,,,,,,,,,,,,,,,,,,,,,,
32934,2019,12,10,1,0,2.2,0,0,0,4.7,,,,,,,,,,,,,,,,,,,,,,,,,,,,,,,,,,,,
32935,2019,12,10,1,15,2.2,0,0,0,4.7,,,,,,,,,,,,,,,,,,,,,,,,,,,,,,,,,,,,
32936,2019,12,10,1,30,2.2,0,0,0,4.800000000000001,,,,,,,,,,,,,,,,,,,,,,,,,,,,,,,,,,,,
32937,2019,12,10,1,45,2.2,0,0,0,4.800000000000001,,,,,,,,,,,,,,,,,,,,,,,,,,,,,,,,,,,,
32938,2019,12,10,2,0,2.2,0,0,0,4.800000000000001,,,,,,,,,,,,,,,,,,,,,,,,,,,,,,,,,,,,
32939,2019,12,10,2,15,2.2,0,0,0,4.800000000000001,,,,,,,,,,,,,,,,,,,,,,,,,,,,,,,,,,,,
32940,2019,12,10,2,30,2.3000000000000003,0,0,0,4.9,,,,,,,,,,,,,,,,,,,,,,,,,,,,,,,,,,,,
32941,2019,12,10,2,45,2.4000000000000004,0,0,0,4.9,,,,,,,,,,,,,,,,,,,,,,,,,,,,,,,,,,,,
32942,2019,12,10,3,0,2.5,0,0,0,4.9,,,,,,,,,,,,,,,,,,,,,,,,,,,,,,,,,,,,
32943,2019,12,10,3,15,2.4000000000000004,0,0,0,4.800000000000001,,,,,,,,,,,,,,,,,,,,,,,,,,,,,,,,,,,,
32944,2019,12,10,3,30,2.4000000000000004,0,0,0,4.7,,,,,,,,,,,,,,,,,,,,,,,,,,,,,,,,,,,,
32945,2019,12,10,3,45,2.4000000000000004,0,0,0,4.6000000000000005,,,,,,,,,,,,,,,,,,,,,,,,,,,,,,,,,,,,
32946,2019,12,10,4,0,2.3000000000000003,0,0,0,4.5,,,,,,,,,,,,,,,,,,,,,,,,,,,,,,,,,,,,
32947,2019,12,10,4,15,2.3000000000000003,0,0,0,4.4,,,,,,,,,,,,,,,,,,,,,,,,,,,,,,,,,,,,
32948,2019,12,10,4,30,2.3000000000000003,0,0,0,4.4,,,,,,,,,,,,,,,,,,,,,,,,,,,,,,,,,,,,
32949,2019,12,10,4,45,2.2,0,0,0,4.4,,,,,,,,,,,,,,,,,,,,,,,,,,,,,,,,,,,,
32950,2019,12,10,5,0,2.2,0,0,0,4.4,,,,,,,,,,,,,,,,,,,,,,,,,,,,,,,,,,,,
32951,2019,12,10,5,15,2.1,0,0,0,4.3,,,,,,,,,,,,,,,,,,,,,,,,,,,,,,,,,,,,
32952,2019,12,10,5,30,2.1,0,0,0,4.3,,,,,,,,,,,,,,,,,,,,,,,,,,,,,,,,,,,,
32953,2019,12,10,5,45,2.0,0,0,0,4.2,,,,,,,,,,,,,,,,,,,,,,,,,,,,,,,,,,,,
32954,2019,12,10,6,0,1.9,0,0,0,4.1000000000000005,,,,,,,,,,,,,,,,,,,,,,,,,,,,,,,,,,,,
32955,2019,12,10,6,15,1.8,0,0,0,4.1000000000000005,,,,,,,,,,,,,,,,,,,,,,,,,,,,,,,,,,,,
32956,2019,12,10,6,30,1.7000000000000002,0,0,0,4.0,,,,,,,,,,,,,,,,,,,,,,,,,,,,,,,,,,,,
32957,2019,12,10,6,45,1.6,0,0,0,4.0,,,,,,,,,,,,,,,,,,,,,,,,,,,,,,,,,,,,
32958,2019,12,10,7,0,1.6,0,0,0,3.9,,,,,,,,,,,,,,,,,,,,,,,,,,,,,,,,,,,,
32959,2019,12,10,7,15,1.5,0,0,0,3.8,,,,,,,,,,,,,,,,,,,,,,,,,,,,,,,,,,,,
32960,2019,12,10,7,30,1.4,0,0,0,3.7,,,,,,,,,,,,,,,,,,,,,,,,,,,,,,,,,,,,
32961,2019,12,10,7,45,1.3,0,0,0,3.6,,,,,,,,,,,,,,,,,,,,,,,,,,,,,,,,,,,,
32962,2019,12,10,8,0,1.2000000000000002,0,0,0,3.5,,,,,,,,,,,,,,,,,,,,,,,,,,,,,,,,,,,,
32963,2019,12,10,8,15,1.4,0,0,0,3.5,,,,,,,,,,,,,,,,,,,,,,,,,,,,,,,,,,,,
32964,2019,12,10,8,30,1.5,4,0,4,3.5,,,,,,,,,,,,,,,,,,,,,,,,,,,,,,,,,,,,
32965,2019,12,10,8,45,1.7000000000000002,7,0,7,3.5,,,,,,,,,,,,,,,,,,,,,,,,,,,,,,,,,,,,
32966,2019,12,10,9,0,1.8,10,0,10,3.5,,,,,,,,,,,,,,,,,,,,,,,,,,,,,,,,,,,,
32967,2019,12,10,9,15,2.0,14,0,14,3.5,,,,,,,,,,,,,,,,,,,,,,,,,,,,,,,,,,,,
32968,2019,12,10,9,30,2.2,17,0,17,3.5,,,,,,,,,,,,,,,,,,,,,,,,,,,,,,,,,,,,
32969,2019,12,10,9,45,2.4000000000000004,21,0,21,3.5,,,,,,,,,,,,,,,,,,,,,,,,,,,,,,,,,,,,
32970,2019,12,10,10,0,2.6,58,492,147,3.6,,,,,,,,,,,,,,,,,,,,,,,,,,,,,,,,,,,,
32971,2019,12,10,10,15,2.9000000000000004,27,0,27,3.6,,,,,,,,,,,,,,,,,,,,,,,,,,,,,,,,,,,,
32972,2019,12,10,10,30,3.2,65,553,184,3.6,,,,,,,,,,,,,,,,,,,,,,,,,,,,,,,,,,,,
32973,2019,12,10,10,45,3.5,67,577,200,3.7,,,,,,,,,,,,,,,,,,,,,,,,,,,,,,,,,,,,
32974,2019,12,10,11,0,3.8,69,590,211,3.7,,,,,,,,,,,,,,,,,,,,,,,,,,,,,,,,,,,,
32975,2019,12,10,11,15,4.0,70,603,221,3.7,,,,,,,,,,,,,,,,,,,,,,,,,,,,,,,,,,,,
32976,2019,12,10,11,30,4.2,71,613,229,3.7,,,,,,,,,,,,,,,,,,,,,,,,,,,,,,,,,,,,
32977,2019,12,10,11,45,4.5,70,630,236,3.7,,,,,,,,,,,,,,,,,,,,,,,,,,,,,,,,,,,,
32978,2019,12,10,12,0,4.7,70,633,238,3.7,,,,,,,,,,,,,,,,,,,,,,,,,,,,,,,,,,,,
32979,2019,12,10,12,15,4.800000000000001,70,633,238,3.6,,,,,,,,,,,,,,,,,,,,,,,,,,,,,,,,,,,,
32980,2019,12,10,12,30,4.9,40,0,40,3.5,,,,,,,,,,,,,,,,,,,,,,,,,,,,,,,,,,,,
32981,2019,12,10,12,45,4.9,26,0,26,3.5,,,,,,,,,,,,,,,,,,,,,,,,,,,,,,,,,,,,
32982,2019,12,10,13,0,5.0,67,621,222,3.4000000000000004,,,,,,,,,,,,,,,,,,,,,,,,,,,,,,,,,,,,
32983,2019,12,10,13,15,4.9,65,608,211,3.2,,,,,,,,,,,,,,,,,,,,,,,,,,,,,,,,,,,,
32984,2019,12,10,13,30,4.800000000000001,64,590,198,3.0,,,,,,,,,,,,,,,,,,,,,,,,,,,,,,,,,,,,
32985,2019,12,10,13,45,4.7,60,580,184,2.7,,,,,,,,,,,,,,,,,,,,,,,,,,,,,,,,,,,,
32986,2019,12,10,14,0,4.6000000000000005,57,553,166,2.5,,,,,,,,,,,,,,,,,,,,,,,,,,,,,,,,,,,,
32987,2019,12,10,14,15,4.1000000000000005,54,519,146,2.2,,,,,,,,,,,,,,,,,,,,,,,,,,,,,,,,,,,,
32988,2019,12,10,14,30,3.6,50,478,125,2.0,,,,,,,,,,,,,,,,,,,,,,,,,,,,,,,,,,,,
32989,2019,12,10,14,45,3.1,44,445,104,1.7000000000000002,,,,,,,,,,,,,,,,,,,,,,,,,,,,,,,,,,,,
32990,2019,12,10,15,0,2.6,38,385,81,1.4,,,,,,,,,,,,,,,,,,,,,,,,,,,,,,,,,,,,
32991,2019,12,10,15,15,2.1,32,310,58,1.4,,,,,,,,,,,,,,,,,,,,,,,,,,,,,,,,,,,,
32992,2019,12,10,15,30,1.7000000000000002,25,219,37,1.4,,,,,,,,,,,,,,,,,,,,,,,,,,,,,,,,,,,,
32993,2019,12,10,15,45,1.2000000000000002,16,125,20,1.5,,,,,,,,,,,,,,,,,,,,,,,,,,,,,,,,,,,,
32994,2019,12,10,16,0,0.8,0,0,0,1.5,,,,,,,,,,,,,,,,,,,,,,,,,,,,,,,,,,,,
32995,2019,12,10,16,15,0.7000000000000001,0,0,0,1.6,,,,,,,,,,,,,,,,,,,,,,,,,,,,,,,,,,,,
32996,2019,12,10,16,30,0.6000000000000001,0,0,0,1.7000000000000002,,,,,,,,,,,,,,,,,,,,,,,,,,,,,,,,,,,,
32997,2019,12,10,16,45,0.5,0,0,0,1.8,,,,,,,,,,,,,,,,,,,,,,,,,,,,,,,,,,,,
32998,2019,12,10,17,0,0.4,0,0,0,1.9,,,,,,,,,,,,,,,,,,,,,,,,,,,,,,,,,,,,
32999,2019,12,10,17,15,0.4,0,0,0,2.0,,,,,,,,,,,,,,,,,,,,,,,,,,,,,,,,,,,,
33000,2019,12,10,17,30,0.4,0,0,0,2.2,,,,,,,,,,,,,,,,,,,,,,,,,,,,,,,,,,,,
33001,2019,12,10,17,45,0.4,0,0,0,2.3000000000000003,,,,,,,,,,,,,,,,,,,,,,,,,,,,,,,,,,,,
33002,2019,12,10,18,0,0.4,0,0,0,2.5,,,,,,,,,,,,,,,,,,,,,,,,,,,,,,,,,,,,
33003,2019,12,10,18,15,0.3,0,0,0,2.7,,,,,,,,,,,,,,,,,,,,,,,,,,,,,,,,,,,,
33004,2019,12,10,18,30,0.3,0,0,0,2.8000000000000003,,,,,,,,,,,,,,,,,,,,,,,,,,,,,,,,,,,,
33005,2019,12,10,18,45,0.3,0,0,0,3.0,,,,,,,,,,,,,,,,,,,,,,,,,,,,,,,,,,,,
33006,2019,12,10,19,0,0.2,0,0,0,3.2,,,,,,,,,,,,,,,,,,,,,,,,,,,,,,,,,,,,
33007,2019,12,10,19,15,0.1,0,0,0,3.3000000000000003,,,,,,,,,,,,,,,,,,,,,,,,,,,,,,,,,,,,
33008,2019,12,10,19,30,0.1,0,0,0,3.4000000000000004,,,,,,,,,,,,,,,,,,,,,,,,,,,,,,,,,,,,
33009,2019,12,10,19,45,0.0,0,0,0,3.5,,,,,,,,,,,,,,,,,,,,,,,,,,,,,,,,,,,,
33010,2019,12,10,20,0,-0.1,0,0,0,3.6,,,,,,,,,,,,,,,,,,,,,,,,,,,,,,,,,,,,
33011,2019,12,10,20,15,-0.1,0,0,0,3.7,,,,,,,,,,,,,,,,,,,,,,,,,,,,,,,,,,,,
33012,2019,12,10,20,30,-0.2,0,0,0,3.8,,,,,,,,,,,,,,,,,,,,,,,,,,,,,,,,,,,,
33013,2019,12,10,20,45,-0.2,0,0,0,3.9,,,,,,,,,,,,,,,,,,,,,,,,,,,,,,,,,,,,
33014,2019,12,10,21,0,-0.2,0,0,0,4.1000000000000005,,,,,,,,,,,,,,,,,,,,,,,,,,,,,,,,,,,,
33015,2019,12,10,21,15,-0.3,0,0,0,4.1000000000000005,,,,,,,,,,,,,,,,,,,,,,,,,,,,,,,,,,,,
33016,2019,12,10,21,30,-0.3,0,0,0,4.2,,,,,,,,,,,,,,,,,,,,,,,,,,,,,,,,,,,,
33017,2019,12,10,21,45,-0.3,0,0,0,4.3,,,,,,,,,,,,,,,,,,,,,,,,,,,,,,,,,,,,
33018,2019,12,10,22,0,-0.3,0,0,0,4.3,,,,,,,,,,,,,,,,,,,,,,,,,,,,,,,,,,,,
33019,2019,12,10,22,15,-0.4,0,0,0,4.4,,,,,,,,,,,,,,,,,,,,,,,,,,,,,,,,,,,,
33020,2019,12,10,22,30,-0.4,0,0,0,4.5,,,,,,,,,,,,,,,,,,,,,,,,,,,,,,,,,,,,
33021,2019,12,10,22,45,-0.4,0,0,0,4.6000000000000005,,,,,,,,,,,,,,,,,,,,,,,,,,,,,,,,,,,,
33022,2019,12,10,23,0,-0.4,0,0,0,4.7,,,,,,,,,,,,,,,,,,,,,,,,,,,,,,,,,,,,
33023,2019,12,10,23,15,-0.4,0,0,0,4.7,,,,,,,,,,,,,,,,,,,,,,,,,,,,,,,,,,,,
33024,2019,12,10,23,30,-0.4,0,0,0,4.800000000000001,,,,,,,,,,,,,,,,,,,,,,,,,,,,,,,,,,,,
33025,2019,12,10,23,45,-0.4,0,0,0,4.800000000000001,,,,,,,,,,,,,,,,,,,,,,,,,,,,,,,,,,,,
33026,2019,12,11,0,0,-0.4,0,0,0,4.9,,,,,,,,,,,,,,,,,,,,,,,,,,,,,,,,,,,,
33027,2019,12,11,0,15,-0.4,0,0,0,4.9,,,,,,,,,,,,,,,,,,,,,,,,,,,,,,,,,,,,
33028,2019,12,11,0,30,-0.4,0,0,0,4.9,,,,,,,,,,,,,,,,,,,,,,,,,,,,,,,,,,,,
33029,2019,12,11,0,45,-0.4,0,0,0,4.9,,,,,,,,,,,,,,,,,,,,,,,,,,,,,,,,,,,,
33030,2019,12,11,1,0,-0.4,0,0,0,4.800000000000001,,,,,,,,,,,,,,,,,,,,,,,,,,,,,,,,,,,,
33031,2019,12,11,1,15,-0.4,0,0,0,4.800000000000001,,,,,,,,,,,,,,,,,,,,,,,,,,,,,,,,,,,,
33032,2019,12,11,1,30,-0.3,0,0,0,4.800000000000001,,,,,,,,,,,,,,,,,,,,,,,,,,,,,,,,,,,,
33033,2019,12,11,1,45,-0.3,0,0,0,4.800000000000001,,,,,,,,,,,,,,,,,,,,,,,,,,,,,,,,,,,,
33034,2019,12,11,2,0,-0.3,0,0,0,4.800000000000001,,,,,,,,,,,,,,,,,,,,,,,,,,,,,,,,,,,,
33035,2019,12,11,2,15,-0.2,0,0,0,4.800000000000001,,,,,,,,,,,,,,,,,,,,,,,,,,,,,,,,,,,,
33036,2019,12,11,2,30,-0.2,0,0,0,4.800000000000001,,,,,,,,,,,,,,,,,,,,,,,,,,,,,,,,,,,,
33037,2019,12,11,2,45,-0.1,0,0,0,4.800000000000001,,,,,,,,,,,,,,,,,,,,,,,,,,,,,,,,,,,,
33038,2019,12,11,3,0,0.0,0,0,0,4.800000000000001,,,,,,,,,,,,,,,,,,,,,,,,,,,,,,,,,,,,
33039,2019,12,11,3,15,0.0,0,0,0,4.7,,,,,,,,,,,,,,,,,,,,,,,,,,,,,,,,,,,,
33040,2019,12,11,3,30,0.1,0,0,0,4.7,,,,,,,,,,,,,,,,,,,,,,,,,,,,,,,,,,,,
33041,2019,12,11,3,45,0.2,0,0,0,4.6000000000000005,,,,,,,,,,,,,,,,,,,,,,,,,,,,,,,,,,,,
33042,2019,12,11,4,0,0.3,0,0,0,4.6000000000000005,,,,,,,,,,,,,,,,,,,,,,,,,,,,,,,,,,,,
33043,2019,12,11,4,15,0.3,0,0,0,4.5,,,,,,,,,,,,,,,,,,,,,,,,,,,,,,,,,,,,
33044,2019,12,11,4,30,0.4,0,0,0,4.4,,,,,,,,,,,,,,,,,,,,,,,,,,,,,,,,,,,,
33045,2019,12,11,4,45,0.5,0,0,0,4.3,,,,,,,,,,,,,,,,,,,,,,,,,,,,,,,,,,,,
33046,2019,12,11,5,0,0.5,0,0,0,4.2,,,,,,,,,,,,,,,,,,,,,,,,,,,,,,,,,,,,
33047,2019,12,11,5,15,0.6000000000000001,0,0,0,4.2,,,,,,,,,,,,,,,,,,,,,,,,,,,,,,,,,,,,
33048,2019,12,11,5,30,0.7000000000000001,0,0,0,4.1000000000000005,,,,,,,,,,,,,,,,,,,,,,,,,,,,,,,,,,,,
33049,2019,12,11,5,45,0.7000000000000001,0,0,0,4.0,,,,,,,,,,,,,,,,,,,,,,,,,,,,,,,,,,,,
33050,2019,12,11,6,0,0.8,0,0,0,3.9,,,,,,,,,,,,,,,,,,,,,,,,,,,,,,,,,,,,
33051,2019,12,11,6,15,0.8,0,0,0,3.9,,,,,,,,,,,,,,,,,,,,,,,,,,,,,,,,,,,,
33052,2019,12,11,6,30,0.9,0,0,0,3.8,,,,,,,,,,,,,,,,,,,,,,,,,,,,,,,,,,,,
33053,2019,12,11,6,45,0.9,0,0,0,3.8,,,,,,,,,,,,,,,,,,,,,,,,,,,,,,,,,,,,
33054,2019,12,11,7,0,0.9,0,0,0,3.7,,,,,,,,,,,,,,,,,,,,,,,,,,,,,,,,,,,,
33055,2019,12,11,7,15,1.0,0,0,0,3.7,,,,,,,,,,,,,,,,,,,,,,,,,,,,,,,,,,,,
33056,2019,12,11,7,30,1.0,0,0,0,3.7,,,,,,,,,,,,,,,,,,,,,,,,,,,,,,,,,,,,
33057,2019,12,11,7,45,1.1,0,0,0,3.7,,,,,,,,,,,,,,,,,,,,,,,,,,,,,,,,,,,,
33058,2019,12,11,8,0,1.1,0,0,0,3.7,,,,,,,,,,,,,,,,,,,,,,,,,,,,,,,,,,,,
33059,2019,12,11,8,15,1.2000000000000002,0,0,0,3.7,,,,,,,,,,,,,,,,,,,,,,,,,,,,,,,,,,,,
33060,2019,12,11,8,30,1.3,3,0,3,3.7,,,,,,,,,,,,,,,,,,,,,,,,,,,,,,,,,,,,
33061,2019,12,11,8,45,1.4,4,0,4,3.8,,,,,,,,,,,,,,,,,,,,,,,,,,,,,,,,,,,,
33062,2019,12,11,9,0,1.5,5,0,5,3.8,,,,,,,,,,,,,,,,,,,,,,,,,,,,,,,,,,,,
33063,2019,12,11,9,15,1.6,6,0,6,3.8,,,,,,,,,,,,,,,,,,,,,,,,,,,,,,,,,,,,
33064,2019,12,11,9,30,1.7000000000000002,6,0,6,3.8,,,,,,,,,,,,,,,,,,,,,,,,,,,,,,,,,,,,
33065,2019,12,11,9,45,1.8,7,0,7,3.8,,,,,,,,,,,,,,,,,,,,,,,,,,,,,,,,,,,,
33066,2019,12,11,10,0,1.9,8,0,8,3.8,,,,,,,,,,,,,,,,,,,,,,,,,,,,,,,,,,,,
33067,2019,12,11,10,15,2.0,8,0,8,3.9,,,,,,,,,,,,,,,,,,,,,,,,,,,,,,,,,,,,
33068,2019,12,11,10,30,2.0,9,0,9,3.9,,,,,,,,,,,,,,,,,,,,,,,,,,,,,,,,,,,,
33069,2019,12,11,10,45,2.1,9,0,9,3.9,,,,,,,,,,,,,,,,,,,,,,,,,,,,,,,,,,,,
33070,2019,12,11,11,0,2.2,10,0,10,3.9,,,,,,,,,,,,,,,,,,,,,,,,,,,,,,,,,,,,
33071,2019,12,11,11,15,2.2,10,0,10,3.9,,,,,,,,,,,,,,,,,,,,,,,,,,,,,,,,,,,,
33072,2019,12,11,11,30,2.3000000000000003,10,0,10,3.9,,,,,,,,,,,,,,,,,,,,,,,,,,,,,,,,,,,,
33073,2019,12,11,11,45,2.3000000000000003,11,0,11,3.8,,,,,,,,,,,,,,,,,,,,,,,,,,,,,,,,,,,,
33074,2019,12,11,12,0,2.3000000000000003,11,0,11,3.8,,,,,,,,,,,,,,,,,,,,,,,,,,,,,,,,,,,,
33075,2019,12,11,12,15,2.3000000000000003,11,0,11,3.8,,,,,,,,,,,,,,,,,,,,,,,,,,,,,,,,,,,,
33076,2019,12,11,12,30,2.3000000000000003,11,0,11,3.7,,,,,,,,,,,,,,,,,,,,,,,,,,,,,,,,,,,,
33077,2019,12,11,12,45,2.3000000000000003,10,0,10,3.7,,,,,,,,,,,,,,,,,,,,,,,,,,,,,,,,,,,,
33078,2019,12,11,13,0,2.3000000000000003,10,0,10,3.6,,,,,,,,,,,,,,,,,,,,,,,,,,,,,,,,,,,,
33079,2019,12,11,13,15,2.3000000000000003,10,0,10,3.5,,,,,,,,,,,,,,,,,,,,,,,,,,,,,,,,,,,,
33080,2019,12,11,13,30,2.2,9,0,9,3.5,,,,,,,,,,,,,,,,,,,,,,,,,,,,,,,,,,,,
33081,2019,12,11,13,45,2.2,9,0,9,3.4000000000000004,,,,,,,,,,,,,,,,,,,,,,,,,,,,,,,,,,,,
33082,2019,12,11,14,0,2.1,8,0,8,3.3000000000000003,,,,,,,,,,,,,,,,,,,,,,,,,,,,,,,,,,,,
33083,2019,12,11,14,15,1.9,8,0,8,3.3000000000000003,,,,,,,,,,,,,,,,,,,,,,,,,,,,,,,,,,,,
33084,2019,12,11,14,30,1.8,7,0,7,3.2,,,,,,,,,,,,,,,,,,,,,,,,,,,,,,,,,,,,
33085,2019,12,11,14,45,1.7000000000000002,6,0,6,3.1,,,,,,,,,,,,,,,,,,,,,,,,,,,,,,,,,,,,
33086,2019,12,11,15,0,1.5,6,0,6,3.1,,,,,,,,,,,,,,,,,,,,,,,,,,,,,,,,,,,,
33087,2019,12,11,15,15,1.3,5,0,5,3.1,,,,,,,,,,,,,,,,,,,,,,,,,,,,,,,,,,,,
33088,2019,12,11,15,30,1.2000000000000002,4,0,4,3.1,,,,,,,,,,,,,,,,,,,,,,,,,,,,,,,,,,,,
33089,2019,12,11,15,45,1.0,2,0,2,3.1,,,,,,,,,,,,,,,,,,,,,,,,,,,,,,,,,,,,
33090,2019,12,11,16,0,0.9,0,0,0,3.1,,,,,,,,,,,,,,,,,,,,,,,,,,,,,,,,,,,,
33091,2019,12,11,16,15,0.8,0,0,0,3.1,,,,,,,,,,,,,,,,,,,,,,,,,,,,,,,,,,,,
33092,2019,12,11,16,30,0.7000000000000001,0,0,0,3.1,,,,,,,,,,,,,,,,,,,,,,,,,,,,,,,,,,,,
33093,2019,12,11,16,45,0.6000000000000001,0,0,0,3.1,,,,,,,,,,,,,,,,,,,,,,,,,,,,,,,,,,,,
33094,2019,12,11,17,0,0.5,0,0,0,3.1,,,,,,,,,,,,,,,,,,,,,,,,,,,,,,,,,,,,
33095,2019,12,11,17,15,0.5,0,0,0,3.1,,,,,,,,,,,,,,,,,,,,,,,,,,,,,,,,,,,,
33096,2019,12,11,17,30,0.5,0,0,0,3.1,,,,,,,,,,,,,,,,,,,,,,,,,,,,,,,,,,,,
33097,2019,12,11,17,45,0.4,0,0,0,3.1,,,,,,,,,,,,,,,,,,,,,,,,,,,,,,,,,,,,
33098,2019,12,11,18,0,0.4,0,0,0,3.1,,,,,,,,,,,,,,,,,,,,,,,,,,,,,,,,,,,,
33099,2019,12,11,18,15,0.4,0,0,0,3.1,,,,,,,,,,,,,,,,,,,,,,,,,,,,,,,,,,,,
33100,2019,12,11,18,30,0.4,0,0,0,3.1,,,,,,,,,,,,,,,,,,,,,,,,,,,,,,,,,,,,
33101,2019,12,11,18,45,0.3,0,0,0,3.0,,,,,,,,,,,,,,,,,,,,,,,,,,,,,,,,,,,,
33102,2019,12,11,19,0,0.3,0,0,0,3.0,,,,,,,,,,,,,,,,,,,,,,,,,,,,,,,,,,,,
33103,2019,12,11,19,15,0.3,0,0,0,3.0,,,,,,,,,,,,,,,,,,,,,,,,,,,,,,,,,,,,
33104,2019,12,11,19,30,0.3,0,0,0,2.9000000000000004,,,,,,,,,,,,,,,,,,,,,,,,,,,,,,,,,,,,
33105,2019,12,11,19,45,0.3,0,0,0,2.9000000000000004,,,,,,,,,,,,,,,,,,,,,,,,,,,,,,,,,,,,
33106,2019,12,11,20,0,0.3,0,0,0,2.8000000000000003,,,,,,,,,,,,,,,,,,,,,,,,,,,,,,,,,,,,
33107,2019,12,11,20,15,0.3,0,0,0,2.8000000000000003,,,,,,,,,,,,,,,,,,,,,,,,,,,,,,,,,,,,
33108,2019,12,11,20,30,0.3,0,0,0,2.7,,,,,,,,,,,,,,,,,,,,,,,,,,,,,,,,,,,,
33109,2019,12,11,20,45,0.2,0,0,0,2.7,,,,,,,,,,,,,,,,,,,,,,,,,,,,,,,,,,,,
33110,2019,12,11,21,0,0.2,0,0,0,2.7,,,,,,,,,,,,,,,,,,,,,,,,,,,,,,,,,,,,
33111,2019,12,11,21,15,0.2,0,0,0,2.6,,,,,,,,,,,,,,,,,,,,,,,,,,,,,,,,,,,,
33112,2019,12,11,21,30,0.2,0,0,0,2.6,,,,,,,,,,,,,,,,,,,,,,,,,,,,,,,,,,,,
33113,2019,12,11,21,45,0.2,0,0,0,2.5,,,,,,,,,,,,,,,,,,,,,,,,,,,,,,,,,,,,
33114,2019,12,11,22,0,0.2,0,0,0,2.5,,,,,,,,,,,,,,,,,,,,,,,,,,,,,,,,,,,,
33115,2019,12,11,22,15,0.2,0,0,0,2.4000000000000004,,,,,,,,,,,,,,,,,,,,,,,,,,,,,,,,,,,,
33116,2019,12,11,22,30,0.2,0,0,0,2.4000000000000004,,,,,,,,,,,,,,,,,,,,,,,,,,,,,,,,,,,,
33117,2019,12,11,22,45,0.2,0,0,0,2.3000000000000003,,,,,,,,,,,,,,,,,,,,,,,,,,,,,,,,,,,,
33118,2019,12,11,23,0,0.2,0,0,0,2.3000000000000003,,,,,,,,,,,,,,,,,,,,,,,,,,,,,,,,,,,,
33119,2019,12,11,23,15,0.2,0,0,0,2.2,,,,,,,,,,,,,,,,,,,,,,,,,,,,,,,,,,,,
33120,2019,12,11,23,30,0.2,0,0,0,2.2,,,,,,,,,,,,,,,,,,,,,,,,,,,,,,,,,,,,
33121,2019,12,11,23,45,0.2,0,0,0,2.2,,,,,,,,,,,,,,,,,,,,,,,,,,,,,,,,,,,,
33122,2019,12,12,0,0,0.2,0,0,0,2.2,,,,,,,,,,,,,,,,,,,,,,,,,,,,,,,,,,,,
33123,2019,12,12,0,15,0.2,0,0,0,2.2,,,,,,,,,,,,,,,,,,,,,,,,,,,,,,,,,,,,
33124,2019,12,12,0,30,0.2,0,0,0,2.2,,,,,,,,,,,,,,,,,,,,,,,,,,,,,,,,,,,,
33125,2019,12,12,0,45,0.2,0,0,0,2.2,,,,,,,,,,,,,,,,,,,,,,,,,,,,,,,,,,,,
33126,2019,12,12,1,0,0.2,0,0,0,2.2,,,,,,,,,,,,,,,,,,,,,,,,,,,,,,,,,,,,
33127,2019,12,12,1,15,0.3,0,0,0,2.2,,,,,,,,,,,,,,,,,,,,,,,,,,,,,,,,,,,,
33128,2019,12,12,1,30,0.3,0,0,0,2.2,,,,,,,,,,,,,,,,,,,,,,,,,,,,,,,,,,,,
33129,2019,12,12,1,45,0.3,0,0,0,2.2,,,,,,,,,,,,,,,,,,,,,,,,,,,,,,,,,,,,
33130,2019,12,12,2,0,0.4,0,0,0,2.2,,,,,,,,,,,,,,,,,,,,,,,,,,,,,,,,,,,,
33131,2019,12,12,2,15,0.4,0,0,0,2.2,,,,,,,,,,,,,,,,,,,,,,,,,,,,,,,,,,,,
33132,2019,12,12,2,30,0.5,0,0,0,2.2,,,,,,,,,,,,,,,,,,,,,,,,,,,,,,,,,,,,
33133,2019,12,12,2,45,0.5,0,0,0,2.2,,,,,,,,,,,,,,,,,,,,,,,,,,,,,,,,,,,,
33134,2019,12,12,3,0,0.6000000000000001,0,0,0,2.2,,,,,,,,,,,,,,,,,,,,,,,,,,,,,,,,,,,,
33135,2019,12,12,3,15,0.6000000000000001,0,0,0,2.2,,,,,,,,,,,,,,,,,,,,,,,,,,,,,,,,,,,,
33136,2019,12,12,3,30,0.7000000000000001,0,0,0,2.2,,,,,,,,,,,,,,,,,,,,,,,,,,,,,,,,,,,,
33137,2019,12,12,3,45,0.7000000000000001,0,0,0,2.2,,,,,,,,,,,,,,,,,,,,,,,,,,,,,,,,,,,,
33138,2019,12,12,4,0,0.8,0,0,0,2.2,,,,,,,,,,,,,,,,,,,,,,,,,,,,,,,,,,,,
33139,2019,12,12,4,15,0.8,0,0,0,2.2,,,,,,,,,,,,,,,,,,,,,,,,,,,,,,,,,,,,
33140,2019,12,12,4,30,0.8,0,0,0,2.2,,,,,,,,,,,,,,,,,,,,,,,,,,,,,,,,,,,,
33141,2019,12,12,4,45,0.8,0,0,0,2.2,,,,,,,,,,,,,,,,,,,,,,,,,,,,,,,,,,,,
33142,2019,12,12,5,0,0.8,0,0,0,2.1,,,,,,,,,,,,,,,,,,,,,,,,,,,,,,,,,,,,
33143,2019,12,12,5,15,0.8,0,0,0,2.1,,,,,,,,,,,,,,,,,,,,,,,,,,,,,,,,,,,,
33144,2019,12,12,5,30,0.8,0,0,0,2.1,,,,,,,,,,,,,,,,,,,,,,,,,,,,,,,,,,,,
33145,2019,12,12,5,45,0.8,0,0,0,2.1,,,,,,,,,,,,,,,,,,,,,,,,,,,,,,,,,,,,
33146,2019,12,12,6,0,0.8,0,0,0,2.1,,,,,,,,,,,,,,,,,,,,,,,,,,,,,,,,,,,,
33147,2019,12,12,6,15,0.8,0,0,0,2.1,,,,,,,,,,,,,,,,,,,,,,,,,,,,,,,,,,,,
33148,2019,12,12,6,30,0.8,0,0,0,2.1,,,,,,,,,,,,,,,,,,,,,,,,,,,,,,,,,,,,
33149,2019,12,12,6,45,0.8,0,0,0,2.2,,,,,,,,,,,,,,,,,,,,,,,,,,,,,,,,,,,,
33150,2019,12,12,7,0,0.8,0,0,0,2.2,,,,,,,,,,,,,,,,,,,,,,,,,,,,,,,,,,,,
33151,2019,12,12,7,15,0.8,0,0,0,2.2,,,,,,,,,,,,,,,,,,,,,,,,,,,,,,,,,,,,
33152,2019,12,12,7,30,0.8,0,0,0,2.3000000000000003,,,,,,,,,,,,,,,,,,,,,,,,,,,,,,,,,,,,
33153,2019,12,12,7,45,0.8,0,0,0,2.3000000000000003,,,,,,,,,,,,,,,,,,,,,,,,,,,,,,,,,,,,
33154,2019,12,12,8,0,0.9,0,0,0,2.3000000000000003,,,,,,,,,,,,,,,,,,,,,,,,,,,,,,,,,,,,
33155,2019,12,12,8,15,1.0,0,0,0,2.5,,,,,,,,,,,,,,,,,,,,,,,,,,,,,,,,,,,,
33156,2019,12,12,8,30,1.2000000000000002,2,0,2,2.6,,,,,,,,,,,,,,,,,,,,,,,,,,,,,,,,,,,,
33157,2019,12,12,8,45,1.4,4,0,4,2.7,,,,,,,,,,,,,,,,,,,,,,,,,,,,,,,,,,,,
33158,2019,12,12,9,0,1.6,5,0,5,2.9000000000000004,,,,,,,,,,,,,,,,,,,,,,,,,,,,,,,,,,,,
33159,2019,12,12,9,15,1.7000000000000002,6,0,6,2.9000000000000004,,,,,,,,,,,,,,,,,,,,,,,,,,,,,,,,,,,,
33160,2019,12,12,9,30,1.9,7,0,7,3.0,,,,,,,,,,,,,,,,,,,,,,,,,,,,,,,,,,,,
33161,2019,12,12,9,45,2.0,8,0,8,3.1,,,,,,,,,,,,,,,,,,,,,,,,,,,,,,,,,,,,
33162,2019,12,12,10,0,2.2,10,0,10,3.1,,,,,,,,,,,,,,,,,,,,,,,,,,,,,,,,,,,,
33163,2019,12,12,10,15,2.3000000000000003,11,0,11,3.2,,,,,,,,,,,,,,,,,,,,,,,,,,,,,,,,,,,,
33164,2019,12,12,10,30,2.5,12,0,12,3.2,,,,,,,,,,,,,,,,,,,,,,,,,,,,,,,,,,,,
33165,2019,12,12,10,45,2.6,13,0,13,3.2,,,,,,,,,,,,,,,,,,,,,,,,,,,,,,,,,,,,
33166,2019,12,12,11,0,2.7,14,0,14,3.3000000000000003,,,,,,,,,,,,,,,,,,,,,,,,,,,,,,,,,,,,
33167,2019,12,12,11,15,2.8000000000000003,15,0,15,3.3000000000000003,,,,,,,,,,,,,,,,,,,,,,,,,,,,,,,,,,,,
33168,2019,12,12,11,30,2.9000000000000004,16,0,16,3.4000000000000004,,,,,,,,,,,,,,,,,,,,,,,,,,,,,,,,,,,,
33169,2019,12,12,11,45,3.0,16,0,16,3.4000000000000004,,,,,,,,,,,,,,,,,,,,,,,,,,,,,,,,,,,,
33170,2019,12,12,12,0,3.1,9,0,9,3.5,,,,,,,,,,,,,,,,,,,,,,,,,,,,,,,,,,,,
33171,2019,12,12,12,15,3.1,16,0,16,3.4000000000000004,,,,,,,,,,,,,,,,,,,,,,,,,,,,,,,,,,,,
33172,2019,12,12,12,30,3.2,16,0,16,3.4000000000000004,,,,,,,,,,,,,,,,,,,,,,,,,,,,,,,,,,,,
33173,2019,12,12,12,45,3.2,9,0,9,3.3000000000000003,,,,,,,,,,,,,,,,,,,,,,,,,,,,,,,,,,,,
33174,2019,12,12,13,0,3.2,9,0,9,3.3000000000000003,,,,,,,,,,,,,,,,,,,,,,,,,,,,,,,,,,,,
33175,2019,12,12,13,15,3.2,9,0,9,3.2,,,,,,,,,,,,,,,,,,,,,,,,,,,,,,,,,,,,
33176,2019,12,12,13,30,3.1,8,0,8,3.1,,,,,,,,,,,,,,,,,,,,,,,,,,,,,,,,,,,,
33177,2019,12,12,13,45,3.1,8,0,8,3.0,,,,,,,,,,,,,,,,,,,,,,,,,,,,,,,,,,,,
33178,2019,12,12,14,0,3.0,11,0,11,2.9000000000000004,,,,,,,,,,,,,,,,,,,,,,,,,,,,,,,,,,,,
33179,2019,12,12,14,15,2.8000000000000003,9,0,9,2.7,,,,,,,,,,,,,,,,,,,,,,,,,,,,,,,,,,,,
33180,2019,12,12,14,30,2.5,8,0,8,2.6,,,,,,,,,,,,,,,,,,,,,,,,,,,,,,,,,,,,
33181,2019,12,12,14,45,2.3000000000000003,7,0,7,2.5,,,,,,,,,,,,,,,,,,,,,,,,,,,,,,,,,,,,
33182,2019,12,12,15,0,2.1,6,0,6,2.3000000000000003,,,,,,,,,,,,,,,,,,,,,,,,,,,,,,,,,,,,
33183,2019,12,12,15,15,1.8,4,0,4,2.3000000000000003,,,,,,,,,,,,,,,,,,,,,,,,,,,,,,,,,,,,
33184,2019,12,12,15,30,1.5,3,0,3,2.3000000000000003,,,,,,,,,,,,,,,,,,,,,,,,,,,,,,,,,,,,
33185,2019,12,12,15,45,1.3,2,0,2,2.3000000000000003,,,,,,,,,,,,,,,,,,,,,,,,,,,,,,,,,,,,
33186,2019,12,12,16,0,1.0,0,0,0,2.2,,,,,,,,,,,,,,,,,,,,,,,,,,,,,,,,,,,,
33187,2019,12,12,16,15,0.9,0,0,0,2.3000000000000003,,,,,,,,,,,,,,,,,,,,,,,,,,,,,,,,,,,,
33188,2019,12,12,16,30,0.9,0,0,0,2.3000000000000003,,,,,,,,,,,,,,,,,,,,,,,,,,,,,,,,,,,,
33189,2019,12,12,16,45,0.8,0,0,0,2.3000000000000003,,,,,,,,,,,,,,,,,,,,,,,,,,,,,,,,,,,,
33190,2019,12,12,17,0,0.8,0,0,0,2.4000000000000004,,,,,,,,,,,,,,,,,,,,,,,,,,,,,,,,,,,,
33191,2019,12,12,17,15,0.7000000000000001,0,0,0,2.4000000000000004,,,,,,,,,,,,,,,,,,,,,,,,,,,,,,,,,,,,
33192,2019,12,12,17,30,0.6000000000000001,0,0,0,2.3000000000000003,,,,,,,,,,,,,,,,,,,,,,,,,,,,,,,,,,,,
33193,2019,12,12,17,45,0.5,0,0,0,2.3000000000000003,,,,,,,,,,,,,,,,,,,,,,,,,,,,,,,,,,,,
33194,2019,12,12,18,0,0.3,0,0,0,2.3000000000000003,,,,,,,,,,,,,,,,,,,,,,,,,,,,,,,,,,,,
33195,2019,12,12,18,15,0.2,0,0,0,2.3000000000000003,,,,,,,,,,,,,,,,,,,,,,,,,,,,,,,,,,,,
33196,2019,12,12,18,30,0.0,0,0,0,2.3000000000000003,,,,,,,,,,,,,,,,,,,,,,,,,,,,,,,,,,,,
33197,2019,12,12,18,45,-0.1,0,0,0,2.3000000000000003,,,,,,,,,,,,,,,,,,,,,,,,,,,,,,,,,,,,
33198,2019,12,12,19,0,-0.3,0,0,0,2.3000000000000003,,,,,,,,,,,,,,,,,,,,,,,,,,,,,,,,,,,,
33199,2019,12,12,19,15,-0.3,0,0,0,2.4000000000000004,,,,,,,,,,,,,,,,,,,,,,,,,,,,,,,,,,,,
33200,2019,12,12,19,30,-0.4,0,0,0,2.5,,,,,,,,,,,,,,,,,,,,,,,,,,,,,,,,,,,,
33201,2019,12,12,19,45,-0.5,0,0,0,2.5,,,,,,,,,,,,,,,,,,,,,,,,,,,,,,,,,,,,
33202,2019,12,12,20,0,-0.5,0,0,0,2.6,,,,,,,,,,,,,,,,,,,,,,,,,,,,,,,,,,,,
33203,2019,12,12,20,15,-0.6000000000000001,0,0,0,2.7,,,,,,,,,,,,,,,,,,,,,,,,,,,,,,,,,,,,
33204,2019,12,12,20,30,-0.6000000000000001,0,0,0,2.8000000000000003,,,,,,,,,,,,,,,,,,,,,,,,,,,,,,,,,,,,
33205,2019,12,12,20,45,-0.6000000000000001,0,0,0,2.8000000000000003,,,,,,,,,,,,,,,,,,,,,,,,,,,,,,,,,,,,
33206,2019,12,12,21,0,-0.7000000000000001,0,0,0,2.9000000000000004,,,,,,,,,,,,,,,,,,,,,,,,,,,,,,,,,,,,
33207,2019,12,12,21,15,-0.7000000000000001,0,0,0,3.0,,,,,,,,,,,,,,,,,,,,,,,,,,,,,,,,,,,,
33208,2019,12,12,21,30,-0.7000000000000001,0,0,0,3.0,,,,,,,,,,,,,,,,,,,,,,,,,,,,,,,,,,,,
33209,2019,12,12,21,45,-0.8,0,0,0,3.1,,,,,,,,,,,,,,,,,,,,,,,,,,,,,,,,,,,,
33210,2019,12,12,22,0,-0.8,0,0,0,3.1,,,,,,,,,,,,,,,,,,,,,,,,,,,,,,,,,,,,
33211,2019,12,12,22,15,-0.8,0,0,0,3.2,,,,,,,,,,,,,,,,,,,,,,,,,,,,,,,,,,,,
33212,2019,12,12,22,30,-0.9,0,0,0,3.3000000000000003,,,,,,,,,,,,,,,,,,,,,,,,,,,,,,,,,,,,
33213,2019,12,12,22,45,-0.9,0,0,0,3.3000000000000003,,,,,,,,,,,,,,,,,,,,,,,,,,,,,,,,,,,,
33214,2019,12,12,23,0,-0.9,0,0,0,3.4000000000000004,,,,,,,,,,,,,,,,,,,,,,,,,,,,,,,,,,,,
33215,2019,12,12,23,15,-0.9,0,0,0,3.5,,,,,,,,,,,,,,,,,,,,,,,,,,,,,,,,,,,,
33216,2019,12,12,23,30,-1.0,0,0,0,3.5,,,,,,,,,,,,,,,,,,,,,,,,,,,,,,,,,,,,
33217,2019,12,12,23,45,-1.0,0,0,0,3.6,,,,,,,,,,,,,,,,,,,,,,,,,,,,,,,,,,,,
33218,2019,12,13,0,0,-1.1,0,0,0,3.6,,,,,,,,,,,,,,,,,,,,,,,,,,,,,,,,,,,,
33219,2019,12,13,0,15,-1.1,0,0,0,3.6,,,,,,,,,,,,,,,,,,,,,,,,,,,,,,,,,,,,
33220,2019,12,13,0,30,-1.1,0,0,0,3.6,,,,,,,,,,,,,,,,,,,,,,,,,,,,,,,,,,,,
33221,2019,12,13,0,45,-1.1,0,0,0,3.6,,,,,,,,,,,,,,,,,,,,,,,,,,,,,,,,,,,,
33222,2019,12,13,1,0,-1.3,0,0,0,3.8,,,,,,,,,,,,,,,,,,,,,,,,,,,,,,,,,,,,
33223,2019,12,13,1,15,-1.3,0,0,0,3.9,,,,,,,,,,,,,,,,,,,,,,,,,,,,,,,,,,,,
33224,2019,12,13,1,30,-1.4,0,0,0,3.9,,,,,,,,,,,,,,,,,,,,,,,,,,,,,,,,,,,,
33225,2019,12,13,1,45,-1.4,0,0,0,4.0,,,,,,,,,,,,,,,,,,,,,,,,,,,,,,,,,,,,
33226,2019,12,13,2,0,-1.5,0,0,0,4.0,,,,,,,,,,,,,,,,,,,,,,,,,,,,,,,,,,,,
33227,2019,12,13,2,15,-1.6,0,0,0,4.1000000000000005,,,,,,,,,,,,,,,,,,,,,,,,,,,,,,,,,,,,
33228,2019,12,13,2,30,-1.6,0,0,0,4.1000000000000005,,,,,,,,,,,,,,,,,,,,,,,,,,,,,,,,,,,,
33229,2019,12,13,2,45,-1.7000000000000002,0,0,0,4.2,,,,,,,,,,,,,,,,,,,,,,,,,,,,,,,,,,,,
33230,2019,12,13,3,0,-1.7000000000000002,0,0,0,4.2,,,,,,,,,,,,,,,,,,,,,,,,,,,,,,,,,,,,
33231,2019,12,13,3,15,-1.8,0,0,0,4.2,,,,,,,,,,,,,,,,,,,,,,,,,,,,,,,,,,,,
33232,2019,12,13,3,30,-1.9,0,0,0,4.2,,,,,,,,,,,,,,,,,,,,,,,,,,,,,,,,,,,,
33233,2019,12,13,3,45,-1.9,0,0,0,4.2,,,,,,,,,,,,,,,,,,,,,,,,,,,,,,,,,,,,
33234,2019,12,13,4,0,-2.0,0,0,0,4.2,,,,,,,,,,,,,,,,,,,,,,,,,,,,,,,,,,,,
33235,2019,12,13,4,15,-2.0,0,0,0,4.2,,,,,,,,,,,,,,,,,,,,,,,,,,,,,,,,,,,,
33236,2019,12,13,4,30,-2.1,0,0,0,4.3,,,,,,,,,,,,,,,,,,,,,,,,,,,,,,,,,,,,
33237,2019,12,13,4,45,-2.1,0,0,0,4.3,,,,,,,,,,,,,,,,,,,,,,,,,,,,,,,,,,,,
33238,2019,12,13,5,0,-2.1,0,0,0,4.3,,,,,,,,,,,,,,,,,,,,,,,,,,,,,,,,,,,,
33239,2019,12,13,5,15,-2.2,0,0,0,4.3,,,,,,,,,,,,,,,,,,,,,,,,,,,,,,,,,,,,
33240,2019,12,13,5,30,-2.2,0,0,0,4.3,,,,,,,,,,,,,,,,,,,,,,,,,,,,,,,,,,,,
33241,2019,12,13,5,45,-2.3000000000000003,0,0,0,4.3,,,,,,,,,,,,,,,,,,,,,,,,,,,,,,,,,,,,
33242,2019,12,13,6,0,-2.3000000000000003,0,0,0,4.3,,,,,,,,,,,,,,,,,,,,,,,,,,,,,,,,,,,,
33243,2019,12,13,6,15,-2.3000000000000003,0,0,0,4.3,,,,,,,,,,,,,,,,,,,,,,,,,,,,,,,,,,,,
33244,2019,12,13,6,30,-2.3000000000000003,0,0,0,4.3,,,,,,,,,,,,,,,,,,,,,,,,,,,,,,,,,,,,
33245,2019,12,13,6,45,-2.4000000000000004,0,0,0,4.3,,,,,,,,,,,,,,,,,,,,,,,,,,,,,,,,,,,,
33246,2019,12,13,7,0,-2.4000000000000004,0,0,0,4.3,,,,,,,,,,,,,,,,,,,,,,,,,,,,,,,,,,,,
33247,2019,12,13,7,15,-2.4000000000000004,0,0,0,4.2,,,,,,,,,,,,,,,,,,,,,,,,,,,,,,,,,,,,
33248,2019,12,13,7,30,-2.4000000000000004,0,0,0,4.2,,,,,,,,,,,,,,,,,,,,,,,,,,,,,,,,,,,,
33249,2019,12,13,7,45,-2.4000000000000004,0,0,0,4.2,,,,,,,,,,,,,,,,,,,,,,,,,,,,,,,,,,,,
33250,2019,12,13,8,0,-2.4000000000000004,0,0,0,4.2,,,,,,,,,,,,,,,,,,,,,,,,,,,,,,,,,,,,
33251,2019,12,13,8,15,-2.2,0,0,0,4.2,,,,,,,,,,,,,,,,,,,,,,,,,,,,,,,,,,,,
33252,2019,12,13,8,30,-2.0,3,0,3,4.3,,,,,,,,,,,,,,,,,,,,,,,,,,,,,,,,,,,,
33253,2019,12,13,8,45,-1.8,5,0,5,4.3,,,,,,,,,,,,,,,,,,,,,,,,,,,,,,,,,,,,
33254,2019,12,13,9,0,-1.6,4,0,4,4.3,,,,,,,,,,,,,,,,,,,,,,,,,,,,,,,,,,,,
33255,2019,12,13,9,15,-1.3,6,0,6,4.3,,,,,,,,,,,,,,,,,,,,,,,,,,,,,,,,,,,,
33256,2019,12,13,9,30,-1.0,9,0,9,4.3,,,,,,,,,,,,,,,,,,,,,,,,,,,,,,,,,,,,
33257,2019,12,13,9,45,-0.8,10,0,10,4.2,,,,,,,,,,,,,,,,,,,,,,,,,,,,,,,,,,,,
33258,2019,12,13,10,0,-0.5,11,0,11,4.2,,,,,,,,,,,,,,,,,,,,,,,,,,,,,,,,,,,,
33259,2019,12,13,10,15,-0.2,11,0,11,4.2,,,,,,,,,,,,,,,,,,,,,,,,,,,,,,,,,,,,
33260,2019,12,13,10,30,0.1,12,0,12,4.2,,,,,,,,,,,,,,,,,,,,,,,,,,,,,,,,,,,,
33261,2019,12,13,10,45,0.4,13,0,13,4.2,,,,,,,,,,,,,,,,,,,,,,,,,,,,,,,,,,,,
33262,2019,12,13,11,0,0.7000000000000001,14,0,14,4.2,,,,,,,,,,,,,,,,,,,,,,,,,,,,,,,,,,,,
33263,2019,12,13,11,15,0.9,14,0,14,4.1000000000000005,,,,,,,,,,,,,,,,,,,,,,,,,,,,,,,,,,,,
33264,2019,12,13,11,30,1.2000000000000002,15,0,15,4.1000000000000005,,,,,,,,,,,,,,,,,,,,,,,,,,,,,,,,,,,,
33265,2019,12,13,11,45,1.4,15,0,15,4.1000000000000005,,,,,,,,,,,,,,,,,,,,,,,,,,,,,,,,,,,,
33266,2019,12,13,12,0,1.6,15,0,15,4.0,,,,,,,,,,,,,,,,,,,,,,,,,,,,,,,,,,,,
33267,2019,12,13,12,15,1.7000000000000002,11,0,11,4.0,,,,,,,,,,,,,,,,,,,,,,,,,,,,,,,,,,,,
33268,2019,12,13,12,30,1.8,11,0,11,3.9,,,,,,,,,,,,,,,,,,,,,,,,,,,,,,,,,,,,
33269,2019,12,13,12,45,1.9,11,0,11,3.8,,,,,,,,,,,,,,,,,,,,,,,,,,,,,,,,,,,,
33270,2019,12,13,13,0,2.0,14,0,14,3.8,,,,,,,,,,,,,,,,,,,,,,,,,,,,,,,,,,,,
33271,2019,12,13,13,15,2.0,14,0,14,3.7,,,,,,,,,,,,,,,,,,,,,,,,,,,,,,,,,,,,
33272,2019,12,13,13,30,2.0,13,0,13,3.6,,,,,,,,,,,,,,,,,,,,,,,,,,,,,,,,,,,,
33273,2019,12,13,13,45,2.0,12,0,12,3.5,,,,,,,,,,,,,,,,,,,,,,,,,,,,,,,,,,,,
33274,2019,12,13,14,0,2.0,10,0,10,3.4000000000000004,,,,,,,,,,,,,,,,,,,,,,,,,,,,,,,,,,,,
33275,2019,12,13,14,15,1.8,9,0,9,3.2,,,,,,,,,,,,,,,,,,,,,,,,,,,,,,,,,,,,
33276,2019,12,13,14,30,1.6,8,0,8,3.1,,,,,,,,,,,,,,,,,,,,,,,,,,,,,,,,,,,,
33277,2019,12,13,14,45,1.5,7,0,7,2.9000000000000004,,,,,,,,,,,,,,,,,,,,,,,,,,,,,,,,,,,,
33278,2019,12,13,15,0,1.3,6,0,6,2.8000000000000003,,,,,,,,,,,,,,,,,,,,,,,,,,,,,,,,,,,,
33279,2019,12,13,15,15,1.0,4,0,4,2.6,,,,,,,,,,,,,,,,,,,,,,,,,,,,,,,,,,,,
33280,2019,12,13,15,30,0.7000000000000001,4,0,4,2.5,,,,,,,,,,,,,,,,,,,,,,,,,,,,,,,,,,,,
33281,2019,12,13,15,45,0.4,2,0,2,2.4000000000000004,,,,,,,,,,,,,,,,,,,,,,,,,,,,,,,,,,,,
33282,2019,12,13,16,0,0.1,0,0,0,2.3000000000000003,,,,,,,,,,,,,,,,,,,,,,,,,,,,,,,,,,,,
33283,2019,12,13,16,15,-0.1,0,0,0,2.2,,,,,,,,,,,,,,,,,,,,,,,,,,,,,,,,,,,,
33284,2019,12,13,16,30,-0.3,0,0,0,2.0,,,,,,,,,,,,,,,,,,,,,,,,,,,,,,,,,,,,
33285,2019,12,13,16,45,-0.5,0,0,0,1.9,,,,,,,,,,,,,,,,,,,,,,,,,,,,,,,,,,,,
33286,2019,12,13,17,0,-0.6000000000000001,0,0,0,1.8,,,,,,,,,,,,,,,,,,,,,,,,,,,,,,,,,,,,
33287,2019,12,13,17,15,-0.8,0,0,0,1.7000000000000002,,,,,,,,,,,,,,,,,,,,,,,,,,,,,,,,,,,,
33288,2019,12,13,17,30,-0.9,0,0,0,1.6,,,,,,,,,,,,,,,,,,,,,,,,,,,,,,,,,,,,
33289,2019,12,13,17,45,-1.0,0,0,0,1.5,,,,,,,,,,,,,,,,,,,,,,,,,,,,,,,,,,,,
33290,2019,12,13,18,0,-1.1,0,0,0,1.4,,,,,,,,,,,,,,,,,,,,,,,,,,,,,,,,,,,,
33291,2019,12,13,18,15,-1.1,0,0,0,1.4,,,,,,,,,,,,,,,,,,,,,,,,,,,,,,,,,,,,
33292,2019,12,13,18,30,-1.2000000000000002,0,0,0,1.4,,,,,,,,,,,,,,,,,,,,,,,,,,,,,,,,,,,,
33293,2019,12,13,18,45,-1.2000000000000002,0,0,0,1.4,,,,,,,,,,,,,,,,,,,,,,,,,,,,,,,,,,,,
33294,2019,12,13,19,0,-1.3,0,0,0,1.4,,,,,,,,,,,,,,,,,,,,,,,,,,,,,,,,,,,,
33295,2019,12,13,19,15,-1.2000000000000002,0,0,0,1.4,,,,,,,,,,,,,,,,,,,,,,,,,,,,,,,,,,,,
33296,2019,12,13,19,30,-1.1,0,0,0,1.5,,,,,,,,,,,,,,,,,,,,,,,,,,,,,,,,,,,,
33297,2019,12,13,19,45,-1.0,0,0,0,1.6,,,,,,,,,,,,,,,,,,,,,,,,,,,,,,,,,,,,
33298,2019,12,13,20,0,-0.9,0,0,0,1.6,,,,,,,,,,,,,,,,,,,,,,,,,,,,,,,,,,,,
33299,2019,12,13,20,15,-0.7000000000000001,0,0,0,1.7000000000000002,,,,,,,,,,,,,,,,,,,,,,,,,,,,,,,,,,,,
33300,2019,12,13,20,30,-0.6000000000000001,0,0,0,1.8,,,,,,,,,,,,,,,,,,,,,,,,,,,,,,,,,,,,
33301,2019,12,13,20,45,-0.4,0,0,0,1.9,,,,,,,,,,,,,,,,,,,,,,,,,,,,,,,,,,,,
33302,2019,12,13,21,0,-0.3,0,0,0,1.9,,,,,,,,,,,,,,,,,,,,,,,,,,,,,,,,,,,,
33303,2019,12,13,21,15,-0.1,0,0,0,2.0,,,,,,,,,,,,,,,,,,,,,,,,,,,,,,,,,,,,
33304,2019,12,13,21,30,0.0,0,0,0,2.1,,,,,,,,,,,,,,,,,,,,,,,,,,,,,,,,,,,,
33305,2019,12,13,21,45,0.1,0,0,0,2.2,,,,,,,,,,,,,,,,,,,,,,,,,,,,,,,,,,,,
33306,2019,12,13,22,0,0.2,0,0,0,2.3000000000000003,,,,,,,,,,,,,,,,,,,,,,,,,,,,,,,,,,,,
33307,2019,12,13,22,15,0.3,0,0,0,2.4000000000000004,,,,,,,,,,,,,,,,,,,,,,,,,,,,,,,,,,,,
33308,2019,12,13,22,30,0.3,0,0,0,2.5,,,,,,,,,,,,,,,,,,,,,,,,,,,,,,,,,,,,
33309,2019,12,13,22,45,0.4,0,0,0,2.6,,,,,,,,,,,,,,,,,,,,,,,,,,,,,,,,,,,,
33310,2019,12,13,23,0,0.4,0,0,0,2.7,,,,,,,,,,,,,,,,,,,,,,,,,,,,,,,,,,,,
33311,2019,12,13,23,15,0.5,0,0,0,2.7,,,,,,,,,,,,,,,,,,,,,,,,,,,,,,,,,,,,
33312,2019,12,13,23,30,0.5,0,0,0,2.8000000000000003,,,,,,,,,,,,,,,,,,,,,,,,,,,,,,,,,,,,
33313,2019,12,13,23,45,0.6000000000000001,0,0,0,2.9000000000000004,,,,,,,,,,,,,,,,,,,,,,,,,,,,,,,,,,,,
33314,2019,12,14,0,0,0.6000000000000001,0,0,0,3.0,,,,,,,,,,,,,,,,,,,,,,,,,,,,,,,,,,,,
33315,2019,12,14,0,15,0.6000000000000001,0,0,0,3.0,,,,,,,,,,,,,,,,,,,,,,,,,,,,,,,,,,,,
33316,2019,12,14,0,30,0.6000000000000001,0,0,0,3.0,,,,,,,,,,,,,,,,,,,,,,,,,,,,,,,,,,,,
33317,2019,12,14,0,45,0.6000000000000001,0,0,0,3.0,,,,,,,,,,,,,,,,,,,,,,,,,,,,,,,,,,,,
33318,2019,12,14,1,0,0.9,0,0,0,3.4000000000000004,,,,,,,,,,,,,,,,,,,,,,,,,,,,,,,,,,,,
33319,2019,12,14,1,15,1.0,0,0,0,3.5,,,,,,,,,,,,,,,,,,,,,,,,,,,,,,,,,,,,
33320,2019,12,14,1,30,1.1,0,0,0,3.7,,,,,,,,,,,,,,,,,,,,,,,,,,,,,,,,,,,,
33321,2019,12,14,1,45,1.2000000000000002,0,0,0,3.8,,,,,,,,,,,,,,,,,,,,,,,,,,,,,,,,,,,,
33322,2019,12,14,2,0,1.4,0,0,0,3.9,,,,,,,,,,,,,,,,,,,,,,,,,,,,,,,,,,,,
33323,2019,12,14,2,15,1.4,0,0,0,3.9,,,,,,,,,,,,,,,,,,,,,,,,,,,,,,,,,,,,
33324,2019,12,14,2,30,1.5,0,0,0,3.9,,,,,,,,,,,,,,,,,,,,,,,,,,,,,,,,,,,,
33325,2019,12,14,2,45,1.6,0,0,0,4.0,,,,,,,,,,,,,,,,,,,,,,,,,,,,,,,,,,,,
33326,2019,12,14,3,0,1.6,0,0,0,4.0,,,,,,,,,,,,,,,,,,,,,,,,,,,,,,,,,,,,
33327,2019,12,14,3,15,1.5,0,0,0,3.9,,,,,,,,,,,,,,,,,,,,,,,,,,,,,,,,,,,,
33328,2019,12,14,3,30,1.5,0,0,0,3.9,,,,,,,,,,,,,,,,,,,,,,,,,,,,,,,,,,,,
33329,2019,12,14,3,45,1.4,0,0,0,3.9,,,,,,,,,,,,,,,,,,,,,,,,,,,,,,,,,,,,
33330,2019,12,14,4,0,1.3,0,0,0,3.8,,,,,,,,,,,,,,,,,,,,,,,,,,,,,,,,,,,,
33331,2019,12,14,4,15,1.2000000000000002,0,0,0,3.9,,,,,,,,,,,,,,,,,,,,,,,,,,,,,,,,,,,,
33332,2019,12,14,4,30,1.2000000000000002,0,0,0,3.9,,,,,,,,,,,,,,,,,,,,,,,,,,,,,,,,,,,,
33333,2019,12,14,4,45,1.1,0,0,0,3.9,,,,,,,,,,,,,,,,,,,,,,,,,,,,,,,,,,,,
33334,2019,12,14,5,0,1.0,0,0,0,3.9,,,,,,,,,,,,,,,,,,,,,,,,,,,,,,,,,,,,
33335,2019,12,14,5,15,0.9,0,0,0,3.9,,,,,,,,,,,,,,,,,,,,,,,,,,,,,,,,,,,,
33336,2019,12,14,5,30,0.9,0,0,0,3.9,,,,,,,,,,,,,,,,,,,,,,,,,,,,,,,,,,,,
33337,2019,12,14,5,45,0.8,0,0,0,3.9,,,,,,,,,,,,,,,,,,,,,,,,,,,,,,,,,,,,
33338,2019,12,14,6,0,0.7000000000000001,0,0,0,3.9,,,,,,,,,,,,,,,,,,,,,,,,,,,,,,,,,,,,
33339,2019,12,14,6,15,0.7000000000000001,0,0,0,3.9,,,,,,,,,,,,,,,,,,,,,,,,,,,,,,,,,,,,
33340,2019,12,14,6,30,0.6000000000000001,0,0,0,3.9,,,,,,,,,,,,,,,,,,,,,,,,,,,,,,,,,,,,
33341,2019,12,14,6,45,0.6000000000000001,0,0,0,3.8,,,,,,,,,,,,,,,,,,,,,,,,,,,,,,,,,,,,
33342,2019,12,14,7,0,0.5,0,0,0,3.8,,,,,,,,,,,,,,,,,,,,,,,,,,,,,,,,,,,,
33343,2019,12,14,7,15,0.6000000000000001,0,0,0,3.8,,,,,,,,,,,,,,,,,,,,,,,,,,,,,,,,,,,,
33344,2019,12,14,7,30,0.7000000000000001,0,0,0,3.8,,,,,,,,,,,,,,,,,,,,,,,,,,,,,,,,,,,,
33345,2019,12,14,7,45,0.8,0,0,0,3.9,,,,,,,,,,,,,,,,,,,,,,,,,,,,,,,,,,,,
33346,2019,12,14,8,0,0.8,0,0,0,3.9,,,,,,,,,,,,,,,,,,,,,,,,,,,,,,,,,,,,
33347,2019,12,14,8,15,1.1,0,0,0,3.9,,,,,,,,,,,,,,,,,,,,,,,,,,,,,,,,,,,,
33348,2019,12,14,8,30,1.3,2,0,2,3.9,,,,,,,,,,,,,,,,,,,,,,,,,,,,,,,,,,,,
33349,2019,12,14,8,45,1.5,4,0,4,4.0,,,,,,,,,,,,,,,,,,,,,,,,,,,,,,,,,,,,
33350,2019,12,14,9,0,1.7000000000000002,5,0,5,4.0,,,,,,,,,,,,,,,,,,,,,,,,,,,,,,,,,,,,
33351,2019,12,14,9,15,1.9,6,0,6,4.0,,,,,,,,,,,,,,,,,,,,,,,,,,,,,,,,,,,,
33352,2019,12,14,9,30,2.0,7,0,7,4.0,,,,,,,,,,,,,,,,,,,,,,,,,,,,,,,,,,,,
33353,2019,12,14,9,45,2.2,8,0,8,4.1000000000000005,,,,,,,,,,,,,,,,,,,,,,,,,,,,,,,,,,,,
33354,2019,12,14,10,0,2.3000000000000003,9,0,9,4.1000000000000005,,,,,,,,,,,,,,,,,,,,,,,,,,,,,,,,,,,,
33355,2019,12,14,10,15,2.4000000000000004,10,0,10,4.3,,,,,,,,,,,,,,,,,,,,,,,,,,,,,,,,,,,,
33356,2019,12,14,10,30,2.5,9,0,9,4.5,,,,,,,,,,,,,,,,,,,,,,,,,,,,,,,,,,,,
33357,2019,12,14,10,45,2.6,10,0,10,4.7,,,,,,,,,,,,,,,,,,,,,,,,,,,,,,,,,,,,
33358,2019,12,14,11,0,2.8000000000000003,10,0,10,4.9,,,,,,,,,,,,,,,,,,,,,,,,,,,,,,,,,,,,
33359,2019,12,14,11,15,3.0,14,0,14,5.2,,,,,,,,,,,,,,,,,,,,,,,,,,,,,,,,,,,,
33360,2019,12,14,11,30,3.2,15,0,15,5.6000000000000005,,,,,,,,,,,,,,,,,,,,,,,,,,,,,,,,,,,,
33361,2019,12,14,11,45,3.4000000000000004,15,0,15,5.9,,,,,,,,,,,,,,,,,,,,,,,,,,,,,,,,,,,,
33362,2019,12,14,12,0,3.6,16,0,16,6.2,,,,,,,,,,,,,,,,,,,,,,,,,,,,,,,,,,,,
33363,2019,12,14,12,15,3.8,16,0,16,6.300000000000001,,,,,,,,,,,,,,,,,,,,,,,,,,,,,,,,,,,,
33364,2019,12,14,12,30,4.0,15,0,15,6.4,,,,,,,,,,,,,,,,,,,,,,,,,,,,,,,,,,,,
33365,2019,12,14,12,45,4.2,15,0,15,6.5,,,,,,,,,,,,,,,,,,,,,,,,,,,,,,,,,,,,
33366,2019,12,14,13,0,4.4,14,0,14,6.6000000000000005,,,,,,,,,,,,,,,,,,,,,,,,,,,,,,,,,,,,
33367,2019,12,14,13,15,4.5,14,0,14,6.6000000000000005,,,,,,,,,,,,,,,,,,,,,,,,,,,,,,,,,,,,
33368,2019,12,14,13,30,4.5,66,552,190,6.5,,,,,,,,,,,,,,,,,,,,,,,,,,,,,,,,,,,,
33369,2019,12,14,13,45,4.5,9,0,9,6.5,,,,,,,,,,,,,,,,,,,,,,,,,,,,,,,,,,,,
33370,2019,12,14,14,0,4.5,11,0,11,6.5,,,,,,,,,,,,,,,,,,,,,,,,,,,,,,,,,,,,
33371,2019,12,14,14,15,4.5,9,0,9,6.5,,,,,,,,,,,,,,,,,,,,,,,,,,,,,,,,,,,,
33372,2019,12,14,14,30,4.4,8,0,8,6.4,,,,,,,,,,,,,,,,,,,,,,,,,,,,,,,,,,,,
33373,2019,12,14,14,45,4.3,7,0,7,6.4,,,,,,,,,,,,,,,,,,,,,,,,,,,,,,,,,,,,
33374,2019,12,14,15,0,4.3,6,0,6,6.4,,,,,,,,,,,,,,,,,,,,,,,,,,,,,,,,,,,,
33375,2019,12,14,15,15,4.1000000000000005,4,0,4,6.4,,,,,,,,,,,,,,,,,,,,,,,,,,,,,,,,,,,,
33376,2019,12,14,15,30,4.0,25,179,35,6.4,,,,,,,,,,,,,,,,,,,,,,,,,,,,,,,,,,,,
33377,2019,12,14,15,45,3.9,2,0,2,6.4,,,,,,,,,,,,,,,,,,,,,,,,,,,,,,,,,,,,
33378,2019,12,14,16,0,3.8,0,0,0,6.4,,,,,,,,,,,,,,,,,,,,,,,,,,,,,,,,,,,,
33379,2019,12,14,16,15,3.8,0,0,0,6.4,,,,,,,,,,,,,,,,,,,,,,,,,,,,,,,,,,,,
33380,2019,12,14,16,30,3.7,0,0,0,6.4,,,,,,,,,,,,,,,,,,,,,,,,,,,,,,,,,,,,
33381,2019,12,14,16,45,3.7,0,0,0,6.4,,,,,,,,,,,,,,,,,,,,,,,,,,,,,,,,,,,,
33382,2019,12,14,17,0,3.6,0,0,0,6.4,,,,,,,,,,,,,,,,,,,,,,,,,,,,,,,,,,,,
33383,2019,12,14,17,15,3.6,0,0,0,6.4,,,,,,,,,,,,,,,,,,,,,,,,,,,,,,,,,,,,
33384,2019,12,14,17,30,3.5,0,0,0,6.300000000000001,,,,,,,,,,,,,,,,,,,,,,,,,,,,,,,,,,,,
33385,2019,12,14,17,45,3.5,0,0,0,6.300000000000001,,,,,,,,,,,,,,,,,,,,,,,,,,,,,,,,,,,,
33386,2019,12,14,18,0,3.4000000000000004,0,0,0,6.2,,,,,,,,,,,,,,,,,,,,,,,,,,,,,,,,,,,,
33387,2019,12,14,18,15,3.4000000000000004,0,0,0,6.2,,,,,,,,,,,,,,,,,,,,,,,,,,,,,,,,,,,,
33388,2019,12,14,18,30,3.3000000000000003,0,0,0,6.2,,,,,,,,,,,,,,,,,,,,,,,,,,,,,,,,,,,,
33389,2019,12,14,18,45,3.3000000000000003,0,0,0,6.2,,,,,,,,,,,,,,,,,,,,,,,,,,,,,,,,,,,,
33390,2019,12,14,19,0,3.3000000000000003,0,0,0,6.2,,,,,,,,,,,,,,,,,,,,,,,,,,,,,,,,,,,,
33391,2019,12,14,19,15,3.2,0,0,0,6.1000000000000005,,,,,,,,,,,,,,,,,,,,,,,,,,,,,,,,,,,,
33392,2019,12,14,19,30,3.1,0,0,0,6.0,,,,,,,,,,,,,,,,,,,,,,,,,,,,,,,,,,,,
33393,2019,12,14,19,45,3.1,0,0,0,5.9,,,,,,,,,,,,,,,,,,,,,,,,,,,,,,,,,,,,
33394,2019,12,14,20,0,3.0,0,0,0,5.800000000000001,,,,,,,,,,,,,,,,,,,,,,,,,,,,,,,,,,,,
33395,2019,12,14,20,15,3.0,0,0,0,5.7,,,,,,,,,,,,,,,,,,,,,,,,,,,,,,,,,,,,
33396,2019,12,14,20,30,3.0,0,0,0,5.6000000000000005,,,,,,,,,,,,,,,,,,,,,,,,,,,,,,,,,,,,
33397,2019,12,14,20,45,2.9000000000000004,0,0,0,5.4,,,,,,,,,,,,,,,,,,,,,,,,,,,,,,,,,,,,
33398,2019,12,14,21,0,2.9000000000000004,0,0,0,5.300000000000001,,,,,,,,,,,,,,,,,,,,,,,,,,,,,,,,,,,,
33399,2019,12,14,21,15,3.1,0,0,0,5.4,,,,,,,,,,,,,,,,,,,,,,,,,,,,,,,,,,,,
33400,2019,12,14,21,30,3.2,0,0,0,5.5,,,,,,,,,,,,,,,,,,,,,,,,,,,,,,,,,,,,
33401,2019,12,14,21,45,3.3000000000000003,0,0,0,5.6000000000000005,,,,,,,,,,,,,,,,,,,,,,,,,,,,,,,,,,,,
33402,2019,12,14,22,0,3.5,0,0,0,5.7,,,,,,,,,,,,,,,,,,,,,,,,,,,,,,,,,,,,
33403,2019,12,14,22,15,3.6,0,0,0,5.7,,,,,,,,,,,,,,,,,,,,,,,,,,,,,,,,,,,,
33404,2019,12,14,22,30,3.6,0,0,0,5.7,,,,,,,,,,,,,,,,,,,,,,,,,,,,,,,,,,,,
33405,2019,12,14,22,45,3.7,0,0,0,5.7,,,,,,,,,,,,,,,,,,,,,,,,,,,,,,,,,,,,
33406,2019,12,14,23,0,3.8,0,0,0,5.7,,,,,,,,,,,,,,,,,,,,,,,,,,,,,,,,,,,,
33407,2019,12,14,23,15,3.8,0,0,0,5.6000000000000005,,,,,,,,,,,,,,,,,,,,,,,,,,,,,,,,,,,,
33408,2019,12,14,23,30,3.8,0,0,0,5.6000000000000005,,,,,,,,,,,,,,,,,,,,,,,,,,,,,,,,,,,,
33409,2019,12,14,23,45,3.8,0,0,0,5.5,,,,,,,,,,,,,,,,,,,,,,,,,,,,,,,,,,,,
33410,2019,12,15,0,0,3.8,0,0,0,5.4,,,,,,,,,,,,,,,,,,,,,,,,,,,,,,,,,,,,
33411,2019,12,15,0,15,3.8,0,0,0,5.4,,,,,,,,,,,,,,,,,,,,,,,,,,,,,,,,,,,,
33412,2019,12,15,0,30,3.8,0,0,0,5.4,,,,,,,,,,,,,,,,,,,,,,,,,,,,,,,,,,,,
33413,2019,12,15,0,45,3.8,0,0,0,5.4,,,,,,,,,,,,,,,,,,,,,,,,,,,,,,,,,,,,
33414,2019,12,15,1,0,3.2,0,0,0,4.3,,,,,,,,,,,,,,,,,,,,,,,,,,,,,,,,,,,,
33415,2019,12,15,1,15,3.0,0,0,0,3.9,,,,,,,,,,,,,,,,,,,,,,,,,,,,,,,,,,,,
33416,2019,12,15,1,30,2.7,0,0,0,3.6,,,,,,,,,,,,,,,,,,,,,,,,,,,,,,,,,,,,
33417,2019,12,15,1,45,2.5,0,0,0,3.2,,,,,,,,,,,,,,,,,,,,,,,,,,,,,,,,,,,,
33418,2019,12,15,2,0,2.3000000000000003,0,0,0,2.8000000000000003,,,,,,,,,,,,,,,,,,,,,,,,,,,,,,,,,,,,
33419,2019,12,15,2,15,2.2,0,0,0,2.7,,,,,,,,,,,,,,,,,,,,,,,,,,,,,,,,,,,,
33420,2019,12,15,2,30,2.2,0,0,0,2.5,,,,,,,,,,,,,,,,,,,,,,,,,,,,,,,,,,,,
33421,2019,12,15,2,45,2.2,0,0,0,2.4000000000000004,,,,,,,,,,,,,,,,,,,,,,,,,,,,,,,,,,,,
33422,2019,12,15,3,0,2.1,0,0,0,2.3000000000000003,,,,,,,,,,,,,,,,,,,,,,,,,,,,,,,,,,,,
33423,2019,12,15,3,15,2.3000000000000003,0,0,0,2.4000000000000004,,,,,,,,,,,,,,,,,,,,,,,,,,,,,,,,,,,,
33424,2019,12,15,3,30,2.5,0,0,0,2.6,,,,,,,,,,,,,,,,,,,,,,,,,,,,,,,,,,,,
33425,2019,12,15,3,45,2.7,0,0,0,2.8000000000000003,,,,,,,,,,,,,,,,,,,,,,,,,,,,,,,,,,,,
33426,2019,12,15,4,0,2.9000000000000004,0,0,0,2.9000000000000004,,,,,,,,,,,,,,,,,,,,,,,,,,,,,,,,,,,,
33427,2019,12,15,4,15,3.0,0,0,0,3.1,,,,,,,,,,,,,,,,,,,,,,,,,,,,,,,,,,,,
33428,2019,12,15,4,30,3.1,0,0,0,3.3000000000000003,,,,,,,,,,,,,,,,,,,,,,,,,,,,,,,,,,,,
33429,2019,12,15,4,45,3.1,0,0,0,3.5,,,,,,,,,,,,,,,,,,,,,,,,,,,,,,,,,,,,
33430,2019,12,15,5,0,3.2,0,0,0,3.7,,,,,,,,,,,,,,,,,,,,,,,,,,,,,,,,,,,,
33431,2019,12,15,5,15,3.2,0,0,0,4.0,,,,,,,,,,,,,,,,,,,,,,,,,,,,,,,,,,,,
33432,2019,12,15,5,30,3.2,0,0,0,4.2,,,,,,,,,,,,,,,,,,,,,,,,,,,,,,,,,,,,
33433,2019,12,15,5,45,3.2,0,0,0,4.4,,,,,,,,,,,,,,,,,,,,,,,,,,,,,,,,,,,,
33434,2019,12,15,6,0,3.2,0,0,0,4.6000000000000005,,,,,,,,,,,,,,,,,,,,,,,,,,,,,,,,,,,,
33435,2019,12,15,6,15,3.3000000000000003,0,0,0,4.800000000000001,,,,,,,,,,,,,,,,,,,,,,,,,,,,,,,,,,,,
33436,2019,12,15,6,30,3.3000000000000003,0,0,0,4.9,,,,,,,,,,,,,,,,,,,,,,,,,,,,,,,,,,,,
33437,2019,12,15,6,45,3.3000000000000003,0,0,0,5.0,,,,,,,,,,,,,,,,,,,,,,,,,,,,,,,,,,,,
33438,2019,12,15,7,0,3.3000000000000003,0,0,0,5.2,,,,,,,,,,,,,,,,,,,,,,,,,,,,,,,,,,,,
33439,2019,12,15,7,15,3.5,0,0,0,5.300000000000001,,,,,,,,,,,,,,,,,,,,,,,,,,,,,,,,,,,,
33440,2019,12,15,7,30,3.7,0,0,0,5.4,,,,,,,,,,,,,,,,,,,,,,,,,,,,,,,,,,,,
33441,2019,12,15,7,45,3.9,0,0,0,5.4,,,,,,,,,,,,,,,,,,,,,,,,,,,,,,,,,,,,
33442,2019,12,15,8,0,4.1000000000000005,0,0,0,5.5,,,,,,,,,,,,,,,,,,,,,,,,,,,,,,,,,,,,
33443,2019,12,15,8,15,4.7,0,0,0,5.7,,,,,,,,,,,,,,,,,,,,,,,,,,,,,,,,,,,,
33444,2019,12,15,8,30,5.300000000000001,2,0,2,5.800000000000001,,,,,,,,,,,,,,,,,,,,,,,,,,,,,,,,,,,,
33445,2019,12,15,8,45,5.9,4,0,4,6.0,,,,,,,,,,,,,,,,,,,,,,,,,,,,,,,,,,,,
33446,2019,12,15,9,0,6.5,26,307,51,6.2,,,,,,,,,,,,,,,,,,,,,,,,,,,,,,,,,,,,
33447,2019,12,15,9,15,7.0,5,0,5,6.4,,,,,,,,,,,,,,,,,,,,,,,,,,,,,,,,,,,,
33448,2019,12,15,9,30,7.5,7,0,7,6.5,,,,,,,,,,,,,,,,,,,,,,,,,,,,,,,,,,,,
33449,2019,12,15,9,45,8.0,8,0,8,6.7,,,,,,,,,,,,,,,,,,,,,,,,,,,,,,,,,,,,
33450,2019,12,15,10,0,8.5,9,0,9,6.9,,,,,,,,,,,,,,,,,,,,,,,,,,,,,,,,,,,,
33451,2019,12,15,10,15,8.6,10,0,10,6.9,,,,,,,,,,,,,,,,,,,,,,,,,,,,,,,,,,,,
33452,2019,12,15,10,30,8.6,12,0,12,6.9,,,,,,,,,,,,,,,,,,,,,,,,,,,,,,,,,,,,
33453,2019,12,15,10,45,8.700000000000001,13,0,13,6.9,,,,,,,,,,,,,,,,,,,,,,,,,,,,,,,,,,,,
33454,2019,12,15,11,0,8.8,14,0,14,6.9,,,,,,,,,,,,,,,,,,,,,,,,,,,,,,,,,,,,
33455,2019,12,15,11,15,8.700000000000001,14,0,14,6.800000000000001,,,,,,,,,,,,,,,,,,,,,,,,,,,,,,,,,,,,
33456,2019,12,15,11,30,8.6,15,0,15,6.7,,,,,,,,,,,,,,,,,,,,,,,,,,,,,,,,,,,,
33457,2019,12,15,11,45,8.6,16,0,16,6.6000000000000005,,,,,,,,,,,,,,,,,,,,,,,,,,,,,,,,,,,,
33458,2019,12,15,12,0,8.5,16,0,16,6.5,,,,,,,,,,,,,,,,,,,,,,,,,,,,,,,,,,,,
33459,2019,12,15,12,15,8.5,16,0,16,6.4,,,,,,,,,,,,,,,,,,,,,,,,,,,,,,,,,,,,
33460,2019,12,15,12,30,8.4,16,0,16,6.2,,,,,,,,,,,,,,,,,,,,,,,,,,,,,,,,,,,,
33461,2019,12,15,12,45,8.3,15,0,15,6.1000000000000005,,,,,,,,,,,,,,,,,,,,,,,,,,,,,,,,,,,,
33462,2019,12,15,13,0,8.3,11,0,11,6.0,,,,,,,,,,,,,,,,,,,,,,,,,,,,,,,,,,,,
33463,2019,12,15,13,15,8.1,10,0,10,5.7,,,,,,,,,,,,,,,,,,,,,,,,,,,,,,,,,,,,
33464,2019,12,15,13,30,7.9,13,0,13,5.5,,,,,,,,,,,,,,,,,,,,,,,,,,,,,,,,,,,,
33465,2019,12,15,13,45,7.800000000000001,9,0,9,5.300000000000001,,,,,,,,,,,,,,,,,,,,,,,,,,,,,,,,,,,,
33466,2019,12,15,14,0,7.6,9,0,9,5.1000000000000005,,,,,,,,,,,,,,,,,,,,,,,,,,,,,,,,,,,,
33467,2019,12,15,14,15,7.2,8,0,8,4.9,,,,,,,,,,,,,,,,,,,,,,,,,,,,,,,,,,,,
33468,2019,12,15,14,30,6.9,8,0,8,4.6000000000000005,,,,,,,,,,,,,,,,,,,,,,,,,,,,,,,,,,,,
33469,2019,12,15,14,45,6.5,7,0,7,4.4,,,,,,,,,,,,,,,,,,,,,,,,,,,,,,,,,,,,
33470,2019,12,15,15,0,6.2,6,0,6,4.2,,,,,,,,,,,,,,,,,,,,,,,,,,,,,,,,,,,,
33471,2019,12,15,15,15,5.800000000000001,4,0,4,4.1000000000000005,,,,,,,,,,,,,,,,,,,,,,,,,,,,,,,,,,,,
33472,2019,12,15,15,30,5.5,4,0,4,4.0,,,,,,,,,,,,,,,,,,,,,,,,,,,,,,,,,,,,
33473,2019,12,15,15,45,5.1000000000000005,2,0,2,3.9,,,,,,,,,,,,,,,,,,,,,,,,,,,,,,,,,,,,
33474,2019,12,15,16,0,4.7,0,0,0,3.8,,,,,,,,,,,,,,,,,,,,,,,,,,,,,,,,,,,,
33475,2019,12,15,16,15,4.6000000000000005,0,0,0,3.8,,,,,,,,,,,,,,,,,,,,,,,,,,,,,,,,,,,,
33476,2019,12,15,16,30,4.5,0,0,0,3.8,,,,,,,,,,,,,,,,,,,,,,,,,,,,,,,,,,,,
33477,2019,12,15,16,45,4.4,0,0,0,3.8,,,,,,,,,,,,,,,,,,,,,,,,,,,,,,,,,,,,
33478,2019,12,15,17,0,4.3,0,0,0,3.8,,,,,,,,,,,,,,,,,,,,,,,,,,,,,,,,,,,,
33479,2019,12,15,17,15,4.2,0,0,0,3.9,,,,,,,,,,,,,,,,,,,,,,,,,,,,,,,,,,,,
33480,2019,12,15,17,30,4.1000000000000005,0,0,0,3.9,,,,,,,,,,,,,,,,,,,,,,,,,,,,,,,,,,,,
33481,2019,12,15,17,45,4.1000000000000005,0,0,0,3.9,,,,,,,,,,,,,,,,,,,,,,,,,,,,,,,,,,,,
33482,2019,12,15,18,0,4.0,0,0,0,4.0,,,,,,,,,,,,,,,,,,,,,,,,,,,,,,,,,,,,
33483,2019,12,15,18,15,4.0,0,0,0,4.0,,,,,,,,,,,,,,,,,,,,,,,,,,,,,,,,,,,,
33484,2019,12,15,18,30,3.9,0,0,0,4.0,,,,,,,,,,,,,,,,,,,,,,,,,,,,,,,,,,,,
33485,2019,12,15,18,45,3.9,0,0,0,4.0,,,,,,,,,,,,,,,,,,,,,,,,,,,,,,,,,,,,
33486,2019,12,15,19,0,3.9,0,0,0,4.0,,,,,,,,,,,,,,,,,,,,,,,,,,,,,,,,,,,,
33487,2019,12,15,19,15,3.8,0,0,0,4.0,,,,,,,,,,,,,,,,,,,,,,,,,,,,,,,,,,,,
33488,2019,12,15,19,30,3.8,0,0,0,4.0,,,,,,,,,,,,,,,,,,,,,,,,,,,,,,,,,,,,
33489,2019,12,15,19,45,3.8,0,0,0,3.9,,,,,,,,,,,,,,,,,,,,,,,,,,,,,,,,,,,,
33490,2019,12,15,20,0,3.8,0,0,0,3.9,,,,,,,,,,,,,,,,,,,,,,,,,,,,,,,,,,,,
33491,2019,12,15,20,15,3.7,0,0,0,3.9,,,,,,,,,,,,,,,,,,,,,,,,,,,,,,,,,,,,
33492,2019,12,15,20,30,3.7,0,0,0,3.8,,,,,,,,,,,,,,,,,,,,,,,,,,,,,,,,,,,,
33493,2019,12,15,20,45,3.6,0,0,0,3.8,,,,,,,,,,,,,,,,,,,,,,,,,,,,,,,,,,,,
33494,2019,12,15,21,0,3.6,0,0,0,3.7,,,,,,,,,,,,,,,,,,,,,,,,,,,,,,,,,,,,
33495,2019,12,15,21,15,3.6,0,0,0,3.7,,,,,,,,,,,,,,,,,,,,,,,,,,,,,,,,,,,,
33496,2019,12,15,21,30,3.5,0,0,0,3.6,,,,,,,,,,,,,,,,,,,,,,,,,,,,,,,,,,,,
33497,2019,12,15,21,45,3.4000000000000004,0,0,0,3.6,,,,,,,,,,,,,,,,,,,,,,,,,,,,,,,,,,,,
33498,2019,12,15,22,0,3.4000000000000004,0,0,0,3.5,,,,,,,,,,,,,,,,,,,,,,,,,,,,,,,,,,,,
33499,2019,12,15,22,15,3.3000000000000003,0,0,0,3.5,,,,,,,,,,,,,,,,,,,,,,,,,,,,,,,,,,,,
33500,2019,12,15,22,30,3.2,0,0,0,3.4000000000000004,,,,,,,,,,,,,,,,,,,,,,,,,,,,,,,,,,,,
33501,2019,12,15,22,45,3.1,0,0,0,3.3000000000000003,,,,,,,,,,,,,,,,,,,,,,,,,,,,,,,,,,,,
33502,2019,12,15,23,0,3.0,0,0,0,3.3000000000000003,,,,,,,,,,,,,,,,,,,,,,,,,,,,,,,,,,,,
33503,2019,12,15,23,15,2.9000000000000004,0,0,0,3.2,,,,,,,,,,,,,,,,,,,,,,,,,,,,,,,,,,,,
33504,2019,12,15,23,30,2.9000000000000004,0,0,0,3.2,,,,,,,,,,,,,,,,,,,,,,,,,,,,,,,,,,,,
33505,2019,12,15,23,45,2.8000000000000003,0,0,0,3.1,,,,,,,,,,,,,,,,,,,,,,,,,,,,,,,,,,,,
33506,2019,12,16,0,0,2.7,0,0,0,3.1,,,,,,,,,,,,,,,,,,,,,,,,,,,,,,,,,,,,
33507,2019,12,16,0,15,2.7,0,0,0,3.1,,,,,,,,,,,,,,,,,,,,,,,,,,,,,,,,,,,,
33508,2019,12,16,0,30,2.7,0,0,0,3.1,,,,,,,,,,,,,,,,,,,,,,,,,,,,,,,,,,,,
33509,2019,12,16,0,45,2.7,0,0,0,3.1,,,,,,,,,,,,,,,,,,,,,,,,,,,,,,,,,,,,
33510,2019,12,16,1,0,2.9000000000000004,0,0,0,2.9000000000000004,,,,,,,,,,,,,,,,,,,,,,,,,,,,,,,,,,,,
33511,2019,12,16,1,15,2.9000000000000004,0,0,0,2.9000000000000004,,,,,,,,,,,,,,,,,,,,,,,,,,,,,,,,,,,,
33512,2019,12,16,1,30,2.9000000000000004,0,0,0,2.8000000000000003,,,,,,,,,,,,,,,,,,,,,,,,,,,,,,,,,,,,
33513,2019,12,16,1,45,2.9000000000000004,0,0,0,2.7,,,,,,,,,,,,,,,,,,,,,,,,,,,,,,,,,,,,
33514,2019,12,16,2,0,2.9000000000000004,0,0,0,2.7,,,,,,,,,,,,,,,,,,,,,,,,,,,,,,,,,,,,
33515,2019,12,16,2,15,2.9000000000000004,0,0,0,2.7,,,,,,,,,,,,,,,,,,,,,,,,,,,,,,,,,,,,
33516,2019,12,16,2,30,2.9000000000000004,0,0,0,2.7,,,,,,,,,,,,,,,,,,,,,,,,,,,,,,,,,,,,
33517,2019,12,16,2,45,3.0,0,0,0,2.7,,,,,,,,,,,,,,,,,,,,,,,,,,,,,,,,,,,,
33518,2019,12,16,3,0,3.0,0,0,0,2.8000000000000003,,,,,,,,,,,,,,,,,,,,,,,,,,,,,,,,,,,,
33519,2019,12,16,3,15,3.0,0,0,0,2.8000000000000003,,,,,,,,,,,,,,,,,,,,,,,,,,,,,,,,,,,,
33520,2019,12,16,3,30,3.0,0,0,0,2.8000000000000003,,,,,,,,,,,,,,,,,,,,,,,,,,,,,,,,,,,,
33521,2019,12,16,3,45,3.0,0,0,0,2.8000000000000003,,,,,,,,,,,,,,,,,,,,,,,,,,,,,,,,,,,,
33522,2019,12,16,4,0,3.0,0,0,0,2.9000000000000004,,,,,,,,,,,,,,,,,,,,,,,,,,,,,,,,,,,,
33523,2019,12,16,4,15,3.0,0,0,0,3.0,,,,,,,,,,,,,,,,,,,,,,,,,,,,,,,,,,,,
33524,2019,12,16,4,30,3.0,0,0,0,3.2,,,,,,,,,,,,,,,,,,,,,,,,,,,,,,,,,,,,
33525,2019,12,16,4,45,3.1,0,0,0,3.3000000000000003,,,,,,,,,,,,,,,,,,,,,,,,,,,,,,,,,,,,
33526,2019,12,16,5,0,3.1,0,0,0,3.4000000000000004,,,,,,,,,,,,,,,,,,,,,,,,,,,,,,,,,,,,
33527,2019,12,16,5,15,3.1,0,0,0,3.5,,,,,,,,,,,,,,,,,,,,,,,,,,,,,,,,,,,,
33528,2019,12,16,5,30,3.1,0,0,0,3.5,,,,,,,,,,,,,,,,,,,,,,,,,,,,,,,,,,,,
33529,2019,12,16,5,45,3.1,0,0,0,3.5,,,,,,,,,,,,,,,,,,,,,,,,,,,,,,,,,,,,
33530,2019,12,16,6,0,3.2,0,0,0,3.6,,,,,,,,,,,,,,,,,,,,,,,,,,,,,,,,,,,,
33531,2019,12,16,6,15,3.2,0,0,0,3.6,,,,,,,,,,,,,,,,,,,,,,,,,,,,,,,,,,,,
33532,2019,12,16,6,30,3.2,0,0,0,3.6,,,,,,,,,,,,,,,,,,,,,,,,,,,,,,,,,,,,
33533,2019,12,16,6,45,3.2,0,0,0,3.6,,,,,,,,,,,,,,,,,,,,,,,,,,,,,,,,,,,,
33534,2019,12,16,7,0,3.2,0,0,0,3.5,,,,,,,,,,,,,,,,,,,,,,,,,,,,,,,,,,,,
33535,2019,12,16,7,15,3.3000000000000003,0,0,0,3.5,,,,,,,,,,,,,,,,,,,,,,,,,,,,,,,,,,,,
33536,2019,12,16,7,30,3.3000000000000003,0,0,0,3.4000000000000004,,,,,,,,,,,,,,,,,,,,,,,,,,,,,,,,,,,,
33537,2019,12,16,7,45,3.3000000000000003,0,0,0,3.4000000000000004,,,,,,,,,,,,,,,,,,,,,,,,,,,,,,,,,,,,
33538,2019,12,16,8,0,3.3000000000000003,0,0,0,3.3000000000000003,,,,,,,,,,,,,,,,,,,,,,,,,,,,,,,,,,,,
33539,2019,12,16,8,15,3.5,0,0,0,3.3000000000000003,,,,,,,,,,,,,,,,,,,,,,,,,,,,,,,,,,,,
33540,2019,12,16,8,30,3.6,1,25,2,3.2,,,,,,,,,,,,,,,,,,,,,,,,,,,,,,,,,,,,
33541,2019,12,16,8,45,3.8,4,0,4,3.2,,,,,,,,,,,,,,,,,,,,,,,,,,,,,,,,,,,,
33542,2019,12,16,9,0,4.0,5,0,5,3.2,,,,,,,,,,,,,,,,,,,,,,,,,,,,,,,,,,,,
33543,2019,12,16,9,15,4.3,6,0,6,3.2,,,,,,,,,,,,,,,,,,,,,,,,,,,,,,,,,,,,
33544,2019,12,16,9,30,4.6000000000000005,6,0,6,3.2,,,,,,,,,,,,,,,,,,,,,,,,,,,,,,,,,,,,
33545,2019,12,16,9,45,5.0,7,0,7,3.3000000000000003,,,,,,,,,,,,,,,,,,,,,,,,,,,,,,,,,,,,
33546,2019,12,16,10,0,5.300000000000001,7,0,7,3.3000000000000003,,,,,,,,,,,,,,,,,,,,,,,,,,,,,,,,,,,,
33547,2019,12,16,10,15,5.6000000000000005,8,0,8,3.3000000000000003,,,,,,,,,,,,,,,,,,,,,,,,,,,,,,,,,,,,
33548,2019,12,16,10,30,5.9,9,0,9,3.2,,,,,,,,,,,,,,,,,,,,,,,,,,,,,,,,,,,,
33549,2019,12,16,10,45,6.1000000000000005,9,0,9,3.2,,,,,,,,,,,,,,,,,,,,,,,,,,,,,,,,,,,,
33550,2019,12,16,11,0,6.4,10,0,10,3.1,,,,,,,,,,,,,,,,,,,,,,,,,,,,,,,,,,,,
33551,2019,12,16,11,15,6.6000000000000005,10,0,10,3.0,,,,,,,,,,,,,,,,,,,,,,,,,,,,,,,,,,,,
33552,2019,12,16,11,30,6.7,10,0,10,2.8000000000000003,,,,,,,,,,,,,,,,,,,,,,,,,,,,,,,,,,,,
33553,2019,12,16,11,45,6.800000000000001,10,0,10,2.6,,,,,,,,,,,,,,,,,,,,,,,,,,,,,,,,,,,,
33554,2019,12,16,12,0,6.9,11,0,11,2.4000000000000004,,,,,,,,,,,,,,,,,,,,,,,,,,,,,,,,,,,,
33555,2019,12,16,12,15,7.0,11,0,11,2.3000000000000003,,,,,,,,,,,,,,,,,,,,,,,,,,,,,,,,,,,,
33556,2019,12,16,12,30,7.1000000000000005,11,0,11,2.3000000000000003,,,,,,,,,,,,,,,,,,,,,,,,,,,,,,,,,,,,
33557,2019,12,16,12,45,7.2,10,0,10,2.2,,,,,,,,,,,,,,,,,,,,,,,,,,,,,,,,,,,,
33558,2019,12,16,13,0,7.300000000000001,10,0,10,2.1,,,,,,,,,,,,,,,,,,,,,,,,,,,,,,,,,,,,
33559,2019,12,16,13,15,7.2,10,0,10,2.0,,,,,,,,,,,,,,,,,,,,,,,,,,,,,,,,,,,,
33560,2019,12,16,13,30,7.1000000000000005,9,0,9,1.9,,,,,,,,,,,,,,,,,,,,,,,,,,,,,,,,,,,,
33561,2019,12,16,13,45,7.1000000000000005,9,0,9,1.8,,,,,,,,,,,,,,,,,,,,,,,,,,,,,,,,,,,,
33562,2019,12,16,14,0,7.0,8,0,8,1.7000000000000002,,,,,,,,,,,,,,,,,,,,,,,,,,,,,,,,,,,,
33563,2019,12,16,14,15,6.9,8,0,8,1.7000000000000002,,,,,,,,,,,,,,,,,,,,,,,,,,,,,,,,,,,,
33564,2019,12,16,14,30,6.7,7,0,7,1.7000000000000002,,,,,,,,,,,,,,,,,,,,,,,,,,,,,,,,,,,,
33565,2019,12,16,14,45,6.6000000000000005,6,0,6,1.7000000000000002,,,,,,,,,,,,,,,,,,,,,,,,,,,,,,,,,,,,
33566,2019,12,16,15,0,6.5,6,0,6,1.6,,,,,,,,,,,,,,,,,,,,,,,,,,,,,,,,,,,,
33567,2019,12,16,15,15,6.300000000000001,5,0,5,1.7000000000000002,,,,,,,,,,,,,,,,,,,,,,,,,,,,,,,,,,,,
33568,2019,12,16,15,30,6.1000000000000005,4,0,4,1.7000000000000002,,,,,,,,,,,,,,,,,,,,,,,,,,,,,,,,,,,,
33569,2019,12,16,15,45,5.9,2,0,2,1.7000000000000002,,,,,,,,,,,,,,,,,,,,,,,,,,,,,,,,,,,,
33570,2019,12,16,16,0,5.7,0,0,0,1.7000000000000002,,,,,,,,,,,,,,,,,,,,,,,,,,,,,,,,,,,,
33571,2019,12,16,16,15,5.6000000000000005,0,0,0,1.7000000000000002,,,,,,,,,,,,,,,,,,,,,,,,,,,,,,,,,,,,
33572,2019,12,16,16,30,5.5,0,0,0,1.7000000000000002,,,,,,,,,,,,,,,,,,,,,,,,,,,,,,,,,,,,
33573,2019,12,16,16,45,5.5,0,0,0,1.7000000000000002,,,,,,,,,,,,,,,,,,,,,,,,,,,,,,,,,,,,
33574,2019,12,16,17,0,5.4,0,0,0,1.7000000000000002,,,,,,,,,,,,,,,,,,,,,,,,,,,,,,,,,,,,
33575,2019,12,16,17,15,5.2,0,0,0,1.8,,,,,,,,,,,,,,,,,,,,,,,,,,,,,,,,,,,,
33576,2019,12,16,17,30,5.1000000000000005,0,0,0,1.8,,,,,,,,,,,,,,,,,,,,,,,,,,,,,,,,,,,,
33577,2019,12,16,17,45,5.0,0,0,0,1.8,,,,,,,,,,,,,,,,,,,,,,,,,,,,,,,,,,,,
33578,2019,12,16,18,0,4.9,0,0,0,1.9,,,,,,,,,,,,,,,,,,,,,,,,,,,,,,,,,,,,
33579,2019,12,16,18,15,4.800000000000001,0,0,0,1.9,,,,,,,,,,,,,,,,,,,,,,,,,,,,,,,,,,,,
33580,2019,12,16,18,30,4.7,0,0,0,1.9,,,,,,,,,,,,,,,,,,,,,,,,,,,,,,,,,,,,
33581,2019,12,16,18,45,4.6000000000000005,0,0,0,2.0,,,,,,,,,,,,,,,,,,,,,,,,,,,,,,,,,,,,
33582,2019,12,16,19,0,4.5,0,0,0,2.0,,,,,,,,,,,,,,,,,,,,,,,,,,,,,,,,,,,,
33583,2019,12,16,19,15,4.5,0,0,0,2.1,,,,,,,,,,,,,,,,,,,,,,,,,,,,,,,,,,,,
33584,2019,12,16,19,30,4.4,0,0,0,2.1,,,,,,,,,,,,,,,,,,,,,,,,,,,,,,,,,,,,
33585,2019,12,16,19,45,4.3,0,0,0,2.1,,,,,,,,,,,,,,,,,,,,,,,,,,,,,,,,,,,,
33586,2019,12,16,20,0,4.3,0,0,0,2.2,,,,,,,,,,,,,,,,,,,,,,,,,,,,,,,,,,,,
33587,2019,12,16,20,15,4.3,0,0,0,2.2,,,,,,,,,,,,,,,,,,,,,,,,,,,,,,,,,,,,
33588,2019,12,16,20,30,4.2,0,0,0,2.3000000000000003,,,,,,,,,,,,,,,,,,,,,,,,,,,,,,,,,,,,
33589,2019,12,16,20,45,4.2,0,0,0,2.3000000000000003,,,,,,,,,,,,,,,,,,,,,,,,,,,,,,,,,,,,
33590,2019,12,16,21,0,4.2,0,0,0,2.3000000000000003,,,,,,,,,,,,,,,,,,,,,,,,,,,,,,,,,,,,
33591,2019,12,16,21,15,4.3,0,0,0,2.4000000000000004,,,,,,,,,,,,,,,,,,,,,,,,,,,,,,,,,,,,
33592,2019,12,16,21,30,4.3,0,0,0,2.5,,,,,,,,,,,,,,,,,,,,,,,,,,,,,,,,,,,,
33593,2019,12,16,21,45,4.3,0,0,0,2.6,,,,,,,,,,,,,,,,,,,,,,,,,,,,,,,,,,,,
33594,2019,12,16,22,0,4.3,0,0,0,2.7,,,,,,,,,,,,,,,,,,,,,,,,,,,,,,,,,,,,
33595,2019,12,16,22,15,4.3,0,0,0,2.7,,,,,,,,,,,,,,,,,,,,,,,,,,,,,,,,,,,,
33596,2019,12,16,22,30,4.2,0,0,0,2.7,,,,,,,,,,,,,,,,,,,,,,,,,,,,,,,,,,,,
33597,2019,12,16,22,45,4.1000000000000005,0,0,0,2.8000000000000003,,,,,,,,,,,,,,,,,,,,,,,,,,,,,,,,,,,,
33598,2019,12,16,23,0,4.1000000000000005,0,0,0,2.8000000000000003,,,,,,,,,,,,,,,,,,,,,,,,,,,,,,,,,,,,
33599,2019,12,16,23,15,4.0,0,0,0,2.9000000000000004,,,,,,,,,,,,,,,,,,,,,,,,,,,,,,,,,,,,
33600,2019,12,16,23,30,4.0,0,0,0,2.9000000000000004,,,,,,,,,,,,,,,,,,,,,,,,,,,,,,,,,,,,
33601,2019,12,16,23,45,3.9,0,0,0,3.0,,,,,,,,,,,,,,,,,,,,,,,,,,,,,,,,,,,,
33602,2019,12,17,0,0,3.9,0,0,0,3.1,,,,,,,,,,,,,,,,,,,,,,,,,,,,,,,,,,,,
33603,2019,12,17,0,15,3.9,0,0,0,3.1,,,,,,,,,,,,,,,,,,,,,,,,,,,,,,,,,,,,
33604,2019,12,17,0,30,3.9,0,0,0,3.1,,,,,,,,,,,,,,,,,,,,,,,,,,,,,,,,,,,,
33605,2019,12,17,0,45,3.9,0,0,0,3.1,,,,,,,,,,,,,,,,,,,,,,,,,,,,,,,,,,,,
33606,2019,12,17,1,0,3.9,0,0,0,3.2,,,,,,,,,,,,,,,,,,,,,,,,,,,,,,,,,,,,
33607,2019,12,17,1,15,3.9,0,0,0,3.2,,,,,,,,,,,,,,,,,,,,,,,,,,,,,,,,,,,,
33608,2019,12,17,1,30,3.9,0,0,0,3.3000000000000003,,,,,,,,,,,,,,,,,,,,,,,,,,,,,,,,,,,,
33609,2019,12,17,1,45,3.9,0,0,0,3.3000000000000003,,,,,,,,,,,,,,,,,,,,,,,,,,,,,,,,,,,,
33610,2019,12,17,2,0,3.9,0,0,0,3.4000000000000004,,,,,,,,,,,,,,,,,,,,,,,,,,,,,,,,,,,,
33611,2019,12,17,2,15,4.0,0,0,0,3.4000000000000004,,,,,,,,,,,,,,,,,,,,,,,,,,,,,,,,,,,,
33612,2019,12,17,2,30,4.0,0,0,0,3.5,,,,,,,,,,,,,,,,,,,,,,,,,,,,,,,,,,,,
33613,2019,12,17,2,45,4.1000000000000005,0,0,0,3.6,,,,,,,,,,,,,,,,,,,,,,,,,,,,,,,,,,,,
33614,2019,12,17,3,0,4.1000000000000005,0,0,0,3.7,,,,,,,,,,,,,,,,,,,,,,,,,,,,,,,,,,,,
33615,2019,12,17,3,15,4.2,0,0,0,3.7,,,,,,,,,,,,,,,,,,,,,,,,,,,,,,,,,,,,
33616,2019,12,17,3,30,4.4,0,0,0,3.7,,,,,,,,,,,,,,,,,,,,,,,,,,,,,,,,,,,,
33617,2019,12,17,3,45,4.5,0,0,0,3.7,,,,,,,,,,,,,,,,,,,,,,,,,,,,,,,,,,,,
33618,2019,12,17,4,0,4.6000000000000005,0,0,0,3.7,,,,,,,,,,,,,,,,,,,,,,,,,,,,,,,,,,,,
33619,2019,12,17,4,15,4.7,0,0,0,3.5,,,,,,,,,,,,,,,,,,,,,,,,,,,,,,,,,,,,
33620,2019,12,17,4,30,4.800000000000001,0,0,0,3.4000000000000004,,,,,,,,,,,,,,,,,,,,,,,,,,,,,,,,,,,,
33621,2019,12,17,4,45,4.9,0,0,0,3.3000000000000003,,,,,,,,,,,,,,,,,,,,,,,,,,,,,,,,,,,,
33622,2019,12,17,5,0,5.0,0,0,0,3.2,,,,,,,,,,,,,,,,,,,,,,,,,,,,,,,,,,,,
33623,2019,12,17,5,15,5.0,0,0,0,3.2,,,,,,,,,,,,,,,,,,,,,,,,,,,,,,,,,,,,
33624,2019,12,17,5,30,4.9,0,0,0,3.2,,,,,,,,,,,,,,,,,,,,,,,,,,,,,,,,,,,,
33625,2019,12,17,5,45,4.9,0,0,0,3.2,,,,,,,,,,,,,,,,,,,,,,,,,,,,,,,,,,,,
33626,2019,12,17,6,0,4.800000000000001,0,0,0,3.3000000000000003,,,,,,,,,,,,,,,,,,,,,,,,,,,,,,,,,,,,
33627,2019,12,17,6,15,4.7,0,0,0,3.3000000000000003,,,,,,,,,,,,,,,,,,,,,,,,,,,,,,,,,,,,
33628,2019,12,17,6,30,4.6000000000000005,0,0,0,3.3000000000000003,,,,,,,,,,,,,,,,,,,,,,,,,,,,,,,,,,,,
33629,2019,12,17,6,45,4.5,0,0,0,3.3000000000000003,,,,,,,,,,,,,,,,,,,,,,,,,,,,,,,,,,,,
33630,2019,12,17,7,0,4.4,0,0,0,3.4000000000000004,,,,,,,,,,,,,,,,,,,,,,,,,,,,,,,,,,,,
33631,2019,12,17,7,15,4.4,0,0,0,3.4000000000000004,,,,,,,,,,,,,,,,,,,,,,,,,,,,,,,,,,,,
33632,2019,12,17,7,30,4.3,0,0,0,3.5,,,,,,,,,,,,,,,,,,,,,,,,,,,,,,,,,,,,
33633,2019,12,17,7,45,4.3,0,0,0,3.5,,,,,,,,,,,,,,,,,,,,,,,,,,,,,,,,,,,,
33634,2019,12,17,8,0,4.3,0,0,0,3.6,,,,,,,,,,,,,,,,,,,,,,,,,,,,,,,,,,,,
33635,2019,12,17,8,15,4.5,0,0,0,3.7,,,,,,,,,,,,,,,,,,,,,,,,,,,,,,,,,,,,
33636,2019,12,17,8,30,4.800000000000001,1,0,1,3.8,,,,,,,,,,,,,,,,,,,,,,,,,,,,,,,,,,,,
33637,2019,12,17,8,45,5.0,4,0,4,4.0,,,,,,,,,,,,,,,,,,,,,,,,,,,,,,,,,,,,
33638,2019,12,17,9,0,5.2,5,0,5,4.1000000000000005,,,,,,,,,,,,,,,,,,,,,,,,,,,,,,,,,,,,
33639,2019,12,17,9,15,5.5,6,0,6,4.1000000000000005,,,,,,,,,,,,,,,,,,,,,,,,,,,,,,,,,,,,
33640,2019,12,17,9,30,5.800000000000001,6,0,6,4.1000000000000005,,,,,,,,,,,,,,,,,,,,,,,,,,,,,,,,,,,,
33641,2019,12,17,9,45,6.1000000000000005,7,0,7,4.2,,,,,,,,,,,,,,,,,,,,,,,,,,,,,,,,,,,,
33642,2019,12,17,10,0,6.4,7,0,7,4.2,,,,,,,,,,,,,,,,,,,,,,,,,,,,,,,,,,,,
33643,2019,12,17,10,15,6.7,8,0,8,4.2,,,,,,,,,,,,,,,,,,,,,,,,,,,,,,,,,,,,
33644,2019,12,17,10,30,7.0,9,0,9,4.2,,,,,,,,,,,,,,,,,,,,,,,,,,,,,,,,,,,,
33645,2019,12,17,10,45,7.300000000000001,9,0,9,4.2,,,,,,,,,,,,,,,,,,,,,,,,,,,,,,,,,,,,
33646,2019,12,17,11,0,7.6,56,604,195,4.2,,,,,,,,,,,,,,,,,,,,,,,,,,,,,,,,,,,,
33647,2019,12,17,11,15,7.9,10,0,10,4.2,,,,,,,,,,,,,,,,,,,,,,,,,,,,,,,,,,,,
33648,2019,12,17,11,30,8.200000000000001,10,0,10,4.2,,,,,,,,,,,,,,,,,,,,,,,,,,,,,,,,,,,,
33649,2019,12,17,11,45,8.5,10,0,10,4.2,,,,,,,,,,,,,,,,,,,,,,,,,,,,,,,,,,,,
33650,2019,12,17,12,0,8.8,11,0,11,4.2,,,,,,,,,,,,,,,,,,,,,,,,,,,,,,,,,,,,
33651,2019,12,17,12,15,9.0,11,0,11,4.1000000000000005,,,,,,,,,,,,,,,,,,,,,,,,,,,,,,,,,,,,
33652,2019,12,17,12,30,9.2,11,0,11,4.1000000000000005,,,,,,,,,,,,,,,,,,,,,,,,,,,,,,,,,,,,
33653,2019,12,17,12,45,9.4,10,0,10,4.0,,,,,,,,,,,,,,,,,,,,,,,,,,,,,,,,,,,,
33654,2019,12,17,13,0,9.5,14,0,14,3.9,,,,,,,,,,,,,,,,,,,,,,,,,,,,,,,,,,,,
33655,2019,12,17,13,15,9.5,13,0,13,3.9,,,,,,,,,,,,,,,,,,,,,,,,,,,,,,,,,,,,
33656,2019,12,17,13,30,9.5,9,0,9,3.8,,,,,,,,,,,,,,,,,,,,,,,,,,,,,,,,,,,,
33657,2019,12,17,13,45,9.5,9,0,9,3.8,,,,,,,,,,,,,,,,,,,,,,,,,,,,,,,,,,,,
33658,2019,12,17,14,0,9.5,8,0,8,3.7,,,,,,,,,,,,,,,,,,,,,,,,,,,,,,,,,,,,
33659,2019,12,17,14,15,9.3,8,0,8,3.6,,,,,,,,,,,,,,,,,,,,,,,,,,,,,,,,,,,,
33660,2019,12,17,14,30,9.1,7,0,7,3.6,,,,,,,,,,,,,,,,,,,,,,,,,,,,,,,,,,,,
33661,2019,12,17,14,45,8.9,6,0,6,3.6,,,,,,,,,,,,,,,,,,,,,,,,,,,,,,,,,,,,
33662,2019,12,17,15,0,8.700000000000001,6,0,6,3.5,,,,,,,,,,,,,,,,,,,,,,,,,,,,,,,,,,,,
33663,2019,12,17,15,15,8.6,5,0,5,3.6,,,,,,,,,,,,,,,,,,,,,,,,,,,,,,,,,,,,
33664,2019,12,17,15,30,8.4,4,0,4,3.6,,,,,,,,,,,,,,,,,,,,,,,,,,,,,,,,,,,,
33665,2019,12,17,15,45,8.3,2,0,2,3.7,,,,,,,,,,,,,,,,,,,,,,,,,,,,,,,,,,,,
33666,2019,12,17,16,0,8.1,0,0,0,3.7,,,,,,,,,,,,,,,,,,,,,,,,,,,,,,,,,,,,
33667,2019,12,17,16,15,8.1,0,0,0,3.8,,,,,,,,,,,,,,,,,,,,,,,,,,,,,,,,,,,,
33668,2019,12,17,16,30,8.0,0,0,0,3.8,,,,,,,,,,,,,,,,,,,,,,,,,,,,,,,,,,,,
33669,2019,12,17,16,45,8.0,0,0,0,3.9,,,,,,,,,,,,,,,,,,,,,,,,,,,,,,,,,,,,
33670,2019,12,17,17,0,7.9,0,0,0,3.9,,,,,,,,,,,,,,,,,,,,,,,,,,,,,,,,,,,,
33671,2019,12,17,17,15,7.9,0,0,0,3.9,,,,,,,,,,,,,,,,,,,,,,,,,,,,,,,,,,,,
33672,2019,12,17,17,30,7.800000000000001,0,0,0,3.9,,,,,,,,,,,,,,,,,,,,,,,,,,,,,,,,,,,,
33673,2019,12,17,17,45,7.800000000000001,0,0,0,3.9,,,,,,,,,,,,,,,,,,,,,,,,,,,,,,,,,,,,
33674,2019,12,17,18,0,7.7,0,0,0,4.0,,,,,,,,,,,,,,,,,,,,,,,,,,,,,,,,,,,,
33675,2019,12,17,18,15,7.7,0,0,0,4.0,,,,,,,,,,,,,,,,,,,,,,,,,,,,,,,,,,,,
33676,2019,12,17,18,30,7.6,0,0,0,3.9,,,,,,,,,,,,,,,,,,,,,,,,,,,,,,,,,,,,
33677,2019,12,17,18,45,7.6,0,0,0,3.9,,,,,,,,,,,,,,,,,,,,,,,,,,,,,,,,,,,,
33678,2019,12,17,19,0,7.6,0,0,0,3.9,,,,,,,,,,,,,,,,,,,,,,,,,,,,,,,,,,,,
33679,2019,12,17,19,15,7.5,0,0,0,3.9,,,,,,,,,,,,,,,,,,,,,,,,,,,,,,,,,,,,
33680,2019,12,17,19,30,7.5,0,0,0,3.9,,,,,,,,,,,,,,,,,,,,,,,,,,,,,,,,,,,,
33681,2019,12,17,19,45,7.5,0,0,0,3.9,,,,,,,,,,,,,,,,,,,,,,,,,,,,,,,,,,,,
33682,2019,12,17,20,0,7.4,0,0,0,3.9,,,,,,,,,,,,,,,,,,,,,,,,,,,,,,,,,,,,
33683,2019,12,17,20,15,7.300000000000001,0,0,0,3.9,,,,,,,,,,,,,,,,,,,,,,,,,,,,,,,,,,,,
33684,2019,12,17,20,30,7.300000000000001,0,0,0,3.9,,,,,,,,,,,,,,,,,,,,,,,,,,,,,,,,,,,,
33685,2019,12,17,20,45,7.2,0,0,0,3.9,,,,,,,,,,,,,,,,,,,,,,,,,,,,,,,,,,,,
33686,2019,12,17,21,0,7.1000000000000005,0,0,0,3.9,,,,,,,,,,,,,,,,,,,,,,,,,,,,,,,,,,,,
33687,2019,12,17,21,15,7.1000000000000005,0,0,0,3.9,,,,,,,,,,,,,,,,,,,,,,,,,,,,,,,,,,,,
33688,2019,12,17,21,30,7.1000000000000005,0,0,0,4.0,,,,,,,,,,,,,,,,,,,,,,,,,,,,,,,,,,,,
33689,2019,12,17,21,45,7.1000000000000005,0,0,0,4.0,,,,,,,,,,,,,,,,,,,,,,,,,,,,,,,,,,,,
33690,2019,12,17,22,0,7.1000000000000005,0,0,0,4.0,,,,,,,,,,,,,,,,,,,,,,,,,,,,,,,,,,,,
33691,2019,12,17,22,15,7.1000000000000005,0,0,0,4.2,,,,,,,,,,,,,,,,,,,,,,,,,,,,,,,,,,,,
33692,2019,12,17,22,30,7.1000000000000005,0,0,0,4.3,,,,,,,,,,,,,,,,,,,,,,,,,,,,,,,,,,,,
33693,2019,12,17,22,45,7.2,0,0,0,4.4,,,,,,,,,,,,,,,,,,,,,,,,,,,,,,,,,,,,
33694,2019,12,17,23,0,7.2,0,0,0,4.5,,,,,,,,,,,,,,,,,,,,,,,,,,,,,,,,,,,,
33695,2019,12,17,23,15,7.2,0,0,0,4.6000000000000005,,,,,,,,,,,,,,,,,,,,,,,,,,,,,,,,,,,,
33696,2019,12,17,23,30,7.2,0,0,0,4.6000000000000005,,,,,,,,,,,,,,,,,,,,,,,,,,,,,,,,,,,,
33697,2019,12,17,23,45,7.2,0,0,0,4.7,,,,,,,,,,,,,,,,,,,,,,,,,,,,,,,,,,,,
33698,2019,12,18,0,0,7.2,0,0,0,4.800000000000001,,,,,,,,,,,,,,,,,,,,,,,,,,,,,,,,,,,,
33699,2019,12,18,0,15,7.2,0,0,0,4.800000000000001,,,,,,,,,,,,,,,,,,,,,,,,,,,,,,,,,,,,
33700,2019,12,18,0,30,7.2,0,0,0,4.800000000000001,,,,,,,,,,,,,,,,,,,,,,,,,,,,,,,,,,,,
33701,2019,12,18,0,45,7.2,0,0,0,4.800000000000001,,,,,,,,,,,,,,,,,,,,,,,,,,,,,,,,,,,,
33702,2019,12,18,1,0,7.1000000000000005,0,0,0,5.300000000000001,,,,,,,,,,,,,,,,,,,,,,,,,,,,,,,,,,,,
33703,2019,12,18,1,15,7.2,0,0,0,5.300000000000001,,,,,,,,,,,,,,,,,,,,,,,,,,,,,,,,,,,,
33704,2019,12,18,1,30,7.300000000000001,0,0,0,5.4,,,,,,,,,,,,,,,,,,,,,,,,,,,,,,,,,,,,
33705,2019,12,18,1,45,7.5,0,0,0,5.4,,,,,,,,,,,,,,,,,,,,,,,,,,,,,,,,,,,,
33706,2019,12,18,2,0,7.6,0,0,0,5.5,,,,,,,,,,,,,,,,,,,,,,,,,,,,,,,,,,,,
33707,2019,12,18,2,15,7.800000000000001,0,0,0,5.4,,,,,,,,,,,,,,,,,,,,,,,,,,,,,,,,,,,,
33708,2019,12,18,2,30,8.1,0,0,0,5.4,,,,,,,,,,,,,,,,,,,,,,,,,,,,,,,,,,,,
33709,2019,12,18,2,45,8.3,0,0,0,5.300000000000001,,,,,,,,,,,,,,,,,,,,,,,,,,,,,,,,,,,,
33710,2019,12,18,3,0,8.6,0,0,0,5.300000000000001,,,,,,,,,,,,,,,,,,,,,,,,,,,,,,,,,,,,
33711,2019,12,18,3,15,8.6,0,0,0,5.1000000000000005,,,,,,,,,,,,,,,,,,,,,,,,,,,,,,,,,,,,
33712,2019,12,18,3,30,8.700000000000001,0,0,0,5.0,,,,,,,,,,,,,,,,,,,,,,,,,,,,,,,,,,,,
33713,2019,12,18,3,45,8.8,0,0,0,4.800000000000001,,,,,,,,,,,,,,,,,,,,,,,,,,,,,,,,,,,,
33714,2019,12,18,4,0,8.9,0,0,0,4.7,,,,,,,,,,,,,,,,,,,,,,,,,,,,,,,,,,,,
33715,2019,12,18,4,15,8.700000000000001,0,0,0,4.4,,,,,,,,,,,,,,,,,,,,,,,,,,,,,,,,,,,,
33716,2019,12,18,4,30,8.5,0,0,0,4.1000000000000005,,,,,,,,,,,,,,,,,,,,,,,,,,,,,,,,,,,,
33717,2019,12,18,4,45,8.4,0,0,0,3.8,,,,,,,,,,,,,,,,,,,,,,,,,,,,,,,,,,,,
33718,2019,12,18,5,0,8.200000000000001,0,0,0,3.5,,,,,,,,,,,,,,,,,,,,,,,,,,,,,,,,,,,,
33719,2019,12,18,5,15,7.9,0,0,0,3.3000000000000003,,,,,,,,,,,,,,,,,,,,,,,,,,,,,,,,,,,,
33720,2019,12,18,5,30,7.6,0,0,0,3.0,,,,,,,,,,,,,,,,,,,,,,,,,,,,,,,,,,,,
33721,2019,12,18,5,45,7.300000000000001,0,0,0,2.7,,,,,,,,,,,,,,,,,,,,,,,,,,,,,,,,,,,,
33722,2019,12,18,6,0,7.1000000000000005,0,0,0,2.5,,,,,,,,,,,,,,,,,,,,,,,,,,,,,,,,,,,,
33723,2019,12,18,6,15,6.800000000000001,0,0,0,2.4000000000000004,,,,,,,,,,,,,,,,,,,,,,,,,,,,,,,,,,,,
33724,2019,12,18,6,30,6.5,0,0,0,2.2,,,,,,,,,,,,,,,,,,,,,,,,,,,,,,,,,,,,
33725,2019,12,18,6,45,6.2,0,0,0,2.1,,,,,,,,,,,,,,,,,,,,,,,,,,,,,,,,,,,,
33726,2019,12,18,7,0,5.9,0,0,0,2.0,,,,,,,,,,,,,,,,,,,,,,,,,,,,,,,,,,,,
33727,2019,12,18,7,15,5.7,0,0,0,2.0,,,,,,,,,,,,,,,,,,,,,,,,,,,,,,,,,,,,
33728,2019,12,18,7,30,5.5,0,0,0,2.0,,,,,,,,,,,,,,,,,,,,,,,,,,,,,,,,,,,,
33729,2019,12,18,7,45,5.4,0,0,0,2.0,,,,,,,,,,,,,,,,,,,,,,,,,,,,,,,,,,,,
33730,2019,12,18,8,0,5.2,0,0,0,1.9,,,,,,,,,,,,,,,,,,,,,,,,,,,,,,,,,,,,
33731,2019,12,18,8,15,5.5,0,0,0,1.9,,,,,,,,,,,,,,,,,,,,,,,,,,,,,,,,,,,,
33732,2019,12,18,8,30,5.7,9,20,10,1.9,,,,,,,,,,,,,,,,,,,,,,,,,,,,,,,,,,,,
33733,2019,12,18,8,45,6.0,4,0,4,1.9,,,,,,,,,,,,,,,,,,,,,,,,,,,,,,,,,,,,
33734,2019,12,18,9,0,6.300000000000001,4,0,4,1.9,,,,,,,,,,,,,,,,,,,,,,,,,,,,,,,,,,,,
33735,2019,12,18,9,15,6.7,6,0,6,2.1,,,,,,,,,,,,,,,,,,,,,,,,,,,,,,,,,,,,
33736,2019,12,18,9,30,7.0,6,0,6,2.2,,,,,,,,,,,,,,,,,,,,,,,,,,,,,,,,,,,,
33737,2019,12,18,9,45,7.300000000000001,7,0,7,2.4000000000000004,,,,,,,,,,,,,,,,,,,,,,,,,,,,,,,,,,,,
33738,2019,12,18,10,0,7.7,7,0,7,2.5,,,,,,,,,,,,,,,,,,,,,,,,,,,,,,,,,,,,
33739,2019,12,18,10,15,7.800000000000001,8,0,8,2.5,,,,,,,,,,,,,,,,,,,,,,,,,,,,,,,,,,,,
33740,2019,12,18,10,30,7.800000000000001,9,0,9,2.5,,,,,,,,,,,,,,,,,,,,,,,,,,,,,,,,,,,,
33741,2019,12,18,10,45,7.9,9,0,9,2.5,,,,,,,,,,,,,,,,,,,,,,,,,,,,,,,,,,,,
33742,2019,12,18,11,0,8.0,10,0,10,2.4000000000000004,,,,,,,,,,,,,,,,,,,,,,,,,,,,,,,,,,,,
33743,2019,12,18,11,15,8.0,14,0,14,2.4000000000000004,,,,,,,,,,,,,,,,,,,,,,,,,,,,,,,,,,,,
33744,2019,12,18,11,30,8.1,10,0,10,2.3000000000000003,,,,,,,,,,,,,,,,,,,,,,,,,,,,,,,,,,,,
33745,2019,12,18,11,45,8.1,11,0,11,2.3000000000000003,,,,,,,,,,,,,,,,,,,,,,,,,,,,,,,,,,,,
33746,2019,12,18,12,0,8.200000000000001,11,0,11,2.3000000000000003,,,,,,,,,,,,,,,,,,,,,,,,,,,,,,,,,,,,
33747,2019,12,18,12,15,8.200000000000001,11,0,11,2.2,,,,,,,,,,,,,,,,,,,,,,,,,,,,,,,,,,,,
33748,2019,12,18,12,30,8.3,15,0,15,2.2,,,,,,,,,,,,,,,,,,,,,,,,,,,,,,,,,,,,
33749,2019,12,18,12,45,8.4,15,0,15,2.2,,,,,,,,,,,,,,,,,,,,,,,,,,,,,,,,,,,,
33750,2019,12,18,13,0,8.5,14,0,14,2.2,,,,,,,,,,,,,,,,,,,,,,,,,,,,,,,,,,,,
33751,2019,12,18,13,15,8.4,13,0,13,1.9,,,,,,,,,,,,,,,,,,,,,,,,,,,,,,,,,,,,
33752,2019,12,18,13,30,8.3,12,0,12,1.6,,,,,,,,,,,,,,,,,,,,,,,,,,,,,,,,,,,,
33753,2019,12,18,13,45,8.200000000000001,11,0,11,1.4,,,,,,,,,,,,,,,,,,,,,,,,,,,,,,,,,,,,
33754,2019,12,18,14,0,8.1,10,0,10,1.1,,,,,,,,,,,,,,,,,,,,,,,,,,,,,,,,,,,,
33755,2019,12,18,14,15,7.7,9,0,9,1.1,,,,,,,,,,,,,,,,,,,,,,,,,,,,,,,,,,,,
33756,2019,12,18,14,30,7.300000000000001,8,0,8,1.0,,,,,,,,,,,,,,,,,,,,,,,,,,,,,,,,,,,,
33757,2019,12,18,14,45,6.9,7,0,7,1.0,,,,,,,,,,,,,,,,,,,,,,,,,,,,,,,,,,,,
33758,2019,12,18,15,0,6.5,6,0,6,0.9,,,,,,,,,,,,,,,,,,,,,,,,,,,,,,,,,,,,
33759,2019,12,18,15,15,6.2,4,0,4,0.9,,,,,,,,,,,,,,,,,,,,,,,,,,,,,,,,,,,,
33760,2019,12,18,15,30,5.9,3,0,3,1.0,,,,,,,,,,,,,,,,,,,,,,,,,,,,,,,,,,,,
33761,2019,12,18,15,45,5.7,2,0,2,1.0,,,,,,,,,,,,,,,,,,,,,,,,,,,,,,,,,,,,
33762,2019,12,18,16,0,5.4,0,0,0,1.0,,,,,,,,,,,,,,,,,,,,,,,,,,,,,,,,,,,,
33763,2019,12,18,16,15,5.2,0,0,0,1.0,,,,,,,,,,,,,,,,,,,,,,,,,,,,,,,,,,,,
33764,2019,12,18,16,30,5.1000000000000005,0,0,0,1.0,,,,,,,,,,,,,,,,,,,,,,,,,,,,,,,,,,,,
33765,2019,12,18,16,45,4.9,0,0,0,1.0,,,,,,,,,,,,,,,,,,,,,,,,,,,,,,,,,,,,
33766,2019,12,18,17,0,4.800000000000001,0,0,0,1.0,,,,,,,,,,,,,,,,,,,,,,,,,,,,,,,,,,,,
33767,2019,12,18,17,15,4.6000000000000005,0,0,0,1.0,,,,,,,,,,,,,,,,,,,,,,,,,,,,,,,,,,,,
33768,2019,12,18,17,30,4.5,0,0,0,1.1,,,,,,,,,,,,,,,,,,,,,,,,,,,,,,,,,,,,
33769,2019,12,18,17,45,4.3,0,0,0,1.1,,,,,,,,,,,,,,,,,,,,,,,,,,,,,,,,,,,,
33770,2019,12,18,18,0,4.2,0,0,0,1.1,,,,,,,,,,,,,,,,,,,,,,,,,,,,,,,,,,,,
33771,2019,12,18,18,15,3.9,0,0,0,1.1,,,,,,,,,,,,,,,,,,,,,,,,,,,,,,,,,,,,
33772,2019,12,18,18,30,3.6,0,0,0,1.2000000000000002,,,,,,,,,,,,,,,,,,,,,,,,,,,,,,,,,,,,
33773,2019,12,18,18,45,3.4000000000000004,0,0,0,1.2000000000000002,,,,,,,,,,,,,,,,,,,,,,,,,,,,,,,,,,,,
33774,2019,12,18,19,0,3.1,0,0,0,1.2000000000000002,,,,,,,,,,,,,,,,,,,,,,,,,,,,,,,,,,,,
33775,2019,12,18,19,15,3.0,0,0,0,1.2000000000000002,,,,,,,,,,,,,,,,,,,,,,,,,,,,,,,,,,,,
33776,2019,12,18,19,30,2.8000000000000003,0,0,0,1.2000000000000002,,,,,,,,,,,,,,,,,,,,,,,,,,,,,,,,,,,,
33777,2019,12,18,19,45,2.7,0,0,0,1.2000000000000002,,,,,,,,,,,,,,,,,,,,,,,,,,,,,,,,,,,,
33778,2019,12,18,20,0,2.6,0,0,0,1.2000000000000002,,,,,,,,,,,,,,,,,,,,,,,,,,,,,,,,,,,,
33779,2019,12,18,20,15,2.8000000000000003,0,0,0,1.3,,,,,,,,,,,,,,,,,,,,,,,,,,,,,,,,,,,,
33780,2019,12,18,20,30,3.1,0,0,0,1.5,,,,,,,,,,,,,,,,,,,,,,,,,,,,,,,,,,,,
33781,2019,12,18,20,45,3.4000000000000004,0,0,0,1.6,,,,,,,,,,,,,,,,,,,,,,,,,,,,,,,,,,,,
33782,2019,12,18,21,0,3.6,0,0,0,1.7000000000000002,,,,,,,,,,,,,,,,,,,,,,,,,,,,,,,,,,,,
33783,2019,12,18,21,15,3.7,0,0,0,1.8,,,,,,,,,,,,,,,,,,,,,,,,,,,,,,,,,,,,
33784,2019,12,18,21,30,3.7,0,0,0,2.0,,,,,,,,,,,,,,,,,,,,,,,,,,,,,,,,,,,,
33785,2019,12,18,21,45,3.7,0,0,0,2.1,,,,,,,,,,,,,,,,,,,,,,,,,,,,,,,,,,,,
33786,2019,12,18,22,0,3.8,0,0,0,2.2,,,,,,,,,,,,,,,,,,,,,,,,,,,,,,,,,,,,
33787,2019,12,18,22,15,3.8,0,0,0,2.3000000000000003,,,,,,,,,,,,,,,,,,,,,,,,,,,,,,,,,,,,
33788,2019,12,18,22,30,3.8,0,0,0,2.4000000000000004,,,,,,,,,,,,,,,,,,,,,,,,,,,,,,,,,,,,
33789,2019,12,18,22,45,3.8,0,0,0,2.4000000000000004,,,,,,,,,,,,,,,,,,,,,,,,,,,,,,,,,,,,
33790,2019,12,18,23,0,3.8,0,0,0,2.5,,,,,,,,,,,,,,,,,,,,,,,,,,,,,,,,,,,,
33791,2019,12,18,23,15,3.7,0,0,0,2.5,,,,,,,,,,,,,,,,,,,,,,,,,,,,,,,,,,,,
33792,2019,12,18,23,30,3.7,0,0,0,2.5,,,,,,,,,,,,,,,,,,,,,,,,,,,,,,,,,,,,
33793,2019,12,18,23,45,3.7,0,0,0,2.5,,,,,,,,,,,,,,,,,,,,,,,,,,,,,,,,,,,,
33794,2019,12,19,0,0,3.6,0,0,0,2.6,,,,,,,,,,,,,,,,,,,,,,,,,,,,,,,,,,,,
33795,2019,12,19,0,15,3.6,0,0,0,2.6,,,,,,,,,,,,,,,,,,,,,,,,,,,,,,,,,,,,
33796,2019,12,19,0,30,3.6,0,0,0,2.6,,,,,,,,,,,,,,,,,,,,,,,,,,,,,,,,,,,,
33797,2019,12,19,0,45,3.6,0,0,0,2.6,,,,,,,,,,,,,,,,,,,,,,,,,,,,,,,,,,,,
33798,2019,12,19,1,0,3.6,0,0,0,2.7,,,,,,,,,,,,,,,,,,,,,,,,,,,,,,,,,,,,
33799,2019,12,19,1,15,3.6,0,0,0,2.7,,,,,,,,,,,,,,,,,,,,,,,,,,,,,,,,,,,,
33800,2019,12,19,1,30,3.6,0,0,0,2.7,,,,,,,,,,,,,,,,,,,,,,,,,,,,,,,,,,,,
33801,2019,12,19,1,45,3.6,0,0,0,2.8000000000000003,,,,,,,,,,,,,,,,,,,,,,,,,,,,,,,,,,,,
33802,2019,12,19,2,0,3.6,0,0,0,2.8000000000000003,,,,,,,,,,,,,,,,,,,,,,,,,,,,,,,,,,,,
33803,2019,12,19,2,15,3.6,0,0,0,2.8000000000000003,,,,,,,,,,,,,,,,,,,,,,,,,,,,,,,,,,,,
33804,2019,12,19,2,30,3.6,0,0,0,2.9000000000000004,,,,,,,,,,,,,,,,,,,,,,,,,,,,,,,,,,,,
33805,2019,12,19,2,45,3.6,0,0,0,2.9000000000000004,,,,,,,,,,,,,,,,,,,,,,,,,,,,,,,,,,,,
33806,2019,12,19,3,0,3.7,0,0,0,2.9000000000000004,,,,,,,,,,,,,,,,,,,,,,,,,,,,,,,,,,,,
33807,2019,12,19,3,15,3.7,0,0,0,2.9000000000000004,,,,,,,,,,,,,,,,,,,,,,,,,,,,,,,,,,,,
33808,2019,12,19,3,30,3.7,0,0,0,2.9000000000000004,,,,,,,,,,,,,,,,,,,,,,,,,,,,,,,,,,,,
33809,2019,12,19,3,45,3.7,0,0,0,2.9000000000000004,,,,,,,,,,,,,,,,,,,,,,,,,,,,,,,,,,,,
33810,2019,12,19,4,0,3.7,0,0,0,2.9000000000000004,,,,,,,,,,,,,,,,,,,,,,,,,,,,,,,,,,,,
33811,2019,12,19,4,15,3.7,0,0,0,2.9000000000000004,,,,,,,,,,,,,,,,,,,,,,,,,,,,,,,,,,,,
33812,2019,12,19,4,30,3.8,0,0,0,2.9000000000000004,,,,,,,,,,,,,,,,,,,,,,,,,,,,,,,,,,,,
33813,2019,12,19,4,45,3.8,0,0,0,2.9000000000000004,,,,,,,,,,,,,,,,,,,,,,,,,,,,,,,,,,,,
33814,2019,12,19,5,0,3.8,0,0,0,2.9000000000000004,,,,,,,,,,,,,,,,,,,,,,,,,,,,,,,,,,,,
33815,2019,12,19,5,15,3.8,0,0,0,2.9000000000000004,,,,,,,,,,,,,,,,,,,,,,,,,,,,,,,,,,,,
33816,2019,12,19,5,30,3.9,0,0,0,2.9000000000000004,,,,,,,,,,,,,,,,,,,,,,,,,,,,,,,,,,,,
33817,2019,12,19,5,45,3.9,0,0,0,2.9000000000000004,,,,,,,,,,,,,,,,,,,,,,,,,,,,,,,,,,,,
33818,2019,12,19,6,0,3.9,0,0,0,3.0,,,,,,,,,,,,,,,,,,,,,,,,,,,,,,,,,,,,
33819,2019,12,19,6,15,3.9,0,0,0,3.0,,,,,,,,,,,,,,,,,,,,,,,,,,,,,,,,,,,,
33820,2019,12,19,6,30,4.0,0,0,0,3.0,,,,,,,,,,,,,,,,,,,,,,,,,,,,,,,,,,,,
33821,2019,12,19,6,45,4.0,0,0,0,3.0,,,,,,,,,,,,,,,,,,,,,,,,,,,,,,,,,,,,
33822,2019,12,19,7,0,4.0,0,0,0,3.0,,,,,,,,,,,,,,,,,,,,,,,,,,,,,,,,,,,,
33823,2019,12,19,7,15,4.1000000000000005,0,0,0,3.0,,,,,,,,,,,,,,,,,,,,,,,,,,,,,,,,,,,,
33824,2019,12,19,7,30,4.1000000000000005,0,0,0,3.0,,,,,,,,,,,,,,,,,,,,,,,,,,,,,,,,,,,,
33825,2019,12,19,7,45,4.1000000000000005,0,0,0,3.0,,,,,,,,,,,,,,,,,,,,,,,,,,,,,,,,,,,,
33826,2019,12,19,8,0,4.2,0,0,0,3.0,,,,,,,,,,,,,,,,,,,,,,,,,,,,,,,,,,,,
33827,2019,12,19,8,15,4.3,0,0,0,3.1,,,,,,,,,,,,,,,,,,,,,,,,,,,,,,,,,,,,
33828,2019,12,19,8,30,4.5,10,29,11,3.1,,,,,,,,,,,,,,,,,,,,,,,,,,,,,,,,,,,,
33829,2019,12,19,8,45,4.7,20,111,25,3.2,,,,,,,,,,,,,,,,,,,,,,,,,,,,,,,,,,,,
33830,2019,12,19,9,0,4.9,28,193,43,3.2,,,,,,,,,,,,,,,,,,,,,,,,,,,,,,,,,,,,
33831,2019,12,19,9,15,5.1000000000000005,36,267,63,3.2,,,,,,,,,,,,,,,,,,,,,,,,,,,,,,,,,,,,
33832,2019,12,19,9,30,5.4,6,0,6,3.2,,,,,,,,,,,,,,,,,,,,,,,,,,,,,,,,,,,,
33833,2019,12,19,9,45,5.7,47,392,105,3.2,,,,,,,,,,,,,,,,,,,,,,,,,,,,,,,,,,,,
33834,2019,12,19,10,0,5.9,51,436,124,3.2,,,,,,,,,,,,,,,,,,,,,,,,,,,,,,,,,,,,
33835,2019,12,19,10,15,6.2,10,0,10,3.2,,,,,,,,,,,,,,,,,,,,,,,,,,,,,,,,,,,,
33836,2019,12,19,10,30,6.5,11,0,11,3.2,,,,,,,,,,,,,,,,,,,,,,,,,,,,,,,,,,,,
33837,2019,12,19,10,45,6.800000000000001,9,0,9,3.1,,,,,,,,,,,,,,,,,,,,,,,,,,,,,,,,,,,,
33838,2019,12,19,11,0,7.1000000000000005,10,0,10,3.1,,,,,,,,,,,,,,,,,,,,,,,,,,,,,,,,,,,,
33839,2019,12,19,11,15,7.4,10,0,10,3.1,,,,,,,,,,,,,,,,,,,,,,,,,,,,,,,,,,,,
33840,2019,12,19,11,30,7.6,10,0,10,3.0,,,,,,,,,,,,,,,,,,,,,,,,,,,,,,,,,,,,
33841,2019,12,19,11,45,7.9,11,0,11,3.0,,,,,,,,,,,,,,,,,,,,,,,,,,,,,,,,,,,,
33842,2019,12,19,12,0,8.200000000000001,11,0,11,2.9000000000000004,,,,,,,,,,,,,,,,,,,,,,,,,,,,,,,,,,,,
33843,2019,12,19,12,15,8.3,11,0,11,2.8000000000000003,,,,,,,,,,,,,,,,,,,,,,,,,,,,,,,,,,,,
33844,2019,12,19,12,30,8.3,11,0,11,2.7,,,,,,,,,,,,,,,,,,,,,,,,,,,,,,,,,,,,
33845,2019,12,19,12,45,8.4,10,0,10,2.6,,,,,,,,,,,,,,,,,,,,,,,,,,,,,,,,,,,,
33846,2019,12,19,13,0,8.5,10,0,10,2.5,,,,,,,,,,,,,,,,,,,,,,,,,,,,,,,,,,,,
33847,2019,12,19,13,15,8.3,10,0,10,2.3000000000000003,,,,,,,,,,,,,,,,,,,,,,,,,,,,,,,,,,,,
33848,2019,12,19,13,30,8.1,9,0,9,2.2,,,,,,,,,,,,,,,,,,,,,,,,,,,,,,,,,,,,
33849,2019,12,19,13,45,7.9,9,0,9,2.1,,,,,,,,,,,,,,,,,,,,,,,,,,,,,,,,,,,,
33850,2019,12,19,14,0,7.6,8,0,8,2.0,,,,,,,,,,,,,,,,,,,,,,,,,,,,,,,,,,,,
33851,2019,12,19,14,15,7.4,8,0,8,2.0,,,,,,,,,,,,,,,,,,,,,,,,,,,,,,,,,,,,
33852,2019,12,19,14,30,7.2,7,0,7,2.0,,,,,,,,,,,,,,,,,,,,,,,,,,,,,,,,,,,,
33853,2019,12,19,14,45,7.0,6,0,6,2.1,,,,,,,,,,,,,,,,,,,,,,,,,,,,,,,,,,,,
33854,2019,12,19,15,0,6.800000000000001,6,0,6,2.1,,,,,,,,,,,,,,,,,,,,,,,,,,,,,,,,,,,,
33855,2019,12,19,15,15,6.5,5,0,5,2.2,,,,,,,,,,,,,,,,,,,,,,,,,,,,,,,,,,,,
33856,2019,12,19,15,30,6.2,4,0,4,2.2,,,,,,,,,,,,,,,,,,,,,,,,,,,,,,,,,,,,
33857,2019,12,19,15,45,5.9,3,0,3,2.3000000000000003,,,,,,,,,,,,,,,,,,,,,,,,,,,,,,,,,,,,
33858,2019,12,19,16,0,5.7,0,0,0,2.4000000000000004,,,,,,,,,,,,,,,,,,,,,,,,,,,,,,,,,,,,
33859,2019,12,19,16,15,5.5,0,0,0,2.4000000000000004,,,,,,,,,,,,,,,,,,,,,,,,,,,,,,,,,,,,
33860,2019,12,19,16,30,5.300000000000001,0,0,0,2.5,,,,,,,,,,,,,,,,,,,,,,,,,,,,,,,,,,,,
33861,2019,12,19,16,45,5.1000000000000005,0,0,0,2.5,,,,,,,,,,,,,,,,,,,,,,,,,,,,,,,,,,,,
33862,2019,12,19,17,0,5.0,0,0,0,2.6,,,,,,,,,,,,,,,,,,,,,,,,,,,,,,,,,,,,
33863,2019,12,19,17,15,4.800000000000001,0,0,0,2.5,,,,,,,,,,,,,,,,,,,,,,,,,,,,,,,,,,,,
33864,2019,12,19,17,30,4.6000000000000005,0,0,0,2.5,,,,,,,,,,,,,,,,,,,,,,,,,,,,,,,,,,,,
33865,2019,12,19,17,45,4.4,0,0,0,2.5,,,,,,,,,,,,,,,,,,,,,,,,,,,,,,,,,,,,
33866,2019,12,19,18,0,4.2,0,0,0,2.4000000000000004,,,,,,,,,,,,,,,,,,,,,,,,,,,,,,,,,,,,
33867,2019,12,19,18,15,4.1000000000000005,0,0,0,2.4000000000000004,,,,,,,,,,,,,,,,,,,,,,,,,,,,,,,,,,,,
33868,2019,12,19,18,30,3.9,0,0,0,2.3000000000000003,,,,,,,,,,,,,,,,,,,,,,,,,,,,,,,,,,,,
33869,2019,12,19,18,45,3.8,0,0,0,2.3000000000000003,,,,,,,,,,,,,,,,,,,,,,,,,,,,,,,,,,,,
33870,2019,12,19,19,0,3.7,0,0,0,2.3000000000000003,,,,,,,,,,,,,,,,,,,,,,,,,,,,,,,,,,,,
33871,2019,12,19,19,15,3.6,0,0,0,2.2,,,,,,,,,,,,,,,,,,,,,,,,,,,,,,,,,,,,
33872,2019,12,19,19,30,3.5,0,0,0,2.2,,,,,,,,,,,,,,,,,,,,,,,,,,,,,,,,,,,,
33873,2019,12,19,19,45,3.5,0,0,0,2.2,,,,,,,,,,,,,,,,,,,,,,,,,,,,,,,,,,,,
33874,2019,12,19,20,0,3.4000000000000004,0,0,0,2.2,,,,,,,,,,,,,,,,,,,,,,,,,,,,,,,,,,,,
33875,2019,12,19,20,15,3.3000000000000003,0,0,0,2.2,,,,,,,,,,,,,,,,,,,,,,,,,,,,,,,,,,,,
33876,2019,12,19,20,30,3.3000000000000003,0,0,0,2.2,,,,,,,,,,,,,,,,,,,,,,,,,,,,,,,,,,,,
33877,2019,12,19,20,45,3.2,0,0,0,2.3000000000000003,,,,,,,,,,,,,,,,,,,,,,,,,,,,,,,,,,,,
33878,2019,12,19,21,0,3.1,0,0,0,2.3000000000000003,,,,,,,,,,,,,,,,,,,,,,,,,,,,,,,,,,,,
33879,2019,12,19,21,15,3.2,0,0,0,2.4000000000000004,,,,,,,,,,,,,,,,,,,,,,,,,,,,,,,,,,,,
33880,2019,12,19,21,30,3.2,0,0,0,2.5,,,,,,,,,,,,,,,,,,,,,,,,,,,,,,,,,,,,
33881,2019,12,19,21,45,3.2,0,0,0,2.5,,,,,,,,,,,,,,,,,,,,,,,,,,,,,,,,,,,,
33882,2019,12,19,22,0,3.2,0,0,0,2.6,,,,,,,,,,,,,,,,,,,,,,,,,,,,,,,,,,,,
33883,2019,12,19,22,15,3.2,0,0,0,2.7,,,,,,,,,,,,,,,,,,,,,,,,,,,,,,,,,,,,
33884,2019,12,19,22,30,3.3000000000000003,0,0,0,2.9000000000000004,,,,,,,,,,,,,,,,,,,,,,,,,,,,,,,,,,,,
33885,2019,12,19,22,45,3.3000000000000003,0,0,0,3.0,,,,,,,,,,,,,,,,,,,,,,,,,,,,,,,,,,,,
33886,2019,12,19,23,0,3.3000000000000003,0,0,0,3.1,,,,,,,,,,,,,,,,,,,,,,,,,,,,,,,,,,,,
33887,2019,12,19,23,15,3.3000000000000003,0,0,0,3.1,,,,,,,,,,,,,,,,,,,,,,,,,,,,,,,,,,,,
33888,2019,12,19,23,30,3.4000000000000004,0,0,0,3.1,,,,,,,,,,,,,,,,,,,,,,,,,,,,,,,,,,,,
33889,2019,12,19,23,45,3.4000000000000004,0,0,0,3.1,,,,,,,,,,,,,,,,,,,,,,,,,,,,,,,,,,,,
33890,2019,12,20,0,0,3.4000000000000004,0,0,0,3.1,,,,,,,,,,,,,,,,,,,,,,,,,,,,,,,,,,,,
33891,2019,12,20,0,15,3.4000000000000004,0,0,0,3.1,,,,,,,,,,,,,,,,,,,,,,,,,,,,,,,,,,,,
33892,2019,12,20,0,30,3.4000000000000004,0,0,0,3.1,,,,,,,,,,,,,,,,,,,,,,,,,,,,,,,,,,,,
33893,2019,12,20,0,45,3.4000000000000004,0,0,0,3.1,,,,,,,,,,,,,,,,,,,,,,,,,,,,,,,,,,,,
33894,2019,12,20,1,0,3.3000000000000003,0,0,0,3.2,,,,,,,,,,,,,,,,,,,,,,,,,,,,,,,,,,,,
33895,2019,12,20,1,15,3.3000000000000003,0,0,0,3.2,,,,,,,,,,,,,,,,,,,,,,,,,,,,,,,,,,,,
33896,2019,12,20,1,30,3.2,0,0,0,3.2,,,,,,,,,,,,,,,,,,,,,,,,,,,,,,,,,,,,
33897,2019,12,20,1,45,3.2,0,0,0,3.2,,,,,,,,,,,,,,,,,,,,,,,,,,,,,,,,,,,,
33898,2019,12,20,2,0,3.1,0,0,0,3.1,,,,,,,,,,,,,,,,,,,,,,,,,,,,,,,,,,,,
33899,2019,12,20,2,15,3.1,0,0,0,3.1,,,,,,,,,,,,,,,,,,,,,,,,,,,,,,,,,,,,
33900,2019,12,20,2,30,3.1,0,0,0,3.1,,,,,,,,,,,,,,,,,,,,,,,,,,,,,,,,,,,,
33901,2019,12,20,2,45,3.1,0,0,0,3.1,,,,,,,,,,,,,,,,,,,,,,,,,,,,,,,,,,,,
33902,2019,12,20,3,0,3.1,0,0,0,3.1,,,,,,,,,,,,,,,,,,,,,,,,,,,,,,,,,,,,
33903,2019,12,20,3,15,3.0,0,0,0,3.1,,,,,,,,,,,,,,,,,,,,,,,,,,,,,,,,,,,,
33904,2019,12,20,3,30,3.0,0,0,0,3.1,,,,,,,,,,,,,,,,,,,,,,,,,,,,,,,,,,,,
33905,2019,12,20,3,45,3.0,0,0,0,3.0,,,,,,,,,,,,,,,,,,,,,,,,,,,,,,,,,,,,
33906,2019,12,20,4,0,3.0,0,0,0,3.0,,,,,,,,,,,,,,,,,,,,,,,,,,,,,,,,,,,,
33907,2019,12,20,4,15,3.0,0,0,0,3.0,,,,,,,,,,,,,,,,,,,,,,,,,,,,,,,,,,,,
33908,2019,12,20,4,30,3.0,0,0,0,3.1,,,,,,,,,,,,,,,,,,,,,,,,,,,,,,,,,,,,
33909,2019,12,20,4,45,3.0,0,0,0,3.1,,,,,,,,,,,,,,,,,,,,,,,,,,,,,,,,,,,,
33910,2019,12,20,5,0,3.0,0,0,0,3.1,,,,,,,,,,,,,,,,,,,,,,,,,,,,,,,,,,,,
33911,2019,12,20,5,15,2.9000000000000004,0,0,0,3.1,,,,,,,,,,,,,,,,,,,,,,,,,,,,,,,,,,,,
33912,2019,12,20,5,30,2.9000000000000004,0,0,0,3.1,,,,,,,,,,,,,,,,,,,,,,,,,,,,,,,,,,,,
33913,2019,12,20,5,45,2.9000000000000004,0,0,0,3.1,,,,,,,,,,,,,,,,,,,,,,,,,,,,,,,,,,,,
33914,2019,12,20,6,0,2.9000000000000004,0,0,0,3.1,,,,,,,,,,,,,,,,,,,,,,,,,,,,,,,,,,,,
33915,2019,12,20,6,15,2.9000000000000004,0,0,0,3.1,,,,,,,,,,,,,,,,,,,,,,,,,,,,,,,,,,,,
33916,2019,12,20,6,30,2.9000000000000004,0,0,0,3.2,,,,,,,,,,,,,,,,,,,,,,,,,,,,,,,,,,,,
33917,2019,12,20,6,45,2.9000000000000004,0,0,0,3.2,,,,,,,,,,,,,,,,,,,,,,,,,,,,,,,,,,,,
33918,2019,12,20,7,0,2.9000000000000004,0,0,0,3.3000000000000003,,,,,,,,,,,,,,,,,,,,,,,,,,,,,,,,,,,,
33919,2019,12,20,7,15,2.9000000000000004,0,0,0,3.4000000000000004,,,,,,,,,,,,,,,,,,,,,,,,,,,,,,,,,,,,
33920,2019,12,20,7,30,3.0,0,0,0,3.4000000000000004,,,,,,,,,,,,,,,,,,,,,,,,,,,,,,,,,,,,
33921,2019,12,20,7,45,3.0,0,0,0,3.5,,,,,,,,,,,,,,,,,,,,,,,,,,,,,,,,,,,,
33922,2019,12,20,8,0,3.1,0,0,0,3.6,,,,,,,,,,,,,,,,,,,,,,,,,,,,,,,,,,,,
33923,2019,12,20,8,15,3.3000000000000003,0,0,0,3.7,,,,,,,,,,,,,,,,,,,,,,,,,,,,,,,,,,,,
33924,2019,12,20,8,30,3.6,1,0,1,3.8,,,,,,,,,,,,,,,,,,,,,,,,,,,,,,,,,,,,
33925,2019,12,20,8,45,3.9,4,0,4,3.9,,,,,,,,,,,,,,,,,,,,,,,,,,,,,,,,,,,,
33926,2019,12,20,9,0,4.1000000000000005,25,319,48,4.0,,,,,,,,,,,,,,,,,,,,,,,,,,,,,,,,,,,,
33927,2019,12,20,9,15,4.5,31,396,69,3.9,,,,,,,,,,,,,,,,,,,,,,,,,,,,,,,,,,,,
33928,2019,12,20,9,30,4.9,35,458,92,3.9,,,,,,,,,,,,,,,,,,,,,,,,,,,,,,,,,,,,
33929,2019,12,20,9,45,5.2,37,537,116,3.9,,,,,,,,,,,,,,,,,,,,,,,,,,,,,,,,,,,,
33930,2019,12,20,10,0,5.6000000000000005,41,577,137,3.9,,,,,,,,,,,,,,,,,,,,,,,,,,,,,,,,,,,,
33931,2019,12,20,10,15,6.0,43,610,156,3.8,,,,,,,,,,,,,,,,,,,,,,,,,,,,,,,,,,,,
33932,2019,12,20,10,30,6.4,46,637,174,3.8,,,,,,,,,,,,,,,,,,,,,,,,,,,,,,,,,,,,
33933,2019,12,20,10,45,6.7,12,0,12,3.7,,,,,,,,,,,,,,,,,,,,,,,,,,,,,,,,,,,,
33934,2019,12,20,11,0,7.1000000000000005,50,658,201,3.6,,,,,,,,,,,,,,,,,,,,,,,,,,,,,,,,,,,,
33935,2019,12,20,11,15,7.5,52,672,213,3.6,,,,,,,,,,,,,,,,,,,,,,,,,,,,,,,,,,,,
33936,2019,12,20,11,30,7.800000000000001,53,682,221,3.6,,,,,,,,,,,,,,,,,,,,,,,,,,,,,,,,,,,,
33937,2019,12,20,11,45,8.1,55,672,225,3.6,,,,,,,,,,,,,,,,,,,,,,,,,,,,,,,,,,,,
33938,2019,12,20,12,0,8.4,56,676,229,3.6,,,,,,,,,,,,,,,,,,,,,,,,,,,,,,,,,,,,
33939,2019,12,20,12,15,8.6,56,677,229,3.4000000000000004,,,,,,,,,,,,,,,,,,,,,,,,,,,,,,,,,,,,
33940,2019,12,20,12,30,8.700000000000001,55,671,226,3.3000000000000003,,,,,,,,,,,,,,,,,,,,,,,,,,,,,,,,,,,,
33941,2019,12,20,12,45,8.8,58,643,219,3.2,,,,,,,,,,,,,,,,,,,,,,,,,,,,,,,,,,,,
33942,2019,12,20,13,0,8.9,10,0,10,3.1,,,,,,,,,,,,,,,,,,,,,,,,,,,,,,,,,,,,
33943,2019,12,20,13,15,8.700000000000001,10,0,10,2.9000000000000004,,,,,,,,,,,,,,,,,,,,,,,,,,,,,,,,,,,,
33944,2019,12,20,13,30,8.6,9,0,9,2.8000000000000003,,,,,,,,,,,,,,,,,,,,,,,,,,,,,,,,,,,,
33945,2019,12,20,13,45,8.4,9,0,9,2.7,,,,,,,,,,,,,,,,,,,,,,,,,,,,,,,,,,,,
33946,2019,12,20,14,0,8.200000000000001,10,0,10,2.5,,,,,,,,,,,,,,,,,,,,,,,,,,,,,,,,,,,,
33947,2019,12,20,14,15,8.0,8,0,8,2.5,,,,,,,,,,,,,,,,,,,,,,,,,,,,,,,,,,,,
33948,2019,12,20,14,30,7.9,7,0,7,2.4000000000000004,,,,,,,,,,,,,,,,,,,,,,,,,,,,,,,,,,,,
33949,2019,12,20,14,45,7.7,6,0,6,2.4000000000000004,,,,,,,,,,,,,,,,,,,,,,,,,,,,,,,,,,,,
33950,2019,12,20,15,0,7.5,6,0,6,2.3000000000000003,,,,,,,,,,,,,,,,,,,,,,,,,,,,,,,,,,,,
33951,2019,12,20,15,15,7.2,5,0,5,2.3000000000000003,,,,,,,,,,,,,,,,,,,,,,,,,,,,,,,,,,,,
33952,2019,12,20,15,30,7.0,3,0,3,2.2,,,,,,,,,,,,,,,,,,,,,,,,,,,,,,,,,,,,
33953,2019,12,20,15,45,6.800000000000001,3,0,3,2.2,,,,,,,,,,,,,,,,,,,,,,,,,,,,,,,,,,,,
33954,2019,12,20,16,0,6.5,0,0,0,2.2,,,,,,,,,,,,,,,,,,,,,,,,,,,,,,,,,,,,
33955,2019,12,20,16,15,6.5,0,0,0,2.2,,,,,,,,,,,,,,,,,,,,,,,,,,,,,,,,,,,,
33956,2019,12,20,16,30,6.4,0,0,0,2.2,,,,,,,,,,,,,,,,,,,,,,,,,,,,,,,,,,,,
33957,2019,12,20,16,45,6.300000000000001,0,0,0,2.2,,,,,,,,,,,,,,,,,,,,,,,,,,,,,,,,,,,,
33958,2019,12,20,17,0,6.300000000000001,0,0,0,2.3000000000000003,,,,,,,,,,,,,,,,,,,,,,,,,,,,,,,,,,,,
33959,2019,12,20,17,15,6.4,0,0,0,2.3000000000000003,,,,,,,,,,,,,,,,,,,,,,,,,,,,,,,,,,,,
33960,2019,12,20,17,30,6.4,0,0,0,2.4000000000000004,,,,,,,,,,,,,,,,,,,,,,,,,,,,,,,,,,,,
33961,2019,12,20,17,45,6.5,0,0,0,2.5,,,,,,,,,,,,,,,,,,,,,,,,,,,,,,,,,,,,
33962,2019,12,20,18,0,6.6000000000000005,0,0,0,2.6,,,,,,,,,,,,,,,,,,,,,,,,,,,,,,,,,,,,
33963,2019,12,20,18,15,6.7,0,0,0,2.8000000000000003,,,,,,,,,,,,,,,,,,,,,,,,,,,,,,,,,,,,
33964,2019,12,20,18,30,6.9,0,0,0,2.9000000000000004,,,,,,,,,,,,,,,,,,,,,,,,,,,,,,,,,,,,
33965,2019,12,20,18,45,7.0,0,0,0,3.1,,,,,,,,,,,,,,,,,,,,,,,,,,,,,,,,,,,,
33966,2019,12,20,19,0,7.2,0,0,0,3.3000000000000003,,,,,,,,,,,,,,,,,,,,,,,,,,,,,,,,,,,,
33967,2019,12,20,19,15,7.2,0,0,0,3.4000000000000004,,,,,,,,,,,,,,,,,,,,,,,,,,,,,,,,,,,,
33968,2019,12,20,19,30,7.2,0,0,0,3.5,,,,,,,,,,,,,,,,,,,,,,,,,,,,,,,,,,,,
33969,2019,12,20,19,45,7.300000000000001,0,0,0,3.6,,,,,,,,,,,,,,,,,,,,,,,,,,,,,,,,,,,,
33970,2019,12,20,20,0,7.300000000000001,0,0,0,3.6,,,,,,,,,,,,,,,,,,,,,,,,,,,,,,,,,,,,
33971,2019,12,20,20,15,7.4,0,0,0,3.6,,,,,,,,,,,,,,,,,,,,,,,,,,,,,,,,,,,,
33972,2019,12,20,20,30,7.4,0,0,0,3.7,,,,,,,,,,,,,,,,,,,,,,,,,,,,,,,,,,,,
33973,2019,12,20,20,45,7.5,0,0,0,3.7,,,,,,,,,,,,,,,,,,,,,,,,,,,,,,,,,,,,
33974,2019,12,20,21,0,7.5,0,0,0,3.7,,,,,,,,,,,,,,,,,,,,,,,,,,,,,,,,,,,,
33975,2019,12,20,21,15,7.6,0,0,0,3.7,,,,,,,,,,,,,,,,,,,,,,,,,,,,,,,,,,,,
33976,2019,12,20,21,30,7.6,0,0,0,3.7,,,,,,,,,,,,,,,,,,,,,,,,,,,,,,,,,,,,
33977,2019,12,20,21,45,7.7,0,0,0,3.7,,,,,,,,,,,,,,,,,,,,,,,,,,,,,,,,,,,,
33978,2019,12,20,22,0,7.800000000000001,0,0,0,3.8,,,,,,,,,,,,,,,,,,,,,,,,,,,,,,,,,,,,
33979,2019,12,20,22,15,7.7,0,0,0,3.6,,,,,,,,,,,,,,,,,,,,,,,,,,,,,,,,,,,,
33980,2019,12,20,22,30,7.6,0,0,0,3.5,,,,,,,,,,,,,,,,,,,,,,,,,,,,,,,,,,,,
33981,2019,12,20,22,45,7.6,0,0,0,3.3000000000000003,,,,,,,,,,,,,,,,,,,,,,,,,,,,,,,,,,,,
33982,2019,12,20,23,0,7.5,0,0,0,3.1,,,,,,,,,,,,,,,,,,,,,,,,,,,,,,,,,,,,
33983,2019,12,20,23,15,7.300000000000001,0,0,0,2.9000000000000004,,,,,,,,,,,,,,,,,,,,,,,,,,,,,,,,,,,,
33984,2019,12,20,23,30,7.1000000000000005,0,0,0,2.7,,,,,,,,,,,,,,,,,,,,,,,,,,,,,,,,,,,,
33985,2019,12,20,23,45,7.0,0,0,0,2.5,,,,,,,,,,,,,,,,,,,,,,,,,,,,,,,,,,,,
33986,2019,12,21,0,0,6.800000000000001,0,0,0,2.2,,,,,,,,,,,,,,,,,,,,,,,,,,,,,,,,,,,,
33987,2019,12,21,0,15,6.800000000000001,0,0,0,2.2,,,,,,,,,,,,,,,,,,,,,,,,,,,,,,,,,,,,
33988,2019,12,21,0,30,6.800000000000001,0,0,0,2.2,,,,,,,,,,,,,,,,,,,,,,,,,,,,,,,,,,,,
33989,2019,12,21,0,45,6.800000000000001,0,0,0,2.2,,,,,,,,,,,,,,,,,,,,,,,,,,,,,,,,,,,,
33990,2019,12,21,1,0,6.1000000000000005,0,0,0,2.0,,,,,,,,,,,,,,,,,,,,,,,,,,,,,,,,,,,,
33991,2019,12,21,1,15,6.1000000000000005,0,0,0,2.1,,,,,,,,,,,,,,,,,,,,,,,,,,,,,,,,,,,,
33992,2019,12,21,1,30,6.0,0,0,0,2.3000000000000003,,,,,,,,,,,,,,,,,,,,,,,,,,,,,,,,,,,,
33993,2019,12,21,1,45,6.0,0,0,0,2.4000000000000004,,,,,,,,,,,,,,,,,,,,,,,,,,,,,,,,,,,,
33994,2019,12,21,2,0,5.9,0,0,0,2.6,,,,,,,,,,,,,,,,,,,,,,,,,,,,,,,,,,,,
33995,2019,12,21,2,15,5.800000000000001,0,0,0,2.6,,,,,,,,,,,,,,,,,,,,,,,,,,,,,,,,,,,,
33996,2019,12,21,2,30,5.7,0,0,0,2.6,,,,,,,,,,,,,,,,,,,,,,,,,,,,,,,,,,,,
33997,2019,12,21,2,45,5.5,0,0,0,2.7,,,,,,,,,,,,,,,,,,,,,,,,,,,,,,,,,,,,
33998,2019,12,21,3,0,5.4,0,0,0,2.7,,,,,,,,,,,,,,,,,,,,,,,,,,,,,,,,,,,,
33999,2019,12,21,3,15,5.2,0,0,0,2.7,,,,,,,,,,,,,,,,,,,,,,,,,,,,,,,,,,,,
34000,2019,12,21,3,30,5.1000000000000005,0,0,0,2.7,,,,,,,,,,,,,,,,,,,,,,,,,,,,,,,,,,,,
34001,2019,12,21,3,45,4.9,0,0,0,2.7,,,,,,,,,,,,,,,,,,,,,,,,,,,,,,,,,,,,
34002,2019,12,21,4,0,4.7,0,0,0,2.7,,,,,,,,,,,,,,,,,,,,,,,,,,,,,,,,,,,,
34003,2019,12,21,4,15,4.7,0,0,0,2.8000000000000003,,,,,,,,,,,,,,,,,,,,,,,,,,,,,,,,,,,,
34004,2019,12,21,4,30,4.6000000000000005,0,0,0,2.8000000000000003,,,,,,,,,,,,,,,,,,,,,,,,,,,,,,,,,,,,
34005,2019,12,21,4,45,4.6000000000000005,0,0,0,2.9000000000000004,,,,,,,,,,,,,,,,,,,,,,,,,,,,,,,,,,,,
34006,2019,12,21,5,0,4.5,0,0,0,3.0,,,,,,,,,,,,,,,,,,,,,,,,,,,,,,,,,,,,
34007,2019,12,21,5,15,4.5,0,0,0,2.9000000000000004,,,,,,,,,,,,,,,,,,,,,,,,,,,,,,,,,,,,
34008,2019,12,21,5,30,4.4,0,0,0,2.9000000000000004,,,,,,,,,,,,,,,,,,,,,,,,,,,,,,,,,,,,
34009,2019,12,21,5,45,4.3,0,0,0,2.8000000000000003,,,,,,,,,,,,,,,,,,,,,,,,,,,,,,,,,,,,
34010,2019,12,21,6,0,4.3,0,0,0,2.8000000000000003,,,,,,,,,,,,,,,,,,,,,,,,,,,,,,,,,,,,
34011,2019,12,21,6,15,4.1000000000000005,0,0,0,2.7,,,,,,,,,,,,,,,,,,,,,,,,,,,,,,,,,,,,
34012,2019,12,21,6,30,4.0,0,0,0,2.6,,,,,,,,,,,,,,,,,,,,,,,,,,,,,,,,,,,,
34013,2019,12,21,6,45,3.9,0,0,0,2.5,,,,,,,,,,,,,,,,,,,,,,,,,,,,,,,,,,,,
34014,2019,12,21,7,0,3.7,0,0,0,2.4000000000000004,,,,,,,,,,,,,,,,,,,,,,,,,,,,,,,,,,,,
34015,2019,12,21,7,15,3.7,0,0,0,2.4000000000000004,,,,,,,,,,,,,,,,,,,,,,,,,,,,,,,,,,,,
34016,2019,12,21,7,30,3.6,0,0,0,2.3000000000000003,,,,,,,,,,,,,,,,,,,,,,,,,,,,,,,,,,,,
34017,2019,12,21,7,45,3.5,0,0,0,2.2,,,,,,,,,,,,,,,,,,,,,,,,,,,,,,,,,,,,
34018,2019,12,21,8,0,3.4000000000000004,0,0,0,2.2,,,,,,,,,,,,,,,,,,,,,,,,,,,,,,,,,,,,
34019,2019,12,21,8,15,3.8,0,0,0,2.3000000000000003,,,,,,,,,,,,,,,,,,,,,,,,,,,,,,,,,,,,
34020,2019,12,21,8,30,4.1000000000000005,0,0,0,2.4000000000000004,,,,,,,,,,,,,,,,,,,,,,,,,,,,,,,,,,,,
34021,2019,12,21,8,45,4.5,16,276,29,2.6,,,,,,,,,,,,,,,,,,,,,,,,,,,,,,,,,,,,
34022,2019,12,21,9,0,4.9,22,370,49,2.7,,,,,,,,,,,,,,,,,,,,,,,,,,,,,,,,,,,,
34023,2019,12,21,9,15,5.2,28,450,71,2.9000000000000004,,,,,,,,,,,,,,,,,,,,,,,,,,,,,,,,,,,,
34024,2019,12,21,9,30,5.6000000000000005,32,510,94,3.1,,,,,,,,,,,,,,,,,,,,,,,,,,,,,,,,,,,,
34025,2019,12,21,9,45,6.0,36,558,116,3.3000000000000003,,,,,,,,,,,,,,,,,,,,,,,,,,,,,,,,,,,,
34026,2019,12,21,10,0,6.4,39,598,138,3.4000000000000004,,,,,,,,,,,,,,,,,,,,,,,,,,,,,,,,,,,,
34027,2019,12,21,10,15,6.6000000000000005,42,630,158,3.5,,,,,,,,,,,,,,,,,,,,,,,,,,,,,,,,,,,,
34028,2019,12,21,10,30,6.9,44,656,176,3.6,,,,,,,,,,,,,,,,,,,,,,,,,,,,,,,,,,,,
34029,2019,12,21,10,45,7.1000000000000005,45,678,192,3.7,,,,,,,,,,,,,,,,,,,,,,,,,,,,,,,,,,,,
34030,2019,12,21,11,0,7.300000000000001,47,694,206,3.8,,,,,,,,,,,,,,,,,,,,,,,,,,,,,,,,,,,,
34031,2019,12,21,11,15,7.4,48,707,217,3.7,,,,,,,,,,,,,,,,,,,,,,,,,,,,,,,,,,,,
34032,2019,12,21,11,30,7.6,49,717,226,3.7,,,,,,,,,,,,,,,,,,,,,,,,,,,,,,,,,,,,
34033,2019,12,21,11,45,7.7,49,727,233,3.7,,,,,,,,,,,,,,,,,,,,,,,,,,,,,,,,,,,,
34034,2019,12,21,12,0,7.800000000000001,49,731,236,3.7,,,,,,,,,,,,,,,,,,,,,,,,,,,,,,,,,,,,
34035,2019,12,21,12,15,7.9,49,732,237,3.6,,,,,,,,,,,,,,,,,,,,,,,,,,,,,,,,,,,,
34036,2019,12,21,12,30,7.9,49,730,235,3.5,,,,,,,,,,,,,,,,,,,,,,,,,,,,,,,,,,,,
34037,2019,12,21,12,45,8.0,47,734,231,3.4000000000000004,,,,,,,,,,,,,,,,,,,,,,,,,,,,,,,,,,,,
34038,2019,12,21,13,0,8.0,10,0,10,3.3000000000000003,,,,,,,,,,,,,,,,,,,,,,,,,,,,,,,,,,,,
34039,2019,12,21,13,15,7.9,10,0,10,3.0,,,,,,,,,,,,,,,,,,,,,,,,,,,,,,,,,,,,
34040,2019,12,21,13,30,7.7,10,0,10,2.6,,,,,,,,,,,,,,,,,,,,,,,,,,,,,,,,,,,,
34041,2019,12,21,13,45,7.5,12,0,12,2.3000000000000003,,,,,,,,,,,,,,,,,,,,,,,,,,,,,,,,,,,,
34042,2019,12,21,14,0,7.4,11,0,11,2.0,,,,,,,,,,,,,,,,,,,,,,,,,,,,,,,,,,,,
34043,2019,12,21,14,15,6.7,9,0,9,1.8,,,,,,,,,,,,,,,,,,,,,,,,,,,,,,,,,,,,
34044,2019,12,21,14,30,6.1000000000000005,8,0,8,1.6,,,,,,,,,,,,,,,,,,,,,,,,,,,,,,,,,,,,
34045,2019,12,21,14,45,5.4,7,0,7,1.5,,,,,,,,,,,,,,,,,,,,,,,,,,,,,,,,,,,,
34046,2019,12,21,15,0,4.7,6,0,6,1.3,,,,,,,,,,,,,,,,,,,,,,,,,,,,,,,,,,,,
34047,2019,12,21,15,15,4.3,5,0,5,1.3,,,,,,,,,,,,,,,,,,,,,,,,,,,,,,,,,,,,
34048,2019,12,21,15,30,3.8,4,0,4,1.3,,,,,,,,,,,,,,,,,,,,,,,,,,,,,,,,,,,,
34049,2019,12,21,15,45,3.3000000000000003,2,0,2,1.4,,,,,,,,,,,,,,,,,,,,,,,,,,,,,,,,,,,,
34050,2019,12,21,16,0,2.8000000000000003,0,0,0,1.4,,,,,,,,,,,,,,,,,,,,,,,,,,,,,,,,,,,,
34051,2019,12,21,16,15,2.7,0,0,0,1.4,,,,,,,,,,,,,,,,,,,,,,,,,,,,,,,,,,,,
34052,2019,12,21,16,30,2.6,0,0,0,1.5,,,,,,,,,,,,,,,,,,,,,,,,,,,,,,,,,,,,
34053,2019,12,21,16,45,2.4000000000000004,0,0,0,1.5,,,,,,,,,,,,,,,,,,,,,,,,,,,,,,,,,,,,
34054,2019,12,21,17,0,2.3000000000000003,0,0,0,1.5,,,,,,,,,,,,,,,,,,,,,,,,,,,,,,,,,,,,
34055,2019,12,21,17,15,2.2,0,0,0,1.5,,,,,,,,,,,,,,,,,,,,,,,,,,,,,,,,,,,,
34056,2019,12,21,17,30,2.1,0,0,0,1.5,,,,,,,,,,,,,,,,,,,,,,,,,,,,,,,,,,,,
34057,2019,12,21,17,45,2.0,0,0,0,1.5,,,,,,,,,,,,,,,,,,,,,,,,,,,,,,,,,,,,
34058,2019,12,21,18,0,1.9,0,0,0,1.6,,,,,,,,,,,,,,,,,,,,,,,,,,,,,,,,,,,,
34059,2019,12,21,18,15,1.8,0,0,0,1.6,,,,,,,,,,,,,,,,,,,,,,,,,,,,,,,,,,,,
34060,2019,12,21,18,30,1.7000000000000002,0,0,0,1.6,,,,,,,,,,,,,,,,,,,,,,,,,,,,,,,,,,,,
34061,2019,12,21,18,45,1.6,0,0,0,1.6,,,,,,,,,,,,,,,,,,,,,,,,,,,,,,,,,,,,
34062,2019,12,21,19,0,1.6,0,0,0,1.7000000000000002,,,,,,,,,,,,,,,,,,,,,,,,,,,,,,,,,,,,
34063,2019,12,21,19,15,1.5,0,0,0,1.7000000000000002,,,,,,,,,,,,,,,,,,,,,,,,,,,,,,,,,,,,
34064,2019,12,21,19,30,1.4,0,0,0,1.7000000000000002,,,,,,,,,,,,,,,,,,,,,,,,,,,,,,,,,,,,
34065,2019,12,21,19,45,1.4,0,0,0,1.8,,,,,,,,,,,,,,,,,,,,,,,,,,,,,,,,,,,,
34066,2019,12,21,20,0,1.3,0,0,0,1.8,,,,,,,,,,,,,,,,,,,,,,,,,,,,,,,,,,,,
34067,2019,12,21,20,15,1.3,0,0,0,1.8,,,,,,,,,,,,,,,,,,,,,,,,,,,,,,,,,,,,
34068,2019,12,21,20,30,1.3,0,0,0,1.8,,,,,,,,,,,,,,,,,,,,,,,,,,,,,,,,,,,,
34069,2019,12,21,20,45,1.2000000000000002,0,0,0,1.8,,,,,,,,,,,,,,,,,,,,,,,,,,,,,,,,,,,,
34070,2019,12,21,21,0,1.2000000000000002,0,0,0,1.9,,,,,,,,,,,,,,,,,,,,,,,,,,,,,,,,,,,,
34071,2019,12,21,21,15,1.2000000000000002,0,0,0,1.9,,,,,,,,,,,,,,,,,,,,,,,,,,,,,,,,,,,,
34072,2019,12,21,21,30,1.3,0,0,0,1.9,,,,,,,,,,,,,,,,,,,,,,,,,,,,,,,,,,,,
34073,2019,12,21,21,45,1.3,0,0,0,1.9,,,,,,,,,,,,,,,,,,,,,,,,,,,,,,,,,,,,
34074,2019,12,21,22,0,1.3,0,0,0,1.9,,,,,,,,,,,,,,,,,,,,,,,,,,,,,,,,,,,,
34075,2019,12,21,22,15,1.4,0,0,0,2.0,,,,,,,,,,,,,,,,,,,,,,,,,,,,,,,,,,,,
34076,2019,12,21,22,30,1.5,0,0,0,2.2,,,,,,,,,,,,,,,,,,,,,,,,,,,,,,,,,,,,
34077,2019,12,21,22,45,1.7000000000000002,0,0,0,2.3000000000000003,,,,,,,,,,,,,,,,,,,,,,,,,,,,,,,,,,,,
34078,2019,12,21,23,0,1.8,0,0,0,2.5,,,,,,,,,,,,,,,,,,,,,,,,,,,,,,,,,,,,
34079,2019,12,21,23,15,1.8,0,0,0,2.5,,,,,,,,,,,,,,,,,,,,,,,,,,,,,,,,,,,,
34080,2019,12,21,23,30,1.7000000000000002,0,0,0,2.5,,,,,,,,,,,,,,,,,,,,,,,,,,,,,,,,,,,,
34081,2019,12,21,23,45,1.7000000000000002,0,0,0,2.5,,,,,,,,,,,,,,,,,,,,,,,,,,,,,,,,,,,,
34082,2019,12,22,0,0,1.7000000000000002,0,0,0,2.6,,,,,,,,,,,,,,,,,,,,,,,,,,,,,,,,,,,,
34083,2019,12,22,0,15,1.7000000000000002,0,0,0,2.6,,,,,,,,,,,,,,,,,,,,,,,,,,,,,,,,,,,,
34084,2019,12,22,0,30,1.7000000000000002,0,0,0,2.6,,,,,,,,,,,,,,,,,,,,,,,,,,,,,,,,,,,,
34085,2019,12,22,0,45,1.7000000000000002,0,0,0,2.6,,,,,,,,,,,,,,,,,,,,,,,,,,,,,,,,,,,,
34086,2019,12,22,1,0,1.8,0,0,0,2.5,,,,,,,,,,,,,,,,,,,,,,,,,,,,,,,,,,,,
34087,2019,12,22,1,15,1.7000000000000002,0,0,0,2.6,,,,,,,,,,,,,,,,,,,,,,,,,,,,,,,,,,,,
34088,2019,12,22,1,30,1.7000000000000002,0,0,0,2.6,,,,,,,,,,,,,,,,,,,,,,,,,,,,,,,,,,,,
34089,2019,12,22,1,45,1.7000000000000002,0,0,0,2.7,,,,,,,,,,,,,,,,,,,,,,,,,,,,,,,,,,,,
34090,2019,12,22,2,0,1.7000000000000002,0,0,0,2.7,,,,,,,,,,,,,,,,,,,,,,,,,,,,,,,,,,,,
34091,2019,12,22,2,15,1.7000000000000002,0,0,0,2.8000000000000003,,,,,,,,,,,,,,,,,,,,,,,,,,,,,,,,,,,,
34092,2019,12,22,2,30,1.7000000000000002,0,0,0,2.9000000000000004,,,,,,,,,,,,,,,,,,,,,,,,,,,,,,,,,,,,
34093,2019,12,22,2,45,1.7000000000000002,0,0,0,3.0,,,,,,,,,,,,,,,,,,,,,,,,,,,,,,,,,,,,
34094,2019,12,22,3,0,1.7000000000000002,0,0,0,3.1,,,,,,,,,,,,,,,,,,,,,,,,,,,,,,,,,,,,
34095,2019,12,22,3,15,1.7000000000000002,0,0,0,3.1,,,,,,,,,,,,,,,,,,,,,,,,,,,,,,,,,,,,
34096,2019,12,22,3,30,1.7000000000000002,0,0,0,3.1,,,,,,,,,,,,,,,,,,,,,,,,,,,,,,,,,,,,
34097,2019,12,22,3,45,1.7000000000000002,0,0,0,3.1,,,,,,,,,,,,,,,,,,,,,,,,,,,,,,,,,,,,
34098,2019,12,22,4,0,1.8,0,0,0,3.1,,,,,,,,,,,,,,,,,,,,,,,,,,,,,,,,,,,,
34099,2019,12,22,4,15,1.8,0,0,0,3.1,,,,,,,,,,,,,,,,,,,,,,,,,,,,,,,,,,,,
34100,2019,12,22,4,30,1.8,0,0,0,3.1,,,,,,,,,,,,,,,,,,,,,,,,,,,,,,,,,,,,
34101,2019,12,22,4,45,1.8,0,0,0,3.1,,,,,,,,,,,,,,,,,,,,,,,,,,,,,,,,,,,,
34102,2019,12,22,5,0,1.8,0,0,0,3.1,,,,,,,,,,,,,,,,,,,,,,,,,,,,,,,,,,,,
34103,2019,12,22,5,15,1.8,0,0,0,3.1,,,,,,,,,,,,,,,,,,,,,,,,,,,,,,,,,,,,
34104,2019,12,22,5,30,1.8,0,0,0,3.1,,,,,,,,,,,,,,,,,,,,,,,,,,,,,,,,,,,,
34105,2019,12,22,5,45,1.8,0,0,0,3.2,,,,,,,,,,,,,,,,,,,,,,,,,,,,,,,,,,,,
34106,2019,12,22,6,0,1.8,0,0,0,3.2,,,,,,,,,,,,,,,,,,,,,,,,,,,,,,,,,,,,
34107,2019,12,22,6,15,1.8,0,0,0,3.2,,,,,,,,,,,,,,,,,,,,,,,,,,,,,,,,,,,,
34108,2019,12,22,6,30,1.8,0,0,0,3.1,,,,,,,,,,,,,,,,,,,,,,,,,,,,,,,,,,,,
34109,2019,12,22,6,45,1.8,0,0,0,3.1,,,,,,,,,,,,,,,,,,,,,,,,,,,,,,,,,,,,
34110,2019,12,22,7,0,1.8,0,0,0,3.1,,,,,,,,,,,,,,,,,,,,,,,,,,,,,,,,,,,,
34111,2019,12,22,7,15,1.8,0,0,0,3.1,,,,,,,,,,,,,,,,,,,,,,,,,,,,,,,,,,,,
34112,2019,12,22,7,30,1.8,0,0,0,3.2,,,,,,,,,,,,,,,,,,,,,,,,,,,,,,,,,,,,
34113,2019,12,22,7,45,1.8,0,0,0,3.2,,,,,,,,,,,,,,,,,,,,,,,,,,,,,,,,,,,,
34114,2019,12,22,8,0,1.8,0,0,0,3.2,,,,,,,,,,,,,,,,,,,,,,,,,,,,,,,,,,,,
34115,2019,12,22,8,15,1.9,0,0,0,3.3000000000000003,,,,,,,,,,,,,,,,,,,,,,,,,,,,,,,,,,,,
34116,2019,12,22,8,30,2.0,0,0,0,3.4000000000000004,,,,,,,,,,,,,,,,,,,,,,,,,,,,,,,,,,,,
34117,2019,12,22,8,45,2.1,3,0,3,3.5,,,,,,,,,,,,,,,,,,,,,,,,,,,,,,,,,,,,
34118,2019,12,22,9,0,2.3000000000000003,5,0,5,3.6,,,,,,,,,,,,,,,,,,,,,,,,,,,,,,,,,,,,
34119,2019,12,22,9,15,2.4000000000000004,5,0,5,3.6,,,,,,,,,,,,,,,,,,,,,,,,,,,,,,,,,,,,
34120,2019,12,22,9,30,2.6,6,0,6,3.5,,,,,,,,,,,,,,,,,,,,,,,,,,,,,,,,,,,,
34121,2019,12,22,9,45,2.7,7,0,7,3.5,,,,,,,,,,,,,,,,,,,,,,,,,,,,,,,,,,,,
34122,2019,12,22,10,0,2.9000000000000004,7,0,7,3.4000000000000004,,,,,,,,,,,,,,,,,,,,,,,,,,,,,,,,,,,,
34123,2019,12,22,10,15,3.1,8,0,8,3.4000000000000004,,,,,,,,,,,,,,,,,,,,,,,,,,,,,,,,,,,,
34124,2019,12,22,10,30,3.3000000000000003,9,0,9,3.3000000000000003,,,,,,,,,,,,,,,,,,,,,,,,,,,,,,,,,,,,
34125,2019,12,22,10,45,3.5,9,0,9,3.2,,,,,,,,,,,,,,,,,,,,,,,,,,,,,,,,,,,,
34126,2019,12,22,11,0,3.7,10,0,10,3.1,,,,,,,,,,,,,,,,,,,,,,,,,,,,,,,,,,,,
34127,2019,12,22,11,15,4.0,10,0,10,3.0,,,,,,,,,,,,,,,,,,,,,,,,,,,,,,,,,,,,
34128,2019,12,22,11,30,4.2,10,0,10,2.9000000000000004,,,,,,,,,,,,,,,,,,,,,,,,,,,,,,,,,,,,
34129,2019,12,22,11,45,4.4,11,0,11,2.8000000000000003,,,,,,,,,,,,,,,,,,,,,,,,,,,,,,,,,,,,
34130,2019,12,22,12,0,4.6000000000000005,11,0,11,2.7,,,,,,,,,,,,,,,,,,,,,,,,,,,,,,,,,,,,
34131,2019,12,22,12,15,4.800000000000001,11,0,11,2.6,,,,,,,,,,,,,,,,,,,,,,,,,,,,,,,,,,,,
34132,2019,12,22,12,30,5.0,11,0,11,2.5,,,,,,,,,,,,,,,,,,,,,,,,,,,,,,,,,,,,
34133,2019,12,22,12,45,5.1000000000000005,10,0,10,2.4000000000000004,,,,,,,,,,,,,,,,,,,,,,,,,,,,,,,,,,,,
34134,2019,12,22,13,0,5.300000000000001,10,0,10,2.3000000000000003,,,,,,,,,,,,,,,,,,,,,,,,,,,,,,,,,,,,
34135,2019,12,22,13,15,5.2,10,0,10,2.2,,,,,,,,,,,,,,,,,,,,,,,,,,,,,,,,,,,,
34136,2019,12,22,13,30,5.2,9,0,9,2.1,,,,,,,,,,,,,,,,,,,,,,,,,,,,,,,,,,,,
34137,2019,12,22,13,45,5.1000000000000005,9,0,9,2.0,,,,,,,,,,,,,,,,,,,,,,,,,,,,,,,,,,,,
34138,2019,12,22,14,0,5.1000000000000005,8,0,8,1.8,,,,,,,,,,,,,,,,,,,,,,,,,,,,,,,,,,,,
34139,2019,12,22,14,15,4.800000000000001,8,0,8,1.8,,,,,,,,,,,,,,,,,,,,,,,,,,,,,,,,,,,,
34140,2019,12,22,14,30,4.5,7,0,7,1.8,,,,,,,,,,,,,,,,,,,,,,,,,,,,,,,,,,,,
34141,2019,12,22,14,45,4.3,7,0,7,1.7000000000000002,,,,,,,,,,,,,,,,,,,,,,,,,,,,,,,,,,,,
34142,2019,12,22,15,0,4.0,6,0,6,1.7000000000000002,,,,,,,,,,,,,,,,,,,,,,,,,,,,,,,,,,,,
34143,2019,12,22,15,15,3.9,5,0,5,1.7000000000000002,,,,,,,,,,,,,,,,,,,,,,,,,,,,,,,,,,,,
34144,2019,12,22,15,30,3.7,4,0,4,1.8,,,,,,,,,,,,,,,,,,,,,,,,,,,,,,,,,,,,
34145,2019,12,22,15,45,3.6,2,0,2,1.8,,,,,,,,,,,,,,,,,,,,,,,,,,,,,,,,,,,,
34146,2019,12,22,16,0,3.4000000000000004,0,0,0,1.9,,,,,,,,,,,,,,,,,,,,,,,,,,,,,,,,,,,,
34147,2019,12,22,16,15,3.4000000000000004,0,0,0,1.9,,,,,,,,,,,,,,,,,,,,,,,,,,,,,,,,,,,,
34148,2019,12,22,16,30,3.4000000000000004,0,0,0,1.9,,,,,,,,,,,,,,,,,,,,,,,,,,,,,,,,,,,,
34149,2019,12,22,16,45,3.4000000000000004,0,0,0,2.0,,,,,,,,,,,,,,,,,,,,,,,,,,,,,,,,,,,,
34150,2019,12,22,17,0,3.4000000000000004,0,0,0,2.0,,,,,,,,,,,,,,,,,,,,,,,,,,,,,,,,,,,,
34151,2019,12,22,17,15,3.5,0,0,0,2.1,,,,,,,,,,,,,,,,,,,,,,,,,,,,,,,,,,,,
34152,2019,12,22,17,30,3.5,0,0,0,2.1,,,,,,,,,,,,,,,,,,,,,,,,,,,,,,,,,,,,
34153,2019,12,22,17,45,3.5,0,0,0,2.2,,,,,,,,,,,,,,,,,,,,,,,,,,,,,,,,,,,,
34154,2019,12,22,18,0,3.5,0,0,0,2.2,,,,,,,,,,,,,,,,,,,,,,,,,,,,,,,,,,,,
34155,2019,12,22,18,15,3.6,0,0,0,2.2,,,,,,,,,,,,,,,,,,,,,,,,,,,,,,,,,,,,
34156,2019,12,22,18,30,3.6,0,0,0,2.3000000000000003,,,,,,,,,,,,,,,,,,,,,,,,,,,,,,,,,,,,
34157,2019,12,22,18,45,3.7,0,0,0,2.3000000000000003,,,,,,,,,,,,,,,,,,,,,,,,,,,,,,,,,,,,
34158,2019,12,22,19,0,3.7,0,0,0,2.4000000000000004,,,,,,,,,,,,,,,,,,,,,,,,,,,,,,,,,,,,
34159,2019,12,22,19,15,3.7,0,0,0,2.4000000000000004,,,,,,,,,,,,,,,,,,,,,,,,,,,,,,,,,,,,
34160,2019,12,22,19,30,3.8,0,0,0,2.4000000000000004,,,,,,,,,,,,,,,,,,,,,,,,,,,,,,,,,,,,
34161,2019,12,22,19,45,3.8,0,0,0,2.5,,,,,,,,,,,,,,,,,,,,,,,,,,,,,,,,,,,,
34162,2019,12,22,20,0,3.8,0,0,0,2.5,,,,,,,,,,,,,,,,,,,,,,,,,,,,,,,,,,,,
34163,2019,12,22,20,15,3.8,0,0,0,2.5,,,,,,,,,,,,,,,,,,,,,,,,,,,,,,,,,,,,
34164,2019,12,22,20,30,3.9,0,0,0,2.5,,,,,,,,,,,,,,,,,,,,,,,,,,,,,,,,,,,,
34165,2019,12,22,20,45,3.9,0,0,0,2.5,,,,,,,,,,,,,,,,,,,,,,,,,,,,,,,,,,,,
34166,2019,12,22,21,0,3.9,0,0,0,2.6,,,,,,,,,,,,,,,,,,,,,,,,,,,,,,,,,,,,
34167,2019,12,22,21,15,3.9,0,0,0,2.6,,,,,,,,,,,,,,,,,,,,,,,,,,,,,,,,,,,,
34168,2019,12,22,21,30,3.9,0,0,0,2.6,,,,,,,,,,,,,,,,,,,,,,,,,,,,,,,,,,,,
34169,2019,12,22,21,45,4.0,0,0,0,2.6,,,,,,,,,,,,,,,,,,,,,,,,,,,,,,,,,,,,
34170,2019,12,22,22,0,4.0,0,0,0,2.6,,,,,,,,,,,,,,,,,,,,,,,,,,,,,,,,,,,,
34171,2019,12,22,22,15,4.0,0,0,0,2.6,,,,,,,,,,,,,,,,,,,,,,,,,,,,,,,,,,,,
34172,2019,12,22,22,30,4.1000000000000005,0,0,0,2.7,,,,,,,,,,,,,,,,,,,,,,,,,,,,,,,,,,,,
34173,2019,12,22,22,45,4.1000000000000005,0,0,0,2.8000000000000003,,,,,,,,,,,,,,,,,,,,,,,,,,,,,,,,,,,,
34174,2019,12,22,23,0,4.2,0,0,0,2.8000000000000003,,,,,,,,,,,,,,,,,,,,,,,,,,,,,,,,,,,,
34175,2019,12,22,23,15,4.3,0,0,0,3.0,,,,,,,,,,,,,,,,,,,,,,,,,,,,,,,,,,,,
34176,2019,12,22,23,30,4.4,0,0,0,3.2,,,,,,,,,,,,,,,,,,,,,,,,,,,,,,,,,,,,
34177,2019,12,22,23,45,4.5,0,0,0,3.3000000000000003,,,,,,,,,,,,,,,,,,,,,,,,,,,,,,,,,,,,
34178,2019,12,23,0,0,4.6000000000000005,0,0,0,3.5,,,,,,,,,,,,,,,,,,,,,,,,,,,,,,,,,,,,
34179,2019,12,23,0,15,4.6000000000000005,0,0,0,3.5,,,,,,,,,,,,,,,,,,,,,,,,,,,,,,,,,,,,
34180,2019,12,23,0,30,4.6000000000000005,0,0,0,3.5,,,,,,,,,,,,,,,,,,,,,,,,,,,,,,,,,,,,
34181,2019,12,23,0,45,4.6000000000000005,0,0,0,3.5,,,,,,,,,,,,,,,,,,,,,,,,,,,,,,,,,,,,
34182,2019,12,23,1,0,4.7,0,0,0,4.0,,,,,,,,,,,,,,,,,,,,,,,,,,,,,,,,,,,,
34183,2019,12,23,1,15,4.800000000000001,0,0,0,4.1000000000000005,,,,,,,,,,,,,,,,,,,,,,,,,,,,,,,,,,,,
34184,2019,12,23,1,30,4.800000000000001,0,0,0,4.2,,,,,,,,,,,,,,,,,,,,,,,,,,,,,,,,,,,,
34185,2019,12,23,1,45,4.9,0,0,0,4.3,,,,,,,,,,,,,,,,,,,,,,,,,,,,,,,,,,,,
34186,2019,12,23,2,0,4.9,0,0,0,4.4,,,,,,,,,,,,,,,,,,,,,,,,,,,,,,,,,,,,
34187,2019,12,23,2,15,5.0,0,0,0,4.5,,,,,,,,,,,,,,,,,,,,,,,,,,,,,,,,,,,,
34188,2019,12,23,2,30,5.1000000000000005,0,0,0,4.6000000000000005,,,,,,,,,,,,,,,,,,,,,,,,,,,,,,,,,,,,
34189,2019,12,23,2,45,5.1000000000000005,0,0,0,4.6000000000000005,,,,,,,,,,,,,,,,,,,,,,,,,,,,,,,,,,,,
34190,2019,12,23,3,0,5.2,0,0,0,4.7,,,,,,,,,,,,,,,,,,,,,,,,,,,,,,,,,,,,
34191,2019,12,23,3,15,5.2,0,0,0,4.7,,,,,,,,,,,,,,,,,,,,,,,,,,,,,,,,,,,,
34192,2019,12,23,3,30,5.300000000000001,0,0,0,4.800000000000001,,,,,,,,,,,,,,,,,,,,,,,,,,,,,,,,,,,,
34193,2019,12,23,3,45,5.4,0,0,0,4.9,,,,,,,,,,,,,,,,,,,,,,,,,,,,,,,,,,,,
34194,2019,12,23,4,0,5.4,0,0,0,5.0,,,,,,,,,,,,,,,,,,,,,,,,,,,,,,,,,,,,
34195,2019,12,23,4,15,5.4,0,0,0,4.9,,,,,,,,,,,,,,,,,,,,,,,,,,,,,,,,,,,,
34196,2019,12,23,4,30,5.5,0,0,0,4.800000000000001,,,,,,,,,,,,,,,,,,,,,,,,,,,,,,,,,,,,
34197,2019,12,23,4,45,5.5,0,0,0,4.800000000000001,,,,,,,,,,,,,,,,,,,,,,,,,,,,,,,,,,,,
34198,2019,12,23,5,0,5.5,0,0,0,4.7,,,,,,,,,,,,,,,,,,,,,,,,,,,,,,,,,,,,
34199,2019,12,23,5,15,5.5,0,0,0,4.7,,,,,,,,,,,,,,,,,,,,,,,,,,,,,,,,,,,,
34200,2019,12,23,5,30,5.5,0,0,0,4.6000000000000005,,,,,,,,,,,,,,,,,,,,,,,,,,,,,,,,,,,,
34201,2019,12,23,5,45,5.5,0,0,0,4.6000000000000005,,,,,,,,,,,,,,,,,,,,,,,,,,,,,,,,,,,,
34202,2019,12,23,6,0,5.5,0,0,0,4.5,,,,,,,,,,,,,,,,,,,,,,,,,,,,,,,,,,,,
34203,2019,12,23,6,15,5.5,0,0,0,4.5,,,,,,,,,,,,,,,,,,,,,,,,,,,,,,,,,,,,
34204,2019,12,23,6,30,5.5,0,0,0,4.4,,,,,,,,,,,,,,,,,,,,,,,,,,,,,,,,,,,,
34205,2019,12,23,6,45,5.5,0,0,0,4.4,,,,,,,,,,,,,,,,,,,,,,,,,,,,,,,,,,,,
34206,2019,12,23,7,0,5.5,0,0,0,4.3,,,,,,,,,,,,,,,,,,,,,,,,,,,,,,,,,,,,
34207,2019,12,23,7,15,5.5,0,0,0,4.3,,,,,,,,,,,,,,,,,,,,,,,,,,,,,,,,,,,,
34208,2019,12,23,7,30,5.5,0,0,0,4.2,,,,,,,,,,,,,,,,,,,,,,,,,,,,,,,,,,,,
34209,2019,12,23,7,45,5.5,0,0,0,4.2,,,,,,,,,,,,,,,,,,,,,,,,,,,,,,,,,,,,
34210,2019,12,23,8,0,5.5,0,0,0,4.1000000000000005,,,,,,,,,,,,,,,,,,,,,,,,,,,,,,,,,,,,
34211,2019,12,23,8,15,5.6000000000000005,0,0,0,4.2,,,,,,,,,,,,,,,,,,,,,,,,,,,,,,,,,,,,
34212,2019,12,23,8,30,5.7,0,0,0,4.2,,,,,,,,,,,,,,,,,,,,,,,,,,,,,,,,,,,,
34213,2019,12,23,8,45,5.9,2,0,2,4.2,,,,,,,,,,,,,,,,,,,,,,,,,,,,,,,,,,,,
34214,2019,12,23,9,0,6.0,4,0,4,4.2,,,,,,,,,,,,,,,,,,,,,,,,,,,,,,,,,,,,
34215,2019,12,23,9,15,6.2,5,0,5,4.2,,,,,,,,,,,,,,,,,,,,,,,,,,,,,,,,,,,,
34216,2019,12,23,9,30,6.300000000000001,6,0,6,4.3,,,,,,,,,,,,,,,,,,,,,,,,,,,,,,,,,,,,
34217,2019,12,23,9,45,6.5,7,0,7,4.3,,,,,,,,,,,,,,,,,,,,,,,,,,,,,,,,,,,,
34218,2019,12,23,10,0,6.6000000000000005,8,0,8,4.3,,,,,,,,,,,,,,,,,,,,,,,,,,,,,,,,,,,,
34219,2019,12,23,10,15,6.7,10,0,10,4.4,,,,,,,,,,,,,,,,,,,,,,,,,,,,,,,,,,,,
34220,2019,12,23,10,30,6.9,11,0,11,4.4,,,,,,,,,,,,,,,,,,,,,,,,,,,,,,,,,,,,
34221,2019,12,23,10,45,7.0,12,0,12,4.5,,,,,,,,,,,,,,,,,,,,,,,,,,,,,,,,,,,,
34222,2019,12,23,11,0,7.1000000000000005,13,0,13,4.5,,,,,,,,,,,,,,,,,,,,,,,,,,,,,,,,,,,,
34223,2019,12,23,11,15,7.2,14,0,14,4.5,,,,,,,,,,,,,,,,,,,,,,,,,,,,,,,,,,,,
34224,2019,12,23,11,30,7.300000000000001,14,0,14,4.5,,,,,,,,,,,,,,,,,,,,,,,,,,,,,,,,,,,,
34225,2019,12,23,11,45,7.300000000000001,15,0,15,4.5,,,,,,,,,,,,,,,,,,,,,,,,,,,,,,,,,,,,
34226,2019,12,23,12,0,7.4,15,0,15,4.5,,,,,,,,,,,,,,,,,,,,,,,,,,,,,,,,,,,,
34227,2019,12,23,12,15,7.4,15,0,15,4.5,,,,,,,,,,,,,,,,,,,,,,,,,,,,,,,,,,,,
34228,2019,12,23,12,30,7.4,15,0,15,4.5,,,,,,,,,,,,,,,,,,,,,,,,,,,,,,,,,,,,
34229,2019,12,23,12,45,7.5,15,0,15,4.5,,,,,,,,,,,,,,,,,,,,,,,,,,,,,,,,,,,,
34230,2019,12,23,13,0,7.5,14,0,14,4.4,,,,,,,,,,,,,,,,,,,,,,,,,,,,,,,,,,,,
34231,2019,12,23,13,15,7.4,13,0,13,4.4,,,,,,,,,,,,,,,,,,,,,,,,,,,,,,,,,,,,
34232,2019,12,23,13,30,7.4,13,0,13,4.3,,,,,,,,,,,,,,,,,,,,,,,,,,,,,,,,,,,,
34233,2019,12,23,13,45,7.300000000000001,12,0,12,4.3,,,,,,,,,,,,,,,,,,,,,,,,,,,,,,,,,,,,
34234,2019,12,23,14,0,7.300000000000001,11,0,11,4.2,,,,,,,,,,,,,,,,,,,,,,,,,,,,,,,,,,,,
34235,2019,12,23,14,15,7.1000000000000005,9,0,9,4.1000000000000005,,,,,,,,,,,,,,,,,,,,,,,,,,,,,,,,,,,,
34236,2019,12,23,14,30,6.9,8,0,8,4.0,,,,,,,,,,,,,,,,,,,,,,,,,,,,,,,,,,,,
34237,2019,12,23,14,45,6.7,7,0,7,3.9,,,,,,,,,,,,,,,,,,,,,,,,,,,,,,,,,,,,
34238,2019,12,23,15,0,6.5,6,0,6,3.7,,,,,,,,,,,,,,,,,,,,,,,,,,,,,,,,,,,,
34239,2019,12,23,15,15,6.2,5,0,5,3.6,,,,,,,,,,,,,,,,,,,,,,,,,,,,,,,,,,,,
34240,2019,12,23,15,30,5.800000000000001,3,0,3,3.4000000000000004,,,,,,,,,,,,,,,,,,,,,,,,,,,,,,,,,,,,
34241,2019,12,23,15,45,5.5,2,0,2,3.3000000000000003,,,,,,,,,,,,,,,,,,,,,,,,,,,,,,,,,,,,
34242,2019,12,23,16,0,5.1000000000000005,0,0,0,3.2,,,,,,,,,,,,,,,,,,,,,,,,,,,,,,,,,,,,
34243,2019,12,23,16,15,4.9,0,0,0,3.1,,,,,,,,,,,,,,,,,,,,,,,,,,,,,,,,,,,,
34244,2019,12,23,16,30,4.7,0,0,0,3.1,,,,,,,,,,,,,,,,,,,,,,,,,,,,,,,,,,,,
34245,2019,12,23,16,45,4.4,0,0,0,3.1,,,,,,,,,,,,,,,,,,,,,,,,,,,,,,,,,,,,
34246,2019,12,23,17,0,4.2,0,0,0,3.0,,,,,,,,,,,,,,,,,,,,,,,,,,,,,,,,,,,,
34247,2019,12,23,17,15,4.2,0,0,0,3.1,,,,,,,,,,,,,,,,,,,,,,,,,,,,,,,,,,,,
34248,2019,12,23,17,30,4.1000000000000005,0,0,0,3.1,,,,,,,,,,,,,,,,,,,,,,,,,,,,,,,,,,,,
34249,2019,12,23,17,45,4.1000000000000005,0,0,0,3.2,,,,,,,,,,,,,,,,,,,,,,,,,,,,,,,,,,,,
34250,2019,12,23,18,0,4.1000000000000005,0,0,0,3.2,,,,,,,,,,,,,,,,,,,,,,,,,,,,,,,,,,,,
34251,2019,12,23,18,15,4.1000000000000005,0,0,0,3.3000000000000003,,,,,,,,,,,,,,,,,,,,,,,,,,,,,,,,,,,,
34252,2019,12,23,18,30,4.2,0,0,0,3.4000000000000004,,,,,,,,,,,,,,,,,,,,,,,,,,,,,,,,,,,,
34253,2019,12,23,18,45,4.3,0,0,0,3.5,,,,,,,,,,,,,,,,,,,,,,,,,,,,,,,,,,,,
34254,2019,12,23,19,0,4.4,0,0,0,3.6,,,,,,,,,,,,,,,,,,,,,,,,,,,,,,,,,,,,
34255,2019,12,23,19,15,4.5,0,0,0,3.6,,,,,,,,,,,,,,,,,,,,,,,,,,,,,,,,,,,,
34256,2019,12,23,19,30,4.6000000000000005,0,0,0,3.6,,,,,,,,,,,,,,,,,,,,,,,,,,,,,,,,,,,,
34257,2019,12,23,19,45,4.800000000000001,0,0,0,3.7,,,,,,,,,,,,,,,,,,,,,,,,,,,,,,,,,,,,
34258,2019,12,23,20,0,4.9,0,0,0,3.7,,,,,,,,,,,,,,,,,,,,,,,,,,,,,,,,,,,,
34259,2019,12,23,20,15,5.0,0,0,0,3.7,,,,,,,,,,,,,,,,,,,,,,,,,,,,,,,,,,,,
34260,2019,12,23,20,30,5.0,0,0,0,3.7,,,,,,,,,,,,,,,,,,,,,,,,,,,,,,,,,,,,
34261,2019,12,23,20,45,5.1000000000000005,0,0,0,3.7,,,,,,,,,,,,,,,,,,,,,,,,,,,,,,,,,,,,
34262,2019,12,23,21,0,5.2,0,0,0,3.8,,,,,,,,,,,,,,,,,,,,,,,,,,,,,,,,,,,,
34263,2019,12,23,21,15,5.2,0,0,0,3.7,,,,,,,,,,,,,,,,,,,,,,,,,,,,,,,,,,,,
34264,2019,12,23,21,30,5.2,0,0,0,3.7,,,,,,,,,,,,,,,,,,,,,,,,,,,,,,,,,,,,
34265,2019,12,23,21,45,5.1000000000000005,0,0,0,3.7,,,,,,,,,,,,,,,,,,,,,,,,,,,,,,,,,,,,
34266,2019,12,23,22,0,5.1000000000000005,0,0,0,3.6,,,,,,,,,,,,,,,,,,,,,,,,,,,,,,,,,,,,
34267,2019,12,23,22,15,5.0,0,0,0,3.5,,,,,,,,,,,,,,,,,,,,,,,,,,,,,,,,,,,,
34268,2019,12,23,22,30,4.9,0,0,0,3.5,,,,,,,,,,,,,,,,,,,,,,,,,,,,,,,,,,,,
34269,2019,12,23,22,45,4.800000000000001,0,0,0,3.4000000000000004,,,,,,,,,,,,,,,,,,,,,,,,,,,,,,,,,,,,
34270,2019,12,23,23,0,4.7,0,0,0,3.3000000000000003,,,,,,,,,,,,,,,,,,,,,,,,,,,,,,,,,,,,
34271,2019,12,23,23,15,4.7,0,0,0,3.3000000000000003,,,,,,,,,,,,,,,,,,,,,,,,,,,,,,,,,,,,
34272,2019,12,23,23,30,4.7,0,0,0,3.4000000000000004,,,,,,,,,,,,,,,,,,,,,,,,,,,,,,,,,,,,
34273,2019,12,23,23,45,4.7,0,0,0,3.4000000000000004,,,,,,,,,,,,,,,,,,,,,,,,,,,,,,,,,,,,
34274,2019,12,24,0,0,4.7,0,0,0,3.5,,,,,,,,,,,,,,,,,,,,,,,,,,,,,,,,,,,,
34275,2019,12,24,0,15,4.7,0,0,0,3.5,,,,,,,,,,,,,,,,,,,,,,,,,,,,,,,,,,,,
34276,2019,12,24,0,30,4.7,0,0,0,3.5,,,,,,,,,,,,,,,,,,,,,,,,,,,,,,,,,,,,
34277,2019,12,24,0,45,4.7,0,0,0,3.5,,,,,,,,,,,,,,,,,,,,,,,,,,,,,,,,,,,,
34278,2019,12,24,1,0,4.7,0,0,0,3.7,,,,,,,,,,,,,,,,,,,,,,,,,,,,,,,,,,,,
34279,2019,12,24,1,15,4.6000000000000005,0,0,0,3.7,,,,,,,,,,,,,,,,,,,,,,,,,,,,,,,,,,,,
34280,2019,12,24,1,30,4.6000000000000005,0,0,0,3.7,,,,,,,,,,,,,,,,,,,,,,,,,,,,,,,,,,,,
34281,2019,12,24,1,45,4.5,0,0,0,3.6,,,,,,,,,,,,,,,,,,,,,,,,,,,,,,,,,,,,
34282,2019,12,24,2,0,4.5,0,0,0,3.6,,,,,,,,,,,,,,,,,,,,,,,,,,,,,,,,,,,,
34283,2019,12,24,2,15,4.4,0,0,0,3.5,,,,,,,,,,,,,,,,,,,,,,,,,,,,,,,,,,,,
34284,2019,12,24,2,30,4.3,0,0,0,3.4000000000000004,,,,,,,,,,,,,,,,,,,,,,,,,,,,,,,,,,,,
34285,2019,12,24,2,45,4.2,0,0,0,3.3000000000000003,,,,,,,,,,,,,,,,,,,,,,,,,,,,,,,,,,,,
34286,2019,12,24,3,0,4.2,0,0,0,3.2,,,,,,,,,,,,,,,,,,,,,,,,,,,,,,,,,,,,
34287,2019,12,24,3,15,4.0,0,0,0,3.1,,,,,,,,,,,,,,,,,,,,,,,,,,,,,,,,,,,,
34288,2019,12,24,3,30,3.8,0,0,0,2.9000000000000004,,,,,,,,,,,,,,,,,,,,,,,,,,,,,,,,,,,,
34289,2019,12,24,3,45,3.7,0,0,0,2.8000000000000003,,,,,,,,,,,,,,,,,,,,,,,,,,,,,,,,,,,,
34290,2019,12,24,4,0,3.5,0,0,0,2.7,,,,,,,,,,,,,,,,,,,,,,,,,,,,,,,,,,,,
34291,2019,12,24,4,15,3.4000000000000004,0,0,0,2.6,,,,,,,,,,,,,,,,,,,,,,,,,,,,,,,,,,,,
34292,2019,12,24,4,30,3.2,0,0,0,2.6,,,,,,,,,,,,,,,,,,,,,,,,,,,,,,,,,,,,
34293,2019,12,24,4,45,3.1,0,0,0,2.5,,,,,,,,,,,,,,,,,,,,,,,,,,,,,,,,,,,,
34294,2019,12,24,5,0,3.0,0,0,0,2.4000000000000004,,,,,,,,,,,,,,,,,,,,,,,,,,,,,,,,,,,,
34295,2019,12,24,5,15,3.1,0,0,0,2.5,,,,,,,,,,,,,,,,,,,,,,,,,,,,,,,,,,,,
34296,2019,12,24,5,30,3.2,0,0,0,2.6,,,,,,,,,,,,,,,,,,,,,,,,,,,,,,,,,,,,
34297,2019,12,24,5,45,3.3000000000000003,0,0,0,2.7,,,,,,,,,,,,,,,,,,,,,,,,,,,,,,,,,,,,
34298,2019,12,24,6,0,3.4000000000000004,0,0,0,2.8000000000000003,,,,,,,,,,,,,,,,,,,,,,,,,,,,,,,,,,,,
34299,2019,12,24,6,15,3.4000000000000004,0,0,0,2.8000000000000003,,,,,,,,,,,,,,,,,,,,,,,,,,,,,,,,,,,,
34300,2019,12,24,6,30,3.5,0,0,0,2.9000000000000004,,,,,,,,,,,,,,,,,,,,,,,,,,,,,,,,,,,,
34301,2019,12,24,6,45,3.5,0,0,0,2.9000000000000004,,,,,,,,,,,,,,,,,,,,,,,,,,,,,,,,,,,,
34302,2019,12,24,7,0,3.5,0,0,0,3.0,,,,,,,,,,,,,,,,,,,,,,,,,,,,,,,,,,,,
34303,2019,12,24,7,15,3.6,0,0,0,3.1,,,,,,,,,,,,,,,,,,,,,,,,,,,,,,,,,,,,
34304,2019,12,24,7,30,3.7,0,0,0,3.2,,,,,,,,,,,,,,,,,,,,,,,,,,,,,,,,,,,,
34305,2019,12,24,7,45,3.9,0,0,0,3.3000000000000003,,,,,,,,,,,,,,,,,,,,,,,,,,,,,,,,,,,,
34306,2019,12,24,8,0,4.0,0,0,0,3.4000000000000004,,,,,,,,,,,,,,,,,,,,,,,,,,,,,,,,,,,,
34307,2019,12,24,8,15,4.2,0,0,0,3.5,,,,,,,,,,,,,,,,,,,,,,,,,,,,,,,,,,,,
34308,2019,12,24,8,30,4.4,0,0,0,3.6,,,,,,,,,,,,,,,,,,,,,,,,,,,,,,,,,,,,
34309,2019,12,24,8,45,4.6000000000000005,2,0,2,3.7,,,,,,,,,,,,,,,,,,,,,,,,,,,,,,,,,,,,
34310,2019,12,24,9,0,4.800000000000001,5,0,5,3.8,,,,,,,,,,,,,,,,,,,,,,,,,,,,,,,,,,,,
34311,2019,12,24,9,15,5.0,6,0,6,3.8,,,,,,,,,,,,,,,,,,,,,,,,,,,,,,,,,,,,
34312,2019,12,24,9,30,5.2,6,0,6,3.8,,,,,,,,,,,,,,,,,,,,,,,,,,,,,,,,,,,,
34313,2019,12,24,9,45,5.300000000000001,7,0,7,3.8,,,,,,,,,,,,,,,,,,,,,,,,,,,,,,,,,,,,
34314,2019,12,24,10,0,5.5,7,0,7,3.8,,,,,,,,,,,,,,,,,,,,,,,,,,,,,,,,,,,,
34315,2019,12,24,10,15,5.6000000000000005,8,0,8,3.7,,,,,,,,,,,,,,,,,,,,,,,,,,,,,,,,,,,,
34316,2019,12,24,10,30,5.800000000000001,11,0,11,3.7,,,,,,,,,,,,,,,,,,,,,,,,,,,,,,,,,,,,
34317,2019,12,24,10,45,5.9,9,0,9,3.6,,,,,,,,,,,,,,,,,,,,,,,,,,,,,,,,,,,,
34318,2019,12,24,11,0,6.0,10,0,10,3.6,,,,,,,,,,,,,,,,,,,,,,,,,,,,,,,,,,,,
34319,2019,12,24,11,15,6.0,10,0,10,3.5,,,,,,,,,,,,,,,,,,,,,,,,,,,,,,,,,,,,
34320,2019,12,24,11,30,5.9,14,0,14,3.4000000000000004,,,,,,,,,,,,,,,,,,,,,,,,,,,,,,,,,,,,
34321,2019,12,24,11,45,5.9,15,0,15,3.3000000000000003,,,,,,,,,,,,,,,,,,,,,,,,,,,,,,,,,,,,
34322,2019,12,24,12,0,5.9,15,0,15,3.2,,,,,,,,,,,,,,,,,,,,,,,,,,,,,,,,,,,,
34323,2019,12,24,12,15,5.800000000000001,15,0,15,3.2,,,,,,,,,,,,,,,,,,,,,,,,,,,,,,,,,,,,
34324,2019,12,24,12,30,5.800000000000001,15,0,15,3.2,,,,,,,,,,,,,,,,,,,,,,,,,,,,,,,,,,,,
34325,2019,12,24,12,45,5.7,11,0,11,3.2,,,,,,,,,,,,,,,,,,,,,,,,,,,,,,,,,,,,
34326,2019,12,24,13,0,5.6000000000000005,10,0,10,3.2,,,,,,,,,,,,,,,,,,,,,,,,,,,,,,,,,,,,
34327,2019,12,24,13,15,5.5,10,0,10,3.3000000000000003,,,,,,,,,,,,,,,,,,,,,,,,,,,,,,,,,,,,
34328,2019,12,24,13,30,5.5,9,0,9,3.4000000000000004,,,,,,,,,,,,,,,,,,,,,,,,,,,,,,,,,,,,
34329,2019,12,24,13,45,5.4,9,0,9,3.5,,,,,,,,,,,,,,,,,,,,,,,,,,,,,,,,,,,,
34330,2019,12,24,14,0,5.300000000000001,8,0,8,3.6,,,,,,,,,,,,,,,,,,,,,,,,,,,,,,,,,,,,
34331,2019,12,24,14,15,5.2,8,0,8,3.7,,,,,,,,,,,,,,,,,,,,,,,,,,,,,,,,,,,,
34332,2019,12,24,14,30,5.1000000000000005,7,0,7,3.8,,,,,,,,,,,,,,,,,,,,,,,,,,,,,,,,,,,,
34333,2019,12,24,14,45,5.0,7,0,7,4.0,,,,,,,,,,,,,,,,,,,,,,,,,,,,,,,,,,,,
34334,2019,12,24,15,0,4.9,6,0,6,4.1000000000000005,,,,,,,,,,,,,,,,,,,,,,,,,,,,,,,,,,,,
34335,2019,12,24,15,15,4.800000000000001,5,0,5,4.2,,,,,,,,,,,,,,,,,,,,,,,,,,,,,,,,,,,,
34336,2019,12,24,15,30,4.800000000000001,4,0,4,4.3,,,,,,,,,,,,,,,,,,,,,,,,,,,,,,,,,,,,
34337,2019,12,24,15,45,4.7,3,0,3,4.4,,,,,,,,,,,,,,,,,,,,,,,,,,,,,,,,,,,,
34338,2019,12,24,16,0,4.7,0,0,0,4.5,,,,,,,,,,,,,,,,,,,,,,,,,,,,,,,,,,,,
34339,2019,12,24,16,15,4.7,0,0,0,4.5,,,,,,,,,,,,,,,,,,,,,,,,,,,,,,,,,,,,
34340,2019,12,24,16,30,4.800000000000001,0,0,0,4.5,,,,,,,,,,,,,,,,,,,,,,,,,,,,,,,,,,,,
34341,2019,12,24,16,45,4.9,0,0,0,4.4,,,,,,,,,,,,,,,,,,,,,,,,,,,,,,,,,,,,
34342,2019,12,24,17,0,5.0,0,0,0,4.4,,,,,,,,,,,,,,,,,,,,,,,,,,,,,,,,,,,,
34343,2019,12,24,17,15,5.2,0,0,0,4.5,,,,,,,,,,,,,,,,,,,,,,,,,,,,,,,,,,,,
34344,2019,12,24,17,30,5.4,0,0,0,4.6000000000000005,,,,,,,,,,,,,,,,,,,,,,,,,,,,,,,,,,,,
34345,2019,12,24,17,45,5.7,0,0,0,4.800000000000001,,,,,,,,,,,,,,,,,,,,,,,,,,,,,,,,,,,,
34346,2019,12,24,18,0,5.9,0,0,0,4.9,,,,,,,,,,,,,,,,,,,,,,,,,,,,,,,,,,,,
34347,2019,12,24,18,15,6.0,0,0,0,5.1000000000000005,,,,,,,,,,,,,,,,,,,,,,,,,,,,,,,,,,,,
34348,2019,12,24,18,30,6.2,0,0,0,5.4,,,,,,,,,,,,,,,,,,,,,,,,,,,,,,,,,,,,
34349,2019,12,24,18,45,6.300000000000001,0,0,0,5.7,,,,,,,,,,,,,,,,,,,,,,,,,,,,,,,,,,,,
34350,2019,12,24,19,0,6.5,0,0,0,5.9,,,,,,,,,,,,,,,,,,,,,,,,,,,,,,,,,,,,
34351,2019,12,24,19,15,6.5,0,0,0,6.0,,,,,,,,,,,,,,,,,,,,,,,,,,,,,,,,,,,,
34352,2019,12,24,19,30,6.5,0,0,0,6.0,,,,,,,,,,,,,,,,,,,,,,,,,,,,,,,,,,,,
34353,2019,12,24,19,45,6.6000000000000005,0,0,0,6.1000000000000005,,,,,,,,,,,,,,,,,,,,,,,,,,,,,,,,,,,,
34354,2019,12,24,20,0,6.6000000000000005,0,0,0,6.2,,,,,,,,,,,,,,,,,,,,,,,,,,,,,,,,,,,,
34355,2019,12,24,20,15,6.6000000000000005,0,0,0,6.1000000000000005,,,,,,,,,,,,,,,,,,,,,,,,,,,,,,,,,,,,
34356,2019,12,24,20,30,6.5,0,0,0,6.1000000000000005,,,,,,,,,,,,,,,,,,,,,,,,,,,,,,,,,,,,
34357,2019,12,24,20,45,6.5,0,0,0,6.0,,,,,,,,,,,,,,,,,,,,,,,,,,,,,,,,,,,,
34358,2019,12,24,21,0,6.5,0,0,0,6.0,,,,,,,,,,,,,,,,,,,,,,,,,,,,,,,,,,,,
34359,2019,12,24,21,15,6.5,0,0,0,5.9,,,,,,,,,,,,,,,,,,,,,,,,,,,,,,,,,,,,
34360,2019,12,24,21,30,6.5,0,0,0,5.800000000000001,,,,,,,,,,,,,,,,,,,,,,,,,,,,,,,,,,,,
34361,2019,12,24,21,45,6.5,0,0,0,5.7,,,,,,,,,,,,,,,,,,,,,,,,,,,,,,,,,,,,
34362,2019,12,24,22,0,6.5,0,0,0,5.5,,,,,,,,,,,,,,,,,,,,,,,,,,,,,,,,,,,,
34363,2019,12,24,22,15,6.5,0,0,0,5.4,,,,,,,,,,,,,,,,,,,,,,,,,,,,,,,,,,,,
34364,2019,12,24,22,30,6.5,0,0,0,5.300000000000001,,,,,,,,,,,,,,,,,,,,,,,,,,,,,,,,,,,,
34365,2019,12,24,22,45,6.5,0,0,0,5.2,,,,,,,,,,,,,,,,,,,,,,,,,,,,,,,,,,,,
34366,2019,12,24,23,0,6.5,0,0,0,5.2,,,,,,,,,,,,,,,,,,,,,,,,,,,,,,,,,,,,
34367,2019,12,24,23,15,6.5,0,0,0,5.0,,,,,,,,,,,,,,,,,,,,,,,,,,,,,,,,,,,,
34368,2019,12,24,23,30,6.4,0,0,0,4.9,,,,,,,,,,,,,,,,,,,,,,,,,,,,,,,,,,,,
34369,2019,12,24,23,45,6.4,0,0,0,4.800000000000001,,,,,,,,,,,,,,,,,,,,,,,,,,,,,,,,,,,,
34370,2019,12,25,0,0,6.300000000000001,0,0,0,4.7,,,,,,,,,,,,,,,,,,,,,,,,,,,,,,,,,,,,
34371,2019,12,25,0,15,6.300000000000001,0,0,0,4.7,,,,,,,,,,,,,,,,,,,,,,,,,,,,,,,,,,,,
34372,2019,12,25,0,30,6.300000000000001,0,0,0,4.7,,,,,,,,,,,,,,,,,,,,,,,,,,,,,,,,,,,,
34373,2019,12,25,0,45,6.300000000000001,0,0,0,4.7,,,,,,,,,,,,,,,,,,,,,,,,,,,,,,,,,,,,
34374,2019,12,25,1,0,6.1000000000000005,0,0,0,4.3,,,,,,,,,,,,,,,,,,,,,,,,,,,,,,,,,,,,
34375,2019,12,25,1,15,6.0,0,0,0,4.2,,,,,,,,,,,,,,,,,,,,,,,,,,,,,,,,,,,,
34376,2019,12,25,1,30,5.9,0,0,0,4.1000000000000005,,,,,,,,,,,,,,,,,,,,,,,,,,,,,,,,,,,,
34377,2019,12,25,1,45,5.9,0,0,0,4.1000000000000005,,,,,,,,,,,,,,,,,,,,,,,,,,,,,,,,,,,,
34378,2019,12,25,2,0,5.800000000000001,0,0,0,4.0,,,,,,,,,,,,,,,,,,,,,,,,,,,,,,,,,,,,
34379,2019,12,25,2,15,5.7,0,0,0,3.9,,,,,,,,,,,,,,,,,,,,,,,,,,,,,,,,,,,,
34380,2019,12,25,2,30,5.6000000000000005,0,0,0,3.7,,,,,,,,,,,,,,,,,,,,,,,,,,,,,,,,,,,,
34381,2019,12,25,2,45,5.5,0,0,0,3.6,,,,,,,,,,,,,,,,,,,,,,,,,,,,,,,,,,,,
34382,2019,12,25,3,0,5.4,0,0,0,3.5,,,,,,,,,,,,,,,,,,,,,,,,,,,,,,,,,,,,
34383,2019,12,25,3,15,5.300000000000001,0,0,0,3.4000000000000004,,,,,,,,,,,,,,,,,,,,,,,,,,,,,,,,,,,,
34384,2019,12,25,3,30,5.2,0,0,0,3.3000000000000003,,,,,,,,,,,,,,,,,,,,,,,,,,,,,,,,,,,,
34385,2019,12,25,3,45,5.1000000000000005,0,0,0,3.2,,,,,,,,,,,,,,,,,,,,,,,,,,,,,,,,,,,,
34386,2019,12,25,4,0,5.0,0,0,0,3.1,,,,,,,,,,,,,,,,,,,,,,,,,,,,,,,,,,,,
34387,2019,12,25,4,15,5.0,0,0,0,3.1,,,,,,,,,,,,,,,,,,,,,,,,,,,,,,,,,,,,
34388,2019,12,25,4,30,4.9,0,0,0,3.0,,,,,,,,,,,,,,,,,,,,,,,,,,,,,,,,,,,,
34389,2019,12,25,4,45,4.800000000000001,0,0,0,3.0,,,,,,,,,,,,,,,,,,,,,,,,,,,,,,,,,,,,
34390,2019,12,25,5,0,4.7,0,0,0,2.9000000000000004,,,,,,,,,,,,,,,,,,,,,,,,,,,,,,,,,,,,
34391,2019,12,25,5,15,4.7,0,0,0,2.9000000000000004,,,,,,,,,,,,,,,,,,,,,,,,,,,,,,,,,,,,
34392,2019,12,25,5,30,4.6000000000000005,0,0,0,2.8000000000000003,,,,,,,,,,,,,,,,,,,,,,,,,,,,,,,,,,,,
34393,2019,12,25,5,45,4.6000000000000005,0,0,0,2.8000000000000003,,,,,,,,,,,,,,,,,,,,,,,,,,,,,,,,,,,,
34394,2019,12,25,6,0,4.5,0,0,0,2.7,,,,,,,,,,,,,,,,,,,,,,,,,,,,,,,,,,,,
34395,2019,12,25,6,15,4.5,0,0,0,2.6,,,,,,,,,,,,,,,,,,,,,,,,,,,,,,,,,,,,
34396,2019,12,25,6,30,4.4,0,0,0,2.5,,,,,,,,,,,,,,,,,,,,,,,,,,,,,,,,,,,,
34397,2019,12,25,6,45,4.4,0,0,0,2.4000000000000004,,,,,,,,,,,,,,,,,,,,,,,,,,,,,,,,,,,,
34398,2019,12,25,7,0,4.3,0,0,0,2.2,,,,,,,,,,,,,,,,,,,,,,,,,,,,,,,,,,,,
34399,2019,12,25,7,15,4.3,0,0,0,2.2,,,,,,,,,,,,,,,,,,,,,,,,,,,,,,,,,,,,
34400,2019,12,25,7,30,4.3,0,0,0,2.1,,,,,,,,,,,,,,,,,,,,,,,,,,,,,,,,,,,,
34401,2019,12,25,7,45,4.2,0,0,0,2.1,,,,,,,,,,,,,,,,,,,,,,,,,,,,,,,,,,,,
34402,2019,12,25,8,0,4.2,0,0,0,2.1,,,,,,,,,,,,,,,,,,,,,,,,,,,,,,,,,,,,
34403,2019,12,25,8,15,4.3,0,0,0,2.1,,,,,,,,,,,,,,,,,,,,,,,,,,,,,,,,,,,,
34404,2019,12,25,8,30,4.4,0,0,0,2.2,,,,,,,,,,,,,,,,,,,,,,,,,,,,,,,,,,,,
34405,2019,12,25,8,45,4.4,2,0,2,2.3000000000000003,,,,,,,,,,,,,,,,,,,,,,,,,,,,,,,,,,,,
34406,2019,12,25,9,0,4.5,4,0,4,2.3000000000000003,,,,,,,,,,,,,,,,,,,,,,,,,,,,,,,,,,,,
34407,2019,12,25,9,15,4.6000000000000005,5,0,5,2.5,,,,,,,,,,,,,,,,,,,,,,,,,,,,,,,,,,,,
34408,2019,12,25,9,30,4.6000000000000005,6,0,6,2.6,,,,,,,,,,,,,,,,,,,,,,,,,,,,,,,,,,,,
34409,2019,12,25,9,45,4.7,7,0,7,2.8000000000000003,,,,,,,,,,,,,,,,,,,,,,,,,,,,,,,,,,,,
34410,2019,12,25,10,0,4.7,8,0,8,2.9000000000000004,,,,,,,,,,,,,,,,,,,,,,,,,,,,,,,,,,,,
34411,2019,12,25,10,15,4.7,10,0,10,3.0,,,,,,,,,,,,,,,,,,,,,,,,,,,,,,,,,,,,
34412,2019,12,25,10,30,4.7,11,0,11,3.1,,,,,,,,,,,,,,,,,,,,,,,,,,,,,,,,,,,,
34413,2019,12,25,10,45,4.7,12,0,12,3.3000000000000003,,,,,,,,,,,,,,,,,,,,,,,,,,,,,,,,,,,,
34414,2019,12,25,11,0,4.7,13,0,13,3.4000000000000004,,,,,,,,,,,,,,,,,,,,,,,,,,,,,,,,,,,,
34415,2019,12,25,11,15,4.7,14,0,14,3.4000000000000004,,,,,,,,,,,,,,,,,,,,,,,,,,,,,,,,,,,,
34416,2019,12,25,11,30,4.7,14,0,14,3.5,,,,,,,,,,,,,,,,,,,,,,,,,,,,,,,,,,,,
34417,2019,12,25,11,45,4.7,15,0,15,3.5,,,,,,,,,,,,,,,,,,,,,,,,,,,,,,,,,,,,
34418,2019,12,25,12,0,4.7,15,0,15,3.6,,,,,,,,,,,,,,,,,,,,,,,,,,,,,,,,,,,,
34419,2019,12,25,12,15,4.7,15,0,15,3.6,,,,,,,,,,,,,,,,,,,,,,,,,,,,,,,,,,,,
34420,2019,12,25,12,30,4.7,15,0,15,3.6,,,,,,,,,,,,,,,,,,,,,,,,,,,,,,,,,,,,
34421,2019,12,25,12,45,4.7,15,0,15,3.6,,,,,,,,,,,,,,,,,,,,,,,,,,,,,,,,,,,,
34422,2019,12,25,13,0,4.7,14,0,14,3.5,,,,,,,,,,,,,,,,,,,,,,,,,,,,,,,,,,,,
34423,2019,12,25,13,15,4.7,14,0,14,3.5,,,,,,,,,,,,,,,,,,,,,,,,,,,,,,,,,,,,
34424,2019,12,25,13,30,4.7,13,0,13,3.4000000000000004,,,,,,,,,,,,,,,,,,,,,,,,,,,,,,,,,,,,
34425,2019,12,25,13,45,4.7,12,0,12,3.4000000000000004,,,,,,,,,,,,,,,,,,,,,,,,,,,,,,,,,,,,
34426,2019,12,25,14,0,4.7,11,0,11,3.3000000000000003,,,,,,,,,,,,,,,,,,,,,,,,,,,,,,,,,,,,
34427,2019,12,25,14,15,4.6000000000000005,10,0,10,3.2,,,,,,,,,,,,,,,,,,,,,,,,,,,,,,,,,,,,
34428,2019,12,25,14,30,4.6000000000000005,8,0,8,3.1,,,,,,,,,,,,,,,,,,,,,,,,,,,,,,,,,,,,
34429,2019,12,25,14,45,4.5,7,0,7,3.0,,,,,,,,,,,,,,,,,,,,,,,,,,,,,,,,,,,,
34430,2019,12,25,15,0,4.5,6,0,6,2.9000000000000004,,,,,,,,,,,,,,,,,,,,,,,,,,,,,,,,,,,,
34431,2019,12,25,15,15,4.5,5,0,5,3.0,,,,,,,,,,,,,,,,,,,,,,,,,,,,,,,,,,,,
34432,2019,12,25,15,30,4.4,3,0,3,3.0,,,,,,,,,,,,,,,,,,,,,,,,,,,,,,,,,,,,
34433,2019,12,25,15,45,4.4,2,0,2,3.1,,,,,,,,,,,,,,,,,,,,,,,,,,,,,,,,,,,,
34434,2019,12,25,16,0,4.4,0,0,0,3.1,,,,,,,,,,,,,,,,,,,,,,,,,,,,,,,,,,,,
34435,2019,12,25,16,15,4.4,0,0,0,3.1,,,,,,,,,,,,,,,,,,,,,,,,,,,,,,,,,,,,
34436,2019,12,25,16,30,4.4,0,0,0,3.1,,,,,,,,,,,,,,,,,,,,,,,,,,,,,,,,,,,,
34437,2019,12,25,16,45,4.4,0,0,0,3.1,,,,,,,,,,,,,,,,,,,,,,,,,,,,,,,,,,,,
34438,2019,12,25,17,0,4.4,0,0,0,3.1,,,,,,,,,,,,,,,,,,,,,,,,,,,,,,,,,,,,
34439,2019,12,25,17,15,4.4,0,0,0,3.1,,,,,,,,,,,,,,,,,,,,,,,,,,,,,,,,,,,,
34440,2019,12,25,17,30,4.4,0,0,0,3.0,,,,,,,,,,,,,,,,,,,,,,,,,,,,,,,,,,,,
34441,2019,12,25,17,45,4.4,0,0,0,3.0,,,,,,,,,,,,,,,,,,,,,,,,,,,,,,,,,,,,
34442,2019,12,25,18,0,4.4,0,0,0,3.0,,,,,,,,,,,,,,,,,,,,,,,,,,,,,,,,,,,,
34443,2019,12,25,18,15,4.4,0,0,0,3.0,,,,,,,,,,,,,,,,,,,,,,,,,,,,,,,,,,,,
34444,2019,12,25,18,30,4.4,0,0,0,2.9000000000000004,,,,,,,,,,,,,,,,,,,,,,,,,,,,,,,,,,,,
34445,2019,12,25,18,45,4.5,0,0,0,2.9000000000000004,,,,,,,,,,,,,,,,,,,,,,,,,,,,,,,,,,,,
34446,2019,12,25,19,0,4.5,0,0,0,2.9000000000000004,,,,,,,,,,,,,,,,,,,,,,,,,,,,,,,,,,,,
34447,2019,12,25,19,15,4.5,0,0,0,2.9000000000000004,,,,,,,,,,,,,,,,,,,,,,,,,,,,,,,,,,,,
34448,2019,12,25,19,30,4.5,0,0,0,2.8000000000000003,,,,,,,,,,,,,,,,,,,,,,,,,,,,,,,,,,,,
34449,2019,12,25,19,45,4.6000000000000005,0,0,0,2.8000000000000003,,,,,,,,,,,,,,,,,,,,,,,,,,,,,,,,,,,,
34450,2019,12,25,20,0,4.6000000000000005,0,0,0,2.8000000000000003,,,,,,,,,,,,,,,,,,,,,,,,,,,,,,,,,,,,
34451,2019,12,25,20,15,4.6000000000000005,0,0,0,2.8000000000000003,,,,,,,,,,,,,,,,,,,,,,,,,,,,,,,,,,,,
34452,2019,12,25,20,30,4.6000000000000005,0,0,0,2.8000000000000003,,,,,,,,,,,,,,,,,,,,,,,,,,,,,,,,,,,,
34453,2019,12,25,20,45,4.6000000000000005,0,0,0,2.9000000000000004,,,,,,,,,,,,,,,,,,,,,,,,,,,,,,,,,,,,
34454,2019,12,25,21,0,4.6000000000000005,0,0,0,2.9000000000000004,,,,,,,,,,,,,,,,,,,,,,,,,,,,,,,,,,,,
34455,2019,12,25,21,15,4.6000000000000005,0,0,0,2.9000000000000004,,,,,,,,,,,,,,,,,,,,,,,,,,,,,,,,,,,,
34456,2019,12,25,21,30,4.5,0,0,0,2.9000000000000004,,,,,,,,,,,,,,,,,,,,,,,,,,,,,,,,,,,,
34457,2019,12,25,21,45,4.5,0,0,0,2.8000000000000003,,,,,,,,,,,,,,,,,,,,,,,,,,,,,,,,,,,,
34458,2019,12,25,22,0,4.4,0,0,0,2.8000000000000003,,,,,,,,,,,,,,,,,,,,,,,,,,,,,,,,,,,,
34459,2019,12,25,22,15,4.3,0,0,0,2.8000000000000003,,,,,,,,,,,,,,,,,,,,,,,,,,,,,,,,,,,,
34460,2019,12,25,22,30,4.1000000000000005,0,0,0,2.7,,,,,,,,,,,,,,,,,,,,,,,,,,,,,,,,,,,,
34461,2019,12,25,22,45,3.9,0,0,0,2.6,,,,,,,,,,,,,,,,,,,,,,,,,,,,,,,,,,,,
34462,2019,12,25,23,0,3.7,0,0,0,2.6,,,,,,,,,,,,,,,,,,,,,,,,,,,,,,,,,,,,
34463,2019,12,25,23,15,3.6,0,0,0,2.6,,,,,,,,,,,,,,,,,,,,,,,,,,,,,,,,,,,,
34464,2019,12,25,23,30,3.5,0,0,0,2.6,,,,,,,,,,,,,,,,,,,,,,,,,,,,,,,,,,,,
34465,2019,12,25,23,45,3.4000000000000004,0,0,0,2.6,,,,,,,,,,,,,,,,,,,,,,,,,,,,,,,,,,,,
34466,2019,12,26,0,0,3.3000000000000003,0,0,0,2.6,,,,,,,,,,,,,,,,,,,,,,,,,,,,,,,,,,,,
34467,2019,12,26,0,15,3.3000000000000003,0,0,0,2.6,,,,,,,,,,,,,,,,,,,,,,,,,,,,,,,,,,,,
34468,2019,12,26,0,30,3.3000000000000003,0,0,0,2.6,,,,,,,,,,,,,,,,,,,,,,,,,,,,,,,,,,,,
34469,2019,12,26,0,45,3.3000000000000003,0,0,0,2.6,,,,,,,,,,,,,,,,,,,,,,,,,,,,,,,,,,,,
34470,2019,12,26,1,0,2.8000000000000003,0,0,0,2.7,,,,,,,,,,,,,,,,,,,,,,,,,,,,,,,,,,,,
34471,2019,12,26,1,15,2.7,0,0,0,2.7,,,,,,,,,,,,,,,,,,,,,,,,,,,,,,,,,,,,
34472,2019,12,26,1,30,2.6,0,0,0,2.7,,,,,,,,,,,,,,,,,,,,,,,,,,,,,,,,,,,,
34473,2019,12,26,1,45,2.5,0,0,0,2.8000000000000003,,,,,,,,,,,,,,,,,,,,,,,,,,,,,,,,,,,,
34474,2019,12,26,2,0,2.4000000000000004,0,0,0,2.8000000000000003,,,,,,,,,,,,,,,,,,,,,,,,,,,,,,,,,,,,
34475,2019,12,26,2,15,2.3000000000000003,0,0,0,2.8000000000000003,,,,,,,,,,,,,,,,,,,,,,,,,,,,,,,,,,,,
34476,2019,12,26,2,30,2.2,0,0,0,2.8000000000000003,,,,,,,,,,,,,,,,,,,,,,,,,,,,,,,,,,,,
34477,2019,12,26,2,45,2.2,0,0,0,2.8000000000000003,,,,,,,,,,,,,,,,,,,,,,,,,,,,,,,,,,,,
34478,2019,12,26,3,0,2.1,0,0,0,2.8000000000000003,,,,,,,,,,,,,,,,,,,,,,,,,,,,,,,,,,,,
34479,2019,12,26,3,15,2.1,0,0,0,2.8000000000000003,,,,,,,,,,,,,,,,,,,,,,,,,,,,,,,,,,,,
34480,2019,12,26,3,30,2.2,0,0,0,2.8000000000000003,,,,,,,,,,,,,,,,,,,,,,,,,,,,,,,,,,,,
34481,2019,12,26,3,45,2.2,0,0,0,2.8000000000000003,,,,,,,,,,,,,,,,,,,,,,,,,,,,,,,,,,,,
34482,2019,12,26,4,0,2.3000000000000003,0,0,0,2.8000000000000003,,,,,,,,,,,,,,,,,,,,,,,,,,,,,,,,,,,,
34483,2019,12,26,4,15,2.3000000000000003,0,0,0,2.8000000000000003,,,,,,,,,,,,,,,,,,,,,,,,,,,,,,,,,,,,
34484,2019,12,26,4,30,2.4000000000000004,0,0,0,2.9000000000000004,,,,,,,,,,,,,,,,,,,,,,,,,,,,,,,,,,,,
34485,2019,12,26,4,45,2.5,0,0,0,3.0,,,,,,,,,,,,,,,,,,,,,,,,,,,,,,,,,,,,
34486,2019,12,26,5,0,2.6,0,0,0,3.0,,,,,,,,,,,,,,,,,,,,,,,,,,,,,,,,,,,,
34487,2019,12,26,5,15,2.6,0,0,0,3.0,,,,,,,,,,,,,,,,,,,,,,,,,,,,,,,,,,,,
34488,2019,12,26,5,30,2.6,0,0,0,2.9000000000000004,,,,,,,,,,,,,,,,,,,,,,,,,,,,,,,,,,,,
34489,2019,12,26,5,45,2.7,0,0,0,2.9000000000000004,,,,,,,,,,,,,,,,,,,,,,,,,,,,,,,,,,,,
34490,2019,12,26,6,0,2.7,0,0,0,2.9000000000000004,,,,,,,,,,,,,,,,,,,,,,,,,,,,,,,,,,,,
34491,2019,12,26,6,15,2.7,0,0,0,2.8000000000000003,,,,,,,,,,,,,,,,,,,,,,,,,,,,,,,,,,,,
34492,2019,12,26,6,30,2.7,0,0,0,2.8000000000000003,,,,,,,,,,,,,,,,,,,,,,,,,,,,,,,,,,,,
34493,2019,12,26,6,45,2.8000000000000003,0,0,0,2.8000000000000003,,,,,,,,,,,,,,,,,,,,,,,,,,,,,,,,,,,,
34494,2019,12,26,7,0,2.8000000000000003,0,0,0,2.7,,,,,,,,,,,,,,,,,,,,,,,,,,,,,,,,,,,,
34495,2019,12,26,7,15,2.8000000000000003,0,0,0,2.7,,,,,,,,,,,,,,,,,,,,,,,,,,,,,,,,,,,,
34496,2019,12,26,7,30,2.9000000000000004,0,0,0,2.7,,,,,,,,,,,,,,,,,,,,,,,,,,,,,,,,,,,,
34497,2019,12,26,7,45,2.9000000000000004,0,0,0,2.7,,,,,,,,,,,,,,,,,,,,,,,,,,,,,,,,,,,,
34498,2019,12,26,8,0,2.9000000000000004,0,0,0,2.7,,,,,,,,,,,,,,,,,,,,,,,,,,,,,,,,,,,,
34499,2019,12,26,8,15,3.0,0,0,0,2.7,,,,,,,,,,,,,,,,,,,,,,,,,,,,,,,,,,,,
34500,2019,12,26,8,30,3.1,0,0,0,2.7,,,,,,,,,,,,,,,,,,,,,,,,,,,,,,,,,,,,
34501,2019,12,26,8,45,3.1,2,0,2,2.7,,,,,,,,,,,,,,,,,,,,,,,,,,,,,,,,,,,,
34502,2019,12,26,9,0,3.2,4,0,4,2.7,,,,,,,,,,,,,,,,,,,,,,,,,,,,,,,,,,,,
34503,2019,12,26,9,15,3.3000000000000003,27,441,69,2.8000000000000003,,,,,,,,,,,,,,,,,,,,,,,,,,,,,,,,,,,,
34504,2019,12,26,9,30,3.3000000000000003,32,503,92,2.9000000000000004,,,,,,,,,,,,,,,,,,,,,,,,,,,,,,,,,,,,
34505,2019,12,26,9,45,3.4000000000000004,7,0,7,2.9000000000000004,,,,,,,,,,,,,,,,,,,,,,,,,,,,,,,,,,,,
34506,2019,12,26,10,0,3.5,9,0,9,3.0,,,,,,,,,,,,,,,,,,,,,,,,,,,,,,,,,,,,
34507,2019,12,26,10,15,3.5,10,0,10,3.0,,,,,,,,,,,,,,,,,,,,,,,,,,,,,,,,,,,,
34508,2019,12,26,10,30,3.5,45,651,175,3.1,,,,,,,,,,,,,,,,,,,,,,,,,,,,,,,,,,,,
34509,2019,12,26,10,45,3.6,12,0,12,3.1,,,,,,,,,,,,,,,,,,,,,,,,,,,,,,,,,,,,
34510,2019,12,26,11,0,3.6,13,0,13,3.2,,,,,,,,,,,,,,,,,,,,,,,,,,,,,,,,,,,,
34511,2019,12,26,11,15,3.7,14,0,14,3.2,,,,,,,,,,,,,,,,,,,,,,,,,,,,,,,,,,,,
34512,2019,12,26,11,30,3.9,14,0,14,3.2,,,,,,,,,,,,,,,,,,,,,,,,,,,,,,,,,,,,
34513,2019,12,26,11,45,4.0,15,0,15,3.2,,,,,,,,,,,,,,,,,,,,,,,,,,,,,,,,,,,,
34514,2019,12,26,12,0,4.1000000000000005,15,0,15,3.2,,,,,,,,,,,,,,,,,,,,,,,,,,,,,,,,,,,,
34515,2019,12,26,12,15,4.3,15,0,15,3.2,,,,,,,,,,,,,,,,,,,,,,,,,,,,,,,,,,,,
34516,2019,12,26,12,30,4.4,11,0,11,3.1,,,,,,,,,,,,,,,,,,,,,,,,,,,,,,,,,,,,
34517,2019,12,26,12,45,4.6000000000000005,11,0,11,3.1,,,,,,,,,,,,,,,,,,,,,,,,,,,,,,,,,,,,
34518,2019,12,26,13,0,4.7,14,0,14,3.0,,,,,,,,,,,,,,,,,,,,,,,,,,,,,,,,,,,,
34519,2019,12,26,13,15,4.7,50,699,216,2.8000000000000003,,,,,,,,,,,,,,,,,,,,,,,,,,,,,,,,,,,,
34520,2019,12,26,13,30,4.7,10,0,10,2.6,,,,,,,,,,,,,,,,,,,,,,,,,,,,,,,,,,,,
34521,2019,12,26,13,45,4.7,12,0,12,2.4000000000000004,,,,,,,,,,,,,,,,,,,,,,,,,,,,,,,,,,,,
34522,2019,12,26,14,0,4.7,11,0,11,2.1,,,,,,,,,,,,,,,,,,,,,,,,,,,,,,,,,,,,
34523,2019,12,26,14,15,4.4,10,0,10,1.9,,,,,,,,,,,,,,,,,,,,,,,,,,,,,,,,,,,,
34524,2019,12,26,14,30,4.1000000000000005,8,0,8,1.7000000000000002,,,,,,,,,,,,,,,,,,,,,,,,,,,,,,,,,,,,
34525,2019,12,26,14,45,3.8,7,0,7,1.5,,,,,,,,,,,,,,,,,,,,,,,,,,,,,,,,,,,,
34526,2019,12,26,15,0,3.5,6,0,6,1.3,,,,,,,,,,,,,,,,,,,,,,,,,,,,,,,,,,,,
34527,2019,12,26,15,15,3.3000000000000003,5,0,5,1.3,,,,,,,,,,,,,,,,,,,,,,,,,,,,,,,,,,,,
34528,2019,12,26,15,30,3.1,4,0,4,1.2000000000000002,,,,,,,,,,,,,,,,,,,,,,,,,,,,,,,,,,,,
34529,2019,12,26,15,45,2.9000000000000004,2,0,2,1.1,,,,,,,,,,,,,,,,,,,,,,,,,,,,,,,,,,,,
34530,2019,12,26,16,0,2.7,0,0,0,1.1,,,,,,,,,,,,,,,,,,,,,,,,,,,,,,,,,,,,
34531,2019,12,26,16,15,2.7,0,0,0,1.1,,,,,,,,,,,,,,,,,,,,,,,,,,,,,,,,,,,,
34532,2019,12,26,16,30,2.6,0,0,0,1.0,,,,,,,,,,,,,,,,,,,,,,,,,,,,,,,,,,,,
34533,2019,12,26,16,45,2.6,0,0,0,1.0,,,,,,,,,,,,,,,,,,,,,,,,,,,,,,,,,,,,
34534,2019,12,26,17,0,2.6,0,0,0,1.0,,,,,,,,,,,,,,,,,,,,,,,,,,,,,,,,,,,,
34535,2019,12,26,17,15,2.5,0,0,0,1.0,,,,,,,,,,,,,,,,,,,,,,,,,,,,,,,,,,,,
34536,2019,12,26,17,30,2.4000000000000004,0,0,0,1.0,,,,,,,,,,,,,,,,,,,,,,,,,,,,,,,,,,,,
34537,2019,12,26,17,45,2.3000000000000003,0,0,0,1.0,,,,,,,,,,,,,,,,,,,,,,,,,,,,,,,,,,,,
34538,2019,12,26,18,0,2.3000000000000003,0,0,0,1.0,,,,,,,,,,,,,,,,,,,,,,,,,,,,,,,,,,,,
34539,2019,12,26,18,15,2.1,0,0,0,1.0,,,,,,,,,,,,,,,,,,,,,,,,,,,,,,,,,,,,
34540,2019,12,26,18,30,1.9,0,0,0,1.0,,,,,,,,,,,,,,,,,,,,,,,,,,,,,,,,,,,,
34541,2019,12,26,18,45,1.7000000000000002,0,0,0,1.0,,,,,,,,,,,,,,,,,,,,,,,,,,,,,,,,,,,,
34542,2019,12,26,19,0,1.6,0,0,0,1.1,,,,,,,,,,,,,,,,,,,,,,,,,,,,,,,,,,,,
34543,2019,12,26,19,15,1.5,0,0,0,1.1,,,,,,,,,,,,,,,,,,,,,,,,,,,,,,,,,,,,
34544,2019,12,26,19,30,1.3,0,0,0,1.1,,,,,,,,,,,,,,,,,,,,,,,,,,,,,,,,,,,,
34545,2019,12,26,19,45,1.2000000000000002,0,0,0,1.1,,,,,,,,,,,,,,,,,,,,,,,,,,,,,,,,,,,,
34546,2019,12,26,20,0,1.1,0,0,0,1.1,,,,,,,,,,,,,,,,,,,,,,,,,,,,,,,,,,,,
34547,2019,12,26,20,15,1.0,0,0,0,1.1,,,,,,,,,,,,,,,,,,,,,,,,,,,,,,,,,,,,
34548,2019,12,26,20,30,1.0,0,0,0,1.1,,,,,,,,,,,,,,,,,,,,,,,,,,,,,,,,,,,,
34549,2019,12,26,20,45,0.9,0,0,0,1.1,,,,,,,,,,,,,,,,,,,,,,,,,,,,,,,,,,,,
34550,2019,12,26,21,0,0.9,0,0,0,1.1,,,,,,,,,,,,,,,,,,,,,,,,,,,,,,,,,,,,
34551,2019,12,26,21,15,0.9,0,0,0,1.1,,,,,,,,,,,,,,,,,,,,,,,,,,,,,,,,,,,,
34552,2019,12,26,21,30,0.9,0,0,0,1.1,,,,,,,,,,,,,,,,,,,,,,,,,,,,,,,,,,,,
34553,2019,12,26,21,45,0.8,0,0,0,1.1,,,,,,,,,,,,,,,,,,,,,,,,,,,,,,,,,,,,
34554,2019,12,26,22,0,0.8,0,0,0,1.1,,,,,,,,,,,,,,,,,,,,,,,,,,,,,,,,,,,,
34555,2019,12,26,22,15,0.9,0,0,0,1.0,,,,,,,,,,,,,,,,,,,,,,,,,,,,,,,,,,,,
34556,2019,12,26,22,30,1.0,0,0,0,1.0,,,,,,,,,,,,,,,,,,,,,,,,,,,,,,,,,,,,
34557,2019,12,26,22,45,1.0,0,0,0,1.0,,,,,,,,,,,,,,,,,,,,,,,,,,,,,,,,,,,,
34558,2019,12,26,23,0,1.1,0,0,0,1.0,,,,,,,,,,,,,,,,,,,,,,,,,,,,,,,,,,,,
34559,2019,12,26,23,15,1.1,0,0,0,0.9,,,,,,,,,,,,,,,,,,,,,,,,,,,,,,,,,,,,
34560,2019,12,26,23,30,1.1,0,0,0,0.9,,,,,,,,,,,,,,,,,,,,,,,,,,,,,,,,,,,,
34561,2019,12,26,23,45,1.1,0,0,0,0.8,,,,,,,,,,,,,,,,,,,,,,,,,,,,,,,,,,,,
34562,2019,12,27,0,0,1.1,0,0,0,0.8,,,,,,,,,,,,,,,,,,,,,,,,,,,,,,,,,,,,
34563,2019,12,27,0,15,1.1,0,0,0,0.8,,,,,,,,,,,,,,,,,,,,,,,,,,,,,,,,,,,,
34564,2019,12,27,0,30,1.1,0,0,0,0.8,,,,,,,,,,,,,,,,,,,,,,,,,,,,,,,,,,,,
34565,2019,12,27,0,45,1.1,0,0,0,0.8,,,,,,,,,,,,,,,,,,,,,,,,,,,,,,,,,,,,
34566,2019,12,27,1,0,1.1,0,0,0,0.6000000000000001,,,,,,,,,,,,,,,,,,,,,,,,,,,,,,,,,,,,
34567,2019,12,27,1,15,1.1,0,0,0,0.6000000000000001,,,,,,,,,,,,,,,,,,,,,,,,,,,,,,,,,,,,
34568,2019,12,27,1,30,1.1,0,0,0,0.5,,,,,,,,,,,,,,,,,,,,,,,,,,,,,,,,,,,,
34569,2019,12,27,1,45,1.1,0,0,0,0.5,,,,,,,,,,,,,,,,,,,,,,,,,,,,,,,,,,,,
34570,2019,12,27,2,0,1.1,0,0,0,0.5,,,,,,,,,,,,,,,,,,,,,,,,,,,,,,,,,,,,
34571,2019,12,27,2,15,1.0,0,0,0,0.5,,,,,,,,,,,,,,,,,,,,,,,,,,,,,,,,,,,,
34572,2019,12,27,2,30,1.0,0,0,0,0.5,,,,,,,,,,,,,,,,,,,,,,,,,,,,,,,,,,,,
34573,2019,12,27,2,45,0.9,0,0,0,0.5,,,,,,,,,,,,,,,,,,,,,,,,,,,,,,,,,,,,
34574,2019,12,27,3,0,0.9,0,0,0,0.5,,,,,,,,,,,,,,,,,,,,,,,,,,,,,,,,,,,,
34575,2019,12,27,3,15,0.7000000000000001,0,0,0,0.5,,,,,,,,,,,,,,,,,,,,,,,,,,,,,,,,,,,,
34576,2019,12,27,3,30,0.5,0,0,0,0.6000000000000001,,,,,,,,,,,,,,,,,,,,,,,,,,,,,,,,,,,,
34577,2019,12,27,3,45,0.4,0,0,0,0.7000000000000001,,,,,,,,,,,,,,,,,,,,,,,,,,,,,,,,,,,,
34578,2019,12,27,4,0,0.2,0,0,0,0.7000000000000001,,,,,,,,,,,,,,,,,,,,,,,,,,,,,,,,,,,,
34579,2019,12,27,4,15,0.1,0,0,0,0.8,,,,,,,,,,,,,,,,,,,,,,,,,,,,,,,,,,,,
34580,2019,12,27,4,30,-0.1,0,0,0,0.9,,,,,,,,,,,,,,,,,,,,,,,,,,,,,,,,,,,,
34581,2019,12,27,4,45,-0.3,0,0,0,0.9,,,,,,,,,,,,,,,,,,,,,,,,,,,,,,,,,,,,
34582,2019,12,27,5,0,-0.4,0,0,0,1.0,,,,,,,,,,,,,,,,,,,,,,,,,,,,,,,,,,,,
34583,2019,12,27,5,15,-0.6000000000000001,0,0,0,1.0,,,,,,,,,,,,,,,,,,,,,,,,,,,,,,,,,,,,
34584,2019,12,27,5,30,-0.7000000000000001,0,0,0,1.0,,,,,,,,,,,,,,,,,,,,,,,,,,,,,,,,,,,,
34585,2019,12,27,5,45,-0.9,0,0,0,1.1,,,,,,,,,,,,,,,,,,,,,,,,,,,,,,,,,,,,
34586,2019,12,27,6,0,-1.0,0,0,0,1.1,,,,,,,,,,,,,,,,,,,,,,,,,,,,,,,,,,,,
34587,2019,12,27,6,15,-1.0,0,0,0,1.1,,,,,,,,,,,,,,,,,,,,,,,,,,,,,,,,,,,,
34588,2019,12,27,6,30,-1.0,0,0,0,1.1,,,,,,,,,,,,,,,,,,,,,,,,,,,,,,,,,,,,
34589,2019,12,27,6,45,-1.1,0,0,0,1.1,,,,,,,,,,,,,,,,,,,,,,,,,,,,,,,,,,,,
34590,2019,12,27,7,0,-1.1,0,0,0,1.0,,,,,,,,,,,,,,,,,,,,,,,,,,,,,,,,,,,,
34591,2019,12,27,7,15,-0.9,0,0,0,1.1,,,,,,,,,,,,,,,,,,,,,,,,,,,,,,,,,,,,
34592,2019,12,27,7,30,-0.7000000000000001,0,0,0,1.1,,,,,,,,,,,,,,,,,,,,,,,,,,,,,,,,,,,,
34593,2019,12,27,7,45,-0.6000000000000001,0,0,0,1.1,,,,,,,,,,,,,,,,,,,,,,,,,,,,,,,,,,,,
34594,2019,12,27,8,0,-0.4,0,0,0,1.1,,,,,,,,,,,,,,,,,,,,,,,,,,,,,,,,,,,,
34595,2019,12,27,8,15,0.0,0,0,0,1.3,,,,,,,,,,,,,,,,,,,,,,,,,,,,,,,,,,,,
34596,2019,12,27,8,30,0.4,0,0,0,1.6,,,,,,,,,,,,,,,,,,,,,,,,,,,,,,,,,,,,
34597,2019,12,27,8,45,0.8,17,231,26,1.8,,,,,,,,,,,,,,,,,,,,,,,,,,,,,,,,,,,,
34598,2019,12,27,9,0,1.1,23,329,46,2.1,,,,,,,,,,,,,,,,,,,,,,,,,,,,,,,,,,,,
34599,2019,12,27,9,15,1.3,29,407,68,2.2,,,,,,,,,,,,,,,,,,,,,,,,,,,,,,,,,,,,
34600,2019,12,27,9,30,1.5,35,471,90,2.3000000000000003,,,,,,,,,,,,,,,,,,,,,,,,,,,,,,,,,,,,
34601,2019,12,27,9,45,1.6,39,522,113,2.4000000000000004,,,,,,,,,,,,,,,,,,,,,,,,,,,,,,,,,,,,
34602,2019,12,27,10,0,1.8,43,564,135,2.5,,,,,,,,,,,,,,,,,,,,,,,,,,,,,,,,,,,,
34603,2019,12,27,10,15,1.9,10,0,10,2.5,,,,,,,,,,,,,,,,,,,,,,,,,,,,,,,,,,,,
34604,2019,12,27,10,30,2.1,48,626,174,2.5,,,,,,,,,,,,,,,,,,,,,,,,,,,,,,,,,,,,
34605,2019,12,27,10,45,2.2,51,649,190,2.6,,,,,,,,,,,,,,,,,,,,,,,,,,,,,,,,,,,,
34606,2019,12,27,11,0,2.4000000000000004,13,0,13,2.6,,,,,,,,,,,,,,,,,,,,,,,,,,,,,,,,,,,,
34607,2019,12,27,11,15,2.5,14,0,14,2.6,,,,,,,,,,,,,,,,,,,,,,,,,,,,,,,,,,,,
34608,2019,12,27,11,30,2.5,15,0,15,2.6,,,,,,,,,,,,,,,,,,,,,,,,,,,,,,,,,,,,
34609,2019,12,27,11,45,2.6,15,0,15,2.6,,,,,,,,,,,,,,,,,,,,,,,,,,,,,,,,,,,,
34610,2019,12,27,12,0,2.7,15,0,15,2.7,,,,,,,,,,,,,,,,,,,,,,,,,,,,,,,,,,,,
34611,2019,12,27,12,15,2.8000000000000003,15,0,15,2.6,,,,,,,,,,,,,,,,,,,,,,,,,,,,,,,,,,,,
34612,2019,12,27,12,30,2.8000000000000003,15,0,15,2.6,,,,,,,,,,,,,,,,,,,,,,,,,,,,,,,,,,,,
34613,2019,12,27,12,45,2.8000000000000003,15,0,15,2.6,,,,,,,,,,,,,,,,,,,,,,,,,,,,,,,,,,,,
34614,2019,12,27,13,0,2.8000000000000003,15,0,15,2.6,,,,,,,,,,,,,,,,,,,,,,,,,,,,,,,,,,,,
34615,2019,12,27,13,15,2.8000000000000003,14,0,14,2.5,,,,,,,,,,,,,,,,,,,,,,,,,,,,,,,,,,,,
34616,2019,12,27,13,30,2.7,13,0,13,2.4000000000000004,,,,,,,,,,,,,,,,,,,,,,,,,,,,,,,,,,,,
34617,2019,12,27,13,45,2.6,48,666,191,2.3000000000000003,,,,,,,,,,,,,,,,,,,,,,,,,,,,,,,,,,,,
34618,2019,12,27,14,0,2.5,46,651,176,2.2,,,,,,,,,,,,,,,,,,,,,,,,,,,,,,,,,,,,
34619,2019,12,27,14,15,2.2,44,624,158,2.0,,,,,,,,,,,,,,,,,,,,,,,,,,,,,,,,,,,,
34620,2019,12,27,14,30,1.8,9,0,9,1.8,,,,,,,,,,,,,,,,,,,,,,,,,,,,,,,,,,,,
34621,2019,12,27,14,45,1.5,7,0,7,1.6,,,,,,,,,,,,,,,,,,,,,,,,,,,,,,,,,,,,
34622,2019,12,27,15,0,1.1,6,0,6,1.4,,,,,,,,,,,,,,,,,,,,,,,,,,,,,,,,,,,,
34623,2019,12,27,15,15,0.8,5,0,5,1.4,,,,,,,,,,,,,,,,,,,,,,,,,,,,,,,,,,,,
34624,2019,12,27,15,30,0.5,4,0,4,1.4,,,,,,,,,,,,,,,,,,,,,,,,,,,,,,,,,,,,
34625,2019,12,27,15,45,0.1,2,0,2,1.4,,,,,,,,,,,,,,,,,,,,,,,,,,,,,,,,,,,,
34626,2019,12,27,16,0,-0.2,0,0,0,1.4,,,,,,,,,,,,,,,,,,,,,,,,,,,,,,,,,,,,
34627,2019,12,27,16,15,-0.3,0,0,0,1.4,,,,,,,,,,,,,,,,,,,,,,,,,,,,,,,,,,,,
34628,2019,12,27,16,30,-0.4,0,0,0,1.5,,,,,,,,,,,,,,,,,,,,,,,,,,,,,,,,,,,,
34629,2019,12,27,16,45,-0.4,0,0,0,1.5,,,,,,,,,,,,,,,,,,,,,,,,,,,,,,,,,,,,
34630,2019,12,27,17,0,-0.5,0,0,0,1.5,,,,,,,,,,,,,,,,,,,,,,,,,,,,,,,,,,,,
34631,2019,12,27,17,15,-0.6000000000000001,0,0,0,1.6,,,,,,,,,,,,,,,,,,,,,,,,,,,,,,,,,,,,
34632,2019,12,27,17,30,-0.6000000000000001,0,0,0,1.6,,,,,,,,,,,,,,,,,,,,,,,,,,,,,,,,,,,,
34633,2019,12,27,17,45,-0.6000000000000001,0,0,0,1.6,,,,,,,,,,,,,,,,,,,,,,,,,,,,,,,,,,,,
34634,2019,12,27,18,0,-0.7000000000000001,0,0,0,1.6,,,,,,,,,,,,,,,,,,,,,,,,,,,,,,,,,,,,
34635,2019,12,27,18,15,-0.7000000000000001,0,0,0,1.6,,,,,,,,,,,,,,,,,,,,,,,,,,,,,,,,,,,,
34636,2019,12,27,18,30,-0.8,0,0,0,1.6,,,,,,,,,,,,,,,,,,,,,,,,,,,,,,,,,,,,
34637,2019,12,27,18,45,-0.8,0,0,0,1.6,,,,,,,,,,,,,,,,,,,,,,,,,,,,,,,,,,,,
34638,2019,12,27,19,0,-0.9,0,0,0,1.6,,,,,,,,,,,,,,,,,,,,,,,,,,,,,,,,,,,,
34639,2019,12,27,19,15,-0.9,0,0,0,1.5,,,,,,,,,,,,,,,,,,,,,,,,,,,,,,,,,,,,
34640,2019,12,27,19,30,-0.9,0,0,0,1.5,,,,,,,,,,,,,,,,,,,,,,,,,,,,,,,,,,,,
34641,2019,12,27,19,45,-0.9,0,0,0,1.5,,,,,,,,,,,,,,,,,,,,,,,,,,,,,,,,,,,,
34642,2019,12,27,20,0,-0.9,0,0,0,1.5,,,,,,,,,,,,,,,,,,,,,,,,,,,,,,,,,,,,
34643,2019,12,27,20,15,-0.9,0,0,0,1.4,,,,,,,,,,,,,,,,,,,,,,,,,,,,,,,,,,,,
34644,2019,12,27,20,30,-0.9,0,0,0,1.4,,,,,,,,,,,,,,,,,,,,,,,,,,,,,,,,,,,,
34645,2019,12,27,20,45,-1.0,0,0,0,1.4,,,,,,,,,,,,,,,,,,,,,,,,,,,,,,,,,,,,
34646,2019,12,27,21,0,-1.0,0,0,0,1.4,,,,,,,,,,,,,,,,,,,,,,,,,,,,,,,,,,,,
34647,2019,12,27,21,15,-1.0,0,0,0,1.4,,,,,,,,,,,,,,,,,,,,,,,,,,,,,,,,,,,,
34648,2019,12,27,21,30,-1.0,0,0,0,1.4,,,,,,,,,,,,,,,,,,,,,,,,,,,,,,,,,,,,
34649,2019,12,27,21,45,-1.0,0,0,0,1.4,,,,,,,,,,,,,,,,,,,,,,,,,,,,,,,,,,,,
34650,2019,12,27,22,0,-1.0,0,0,0,1.5,,,,,,,,,,,,,,,,,,,,,,,,,,,,,,,,,,,,
34651,2019,12,27,22,15,-1.0,0,0,0,1.5,,,,,,,,,,,,,,,,,,,,,,,,,,,,,,,,,,,,
34652,2019,12,27,22,30,-1.1,0,0,0,1.5,,,,,,,,,,,,,,,,,,,,,,,,,,,,,,,,,,,,
34653,2019,12,27,22,45,-1.1,0,0,0,1.5,,,,,,,,,,,,,,,,,,,,,,,,,,,,,,,,,,,,
34654,2019,12,27,23,0,-1.1,0,0,0,1.5,,,,,,,,,,,,,,,,,,,,,,,,,,,,,,,,,,,,
34655,2019,12,27,23,15,-1.2000000000000002,0,0,0,1.5,,,,,,,,,,,,,,,,,,,,,,,,,,,,,,,,,,,,
34656,2019,12,27,23,30,-1.3,0,0,0,1.5,,,,,,,,,,,,,,,,,,,,,,,,,,,,,,,,,,,,
34657,2019,12,27,23,45,-1.3,0,0,0,1.5,,,,,,,,,,,,,,,,,,,,,,,,,,,,,,,,,,,,
34658,2019,12,28,0,0,-1.4,0,0,0,1.5,,,,,,,,,,,,,,,,,,,,,,,,,,,,,,,,,,,,
34659,2019,12,28,0,15,-1.4,0,0,0,1.5,,,,,,,,,,,,,,,,,,,,,,,,,,,,,,,,,,,,
34660,2019,12,28,0,30,-1.4,0,0,0,1.5,,,,,,,,,,,,,,,,,,,,,,,,,,,,,,,,,,,,
34661,2019,12,28,0,45,-1.4,0,0,0,1.5,,,,,,,,,,,,,,,,,,,,,,,,,,,,,,,,,,,,
34662,2019,12,28,1,0,-1.8,0,0,0,1.4,,,,,,,,,,,,,,,,,,,,,,,,,,,,,,,,,,,,
34663,2019,12,28,1,15,-1.9,0,0,0,1.3,,,,,,,,,,,,,,,,,,,,,,,,,,,,,,,,,,,,
34664,2019,12,28,1,30,-2.0,0,0,0,1.3,,,,,,,,,,,,,,,,,,,,,,,,,,,,,,,,,,,,
34665,2019,12,28,1,45,-2.1,0,0,0,1.3,,,,,,,,,,,,,,,,,,,,,,,,,,,,,,,,,,,,
34666,2019,12,28,2,0,-2.2,0,0,0,1.3,,,,,,,,,,,,,,,,,,,,,,,,,,,,,,,,,,,,
34667,2019,12,28,2,15,-2.2,0,0,0,1.3,,,,,,,,,,,,,,,,,,,,,,,,,,,,,,,,,,,,
34668,2019,12,28,2,30,-2.3000000000000003,0,0,0,1.3,,,,,,,,,,,,,,,,,,,,,,,,,,,,,,,,,,,,
34669,2019,12,28,2,45,-2.3000000000000003,0,0,0,1.4,,,,,,,,,,,,,,,,,,,,,,,,,,,,,,,,,,,,
34670,2019,12,28,3,0,-2.3000000000000003,0,0,0,1.4,,,,,,,,,,,,,,,,,,,,,,,,,,,,,,,,,,,,
34671,2019,12,28,3,15,-2.4000000000000004,0,0,0,1.4,,,,,,,,,,,,,,,,,,,,,,,,,,,,,,,,,,,,
34672,2019,12,28,3,30,-2.4000000000000004,0,0,0,1.4,,,,,,,,,,,,,,,,,,,,,,,,,,,,,,,,,,,,
34673,2019,12,28,3,45,-2.5,0,0,0,1.4,,,,,,,,,,,,,,,,,,,,,,,,,,,,,,,,,,,,
34674,2019,12,28,4,0,-2.5,0,0,0,1.3,,,,,,,,,,,,,,,,,,,,,,,,,,,,,,,,,,,,
34675,2019,12,28,4,15,-2.6,0,0,0,1.3,,,,,,,,,,,,,,,,,,,,,,,,,,,,,,,,,,,,
34676,2019,12,28,4,30,-2.7,0,0,0,1.3,,,,,,,,,,,,,,,,,,,,,,,,,,,,,,,,,,,,
34677,2019,12,28,4,45,-2.8000000000000003,0,0,0,1.3,,,,,,,,,,,,,,,,,,,,,,,,,,,,,,,,,,,,
34678,2019,12,28,5,0,-2.9000000000000004,0,0,0,1.3,,,,,,,,,,,,,,,,,,,,,,,,,,,,,,,,,,,,
34679,2019,12,28,5,15,-2.9000000000000004,0,0,0,1.3,,,,,,,,,,,,,,,,,,,,,,,,,,,,,,,,,,,,
34680,2019,12,28,5,30,-2.9000000000000004,0,0,0,1.3,,,,,,,,,,,,,,,,,,,,,,,,,,,,,,,,,,,,
34681,2019,12,28,5,45,-3.0,0,0,0,1.3,,,,,,,,,,,,,,,,,,,,,,,,,,,,,,,,,,,,
34682,2019,12,28,6,0,-3.0,0,0,0,1.3,,,,,,,,,,,,,,,,,,,,,,,,,,,,,,,,,,,,
34683,2019,12,28,6,15,-3.0,0,0,0,1.2000000000000002,,,,,,,,,,,,,,,,,,,,,,,,,,,,,,,,,,,,
34684,2019,12,28,6,30,-3.1,0,0,0,1.2000000000000002,,,,,,,,,,,,,,,,,,,,,,,,,,,,,,,,,,,,
34685,2019,12,28,6,45,-3.1,0,0,0,1.1,,,,,,,,,,,,,,,,,,,,,,,,,,,,,,,,,,,,
34686,2019,12,28,7,0,-3.2,0,0,0,1.1,,,,,,,,,,,,,,,,,,,,,,,,,,,,,,,,,,,,
34687,2019,12,28,7,15,-3.2,0,0,0,1.1,,,,,,,,,,,,,,,,,,,,,,,,,,,,,,,,,,,,
34688,2019,12,28,7,30,-3.2,0,0,0,1.1,,,,,,,,,,,,,,,,,,,,,,,,,,,,,,,,,,,,
34689,2019,12,28,7,45,-3.2,0,0,0,1.2000000000000002,,,,,,,,,,,,,,,,,,,,,,,,,,,,,,,,,,,,
34690,2019,12,28,8,0,-3.2,0,0,0,1.2000000000000002,,,,,,,,,,,,,,,,,,,,,,,,,,,,,,,,,,,,
34691,2019,12,28,8,15,-3.0,0,0,0,1.2000000000000002,,,,,,,,,,,,,,,,,,,,,,,,,,,,,,,,,,,,
34692,2019,12,28,8,30,-2.9000000000000004,0,0,0,1.2000000000000002,,,,,,,,,,,,,,,,,,,,,,,,,,,,,,,,,,,,
34693,2019,12,28,8,45,-2.7,2,0,2,1.3,,,,,,,,,,,,,,,,,,,,,,,,,,,,,,,,,,,,
34694,2019,12,28,9,0,-2.6,4,0,4,1.3,,,,,,,,,,,,,,,,,,,,,,,,,,,,,,,,,,,,
34695,2019,12,28,9,15,-2.3000000000000003,5,0,5,1.3,,,,,,,,,,,,,,,,,,,,,,,,,,,,,,,,,,,,
34696,2019,12,28,9,30,-2.0,6,0,6,1.3,,,,,,,,,,,,,,,,,,,,,,,,,,,,,,,,,,,,
34697,2019,12,28,9,45,-1.7000000000000002,7,0,7,1.3,,,,,,,,,,,,,,,,,,,,,,,,,,,,,,,,,,,,
34698,2019,12,28,10,0,-1.4,8,0,8,1.3,,,,,,,,,,,,,,,,,,,,,,,,,,,,,,,,,,,,
34699,2019,12,28,10,15,-1.0,8,0,8,1.3,,,,,,,,,,,,,,,,,,,,,,,,,,,,,,,,,,,,
34700,2019,12,28,10,30,-0.6000000000000001,11,0,11,1.3,,,,,,,,,,,,,,,,,,,,,,,,,,,,,,,,,,,,
34701,2019,12,28,10,45,-0.1,12,0,12,1.4,,,,,,,,,,,,,,,,,,,,,,,,,,,,,,,,,,,,
34702,2019,12,28,11,0,0.3,10,0,10,1.4,,,,,,,,,,,,,,,,,,,,,,,,,,,,,,,,,,,,
34703,2019,12,28,11,15,0.4,10,0,10,1.4,,,,,,,,,,,,,,,,,,,,,,,,,,,,,,,,,,,,
34704,2019,12,28,11,30,0.5,11,0,11,1.3,,,,,,,,,,,,,,,,,,,,,,,,,,,,,,,,,,,,
34705,2019,12,28,11,45,0.6000000000000001,15,0,15,1.3,,,,,,,,,,,,,,,,,,,,,,,,,,,,,,,,,,,,
34706,2019,12,28,12,0,0.7000000000000001,16,0,16,1.2000000000000002,,,,,,,,,,,,,,,,,,,,,,,,,,,,,,,,,,,,
34707,2019,12,28,12,15,0.7000000000000001,16,0,16,1.2000000000000002,,,,,,,,,,,,,,,,,,,,,,,,,,,,,,,,,,,,
34708,2019,12,28,12,30,0.7000000000000001,11,0,11,1.2000000000000002,,,,,,,,,,,,,,,,,,,,,,,,,,,,,,,,,,,,
34709,2019,12,28,12,45,0.7000000000000001,11,0,11,1.1,,,,,,,,,,,,,,,,,,,,,,,,,,,,,,,,,,,,
34710,2019,12,28,13,0,0.7000000000000001,11,0,11,1.1,,,,,,,,,,,,,,,,,,,,,,,,,,,,,,,,,,,,
34711,2019,12,28,13,15,0.6000000000000001,10,0,10,1.0,,,,,,,,,,,,,,,,,,,,,,,,,,,,,,,,,,,,
34712,2019,12,28,13,30,0.5,10,0,10,1.0,,,,,,,,,,,,,,,,,,,,,,,,,,,,,,,,,,,,
34713,2019,12,28,13,45,0.4,9,0,9,0.9,,,,,,,,,,,,,,,,,,,,,,,,,,,,,,,,,,,,
34714,2019,12,28,14,0,0.3,11,0,11,0.8,,,,,,,,,,,,,,,,,,,,,,,,,,,,,,,,,,,,
34715,2019,12,28,14,15,0.0,10,0,10,0.8,,,,,,,,,,,,,,,,,,,,,,,,,,,,,,,,,,,,
34716,2019,12,28,14,30,-0.3,9,0,9,0.7000000000000001,,,,,,,,,,,,,,,,,,,,,,,,,,,,,,,,,,,,
34717,2019,12,28,14,45,-0.5,8,0,8,0.6000000000000001,,,,,,,,,,,,,,,,,,,,,,,,,,,,,,,,,,,,
34718,2019,12,28,15,0,-0.8,6,0,6,0.5,,,,,,,,,,,,,,,,,,,,,,,,,,,,,,,,,,,,
34719,2019,12,28,15,15,-1.1,6,0,6,0.6000000000000001,,,,,,,,,,,,,,,,,,,,,,,,,,,,,,,,,,,,
34720,2019,12,28,15,30,-1.3,4,0,4,0.6000000000000001,,,,,,,,,,,,,,,,,,,,,,,,,,,,,,,,,,,,
34721,2019,12,28,15,45,-1.5,4,0,4,0.6000000000000001,,,,,,,,,,,,,,,,,,,,,,,,,,,,,,,,,,,,
34722,2019,12,28,16,0,-1.8,0,0,0,0.7000000000000001,,,,,,,,,,,,,,,,,,,,,,,,,,,,,,,,,,,,
34723,2019,12,28,16,15,-1.9,0,0,0,0.7000000000000001,,,,,,,,,,,,,,,,,,,,,,,,,,,,,,,,,,,,
34724,2019,12,28,16,30,-2.0,0,0,0,0.7000000000000001,,,,,,,,,,,,,,,,,,,,,,,,,,,,,,,,,,,,
34725,2019,12,28,16,45,-2.2,0,0,0,0.7000000000000001,,,,,,,,,,,,,,,,,,,,,,,,,,,,,,,,,,,,
34726,2019,12,28,17,0,-2.3000000000000003,0,0,0,0.7000000000000001,,,,,,,,,,,,,,,,,,,,,,,,,,,,,,,,,,,,
34727,2019,12,28,17,15,-2.4000000000000004,0,0,0,0.8,,,,,,,,,,,,,,,,,,,,,,,,,,,,,,,,,,,,
34728,2019,12,28,17,30,-2.5,0,0,0,0.8,,,,,,,,,,,,,,,,,,,,,,,,,,,,,,,,,,,,
34729,2019,12,28,17,45,-2.5,0,0,0,0.8,,,,,,,,,,,,,,,,,,,,,,,,,,,,,,,,,,,,
34730,2019,12,28,18,0,-2.6,0,0,0,0.9,,,,,,,,,,,,,,,,,,,,,,,,,,,,,,,,,,,,
34731,2019,12,28,18,15,-2.6,0,0,0,0.9,,,,,,,,,,,,,,,,,,,,,,,,,,,,,,,,,,,,
34732,2019,12,28,18,30,-2.7,0,0,0,1.0,,,,,,,,,,,,,,,,,,,,,,,,,,,,,,,,,,,,
34733,2019,12,28,18,45,-2.7,0,0,0,1.0,,,,,,,,,,,,,,,,,,,,,,,,,,,,,,,,,,,,
34734,2019,12,28,19,0,-2.7,0,0,0,1.0,,,,,,,,,,,,,,,,,,,,,,,,,,,,,,,,,,,,
34735,2019,12,28,19,15,-2.7,0,0,0,1.1,,,,,,,,,,,,,,,,,,,,,,,,,,,,,,,,,,,,
34736,2019,12,28,19,30,-2.7,0,0,0,1.2000000000000002,,,,,,,,,,,,,,,,,,,,,,,,,,,,,,,,,,,,
34737,2019,12,28,19,45,-2.7,0,0,0,1.2000000000000002,,,,,,,,,,,,,,,,,,,,,,,,,,,,,,,,,,,,
34738,2019,12,28,20,0,-2.7,0,0,0,1.3,,,,,,,,,,,,,,,,,,,,,,,,,,,,,,,,,,,,
34739,2019,12,28,20,15,-2.7,0,0,0,1.3,,,,,,,,,,,,,,,,,,,,,,,,,,,,,,,,,,,,
34740,2019,12,28,20,30,-2.7,0,0,0,1.4,,,,,,,,,,,,,,,,,,,,,,,,,,,,,,,,,,,,
34741,2019,12,28,20,45,-2.7,0,0,0,1.4,,,,,,,,,,,,,,,,,,,,,,,,,,,,,,,,,,,,
34742,2019,12,28,21,0,-2.6,0,0,0,1.5,,,,,,,,,,,,,,,,,,,,,,,,,,,,,,,,,,,,
34743,2019,12,28,21,15,-2.5,0,0,0,1.5,,,,,,,,,,,,,,,,,,,,,,,,,,,,,,,,,,,,
34744,2019,12,28,21,30,-2.4000000000000004,0,0,0,1.5,,,,,,,,,,,,,,,,,,,,,,,,,,,,,,,,,,,,
34745,2019,12,28,21,45,-2.3000000000000003,0,0,0,1.5,,,,,,,,,,,,,,,,,,,,,,,,,,,,,,,,,,,,
34746,2019,12,28,22,0,-2.2,0,0,0,1.5,,,,,,,,,,,,,,,,,,,,,,,,,,,,,,,,,,,,
34747,2019,12,28,22,15,-2.1,0,0,0,1.5,,,,,,,,,,,,,,,,,,,,,,,,,,,,,,,,,,,,
34748,2019,12,28,22,30,-2.1,0,0,0,1.5,,,,,,,,,,,,,,,,,,,,,,,,,,,,,,,,,,,,
34749,2019,12,28,22,45,-2.1,0,0,0,1.5,,,,,,,,,,,,,,,,,,,,,,,,,,,,,,,,,,,,
34750,2019,12,28,23,0,-2.0,0,0,0,1.4,,,,,,,,,,,,,,,,,,,,,,,,,,,,,,,,,,,,
34751,2019,12,28,23,15,-2.1,0,0,0,1.4,,,,,,,,,,,,,,,,,,,,,,,,,,,,,,,,,,,,
34752,2019,12,28,23,30,-2.2,0,0,0,1.3,,,,,,,,,,,,,,,,,,,,,,,,,,,,,,,,,,,,
34753,2019,12,28,23,45,-2.2,0,0,0,1.3,,,,,,,,,,,,,,,,,,,,,,,,,,,,,,,,,,,,
34754,2019,12,29,0,0,-2.3000000000000003,0,0,0,1.2000000000000002,,,,,,,,,,,,,,,,,,,,,,,,,,,,,,,,,,,,
34755,2019,12,29,0,15,-2.3000000000000003,0,0,0,1.2000000000000002,,,,,,,,,,,,,,,,,,,,,,,,,,,,,,,,,,,,
34756,2019,12,29,0,30,-2.3000000000000003,0,0,0,1.2000000000000002,,,,,,,,,,,,,,,,,,,,,,,,,,,,,,,,,,,,
34757,2019,12,29,0,45,-2.3000000000000003,0,0,0,1.2000000000000002,,,,,,,,,,,,,,,,,,,,,,,,,,,,,,,,,,,,
34758,2019,12,29,1,0,-3.0,0,0,0,1.2000000000000002,,,,,,,,,,,,,,,,,,,,,,,,,,,,,,,,,,,,
34759,2019,12,29,1,15,-3.2,0,0,0,1.2000000000000002,,,,,,,,,,,,,,,,,,,,,,,,,,,,,,,,,,,,
34760,2019,12,29,1,30,-3.3000000000000003,0,0,0,1.2000000000000002,,,,,,,,,,,,,,,,,,,,,,,,,,,,,,,,,,,,
34761,2019,12,29,1,45,-3.5,0,0,0,1.2000000000000002,,,,,,,,,,,,,,,,,,,,,,,,,,,,,,,,,,,,
34762,2019,12,29,2,0,-3.7,0,0,0,1.3,,,,,,,,,,,,,,,,,,,,,,,,,,,,,,,,,,,,
34763,2019,12,29,2,15,-3.7,0,0,0,1.3,,,,,,,,,,,,,,,,,,,,,,,,,,,,,,,,,,,,
34764,2019,12,29,2,30,-3.7,0,0,0,1.3,,,,,,,,,,,,,,,,,,,,,,,,,,,,,,,,,,,,
34765,2019,12,29,2,45,-3.7,0,0,0,1.3,,,,,,,,,,,,,,,,,,,,,,,,,,,,,,,,,,,,
34766,2019,12,29,3,0,-3.7,0,0,0,1.3,,,,,,,,,,,,,,,,,,,,,,,,,,,,,,,,,,,,
34767,2019,12,29,3,15,-3.6,0,0,0,1.3,,,,,,,,,,,,,,,,,,,,,,,,,,,,,,,,,,,,
34768,2019,12,29,3,30,-3.5,0,0,0,1.4,,,,,,,,,,,,,,,,,,,,,,,,,,,,,,,,,,,,
34769,2019,12,29,3,45,-3.4000000000000004,0,0,0,1.4,,,,,,,,,,,,,,,,,,,,,,,,,,,,,,,,,,,,
34770,2019,12,29,4,0,-3.3000000000000003,0,0,0,1.5,,,,,,,,,,,,,,,,,,,,,,,,,,,,,,,,,,,,
34771,2019,12,29,4,15,-3.4000000000000004,0,0,0,1.5,,,,,,,,,,,,,,,,,,,,,,,,,,,,,,,,,,,,
34772,2019,12,29,4,30,-3.4000000000000004,0,0,0,1.5,,,,,,,,,,,,,,,,,,,,,,,,,,,,,,,,,,,,
34773,2019,12,29,4,45,-3.5,0,0,0,1.6,,,,,,,,,,,,,,,,,,,,,,,,,,,,,,,,,,,,
34774,2019,12,29,5,0,-3.6,0,0,0,1.6,,,,,,,,,,,,,,,,,,,,,,,,,,,,,,,,,,,,
34775,2019,12,29,5,15,-3.6,0,0,0,1.6,,,,,,,,,,,,,,,,,,,,,,,,,,,,,,,,,,,,
34776,2019,12,29,5,30,-3.6,0,0,0,1.6,,,,,,,,,,,,,,,,,,,,,,,,,,,,,,,,,,,,
34777,2019,12,29,5,45,-3.6,0,0,0,1.7000000000000002,,,,,,,,,,,,,,,,,,,,,,,,,,,,,,,,,,,,
34778,2019,12,29,6,0,-3.6,0,0,0,1.7000000000000002,,,,,,,,,,,,,,,,,,,,,,,,,,,,,,,,,,,,
34779,2019,12,29,6,15,-3.6,0,0,0,1.7000000000000002,,,,,,,,,,,,,,,,,,,,,,,,,,,,,,,,,,,,
34780,2019,12,29,6,30,-3.6,0,0,0,1.7000000000000002,,,,,,,,,,,,,,,,,,,,,,,,,,,,,,,,,,,,
34781,2019,12,29,6,45,-3.5,0,0,0,1.7000000000000002,,,,,,,,,,,,,,,,,,,,,,,,,,,,,,,,,,,,
34782,2019,12,29,7,0,-3.5,0,0,0,1.7000000000000002,,,,,,,,,,,,,,,,,,,,,,,,,,,,,,,,,,,,
34783,2019,12,29,7,15,-3.4000000000000004,0,0,0,1.8,,,,,,,,,,,,,,,,,,,,,,,,,,,,,,,,,,,,
34784,2019,12,29,7,30,-3.2,0,0,0,1.8,,,,,,,,,,,,,,,,,,,,,,,,,,,,,,,,,,,,
34785,2019,12,29,7,45,-3.1,0,0,0,1.9,,,,,,,,,,,,,,,,,,,,,,,,,,,,,,,,,,,,
34786,2019,12,29,8,0,-3.0,0,0,0,1.9,,,,,,,,,,,,,,,,,,,,,,,,,,,,,,,,,,,,
34787,2019,12,29,8,15,-2.7,0,0,0,2.1,,,,,,,,,,,,,,,,,,,,,,,,,,,,,,,,,,,,
34788,2019,12,29,8,30,-2.4000000000000004,0,0,0,2.2,,,,,,,,,,,,,,,,,,,,,,,,,,,,,,,,,,,,
34789,2019,12,29,8,45,-2.2,2,0,2,2.4000000000000004,,,,,,,,,,,,,,,,,,,,,,,,,,,,,,,,,,,,
34790,2019,12,29,9,0,-1.9,4,0,4,2.5,,,,,,,,,,,,,,,,,,,,,,,,,,,,,,,,,,,,
34791,2019,12,29,9,15,-1.6,5,0,5,2.5,,,,,,,,,,,,,,,,,,,,,,,,,,,,,,,,,,,,
34792,2019,12,29,9,30,-1.3,6,0,6,2.5,,,,,,,,,,,,,,,,,,,,,,,,,,,,,,,,,,,,
34793,2019,12,29,9,45,-1.1,7,0,7,2.5,,,,,,,,,,,,,,,,,,,,,,,,,,,,,,,,,,,,
34794,2019,12,29,10,0,-0.8,37,609,136,2.5,,,,,,,,,,,,,,,,,,,,,,,,,,,,,,,,,,,,
34795,2019,12,29,10,15,-0.4,39,641,157,2.5,,,,,,,,,,,,,,,,,,,,,,,,,,,,,,,,,,,,
34796,2019,12,29,10,30,0.0,41,668,175,2.5,,,,,,,,,,,,,,,,,,,,,,,,,,,,,,,,,,,,
34797,2019,12,29,10,45,0.4,43,692,192,2.5,,,,,,,,,,,,,,,,,,,,,,,,,,,,,,,,,,,,
34798,2019,12,29,11,0,0.8,13,0,13,2.5,,,,,,,,,,,,,,,,,,,,,,,,,,,,,,,,,,,,
34799,2019,12,29,11,15,1.1,10,0,10,2.5,,,,,,,,,,,,,,,,,,,,,,,,,,,,,,,,,,,,
34800,2019,12,29,11,30,1.5,10,0,10,2.5,,,,,,,,,,,,,,,,,,,,,,,,,,,,,,,,,,,,
34801,2019,12,29,11,45,1.8,15,0,15,2.5,,,,,,,,,,,,,,,,,,,,,,,,,,,,,,,,,,,,
34802,2019,12,29,12,0,2.2,15,0,15,2.5,,,,,,,,,,,,,,,,,,,,,,,,,,,,,,,,,,,,
34803,2019,12,29,12,15,2.3000000000000003,47,745,241,2.4000000000000004,,,,,,,,,,,,,,,,,,,,,,,,,,,,,,,,,,,,
34804,2019,12,29,12,30,2.4000000000000004,47,744,240,2.3000000000000003,,,,,,,,,,,,,,,,,,,,,,,,,,,,,,,,,,,,
34805,2019,12,29,12,45,2.5,47,737,236,2.2,,,,,,,,,,,,,,,,,,,,,,,,,,,,,,,,,,,,
34806,2019,12,29,13,0,2.6,10,0,10,2.1,,,,,,,,,,,,,,,,,,,,,,,,,,,,,,,,,,,,
34807,2019,12,29,13,15,2.3000000000000003,46,717,219,1.9,,,,,,,,,,,,,,,,,,,,,,,,,,,,,,,,,,,,
34808,2019,12,29,13,30,2.1,10,0,10,1.6,,,,,,,,,,,,,,,,,,,,,,,,,,,,,,,,,,,,
34809,2019,12,29,13,45,1.8,9,0,9,1.4,,,,,,,,,,,,,,,,,,,,,,,,,,,,,,,,,,,,
34810,2019,12,29,14,0,1.6,11,0,11,1.2000000000000002,,,,,,,,,,,,,,,,,,,,,,,,,,,,,,,,,,,,
34811,2019,12,29,14,15,1.2000000000000002,8,0,8,1.2000000000000002,,,,,,,,,,,,,,,,,,,,,,,,,,,,,,,,,,,,
34812,2019,12,29,14,30,0.9,7,0,7,1.2000000000000002,,,,,,,,,,,,,,,,,,,,,,,,,,,,,,,,,,,,
34813,2019,12,29,14,45,0.6000000000000001,7,0,7,1.2000000000000002,,,,,,,,,,,,,,,,,,,,,,,,,,,,,,,,,,,,
34814,2019,12,29,15,0,0.2,6,0,6,1.2000000000000002,,,,,,,,,,,,,,,,,,,,,,,,,,,,,,,,,,,,
34815,2019,12,29,15,15,0.1,5,0,5,1.3,,,,,,,,,,,,,,,,,,,,,,,,,,,,,,,,,,,,
34816,2019,12,29,15,30,0.1,5,0,5,1.4,,,,,,,,,,,,,,,,,,,,,,,,,,,,,,,,,,,,
34817,2019,12,29,15,45,0.0,3,0,3,1.5,,,,,,,,,,,,,,,,,,,,,,,,,,,,,,,,,,,,
34818,2019,12,29,16,0,-0.1,0,0,0,1.5,,,,,,,,,,,,,,,,,,,,,,,,,,,,,,,,,,,,
34819,2019,12,29,16,15,0.0,0,0,0,1.6,,,,,,,,,,,,,,,,,,,,,,,,,,,,,,,,,,,,
34820,2019,12,29,16,30,0.1,0,0,0,1.7000000000000002,,,,,,,,,,,,,,,,,,,,,,,,,,,,,,,,,,,,
34821,2019,12,29,16,45,0.1,0,0,0,1.8,,,,,,,,,,,,,,,,,,,,,,,,,,,,,,,,,,,,
34822,2019,12,29,17,0,0.2,0,0,0,1.9,,,,,,,,,,,,,,,,,,,,,,,,,,,,,,,,,,,,
34823,2019,12,29,17,15,0.2,0,0,0,2.0,,,,,,,,,,,,,,,,,,,,,,,,,,,,,,,,,,,,
34824,2019,12,29,17,30,0.3,0,0,0,2.1,,,,,,,,,,,,,,,,,,,,,,,,,,,,,,,,,,,,
34825,2019,12,29,17,45,0.3,0,0,0,2.2,,,,,,,,,,,,,,,,,,,,,,,,,,,,,,,,,,,,
34826,2019,12,29,18,0,0.3,0,0,0,2.2,,,,,,,,,,,,,,,,,,,,,,,,,,,,,,,,,,,,
34827,2019,12,29,18,15,0.2,0,0,0,2.3000000000000003,,,,,,,,,,,,,,,,,,,,,,,,,,,,,,,,,,,,
34828,2019,12,29,18,30,0.1,0,0,0,2.3000000000000003,,,,,,,,,,,,,,,,,,,,,,,,,,,,,,,,,,,,
34829,2019,12,29,18,45,-0.1,0,0,0,2.3000000000000003,,,,,,,,,,,,,,,,,,,,,,,,,,,,,,,,,,,,
34830,2019,12,29,19,0,-0.2,0,0,0,2.3000000000000003,,,,,,,,,,,,,,,,,,,,,,,,,,,,,,,,,,,,
34831,2019,12,29,19,15,-0.2,0,0,0,2.4000000000000004,,,,,,,,,,,,,,,,,,,,,,,,,,,,,,,,,,,,
34832,2019,12,29,19,30,-0.2,0,0,0,2.5,,,,,,,,,,,,,,,,,,,,,,,,,,,,,,,,,,,,
34833,2019,12,29,19,45,-0.2,0,0,0,2.5,,,,,,,,,,,,,,,,,,,,,,,,,,,,,,,,,,,,
34834,2019,12,29,20,0,-0.2,0,0,0,2.6,,,,,,,,,,,,,,,,,,,,,,,,,,,,,,,,,,,,
34835,2019,12,29,20,15,-0.1,0,0,0,2.8000000000000003,,,,,,,,,,,,,,,,,,,,,,,,,,,,,,,,,,,,
34836,2019,12,29,20,30,0.0,0,0,0,2.9000000000000004,,,,,,,,,,,,,,,,,,,,,,,,,,,,,,,,,,,,
34837,2019,12,29,20,45,0.2,0,0,0,3.0,,,,,,,,,,,,,,,,,,,,,,,,,,,,,,,,,,,,
34838,2019,12,29,21,0,0.3,0,0,0,3.2,,,,,,,,,,,,,,,,,,,,,,,,,,,,,,,,,,,,
34839,2019,12,29,21,15,0.3,0,0,0,3.2,,,,,,,,,,,,,,,,,,,,,,,,,,,,,,,,,,,,
34840,2019,12,29,21,30,0.3,0,0,0,3.3000000000000003,,,,,,,,,,,,,,,,,,,,,,,,,,,,,,,,,,,,
34841,2019,12,29,21,45,0.3,0,0,0,3.3000000000000003,,,,,,,,,,,,,,,,,,,,,,,,,,,,,,,,,,,,
34842,2019,12,29,22,0,0.3,0,0,0,3.3000000000000003,,,,,,,,,,,,,,,,,,,,,,,,,,,,,,,,,,,,
34843,2019,12,29,22,15,0.3,0,0,0,3.4000000000000004,,,,,,,,,,,,,,,,,,,,,,,,,,,,,,,,,,,,
34844,2019,12,29,22,30,0.3,0,0,0,3.4000000000000004,,,,,,,,,,,,,,,,,,,,,,,,,,,,,,,,,,,,
34845,2019,12,29,22,45,0.2,0,0,0,3.4000000000000004,,,,,,,,,,,,,,,,,,,,,,,,,,,,,,,,,,,,
34846,2019,12,29,23,0,0.2,0,0,0,3.5,,,,,,,,,,,,,,,,,,,,,,,,,,,,,,,,,,,,
34847,2019,12,29,23,15,0.2,0,0,0,3.5,,,,,,,,,,,,,,,,,,,,,,,,,,,,,,,,,,,,
34848,2019,12,29,23,30,0.1,0,0,0,3.5,,,,,,,,,,,,,,,,,,,,,,,,,,,,,,,,,,,,
34849,2019,12,29,23,45,0.1,0,0,0,3.5,,,,,,,,,,,,,,,,,,,,,,,,,,,,,,,,,,,,
34850,2019,12,30,0,0,0.0,0,0,0,3.6,,,,,,,,,,,,,,,,,,,,,,,,,,,,,,,,,,,,
34851,2019,12,30,0,15,0.0,0,0,0,3.6,,,,,,,,,,,,,,,,,,,,,,,,,,,,,,,,,,,,
34852,2019,12,30,0,30,0.0,0,0,0,3.6,,,,,,,,,,,,,,,,,,,,,,,,,,,,,,,,,,,,
34853,2019,12,30,0,45,0.0,0,0,0,3.6,,,,,,,,,,,,,,,,,,,,,,,,,,,,,,,,,,,,
34854,2019,12,30,1,0,-0.5,0,0,0,3.4000000000000004,,,,,,,,,,,,,,,,,,,,,,,,,,,,,,,,,,,,
34855,2019,12,30,1,15,-0.5,0,0,0,3.5,,,,,,,,,,,,,,,,,,,,,,,,,,,,,,,,,,,,
34856,2019,12,30,1,30,-0.5,0,0,0,3.6,,,,,,,,,,,,,,,,,,,,,,,,,,,,,,,,,,,,
34857,2019,12,30,1,45,-0.5,0,0,0,3.6,,,,,,,,,,,,,,,,,,,,,,,,,,,,,,,,,,,,
34858,2019,12,30,2,0,-0.6000000000000001,0,0,0,3.7,,,,,,,,,,,,,,,,,,,,,,,,,,,,,,,,,,,,
34859,2019,12,30,2,15,-0.6000000000000001,0,0,0,3.7,,,,,,,,,,,,,,,,,,,,,,,,,,,,,,,,,,,,
34860,2019,12,30,2,30,-0.6000000000000001,0,0,0,3.7,,,,,,,,,,,,,,,,,,,,,,,,,,,,,,,,,,,,
34861,2019,12,30,2,45,-0.6000000000000001,0,0,0,3.7,,,,,,,,,,,,,,,,,,,,,,,,,,,,,,,,,,,,
34862,2019,12,30,3,0,-0.6000000000000001,0,0,0,3.8,,,,,,,,,,,,,,,,,,,,,,,,,,,,,,,,,,,,
34863,2019,12,30,3,15,-0.6000000000000001,0,0,0,3.8,,,,,,,,,,,,,,,,,,,,,,,,,,,,,,,,,,,,
34864,2019,12,30,3,30,-0.7000000000000001,0,0,0,3.8,,,,,,,,,,,,,,,,,,,,,,,,,,,,,,,,,,,,
34865,2019,12,30,3,45,-0.7000000000000001,0,0,0,3.7,,,,,,,,,,,,,,,,,,,,,,,,,,,,,,,,,,,,
34866,2019,12,30,4,0,-0.7000000000000001,0,0,0,3.7,,,,,,,,,,,,,,,,,,,,,,,,,,,,,,,,,,,,
34867,2019,12,30,4,15,-0.7000000000000001,0,0,0,3.8,,,,,,,,,,,,,,,,,,,,,,,,,,,,,,,,,,,,
34868,2019,12,30,4,30,-0.7000000000000001,0,0,0,3.8,,,,,,,,,,,,,,,,,,,,,,,,,,,,,,,,,,,,
34869,2019,12,30,4,45,-0.7000000000000001,0,0,0,3.8,,,,,,,,,,,,,,,,,,,,,,,,,,,,,,,,,,,,
34870,2019,12,30,5,0,-0.7000000000000001,0,0,0,3.8,,,,,,,,,,,,,,,,,,,,,,,,,,,,,,,,,,,,
34871,2019,12,30,5,15,-0.6000000000000001,0,0,0,3.8,,,,,,,,,,,,,,,,,,,,,,,,,,,,,,,,,,,,
34872,2019,12,30,5,30,-0.6000000000000001,0,0,0,3.9,,,,,,,,,,,,,,,,,,,,,,,,,,,,,,,,,,,,
34873,2019,12,30,5,45,-0.6000000000000001,0,0,0,3.9,,,,,,,,,,,,,,,,,,,,,,,,,,,,,,,,,,,,
34874,2019,12,30,6,0,-0.6000000000000001,0,0,0,3.9,,,,,,,,,,,,,,,,,,,,,,,,,,,,,,,,,,,,
34875,2019,12,30,6,15,-0.5,0,0,0,4.0,,,,,,,,,,,,,,,,,,,,,,,,,,,,,,,,,,,,
34876,2019,12,30,6,30,-0.5,0,0,0,4.0,,,,,,,,,,,,,,,,,,,,,,,,,,,,,,,,,,,,
34877,2019,12,30,6,45,-0.5,0,0,0,4.0,,,,,,,,,,,,,,,,,,,,,,,,,,,,,,,,,,,,
34878,2019,12,30,7,0,-0.5,0,0,0,4.1000000000000005,,,,,,,,,,,,,,,,,,,,,,,,,,,,,,,,,,,,
34879,2019,12,30,7,15,-0.5,0,0,0,4.1000000000000005,,,,,,,,,,,,,,,,,,,,,,,,,,,,,,,,,,,,
34880,2019,12,30,7,30,-0.5,0,0,0,4.1000000000000005,,,,,,,,,,,,,,,,,,,,,,,,,,,,,,,,,,,,
34881,2019,12,30,7,45,-0.5,0,0,0,4.1000000000000005,,,,,,,,,,,,,,,,,,,,,,,,,,,,,,,,,,,,
34882,2019,12,30,8,0,-0.5,0,0,0,4.1000000000000005,,,,,,,,,,,,,,,,,,,,,,,,,,,,,,,,,,,,
34883,2019,12,30,8,15,-0.2,0,0,0,4.2,,,,,,,,,,,,,,,,,,,,,,,,,,,,,,,,,,,,
34884,2019,12,30,8,30,0.0,0,0,0,4.3,,,,,,,,,,,,,,,,,,,,,,,,,,,,,,,,,,,,
34885,2019,12,30,8,45,0.2,3,0,3,4.4,,,,,,,,,,,,,,,,,,,,,,,,,,,,,,,,,,,,
34886,2019,12,30,9,0,0.5,5,0,5,4.5,,,,,,,,,,,,,,,,,,,,,,,,,,,,,,,,,,,,
34887,2019,12,30,9,15,0.9,5,0,5,4.6000000000000005,,,,,,,,,,,,,,,,,,,,,,,,,,,,,,,,,,,,
34888,2019,12,30,9,30,1.3,6,0,6,4.6000000000000005,,,,,,,,,,,,,,,,,,,,,,,,,,,,,,,,,,,,
34889,2019,12,30,9,45,1.7000000000000002,7,0,7,4.6000000000000005,,,,,,,,,,,,,,,,,,,,,,,,,,,,,,,,,,,,
34890,2019,12,30,10,0,2.1,7,0,7,4.6000000000000005,,,,,,,,,,,,,,,,,,,,,,,,,,,,,,,,,,,,
34891,2019,12,30,10,15,2.5,8,0,8,4.7,,,,,,,,,,,,,,,,,,,,,,,,,,,,,,,,,,,,
34892,2019,12,30,10,30,2.9000000000000004,11,0,11,4.7,,,,,,,,,,,,,,,,,,,,,,,,,,,,,,,,,,,,
34893,2019,12,30,10,45,3.4000000000000004,12,0,12,4.7,,,,,,,,,,,,,,,,,,,,,,,,,,,,,,,,,,,,
34894,2019,12,30,11,0,3.8,13,0,13,4.7,,,,,,,,,,,,,,,,,,,,,,,,,,,,,,,,,,,,
34895,2019,12,30,11,15,4.1000000000000005,14,0,14,4.7,,,,,,,,,,,,,,,,,,,,,,,,,,,,,,,,,,,,
34896,2019,12,30,11,30,4.4,14,0,14,4.7,,,,,,,,,,,,,,,,,,,,,,,,,,,,,,,,,,,,
34897,2019,12,30,11,45,4.7,15,0,15,4.7,,,,,,,,,,,,,,,,,,,,,,,,,,,,,,,,,,,,
34898,2019,12,30,12,0,5.1000000000000005,15,0,15,4.7,,,,,,,,,,,,,,,,,,,,,,,,,,,,,,,,,,,,
34899,2019,12,30,12,15,5.2,15,0,15,4.6000000000000005,,,,,,,,,,,,,,,,,,,,,,,,,,,,,,,,,,,,
34900,2019,12,30,12,30,5.300000000000001,15,0,15,4.6000000000000005,,,,,,,,,,,,,,,,,,,,,,,,,,,,,,,,,,,,
34901,2019,12,30,12,45,5.4,49,727,235,4.6000000000000005,,,,,,,,,,,,,,,,,,,,,,,,,,,,,,,,,,,,
34902,2019,12,30,13,0,5.4,15,0,15,4.6000000000000005,,,,,,,,,,,,,,,,,,,,,,,,,,,,,,,,,,,,
34903,2019,12,30,13,15,5.300000000000001,14,0,14,4.5,,,,,,,,,,,,,,,,,,,,,,,,,,,,,,,,,,,,
34904,2019,12,30,13,30,5.1000000000000005,13,0,13,4.5,,,,,,,,,,,,,,,,,,,,,,,,,,,,,,,,,,,,
34905,2019,12,30,13,45,5.0,12,0,12,4.4,,,,,,,,,,,,,,,,,,,,,,,,,,,,,,,,,,,,
34906,2019,12,30,14,0,4.800000000000001,11,0,11,4.4,,,,,,,,,,,,,,,,,,,,,,,,,,,,,,,,,,,,
34907,2019,12,30,14,15,4.4,41,638,160,4.4,,,,,,,,,,,,,,,,,,,,,,,,,,,,,,,,,,,,
34908,2019,12,30,14,30,4.0,38,606,140,4.3,,,,,,,,,,,,,,,,,,,,,,,,,,,,,,,,,,,,
34909,2019,12,30,14,45,3.6,7,0,7,4.3,,,,,,,,,,,,,,,,,,,,,,,,,,,,,,,,,,,,
34910,2019,12,30,15,0,3.2,6,0,6,4.3,,,,,,,,,,,,,,,,,,,,,,,,,,,,,,,,,,,,
34911,2019,12,30,15,15,3.0,5,0,5,4.3,,,,,,,,,,,,,,,,,,,,,,,,,,,,,,,,,,,,
34912,2019,12,30,15,30,2.7,4,0,4,4.4,,,,,,,,,,,,,,,,,,,,,,,,,,,,,,,,,,,,
34913,2019,12,30,15,45,2.4000000000000004,3,0,3,4.5,,,,,,,,,,,,,,,,,,,,,,,,,,,,,,,,,,,,
34914,2019,12,30,16,0,2.1,0,0,0,4.5,,,,,,,,,,,,,,,,,,,,,,,,,,,,,,,,,,,,
34915,2019,12,30,16,15,2.0,0,0,0,4.6000000000000005,,,,,,,,,,,,,,,,,,,,,,,,,,,,,,,,,,,,
34916,2019,12,30,16,30,1.9,0,0,0,4.6000000000000005,,,,,,,,,,,,,,,,,,,,,,,,,,,,,,,,,,,,
34917,2019,12,30,16,45,1.8,0,0,0,4.7,,,,,,,,,,,,,,,,,,,,,,,,,,,,,,,,,,,,
34918,2019,12,30,17,0,1.7000000000000002,0,0,0,4.7,,,,,,,,,,,,,,,,,,,,,,,,,,,,,,,,,,,,
34919,2019,12,30,17,15,1.6,0,0,0,4.7,,,,,,,,,,,,,,,,,,,,,,,,,,,,,,,,,,,,
34920,2019,12,30,17,30,1.4,0,0,0,4.7,,,,,,,,,,,,,,,,,,,,,,,,,,,,,,,,,,,,
34921,2019,12,30,17,45,1.3,0,0,0,4.7,,,,,,,,,,,,,,,,,,,,,,,,,,,,,,,,,,,,
34922,2019,12,30,18,0,1.1,0,0,0,4.7,,,,,,,,,,,,,,,,,,,,,,,,,,,,,,,,,,,,
34923,2019,12,30,18,15,1.0,0,0,0,4.7,,,,,,,,,,,,,,,,,,,,,,,,,,,,,,,,,,,,
34924,2019,12,30,18,30,0.9,0,0,0,4.800000000000001,,,,,,,,,,,,,,,,,,,,,,,,,,,,,,,,,,,,
34925,2019,12,30,18,45,0.8,0,0,0,4.800000000000001,,,,,,,,,,,,,,,,,,,,,,,,,,,,,,,,,,,,
34926,2019,12,30,19,0,0.7000000000000001,0,0,0,4.800000000000001,,,,,,,,,,,,,,,,,,,,,,,,,,,,,,,,,,,,
34927,2019,12,30,19,15,0.6000000000000001,0,0,0,4.800000000000001,,,,,,,,,,,,,,,,,,,,,,,,,,,,,,,,,,,,
34928,2019,12,30,19,30,0.5,0,0,0,4.800000000000001,,,,,,,,,,,,,,,,,,,,,,,,,,,,,,,,,,,,
34929,2019,12,30,19,45,0.5,0,0,0,4.9,,,,,,,,,,,,,,,,,,,,,,,,,,,,,,,,,,,,
34930,2019,12,30,20,0,0.4,0,0,0,4.9,,,,,,,,,,,,,,,,,,,,,,,,,,,,,,,,,,,,
34931,2019,12,30,20,15,0.3,0,0,0,4.9,,,,,,,,,,,,,,,,,,,,,,,,,,,,,,,,,,,,
34932,2019,12,30,20,30,0.3,0,0,0,4.9,,,,,,,,,,,,,,,,,,,,,,,,,,,,,,,,,,,,
34933,2019,12,30,20,45,0.2,0,0,0,4.9,,,,,,,,,,,,,,,,,,,,,,,,,,,,,,,,,,,,
34934,2019,12,30,21,0,0.2,0,0,0,5.0,,,,,,,,,,,,,,,,,,,,,,,,,,,,,,,,,,,,
34935,2019,12,30,21,15,0.1,0,0,0,5.0,,,,,,,,,,,,,,,,,,,,,,,,,,,,,,,,,,,,
34936,2019,12,30,21,30,0.1,0,0,0,5.0,,,,,,,,,,,,,,,,,,,,,,,,,,,,,,,,,,,,
34937,2019,12,30,21,45,0.1,0,0,0,5.0,,,,,,,,,,,,,,,,,,,,,,,,,,,,,,,,,,,,
34938,2019,12,30,22,0,0.0,0,0,0,5.0,,,,,,,,,,,,,,,,,,,,,,,,,,,,,,,,,,,,
34939,2019,12,30,22,15,0.0,0,0,0,5.0,,,,,,,,,,,,,,,,,,,,,,,,,,,,,,,,,,,,
34940,2019,12,30,22,30,0.0,0,0,0,5.0,,,,,,,,,,,,,,,,,,,,,,,,,,,,,,,,,,,,
34941,2019,12,30,22,45,0.0,0,0,0,5.0,,,,,,,,,,,,,,,,,,,,,,,,,,,,,,,,,,,,
34942,2019,12,30,23,0,0.0,0,0,0,5.0,,,,,,,,,,,,,,,,,,,,,,,,,,,,,,,,,,,,
34943,2019,12,30,23,15,-0.1,0,0,0,5.0,,,,,,,,,,,,,,,,,,,,,,,,,,,,,,,,,,,,
34944,2019,12,30,23,30,-0.1,0,0,0,4.9,,,,,,,,,,,,,,,,,,,,,,,,,,,,,,,,,,,,
34945,2019,12,30,23,45,-0.1,0,0,0,4.9,,,,,,,,,,,,,,,,,,,,,,,,,,,,,,,,,,,,
34946,2019,12,31,0,0,-0.1,0,0,0,4.9,,,,,,,,,,,,,,,,,,,,,,,,,,,,,,,,,,,,
34947,2019,12,31,0,15,-0.1,0,0,0,4.9,,,,,,,,,,,,,,,,,,,,,,,,,,,,,,,,,,,,
34948,2019,12,31,0,30,-0.1,0,0,0,4.9,,,,,,,,,,,,,,,,,,,,,,,,,,,,,,,,,,,,
34949,2019,12,31,0,45,-0.1,0,0,0,4.9,,,,,,,,,,,,,,,,,,,,,,,,,,,,,,,,,,,,
34950,2019,12,31,1,0,-0.2,0,0,0,4.7,,,,,,,,,,,,,,,,,,,,,,,,,,,,,,,,,,,,
34951,2019,12,31,1,15,-0.1,0,0,0,4.7,,,,,,,,,,,,,,,,,,,,,,,,,,,,,,,,,,,,
34952,2019,12,31,1,30,-0.1,0,0,0,4.7,,,,,,,,,,,,,,,,,,,,,,,,,,,,,,,,,,,,
34953,2019,12,31,1,45,-0.1,0,0,0,4.7,,,,,,,,,,,,,,,,,,,,,,,,,,,,,,,,,,,,
34954,2019,12,31,2,0,0.0,0,0,0,4.6000000000000005,,,,,,,,,,,,,,,,,,,,,,,,,,,,,,,,,,,,
34955,2019,12,31,2,15,0.1,0,0,0,4.6000000000000005,,,,,,,,,,,,,,,,,,,,,,,,,,,,,,,,,,,,
34956,2019,12,31,2,30,0.3,0,0,0,4.6000000000000005,,,,,,,,,,,,,,,,,,,,,,,,,,,,,,,,,,,,
34957,2019,12,31,2,45,0.5,0,0,0,4.6000000000000005,,,,,,,,,,,,,,,,,,,,,,,,,,,,,,,,,,,,
34958,2019,12,31,3,0,0.6000000000000001,0,0,0,4.6000000000000005,,,,,,,,,,,,,,,,,,,,,,,,,,,,,,,,,,,,
34959,2019,12,31,3,15,0.7000000000000001,0,0,0,4.6000000000000005,,,,,,,,,,,,,,,,,,,,,,,,,,,,,,,,,,,,
34960,2019,12,31,3,30,0.8,0,0,0,4.6000000000000005,,,,,,,,,,,,,,,,,,,,,,,,,,,,,,,,,,,,
34961,2019,12,31,3,45,0.9,0,0,0,4.5,,,,,,,,,,,,,,,,,,,,,,,,,,,,,,,,,,,,
34962,2019,12,31,4,0,1.0,0,0,0,4.5,,,,,,,,,,,,,,,,,,,,,,,,,,,,,,,,,,,,
34963,2019,12,31,4,15,1.2000000000000002,0,0,0,4.5,,,,,,,,,,,,,,,,,,,,,,,,,,,,,,,,,,,,
34964,2019,12,31,4,30,1.3,0,0,0,4.5,,,,,,,,,,,,,,,,,,,,,,,,,,,,,,,,,,,,
34965,2019,12,31,4,45,1.5,0,0,0,4.5,,,,,,,,,,,,,,,,,,,,,,,,,,,,,,,,,,,,
34966,2019,12,31,5,0,1.6,0,0,0,4.6000000000000005,,,,,,,,,,,,,,,,,,,,,,,,,,,,,,,,,,,,
34967,2019,12,31,5,15,1.7000000000000002,0,0,0,4.5,,,,,,,,,,,,,,,,,,,,,,,,,,,,,,,,,,,,
34968,2019,12,31,5,30,1.9,0,0,0,4.5,,,,,,,,,,,,,,,,,,,,,,,,,,,,,,,,,,,,
34969,2019,12,31,5,45,2.0,0,0,0,4.5,,,,,,,,,,,,,,,,,,,,,,,,,,,,,,,,,,,,
34970,2019,12,31,6,0,2.1,0,0,0,4.5,,,,,,,,,,,,,,,,,,,,,,,,,,,,,,,,,,,,
34971,2019,12,31,6,15,2.2,0,0,0,4.4,,,,,,,,,,,,,,,,,,,,,,,,,,,,,,,,,,,,
34972,2019,12,31,6,30,2.2,0,0,0,4.3,,,,,,,,,,,,,,,,,,,,,,,,,,,,,,,,,,,,
34973,2019,12,31,6,45,2.3000000000000003,0,0,0,4.3,,,,,,,,,,,,,,,,,,,,,,,,,,,,,,,,,,,,
34974,2019,12,31,7,0,2.3000000000000003,0,0,0,4.2,,,,,,,,,,,,,,,,,,,,,,,,,,,,,,,,,,,,
34975,2019,12,31,7,15,2.4000000000000004,0,0,0,4.2,,,,,,,,,,,,,,,,,,,,,,,,,,,,,,,,,,,,
34976,2019,12,31,7,30,2.5,0,0,0,4.2,,,,,,,,,,,,,,,,,,,,,,,,,,,,,,,,,,,,
34977,2019,12,31,7,45,2.6,0,0,0,4.2,,,,,,,,,,,,,,,,,,,,,,,,,,,,,,,,,,,,
34978,2019,12,31,8,0,2.6,0,0,0,4.2,,,,,,,,,,,,,,,,,,,,,,,,,,,,,,,,,,,,
34979,2019,12,31,8,15,2.8000000000000003,0,0,0,4.2,,,,,,,,,,,,,,,,,,,,,,,,,,,,,,,,,,,,
34980,2019,12,31,8,30,2.9000000000000004,0,0,0,4.1000000000000005,,,,,,,,,,,,,,,,,,,,,,,,,,,,,,,,,,,,
34981,2019,12,31,8,45,3.0,3,0,3,4.1000000000000005,,,,,,,,,,,,,,,,,,,,,,,,,,,,,,,,,,,,
34982,2019,12,31,9,0,3.1,5,0,5,4.1000000000000005,,,,,,,,,,,,,,,,,,,,,,,,,,,,,,,,,,,,
34983,2019,12,31,9,15,3.3000000000000003,6,0,6,4.2,,,,,,,,,,,,,,,,,,,,,,,,,,,,,,,,,,,,
34984,2019,12,31,9,30,3.5,6,0,6,4.2,,,,,,,,,,,,,,,,,,,,,,,,,,,,,,,,,,,,
34985,2019,12,31,9,45,3.7,7,0,7,4.2,,,,,,,,,,,,,,,,,,,,,,,,,,,,,,,,,,,,
34986,2019,12,31,10,0,3.8,8,0,8,4.3,,,,,,,,,,,,,,,,,,,,,,,,,,,,,,,,,,,,
34987,2019,12,31,10,15,4.1000000000000005,8,0,8,4.3,,,,,,,,,,,,,,,,,,,,,,,,,,,,,,,,,,,,
34988,2019,12,31,10,30,4.3,11,0,11,4.4,,,,,,,,,,,,,,,,,,,,,,,,,,,,,,,,,,,,
34989,2019,12,31,10,45,4.5,9,0,9,4.4,,,,,,,,,,,,,,,,,,,,,,,,,,,,,,,,,,,,
34990,2019,12,31,11,0,4.7,10,0,10,4.4,,,,,,,,,,,,,,,,,,,,,,,,,,,,,,,,,,,,
34991,2019,12,31,11,15,4.800000000000001,10,0,10,4.5,,,,,,,,,,,,,,,,,,,,,,,,,,,,,,,,,,,,
34992,2019,12,31,11,30,5.0,61,678,230,4.5,,,,,,,,,,,,,,,,,,,,,,,,,,,,,,,,,,,,
34993,2019,12,31,11,45,5.2,63,676,237,4.5,,,,,,,,,,,,,,,,,,,,,,,,,,,,,,,,,,,,
34994,2019,12,31,12,0,5.300000000000001,16,0,16,4.5,,,,,,,,,,,,,,,,,,,,,,,,,,,,,,,,,,,,
34995,2019,12,31,12,15,5.4,16,0,16,4.4,,,,,,,,,,,,,,,,,,,,,,,,,,,,,,,,,,,,
34996,2019,12,31,12,30,5.5,16,0,16,4.3,,,,,,,,,,,,,,,,,,,,,,,,,,,,,,,,,,,,
34997,2019,12,31,12,45,5.5,16,0,16,4.2,,,,,,,,,,,,,,,,,,,,,,,,,,,,,,,,,,,,
34998,2019,12,31,13,0,5.6000000000000005,15,0,15,4.1000000000000005,,,,,,,,,,,,,,,,,,,,,,,,,,,,,,,,,,,,
34999,2019,12,31,13,15,5.5,58,681,224,3.9,,,,,,,,,,,,,,,,,,,,,,,,,,,,,,,,,,,,
35000,2019,12,31,13,30,5.300000000000001,57,667,212,3.7,,,,,,,,,,,,,,,,,,,,,,,,,,,,,,,,,,,,
35001,2019,12,31,13,45,5.2,55,651,198,3.5,,,,,,,,,,,,,,,,,,,,,,,,,,,,,,,,,,,,
35002,2019,12,31,14,0,5.1000000000000005,53,627,182,3.3000000000000003,,,,,,,,,,,,,,,,,,,,,,,,,,,,,,,,,,,,
35003,2019,12,31,14,15,4.6000000000000005,50,599,163,3.2,,,,,,,,,,,,,,,,,,,,,,,,,,,,,,,,,,,,
35004,2019,12,31,14,30,4.2,47,564,143,3.0,,,,,,,,,,,,,,,,,,,,,,,,,,,,,,,,,,,,
35005,2019,12,31,14,45,3.7,44,519,120,2.9000000000000004,,,,,,,,,,,,,,,,,,,,,,,,,,,,,,,,,,,,
35006,2019,12,31,15,0,3.3000000000000003,39,466,98,2.7,,,,,,,,,,,,,,,,,,,,,,,,,,,,,,,,,,,,
35007,2019,12,31,15,15,2.9000000000000004,34,400,74,2.7,,,,,,,,,,,,,,,,,,,,,,,,,,,,,,,,,,,,
35008,2019,12,31,15,30,2.6,28,317,51,2.6,,,,,,,,,,,,,,,,,,,,,,,,,,,,,,,,,,,,
35009,2019,12,31,15,45,2.2,21,216,31,2.6,,,,,,,,,,,,,,,,,,,,,,,,,,,,,,,,,,,,
35010,2019,12,31,16,0,1.9,13,99,15,2.6,,,,,,,,,,,,,,,,,,,,,,,,,,,,,,,,,,,,
35011,2019,12,31,16,15,1.8,0,0,0,2.6,,,,,,,,,,,,,,,,,,,,,,,,,,,,,,,,,,,,
35012,2019,12,31,16,30,1.8,0,0,0,2.6,,,,,,,,,,,,,,,,,,,,,,,,,,,,,,,,,,,,
35013,2019,12,31,16,45,1.8,0,0,0,2.6,,,,,,,,,,,,,,,,,,,,,,,,,,,,,,,,,,,,
35014,2019,12,31,17,0,1.7000000000000002,0,0,0,2.6,,,,,,,,,,,,,,,,,,,,,,,,,,,,,,,,,,,,
35015,2019,12,31,17,15,1.8,0,0,0,2.6,,,,,,,,,,,,,,,,,,,,,,,,,,,,,,,,,,,,
35016,2019,12,31,17,30,1.9,0,0,0,2.6,,,,,,,,,,,,,,,,,,,,,,,,,,,,,,,,,,,,
35017,2019,12,31,17,45,2.0,0,0,0,2.7,,,,,,,,,,,,,,,,,,,,,,,,,,,,,,,,,,,,
35018,2019,12,31,18,0,2.1,0,0,0,2.7,,,,,,,,,,,,,,,,,,,,,,,,,,,,,,,,,,,,
35019,2019,12,31,18,15,2.1,0,0,0,2.7,,,,,,,,,,,,,,,,,,,,,,,,,,,,,,,,,,,,
35020,2019,12,31,18,30,2.1,0,0,0,2.7,,,,,,,,,,,,,,,,,,,,,,,,,,,,,,,,,,,,
35021,2019,12,31,18,45,2.1,0,0,0,2.7,,,,,,,,,,,,,,,,,,,,,,,,,,,,,,,,,,,,
35022,2019,12,31,19,0,2.2,0,0,0,2.7,,,,,,,,,,,,,,,,,,,,,,,,,,,,,,,,,,,,
35023,2019,12,31,19,15,2.2,0,0,0,2.7,,,,,,,,,,,,,,,,,,,,,,,,,,,,,,,,,,,,
35024,2019,12,31,19,30,2.1,0,0,0,2.7,,,,,,,,,,,,,,,,,,,,,,,,,,,,,,,,,,,,
35025,2019,12,31,19,45,2.1,0,0,0,2.7,,,,,,,,,,,,,,,,,,,,,,,,,,,,,,,,,,,,
35026,2019,12,31,20,0,2.1,0,0,0,2.7,,,,,,,,,,,,,,,,,,,,,,,,,,,,,,,,,,,,
35027,2019,12,31,20,15,2.1,0,0,0,2.7,,,,,,,,,,,,,,,,,,,,,,,,,,,,,,,,,,,,
35028,2019,12,31,20,30,2.0,0,0,0,2.7,,,,,,,,,,,,,,,,,,,,,,,,,,,,,,,,,,,,
35029,2019,12,31,20,45,2.0,0,0,0,2.7,,,,,,,,,,,,,,,,,,,,,,,,,,,,,,,,,,,,
35030,2019,12,31,21,0,2.0,0,0,0,2.7,,,,,,,,,,,,,,,,,,,,,,,,,,,,,,,,,,,,
35031,2019,12,31,21,15,1.9,0,0,0,2.7,,,,,,,,,,,,,,,,,,,,,,,,,,,,,,,,,,,,
35032,2019,12,31,21,30,1.8,0,0,0,2.7,,,,,,,,,,,,,,,,,,,,,,,,,,,,,,,,,,,,
35033,2019,12,31,21,45,1.8,0,0,0,2.7,,,,,,,,,,,,,,,,,,,,,,,,,,,,,,,,,,,,
35034,2019,12,31,22,0,1.7000000000000002,0,0,0,2.6,,,,,,,,,,,,,,,,,,,,,,,,,,,,,,,,,,,,
35035,2019,12,31,22,15,1.6,0,0,0,2.6,,,,,,,,,,,,,,,,,,,,,,,,,,,,,,,,,,,,
35036,2019,12,31,22,30,1.6,0,0,0,2.6,,,,,,,,,,,,,,,,,,,,,,,,,,,,,,,,,,,,
35037,2019,12,31,22,45,1.5,0,0,0,2.6,,,,,,,,,,,,,,,,,,,,,,,,,,,,,,,,,,,,
35038,2019,12,31,23,0,1.5,0,0,0,2.6,,,,,,,,,,,,,,,,,,,,,,,,,,,,,,,,,,,,
35039,2019,12,31,23,15,1.5,0,0,0,2.6,,,,,,,,,,,,,,,,,,,,,,,,,,,,,,,,,,,,
35040,2019,12,31,23,30,1.4,0,0,0,2.6,,,,,,,,,,,,,,,,,,,,,,,,,,,,,,,,,,,,
35041,2019,12,31,23,45,1.4,0,0,0,2.6,,,,,,,,,,,,,,,,,,,,,,,,,,,,,,,,,,,,
